0 0
1 0
2 0
3 0
4 0
5 0
6 0
7 0
8 0
9 0
10 0
11 0
12 0
13 0
14 0
15 0
16 1
17 0
18 0
19 0
20 0
21 0
22 0
23 0
24 0
25 0
26 0
27 0
28 0
29 0
30 0
31 0
32 0
33 0
34 1
35 0
36 0
37 0
38 0
39 0
40 0
41 0
42 0
43 0
44 0
45 0
46 0
47 0
48 0
49 0
50 0
51 0
52 0
53 0
54 0
55 0
56 0
57 0
58 0
59 0
60 0
61 0
62 0
63 0
64 0
65 0
66 0
67 0
68 0
69 0
70 0
71 0
72 0
73 0
74 0
75 0
76 1
77 0
78 1
79 0
80 0
81 0
82 0
83 0
84 1
85 0
86 0
87 0
88 0
89 0
90 0
91 0
92 0
93 0
94 0
95 0
96 0
97 0
98 1
99 0
100 0
101 0
102 0
103 0
104 0
105 0
106 0
107 0
108 0
109 0
110 0
111 0
112 0
113 0
114 0
115 0
116 0
117 0
118 0
119 0
120 0
121 0
122 0
123 0
124 0
125 0
126 0
127 0
128 0
129 0
130 0
131 0
132 0
133 0
134 0
135 0
136 1
137 0
138 0
139 1
140 2
141 0
142 2
143 3
144 6
145 12
146 26
147 54
148 88
149 141
150 262
151 318
152 377
153 502
154 574
155 799
156 1066
157 1913
158 3544
159 5674
160 8174
161 10562
162 12363
163 14033
164 15896
165 17413
166 19372
167 21256
168 23169
169 25636
170 27259
171 29391
172 31108
173 32751
174 34659
175 35414
176 36923
177 36280
178 36927
179 36701
180 36235
181 34661
182 33859
183 32135
184 30221
185 28522
186 26715
187 24414
188 22957
189 20857
190 18946
191 17107
192 15743
193 14362
194 13014
195 11997
196 10849
197 10116
198 9330
199 8651
200 8292
201 7717
202 7498
203 7302
204 6924
205 6832
206 6614
207 6433
208 6613
209 6382
210 6419
211 6341
212 6397
213 6269
214 6094
215 6174
216 6146
217 6135
218 5994
219 6067
220 5952
221 5921
222 5865
223 5643
224 5875
225 5738
226 5775
227 5752
228 5812
229 5710
230 5631
231 5719
232 5655
233 5555
234 5771
235 5562
236 5707
237 5681
238 5545
239 5837
240 5770
241 5759
242 5737
243 5673
244 5739
245 5846
246 5699
247 5621
248 5780
249 5783
250 5915
251 5748
252 5744
253 5872
254 5715
255 5775
256 5770
257 5860
258 5696
259 5777
260 5794
261 5724
262 5852
263 5701
264 5722
265 5819
266 5707
267 5606
268 5704
269 5841
270 5649
271 5697
272 5711
273 5678
274 5789
275 5812
276 5797
277 5637
278 5752
279 5651
280 5779
281 5697
282 5566
283 5763
284 5595
285 5620
286 5687
287 5637
288 5659
289 5604
290 5574
291 5536
292 5657
293 5617
294 5646
295 5521
296 5630
297 5543
298 5547
299 5461
300 5569
301 5457
302 5492
303 5571
304 5515
305 5430
306 5378
307 5487
308 5476
309 5406
310 5396
311 5372
312 5233
313 5402
314 5425
315 5347
316 5243
317 5349
318 5231
319 5185
320 5153
321 5202
322 5199
323 5181
324 5142
325 5132
326 5125
327 5172
328 5055
329 5058
330 5120
331 5075
332 5187
333 4955
334 4841
335 5017
336 4932
337 4787
338 4934
339 4903
340 4794
341 4897
342 4761
343 4832
344 4743
345 4670
346 4765
347 4702
348 4690
349 4654
350 4698
351 4585
352 4528
353 4668
354 4425
355 4582
356 4615
357 4408
358 4429
359 4446
360 4433
361 4390
362 4241
363 4256
364 4434
365 4177
366 4217
367 4200
368 4129
369 4239
370 4103
371 4148
372 4053
373 4048
374 4091
375 4066
376 4004
377 4038
378 3962
379 3841
380 3846
381 3853
382 3823
383 3848
384 3797
385 3717
386 3684
387 3690
388 3665
389 3618
390 3649
391 3626
392 3499
393 3514
394 3539
395 3313
396 3415
397 3443
398 3399
399 3326
400 3293
401 3228
402 3317
403 3240
404 3227
405 3141
406 3199
407 3148
408 3004
409 3103
410 3056
411 2955
412 2974
413 2938
414 2958
415 2933
416 2899
417 2785
418 2756
419 2727
420 2742
421 2720
422 2771
423 2644
424 2632
425 2564
426 2634
427 2521
428 2592
429 2531
430 2567
431 2456
432 2510
433 2436
434 2405
435 2320
436 2426
437 2394
438 2277
439 2423
440 2359
441 2284
442 2237
443 2262
444 2141
445 2106
446 2177
447 2084
448 2071
449 2110
450 2079
451 2032
452 1990
453 1998
454 1966
455 1965
456 1909
457 1957
458 1896
459 1852
460 1831
461 1870
462 1843
463 1815
464 1801
465 1731
466 1731
467 1701
468 1727
469 1655
470 1652
471 1628
472 1618
473 1519
474 1580
475 1568
476 1521
477 1512
478 1514
479 1493
480 1453
481 1410
482 1359
483 1459
484 1452
485 1345
486 1372
487 1356
488 1320
489 1324
490 1260
491 1268
492 1276
493 1263
494 1208
495 1222
496 1182
497 1254
498 1203
499 1182
500 1134
501 1144
502 1149
503 1079
504 1107
505 1063
506 1042
507 1053
508 1016
509 958
510 992
511 979
512 942
513 998
514 928
515 929
516 890
517 901
518 916
519 868
520 837
521 771
522 839
523 867
524 841
525 873
526 848
527 787
528 749
529 781
530 752
531 752
532 755
533 771
534 722
535 759
536 714
537 707
538 702
539 707
540 658
541 649
542 665
543 699
544 622
545 612
546 602
547 601
548 666
549 635
550 604
551 586
552 541
553 589
554 504
555 569
556 531
557 539
558 528
559 516
560 502
561 505
562 484
563 500
564 493
565 484
566 463
567 473
568 480
569 421
570 416
571 425
572 443
573 410
574 463
575 399
576 412
577 396
578 440
579 410
580 399
581 410
582 383
583 386
584 355
585 335
586 360
587 346
588 372
589 354
590 349
591 320
592 349
593 326
594 346
595 317
596 330
597 283
598 295
599 274
600 300
601 297
602 306
603 296
604 278
605 265
606 281
607 257
608 277
609 269
610 286
611 244
612 257
613 284
614 258
615 276
616 255
617 251
618 258
619 225
620 220
621 228
622 211
623 190
624 224
625 208
626 216
627 194
628 199
629 201
630 188
631 198
632 203
633 216
634 201
635 189
636 184
637 195
638 175
639 176
640 212
641 186
642 189
643 185
644 162
645 176
646 168
647 185
648 171
649 156
650 158
651 160
652 150
653 156
654 150
655 169
656 147
657 150
658 144
659 143
660 148
661 154
662 155
663 136
664 129
665 146
666 134
667 111
668 144
669 137
670 120
671 144
672 134
673 111
674 154
675 108
676 142
677 132
678 136
679 120
680 118
681 110
682 130
683 123
684 124
685 117
686 122
687 126
688 127
689 117
690 120
691 118
692 106
693 104
694 127
695 102
696 80
697 86
698 108
699 105
700 91
701 91
702 110
703 85
704 87
705 100
706 91
707 113
708 102
709 111
710 80
711 101
712 95
713 81
714 89
715 95
716 89
717 96
718 101
719 95
720 88
721 100
722 110
723 84
724 90
725 101
726 80
727 70
728 89
729 98
730 100
731 86
732 92
733 82
734 90
735 98
736 84
737 81
738 82
739 93
740 83
741 84
742 68
743 92
744 74
745 88
746 76
747 88
748 97
749 89
750 71
751 83
752 85
753 84
754 88
755 90
756 82
757 72
758 75
759 82
760 75
761 87
762 95
763 92
764 95
765 93
766 92
767 88
768 81
769 86
770 69
771 72
772 76
773 85
774 91
775 75
776 83
777 74
778 86
779 90
780 76
781 72
782 89
783 79
784 90
785 80
786 86
787 91
788 67
789 73
790 66
791 64
792 77
793 84
794 83
795 81
796 83
797 78
798 102
799 77
800 70
801 72
802 78
803 91
804 72
805 74
806 94
807 73
808 89
809 69
810 89
811 72
812 77
813 79
814 67
815 93
816 62
817 97
818 72
819 74
820 85
821 82
822 79
823 95
824 85
825 99
826 81
827 70
828 88
829 78
830 76
831 80
832 79
833 84
834 101
835 86
836 86
837 75
838 94
839 84
840 81
841 78
842 86
843 88
844 82
845 74
846 97
847 85
848 75
849 90
850 77
851 91
852 67
853 91
854 80
855 89
856 91
857 77
858 93
859 81
860 77
861 83
862 76
863 78
864 89
865 96
866 96
867 93
868 98
869 80
870 99
871 98
872 86
873 73
874 94
875 88
876 91
877 82
878 94
879 112
880 84
881 108
882 68
883 85
884 101
885 78
886 90
887 97
888 77
889 99
890 98
891 102
892 90
893 85
894 94
895 79
896 81
897 75
898 103
899 89
900 76
901 83
902 100
903 85
904 102
905 91
906 98
907 98
908 92
909 86
910 100
911 91
912 100
913 112
914 93
915 104
916 98
917 90
918 91
919 98
920 86
921 93
922 98
923 88
924 81
925 83
926 86
927 90
928 93
929 97
930 99
931 97
932 98
933 92
934 95
935 86
936 92
937 81
938 101
939 82
940 106
941 74
942 92
943 88
944 105
945 73
946 100
947 94
948 93
949 87
950 86
951 109
952 106
953 95
954 90
955 87
956 89
957 97
958 107
959 97
960 92
961 104
962 101
963 89
964 106
965 82
966 93
967 99
968 94
969 101
970 86
971 91
972 88
973 101
974 116
975 86
976 97
977 89
978 106
979 89
980 85
981 105
982 78
983 79
984 91
985 87
986 87
987 96
988 97
989 96
990 102
991 94
992 80
993 89
994 69
995 91
996 94
997 87
998 110
999 85
1000 83
1001 91
1002 75
1003 87
1004 78
1005 81
1006 82
1007 93
1008 86
1009 107
1010 105
1011 94
1012 97
1013 102
1014 88
1015 82
1016 105
1017 98
1018 101
1019 87
1020 89
1021 97
1022 88
1023 76
1024 85
1025 86
1026 89
1027 79
1028 99
1029 84
1030 86
1031 96
1032 105
1033 91
1034 98
1035 90
1036 92
1037 81
1038 83
1039 92
1040 79
1041 76
1042 88
1043 74
1044 82
1045 82
1046 81
1047 80
1048 76
1049 110
1050 90
1051 74
1052 77
1053 87
1054 72
1055 92
1056 82
1057 73
1058 71
1059 82
1060 84
1061 94
1062 68
1063 73
1064 94
1065 69
1066 86
1067 96
1068 88
1069 88
1070 81
1071 84
1072 83
1073 82
1074 79
1075 72
1076 71
1077 75
1078 81
1079 83
1080 84
1081 77
1082 97
1083 72
1084 57
1085 79
1086 68
1087 81
1088 75
1089 73
1090 74
1091 69
1092 78
1093 63
1094 61
1095 67
1096 66
1097 78
1098 84
1099 83
1100 66
1101 67
1102 72
1103 62
1104 96
1105 75
1106 63
1107 58
1108 81
1109 73
1110 77
1111 56
1112 82
1113 74
1114 66
1115 70
1116 77
1117 52
1118 70
1119 65
1120 61
1121 70
1122 62
1123 73
1124 71
1125 58
1126 78
1127 55
1128 68
1129 63
1130 65
1131 53
1132 61
1133 57
1134 60
1135 55
1136 59
1137 59
1138 58
1139 66
1140 70
1141 52
1142 74
1143 59
1144 79
1145 47
1146 50
1147 49
1148 54
1149 67
1150 67
1151 57
1152 62
1153 57
1154 59
1155 59
1156 64
1157 57
1158 52
1159 63
1160 71
1161 59
1162 62
1163 52
1164 57
1165 52
1166 41
1167 53
1168 48
1169 61
1170 45
1171 63
1172 51
1173 51
1174 56
1175 61
1176 39
1177 52
1178 50
1179 44
1180 50
1181 51
1182 49
1183 59
1184 67
1185 40
1186 34
1187 41
1188 36
1189 57
1190 35
1191 57
1192 42
1193 42
1194 52
1195 40
1196 45
1197 45
1198 38
1199 52
1200 59
1201 53
1202 42
1203 54
1204 48
1205 48
1206 45
1207 53
1208 42
1209 56
1210 44
1211 50
1212 42
1213 47
1214 48
1215 45
1216 42
1217 40
1218 40
1219 52
1220 34
1221 45
1222 41
1223 47
1224 42
1225 40
1226 36
1227 41
1228 54
1229 41
1230 47
1231 40
1232 33
1233 21
1234 35
1235 27
1236 35
1237 43
1238 30
1239 21
1240 36
1241 44
1242 37
1243 28
1244 31
1245 44
1246 44
1247 35
1248 44
1249 20
1250 37
1251 28
1252 35
1253 31
1254 31
1255 25
1256 27
1257 32
1258 25
1259 34
1260 34
1261 38
1262 23
1263 40
1264 26
1265 30
1266 36
1267 36
1268 34
1269 29
1270 36
1271 24
1272 29
1273 31
1274 32
1275 31
1276 24
1277 27
1278 37
1279 25
1280 26
1281 29
1282 19
1283 27
1284 34
1285 24
1286 25
1287 33
1288 30
1289 25
1290 20
1291 33
1292 18
1293 23
1294 25
1295 27
1296 26
1297 14
1298 24
1299 18
1300 30
1301 27
1302 20
1303 27
1304 19
1305 24
1306 19
1307 14
1308 21
1309 15
1310 27
1311 31
1312 22
1313 24
1314 22
1315 18
1316 26
1317 17
1318 22
1319 23
1320 23
1321 22
1322 15
1323 21
1324 18
1325 21
1326 17
1327 25
1328 29
1329 16
1330 21
1331 17
1332 27
1333 20
1334 14
1335 20
1336 15
1337 19
1338 12
1339 13
1340 21
1341 18
1342 22
1343 13
1344 17
1345 7
1346 20
1347 18
1348 16
1349 19
1350 15
1351 17
1352 17
1353 22
1354 11
1355 13
1356 12
1357 15
1358 17
1359 19
1360 16
1361 15
1362 20
1363 18
1364 8
1365 18
1366 14
1367 18
1368 8
1369 14
1370 21
1371 9
1372 15
1373 14
1374 15
1375 15
1376 9
1377 16
1378 12
1379 9
1380 4
1381 16
1382 12
1383 13
1384 8
1385 9
1386 11
1387 16
1388 13
1389 15
1390 17
1391 8
1392 10
1393 13
1394 14
1395 9
1396 17
1397 12
1398 14
1399 14
1400 14
1401 12
1402 12
1403 8
1404 12
1405 15
1406 15
1407 13
1408 13
1409 18
1410 7
1411 13
1412 10
1413 16
1414 15
1415 8
1416 8
1417 10
1418 14
1419 8
1420 15
1421 10
1422 12
1423 15
1424 12
1425 7
1426 9
1427 6
1428 8
1429 7
1430 6
1431 8
1432 9
1433 9
1434 9
1435 4
1436 9
1437 19
1438 8
1439 10
1440 11
1441 9
1442 12
1443 6
1444 6
1445 13
1446 7
1447 4
1448 5
1449 4
1450 7
1451 12
1452 12
1453 9
1454 4
1455 13
1456 8
1457 8
1458 15
1459 9
1460 7
1461 10
1462 3
1463 6
1464 14
1465 7
1466 7
1467 10
1468 8
1469 5
1470 7
1471 8
1472 6
1473 5
1474 5
1475 6
1476 7
1477 7
1478 3
1479 6
1480 6
1481 6
1482 4
1483 6
1484 5
1485 8
1486 8
1487 5
1488 5
1489 4
1490 8
1491 5
1492 3
1493 7
1494 6
1495 6
1496 2
1497 3
1498 6
1499 5
1500 8
1501 3
1502 5
1503 7
1504 8
1505 5
1506 6
1507 5
1508 6
1509 7
1510 4
1511 6
1512 4
1513 7
1514 9
1515 5
1516 8
1517 5
1518 7
1519 7
1520 3
1521 3
1522 8
1523 9
1524 2
1525 3
1526 3
1527 4
1528 3
1529 6
1530 3
1531 4
1532 4
1533 4
1534 3
1535 2
1536 8
1537 6
1538 6
1539 6
1540 3
1541 4
1542 5
1543 5
1544 6
1545 5
1546 6
1547 4
1548 7
1549 1
1550 3
1551 5
1552 3
1553 4
1554 1
1555 7
1556 3
1557 7
1558 2
1559 3
1560 2
1561 3
1562 1
1563 4
1564 5
1565 5
1566 7
1567 1
1568 7
1569 6
1570 4
1571 9
1572 2
1573 3
1574 6
1575 8
1576 5
1577 4
1578 3
1579 2
1580 2
1581 4
1582 5
1583 3
1584 2
1585 0
1586 3
1587 3
1588 3
1589 7
1590 5
1591 3
1592 6
1593 5
1594 4
1595 4
1596 4
1597 4
1598 4
1599 4
1600 5
1601 3
1602 2
1603 2
1604 3
1605 3
1606 5
1607 2
1608 2
1609 2
1610 4
1611 6
1612 6
1613 6
1614 3
1615 3
1616 5
1617 0
1618 2
1619 4
1620 2
1621 7
1622 2
1623 2
1624 1
1625 1
1626 3
1627 2
1628 2
1629 4
1630 3
1631 1
1632 2
1633 3
1634 0
1635 1
1636 4
1637 3
1638 4
1639 2
1640 3
1641 0
1642 3
1643 0
1644 1
1645 2
1646 3
1647 2
1648 5
1649 2
1650 2
1651 5
1652 1
1653 3
1654 3
1655 4
1656 4
1657 0
1658 0
1659 2
1660 1
1661 4
1662 2
1663 4
1664 2
1665 2
1666 2
1667 2
1668 1
1669 2
1670 2
1671 0
1672 3
1673 1
1674 1
1675 0
1676 2
1677 2
1678 2
1679 1
1680 3
1681 1
1682 1
1683 2
1684 2
1685 2
1686 2
1687 6
1688 4
1689 5
1690 1
1691 4
1692 2
1693 0
1694 2
1695 2
1696 2
1697 1
1698 0
1699 4
1700 2
1701 2
1702 3
1703 2
1704 3
1705 4
1706 3
1707 1
1708 0
1709 3
1710 2
1711 2
1712 1
1713 1
1714 3
1715 3
1716 1
1717 2
1718 0
1719 2
1720 6
1721 1
1722 3
1723 2
1724 3
1725 3
1726 2
1727 3
1728 2
1729 2
1730 2
1731 2
1732 0
1733 2
1734 4
1735 2
1736 2
1737 1
1738 1
1739 1
1740 1
1741 2
1742 1
1743 4
1744 1
1745 5
1746 4
1747 1
1748 1
1749 0
1750 0
1751 2
1752 2
1753 2
1754 7
1755 1
1756 1
1757 4
1758 0
1759 1
1760 3
1761 0
1762 2
1763 4
1764 0
1765 3
1766 4
1767 4
1768 1
1769 1
1770 2
1771 2
1772 1
1773 1
1774 0
1775 2
1776 4
1777 3
1778 2
1779 2
1780 4
1781 2
1782 3
1783 2
1784 1
1785 4
1786 1
1787 3
1788 2
1789 3
1790 1
1791 1
1792 4
1793 1
1794 3
1795 0
1796 3
1797 1
1798 3
1799 0
1800 0
1801 0
1802 2
1803 2
1804 1
1805 2
1806 3
1807 2
1808 2
1809 1
1810 1
1811 0
1812 4
1813 3
1814 3
1815 4
1816 2
1817 5
1818 1
1819 1
1820 1
1821 1
1822 3
1823 3
1824 1
1825 0
1826 2
1827 1
1828 1
1829 2
1830 3
1831 0
1832 1
1833 1
1834 4
1835 0
1836 3
1837 1
1838 2
1839 2
1840 1
1841 3
1842 0
1843 2
1844 1
1845 2
1846 0
1847 4
1848 1
1849 0
1850 1
1851 0
1852 1
1853 3
1854 1
1855 0
1856 1
1857 2
1858 3
1859 3
1860 1
1861 2
1862 1
1863 1
1864 1
1865 2
1866 1
1867 1
1868 1
1869 0
1870 2
1871 0
1872 2
1873 1
1874 1
1875 4
1876 1
1877 0
1878 2
1879 2
1880 4
1881 1
1882 1
1883 2
1884 1
1885 1
1886 2
1887 4
1888 2
1889 4
1890 1
1891 2
1892 7
1893 2
1894 1
1895 1
1896 0
1897 0
1898 0
1899 3
1900 0
1901 3
1902 2
1903 1
1904 1
1905 1
1906 1
1907 3
1908 0
1909 0
1910 2
1911 2
1912 3
1913 2
1914 1
1915 1
1916 2
1917 2
1918 0
1919 1
1920 1
1921 2
1922 2
1923 2
1924 1
1925 2
1926 0
1927 2
1928 2
1929 1
1930 1
1931 1
1932 0
1933 5
1934 1
1935 3
1936 3
1937 2
1938 0
1939 1
1940 1
1941 3
1942 1
1943 1
1944 1
1945 1
1946 0
1947 1
1948 1
1949 1
1950 0
1951 0
1952 1
1953 1
1954 1
1955 1
1956 0
1957 2
1958 2
1959 1
1960 0
1961 0
1962 1
1963 0
1964 1
1965 2
1966 1
1967 0
1968 2
1969 2
1970 1
1971 1
1972 2
1973 1
1974 0
1975 0
1976 1
1977 1
1978 1
1979 1
1980 3
1981 0
1982 2
1983 3
1984 1
1985 2
1986 1
1987 1
1988 2
1989 0
1990 3
1991 1
1992 1
1993 1
1994 1
1995 3
1996 2
1997 3
1998 0
1999 0
2000 1
2001 1
2002 1
2003 2
2004 1
2005 2
2006 1
2007 1
2008 1
2009 0
2010 1
2011 5
2012 3
2013 1
2014 2
2015 2
2016 2
2017 3
2018 1
2019 1
2020 5
2021 1
2022 0
2023 0
2024 2
2025 2
2026 1
2027 0
2028 0
2029 2
2030 1
2031 0
2032 2
2033 0
2034 2
2035 1
2036 4
2037 1
2038 1
2039 3
2040 1
2041 0
2042 1
2043 0
2044 2
2045 0
2046 0
2047 1
2048 1
2049 3
2050 2
2051 2
2052 1
2053 2
2054 2
2055 1
2056 1
2057 0
2058 1
2059 2
2060 2
2061 0
2062 0
2063 3
2064 1
2065 2
2066 0
2067 1
2068 2
2069 2
2070 1
2071 1
2072 2
2073 1
2074 1
2075 0
2076 3
2077 0
2078 3
2079 1
2080 1
2081 1
2082 2
2083 1
2084 1
2085 0
2086 0
2087 0
2088 1
2089 1
2090 2
2091 0
2092 1
2093 1
2094 1
2095 1
2096 2
2097 3
2098 0
2099 1
2100 0
2101 1
2102 0
2103 1
2104 0
2105 2
2106 0
2107 3
2108 0
2109 2
2110 0
2111 1
2112 0
2113 1
2114 1
2115 2
2116 1
2117 1
2118 2
2119 2
2120 2
2121 1
2122 0
2123 3
2124 0
2125 1
2126 0
2127 2
2128 1
2129 0
2130 1
2131 1
2132 1
2133 1
2134 0
2135 1
2136 0
2137 2
2138 1
2139 2
2140 0
2141 1
2142 1
2143 2
2144 1
2145 3
2146 2
2147 1
2148 0
2149 2
2150 0
2151 1
2152 1
2153 0
2154 2
2155 1
2156 1
2157 1
2158 2
2159 1
2160 0
2161 0
2162 2
2163 1
2164 0
2165 0
2166 1
2167 2
2168 2
2169 4
2170 1
2171 0
2172 0
2173 0
2174 1
2175 1
2176 0
2177 1
2178 1
2179 0
2180 0
2181 1
2182 0
2183 1
2184 3
2185 3
2186 0
2187 3
2188 2
2189 0
2190 1
2191 0
2192 2
2193 0
2194 2
2195 0
2196 2
2197 0
2198 0
2199 3
2200 1
2201 1
2202 2
2203 1
2204 0
2205 0
2206 0
2207 2
2208 1
2209 0
2210 0
2211 1
2212 0
2213 0
2214 1
2215 1
2216 1
2217 0
2218 0
2219 1
2220 2
2221 2
2222 0
2223 3
2224 1
2225 0
2226 0
2227 0
2228 1
2229 0
2230 0
2231 2
2232 0
2233 0
2234 0
2235 1
2236 0
2237 2
2238 1
2239 2
2240 0
2241 2
2242 2
2243 2
2244 0
2245 1
2246 0
2247 2
2248 3
2249 0
2250 0
2251 2
2252 2
2253 0
2254 3
2255 2
2256 1
2257 1
2258 0
2259 0
2260 1
2261 0
2262 1
2263 1
2264 0
2265 0
2266 3
2267 1
2268 2
2269 3
2270 2
2271 1
2272 2
2273 0
2274 0
2275 2
2276 2
2277 1
2278 0
2279 0
2280 0
2281 1
2282 1
2283 0
2284 1
2285 4
2286 3
2287 4
2288 1
2289 2
2290 0
2291 2
2292 1
2293 2
2294 2
2295 3
2296 5
2297 2
2298 2
2299 2
2300 0
2301 0
2302 1
2303 2
2304 1
2305 0
2306 0
2307 2
2308 1
2309 1
2310 0
2311 0
2312 1
2313 1
2314 1
2315 0
2316 5
2317 0
2318 1
2319 0
2320 1
2321 0
2322 3
2323 0
2324 1
2325 0
2326 0
2327 0
2328 1
2329 1
2330 0
2331 1
2332 3
2333 1
2334 0
2335 1
2336 1
2337 2
2338 0
2339 2
2340 4
2341 0
2342 2
2343 2
2344 2
2345 1
2346 0
2347 1
2348 3
2349 0
2350 1
2351 1
2352 0
2353 0
2354 0
2355 0
2356 0
2357 0
2358 0
2359 3
2360 0
2361 1
2362 0
2363 0
2364 1
2365 1
2366 0
2367 0
2368 2
2369 2
2370 0
2371 1
2372 2
2373 0
2374 0
2375 0
2376 0
2377 0
2378 1
2379 1
2380 1
2381 1
2382 0
2383 1
2384 1
2385 1
2386 0
2387 1
2388 1
2389 0
2390 2
2391 0
2392 1
2393 1
2394 0
2395 0
2396 0
2397 0
2398 2
2399 0
2400 1
2401 0
2402 2
2403 1
2404 0
2405 1
2406 2
2407 1
2408 1
2409 3
2410 2
2411 0
2412 1
2413 0
2414 2
2415 2
2416 2
2417 0
2418 0
2419 0
2420 0
2421 2
2422 1
2423 1
2424 1
2425 0
2426 0
2427 0
2428 0
2429 2
2430 0
2431 0
2432 0
2433 0
2434 1
2435 1
2436 0
2437 0
2438 0
2439 2
2440 1
2441 1
2442 0
2443 0
2444 1
2445 2
2446 4
2447 2
2448 2
2449 0
2450 1
2451 2
2452 0
2453 2
2454 0
2455 1
2456 1
2457 1
2458 0
2459 0
2460 1
2461 1
2462 0
2463 4
2464 1
2465 0
2466 0
2467 0
2468 1
2469 1
2470 0
2471 0
2472 1
2473 1
2474 1
2475 1
2476 2
2477 2
2478 1
2479 1
2480 1
2481 3
2482 0
2483 0
2484 2
2485 0
2486 0
2487 2
2488 1
2489 2
2490 1
2491 2
2492 1
2493 3
2494 0
2495 0
2496 0
2497 1
2498 1
2499 1
2500 1
2501 0
2502 2
2503 1
2504 2
2505 0
2506 1
2507 0
2508 1
2509 2
2510 1
2511 1
2512 2
2513 1
2514 1
2515 3
2516 0
2517 2
2518 1
2519 2
2520 0
2521 0
2522 0
2523 2
2524 0
2525 1
2526 0
2527 0
2528 2
2529 2
2530 1
2531 0
2532 1
2533 0
2534 1
2535 3
2536 0
2537 0
2538 2
2539 1
2540 1
2541 2
2542 1
2543 1
2544 0
2545 0
2546 2
2547 1
2548 3
2549 0
2550 1
2551 0
2552 1
2553 1
2554 1
2555 0
2556 2
2557 1
2558 0
2559 0
2560 1
2561 2
2562 0
2563 0
2564 0
2565 1
2566 1
2567 1
2568 1
2569 0
2570 3
2571 0
2572 1
2573 2
2574 1
2575 0
2576 0
2577 0
2578 0
2579 0
2580 0
2581 1
2582 0
2583 1
2584 0
2585 1
2586 0
2587 0
2588 0
2589 0
2590 1
2591 2
2592 3
2593 2
2594 1
2595 0
2596 0
2597 1
2598 0
2599 1
2600 1
2601 0
2602 0
2603 1
2604 1
2605 0
2606 0
2607 1
2608 0
2609 2
2610 1
2611 0
2612 1
2613 1
2614 0
2615 0
2616 0
2617 2
2618 2
2619 0
2620 2
2621 2
2622 0
2623 0
2624 2
2625 0
2626 1
2627 0
2628 0
2629 2
2630 0
2631 0
2632 0
2633 1
2634 1
2635 1
2636 0
2637 2
2638 1
2639 2
2640 0
2641 2
2642 0
2643 0
2644 0
2645 0
2646 0
2647 0
2648 2
2649 1
2650 1
2651 0
2652 0
2653 1
2654 0
2655 1
2656 0
2657 0
2658 0
2659 1
2660 0
2661 2
2662 2
2663 1
2664 0
2665 1
2666 0
2667 0
2668 0
2669 0
2670 2
2671 2
2672 0
2673 1
2674 0
2675 2
2676 1
2677 2
2678 3
2679 2
2680 1
2681 0
2682 1
2683 1
2684 1
2685 2
2686 1
2687 1
2688 0
2689 0
2690 2
2691 0
2692 0
2693 1
2694 0
2695 0
2696 2
2697 0
2698 1
2699 1
2700 0
2701 1
2702 1
2703 1
2704 1
2705 0
2706 0
2707 2
2708 3
2709 0
2710 0
2711 1
2712 0
2713 2
2714 1
2715 3
2716 0
2717 1
2718 3
2719 0
2720 2
2721 1
2722 3
2723 1
2724 2
2725 1
2726 3
2727 0
2728 0
2729 2
2730 0
2731 0
2732 1
2733 0
2734 1
2735 0
2736 2
2737 1
2738 1
2739 1
2740 1
2741 0
2742 0
2743 1
2744 1
2745 2
2746 1
2747 2
2748 2
2749 1
2750 1
2751 1
2752 0
2753 1
2754 0
2755 1
2756 0
2757 1
2758 1
2759 0
2760 1
2761 1
2762 0
2763 1
2764 2
2765 0
2766 0
2767 2
2768 2
2769 2
2770 0
2771 1
2772 0
2773 2
2774 0
2775 0
2776 0
2777 0
2778 0
2779 0
2780 2
2781 1
2782 0
2783 2
2784 0
2785 0
2786 0
2787 1
2788 2
2789 0
2790 1
2791 0
2792 0
2793 0
2794 2
2795 1
2796 0
2797 0
2798 0
2799 0
2800 2
2801 0
2802 0
2803 2
2804 1
2805 2
2806 0
2807 1
2808 0
2809 1
2810 0
2811 1
2812 0
2813 0
2814 1
2815 0
2816 1
2817 1
2818 0
2819 0
2820 1
2821 2
2822 2
2823 0
2824 0
2825 1
2826 0
2827 0
2828 1
2829 0
2830 0
2831 0
2832 0
2833 2
2834 2
2835 0
2836 1
2837 1
2838 1
2839 1
2840 1
2841 0
2842 0
2843 1
2844 0
2845 2
2846 0
2847 3
2848 1
2849 1
2850 2
2851 0
2852 1
2853 1
2854 2
2855 1
2856 0
2857 1
2858 0
2859 1
2860 1
2861 1
2862 0
2863 1
2864 2
2865 0
2866 0
2867 0
2868 0
2869 0
2870 1
2871 1
2872 2
2873 1
2874 1
2875 0
2876 0
2877 3
2878 2
2879 3
2880 0
2881 1
2882 1
2883 0
2884 2
2885 1
2886 2
2887 0
2888 2
2889 2
2890 0
2891 1
2892 0
2893 0
2894 0
2895 0
2896 1
2897 0
2898 0
2899 1
2900 1
2901 0
2902 1
2903 2
2904 1
2905 0
2906 2
2907 0
2908 2
2909 0
2910 2
2911 0
2912 1
2913 2
2914 0
2915 0
2916 0
2917 1
2918 2
2919 1
2920 1
2921 2
2922 2
2923 2
2924 4
2925 0
2926 0
2927 0
2928 0
2929 1
2930 1
2931 0
2932 2
2933 1
2934 2
2935 1
2936 0
2937 1
2938 1
2939 2
2940 1
2941 1
2942 0
2943 1
2944 0
2945 1
2946 2
2947 1
2948 0
2949 2
2950 1
2951 1
2952 0
2953 1
2954 0
2955 1
2956 1
2957 0
2958 0
2959 1
2960 0
2961 1
2962 3
2963 2
2964 0
2965 1
2966 1
2967 0
2968 1
2969 0
2970 3
2971 1
2972 0
2973 2
2974 0
2975 0
2976 0
2977 0
2978 0
2979 0
2980 0
2981 3
2982 0
2983 2
2984 1
2985 0
2986 0
2987 1
2988 0
2989 0
2990 0
2991 0
2992 1
2993 1
2994 2
2995 0
2996 2
2997 0
2998 0
2999 0
3000 1
3001 1
3002 0
3003 1
3004 1
3005 0
3006 0
3007 1
3008 1
3009 2
3010 1
3011 0
3012 1
3013 2
3014 0
3015 0
3016 4
3017 0
3018 0
3019 0
3020 0
3021 0
3022 2
3023 0
3024 1
3025 0
3026 0
3027 2
3028 0
3029 0
3030 0
3031 0
3032 1
3033 0
3034 1
3035 0
3036 0
3037 0
3038 1
3039 0
3040 0
3041 2
3042 3
3043 0
3044 4
3045 0
3046 0
3047 0
3048 1
3049 1
3050 0
3051 0
3052 0
3053 3
3054 0
3055 0
3056 1
3057 0
3058 0
3059 2
3060 1
3061 1
3062 0
3063 1
3064 0
3065 1
3066 1
3067 0
3068 1
3069 0
3070 0
3071 0
3072 0
3073 0
3074 0
3075 1
3076 0
3077 1
3078 1
3079 0
3080 0
3081 0
3082 1
3083 1
3084 0
3085 0
3086 2
3087 1
3088 1
3089 0
3090 0
3091 1
3092 0
3093 0
3094 0
3095 2
3096 1
3097 1
3098 0
3099 1
3100 0
3101 0
3102 0
3103 0
3104 1
3105 0
3106 2
3107 0
3108 0
3109 1
3110 1
3111 2
3112 1
3113 1
3114 0
3115 2
3116 0
3117 0
3118 0
3119 2
3120 0
3121 0
3122 0
3123 0
3124 0
3125 1
3126 1
3127 0
3128 0
3129 0
3130 0
3131 1
3132 0
3133 2
3134 0
3135 1
3136 0
3137 1
3138 2
3139 1
3140 1
3141 0
3142 2
3143 0
3144 1
3145 0
3146 0
3147 1
3148 0
3149 0
3150 2
3151 1
3152 2
3153 0
3154 2
3155 0
3156 0
3157 1
3158 0
3159 0
3160 0
3161 0
3162 0
3163 1
3164 0
3165 0
3166 0
3167 0
3168 0
3169 0
3170 1
3171 0
3172 1
3173 0
3174 2
3175 1
3176 0
3177 0
3178 0
3179 0
3180 0
3181 2
3182 0
3183 0
3184 1
3185 0
3186 0
3187 1
3188 0
3189 2
3190 0
3191 2
3192 1
3193 1
3194 0
3195 0
3196 0
3197 0
3198 3
3199 0
3200 1
3201 1
3202 0
3203 2
3204 0
3205 0
3206 0
3207 1
3208 0
3209 0
3210 1
3211 0
3212 0
3213 1
3214 1
3215 1
3216 0
3217 0
3218 2
3219 1
3220 2
3221 2
3222 1
3223 0
3224 1
3225 0
3226 2
3227 1
3228 1
3229 1
3230 1
3231 0
3232 1
3233 1
3234 1
3235 0
3236 1
3237 1
3238 0
3239 0
3240 2
3241 0
3242 0
3243 2
3244 0
3245 1
3246 0
3247 0
3248 1
3249 1
3250 1
3251 0
3252 0
3253 1
3254 1
3255 0
3256 0
3257 0
3258 0
3259 0
3260 1
3261 1
3262 1
3263 1
3264 0
3265 0
3266 0
3267 0
3268 1
3269 2
3270 3
3271 0
3272 0
3273 0
3274 0
3275 1
3276 2
3277 0
3278 0
3279 1
3280 0
3281 1
3282 1
3283 0
3284 0
3285 1
3286 0
3287 2
3288 2
3289 0
3290 1
3291 1
3292 0
3293 1
3294 0
3295 0
3296 1
3297 0
3298 0
3299 0
3300 3
3301 0
3302 3
3303 0
3304 1
3305 0
3306 1
3307 1
3308 0
3309 2
3310 1
3311 1
3312 0
3313 1
3314 0
3315 0
3316 0
3317 2
3318 1
3319 0
3320 0
3321 1
3322 1
3323 2
3324 0
3325 0
3326 2
3327 0
3328 0
3329 0
3330 1
3331 0
3332 1
3333 0
3334 2
3335 3
3336 0
3337 0
3338 1
3339 0
3340 2
3341 1
3342 1
3343 1
3344 0
3345 1
3346 1
3347 0
3348 0
3349 1
3350 2
3351 0
3352 1
3353 2
3354 0
3355 0
3356 2
3357 0
3358 1
3359 1
3360 0
3361 0
3362 1
3363 0
3364 1
3365 0
3366 1
3367 0
3368 0
3369 0
3370 1
3371 1
3372 0
3373 3
3374 1
3375 0
3376 0
3377 1
3378 0
3379 0
3380 0
3381 1
3382 2
3383 0
3384 2
3385 0
3386 0
3387 0
3388 1
3389 0
3390 0
3391 0
3392 0
3393 0
3394 2
3395 1
3396 1
3397 0
3398 0
3399 1
3400 0
3401 1
3402 1
3403 0
3404 1
3405 3
3406 1
3407 2
3408 0
3409 0
3410 0
3411 0
3412 2
3413 3
3414 1
3415 1
3416 2
3417 0
3418 0
3419 1
3420 0
3421 0
3422 0
3423 1
3424 0
3425 1
3426 0
3427 1
3428 0
3429 1
3430 0
3431 2
3432 0
3433 1
3434 0
3435 0
3436 0
3437 1
3438 2
3439 1
3440 0
3441 0
3442 3
3443 2
3444 1
3445 0
3446 0
3447 0
3448 3
3449 1
3450 1
3451 0
3452 0
3453 0
3454 1
3455 1
3456 1
3457 2
3458 0
3459 1
3460 1
3461 0
3462 0
3463 1
3464 1
3465 1
3466 0
3467 0
3468 1
3469 0
3470 1
3471 0
3472 0
3473 2
3474 0
3475 1
3476 1
3477 0
3478 0
3479 0
3480 2
3481 0
3482 0
3483 0
3484 1
3485 0
3486 1
3487 0
3488 0
3489 0
3490 1
3491 1
3492 0
3493 0
3494 1
3495 0
3496 0
3497 1
3498 0
3499 0
3500 0
3501 0
3502 0
3503 0
3504 1
3505 0
3506 1
3507 0
3508 2
3509 0
3510 0
3511 1
3512 1
3513 1
3514 0
3515 1
3516 1
3517 0
3518 0
3519 0
3520 2
3521 2
3522 0
3523 0
3524 0
3525 0
3526 2
3527 0
3528 1
3529 1
3530 0
3531 0
3532 0
3533 0
3534 0
3535 0
3536 1
3537 0
3538 1
3539 0
3540 2
3541 0
3542 0
3543 0
3544 0
3545 1
3546 0
3547 0
3548 1
3549 0
3550 1
3551 0
3552 1
3553 0
3554 0
3555 1
3556 2
3557 0
3558 0
3559 0
3560 0
3561 2
3562 0
3563 2
3564 1
3565 0
3566 2
3567 0
3568 1
3569 2
3570 0
3571 1
3572 1
3573 0
3574 2
3575 1
3576 0
3577 1
3578 0
3579 0
3580 0
3581 1
3582 0
3583 1
3584 1
3585 0
3586 2
3587 0
3588 0
3589 0
3590 0
3591 0
3592 0
3593 1
3594 0
3595 0
3596 0
3597 1
3598 0
3599 1
3600 0
3601 1
3602 0
3603 1
3604 2
3605 0
3606 0
3607 0
3608 1
3609 0
3610 2
3611 0
3612 0
3613 0
3614 0
3615 1
3616 2
3617 0
3618 0
3619 0
3620 0
3621 1
3622 0
3623 2
3624 1
3625 1
3626 1
3627 0
3628 1
3629 0
3630 0
3631 0
3632 1
3633 0
3634 0
3635 1
3636 0
3637 1
3638 0
3639 3
3640 0
3641 1
3642 0
3643 0
3644 1
3645 0
3646 0
3647 0
3648 0
3649 1
3650 0
3651 0
3652 0
3653 0
3654 2
3655 1
3656 0
3657 0
3658 0
3659 0
3660 0
3661 1
3662 1
3663 0
3664 0
3665 0
3666 1
3667 1
3668 1
3669 0
3670 0
3671 0
3672 2
3673 1
3674 2
3675 1
3676 1
3677 0
3678 1
3679 0
3680 0
3681 0
3682 0
3683 1
3684 1
3685 1
3686 1
3687 0
3688 0
3689 0
3690 0
3691 1
3692 0
3693 1
3694 2
3695 0
3696 1
3697 1
3698 1
3699 0
3700 0
3701 0
3702 1
3703 0
3704 0
3705 0
3706 0
3707 0
3708 3
3709 0
3710 0
3711 0
3712 0
3713 1
3714 0
3715 1
3716 0
3717 0
3718 0
3719 0
3720 0
3721 1
3722 2
3723 0
3724 0
3725 2
3726 0
3727 0
3728 0
3729 0
3730 0
3731 0
3732 0
3733 0
3734 0
3735 0
3736 0
3737 1
3738 0
3739 1
3740 0
3741 2
3742 0
3743 1
3744 1
3745 1
3746 1
3747 0
3748 0
3749 1
3750 1
3751 0
3752 0
3753 0
3754 1
3755 0
3756 0
3757 1
3758 0
3759 2
3760 0
3761 0
3762 1
3763 0
3764 0
3765 0
3766 1
3767 0
3768 1
3769 0
3770 0
3771 1
3772 0
3773 1
3774 0
3775 1
3776 1
3777 0
3778 0
3779 1
3780 1
3781 0
3782 1
3783 0
3784 0
3785 2
3786 1
3787 0
3788 0
3789 0
3790 1
3791 1
3792 1
3793 0
3794 0
3795 0
3796 0
3797 1
3798 0
3799 0
3800 3
3801 1
3802 1
3803 0
3804 2
3805 1
3806 3
3807 1
3808 0
3809 0
3810 0
3811 0
3812 1
3813 0
3814 0
3815 0
3816 0
3817 1
3818 0
3819 0
3820 0
3821 1
3822 0
3823 0
3824 0
3825 0
3826 1
3827 0
3828 0
3829 0
3830 1
3831 0
3832 0
3833 0
3834 1
3835 0
3836 0
3837 0
3838 0
3839 0
3840 0
3841 0
3842 0
3843 0
3844 1
3845 1
3846 0
3847 1
3848 0
3849 1
3850 1
3851 0
3852 0
3853 0
3854 1
3855 1
3856 2
3857 1
3858 0
3859 1
3860 2
3861 1
3862 1
3863 0
3864 0
3865 0
3866 0
3867 0
3868 0
3869 2
3870 0
3871 2
3872 0
3873 1
3874 0
3875 0
3876 0
3877 1
3878 0
3879 0
3880 0
3881 0
3882 0
3883 3
3884 1
3885 1
3886 0
3887 0
3888 0
3889 0
3890 0
3891 2
3892 0
3893 1
3894 0
3895 1
3896 0
3897 1
3898 0
3899 2
3900 0
3901 1
3902 1
3903 0
3904 0
3905 0
3906 0
3907 0
3908 1
3909 1
3910 0
3911 0
3912 0
3913 0
3914 1
3915 0
3916 0
3917 0
3918 1
3919 0
3920 1
3921 0
3922 0
3923 0
3924 1
3925 0
3926 0
3927 0
3928 2
3929 0
3930 1
3931 0
3932 1
3933 0
3934 0
3935 1
3936 1
3937 0
3938 0
3939 1
3940 0
3941 0
3942 0
3943 2
3944 0
3945 1
3946 0
3947 0
3948 0
3949 0
3950 0
3951 0
3952 1
3953 1
3954 0
3955 3
3956 0
3957 1
3958 0
3959 0
3960 1
3961 0
3962 0
3963 0
3964 0
3965 0
3966 1
3967 0
3968 0
3969 0
3970 0
3971 0
3972 0
3973 0
3974 0
3975 0
3976 1
3977 1
3978 0
3979 0
3980 0
3981 1
3982 0
3983 0
3984 0
3985 0
3986 0
3987 1
3988 0
3989 0
3990 0
3991 0
3992 0
3993 0
3994 0
3995 0
3996 1
3997 0
3998 0
3999 0
4000 0
