0 0
1 0
2 0
3 0
4 0
5 0
6 1
7 0
8 0
9 0
10 0
11 0
12 0
13 1
14 1
15 0
16 0
17 0
18 0
19 0
20 0
21 0
22 0
23 0
24 0
25 0
26 0
27 0
28 0
29 0
30 0
31 0
32 0
33 0
34 0
35 0
36 0
37 0
38 0
39 0
40 0
41 0
42 0
43 0
44 0
45 1
46 0
47 0
48 0
49 0
50 0
51 0
52 0
53 0
54 0
55 0
56 0
57 0
58 1
59 0
60 0
61 1
62 0
63 0
64 0
65 0
66 0
67 0
68 0
69 0
70 0
71 0
72 0
73 0
74 0
75 0
76 0
77 0
78 0
79 0
80 0
81 0
82 0
83 0
84 0
85 0
86 0
87 0
88 0
89 0
90 0
91 0
92 0
93 0
94 0
95 0
96 0
97 0
98 0
99 0
100 0
101 0
102 0
103 0
104 0
105 0
106 0
107 0
108 0
109 0
110 0
111 0
112 0
113 0
114 0
115 1
116 0
117 0
118 0
119 0
120 0
121 0
122 1
123 0
124 0
125 0
126 0
127 0
128 0
129 0
130 1
131 1
132 0
133 1
134 0
135 0
136 0
137 0
138 0
139 1
140 2
141 0
142 2
143 2
144 5
145 9
146 43
147 94
148 161
149 229
150 295
151 373
152 527
153 640
154 740
155 1064
156 1633
157 2982
158 5143
159 7448
160 9540
161 11482
162 13132
163 14808
164 16640
165 17997
166 19461
167 21763
168 24006
169 25469
170 27433
171 28958
172 31013
173 32471
174 33766
175 34692
176 34795
177 35347
178 35582
179 34777
180 34076
181 33076
182 31515
183 29941
184 28022
185 26278
186 24275
187 22295
188 20270
189 18334
190 16641
191 15057
192 13686
193 12173
194 10570
195 9842
196 8759
197 7706
198 7263
199 6515
200 5928
201 5389
202 5165
203 4823
204 4568
205 4352
206 4216
207 3942
208 3835
209 3785
210 3690
211 3620
212 3493
213 3602
214 3397
215 3331
216 3311
217 3223
218 3171
219 3170
220 3153
221 3146
222 3088
223 2980
224 2994
225 2962
226 2879
227 2893
228 2862
229 2853
230 2746
231 2839
232 2786
233 2748
234 2809
235 2717
236 2716
237 2793
238 2641
239 2679
240 2781
241 2643
242 2709
243 2720
244 2631
245 2694
246 2707
247 2709
248 2545
249 2564
250 2588
251 2670
252 2560
253 2540
254 2579
255 2505
256 2568
257 2513
258 2621
259 2559
260 2505
261 2569
262 2554
263 2564
264 2473
265 2574
266 2474
267 2462
268 2488
269 2453
270 2574
271 2472
272 2491
273 2540
274 2455
275 2423
276 2509
277 2468
278 2483
279 2488
280 2517
281 2488
282 2505
283 2401
284 2430
285 2432
286 2365
287 2584
288 2458
289 2428
290 2376
291 2400
292 2397
293 2461
294 2506
295 2386
296 2500
297 2483
298 2412
299 2438
300 2414
301 2376
302 2496
303 2523
304 2448
305 2424
306 2389
307 2508
308 2363
309 2443
310 2399
311 2464
312 2459
313 2427
314 2454
315 2414
316 2458
317 2415
318 2461
319 2487
320 2373
321 2478
322 2409
323 2483
324 2414
325 2447
326 2399
327 2471
328 2463
329 2447
330 2595
331 2343
332 2404
333 2502
334 2537
335 2448
336 2431
337 2410
338 2439
339 2469
340 2463
341 2414
342 2474
343 2480
344 2408
345 2422
346 2537
347 2484
348 2519
349 2412
350 2363
351 2577
352 2516
353 2441
354 2521
355 2440
356 2519
357 2409
358 2461
359 2586
360 2448
361 2480
362 2567
363 2459
364 2519
365 2555
366 2534
367 2503
368 2555
369 2533
370 2445
371 2426
372 2610
373 2493
374 2439
375 2512
376 2472
377 2504
378 2543
379 2435
380 2513
381 2537
382 2687
383 2572
384 2553
385 2555
386 2530
387 2600
388 2508
389 2556
390 2573
391 2656
392 2479
393 2483
394 2530
395 2556
396 2496
397 2539
398 2536
399 2574
400 2511
401 2491
402 2657
403 2539
404 2593
405 2649
406 2602
407 2616
408 2619
409 2622
410 2553
411 2699
412 2600
413 2560
414 2494
415 2690
416 2670
417 2681
418 2735
419 2580
420 2608
421 2672
422 2635
423 2592
424 2614
425 2682
426 2654
427 2652
428 2614
429 2592
430 2697
431 2621
432 2650
433 2663
434 2719
435 2654
436 2700
437 2657
438 2597
439 2634
440 2771
441 2668
442 2685
443 2685
444 2743
445 2595
446 2704
447 2654
448 2679
449 2631
450 2623
451 2702
452 2676
453 2750
454 2676
455 2694
456 2791
457 2666
458 2680
459 2765
460 2763
461 2683
462 2749
463 2793
464 2752
465 2708
466 2684
467 2691
468 2766
469 2712
470 2690
471 2744
472 2708
473 2810
474 2648
475 2640
476 2641
477 2750
478 2769
479 2727
480 2795
481 2650
482 2664
483 2746
484 2822
485 2720
486 2732
487 2785
488 2725
489 2675
490 2758
491 2751
492 2686
493 2699
494 2680
495 2698
496 2792
497 2682
498 2752
499 2687
500 2705
501 2721
502 2816
503 2767
504 2778
505 2684
506 2753
507 2764
508 2800
509 2656
510 2784
511 2737
512 2799
513 2833
514 2661
515 2661
516 2776
517 2729
518 2728
519 2732
520 2713
521 2707
522 2884
523 2735
524 2687
525 2695
526 2733
527 2793
528 2760
529 2811
530 2734
531 2734
532 2620
533 2562
534 2676
535 2659
536 2830
537 2702
538 2783
539 2664
540 2755
541 2807
542 2698
543 2707
544 2690
545 2772
546 2753
547 2743
548 2754
549 2663
550 2674
551 2692
552 2723
553 2704
554 2658
555 2759
556 2702
557 2660
558 2679
559 2701
560 2678
561 2723
562 2713
563 2635
564 2629
565 2565
566 2756
567 2699
568 2686
569 2610
570 2707
571 2669
572 2703
573 2652
574 2703
575 2699
576 2612
577 2654
578 2564
579 2619
580 2591
581 2557
582 2610
583 2602
584 2547
585 2516
586 2613
587 2597
588 2667
589 2583
590 2557
591 2533
592 2500
593 2589
594 2519
595 2490
596 2545
597 2467
598 2523
599 2454
600 2490
601 2533
602 2578
603 2463
604 2470
605 2383
606 2419
607 2461
608 2501
609 2405
610 2417
611 2445
612 2477
613 2417
614 2468
615 2509
616 2464
617 2400
618 2512
619 2445
620 2350
621 2366
622 2407
623 2448
624 2478
625 2499
626 2334
627 2335
628 2325
629 2452
630 2373
631 2408
632 2287
633 2370
634 2234
635 2305
636 2282
637 2325
638 2294
639 2230
640 2254
641 2298
642 2243
643 2235
644 2363
645 2263
646 2286
647 2181
648 2270
649 2242
650 2232
651 2221
652 2192
653 2202
654 2223
655 2192
656 2187
657 2246
658 2204
659 2204
660 2205
661 2134
662 2192
663 2097
664 2177
665 2186
666 2155
667 2086
668 2095
669 2117
670 2009
671 2142
672 2169
673 2005
674 2087
675 1996
676 2009
677 1993
678 1991
679 2009
680 2022
681 1997
682 1949
683 1989
684 2024
685 1983
686 1878
687 1973
688 1869
689 1985
690 1936
691 1900
692 1858
693 1820
694 1915
695 1870
696 1834
697 1856
698 1928
699 1904
700 1844
701 1825
702 1812
703 1977
704 1846
705 1875
706 1861
707 1866
708 1787
709 1764
710 1783
711 1746
712 1781
713 1781
714 1736
715 1696
716 1791
717 1725
718 1664
719 1598
720 1673
721 1655
722 1730
723 1719
724 1653
725 1614
726 1639
727 1641
728 1620
729 1634
730 1635
731 1548
732 1589
733 1596
734 1631
735 1537
736 1589
737 1556
738 1541
739 1604
740 1469
741 1551
742 1559
743 1509
744 1488
745 1502
746 1460
747 1478
748 1499
749 1471
750 1493
751 1351
752 1483
753 1446
754 1387
755 1419
756 1421
757 1402
758 1334
759 1421
760 1370
761 1374
762 1480
763 1289
764 1345
765 1305
766 1287
767 1302
768 1345
769 1347
770 1239
771 1233
772 1246
773 1274
774 1253
775 1272
776 1262
777 1223
778 1235
779 1263
780 1230
781 1238
782 1159
783 1187
784 1210
785 1191
786 1190
787 1126
788 1164
789 1160
790 1131
791 1160
792 1170
793 1109
794 1147
795 1144
796 1145
797 1139
798 1126
799 1118
800 1094
801 1058
802 1094
803 1040
804 1051
805 1073
806 1105
807 977
808 1048
809 1068
810 1026
811 1019
812 974
813 959
814 1061
815 999
816 969
817 964
818 985
819 960
820 997
821 930
822 949
823 988
824 950
825 944
826 952
827 939
828 875
829 854
830 899
831 936
832 882
833 894
834 897
835 814
836 904
837 875
838 870
839 851
840 819
841 825
842 830
843 782
844 820
845 788
846 827
847 809
848 771
849 792
850 718
851 750
852 743
853 779
854 741
855 773
856 812
857 690
858 755
859 760
860 747
861 758
862 732
863 774
864 734
865 687
866 688
867 693
868 700
869 700
870 657
871 669
872 653
873 619
874 636
875 703
876 652
877 660
878 638
879 585
880 620
881 621
882 619
883 656
884 641
885 646
886 582
887 581
888 593
889 638
890 580
891 628
892 567
893 558
894 551
895 574
896 583
897 542
898 557
899 565
900 554
901 515
902 511
903 547
904 506
905 550
906 529
907 539
908 502
909 527
910 496
911 506
912 520
913 516
914 553
915 529
916 491
917 430
918 474
919 471
920 458
921 472
922 445
923 453
924 476
925 447
926 487
927 469
928 455
929 457
930 426
931 417
932 441
933 447
934 400
935 453
936 418
937 391
938 406
939 380
940 400
941 432
942 411
943 408
944 396
945 376
946 381
947 406
948 395
949 340
950 383
951 368
952 360
953 376
954 350
955 355
956 335
957 356
958 373
959 353
960 367
961 360
962 354
963 321
964 336
965 308
966 318
967 344
968 346
969 331
970 341
971 339
972 325
973 324
974 337
975 328
976 291
977 318
978 324
979 287
980 329
981 304
982 293
983 273
984 309
985 297
986 309
987 291
988 279
989 288
990 307
991 267
992 261
993 252
994 282
995 292
996 290
997 279
998 259
999 270
1000 266
1001 291
1002 238
1003 256
1004 268
1005 257
1006 261
1007 230
1008 227
1009 232
1010 256
1011 254
1012 245
1013 257
1014 243
1015 222
1016 241
1017 227
1018 225
1019 239
1020 196
1021 237
1022 240
1023 245
1024 234
1025 201
1026 236
1027 214
1028 216
1029 184
1030 217
1031 226
1032 257
1033 229
1034 226
1035 204
1036 216
1037 178
1038 191
1039 197
1040 187
1041 201
1042 197
1043 186
1044 182
1045 178
1046 187
1047 180
1048 188
1049 175
1050 178
1051 190
1052 165
1053 179
1054 190
1055 157
1056 186
1057 185
1058 172
1059 151
1060 181
1061 183
1062 175
1063 175
1064 175
1065 157
1066 150
1067 168
1068 138
1069 141
1070 146
1071 156
1072 170
1073 169
1074 165
1075 158
1076 138
1077 157
1078 138
1079 156
1080 157
1081 155
1082 147
1083 127
1084 130
1085 147
1086 149
1087 152
1088 146
1089 137
1090 128
1091 126
1092 151
1093 165
1094 135
1095 151
1096 138
1097 112
1098 144
1099 144
1100 106
1101 123
1102 146
1103 117
1104 142
1105 131
1106 106
1107 113
1108 104
1109 113
1110 116
1111 126
1112 134
1113 114
1114 132
1115 123
1116 111
1117 108
1118 124
1119 115
1120 123
1121 109
1122 104
1123 115
1124 117
1125 98
1126 113
1127 116
1128 111
1129 126
1130 113
1131 100
1132 113
1133 113
1134 111
1135 133
1136 96
1137 115
1138 100
1139 98
1140 105
1141 95
1142 103
1143 113
1144 95
1145 97
1146 105
1147 82
1148 89
1149 100
1150 86
1151 79
1152 74
1153 105
1154 87
1155 81
1156 73
1157 76
1158 80
1159 75
1160 94
1161 96
1162 87
1163 84
1164 75
1165 84
1166 94
1167 75
1168 90
1169 80
1170 92
1171 77
1172 77
1173 100
1174 88
1175 93
1176 86
1177 76
1178 74
1179 81
1180 84
1181 83
1182 62
1183 61
1184 84
1185 78
1186 66
1187 65
1188 76
1189 79
1190 71
1191 66
1192 85
1193 61
1194 68
1195 72
1196 75
1197 60
1198 80
1199 71
1200 70
1201 62
1202 68
1203 77
1204 60
1205 52
1206 56
1207 59
1208 67
1209 60
1210 50
1211 63
1212 63
1213 66
1214 69
1215 52
1216 62
1217 63
1218 54
1219 62
1220 53
1221 60
1222 55
1223 56
1224 57
1225 72
1226 56
1227 64
1228 57
1229 68
1230 44
1231 56
1232 54
1233 56
1234 48
1235 41
1236 58
1237 61
1238 66
1239 52
1240 57
1241 55
1242 52
1243 58
1244 45
1245 55
1246 52
1247 47
1248 41
1249 56
1250 47
1251 51
1252 49
1253 44
1254 50
1255 49
1256 37
1257 44
1258 59
1259 35
1260 56
1261 48
1262 32
1263 43
1264 56
1265 43
1266 52
1267 48
1268 58
1269 47
1270 55
1271 46
1272 46
1273 41
1274 33
1275 47
1276 45
1277 49
1278 37
1279 41
1280 39
1281 44
1282 31
1283 39
1284 50
1285 41
1286 27
1287 33
1288 37
1289 41
1290 41
1291 31
1292 22
1293 37
1294 34
1295 35
1296 47
1297 43
1298 33
1299 46
1300 45
1301 42
1302 29
1303 38
1304 36
1305 47
1306 34
1307 21
1308 34
1309 40
1310 33
1311 34
1312 25
1313 23
1314 40
1315 38
1316 29
1317 29
1318 40
1319 31
1320 39
1321 31
1322 40
1323 25
1324 32
1325 32
1326 33
1327 26
1328 41
1329 38
1330 32
1331 38
1332 38
1333 29
1334 32
1335 36
1336 18
1337 30
1338 27
1339 24
1340 24
1341 28
1342 45
1343 29
1344 41
1345 33
1346 33
1347 27
1348 38
1349 23
1350 35
1351 29
1352 33
1353 30
1354 26
1355 37
1356 29
1357 28
1358 21
1359 27
1360 29
1361 30
1362 31
1363 28
1364 28
1365 26
1366 32
1367 38
1368 24
1369 28
1370 32
1371 23
1372 32
1373 30
1374 22
1375 28
1376 20
1377 25
1378 21
1379 26
1380 37
1381 29
1382 26
1383 25
1384 29
1385 31
1386 22
1387 15
1388 26
1389 23
1390 23
1391 20
1392 19
1393 27
1394 15
1395 22
1396 21
1397 16
1398 20
1399 12
1400 16
1401 21
1402 28
1403 34
1404 24
1405 27
1406 28
1407 28
1408 18
1409 19
1410 20
1411 17
1412 19
1413 21
1414 29
1415 14
1416 20
1417 29
1418 18
1419 23
1420 19
1421 15
1422 24
1423 20
1424 20
1425 19
1426 19
1427 22
1428 21
1429 15
1430 14
1431 16
1432 18
1433 17
1434 16
1435 24
1436 16
1437 26
1438 13
1439 14
1440 22
1441 20
1442 14
1443 18
1444 21
1445 23
1446 23
1447 28
1448 14
1449 21
1450 20
1451 26
1452 17
1453 11
1454 24
1455 18
1456 20
1457 20
1458 10
1459 23
1460 13
1461 15
1462 14
1463 23
1464 22
1465 20
1466 17
1467 25
1468 21
1469 14
1470 30
1471 17
1472 21
1473 14
1474 22
1475 19
1476 18
1477 9
1478 18
1479 15
1480 17
1481 15
1482 19
1483 15
1484 14
1485 15
1486 21
1487 20
1488 15
1489 22
1490 15
1491 18
1492 15
1493 15
1494 8
1495 18
1496 15
1497 19
1498 16
1499 22
1500 14
1501 20
1502 17
1503 17
1504 10
1505 14
1506 14
1507 14
1508 22
1509 25
1510 12
1511 16
1512 20
1513 22
1514 13
1515 16
1516 19
1517 17
1518 24
1519 17
1520 14
1521 15
1522 20
1523 10
1524 10
1525 17
1526 19
1527 16
1528 17
1529 17
1530 14
1531 13
1532 13
1533 10
1534 20
1535 17
1536 12
1537 18
1538 15
1539 20
1540 17
1541 15
1542 19
1543 10
1544 20
1545 18
1546 22
1547 18
1548 17
1549 17
1550 24
1551 17
1552 22
1553 20
1554 24
1555 21
1556 15
1557 13
1558 16
1559 20
1560 20
1561 15
1562 13
1563 9
1564 21
1565 15
1566 29
1567 18
1568 16
1569 19
1570 19
1571 22
1572 19
1573 21
1574 10
1575 21
1576 16
1577 20
1578 16
1579 28
1580 23
1581 14
1582 18
1583 9
1584 23
1585 18
1586 13
1587 19
1588 18
1589 26
1590 14
1591 14
1592 19
1593 12
1594 15
1595 16
1596 22
1597 19
1598 14
1599 20
1600 16
1601 14
1602 22
1603 23
1604 24
1605 15
1606 16
1607 12
1608 10
1609 25
1610 21
1611 24
1612 20
1613 13
1614 19
1615 21
1616 26
1617 13
1618 15
1619 16
1620 24
1621 23
1622 28
1623 18
1624 28
1625 26
1626 24
1627 24
1628 27
1629 18
1630 14
1631 19
1632 12
1633 21
1634 13
1635 23
1636 22
1637 14
1638 15
1639 11
1640 16
1641 23
1642 21
1643 22
1644 19
1645 17
1646 19
1647 14
1648 15
1649 17
1650 18
1651 26
1652 16
1653 14
1654 16
1655 14
1656 33
1657 19
1658 23
1659 12
1660 25
1661 23
1662 26
1663 24
1664 21
1665 22
1666 21
1667 22
1668 24
1669 20
1670 15
1671 26
1672 18
1673 17
1674 24
1675 17
1676 26
1677 29
1678 33
1679 29
1680 20
1681 21
1682 23
1683 20
1684 24
1685 32
1686 24
1687 24
1688 23
1689 21
1690 20
1691 21
1692 28
1693 15
1694 26
1695 15
1696 32
1697 19
1698 17
1699 23
1700 29
1701 22
1702 27
1703 18
1704 20
1705 24
1706 24
1707 21
1708 31
1709 22
1710 26
1711 16
1712 19
1713 40
1714 35
1715 32
1716 22
1717 15
1718 17
1719 19
1720 18
1721 17
1722 21
1723 25
1724 20
1725 27
1726 32
1727 22
1728 21
1729 19
1730 31
1731 21
1732 27
1733 27
1734 27
1735 36
1736 25
1737 20
1738 22
1739 24
1740 18
1741 26
1742 37
1743 29
1744 31
1745 36
1746 25
1747 30
1748 35
1749 22
1750 28
1751 29
1752 31
1753 24
1754 22
1755 32
1756 35
1757 33
1758 36
1759 29
1760 31
1761 25
1762 27
1763 18
1764 34
1765 30
1766 22
1767 30
1768 32
1769 30
1770 36
1771 27
1772 30
1773 25
1774 29
1775 22
1776 22
1777 33
1778 29
1779 31
1780 23
1781 22
1782 45
1783 24
1784 32
1785 36
1786 30
1787 17
1788 31
1789 32
1790 26
1791 30
1792 36
1793 28
1794 28
1795 34
1796 26
1797 37
1798 22
1799 34
1800 42
1801 37
1802 37
1803 32
1804 32
1805 30
1806 32
1807 39
1808 31
1809 25
1810 41
1811 39
1812 31
1813 38
1814 29
1815 30
1816 38
1817 38
1818 25
1819 34
1820 19
1821 36
1822 41
1823 26
1824 27
1825 35
1826 35
1827 36
1828 30
1829 34
1830 27
1831 38
1832 30
1833 38
1834 37
1835 41
1836 40
1837 34
1838 26
1839 28
1840 32
1841 34
1842 40
1843 28
1844 35
1845 33
1846 38
1847 37
1848 37
1849 32
1850 34
1851 36
1852 29
1853 43
1854 31
1855 39
1856 41
1857 41
1858 38
1859 42
1860 28
1861 38
1862 35
1863 24
1864 39
1865 32
1866 36
1867 38
1868 38
1869 29
1870 28
1871 31
1872 39
1873 35
1874 36
1875 50
1876 38
1877 36
1878 41
1879 44
1880 45
1881 30
1882 37
1883 30
1884 35
1885 43
1886 42
1887 40
1888 45
1889 48
1890 41
1891 41
1892 44
1893 35
1894 38
1895 44
1896 44
1897 45
1898 37
1899 40
1900 47
1901 41
1902 32
1903 36
1904 49
1905 39
1906 31
1907 42
1908 37
1909 46
1910 43
1911 46
1912 44
1913 31
1914 37
1915 43
1916 53
1917 44
1918 46
1919 48
1920 42
1921 38
1922 41
1923 39
1924 42
1925 57
1926 46
1927 50
1928 43
1929 46
1930 44
1931 42
1932 45
1933 36
1934 52
1935 39
1936 38
1937 42
1938 37
1939 35
1940 40
1941 32
1942 42
1943 41
1944 54
1945 57
1946 47
1947 38
1948 48
1949 47
1950 42
1951 32
1952 50
1953 39
1954 59
1955 48
1956 54
1957 39
1958 31
1959 39
1960 52
1961 43
1962 40
1963 38
1964 46
1965 42
1966 43
1967 49
1968 44
1969 39
1970 43
1971 44
1972 36
1973 39
1974 52
1975 38
1976 62
1977 47
1978 52
1979 47
1980 44
1981 52
1982 34
1983 40
1984 44
1985 48
1986 52
1987 46
1988 48
1989 39
1990 40
1991 52
1992 40
1993 45
1994 55
1995 50
1996 47
1997 43
1998 50
1999 37
2000 43
2001 47
2002 61
2003 56
2004 52
2005 45
2006 48
2007 39
2008 46
2009 46
2010 53
2011 42
2012 52
2013 52
2014 51
2015 40
2016 51
2017 38
2018 47
2019 55
2020 63
2021 45
2022 53
2023 43
2024 33
2025 56
2026 46
2027 46
2028 54
2029 50
2030 44
2031 56
2032 61
2033 56
2034 56
2035 45
2036 40
2037 56
2038 65
2039 54
2040 50
2041 48
2042 57
2043 41
2044 43
2045 36
2046 51
2047 52
2048 62
2049 42
2050 70
2051 45
2052 54
2053 49
2054 64
2055 60
2056 49
2057 37
2058 52
2059 60
2060 58
2061 50
2062 66
2063 51
2064 48
2065 46
2066 52
2067 64
2068 53
2069 49
2070 45
2071 49
2072 52
2073 45
2074 58
2075 54
2076 53
2077 48
2078 43
2079 44
2080 54
2081 51
2082 47
2083 47
2084 61
2085 37
2086 46
2087 48
2088 52
2089 48
2090 45
2091 49
2092 57
2093 35
2094 56
2095 44
2096 51
2097 51
2098 63
2099 51
2100 55
2101 43
2102 51
2103 43
2104 52
2105 35
2106 52
2107 55
2108 44
2109 53
2110 47
2111 70
2112 41
2113 62
2114 47
2115 45
2116 56
2117 60
2118 52
2119 52
2120 55
2121 49
2122 51
2123 41
2124 45
2125 42
2126 54
2127 52
2128 60
2129 57
2130 43
2131 64
2132 44
2133 54
2134 47
2135 52
2136 61
2137 54
2138 61
2139 59
2140 63
2141 48
2142 46
2143 64
2144 48
2145 43
2146 38
2147 58
2148 39
2149 50
2150 41
2151 55
2152 59
2153 42
2154 52
2155 48
2156 58
2157 53
2158 54
2159 34
2160 43
2161 48
2162 57
2163 50
2164 50
2165 59
2166 53
2167 55
2168 40
2169 58
2170 51
2171 51
2172 53
2173 39
2174 44
2175 55
2176 50
2177 64
2178 40
2179 50
2180 51
2181 41
2182 42
2183 62
2184 52
2185 55
2186 45
2187 47
2188 50
2189 44
2190 47
2191 50
2192 56
2193 42
2194 41
2195 47
2196 55
2197 42
2198 49
2199 53
2200 58
2201 47
2202 52
2203 48
2204 48
2205 51
2206 58
2207 49
2208 49
2209 55
2210 52
2211 53
2212 49
2213 27
2214 43
2215 48
2216 45
2217 56
2218 43
2219 50
2220 41
2221 32
2222 42
2223 35
2224 39
2225 45
2226 43
2227 44
2228 49
2229 52
2230 49
2231 50
2232 54
2233 45
2234 48
2235 42
2236 40
2237 42
2238 46
2239 40
2240 40
2241 48
2242 48
2243 64
2244 53
2245 40
2246 55
2247 45
2248 35
2249 52
2250 40
2251 47
2252 34
2253 48
2254 40
2255 49
2256 42
2257 43
2258 47
2259 50
2260 55
2261 39
2262 50
2263 51
2264 47
2265 42
2266 38
2267 53
2268 43
2269 54
2270 49
2271 48
2272 38
2273 46
2274 46
2275 51
2276 34
2277 51
2278 46
2279 39
2280 47
2281 40
2282 48
2283 36
2284 42
2285 50
2286 48
2287 41
2288 48
2289 30
2290 38
2291 42
2292 58
2293 45
2294 40
2295 36
2296 49
2297 45
2298 37
2299 39
2300 34
2301 40
2302 38
2303 48
2304 35
2305 44
2306 41
2307 32
2308 51
2309 43
2310 63
2311 36
2312 46
2313 38
2314 26
2315 52
2316 29
2317 40
2318 39
2319 42
2320 35
2321 46
2322 41
2323 37
2324 35
2325 51
2326 39
2327 34
2328 39
2329 44
2330 39
2331 39
2332 41
2333 40
2334 37
2335 38
2336 41
2337 55
2338 39
2339 36
2340 38
2341 37
2342 39
2343 38
2344 38
2345 36
2346 31
2347 48
2348 47
2349 42
2350 46
2351 49
2352 46
2353 36
2354 36
2355 39
2356 30
2357 39
2358 32
2359 49
2360 32
2361 42
2362 37
2363 37
2364 37
2365 26
2366 35
2367 40
2368 39
2369 39
2370 37
2371 40
2372 37
2373 34
2374 43
2375 42
2376 31
2377 33
2378 35
2379 36
2380 40
2381 27
2382 25
2383 45
2384 37
2385 31
2386 30
2387 23
2388 33
2389 34
2390 31
2391 36
2392 41
2393 38
2394 27
2395 33
2396 28
2397 38
2398 26
2399 37
2400 18
2401 21
2402 23
2403 39
2404 43
2405 29
2406 40
2407 39
2408 28
2409 29
2410 28
2411 32
2412 36
2413 32
2414 39
2415 34
2416 39
2417 31
2418 32
2419 35
2420 33
2421 41
2422 23
2423 28
2424 20
2425 31
2426 33
2427 24
2428 32
2429 31
2430 24
2431 29
2432 28
2433 25
2434 34
2435 43
2436 41
2437 27
2438 33
2439 28
2440 37
2441 28
2442 30
2443 32
2444 32
2445 35
2446 26
2447 46
2448 28
2449 38
2450 32
2451 23
2452 30
2453 36
2454 25
2455 39
2456 32
2457 30
2458 29
2459 28
2460 34
2461 30
2462 34
2463 28
2464 32
2465 25
2466 22
2467 26
2468 35
2469 29
2470 33
2471 21
2472 24
2473 27
2474 29
2475 19
2476 22
2477 32
2478 36
2479 15
2480 22
2481 25
2482 20
2483 18
2484 31
2485 23
2486 20
2487 30
2488 39
2489 25
2490 33
2491 25
2492 28
2493 24
2494 30
2495 21
2496 23
2497 23
2498 26
2499 30
2500 27
2501 29
2502 20
2503 21
2504 16
2505 23
2506 17
2507 27
2508 28
2509 26
2510 22
2511 18
2512 24
2513 12
2514 18
2515 30
2516 24
2517 27
2518 24
2519 23
2520 20
2521 26
2522 16
2523 24
2524 19
2525 20
2526 23
2527 23
2528 20
2529 30
2530 24
2531 17
2532 33
2533 22
2534 17
2535 19
2536 18
2537 14
2538 18
2539 16
2540 17
2541 23
2542 25
2543 17
2544 26
2545 16
2546 15
2547 18
2548 18
2549 24
2550 23
2551 27
2552 26
2553 22
2554 18
2555 12
2556 16
2557 25
2558 25
2559 16
2560 16
2561 22
2562 18
2563 25
2564 9
2565 26
2566 22
2567 16
2568 24
2569 16
2570 18
2571 25
2572 13
2573 18
2574 13
2575 21
2576 17
2577 13
2578 18
2579 24
2580 25
2581 22
2582 19
2583 16
2584 12
2585 26
2586 15
2587 18
2588 26
2589 13
2590 21
2591 15
2592 25
2593 22
2594 21
2595 21
2596 13
2597 13
2598 12
2599 20
2600 15
2601 24
2602 21
2603 16
2604 18
2605 19
2606 16
2607 18
2608 14
2609 14
2610 15
2611 9
2612 11
2613 17
2614 12
2615 20
2616 19
2617 20
2618 23
2619 19
2620 11
2621 14
2622 17
2623 15
2624 15
2625 18
2626 22
2627 11
2628 13
2629 16
2630 12
2631 20
2632 22
2633 11
2634 11
2635 21
2636 9
2637 13
2638 13
2639 14
2640 16
2641 4
2642 12
2643 17
2644 15
2645 18
2646 14
2647 17
2648 12
2649 16
2650 10
2651 6
2652 10
2653 12
2654 15
2655 10
2656 12
2657 14
2658 14
2659 11
2660 13
2661 20
2662 8
2663 16
2664 10
2665 19
2666 13
2667 12
2668 14
2669 20
2670 15
2671 13
2672 17
2673 9
2674 10
2675 8
2676 13
2677 10
2678 12
2679 11
2680 8
2681 8
2682 13
2683 14
2684 13
2685 13
2686 13
2687 14
2688 10
2689 8
2690 9
2691 7
2692 13
2693 12
2694 10
2695 17
2696 10
2697 12
2698 18
2699 9
2700 15
2701 12
2702 9
2703 15
2704 12
2705 11
2706 14
2707 13
2708 13
2709 7
2710 8
2711 9
2712 9
2713 2
2714 14
2715 7
2716 14
2717 13
2718 14
2719 11
2720 4
2721 10
2722 8
2723 12
2724 13
2725 14
2726 17
2727 8
2728 7
2729 12
2730 8
2731 11
2732 7
2733 17
2734 6
2735 9
2736 12
2737 8
2738 4
2739 10
2740 5
2741 8
2742 7
2743 7
2744 7
2745 10
2746 14
2747 9
2748 12
2749 8
2750 5
2751 4
2752 7
2753 7
2754 7
2755 18
2756 6
2757 10
2758 6
2759 8
2760 8
2761 7
2762 7
2763 8
2764 12
2765 7
2766 8
2767 7
2768 6
2769 9
2770 7
2771 10
2772 8
2773 8
2774 8
2775 10
2776 8
2777 7
2778 13
2779 10
2780 8
2781 8
2782 9
2783 11
2784 13
2785 3
2786 8
2787 11
2788 10
2789 11
2790 8
2791 10
2792 3
2793 6
2794 10
2795 8
2796 9
2797 8
2798 5
2799 7
2800 6
2801 8
2802 12
2803 10
2804 6
2805 8
2806 9
2807 8
2808 11
2809 3
2810 4
2811 7
2812 6
2813 10
2814 5
2815 2
2816 10
2817 5
2818 5
2819 4
2820 4
2821 4
2822 5
2823 4
2824 6
2825 8
2826 4
2827 5
2828 11
2829 11
2830 9
2831 0
2832 7
2833 7
2834 6
2835 7
2836 10
2837 9
2838 9
2839 4
2840 5
2841 4
2842 4
2843 10
2844 3
2845 6
2846 3
2847 3
2848 4
2849 0
2850 4
2851 5
2852 4
2853 6
2854 6
2855 5
2856 4
2857 4
2858 6
2859 6
2860 9
2861 6
2862 8
2863 2
2864 5
2865 3
2866 5
2867 4
2868 7
2869 1
2870 4
2871 5
2872 2
2873 4
2874 3
2875 3
2876 4
2877 3
2878 2
2879 5
2880 5
2881 3
2882 4
2883 4
2884 3
2885 5
2886 3
2887 0
2888 3
2889 4
2890 1
2891 3
2892 7
2893 5
2894 3
2895 4
2896 4
2897 3
2898 5
2899 0
2900 3
2901 6
2902 2
2903 2
2904 4
2905 4
2906 6
2907 8
2908 6
2909 5
2910 1
2911 1
2912 6
2913 4
2914 4
2915 10
2916 2
2917 5
2918 5
2919 1
2920 6
2921 3
2922 3
2923 4
2924 3
2925 4
2926 5
2927 1
2928 6
2929 6
2930 7
2931 7
2932 4
2933 8
2934 6
2935 2
2936 6
2937 5
2938 6
2939 3
2940 2
2941 6
2942 5
2943 3
2944 2
2945 4
2946 6
2947 2
2948 2
2949 4
2950 3
2951 2
2952 0
2953 1
2954 4
2955 5
2956 2
2957 3
2958 5
2959 5
2960 0
2961 4
2962 5
2963 2
2964 1
2965 3
2966 4
2967 3
2968 2
2969 4
2970 2
2971 6
2972 4
2973 1
2974 1
2975 2
2976 2
2977 2
2978 1
2979 3
2980 3
2981 4
2982 6
2983 3
2984 1
2985 2
2986 1
2987 3
2988 3
2989 4
2990 4
2991 1
2992 5
2993 8
2994 6
2995 4
2996 0
2997 6
2998 6
2999 6
3000 3
3001 3
3002 2
3003 7
3004 5
3005 5
3006 3
3007 2
3008 4
3009 3
3010 3
3011 4
3012 2
3013 2
3014 2
3015 0
3016 0
3017 5
3018 4
3019 0
3020 2
3021 3
3022 3
3023 3
3024 3
3025 2
3026 4
3027 5
3028 4
3029 4
3030 5
3031 4
3032 2
3033 4
3034 2
3035 0
3036 1
3037 3
3038 3
3039 0
3040 1
3041 1
3042 2
3043 2
3044 3
3045 0
3046 2
3047 2
3048 7
3049 2
3050 3
3051 2
3052 4
3053 7
3054 1
3055 4
3056 1
3057 2
3058 4
3059 1
3060 2
3061 0
3062 0
3063 3
3064 0
3065 4
3066 1
3067 2
3068 2
3069 1
3070 3
3071 4
3072 2
3073 4
3074 2
3075 2
3076 4
3077 3
3078 1
3079 2
3080 2
3081 2
3082 2
3083 1
3084 0
3085 0
3086 1
3087 3
3088 2
3089 2
3090 3
3091 2
3092 1
3093 1
3094 2
3095 2
3096 2
3097 1
3098 2
3099 2
3100 4
3101 2
3102 3
3103 1
3104 1
3105 2
3106 0
3107 2
3108 3
3109 1
3110 3
3111 3
3112 0
3113 1
3114 1
3115 1
3116 2
3117 1
3118 0
3119 3
3120 1
3121 2
3122 0
3123 1
3124 0
3125 2
3126 4
3127 2
3128 0
3129 0
3130 1
3131 1
3132 3
3133 2
3134 1
3135 1
3136 3
3137 2
3138 1
3139 0
3140 3
3141 1
3142 2
3143 0
3144 0
3145 4
3146 2
3147 2
3148 1
3149 2
3150 3
3151 1
3152 1
3153 3
3154 3
3155 0
3156 1
3157 1
3158 1
3159 1
3160 2
3161 3
3162 3
3163 1
3164 5
3165 1
3166 0
3167 1
3168 0
3169 2
3170 2
3171 2
3172 0
3173 1
3174 2
3175 2
3176 2
3177 0
3178 2
3179 2
3180 2
3181 1
3182 2
3183 0
3184 1
3185 2
3186 0
3187 2
3188 1
3189 1
3190 0
3191 3
3192 0
3193 1
3194 0
3195 2
3196 1
3197 2
3198 2
3199 1
3200 2
3201 1
3202 3
3203 3
3204 1
3205 2
3206 0
3207 3
3208 2
3209 1
3210 2
3211 1
3212 2
3213 3
3214 2
3215 2
3216 1
3217 0
3218 1
3219 2
3220 2
3221 1
3222 0
3223 1
3224 2
3225 0
3226 0
3227 2
3228 0
3229 4
3230 0
3231 2
3232 3
3233 3
3234 1
3235 2
3236 2
3237 1
3238 2
3239 2
3240 0
3241 4
3242 0
3243 2
3244 2
3245 2
3246 1
3247 2
3248 1
3249 3
3250 2
3251 1
3252 0
3253 2
3254 2
3255 0
3256 0
3257 3
3258 1
3259 0
3260 0
3261 3
3262 5
3263 0
3264 2
3265 2
3266 2
3267 1
3268 3
3269 0
3270 3
3271 0
3272 1
3273 1
3274 2
3275 2
3276 0
3277 1
3278 2
3279 0
3280 3
3281 0
3282 0
3283 0
3284 2
3285 1
3286 1
3287 2
3288 2
3289 1
3290 0
3291 2
3292 4
3293 1
3294 1
3295 1
3296 0
3297 2
3298 1
3299 1
3300 2
3301 1
3302 2
3303 2
3304 1
3305 1
3306 0
3307 1
3308 1
3309 2
3310 0
3311 1
3312 2
3313 0
3314 1
3315 2
3316 1
3317 2
3318 1
3319 2
3320 0
3321 1
3322 4
3323 2
3324 1
3325 4
3326 1
3327 0
3328 1
3329 1
3330 2
3331 4
3332 1
3333 2
3334 1
3335 0
3336 0
3337 1
3338 1
3339 1
3340 2
3341 0
3342 2
3343 1
3344 0
3345 2
3346 1
3347 0
3348 2
3349 1
3350 2
3351 1
3352 2
3353 2
3354 1
3355 1
3356 0
3357 0
3358 2
3359 2
3360 1
3361 0
3362 2
3363 1
3364 2
3365 3
3366 1
3367 1
3368 3
3369 1
3370 1
3371 0
3372 3
3373 0
3374 0
3375 1
3376 2
3377 2
3378 2
3379 2
3380 1
3381 0
3382 0
3383 0
3384 1
3385 4
3386 1
3387 1
3388 0
3389 0
3390 1
3391 0
3392 4
3393 1
3394 1
3395 3
3396 1
3397 1
3398 0
3399 2
3400 0
3401 1
3402 0
3403 2
3404 2
3405 1
3406 1
3407 0
3408 0
3409 1
3410 0
3411 0
3412 1
3413 0
3414 1
3415 0
3416 1
3417 1
3418 1
3419 1
3420 1
3421 1
3422 0
3423 2
3424 0
3425 0
3426 1
3427 3
3428 1
3429 1
3430 1
3431 1
3432 0
3433 0
3434 2
3435 1
3436 1
3437 0
3438 2
3439 2
3440 0
3441 0
3442 1
3443 1
3444 3
3445 0
3446 1
3447 1
3448 3
3449 1
3450 0
3451 1
3452 1
3453 1
3454 1
3455 1
3456 1
3457 2
3458 1
3459 1
3460 0
3461 0
3462 1
3463 0
3464 0
3465 1
3466 1
3467 1
3468 0
3469 1
3470 0
3471 1
3472 0
3473 1
3474 0
3475 0
3476 0
3477 0
3478 1
3479 1
3480 0
3481 1
3482 0
3483 0
3484 0
3485 1
3486 0
3487 1
3488 0
3489 1
3490 2
3491 1
3492 0
3493 1
3494 0
3495 1
3496 0
3497 2
3498 2
3499 0
3500 1
3501 0
3502 0
3503 0
3504 1
3505 1
3506 0
3507 1
3508 2
3509 2
3510 0
3511 3
3512 1
3513 1
3514 1
3515 0
3516 1
3517 0
3518 1
3519 3
3520 0
3521 3
3522 0
3523 0
3524 0
3525 0
3526 0
3527 1
3528 1
3529 1
3530 1
3531 2
3532 2
3533 1
3534 1
3535 0
3536 1
3537 2
3538 0
3539 0
3540 2
3541 0
3542 0
3543 0
3544 2
3545 0
3546 0
3547 1
3548 1
3549 1
3550 0
3551 0
3552 0
3553 0
3554 1
3555 0
3556 0
3557 1
3558 1
3559 0
3560 0
3561 0
3562 0
3563 0
3564 1
3565 1
3566 1
3567 0
3568 2
3569 3
3570 1
3571 1
3572 1
3573 1
3574 0
3575 0
3576 0
3577 0
3578 4
3579 2
3580 2
3581 2
3582 0
3583 0
3584 0
3585 3
3586 1
3587 2
3588 1
3589 0
3590 0
3591 0
3592 0
3593 0
3594 0
3595 2
3596 0
3597 1
3598 0
3599 1
3600 0
3601 0
3602 0
3603 1
3604 0
3605 0
3606 1
3607 0
3608 1
3609 0
3610 1
3611 0
3612 0
3613 0
3614 1
3615 0
3616 0
3617 0
3618 0
3619 3
3620 1
3621 1
3622 0
3623 0
3624 3
3625 0
3626 0
3627 1
3628 1
3629 0
3630 0
3631 2
3632 2
3633 0
3634 0
3635 0
3636 1
3637 0
3638 1
3639 3
3640 1
3641 0
3642 0
3643 0
3644 2
3645 1
3646 0
3647 1
3648 0
3649 0
3650 0
3651 0
3652 2
3653 3
3654 0
3655 0
3656 1
3657 0
3658 0
3659 0
3660 1
3661 1
3662 0
3663 0
3664 0
3665 0
3666 0
3667 0
3668 0
3669 1
3670 0
3671 1
3672 1
3673 2
3674 2
3675 1
3676 0
3677 0
3678 2
3679 0
3680 2
3681 2
3682 1
3683 0
3684 1
3685 4
3686 0
3687 0
3688 0
3689 1
3690 2
3691 1
3692 1
3693 2
3694 0
3695 0
3696 0
3697 0
3698 0
3699 1
3700 0
3701 1
3702 0
3703 2
3704 0
3705 2
3706 2
3707 0
3708 0
3709 2
3710 2
3711 0
3712 0
3713 0
3714 0
3715 3
3716 2
3717 2
3718 0
3719 1
3720 2
3721 1
3722 0
3723 1
3724 0
3725 0
3726 0
3727 5
3728 1
3729 1
3730 2
3731 3
3732 1
3733 1
3734 0
3735 1
3736 1
3737 1
3738 1
3739 0
3740 1
3741 0
3742 1
3743 0
3744 2
3745 2
3746 1
3747 0
3748 0
3749 0
3750 0
3751 1
3752 2
3753 0
3754 1
3755 2
3756 0
3757 1
3758 2
3759 3
3760 0
3761 1
3762 0
3763 0
3764 0
3765 0
3766 1
3767 2
3768 1
3769 0
3770 0
3771 0
3772 1
3773 0
3774 1
3775 1
3776 0
3777 1
3778 2
3779 1
3780 0
3781 3
3782 1
3783 0
3784 2
3785 0
3786 0
3787 0
3788 1
3789 2
3790 0
3791 0
3792 0
3793 0
3794 0
3795 1
3796 0
3797 1
3798 0
3799 2
3800 0
3801 0
3802 1
3803 1
3804 1
3805 0
3806 0
3807 0
3808 0
3809 0
3810 1
3811 4
3812 2
3813 1
3814 0
3815 0
3816 0
3817 1
3818 1
3819 1
3820 2
3821 1
3822 2
3823 0
3824 1
3825 0
3826 0
3827 0
3828 0
3829 3
3830 1
3831 1
3832 0
3833 0
3834 1
3835 0
3836 1
3837 1
3838 1
3839 0
3840 2
3841 0
3842 0
3843 0
3844 0
3845 1
3846 0
3847 1
3848 0
3849 0
3850 2
3851 0
3852 0
3853 0
3854 1
3855 1
3856 2
3857 1
3858 1
3859 2
3860 0
3861 0
3862 0
3863 0
3864 0
3865 3
3866 1
3867 0
3868 0
3869 1
3870 1
3871 1
3872 4
3873 2
3874 1
3875 1
3876 2
3877 0
3878 0
3879 1
3880 0
3881 1
3882 1
3883 1
3884 1
3885 0
3886 0
3887 1
3888 0
3889 0
3890 1
3891 0
3892 0
3893 1
3894 1
3895 0
3896 1
3897 0
3898 1
3899 0
3900 1
3901 0
3902 0
3903 0
3904 0
3905 1
3906 0
3907 0
3908 0
3909 0
3910 1
3911 0
3912 1
3913 1
3914 0
3915 0
3916 0
3917 0
3918 0
3919 1
3920 0
3921 1
3922 1
3923 1
3924 1
3925 0
3926 0
3927 1
3928 0
3929 1
3930 1
3931 0
3932 0
3933 0
3934 1
3935 0
3936 0
3937 0
3938 1
3939 3
3940 0
3941 1
3942 0
3943 0
3944 1
3945 2
3946 0
3947 1
3948 0
3949 0
3950 2
3951 0
3952 0
3953 0
3954 1
3955 0
3956 1
3957 0
3958 0
3959 0
3960 0
3961 1
3962 1
3963 0
3964 0
3965 0
3966 0
3967 0
3968 2
3969 0
3970 0
3971 0
3972 1
3973 0
3974 1
3975 0
3976 2
3977 1
3978 3
3979 0
3980 2
3981 0
3982 0
3983 1
3984 1
3985 0
3986 1
3987 1
3988 0
3989 1
3990 0
3991 1
3992 1
3993 1
3994 0
3995 0
3996 0
3997 0
3998 0
3999 0
4000 1
