0 0
1 0
2 0
3 0
4 0
5 0
6 0
7 0
8 0
9 0
10 0
11 0
12 0
13 0
14 0
15 0
16 0
17 0
18 0
19 0
20 0
21 0
22 0
23 0
24 0
25 0
26 0
27 0
28 0
29 0
30 0
31 0
32 0
33 0
34 0
35 0
36 0
37 0
38 0
39 0
40 0
41 0
42 0
43 0
44 0
45 0
46 0
47 0
48 0
49 0
50 0
51 0
52 0
53 0
54 0
55 0
56 0
57 0
58 0
59 0
60 0
61 0
62 0
63 0
64 0
65 0
66 0
67 0
68 0
69 0
70 0
71 0
72 0
73 1
74 0
75 0
76 0
77 0
78 0
79 0
80 0
81 0
82 0
83 1
84 1
85 0
86 0
87 0
88 0
89 0
90 0
91 0
92 0
93 0
94 0
95 0
96 0
97 0
98 0
99 0
100 0
101 0
102 0
103 0
104 0
105 0
106 0
107 0
108 0
109 0
110 0
111 0
112 0
113 0
114 0
115 0
116 0
117 0
118 0
119 0
120 0
121 0
122 0
123 0
124 0
125 0
126 0
127 0
128 0
129 0
130 0
131 0
132 1
133 0
134 0
135 0
136 1
137 1
138 0
139 1
140 1
141 0
142 1
143 5
144 3
145 9
146 20
147 61
148 111
149 178
150 285
151 403
152 521
153 652
154 799
155 1033
156 1365
157 2109
158 3681
159 5793
160 8400
161 10510
162 12708
163 14707
164 16448
165 17992
166 19984
167 21927
168 24321
169 26327
170 28356
171 30641
172 32220
173 34034
174 35542
175 37060
176 37626
177 38138
178 38144
179 38166
180 37091
181 36339
182 35344
183 33372
184 31748
185 30338
186 27999
187 26108
188 23976
189 21982
190 20391
191 18317
192 16828
193 15409
194 14215
195 13061
196 12071
197 11158
198 10360
199 10024
200 9254
201 9129
202 8596
203 8155
204 8183
205 7986
206 7751
207 7783
208 7796
209 7492
210 7520
211 7538
212 7403
213 7454
214 7351
215 7205
216 7137
217 7145
218 7211
219 7037
220 7050
221 6819
222 6843
223 6837
224 6952
225 6868
226 6793
227 6882
228 6867
229 6857
230 6906
231 6738
232 6876
233 6635
234 6703
235 6880
236 6994
237 6798
238 6876
239 6752
240 6920
241 6830
242 6775
243 7056
244 7044
245 6849
246 6952
247 6873
248 7008
249 7041
250 6895
251 6789
252 6975
253 7024
254 6865
255 6914
256 7113
257 6957
258 6926
259 6968
260 7128
261 7137
262 6994
263 6982
264 6923
265 7054
266 7079
267 7079
268 7102
269 7012
270 6998
271 7081
272 7021
273 7081
274 7057
275 7066
276 7007
277 6984
278 7081
279 6949
280 7069
281 6962
282 6952
283 7005
284 7138
285 7188
286 6947
287 7033
288 7133
289 6885
290 7092
291 6936
292 6951
293 7102
294 7041
295 7025
296 6968
297 6949
298 7022
299 7140
300 7098
301 7190
302 7105
303 6820
304 7159
305 6936
306 7107
307 6944
308 6940
309 6925
310 6979
311 6935
312 6867
313 7042
314 6862
315 6824
316 6964
317 6829
318 6786
319 6917
320 6910
321 6879
322 6887
323 6635
324 6844
325 6748
326 6841
327 6818
328 6764
329 6553
330 6707
331 6691
332 6737
333 6800
334 6821
335 6786
336 6497
337 6782
338 6591
339 6584
340 6634
341 6574
342 6527
343 6501
344 6488
345 6461
346 6417
347 6354
348 6432
349 6412
350 6409
351 6263
352 6305
353 6302
354 6189
355 6208
356 6168
357 6217
358 6117
359 6155
360 6020
361 6118
362 6114
363 6111
364 5935
365 5944
366 5832
367 5813
368 5834
369 5987
370 5886
371 5823
372 5720
373 5687
374 5831
375 5626
376 5534
377 5688
378 5617
379 5498
380 5475
381 5558
382 5391
383 5475
384 5415
385 5350
386 5257
387 5297
388 5356
389 5341
390 5160
391 5164
392 5064
393 5163
394 5155
395 5048
396 5021
397 4903
398 4897
399 4785
400 4832
401 4896
402 4867
403 4805
404 4741
405 4825
406 4671
407 4789
408 4658
409 4578
410 4673
411 4571
412 4415
413 4437
414 4519
415 4334
416 4340
417 4303
418 4351
419 4338
420 4251
421 4246
422 4128
423 4096
424 4102
425 4103
426 4037
427 4118
428 3949
429 3874
430 3934
431 3881
432 3858
433 3787
434 3732
435 3867
436 3700
437 3635
438 3658
439 3563
440 3729
441 3610
442 3640
443 3563
444 3463
445 3556
446 3420
447 3477
448 3326
449 3314
450 3263
451 3274
452 3217
453 3244
454 3267
455 3121
456 3028
457 3027
458 3094
459 3036
460 3090
461 2888
462 2910
463 2900
464 2831
465 2905
466 2811
467 2867
468 2734
469 2765
470 2713
471 2639
472 2657
473 2676
474 2693
475 2550
476 2553
477 2546
478 2487
479 2508
480 2435
481 2391
482 2349
483 2239
484 2260
485 2276
486 2327
487 2265
488 2313
489 2296
490 2197
491 2212
492 2096
493 2135
494 2061
495 2058
496 2142
497 2085
498 2040
499 2022
500 1967
501 1988
502 1972
503 1909
504 1858
505 1840
506 1801
507 1869
508 1829
509 1778
510 1739
511 1765
512 1699
513 1801
514 1704
515 1716
516 1697
517 1658
518 1579
519 1594
520 1646
521 1519
522 1581
523 1459
524 1497
525 1515
526 1410
527 1428
528 1440
529 1444
530 1432
531 1347
532 1369
533 1324
534 1338
535 1309
536 1293
537 1246
538 1261
539 1252
540 1294
541 1196
542 1198
543 1222
544 1177
545 1187
546 1129
547 1152
548 1169
549 1091
550 1124
551 1121
552 1045
553 1060
554 1020
555 1004
556 997
557 1027
558 996
559 1016
560 976
561 935
562 931
563 950
564 899
565 926
566 898
567 855
568 843
569 882
570 870
571 849
572 760
573 802
574 845
575 790
576 809
577 763
578 713
579 746
580 787
581 737
582 756
583 690
584 668
585 699
586 681
587 670
588 684
589 703
590 661
591 681
592 599
593 649
594 624
595 642
596 620
597 571
598 629
599 579
600 583
601 569
602 582
603 566
604 559
605 521
606 543
607 503
608 523
609 531
610 513
611 512
612 478
613 502
614 488
615 476
616 450
617 491
618 437
619 461
620 453
621 443
622 421
623 449
624 446
625 387
626 402
627 411
628 453
629 423
630 385
631 413
632 381
633 352
634 385
635 371
636 383
637 365
638 379
639 364
640 365
641 365
642 377
643 356
644 304
645 295
646 333
647 312
648 291
649 346
650 324
651 320
652 338
653 291
654 316
655 298
656 301
657 295
658 287
659 295
660 292
661 280
662 268
663 269
664 247
665 268
666 256
667 277
668 272
669 269
670 258
671 273
672 236
673 257
674 274
675 253
676 215
677 222
678 225
679 229
680 247
681 229
682 229
683 216
684 185
685 195
686 221
687 236
688 219
689 185
690 218
691 202
692 202
693 188
694 194
695 229
696 212
697 187
698 183
699 209
700 192
701 185
702 206
703 152
704 176
705 169
706 184
707 159
708 181
709 182
710 180
711 177
712 188
713 183
714 174
715 168
716 174
717 221
718 179
719 168
720 151
721 150
722 157
723 163
724 167
725 157
726 166
727 144
728 142
729 125
730 167
731 156
732 143
733 141
734 149
735 158
736 146
737 139
738 135
739 142
740 149
741 127
742 127
743 134
744 155
745 122
746 131
747 122
748 142
749 131
750 153
751 134
752 137
753 119
754 128
755 138
756 131
757 113
758 125
759 132
760 118
761 136
762 134
763 137
764 138
765 127
766 115
767 114
768 120
769 108
770 136
771 111
772 121
773 109
774 131
775 110
776 97
777 93
778 101
779 141
780 110
781 112
782 124
783 122
784 112
785 85
786 98
787 122
788 112
789 113
790 115
791 128
792 98
793 110
794 107
795 120
796 121
797 111
798 105
799 112
800 124
801 96
802 110
803 115
804 116
805 122
806 118
807 89
808 110
809 120
810 103
811 112
812 116
813 98
814 108
815 116
816 97
817 114
818 89
819 103
820 101
821 119
822 103
823 109
824 115
825 123
826 96
827 95
828 97
829 115
830 107
831 107
832 99
833 105
834 120
835 104
836 91
837 107
838 97
839 110
840 116
841 100
842 121
843 102
844 106
845 90
846 109
847 112
848 91
849 113
850 107
851 116
852 106
853 135
854 118
855 124
856 101
857 106
858 110
859 99
860 110
861 108
862 117
863 100
864 135
865 108
866 113
867 116
868 107
869 104
870 106
871 104
872 117
873 87
874 100
875 116
876 108
877 118
878 115
879 121
880 111
881 118
882 113
883 126
884 96
885 106
886 107
887 126
888 113
889 106
890 123
891 109
892 97
893 107
894 132
895 107
896 106
897 97
898 105
899 113
900 100
901 107
902 114
903 113
904 98
905 115
906 100
907 122
908 107
909 108
910 132
911 86
912 114
913 127
914 131
915 123
916 121
917 101
918 106
919 114
920 120
921 104
922 124
923 124
924 123
925 108
926 115
927 130
928 109
929 113
930 130
931 122
932 107
933 118
934 103
935 129
936 119
937 119
938 110
939 106
940 101
941 126
942 121
943 121
944 123
945 120
946 121
947 102
948 110
949 129
950 117
951 109
952 106
953 114
954 120
955 106
956 111
957 116
958 113
959 130
960 124
961 105
962 112
963 116
964 101
965 117
966 116
967 123
968 118
969 115
970 98
971 108
972 115
973 99
974 120
975 118
976 110
977 95
978 125
979 112
980 118
981 113
982 123
983 131
984 131
985 117
986 118
987 117
988 112
989 117
990 119
991 119
992 113
993 146
994 121
995 110
996 142
997 100
998 122
999 101
1000 113
1001 104
1002 112
1003 118
1004 105
1005 114
1006 97
1007 149
1008 102
1009 90
1010 103
1011 89
1012 116
1013 114
1014 119
1015 134
1016 129
1017 112
1018 102
1019 114
1020 108
1021 100
1022 125
1023 110
1024 106
1025 100
1026 100
1027 120
1028 129
1029 126
1030 128
1031 117
1032 119
1033 122
1034 101
1035 128
1036 121
1037 103
1038 107
1039 94
1040 108
1041 116
1042 132
1043 98
1044 116
1045 109
1046 104
1047 92
1048 111
1049 100
1050 102
1051 121
1052 97
1053 98
1054 119
1055 108
1056 97
1057 119
1058 102
1059 114
1060 113
1061 106
1062 102
1063 118
1064 106
1065 118
1066 120
1067 116
1068 114
1069 114
1070 123
1071 100
1072 104
1073 120
1074 126
1075 107
1076 108
1077 92
1078 122
1079 102
1080 124
1081 94
1082 102
1083 97
1084 104
1085 95
1086 113
1087 82
1088 103
1089 113
1090 95
1091 106
1092 89
1093 116
1094 98
1095 114
1096 101
1097 99
1098 118
1099 112
1100 110
1101 103
1102 104
1103 102
1104 93
1105 81
1106 109
1107 106
1108 100
1109 94
1110 97
1111 107
1112 104
1113 110
1114 115
1115 108
1116 103
1117 91
1118 97
1119 89
1120 98
1121 107
1122 106
1123 109
1124 83
1125 94
1126 105
1127 86
1128 92
1129 94
1130 95
1131 103
1132 98
1133 84
1134 105
1135 93
1136 81
1137 90
1138 78
1139 91
1140 89
1141 99
1142 79
1143 97
1144 88
1145 71
1146 106
1147 87
1148 90
1149 91
1150 93
1151 103
1152 98
1153 101
1154 82
1155 86
1156 88
1157 101
1158 80
1159 95
1160 99
1161 85
1162 111
1163 75
1164 92
1165 91
1166 85
1167 81
1168 88
1169 82
1170 85
1171 79
1172 92
1173 74
1174 90
1175 79
1176 91
1177 68
1178 83
1179 95
1180 66
1181 98
1182 83
1183 93
1184 88
1185 78
1186 79
1187 82
1188 78
1189 75
1190 88
1191 83
1192 83
1193 74
1194 83
1195 71
1196 79
1197 71
1198 76
1199 69
1200 68
1201 88
1202 68
1203 74
1204 74
1205 74
1206 68
1207 78
1208 79
1209 81
1210 76
1211 69
1212 79
1213 72
1214 60
1215 84
1216 62
1217 56
1218 62
1219 79
1220 71
1221 65
1222 54
1223 71
1224 66
1225 64
1226 62
1227 77
1228 65
1229 54
1230 61
1231 73
1232 65
1233 60
1234 74
1235 68
1236 65
1237 64
1238 77
1239 62
1240 61
1241 64
1242 54
1243 61
1244 59
1245 63
1246 61
1247 48
1248 49
1249 58
1250 62
1251 75
1252 58
1253 57
1254 62
1255 59
1256 51
1257 75
1258 55
1259 67
1260 56
1261 67
1262 63
1263 57
1264 63
1265 56
1266 61
1267 55
1268 50
1269 57
1270 69
1271 47
1272 48
1273 59
1274 40
1275 52
1276 50
1277 52
1278 51
1279 41
1280 44
1281 49
1282 50
1283 37
1284 49
1285 47
1286 54
1287 59
1288 53
1289 52
1290 46
1291 46
1292 43
1293 56
1294 50
1295 30
1296 45
1297 55
1298 41
1299 47
1300 38
1301 41
1302 45
1303 41
1304 49
1305 50
1306 47
1307 44
1308 55
1309 41
1310 56
1311 40
1312 38
1313 45
1314 48
1315 40
1316 44
1317 45
1318 49
1319 52
1320 46
1321 38
1322 35
1323 44
1324 45
1325 37
1326 36
1327 33
1328 38
1329 31
1330 36
1331 41
1332 29
1333 34
1334 41
1335 47
1336 31
1337 35
1338 44
1339 43
1340 36
1341 30
1342 33
1343 24
1344 30
1345 53
1346 30
1347 44
1348 23
1349 41
1350 40
1351 44
1352 19
1353 35
1354 29
1355 40
1356 29
1357 21
1358 33
1359 31
1360 27
1361 33
1362 26
1363 34
1364 35
1365 31
1366 30
1367 37
1368 27
1369 34
1370 38
1371 29
1372 27
1373 30
1374 31
1375 24
1376 26
1377 34
1378 29
1379 25
1380 26
1381 38
1382 32
1383 30
1384 28
1385 17
1386 27
1387 24
1388 29
1389 30
1390 24
1391 17
1392 23
1393 35
1394 29
1395 22
1396 30
1397 32
1398 31
1399 25
1400 35
1401 23
1402 37
1403 34
1404 25
1405 25
1406 20
1407 17
1408 24
1409 31
1410 23
1411 24
1412 21
1413 19
1414 25
1415 19
1416 19
1417 19
1418 24
1419 25
1420 22
1421 14
1422 18
1423 25
1424 26
1425 14
1426 25
1427 25
1428 15
1429 26
1430 24
1431 25
1432 23
1433 19
1434 17
1435 23
1436 20
1437 17
1438 9
1439 17
1440 11
1441 15
1442 18
1443 16
1444 19
1445 12
1446 8
1447 20
1448 14
1449 21
1450 16
1451 24
1452 15
1453 17
1454 15
1455 20
1456 12
1457 13
1458 19
1459 15
1460 17
1461 16
1462 22
1463 19
1464 17
1465 13
1466 11
1467 14
1468 17
1469 15
1470 11
1471 19
1472 16
1473 21
1474 7
1475 14
1476 21
1477 8
1478 14
1479 15
1480 12
1481 14
1482 20
1483 17
1484 16
1485 9
1486 14
1487 21
1488 12
1489 10
1490 13
1491 13
1492 11
1493 14
1494 13
1495 11
1496 8
1497 10
1498 9
1499 15
1500 14
1501 17
1502 12
1503 12
1504 12
1505 10
1506 17
1507 15
1508 8
1509 11
1510 14
1511 9
1512 12
1513 10
1514 6
1515 13
1516 14
1517 14
1518 8
1519 12
1520 14
1521 10
1522 19
1523 13
1524 13
1525 9
1526 9
1527 8
1528 13
1529 8
1530 8
1531 12
1532 6
1533 6
1534 15
1535 9
1536 7
1537 10
1538 13
1539 9
1540 6
1541 12
1542 7
1543 8
1544 8
1545 15
1546 10
1547 13
1548 13
1549 9
1550 12
1551 9
1552 13
1553 7
1554 4
1555 5
1556 11
1557 16
1558 15
1559 8
1560 8
1561 8
1562 14
1563 10
1564 9
1565 10
1566 7
1567 10
1568 12
1569 7
1570 9
1571 5
1572 11
1573 6
1574 7
1575 4
1576 10
1577 4
1578 5
1579 7
1580 6
1581 6
1582 6
1583 8
1584 10
1585 15
1586 8
1587 7
1588 3
1589 5
1590 9
1591 12
1592 7
1593 6
1594 10
1595 1
1596 12
1597 10
1598 4
1599 9
1600 5
1601 8
1602 6
1603 4
1604 9
1605 9
1606 2
1607 5
1608 9
1609 4
1610 6
1611 5
1612 6
1613 8
1614 7
1615 8
1616 5
1617 6
1618 7
1619 12
1620 8
1621 9
1622 9
1623 13
1624 9
1625 2
1626 3
1627 5
1628 3
1629 14
1630 10
1631 12
1632 8
1633 4
1634 3
1635 7
1636 7
1637 5
1638 7
1639 3
1640 4
1641 7
1642 5
1643 9
1644 9
1645 6
1646 3
1647 7
1648 5
1649 2
1650 8
1651 4
1652 2
1653 5
1654 2
1655 5
1656 3
1657 7
1658 1
1659 5
1660 5
1661 5
1662 3
1663 4
1664 5
1665 2
1666 6
1667 3
1668 8
1669 4
1670 5
1671 7
1672 3
1673 4
1674 6
1675 6
1676 5
1677 3
1678 3
1679 6
1680 6
1681 3
1682 3
1683 8
1684 3
1685 7
1686 3
1687 6
1688 2
1689 3
1690 2
1691 4
1692 3
1693 5
1694 5
1695 2
1696 2
1697 2
1698 4
1699 4
1700 8
1701 4
1702 6
1703 6
1704 3
1705 4
1706 5
1707 2
1708 5
1709 7
1710 5
1711 7
1712 5
1713 2
1714 3
1715 8
1716 2
1717 4
1718 4
1719 3
1720 5
1721 4
1722 1
1723 4
1724 4
1725 1
1726 4
1727 3
1728 4
1729 5
1730 3
1731 4
1732 5
1733 3
1734 5
1735 2
1736 5
1737 6
1738 5
1739 5
1740 0
1741 1
1742 4
1743 4
1744 8
1745 3
1746 2
1747 1
1748 0
1749 1
1750 4
1751 1
1752 10
1753 1
1754 2
1755 1
1756 2
1757 2
1758 0
1759 3
1760 2
1761 5
1762 2
1763 4
1764 1
1765 3
1766 1
1767 3
1768 2
1769 6
1770 2
1771 2
1772 1
1773 3
1774 3
1775 3
1776 3
1777 1
1778 1
1779 3
1780 3
1781 2
1782 3
1783 0
1784 0
1785 2
1786 2
1787 0
1788 3
1789 3
1790 2
1791 3
1792 2
1793 0
1794 6
1795 3
1796 4
1797 3
1798 2
1799 4
1800 4
1801 2
1802 4
1803 2
1804 2
1805 2
1806 3
1807 4
1808 3
1809 0
1810 2
1811 4
1812 3
1813 5
1814 1
1815 0
1816 2
1817 0
1818 3
1819 9
1820 2
1821 1
1822 4
1823 1
1824 1
1825 5
1826 3
1827 5
1828 3
1829 6
1830 4
1831 5
1832 4
1833 4
1834 3
1835 1
1836 1
1837 2
1838 2
1839 2
1840 3
1841 4
1842 4
1843 1
1844 1
1845 1
1846 1
1847 1
1848 4
1849 3
1850 3
1851 5
1852 2
1853 4
1854 1
1855 3
1856 0
1857 2
1858 1
1859 2
1860 1
1861 3
1862 1
1863 2
1864 1
1865 3
1866 3
1867 4
1868 2
1869 2
1870 1
1871 4
1872 1
1873 5
1874 3
1875 5
1876 1
1877 4
1878 2
1879 1
1880 2
1881 0
1882 3
1883 1
1884 2
1885 3
1886 1
1887 3
1888 3
1889 1
1890 3
1891 1
1892 3
1893 1
1894 1
1895 1
1896 3
1897 1
1898 4
1899 3
1900 3
1901 3
1902 4
1903 2
1904 2
1905 1
1906 2
1907 2
1908 2
1909 3
1910 2
1911 2
1912 2
1913 4
1914 1
1915 1
1916 2
1917 0
1918 3
1919 1
1920 1
1921 2
1922 1
1923 4
1924 0
1925 2
1926 0
1927 2
1928 2
1929 1
1930 1
1931 1
1932 1
1933 3
1934 0
1935 3
1936 3
1937 0
1938 0
1939 2
1940 1
1941 1
1942 0
1943 1
1944 1
1945 0
1946 1
1947 3
1948 1
1949 1
1950 1
1951 4
1952 2
1953 1
1954 3
1955 3
1956 1
1957 3
1958 1
1959 4
1960 2
1961 0
1962 1
1963 2
1964 1
1965 2
1966 1
1967 3
1968 1
1969 4
1970 3
1971 2
1972 1
1973 1
1974 2
1975 1
1976 1
1977 2
1978 2
1979 2
1980 3
1981 1
1982 0
1983 4
1984 1
1985 2
1986 2
1987 2
1988 1
1989 3
1990 2
1991 1
1992 1
1993 2
1994 0
1995 2
1996 2
1997 0
1998 1
1999 1
2000 0
2001 0
2002 0
2003 2
2004 1
2005 0
2006 0
2007 2
2008 2
2009 1
2010 0
2011 0
2012 2
2013 1
2014 1
2015 0
2016 1
2017 0
2018 0
2019 0
2020 2
2021 3
2022 1
2023 3
2024 1
2025 1
2026 4
2027 3
2028 2
2029 1
2030 2
2031 2
2032 0
2033 2
2034 0
2035 0
2036 0
2037 1
2038 1
2039 1
2040 1
2041 2
2042 1
2043 3
2044 6
2045 2
2046 4
2047 1
2048 1
2049 1
2050 1
2051 2
2052 2
2053 2
2054 1
2055 1
2056 3
2057 0
2058 0
2059 2
2060 3
2061 0
2062 0
2063 1
2064 1
2065 2
2066 0
2067 1
2068 2
2069 2
2070 1
2071 1
2072 2
2073 0
2074 1
2075 2
2076 0
2077 2
2078 0
2079 1
2080 0
2081 0
2082 2
2083 1
2084 3
2085 2
2086 1
2087 0
2088 3
2089 2
2090 4
2091 2
2092 0
2093 1
2094 1
2095 0
2096 1
2097 0
2098 0
2099 4
2100 0
2101 1
2102 2
2103 0
2104 0
2105 3
2106 4
2107 2
2108 0
2109 2
2110 2
2111 3
2112 0
2113 1
2114 1
2115 0
2116 1
2117 0
2118 0
2119 2
2120 2
2121 3
2122 3
2123 1
2124 3
2125 2
2126 3
2127 2
2128 4
2129 5
2130 0
2131 2
2132 0
2133 0
2134 1
2135 1
2136 3
2137 2
2138 3
2139 2
2140 4
2141 4
2142 1
2143 3
2144 0
2145 0
2146 0
2147 0
2148 0
2149 1
2150 0
2151 3
2152 0
2153 2
2154 1
2155 2
2156 0
2157 1
2158 1
2159 2
2160 0
2161 2
2162 1
2163 4
2164 1
2165 2
2166 2
2167 0
2168 1
2169 4
2170 1
2171 2
2172 1
2173 2
2174 1
2175 0
2176 0
2177 0
2178 1
2179 4
2180 1
2181 0
2182 1
2183 3
2184 1
2185 1
2186 1
2187 1
2188 1
2189 2
2190 1
2191 1
2192 1
2193 0
2194 2
2195 3
2196 1
2197 1
2198 0
2199 3
2200 0
2201 1
2202 0
2203 4
2204 1
2205 0
2206 0
2207 3
2208 2
2209 1
2210 0
2211 0
2212 2
2213 0
2214 1
2215 0
2216 0
2217 1
2218 0
2219 2
2220 1
2221 3
2222 0
2223 1
2224 1
2225 2
2226 0
2227 3
2228 0
2229 1
2230 1
2231 2
2232 1
2233 0
2234 0
2235 0
2236 0
2237 1
2238 3
2239 0
2240 0
2241 2
2242 1
2243 0
2244 1
2245 2
2246 1
2247 2
2248 0
2249 1
2250 2
2251 0
2252 3
2253 1
2254 2
2255 1
2256 2
2257 0
2258 2
2259 2
2260 0
2261 0
2262 2
2263 1
2264 1
2265 1
2266 2
2267 0
2268 1
2269 0
2270 0
2271 1
2272 0
2273 2
2274 1
2275 1
2276 1
2277 5
2278 1
2279 0
2280 2
2281 0
2282 1
2283 0
2284 0
2285 0
2286 0
2287 3
2288 1
2289 0
2290 3
2291 0
2292 1
2293 1
2294 1
2295 1
2296 0
2297 2
2298 0
2299 1
2300 1
2301 1
2302 1
2303 0
2304 0
2305 0
2306 1
2307 1
2308 0
2309 1
2310 0
2311 2
2312 2
2313 2
2314 0
2315 2
2316 1
2317 1
2318 0
2319 1
2320 0
2321 1
2322 4
2323 1
2324 0
2325 1
2326 3
2327 1
2328 0
2329 0
2330 0
2331 2
2332 1
2333 0
2334 1
2335 1
2336 0
2337 1
2338 0
2339 4
2340 2
2341 1
2342 0
2343 2
2344 0
2345 1
2346 1
2347 4
2348 1
2349 1
2350 2
2351 1
2352 0
2353 0
2354 1
2355 0
2356 3
2357 0
2358 2
2359 0
2360 0
2361 2
2362 2
2363 1
2364 2
2365 1
2366 0
2367 0
2368 3
2369 0
2370 0
2371 2
2372 1
2373 2
2374 1
2375 0
2376 1
2377 2
2378 1
2379 0
2380 3
2381 1
2382 0
2383 0
2384 3
2385 1
2386 4
2387 0
2388 0
2389 1
2390 0
2391 0
2392 2
2393 2
2394 0
2395 2
2396 2
2397 0
2398 1
2399 1
2400 0
2401 0
2402 0
2403 0
2404 0
2405 0
2406 0
2407 1
2408 0
2409 1
2410 0
2411 1
2412 3
2413 1
2414 0
2415 1
2416 1
2417 0
2418 0
2419 0
2420 1
2421 0
2422 0
2423 0
2424 1
2425 1
2426 1
2427 2
2428 0
2429 0
2430 1
2431 2
2432 1
2433 0
2434 1
2435 1
2436 2
2437 0
2438 1
2439 0
2440 1
2441 2
2442 3
2443 0
2444 1
2445 2
2446 1
2447 1
2448 0
2449 2
2450 3
2451 2
2452 2
2453 2
2454 2
2455 2
2456 1
2457 3
2458 1
2459 3
2460 1
2461 0
2462 1
2463 1
2464 1
2465 0
2466 0
2467 0
2468 2
2469 1
2470 3
2471 1
2472 0
2473 0
2474 2
2475 2
2476 2
2477 1
2478 2
2479 1
2480 0
2481 0
2482 1
2483 1
2484 1
2485 1
2486 0
2487 0
2488 0
2489 1
2490 0
2491 0
2492 1
2493 1
2494 1
2495 0
2496 0
2497 1
2498 1
2499 1
2500 1
2501 1
2502 0
2503 0
2504 1
2505 1
2506 1
2507 0
2508 0
2509 0
2510 2
2511 0
2512 1
2513 2
2514 1
2515 1
2516 2
2517 1
2518 2
2519 2
2520 1
2521 0
2522 0
2523 0
2524 1
2525 1
2526 2
2527 0
2528 0
2529 1
2530 1
2531 1
2532 1
2533 1
2534 1
2535 0
2536 2
2537 0
2538 0
2539 1
2540 1
2541 1
2542 2
2543 0
2544 0
2545 1
2546 1
2547 0
2548 2
2549 1
2550 2
2551 0
2552 0
2553 0
2554 2
2555 0
2556 0
2557 0
2558 2
2559 1
2560 1
2561 0
2562 2
2563 0
2564 2
2565 1
2566 1
2567 1
2568 2
2569 0
2570 0
2571 0
2572 1
2573 1
2574 0
2575 0
2576 2
2577 0
2578 2
2579 1
2580 2
2581 3
2582 0
2583 0
2584 1
2585 1
2586 2
2587 3
2588 2
2589 1
2590 1
2591 1
2592 1
2593 0
2594 0
2595 0
2596 1
2597 1
2598 1
2599 0
2600 2
2601 0
2602 2
2603 5
2604 3
2605 0
2606 0
2607 0
2608 4
2609 0
2610 0
2611 1
2612 0
2613 1
2614 0
2615 0
2616 0
2617 1
2618 0
2619 0
2620 0
2621 0
2622 1
2623 1
2624 1
2625 2
2626 0
2627 0
2628 0
2629 1
2630 1
2631 1
2632 1
2633 0
2634 1
2635 0
2636 0
2637 1
2638 0
2639 1
2640 2
2641 0
2642 2
2643 1
2644 2
2645 0
2646 0
2647 1
2648 0
2649 2
2650 1
2651 2
2652 1
2653 3
2654 1
2655 0
2656 1
2657 1
2658 1
2659 0
2660 2
2661 1
2662 0
2663 1
2664 0
2665 1
2666 1
2667 0
2668 0
2669 0
2670 1
2671 1
2672 0
2673 0
2674 0
2675 0
2676 3
2677 2
2678 1
2679 1
2680 1
2681 1
2682 1
2683 0
2684 0
2685 1
2686 1
2687 0
2688 0
2689 2
2690 0
2691 0
2692 0
2693 0
2694 2
2695 0
2696 0
2697 1
2698 0
2699 1
2700 0
2701 1
2702 1
2703 0
2704 0
2705 0
2706 2
2707 4
2708 1
2709 2
2710 1
2711 0
2712 2
2713 0
2714 0
2715 0
2716 1
2717 4
2718 3
2719 1
2720 0
2721 0
2722 3
2723 0
2724 1
2725 0
2726 2
2727 0
2728 2
2729 1
2730 0
2731 0
2732 0
2733 3
2734 0
2735 0
2736 0
2737 0
2738 0
2739 2
2740 1
2741 0
2742 1
2743 1
2744 0
2745 1
2746 0
2747 0
2748 0
2749 1
2750 0
2751 1
2752 1
2753 2
2754 2
2755 2
2756 0
2757 0
2758 1
2759 1
2760 1
2761 1
2762 1
2763 1
2764 1
2765 2
2766 0
2767 0
2768 0
2769 1
2770 1
2771 2
2772 0
2773 0
2774 2
2775 3
2776 0
2777 0
2778 0
2779 0
2780 3
2781 0
2782 0
2783 0
2784 2
2785 0
2786 0
2787 0
2788 0
2789 0
2790 1
2791 1
2792 0
2793 2
2794 2
2795 1
2796 1
2797 1
2798 0
2799 1
2800 1
2801 0
2802 0
2803 0
2804 3
2805 0
2806 1
2807 0
2808 2
2809 0
2810 1
2811 0
2812 1
2813 1
2814 0
2815 2
2816 1
2817 1
2818 0
2819 1
2820 1
2821 1
2822 0
2823 0
2824 1
2825 0
2826 0
2827 1
2828 0
2829 0
2830 1
2831 0
2832 4
2833 1
2834 0
2835 0
2836 1
2837 2
2838 0
2839 1
2840 1
2841 0
2842 0
2843 1
2844 2
2845 0
2846 1
2847 1
2848 3
2849 1
2850 0
2851 1
2852 3
2853 1
2854 2
2855 1
2856 1
2857 1
2858 0
2859 1
2860 0
2861 1
2862 0
2863 0
2864 1
2865 0
2866 1
2867 0
2868 1
2869 0
2870 0
2871 0
2872 1
2873 0
2874 1
2875 0
2876 0
2877 1
2878 1
2879 2
2880 2
2881 0
2882 0
2883 1
2884 0
2885 0
2886 0
2887 1
2888 1
2889 0
2890 1
2891 0
2892 0
2893 1
2894 3
2895 1
2896 0
2897 1
2898 0
2899 0
2900 1
2901 0
2902 0
2903 1
2904 1
2905 0
2906 1
2907 0
2908 0
2909 0
2910 0
2911 1
2912 3
2913 0
2914 1
2915 0
2916 0
2917 1
2918 0
2919 1
2920 0
2921 1
2922 0
2923 0
2924 0
2925 0
2926 0
2927 1
2928 1
2929 1
2930 0
2931 1
2932 0
2933 0
2934 0
2935 0
2936 1
2937 0
2938 1
2939 1
2940 1
2941 1
2942 0
2943 1
2944 0
2945 0
2946 0
2947 0
2948 1
2949 0
2950 0
2951 0
2952 1
2953 0
2954 0
2955 0
2956 0
2957 0
2958 0
2959 0
2960 0
2961 1
2962 0
2963 0
2964 2
2965 0
2966 2
2967 1
2968 1
2969 1
2970 0
2971 0
2972 0
2973 2
2974 1
2975 2
2976 0
2977 1
2978 0
2979 0
2980 0
2981 0
2982 0
2983 0
2984 0
2985 1
2986 1
2987 3
2988 0
2989 1
2990 0
2991 0
2992 1
2993 0
2994 0
2995 1
2996 1
2997 1
2998 1
2999 2
3000 1
3001 1
3002 2
3003 0
3004 1
3005 0
3006 3
3007 1
3008 0
3009 1
3010 2
3011 0
3012 1
3013 0
3014 0
3015 0
3016 0
3017 0
3018 0
3019 0
3020 1
3021 0
3022 0
3023 1
3024 0
3025 0
3026 0
3027 0
3028 1
3029 1
3030 0
3031 0
3032 0
3033 1
3034 0
3035 3
3036 1
3037 0
3038 1
3039 0
3040 1
3041 1
3042 2
3043 0
3044 0
3045 3
3046 1
3047 1
3048 1
3049 3
3050 0
3051 0
3052 1
3053 0
3054 0
3055 1
3056 1
3057 0
3058 0
3059 0
3060 1
3061 2
3062 1
3063 0
3064 1
3065 0
3066 0
3067 0
3068 0
3069 0
3070 0
3071 0
3072 3
3073 1
3074 1
3075 0
3076 2
3077 0
3078 0
3079 1
3080 0
3081 2
3082 0
3083 1
3084 2
3085 0
3086 1
3087 1
3088 0
3089 0
3090 0
3091 0
3092 1
3093 0
3094 0
3095 0
3096 0
3097 1
3098 0
3099 0
3100 0
3101 2
3102 1
3103 1
3104 1
3105 2
3106 0
3107 1
3108 2
3109 0
3110 1
3111 0
3112 1
3113 0
3114 2
3115 1
3116 0
3117 0
3118 1
3119 2
3120 0
3121 0
3122 1
3123 0
3124 1
3125 0
3126 1
3127 0
3128 0
3129 0
3130 2
3131 2
3132 2
3133 0
3134 1
3135 0
3136 0
3137 0
3138 0
3139 0
3140 0
3141 0
3142 1
3143 1
3144 1
3145 0
3146 2
3147 2
3148 1
3149 0
3150 0
3151 0
3152 0
3153 1
3154 1
3155 1
3156 2
3157 1
3158 0
3159 0
3160 0
3161 0
3162 1
3163 0
3164 0
3165 0
3166 0
3167 1
3168 0
3169 0
3170 0
3171 1
3172 0
3173 1
3174 0
3175 0
3176 2
3177 1
3178 0
3179 0
3180 1
3181 1
3182 0
3183 1
3184 2
3185 0
3186 0
3187 2
3188 0
3189 0
3190 0
3191 0
3192 1
3193 3
3194 1
3195 0
3196 1
3197 2
3198 0
3199 1
3200 2
3201 2
3202 0
3203 1
3204 0
3205 0
3206 1
3207 1
3208 1
3209 0
3210 3
3211 0
3212 0
3213 2
3214 1
3215 0
3216 1
3217 1
3218 0
3219 0
3220 0
3221 0
3222 0
3223 1
3224 1
3225 1
3226 0
3227 1
3228 0
3229 0
3230 0
3231 0
3232 1
3233 1
3234 0
3235 4
3236 0
3237 0
3238 0
3239 2
3240 0
3241 1
3242 1
3243 0
3244 2
3245 1
3246 1
3247 0
3248 1
3249 1
3250 0
3251 1
3252 2
3253 1
3254 2
3255 0
3256 0
3257 0
3258 0
3259 1
3260 0
3261 0
3262 1
3263 0
3264 0
3265 1
3266 3
3267 0
3268 0
3269 1
3270 2
3271 0
3272 1
3273 1
3274 1
3275 0
3276 2
3277 1
3278 0
3279 0
3280 0
3281 1
3282 1
3283 0
3284 1
3285 0
3286 0
3287 0
3288 0
3289 0
3290 0
3291 2
3292 0
3293 0
3294 0
3295 0
3296 2
3297 1
3298 1
3299 1
3300 0
3301 1
3302 3
3303 0
3304 2
3305 1
3306 0
3307 0
3308 2
3309 0
3310 2
3311 0
3312 0
3313 1
3314 0
3315 0
3316 0
3317 0
3318 0
3319 0
3320 1
3321 1
3322 0
3323 0
3324 1
3325 2
3326 0
3327 0
3328 1
3329 0
3330 1
3331 0
3332 0
3333 0
3334 1
3335 1
3336 1
3337 0
3338 2
3339 1
3340 0
3341 1
3342 0
3343 0
3344 1
3345 0
3346 0
3347 0
3348 0
3349 1
3350 1
3351 0
3352 0
3353 1
3354 1
3355 1
3356 0
3357 1
3358 0
3359 0
3360 0
3361 0
3362 1
3363 0
3364 4
3365 0
3366 1
3367 1
3368 0
3369 0
3370 0
3371 1
3372 1
3373 1
3374 0
3375 0
3376 0
3377 0
3378 1
3379 0
3380 3
3381 2
3382 0
3383 0
3384 0
3385 1
3386 0
3387 2
3388 0
3389 0
3390 0
3391 0
3392 0
3393 0
3394 2
3395 1
3396 2
3397 4
3398 0
3399 0
3400 2
3401 0
3402 1
3403 0
3404 1
3405 0
3406 2
3407 0
3408 1
3409 2
3410 0
3411 0
3412 1
3413 0
3414 0
3415 2
3416 0
3417 0
3418 1
3419 1
3420 0
3421 0
3422 0
3423 0
3424 0
3425 1
3426 0
3427 0
3428 0
3429 0
3430 0
3431 0
3432 0
3433 1
3434 1
3435 0
3436 0
3437 0
3438 0
3439 3
3440 1
3441 0
3442 0
3443 0
3444 0
3445 1
3446 0
3447 1
3448 0
3449 1
3450 1
3451 0
3452 0
3453 1
3454 1
3455 0
3456 0
3457 0
3458 2
3459 0
3460 0
3461 1
3462 1
3463 0
3464 0
3465 0
3466 0
3467 0
3468 2
3469 0
3470 0
3471 0
3472 0
3473 1
3474 1
3475 0
3476 1
3477 0
3478 0
3479 0
3480 0
3481 0
3482 1
3483 0
3484 0
3485 2
3486 0
3487 0
3488 0
3489 0
3490 0
3491 1
3492 0
3493 0
3494 2
3495 1
3496 0
3497 0
3498 1
3499 1
3500 0
3501 1
3502 1
3503 1
3504 0
3505 0
3506 0
3507 2
3508 2
3509 0
3510 0
3511 0
3512 1
3513 0
3514 1
3515 0
3516 2
3517 2
3518 0
3519 0
3520 1
3521 0
3522 0
3523 0
3524 0
3525 1
3526 0
3527 0
3528 0
3529 0
3530 1
3531 0
3532 0
3533 2
3534 0
3535 0
3536 0
3537 0
3538 1
3539 1
3540 0
3541 0
3542 0
3543 1
3544 1
3545 1
3546 3
3547 1
3548 0
3549 0
3550 1
3551 0
3552 1
3553 0
3554 0
3555 0
3556 1
3557 0
3558 2
3559 0
3560 1
3561 0
3562 3
3563 0
3564 0
3565 3
3566 1
3567 0
3568 0
3569 0
3570 0
3571 0
3572 3
3573 0
3574 1
3575 1
3576 3
3577 0
3578 1
3579 0
3580 0
3581 1
3582 1
3583 0
3584 1
3585 1
3586 0
3587 0
3588 0
3589 0
3590 1
3591 0
3592 1
3593 0
3594 1
3595 0
3596 1
3597 0
3598 1
3599 1
3600 0
3601 0
3602 1
3603 0
3604 0
3605 1
3606 2
3607 0
3608 1
3609 2
3610 2
3611 1
3612 0
3613 0
3614 1
3615 0
3616 1
3617 0
3618 2
3619 1
3620 1
3621 0
3622 1
3623 0
3624 0
3625 0
3626 0
3627 1
3628 0
3629 1
3630 0
3631 0
3632 2
3633 0
3634 1
3635 1
3636 0
3637 1
3638 0
3639 0
3640 0
3641 1
3642 0
3643 1
3644 0
3645 0
3646 0
3647 1
3648 0
3649 1
3650 1
3651 0
3652 0
3653 1
3654 0
3655 0
3656 0
3657 1
3658 1
3659 1
3660 0
3661 0
3662 1
3663 0
3664 1
3665 1
3666 0
3667 0
3668 0
3669 0
3670 1
3671 1
3672 2
3673 2
3674 0
3675 0
3676 0
3677 1
3678 0
3679 0
3680 1
3681 0
3682 0
3683 1
3684 2
3685 0
3686 0
3687 1
3688 2
3689 0
3690 0
3691 0
3692 0
3693 1
3694 0
3695 0
3696 0
3697 0
3698 0
3699 0
3700 1
3701 0
3702 0
3703 0
3704 1
3705 1
3706 0
3707 0
3708 1
3709 0
3710 0
3711 1
3712 0
3713 1
3714 1
3715 0
3716 0
3717 0
3718 0
3719 1
3720 0
3721 0
3722 1
3723 2
3724 0
3725 0
3726 1
3727 0
3728 0
3729 0
3730 0
3731 0
3732 0
3733 0
3734 0
3735 0
3736 0
3737 1
3738 0
3739 0
3740 0
3741 0
3742 0
3743 0
3744 0
3745 1
3746 0
3747 1
3748 0
3749 0
3750 0
3751 0
3752 0
3753 0
3754 0
3755 0
3756 0
3757 2
3758 0
3759 0
3760 0
3761 1
3762 1
3763 1
3764 0
3765 0
3766 0
3767 0
3768 0
3769 0
3770 0
3771 2
3772 1
3773 0
3774 1
3775 0
3776 0
3777 0
3778 2
3779 1
3780 0
3781 0
3782 0
3783 0
3784 0
3785 1
3786 1
3787 0
3788 0
3789 3
3790 0
3791 0
3792 0
3793 1
3794 0
3795 0
3796 0
3797 0
3798 0
3799 1
3800 0
3801 1
3802 0
3803 1
3804 0
3805 1
3806 0
3807 0
3808 0
3809 0
3810 0
3811 0
3812 1
3813 0
3814 0
3815 0
3816 0
3817 1
3818 0
3819 2
3820 0
3821 1
3822 3
3823 1
3824 0
3825 0
3826 0
3827 1
3828 1
3829 0
3830 1
3831 1
3832 0
3833 0
3834 1
3835 0
3836 0
3837 0
3838 0
3839 1
3840 0
3841 0
3842 0
3843 1
3844 0
3845 0
3846 0
3847 2
3848 0
3849 0
3850 1
3851 1
3852 0
3853 1
3854 0
3855 0
3856 1
3857 0
3858 2
3859 0
3860 0
3861 0
3862 0
3863 0
3864 1
3865 1
3866 0
3867 1
3868 1
3869 0
3870 0
3871 2
3872 2
3873 2
3874 0
3875 0
3876 0
3877 0
3878 1
3879 1
3880 1
3881 0
3882 1
3883 1
3884 1
3885 0
3886 1
3887 3
3888 1
3889 1
3890 1
3891 1
3892 1
3893 0
3894 1
3895 0
3896 1
3897 0
3898 0
3899 1
3900 0
3901 0
3902 0
3903 0
3904 0
3905 1
3906 0
3907 2
3908 0
3909 0
3910 0
3911 0
3912 0
3913 1
3914 1
3915 0
3916 0
3917 0
3918 1
3919 0
3920 0
3921 0
3922 0
3923 2
3924 0
3925 1
3926 0
3927 0
3928 0
3929 0
3930 1
3931 0
3932 0
3933 0
3934 0
3935 1
3936 0
3937 0
3938 0
3939 0
3940 0
3941 1
3942 0
3943 0
3944 0
3945 0
3946 0
3947 0
3948 0
3949 0
3950 0
3951 1
3952 0
3953 0
3954 0
3955 0
3956 0
3957 0
3958 0
3959 0
3960 0
3961 0
3962 0
3963 1
3964 0
3965 0
3966 0
3967 0
3968 0
3969 0
3970 0
3971 0
3972 0
3973 1
3974 0
3975 0
3976 0
3977 1
3978 0
3979 2
3980 0
3981 0
3982 0
3983 0
3984 1
3985 0
3986 0
3987 0
3988 0
3989 0
3990 0
3991 0
3992 0
3993 0
3994 0
3995 0
3996 0
3997 0
3998 1
3999 0
4000 0
