0 0
1 0
2 0
3 0
4 0
5 0
6 0
7 0
8 0
9 0
10 0
11 0
12 0
13 0
14 0
15 0
16 0
17 0
18 0
19 0
20 0
21 0
22 0
23 0
24 0
25 0
26 0
27 0
28 0
29 0
30 0
31 0
32 0
33 0
34 0
35 0
36 0
37 0
38 0
39 0
40 0
41 0
42 0
43 0
44 0
45 0
46 0
47 0
48 0
49 0
50 0
51 0
52 0
53 0
54 0
55 0
56 0
57 0
58 0
59 0
60 0
61 0
62 0
63 0
64 1
65 0
66 0
67 1
68 0
69 0
70 0
71 0
72 0
73 0
74 0
75 0
76 0
77 0
78 0
79 0
80 0
81 0
82 1
83 0
84 0
85 0
86 1
87 0
88 0
89 0
90 0
91 0
92 0
93 0
94 0
95 0
96 0
97 0
98 0
99 0
100 0
101 0
102 0
103 0
104 0
105 0
106 0
107 0
108 0
109 0
110 1
111 0
112 0
113 0
114 0
115 0
116 0
117 0
118 0
119 0
120 0
121 0
122 0
123 0
124 0
125 1
126 0
127 0
128 0
129 0
130 0
131 0
132 1
133 0
134 1
135 1
136 0
137 1
138 2
139 1
140 2
141 0
142 7
143 5
144 6
145 13
146 21
147 66
148 143
149 268
150 442
151 615
152 811
153 988
154 1239
155 1541
156 1922
157 2745
158 4303
159 6436
160 9049
161 11526
162 13950
163 15849
164 17795
165 20084
166 21905
167 24013
168 26330
169 28669
170 30985
171 33477
172 35184
173 36913
174 38453
175 39959
176 40776
177 41182
178 41383
179 40975
180 40006
181 39266
182 37336
183 35880
184 33681
185 31796
186 29454
187 27495
188 25152
189 22786
190 20703
191 18758
192 16861
193 14903
194 13361
195 11989
196 10539
197 9484
198 8463
199 7496
200 7085
201 6239
202 5774
203 5258
204 4982
205 4652
206 4463
207 4187
208 3989
209 3865
210 3730
211 3725
212 3542
213 3496
214 3346
215 3353
216 3266
217 3217
218 3103
219 3053
220 3056
221 2945
222 2867
223 2809
224 2768
225 2705
226 2754
227 2670
228 2667
229 2535
230 2639
231 2528
232 2432
233 2441
234 2565
235 2513
236 2443
237 2461
238 2366
239 2363
240 2427
241 2323
242 2313
243 2338
244 2294
245 2331
246 2266
247 2402
248 2347
249 2222
250 2193
251 2183
252 2177
253 2243
254 2138
255 2112
256 2200
257 2133
258 2152
259 2198
260 2089
261 2094
262 2089
263 1960
264 2059
265 2115
266 2059
267 2058
268 1948
269 2068
270 2010
271 2064
272 2077
273 1989
274 1973
275 1977
276 1969
277 1951
278 1902
279 1901
280 1891
281 1909
282 1870
283 1969
284 1980
285 1887
286 1923
287 1914
288 1923
289 1820
290 1896
291 1886
292 1926
293 1850
294 1785
295 1894
296 1835
297 1854
298 1842
299 1867
300 1837
301 1806
302 1805
303 1841
304 1799
305 1760
306 1784
307 1798
308 1827
309 1820
310 1814
311 1803
312 1824
313 1738
314 1781
315 1824
316 1827
317 1776
318 1838
319 1785
320 1756
321 1785
322 1734
323 1753
324 1787
325 1784
326 1758
327 1743
328 1743
329 1856
330 1651
331 1721
332 1754
333 1655
334 1758
335 1720
336 1678
337 1712
338 1759
339 1787
340 1695
341 1768
342 1744
343 1714
344 1668
345 1667
346 1706
347 1732
348 1743
349 1788
350 1729
351 1695
352 1702
353 1689
354 1705
355 1711
356 1750
357 1702
358 1717
359 1637
360 1642
361 1710
362 1734
363 1743
364 1656
365 1743
366 1732
367 1637
368 1764
369 1685
370 1749
371 1744
372 1644
373 1724
374 1760
375 1655
376 1667
377 1720
378 1745
379 1673
380 1718
381 1594
382 1629
383 1664
384 1706
385 1693
386 1675
387 1675
388 1714
389 1737
390 1725
391 1772
392 1750
393 1682
394 1738
395 1746
396 1626
397 1649
398 1629
399 1685
400 1684
401 1731
402 1672
403 1696
404 1687
405 1665
406 1717
407 1818
408 1734
409 1738
410 1671
411 1651
412 1786
413 1755
414 1705
415 1725
416 1697
417 1646
418 1617
419 1808
420 1706
421 1753
422 1736
423 1712
424 1725
425 1793
426 1708
427 1692
428 1704
429 1686
430 1796
431 1746
432 1730
433 1708
434 1702
435 1621
436 1723
437 1730
438 1722
439 1738
440 1756
441 1692
442 1817
443 1746
444 1696
445 1827
446 1690
447 1752
448 1767
449 1702
450 1855
451 1714
452 1773
453 1716
454 1727
455 1672
456 1788
457 1689
458 1747
459 1741
460 1680
461 1679
462 1628
463 1766
464 1716
465 1748
466 1731
467 1736
468 1735
469 1746
470 1743
471 1779
472 1758
473 1700
474 1727
475 1814
476 1811
477 1784
478 1715
479 1832
480 1811
481 1794
482 1726
483 1729
484 1780
485 1782
486 1833
487 1742
488 1831
489 1798
490 1720
491 1858
492 1741
493 1746
494 1761
495 1807
496 1770
497 1766
498 1807
499 1814
500 1819
501 1727
502 1757
503 1750
504 1875
505 1825
506 1773
507 1767
508 1781
509 1872
510 1802
511 1710
512 1775
513 1743
514 1746
515 1826
516 1809
517 1819
518 1752
519 1837
520 1750
521 1875
522 1807
523 1818
524 1838
525 1854
526 1808
527 1790
528 1858
529 1872
530 1863
531 1820
532 1813
533 1857
534 1888
535 1852
536 1908
537 1905
538 1822
539 1907
540 1799
541 1939
542 1923
543 1867
544 1868
545 1887
546 1953
547 1947
548 1835
549 1936
550 1866
551 1994
552 1951
553 1926
554 1863
555 1917
556 1936
557 1937
558 1896
559 1925
560 1935
561 1872
562 1922
563 1899
564 1859
565 1959
566 2018
567 2000
568 1931
569 1961
570 1958
571 2015
572 1875
573 1961
574 1922
575 1990
576 1967
577 1996
578 1913
579 1945
580 2005
581 2036
582 1990
583 1962
584 1996
585 2021
586 2032
587 1979
588 2005
589 2045
590 1937
591 2046
592 2114
593 2018
594 1943
595 2034
596 2044
597 2048
598 2042
599 2014
600 2041
601 2031
602 2013
603 2047
604 2063
605 2067
606 2017
607 2078
608 2067
609 2116
610 2039
611 2076
612 2100
613 2064
614 2129
615 2089
616 2070
617 1993
618 2128
619 2115
620 2122
621 2004
622 2165
623 2153
624 2226
625 2070
626 2063
627 2076
628 2204
629 2097
630 2125
631 2109
632 2208
633 2138
634 2178
635 2120
636 2138
637 2062
638 2125
639 2144
640 2148
641 2111
642 2169
643 2105
644 2135
645 2095
646 2077
647 2090
648 2096
649 2126
650 2170
651 2245
652 2218
653 2156
654 2249
655 2178
656 2199
657 2123
658 2184
659 2164
660 2228
661 2189
662 2206
663 2226
664 2225
665 2097
666 2268
667 2234
668 2147
669 2245
670 2159
671 2232
672 2142
673 2312
674 2245
675 2253
676 2244
677 2210
678 2322
679 2189
680 2246
681 2234
682 2205
683 2287
684 2249
685 2266
686 2205
687 2244
688 2149
689 2197
690 2211
691 2275
692 2350
693 2335
694 2265
695 2245
696 2220
697 2194
698 2320
699 2377
700 2216
701 2341
702 2209
703 2211
704 2306
705 2254
706 2197
707 2333
708 2234
709 2155
710 2302
711 2219
712 2289
713 2281
714 2259
715 2224
716 2306
717 2226
718 2255
719 2261
720 2348
721 2341
722 2309
723 2275
724 2264
725 2260
726 2386
727 2299
728 2352
729 2262
730 2377
731 2425
732 2372
733 2216
734 2302
735 2354
736 2295
737 2254
738 2205
739 2327
740 2374
741 2363
742 2386
743 2355
744 2284
745 2311
746 2325
747 2280
748 2323
749 2283
750 2271
751 2359
752 2285
753 2383
754 2237
755 2272
756 2332
757 2256
758 2270
759 2285
760 2315
761 2293
762 2282
763 2290
764 2311
765 2229
766 2264
767 2295
768 2239
769 2287
770 2350
771 2264
772 2316
773 2338
774 2285
775 2354
776 2285
777 2306
778 2380
779 2341
780 2375
781 2334
782 2294
783 2231
784 2236
785 2275
786 2291
787 2346
788 2234
789 2306
790 2266
791 2435
792 2249
793 2236
794 2286
795 2277
796 2253
797 2299
798 2313
799 2251
800 2324
801 2233
802 2236
803 2254
804 2252
805 2344
806 2217
807 2266
808 2315
809 2257
810 2164
811 2283
812 2212
813 2222
814 2277
815 2246
816 2233
817 2280
818 2233
819 2268
820 2275
821 2210
822 2246
823 2213
824 2189
825 2327
826 2268
827 2245
828 2173
829 2231
830 2228
831 2233
832 2268
833 2245
834 2170
835 2186
836 2278
837 2170
838 2217
839 2220
840 2186
841 2234
842 2141
843 2162
844 2123
845 2115
846 2192
847 2216
848 2208
849 2130
850 2181
851 2168
852 2209
853 2111
854 2132
855 2208
856 2165
857 2067
858 2093
859 2069
860 2083
861 2148
862 2171
863 2166
864 2087
865 2044
866 2167
867 2111
868 2098
869 2134
870 2052
871 2017
872 2079
873 2046
874 2049
875 2093
876 2095
877 2135
878 2123
879 1991
880 2111
881 2106
882 2062
883 2069
884 2042
885 2101
886 2006
887 2041
888 1958
889 2041
890 1917
891 2046
892 2001
893 1980
894 1964
895 2086
896 1965
897 2034
898 1984
899 2000
900 1924
901 1965
902 1937
903 1933
904 1914
905 1931
906 1904
907 1979
908 2002
909 1937
910 1974
911 1835
912 1940
913 1873
914 1945
915 1961
916 1967
917 1916
918 1896
919 1856
920 1906
921 1829
922 1849
923 1881
924 1935
925 1893
926 1777
927 1944
928 1861
929 1845
930 1835
931 1809
932 1846
933 1799
934 1813
935 1751
936 1897
937 1857
938 1772
939 1808
940 1814
941 1854
942 1804
943 1772
944 1800
945 1710
946 1682
947 1686
948 1727
949 1744
950 1770
951 1694
952 1790
953 1747
954 1798
955 1718
956 1727
957 1716
958 1690
959 1669
960 1660
961 1662
962 1702
963 1745
964 1648
965 1676
966 1602
967 1694
968 1628
969 1669
970 1594
971 1650
972 1652
973 1607
974 1546
975 1636
976 1630
977 1622
978 1591
979 1594
980 1565
981 1597
982 1550
983 1507
984 1564
985 1544
986 1457
987 1533
988 1566
989 1489
990 1537
991 1546
992 1502
993 1491
994 1551
995 1480
996 1551
997 1488
998 1497
999 1511
1000 1470
1001 1477
1002 1376
1003 1452
1004 1445
1005 1507
1006 1494
1007 1431
1008 1481
1009 1439
1010 1381
1011 1399
1012 1423
1013 1426
1014 1448
1015 1430
1016 1374
1017 1426
1018 1363
1019 1399
1020 1352
1021 1362
1022 1380
1023 1373
1024 1414
1025 1358
1026 1312
1027 1321
1028 1381
1029 1341
1030 1329
1031 1266
1032 1318
1033 1321
1034 1319
1035 1250
1036 1244
1037 1286
1038 1254
1039 1265
1040 1276
1041 1301
1042 1276
1043 1240
1044 1289
1045 1228
1046 1279
1047 1233
1048 1197
1049 1247
1050 1249
1051 1265
1052 1249
1053 1185
1054 1192
1055 1179
1056 1161
1057 1131
1058 1243
1059 1175
1060 1162
1061 1195
1062 1114
1063 1137
1064 1126
1065 1137
1066 1175
1067 1168
1068 1126
1069 1115
1070 1102
1071 1099
1072 1105
1073 1093
1074 1106
1075 1123
1076 1118
1077 1126
1078 1142
1079 1081
1080 1067
1081 1083
1082 1103
1083 986
1084 1064
1085 1082
1086 1022
1087 1000
1088 1018
1089 1028
1090 1013
1091 1000
1092 970
1093 1045
1094 1002
1095 1040
1096 987
1097 979
1098 1028
1099 980
1100 955
1101 970
1102 941
1103 957
1104 933
1105 990
1106 1031
1107 987
1108 953
1109 981
1110 909
1111 908
1112 893
1113 910
1114 874
1115 953
1116 851
1117 879
1118 888
1119 878
1120 903
1121 898
1122 845
1123 837
1124 850
1125 856
1126 865
1127 814
1128 882
1129 851
1130 854
1131 811
1132 813
1133 893
1134 842
1135 853
1136 803
1137 807
1138 799
1139 790
1140 758
1141 805
1142 802
1143 845
1144 823
1145 832
1146 768
1147 779
1148 768
1149 808
1150 784
1151 787
1152 765
1153 756
1154 746
1155 778
1156 726
1157 755
1158 759
1159 706
1160 787
1161 745
1162 739
1163 705
1164 710
1165 713
1166 739
1167 679
1168 716
1169 740
1170 678
1171 714
1172 695
1173 679
1174 677
1175 644
1176 686
1177 691
1178 636
1179 672
1180 665
1181 638
1182 679
1183 684
1184 650
1185 664
1186 662
1187 624
1188 648
1189 604
1190 602
1191 624
1192 617
1193 655
1194 575
1195 604
1196 611
1197 639
1198 614
1199 583
1200 571
1201 566
1202 557
1203 595
1204 581
1205 544
1206 604
1207 552
1208 542
1209 579
1210 581
1211 576
1212 565
1213 576
1214 570
1215 552
1216 555
1217 615
1218 572
1219 500
1220 531
1221 540
1222 519
1223 541
1224 499
1225 486
1226 453
1227 530
1228 486
1229 529
1230 514
1231 480
1232 523
1233 475
1234 487
1235 503
1236 503
1237 456
1238 468
1239 500
1240 482
1241 487
1242 450
1243 479
1244 470
1245 462
1246 504
1247 458
1248 470
1249 500
1250 453
1251 483
1252 437
1253 466
1254 437
1255 410
1256 434
1257 410
1258 421
1259 446
1260 441
1261 388
1262 390
1263 431
1264 393
1265 426
1266 433
1267 423
1268 422
1269 396
1270 392
1271 412
1272 424
1273 430
1274 377
1275 429
1276 384
1277 390
1278 429
1279 403
1280 399
1281 363
1282 396
1283 384
1284 398
1285 380
1286 360
1287 384
1288 359
1289 341
1290 380
1291 392
1292 390
1293 336
1294 343
1295 329
1296 358
1297 380
1298 373
1299 318
1300 322
1301 329
1302 325
1303 340
1304 330
1305 350
1306 316
1307 332
1308 323
1309 324
1310 361
1311 332
1312 318
1313 302
1314 311
1315 329
1316 327
1317 323
1318 339
1319 321
1320 328
1321 330
1322 292
1323 326
1324 345
1325 281
1326 307
1327 290
1328 302
1329 307
1330 298
1331 293
1332 340
1333 271
1334 290
1335 293
1336 287
1337 314
1338 297
1339 276
1340 270
1341 288
1342 289
1343 286
1344 293
1345 266
1346 295
1347 259
1348 300
1349 277
1350 272
1351 272
1352 255
1353 265
1354 278
1355 282
1356 274
1357 242
1358 252
1359 300
1360 233
1361 256
1362 266
1363 241
1364 235
1365 234
1366 276
1367 262
1368 240
1369 254
1370 213
1371 243
1372 254
1373 209
1374 238
1375 255
1376 251
1377 240
1378 232
1379 242
1380 212
1381 267
1382 243
1383 239
1384 246
1385 198
1386 189
1387 229
1388 219
1389 216
1390 212
1391 203
1392 225
1393 206
1394 212
1395 224
1396 218
1397 227
1398 200
1399 216
1400 194
1401 222
1402 191
1403 205
1404 210
1405 191
1406 170
1407 193
1408 227
1409 190
1410 213
1411 197
1412 228
1413 203
1414 182
1415 200
1416 191
1417 204
1418 192
1419 169
1420 174
1421 178
1422 163
1423 160
1424 174
1425 195
1426 163
1427 162
1428 179
1429 186
1430 168
1431 162
1432 183
1433 169
1434 176
1435 181
1436 163
1437 163
1438 172
1439 163
1440 162
1441 158
1442 171
1443 178
1444 154
1445 161
1446 177
1447 154
1448 181
1449 152
1450 158
1451 155
1452 163
1453 150
1454 159
1455 176
1456 158
1457 149
1458 153
1459 156
1460 161
1461 176
1462 158
1463 172
1464 143
1465 129
1466 131
1467 126
1468 156
1469 142
1470 135
1471 147
1472 157
1473 162
1474 140
1475 148
1476 169
1477 137
1478 140
1479 149
1480 165
1481 133
1482 140
1483 149
1484 131
1485 144
1486 149
1487 162
1488 127
1489 124
1490 152
1491 143
1492 141
1493 114
1494 119
1495 128
1496 113
1497 124
1498 166
1499 125
1500 126
1501 124
1502 151
1503 143
1504 141
1505 131
1506 126
1507 138
1508 138
1509 152
1510 124
1511 151
1512 119
1513 118
1514 108
1515 138
1516 104
1517 132
1518 116
1519 145
1520 115
1521 117
1522 124
1523 114
1524 106
1525 108
1526 120
1527 138
1528 98
1529 119
1530 106
1531 111
1532 126
1533 132
1534 103
1535 108
1536 103
1537 95
1538 115
1539 133
1540 97
1541 99
1542 123
1543 109
1544 101
1545 102
1546 123
1547 91
1548 107
1549 103
1550 112
1551 120
1552 103
1553 112
1554 113
1555 95
1556 106
1557 98
1558 104
1559 125
1560 124
1561 93
1562 99
1563 91
1564 102
1565 105
1566 92
1567 96
1568 94
1569 76
1570 110
1571 103
1572 87
1573 90
1574 97
1575 105
1576 97
1577 86
1578 78
1579 86
1580 92
1581 116
1582 84
1583 86
1584 68
1585 101
1586 100
1587 91
1588 114
1589 90
1590 96
1591 88
1592 86
1593 101
1594 73
1595 92
1596 73
1597 74
1598 74
1599 81
1600 92
1601 91
1602 80
1603 75
1604 70
1605 72
1606 78
1607 79
1608 83
1609 99
1610 87
1611 89
1612 77
1613 75
1614 77
1615 70
1616 83
1617 81
1618 109
1619 80
1620 84
1621 57
1622 76
1623 81
1624 78
1625 68
1626 60
1627 67
1628 77
1629 64
1630 79
1631 78
1632 68
1633 60
1634 92
1635 80
1636 68
1637 79
1638 69
1639 61
1640 77
1641 64
1642 63
1643 77
1644 80
1645 76
1646 78
1647 68
1648 74
1649 66
1650 70
1651 76
1652 70
1653 58
1654 93
1655 61
1656 60
1657 76
1658 80
1659 70
1660 66
1661 59
1662 70
1663 62
1664 64
1665 59
1666 87
1667 76
1668 68
1669 72
1670 66
1671 58
1672 68
1673 65
1674 56
1675 59
1676 67
1677 73
1678 56
1679 63
1680 52
1681 66
1682 60
1683 58
1684 59
1685 52
1686 49
1687 60
1688 62
1689 51
1690 46
1691 72
1692 62
1693 75
1694 55
1695 59
1696 54
1697 75
1698 56
1699 48
1700 50
1701 45
1702 55
1703 69
1704 55
1705 67
1706 52
1707 40
1708 60
1709 67
1710 75
1711 36
1712 62
1713 57
1714 51
1715 44
1716 46
1717 52
1718 48
1719 44
1720 51
1721 50
1722 47
1723 55
1724 45
1725 51
1726 42
1727 43
1728 54
1729 39
1730 52
1731 46
1732 38
1733 48
1734 40
1735 47
1736 45
1737 42
1738 50
1739 60
1740 37
1741 51
1742 62
1743 34
1744 50
1745 43
1746 59
1747 55
1748 42
1749 44
1750 56
1751 41
1752 48
1753 41
1754 33
1755 39
1756 47
1757 44
1758 38
1759 50
1760 40
1761 43
1762 39
1763 33
1764 50
1765 44
1766 40
1767 42
1768 48
1769 39
1770 36
1771 31
1772 32
1773 37
1774 53
1775 42
1776 32
1777 45
1778 42
1779 48
1780 44
1781 47
1782 38
1783 34
1784 30
1785 33
1786 36
1787 45
1788 41
1789 41
1790 31
1791 52
1792 36
1793 45
1794 31
1795 36
1796 40
1797 38
1798 34
1799 46
1800 30
1801 37
1802 47
1803 32
1804 41
1805 32
1806 36
1807 26
1808 37
1809 35
1810 33
1811 38
1812 42
1813 43
1814 32
1815 35
1816 33
1817 32
1818 43
1819 32
1820 34
1821 32
1822 40
1823 31
1824 29
1825 27
1826 27
1827 37
1828 34
1829 25
1830 35
1831 39
1832 28
1833 33
1834 34
1835 31
1836 31
1837 30
1838 34
1839 24
1840 23
1841 33
1842 28
1843 34
1844 24
1845 32
1846 36
1847 30
1848 19
1849 30
1850 31
1851 22
1852 32
1853 33
1854 29
1855 34
1856 41
1857 23
1858 28
1859 33
1860 25
1861 33
1862 23
1863 30
1864 25
1865 18
1866 25
1867 37
1868 23
1869 37
1870 23
1871 41
1872 29
1873 34
1874 23
1875 32
1876 29
1877 25
1878 26
1879 24
1880 25
1881 28
1882 20
1883 35
1884 29
1885 31
1886 20
1887 24
1888 34
1889 23
1890 25
1891 26
1892 37
1893 27
1894 35
1895 21
1896 13
1897 19
1898 30
1899 29
1900 39
1901 25
1902 25
1903 18
1904 26
1905 24
1906 26
1907 28
1908 35
1909 29
1910 22
1911 28
1912 34
1913 20
1914 26
1915 26
1916 22
1917 33
1918 28
1919 36
1920 20
1921 27
1922 21
1923 32
1924 16
1925 24
1926 32
1927 26
1928 24
1929 23
1930 28
1931 18
1932 23
1933 33
1934 20
1935 17
1936 24
1937 32
1938 24
1939 13
1940 31
1941 23
1942 17
1943 23
1944 16
1945 25
1946 13
1947 26
1948 26
1949 32
1950 11
1951 29
1952 26
1953 13
1954 12
1955 15
1956 20
1957 18
1958 15
1959 22
1960 16
1961 28
1962 20
1963 29
1964 32
1965 19
1966 24
1967 21
1968 18
1969 28
1970 16
1971 15
1972 27
1973 15
1974 25
1975 14
1976 24
1977 20
1978 23
1979 14
1980 25
1981 22
1982 20
1983 22
1984 13
1985 16
1986 21
1987 22
1988 17
1989 15
1990 13
1991 30
1992 16
1993 22
1994 17
1995 23
1996 26
1997 11
1998 16
1999 18
2000 13
2001 19
2002 16
2003 13
2004 22
2005 17
2006 19
2007 17
2008 21
2009 22
2010 19
2011 17
2012 22
2013 15
2014 18
2015 25
2016 13
2017 19
2018 22
2019 21
2020 13
2021 14
2022 16
2023 25
2024 18
2025 18
2026 23
2027 17
2028 15
2029 15
2030 16
2031 17
2032 15
2033 18
2034 15
2035 14
2036 11
2037 18
2038 19
2039 20
2040 22
2041 15
2042 17
2043 18
2044 9
2045 16
2046 13
2047 25
2048 18
2049 15
2050 13
2051 24
2052 16
2053 17
2054 11
2055 18
2056 27
2057 20
2058 18
2059 15
2060 20
2061 19
2062 18
2063 11
2064 16
2065 10
2066 22
2067 13
2068 11
2069 13
2070 20
2071 12
2072 14
2073 14
2074 14
2075 19
2076 15
2077 15
2078 12
2079 13
2080 10
2081 24
2082 10
2083 13
2084 18
2085 11
2086 17
2087 13
2088 12
2089 17
2090 17
2091 18
2092 11
2093 16
2094 12
2095 18
2096 15
2097 16
2098 16
2099 12
2100 19
2101 18
2102 16
2103 10
2104 21
2105 12
2106 15
2107 11
2108 14
2109 16
2110 18
2111 15
2112 17
2113 20
2114 12
2115 16
2116 9
2117 15
2118 14
2119 13
2120 13
2121 13
2122 13
2123 11
2124 18
2125 12
2126 10
2127 16
2128 12
2129 14
2130 13
2131 11
2132 17
2133 11
2134 15
2135 7
2136 12
2137 14
2138 10
2139 11
2140 23
2141 17
2142 9
2143 23
2144 11
2145 8
2146 10
2147 13
2148 15
2149 16
2150 13
2151 21
2152 19
2153 11
2154 11
2155 18
2156 18
2157 11
2158 18
2159 13
2160 15
2161 21
2162 17
2163 16
2164 17
2165 21
2166 13
2167 12
2168 11
2169 19
2170 12
2171 11
2172 16
2173 13
2174 10
2175 21
2176 21
2177 10
2178 14
2179 14
2180 12
2181 15
2182 11
2183 16
2184 14
2185 18
2186 18
2187 14
2188 10
2189 15
2190 8
2191 8
2192 13
2193 15
2194 19
2195 19
2196 13
2197 19
2198 14
2199 15
2200 13
2201 17
2202 15
2203 13
2204 12
2205 10
2206 16
2207 9
2208 15
2209 18
2210 15
2211 18
2212 17
2213 23
2214 12
2215 10
2216 10
2217 15
2218 10
2219 10
2220 11
2221 11
2222 12
2223 14
2224 15
2225 16
2226 16
2227 7
2228 20
2229 15
2230 7
2231 11
2232 11
2233 17
2234 14
2235 13
2236 16
2237 14
2238 17
2239 20
2240 17
2241 9
2242 9
2243 13
2244 15
2245 12
2246 16
2247 11
2248 8
2249 16
2250 16
2251 17
2252 13
2253 18
2254 20
2255 13
2256 15
2257 13
2258 17
2259 9
2260 10
2261 21
2262 20
2263 13
2264 9
2265 18
2266 20
2267 12
2268 17
2269 9
2270 13
2271 12
2272 17
2273 13
2274 22
2275 14
2276 17
2277 9
2278 8
2279 12
2280 16
2281 16
2282 18
2283 13
2284 13
2285 13
2286 12
2287 11
2288 15
2289 13
2290 16
2291 14
2292 19
2293 12
2294 8
2295 14
2296 16
2297 10
2298 13
2299 22
2300 13
2301 20
2302 20
2303 17
2304 24
2305 13
2306 19
2307 11
2308 24
2309 10
2310 21
2311 15
2312 16
2313 11
2314 15
2315 17
2316 12
2317 18
2318 12
2319 18
2320 17
2321 16
2322 17
2323 17
2324 12
2325 17
2326 12
2327 20
2328 18
2329 12
2330 18
2331 26
2332 23
2333 18
2334 18
2335 12
2336 17
2337 9
2338 14
2339 13
2340 18
2341 11
2342 12
2343 14
2344 15
2345 17
2346 14
2347 17
2348 11
2349 18
2350 15
2351 24
2352 13
2353 22
2354 20
2355 15
2356 16
2357 21
2358 9
2359 18
2360 20
2361 20
2362 16
2363 11
2364 15
2365 14
2366 18
2367 14
2368 18
2369 16
2370 20
2371 23
2372 15
2373 15
2374 14
2375 19
2376 15
2377 12
2378 14
2379 13
2380 21
2381 14
2382 9
2383 15
2384 21
2385 22
2386 16
2387 11
2388 20
2389 14
2390 17
2391 13
2392 14
2393 16
2394 17
2395 16
2396 23
2397 20
2398 14
2399 12
2400 15
2401 15
2402 24
2403 15
2404 22
2405 17
2406 16
2407 24
2408 13
2409 21
2410 14
2411 19
2412 23
2413 9
2414 20
2415 17
2416 17
2417 22
2418 16
2419 11
2420 15
2421 18
2422 19
2423 18
2424 20
2425 15
2426 13
2427 21
2428 25
2429 21
2430 20
2431 18
2432 21
2433 14
2434 15
2435 23
2436 19
2437 17
2438 19
2439 15
2440 15
2441 10
2442 15
2443 18
2444 22
2445 24
2446 9
2447 15
2448 27
2449 15
2450 25
2451 14
2452 16
2453 19
2454 21
2455 19
2456 25
2457 17
2458 18
2459 21
2460 19
2461 10
2462 14
2463 18
2464 15
2465 21
2466 24
2467 14
2468 15
2469 21
2470 26
2471 24
2472 19
2473 13
2474 18
2475 18
2476 15
2477 18
2478 22
2479 22
2480 17
2481 18
2482 17
2483 18
2484 18
2485 14
2486 18
2487 16
2488 17
2489 23
2490 20
2491 13
2492 21
2493 29
2494 18
2495 20
2496 23
2497 15
2498 27
2499 19
2500 27
2501 25
2502 15
2503 17
2504 16
2505 24
2506 20
2507 17
2508 21
2509 28
2510 22
2511 18
2512 20
2513 17
2514 18
2515 15
2516 22
2517 24
2518 21
2519 19
2520 19
2521 12
2522 19
2523 16
2524 16
2525 18
2526 30
2527 21
2528 25
2529 17
2530 30
2531 23
2532 23
2533 24
2534 18
2535 19
2536 15
2537 17
2538 25
2539 21
2540 24
2541 20
2542 18
2543 24
2544 34
2545 26
2546 25
2547 16
2548 13
2549 36
2550 22
2551 22
2552 24
2553 23
2554 20
2555 24
2556 27
2557 11
2558 22
2559 25
2560 27
2561 20
2562 22
2563 25
2564 26
2565 29
2566 27
2567 21
2568 22
2569 25
2570 27
2571 24
2572 20
2573 22
2574 18
2575 26
2576 27
2577 30
2578 21
2579 25
2580 18
2581 17
2582 16
2583 21
2584 30
2585 20
2586 26
2587 23
2588 20
2589 18
2590 22
2591 25
2592 22
2593 28
2594 27
2595 38
2596 30
2597 29
2598 38
2599 25
2600 29
2601 22
2602 22
2603 20
2604 21
2605 22
2606 25
2607 33
2608 33
2609 30
2610 26
2611 31
2612 23
2613 27
2614 32
2615 25
2616 25
2617 30
2618 22
2619 20
2620 25
2621 28
2622 20
2623 21
2624 25
2625 23
2626 30
2627 20
2628 31
2629 25
2630 29
2631 22
2632 33
2633 32
2634 18
2635 24
2636 31
2637 30
2638 38
2639 25
2640 21
2641 33
2642 24
2643 32
2644 24
2645 19
2646 31
2647 27
2648 25
2649 38
2650 41
2651 23
2652 22
2653 18
2654 35
2655 32
2656 34
2657 38
2658 22
2659 22
2660 29
2661 21
2662 35
2663 32
2664 23
2665 22
2666 30
2667 24
2668 45
2669 30
2670 32
2671 29
2672 17
2673 30
2674 26
2675 34
2676 32
2677 22
2678 22
2679 26
2680 23
2681 26
2682 35
2683 33
2684 34
2685 37
2686 27
2687 30
2688 24
2689 31
2690 31
2691 16
2692 29
2693 25
2694 31
2695 37
2696 31
2697 31
2698 20
2699 26
2700 38
2701 34
2702 24
2703 30
2704 34
2705 35
2706 33
2707 27
2708 33
2709 23
2710 23
2711 34
2712 30
2713 29
2714 23
2715 28
2716 23
2717 14
2718 28
2719 38
2720 32
2721 33
2722 28
2723 28
2724 20
2725 27
2726 23
2727 34
2728 24
2729 33
2730 32
2731 33
2732 26
2733 31
2734 24
2735 32
2736 28
2737 24
2738 34
2739 31
2740 30
2741 35
2742 28
2743 25
2744 36
2745 35
2746 30
2747 29
2748 12
2749 28
2750 34
2751 35
2752 39
2753 32
2754 34
2755 28
2756 21
2757 26
2758 37
2759 29
2760 35
2761 21
2762 27
2763 35
2764 26
2765 38
2766 31
2767 33
2768 37
2769 37
2770 39
2771 31
2772 35
2773 36
2774 26
2775 35
2776 38
2777 30
2778 45
2779 34
2780 31
2781 31
2782 30
2783 42
2784 40
2785 35
2786 39
2787 37
2788 39
2789 33
2790 39
2791 34
2792 39
2793 30
2794 34
2795 30
2796 34
2797 35
2798 42
2799 35
2800 28
2801 35
2802 49
2803 28
2804 41
2805 29
2806 28
2807 37
2808 40
2809 33
2810 36
2811 34
2812 32
2813 34
2814 38
2815 35
2816 40
2817 36
2818 38
2819 31
2820 43
2821 28
2822 31
2823 45
2824 33
2825 40
2826 33
2827 38
2828 49
2829 33
2830 37
2831 42
2832 38
2833 41
2834 31
2835 35
2836 44
2837 32
2838 37
2839 33
2840 40
2841 42
2842 31
2843 39
2844 31
2845 31
2846 33
2847 27
2848 38
2849 31
2850 32
2851 34
2852 43
2853 40
2854 33
2855 40
2856 46
2857 46
2858 36
2859 42
2860 43
2861 45
2862 28
2863 42
2864 38
2865 39
2866 29
2867 23
2868 25
2869 37
2870 27
2871 28
2872 36
2873 29
2874 37
2875 36
2876 35
2877 40
2878 43
2879 38
2880 27
2881 30
2882 37
2883 32
2884 40
2885 50
2886 32
2887 36
2888 38
2889 38
2890 43
2891 38
2892 52
2893 44
2894 33
2895 43
2896 52
2897 52
2898 49
2899 36
2900 38
2901 49
2902 43
2903 40
2904 33
2905 26
2906 52
2907 37
2908 39
2909 53
2910 38
2911 39
2912 34
2913 30
2914 34
2915 28
2916 41
2917 31
2918 32
2919 24
2920 35
2921 30
2922 37
2923 30
2924 33
2925 34
2926 42
2927 32
2928 36
2929 32
2930 39
2931 38
2932 28
2933 38
2934 34
2935 34
2936 31
2937 39
2938 35
2939 51
2940 41
2941 40
2942 49
2943 39
2944 36
2945 49
2946 45
2947 55
2948 34
2949 36
2950 37
2951 35
2952 33
2953 31
2954 37
2955 38
2956 48
2957 58
2958 48
2959 51
2960 32
2961 39
2962 39
2963 37
2964 35
2965 41
2966 43
2967 44
2968 36
2969 46
2970 38
2971 32
2972 36
2973 33
2974 35
2975 41
2976 42
2977 38
2978 48
2979 33
2980 46
2981 30
2982 35
2983 36
2984 38
2985 44
2986 31
2987 35
2988 42
2989 30
2990 40
2991 37
2992 43
2993 38
2994 36
2995 43
2996 39
2997 43
2998 33
2999 56
3000 44
3001 46
3002 40
3003 54
3004 41
3005 40
3006 44
3007 40
3008 48
3009 43
3010 39
3011 46
3012 28
3013 45
3014 44
3015 34
3016 43
3017 43
3018 46
3019 41
3020 41
3021 37
3022 38
3023 40
3024 39
3025 36
3026 41
3027 35
3028 30
3029 44
3030 35
3031 35
3032 36
3033 45
3034 36
3035 44
3036 31
3037 36
3038 42
3039 45
3040 48
3041 45
3042 41
3043 36
3044 46
3045 32
3046 29
3047 45
3048 48
3049 45
3050 33
3051 42
3052 32
3053 47
3054 51
3055 36
3056 37
3057 35
3058 37
3059 41
3060 46
3061 54
3062 38
3063 46
3064 49
3065 47
3066 40
3067 36
3068 38
3069 35
3070 51
3071 31
3072 47
3073 39
3074 45
3075 29
3076 40
3077 32
3078 45
3079 50
3080 39
3081 42
3082 33
3083 42
3084 41
3085 39
3086 26
3087 57
3088 46
3089 32
3090 48
3091 42
3092 33
3093 33
3094 52
3095 42
3096 51
3097 43
3098 48
3099 31
3100 42
3101 44
3102 52
3103 46
3104 48
3105 33
3106 49
3107 44
3108 44
3109 36
3110 34
3111 49
3112 44
3113 46
3114 39
3115 38
3116 33
3117 43
3118 28
3119 36
3120 53
3121 33
3122 42
3123 46
3124 52
3125 35
3126 30
3127 36
3128 45
3129 34
3130 33
3131 45
3132 45
3133 46
3134 43
3135 38
3136 43
3137 38
3138 42
3139 40
3140 43
3141 39
3142 60
3143 37
3144 42
3145 41
3146 39
3147 38
3148 44
3149 35
3150 43
3151 34
3152 35
3153 34
3154 35
3155 57
3156 40
3157 39
3158 42
3159 39
3160 33
3161 39
3162 44
3163 37
3164 36
3165 40
3166 51
3167 40
3168 46
3169 38
3170 37
3171 42
3172 38
3173 35
3174 47
3175 39
3176 39
3177 42
3178 37
3179 56
3180 34
3181 44
3182 41
3183 36
3184 39
3185 43
3186 40
3187 37
3188 46
3189 45
3190 36
3191 34
3192 38
3193 45
3194 44
3195 40
3196 30
3197 38
3198 36
3199 26
3200 30
3201 44
3202 43
3203 42
3204 38
3205 40
3206 56
3207 43
3208 45
3209 37
3210 30
3211 33
3212 46
3213 37
3214 39
3215 38
3216 41
3217 42
3218 26
3219 35
3220 32
3221 38
3222 29
3223 49
3224 36
3225 31
3226 36
3227 31
3228 41
3229 32
3230 36
3231 45
3232 31
3233 35
3234 36
3235 41
3236 54
3237 38
3238 39
3239 37
3240 32
3241 38
3242 40
3243 42
3244 34
3245 36
3246 42
3247 29
3248 36
3249 36
3250 36
3251 37
3252 36
3253 44
3254 54
3255 36
3256 39
3257 41
3258 35
3259 37
3260 25
3261 35
3262 38
3263 36
3264 45
3265 34
3266 43
3267 48
3268 52
3269 29
3270 33
3271 31
3272 26
3273 34
3274 46
3275 40
3276 33
3277 31
3278 42
3279 49
3280 28
3281 44
3282 40
3283 32
3284 37
3285 30
3286 33
3287 39
3288 29
3289 39
3290 39
3291 29
3292 34
3293 34
3294 26
3295 27
3296 38
3297 43
3298 31
3299 31
3300 34
3301 29
3302 45
3303 31
3304 53
3305 33
3306 32
3307 37
3308 30
3309 30
3310 41
3311 35
3312 40
3313 39
3314 32
3315 29
3316 37
3317 43
3318 27
3319 35
3320 25
3321 42
3322 37
3323 41
3324 42
3325 39
3326 34
3327 32
3328 32
3329 38
3330 28
3331 32
3332 26
3333 31
3334 32
3335 30
3336 31
3337 25
3338 26
3339 42
3340 42
3341 34
3342 29
3343 33
3344 33
3345 35
3346 19
3347 43
3348 22
3349 40
3350 21
3351 39
3352 25
3353 39
3354 34
3355 35
3356 39
3357 29
3358 33
3359 37
3360 37
3361 28
3362 37
3363 26
3364 38
3365 30
3366 37
3367 31
3368 34
3369 26
3370 25
3371 33
3372 23
3373 27
3374 42
3375 32
3376 23
3377 35
3378 30
3379 32
3380 26
3381 43
3382 23
3383 28
3384 32
3385 35
3386 29
3387 32
3388 34
3389 31
3390 34
3391 25
3392 35
3393 25
3394 34
3395 32
3396 32
3397 30
3398 35
3399 28
3400 24
3401 41
3402 32
3403 30
3404 29
3405 21
3406 27
3407 25
3408 40
3409 37
3410 30
3411 44
3412 26
3413 33
3414 35
3415 26
3416 25
3417 41
3418 29
3419 33
3420 28
3421 22
3422 34
3423 24
3424 26
3425 25
3426 27
3427 25
3428 31
3429 37
3430 22
3431 29
3432 27
3433 34
3434 35
3435 30
3436 31
3437 27
3438 28
3439 24
3440 28
3441 26
3442 24
3443 27
3444 24
3445 25
3446 27
3447 32
3448 29
3449 26
3450 31
3451 37
3452 33
3453 27
3454 39
3455 36
3456 18
3457 35
3458 25
3459 27
3460 30
3461 32
3462 35
3463 29
3464 24
3465 23
3466 26
3467 38
3468 29
3469 21
3470 36
3471 34
3472 31
3473 19
3474 23
3475 37
3476 22
3477 23
3478 29
3479 20
3480 25
3481 25
3482 37
3483 22
3484 29
3485 30
3486 29
3487 18
3488 31
3489 24
3490 20
3491 24
3492 23
3493 33
3494 37
3495 20
3496 27
3497 32
3498 26
3499 29
3500 33
3501 26
3502 18
3503 21
3504 26
3505 21
3506 30
3507 18
3508 29
3509 17
3510 21
3511 36
3512 24
3513 24
3514 22
3515 30
3516 28
3517 27
3518 32
3519 20
3520 29
3521 24
3522 20
3523 26
3524 20
3525 22
3526 30
3527 26
3528 22
3529 30
3530 17
3531 23
3532 32
3533 21
3534 30
3535 19
3536 25
3537 18
3538 26
3539 27
3540 31
3541 27
3542 22
3543 20
3544 21
3545 24
3546 17
3547 13
3548 19
3549 26
3550 26
3551 31
3552 22
3553 25
3554 21
3555 25
3556 21
3557 21
3558 24
3559 23
3560 26
3561 22
3562 39
3563 20
3564 18
3565 21
3566 35
3567 20
3568 20
3569 17
3570 18
3571 18
3572 21
3573 19
3574 17
3575 22
3576 31
3577 22
3578 22
3579 16
3580 20
3581 14
3582 28
3583 19
3584 18
3585 27
3586 20
3587 22
3588 16
3589 17
3590 18
3591 21
3592 28
3593 24
3594 25
3595 24
3596 19
3597 20
3598 25
3599 18
3600 24
3601 17
3602 16
3603 18
3604 13
3605 18
3606 24
3607 28
3608 14
3609 25
3610 15
3611 30
3612 22
3613 17
3614 18
3615 13
3616 22
3617 15
3618 17
3619 15
3620 14
3621 22
3622 17
3623 15
3624 22
3625 22
3626 15
3627 27
3628 19
3629 19
3630 15
3631 14
3632 26
3633 17
3634 17
3635 16
3636 19
3637 19
3638 13
3639 24
3640 20
3641 13
3642 13
3643 15
3644 15
3645 5
3646 25
3647 19
3648 18
3649 19
3650 16
3651 18
3652 13
3653 17
3654 20
3655 20
3656 20
3657 13
3658 14
3659 23
3660 25
3661 19
3662 15
3663 17
3664 16
3665 12
3666 17
3667 9
3668 22
3669 13
3670 14
3671 21
3672 28
3673 16
3674 15
3675 22
3676 15
3677 17
3678 19
3679 14
3680 14
3681 12
3682 24
3683 18
3684 15
3685 15
3686 14
3687 19
3688 13
3689 15
3690 14
3691 23
3692 8
3693 15
3694 18
3695 14
3696 16
3697 12
3698 13
3699 9
3700 15
3701 16
3702 14
3703 16
3704 10
3705 20
3706 13
3707 19
3708 21
3709 10
3710 13
3711 21
3712 21
3713 20
3714 13
3715 16
3716 11
3717 10
3718 18
3719 12
3720 17
3721 11
3722 13
3723 12
3724 12
3725 15
3726 8
3727 14
3728 13
3729 15
3730 8
3731 13
3732 12
3733 16
3734 16
3735 10
3736 15
3737 9
3738 11
3739 13
3740 5
3741 19
3742 12
3743 13
3744 7
3745 13
3746 13
3747 10
3748 13
3749 12
3750 11
3751 9
3752 10
3753 8
3754 13
3755 16
3756 11
3757 11
3758 12
3759 8
3760 11
3761 14
3762 15
3763 12
3764 10
3765 10
3766 11
3767 10
3768 8
3769 11
3770 10
3771 10
3772 14
3773 11
3774 14
3775 13
3776 11
3777 16
3778 12
3779 14
3780 12
3781 13
3782 16
3783 14
3784 8
3785 12
3786 13
3787 11
3788 10
3789 9
3790 5
3791 13
3792 17
3793 11
3794 5
3795 7
3796 12
3797 14
3798 13
3799 13
3800 11
3801 12
3802 11
3803 7
3804 8
3805 14
3806 7
3807 6
3808 8
3809 13
3810 6
3811 10
3812 6
3813 10
3814 11
3815 11
3816 5
3817 6
3818 5
3819 7
3820 11
3821 7
3822 8
3823 9
3824 8
3825 11
3826 12
3827 10
3828 8
3829 9
3830 12
3831 14
3832 10
3833 7
3834 6
3835 15
3836 5
3837 6
3838 7
3839 10
3840 11
3841 10
3842 16
3843 8
3844 11
3845 11
3846 6
3847 8
3848 8
3849 11
3850 15
3851 12
3852 8
3853 8
3854 6
3855 9
3856 6
3857 3
3858 8
3859 7
3860 12
3861 9
3862 6
3863 8
3864 5
3865 13
3866 6
3867 9
3868 9
3869 10
3870 5
3871 9
3872 8
3873 11
3874 7
3875 11
3876 8
3877 11
3878 9
3879 7
3880 7
3881 11
3882 3
3883 6
3884 7
3885 13
3886 10
3887 6
3888 10
3889 4
3890 11
3891 7
3892 2
3893 9
3894 7
3895 7
3896 7
3897 5
3898 5
3899 2
3900 5
3901 5
3902 7
3903 8
3904 2
3905 5
3906 7
3907 6
3908 8
3909 0
3910 3
3911 1
3912 10
3913 7
3914 5
3915 6
3916 2
3917 6
3918 5
3919 1
3920 7
3921 9
3922 9
3923 4
3924 3
3925 4
3926 6
3927 4
3928 1
3929 4
3930 7
3931 2
3932 3
3933 5
3934 6
3935 4
3936 6
3937 7
3938 1
3939 5
3940 3
3941 5
3942 4
3943 3
3944 5
3945 4
3946 5
3947 7
3948 2
3949 2
3950 4
3951 3
3952 2
3953 5
3954 3
3955 2
3956 6
3957 6
3958 2
3959 4
3960 4
3961 2
3962 2
3963 6
3964 3
3965 6
3966 3
3967 2
3968 3
3969 2
3970 4
3971 3
3972 1
3973 1
3974 5
3975 2
3976 3
3977 1
3978 3
3979 4
3980 3
3981 8
3982 7
3983 2
3984 2
3985 4
3986 3
3987 3
3988 4
3989 3
3990 5
3991 2
3992 3
3993 5
3994 2
3995 4
3996 0
3997 4
3998 1
3999 2
4000 4
