0 0
1 0
2 0
3 0
4 0
5 0
6 0
7 0
8 0
9 0
10 0
11 0
12 0
13 0
14 0
15 0
16 0
17 0
18 0
19 0
20 0
21 0
22 1
23 0
24 0
25 0
26 0
27 0
28 0
29 0
30 0
31 0
32 0
33 0
34 0
35 0
36 0
37 0
38 0
39 0
40 0
41 0
42 0
43 0
44 0
45 0
46 0
47 0
48 0
49 0
50 0
51 0
52 0
53 0
54 0
55 0
56 0
57 1
58 0
59 0
60 0
61 0
62 0
63 0
64 0
65 0
66 0
67 1
68 0
69 1
70 0
71 0
72 0
73 0
74 0
75 0
76 0
77 0
78 0
79 0
80 1
81 0
82 0
83 0
84 0
85 0
86 0
87 0
88 0
89 0
90 0
91 0
92 0
93 0
94 0
95 0
96 0
97 0
98 0
99 0
100 0
101 0
102 0
103 0
104 0
105 0
106 0
107 0
108 0
109 0
110 0
111 0
112 0
113 1
114 0
115 0
116 0
117 0
118 1
119 0
120 0
121 0
122 0
123 0
124 0
125 0
126 0
127 0
128 0
129 0
130 0
131 0
132 0
133 0
134 0
135 0
136 1
137 0
138 1
139 0
140 2
141 2
142 1
143 7
144 7
145 15
146 47
147 84
148 167
149 245
150 364
151 500
152 628
153 792
154 960
155 1171
156 1773
157 2774
158 4530
159 6862
160 9163
161 10915
162 12926
163 14126
164 16073
165 17766
166 19842
167 21544
168 23851
169 25546
170 27857
171 29227
172 31061
173 32465
174 33814
175 34876
176 35359
177 35639
178 35738
179 35054
180 34636
181 33308
182 32097
183 30302
184 28127
185 26961
186 24936
187 23336
188 21331
189 19273
190 17469
191 15844
192 14433
193 12797
194 11773
195 10697
196 9448
197 8886
198 8040
199 7375
200 6763
201 6389
202 6029
203 5719
204 5428
205 5340
206 5155
207 4907
208 4798
209 4768
210 4742
211 4647
212 4564
213 4419
214 4321
215 4235
216 4243
217 4198
218 3982
219 3993
220 3947
221 3819
222 3741
223 3749
224 3724
225 3643
226 3646
227 3708
228 3754
229 3619
230 3481
231 3483
232 3556
233 3480
234 3445
235 3446
236 3436
237 3456
238 3408
239 3383
240 3256
241 3429
242 3356
243 3390
244 3352
245 3270
246 3352
247 3390
248 3330
249 3273
250 3192
251 3192
252 3182
253 3277
254 3210
255 3169
256 3195
257 3176
258 3257
259 3169
260 3166
261 3064
262 3207
263 3054
264 3117
265 3189
266 3046
267 3052
268 3049
269 3158
270 3129
271 3058
272 3115
273 3156
274 3002
275 3006
276 3090
277 3049
278 2936
279 2926
280 3022
281 2972
282 3024
283 3010
284 2984
285 2950
286 2924
287 3020
288 3019
289 3083
290 2985
291 3049
292 3053
293 3010
294 2951
295 2975
296 3048
297 3039
298 2947
299 2908
300 2909
301 2986
302 3073
303 3020
304 2874
305 2949
306 2881
307 2894
308 2898
309 2972
310 3033
311 2965
312 2901
313 2955
314 2935
315 2986
316 2899
317 2982
318 2883
319 2838
320 2938
321 3033
322 2985
323 2966
324 2945
325 2900
326 2956
327 2991
328 2867
329 2986
330 2958
331 2955
332 2933
333 2922
334 2915
335 2991
336 3015
337 2985
338 3003
339 2953
340 2991
341 3002
342 2960
343 2995
344 2891
345 3031
346 2981
347 3070
348 3018
349 2918
350 2980
351 2966
352 2962
353 3034
354 2994
355 3013
356 3030
357 3000
358 3058
359 2937
360 3000
361 2973
362 3006
363 2954
364 2999
365 3014
366 3029
367 3099
368 3071
369 3093
370 3189
371 3064
372 3004
373 3113
374 2986
375 3117
376 3110
377 3185
378 3126
379 3006
380 2984
381 3060
382 3095
383 2937
384 3158
385 3044
386 3181
387 3190
388 3038
389 3239
390 3155
391 3105
392 3159
393 3119
394 3089
395 3175
396 3133
397 3207
398 3138
399 3182
400 3149
401 3190
402 3186
403 3134
404 3188
405 3223
406 3222
407 3190
408 3177
409 3194
410 3168
411 3244
412 3132
413 3222
414 3158
415 3159
416 3234
417 3192
418 3188
419 3212
420 3257
421 3162
422 3333
423 3190
424 3185
425 3287
426 3209
427 3062
428 3256
429 3235
430 3265
431 3214
432 3306
433 3300
434 3341
435 3335
436 3428
437 3372
438 3254
439 3332
440 3315
441 3239
442 3281
443 3352
444 3278
445 3312
446 3447
447 3439
448 3420
449 3334
450 3387
451 3366
452 3409
453 3411
454 3385
455 3406
456 3391
457 3424
458 3341
459 3354
460 3385
461 3361
462 3342
463 3526
464 3433
465 3497
466 3497
467 3509
468 3471
469 3447
470 3385
471 3478
472 3592
473 3445
474 3452
475 3558
476 3528
477 3444
478 3547
479 3494
480 3417
481 3531
482 3458
483 3491
484 3496
485 3540
486 3517
487 3574
488 3482
489 3563
490 3464
491 3488
492 3595
493 3613
494 3604
495 3532
496 3583
497 3541
498 3613
499 3561
500 3616
501 3465
502 3530
503 3564
504 3605
505 3533
506 3649
507 3641
508 3494
509 3594
510 3590
511 3689
512 3671
513 3601
514 3611
515 3636
516 3536
517 3678
518 3582
519 3521
520 3554
521 3575
522 3592
523 3561
524 3679
525 3454
526 3601
527 3581
528 3543
529 3614
530 3667
531 3619
532 3598
533 3711
534 3554
535 3618
536 3699
537 3559
538 3573
539 3612
540 3664
541 3596
542 3620
543 3584
544 3605
545 3723
546 3593
547 3728
548 3613
549 3659
550 3717
551 3613
552 3650
553 3681
554 3616
555 3643
556 3524
557 3604
558 3607
559 3613
560 3662
561 3633
562 3665
563 3596
564 3621
565 3688
566 3641
567 3567
568 3631
569 3547
570 3612
571 3637
572 3545
573 3593
574 3547
575 3594
576 3585
577 3669
578 3661
579 3592
580 3592
581 3626
582 3633
583 3559
584 3585
585 3608
586 3506
587 3662
588 3623
589 3588
590 3551
591 3507
592 3630
593 3526
594 3651
595 3559
596 3567
597 3576
598 3517
599 3551
600 3525
601 3548
602 3513
603 3621
604 3516
605 3482
606 3395
607 3429
608 3498
609 3507
610 3648
611 3437
612 3355
613 3529
614 3482
615 3538
616 3453
617 3431
618 3426
619 3524
620 3404
621 3517
622 3349
623 3500
624 3519
625 3421
626 3366
627 3336
628 3388
629 3589
630 3293
631 3259
632 3406
633 3378
634 3351
635 3398
636 3399
637 3303
638 3414
639 3399
640 3319
641 3309
642 3414
643 3306
644 3349
645 3219
646 3185
647 3250
648 3264
649 3302
650 3295
651 3342
652 3307
653 3235
654 3282
655 3203
656 3180
657 3256
658 3202
659 3101
660 3190
661 3067
662 3108
663 3281
664 3136
665 3133
666 3094
667 3076
668 3161
669 3136
670 2999
671 3008
672 3028
673 3055
674 3091
675 3044
676 3030
677 3097
678 2989
679 2985
680 2969
681 3013
682 3027
683 3010
684 3045
685 2987
686 2996
687 3025
688 2873
689 2915
690 2923
691 2950
692 2924
693 2967
694 2850
695 2834
696 2885
697 2844
698 2716
699 2842
700 2753
701 2828
702 2835
703 2818
704 2858
705 2849
706 2777
707 2766
708 2715
709 2665
710 2696
711 2714
712 2656
713 2723
714 2709
715 2594
716 2643
717 2672
718 2794
719 2753
720 2663
721 2709
722 2625
723 2639
724 2635
725 2661
726 2600
727 2585
728 2504
729 2543
730 2516
731 2530
732 2510
733 2556
734 2533
735 2559
736 2472
737 2481
738 2497
739 2422
740 2354
741 2451
742 2342
743 2372
744 2402
745 2389
746 2369
747 2285
748 2364
749 2341
750 2342
751 2290
752 2255
753 2323
754 2244
755 2301
756 2317
757 2283
758 2182
759 2159
760 2214
761 2255
762 2264
763 2149
764 2056
765 2250
766 2145
767 2122
768 2153
769 2155
770 2149
771 2038
772 2168
773 2075
774 2083
775 2085
776 2085
777 2061
778 2021
779 2023
780 1976
781 1982
782 2039
783 1987
784 1920
785 2058
786 2085
787 1976
788 1922
789 1953
790 1816
791 1951
792 1879
793 1931
794 1861
795 1892
796 1874
797 1865
798 1795
799 1826
800 1784
801 1811
802 1748
803 1770
804 1798
805 1777
806 1831
807 1785
808 1696
809 1767
810 1738
811 1702
812 1655
813 1646
814 1622
815 1770
816 1563
817 1646
818 1636
819 1669
820 1670
821 1574
822 1625
823 1626
824 1634
825 1601
826 1558
827 1551
828 1584
829 1585
830 1572
831 1525
832 1501
833 1503
834 1487
835 1442
836 1453
837 1508
838 1440
839 1459
840 1538
841 1405
842 1480
843 1486
844 1443
845 1361
846 1330
847 1380
848 1390
849 1375
850 1355
851 1375
852 1305
853 1398
854 1291
855 1292
856 1327
857 1298
858 1340
859 1302
860 1263
861 1271
862 1300
863 1245
864 1264
865 1203
866 1210
867 1263
868 1205
869 1253
870 1176
871 1181
872 1181
873 1203
874 1220
875 1234
876 1241
877 1133
878 1148
879 1155
880 1175
881 1155
882 1103
883 1193
884 1040
885 1110
886 1065
887 1095
888 1066
889 1076
890 1023
891 1021
892 1037
893 1089
894 1054
895 1028
896 1037
897 966
898 1013
899 1043
900 1057
901 1034
902 991
903 987
904 922
905 965
906 949
907 891
908 898
909 990
910 973
911 932
912 910
913 879
914 917
915 973
916 857
917 886
918 823
919 839
920 895
921 845
922 868
923 873
924 859
925 925
926 898
927 802
928 813
929 791
930 792
931 784
932 771
933 826
934 777
935 768
936 798
937 744
938 784
939 788
940 757
941 760
942 733
943 788
944 723
945 698
946 731
947 748
948 668
949 728
950 713
951 669
952 702
953 742
954 725
955 665
956 692
957 717
958 651
959 713
960 672
961 677
962 734
963 668
964 664
965 583
966 608
967 563
968 607
969 679
970 674
971 612
972 644
973 603
974 593
975 638
976 662
977 585
978 635
979 565
980 567
981 579
982 576
983 563
984 535
985 569
986 550
987 582
988 571
989 553
990 524
991 530
992 532
993 537
994 513
995 456
996 548
997 524
998 513
999 516
1000 480
1001 490
1002 523
1003 478
1004 544
1005 483
1006 472
1007 481
1008 441
1009 481
1010 481
1011 466
1012 480
1013 439
1014 470
1015 435
1016 434
1017 476
1018 451
1019 433
1020 462
1021 441
1022 415
1023 426
1024 415
1025 437
1026 451
1027 433
1028 392
1029 403
1030 397
1031 424
1032 390
1033 427
1034 373
1035 376
1036 427
1037 369
1038 408
1039 376
1040 394
1041 371
1042 370
1043 394
1044 398
1045 370
1046 355
1047 372
1048 334
1049 355
1050 359
1051 352
1052 322
1053 340
1054 298
1055 309
1056 383
1057 333
1058 306
1059 314
1060 300
1061 369
1062 350
1063 328
1064 357
1065 348
1066 331
1067 325
1068 338
1069 301
1070 347
1071 322
1072 292
1073 305
1074 295
1075 298
1076 324
1077 310
1078 327
1079 305
1080 259
1081 307
1082 307
1083 295
1084 330
1085 285
1086 276
1087 286
1088 290
1089 283
1090 261
1091 286
1092 253
1093 261
1094 283
1095 280
1096 243
1097 246
1098 256
1099 263
1100 244
1101 259
1102 259
1103 284
1104 269
1105 254
1106 248
1107 222
1108 230
1109 241
1110 253
1111 246
1112 225
1113 248
1114 213
1115 221
1116 236
1117 233
1118 238
1119 224
1120 193
1121 235
1122 233
1123 234
1124 229
1125 200
1126 209
1127 236
1128 210
1129 187
1130 220
1131 208
1132 189
1133 205
1134 197
1135 211
1136 223
1137 207
1138 212
1139 204
1140 219
1141 172
1142 192
1143 192
1144 194
1145 192
1146 180
1147 189
1148 175
1149 173
1150 208
1151 175
1152 200
1153 190
1154 175
1155 168
1156 166
1157 172
1158 171
1159 174
1160 182
1161 212
1162 171
1163 160
1164 159
1165 161
1166 169
1167 170
1168 158
1169 161
1170 175
1171 169
1172 164
1173 155
1174 175
1175 175
1176 162
1177 180
1178 160
1179 151
1180 165
1181 161
1182 157
1183 160
1184 176
1185 159
1186 155
1187 177
1188 163
1189 159
1190 149
1191 141
1192 145
1193 153
1194 141
1195 133
1196 138
1197 162
1198 164
1199 129
1200 146
1201 119
1202 129
1203 144
1204 138
1205 150
1206 146
1207 125
1208 150
1209 149
1210 118
1211 119
1212 117
1213 124
1214 129
1215 120
1216 132
1217 127
1218 124
1219 141
1220 117
1221 124
1222 110
1223 116
1224 106
1225 118
1226 125
1227 109
1228 117
1229 121
1230 104
1231 108
1232 109
1233 113
1234 144
1235 125
1236 108
1237 106
1238 122
1239 125
1240 103
1241 110
1242 105
1243 123
1244 100
1245 106
1246 110
1247 109
1248 111
1249 119
1250 106
1251 108
1252 98
1253 102
1254 87
1255 108
1256 93
1257 109
1258 97
1259 98
1260 102
1261 80
1262 103
1263 93
1264 103
1265 76
1266 102
1267 105
1268 78
1269 88
1270 86
1271 89
1272 103
1273 86
1274 95
1275 91
1276 86
1277 112
1278 93
1279 79
1280 79
1281 100
1282 72
1283 88
1284 84
1285 91
1286 89
1287 92
1288 84
1289 78
1290 86
1291 85
1292 83
1293 82
1294 79
1295 75
1296 69
1297 70
1298 87
1299 94
1300 76
1301 105
1302 86
1303 76
1304 65
1305 68
1306 63
1307 88
1308 65
1309 75
1310 80
1311 91
1312 83
1313 58
1314 81
1315 68
1316 85
1317 62
1318 71
1319 55
1320 68
1321 78
1322 78
1323 77
1324 75
1325 67
1326 70
1327 88
1328 60
1329 71
1330 74
1331 72
1332 77
1333 68
1334 62
1335 67
1336 78
1337 62
1338 76
1339 62
1340 60
1341 69
1342 56
1343 34
1344 83
1345 53
1346 56
1347 57
1348 78
1349 62
1350 50
1351 63
1352 66
1353 75
1354 51
1355 45
1356 47
1357 54
1358 54
1359 62
1360 54
1361 65
1362 56
1363 63
1364 55
1365 55
1366 54
1367 70
1368 69
1369 68
1370 60
1371 61
1372 57
1373 49
1374 67
1375 50
1376 46
1377 62
1378 55
1379 51
1380 44
1381 52
1382 64
1383 46
1384 61
1385 50
1386 51
1387 56
1388 48
1389 46
1390 61
1391 51
1392 37
1393 53
1394 49
1395 48
1396 56
1397 55
1398 49
1399 48
1400 54
1401 50
1402 41
1403 45
1404 48
1405 42
1406 41
1407 51
1408 55
1409 35
1410 45
1411 35
1412 45
1413 44
1414 56
1415 46
1416 42
1417 46
1418 36
1419 44
1420 57
1421 45
1422 44
1423 46
1424 51
1425 41
1426 45
1427 47
1428 39
1429 43
1430 40
1431 39
1432 51
1433 37
1434 42
1435 35
1436 42
1437 45
1438 43
1439 41
1440 36
1441 37
1442 42
1443 31
1444 42
1445 43
1446 37
1447 45
1448 43
1449 34
1450 35
1451 39
1452 28
1453 34
1454 43
1455 40
1456 34
1457 34
1458 31
1459 44
1460 38
1461 33
1462 36
1463 36
1464 35
1465 26
1466 33
1467 46
1468 37
1469 30
1470 41
1471 30
1472 33
1473 35
1474 41
1475 35
1476 40
1477 42
1478 24
1479 39
1480 33
1481 25
1482 35
1483 40
1484 42
1485 32
1486 38
1487 26
1488 35
1489 36
1490 33
1491 21
1492 38
1493 36
1494 33
1495 31
1496 26
1497 34
1498 30
1499 24
1500 46
1501 40
1502 29
1503 29
1504 22
1505 34
1506 39
1507 26
1508 32
1509 43
1510 37
1511 38
1512 24
1513 38
1514 42
1515 29
1516 26
1517 23
1518 34
1519 32
1520 31
1521 26
1522 31
1523 29
1524 29
1525 34
1526 26
1527 27
1528 32
1529 36
1530 31
1531 20
1532 28
1533 41
1534 42
1535 29
1536 31
1537 26
1538 27
1539 24
1540 27
1541 28
1542 26
1543 32
1544 32
1545 26
1546 35
1547 30
1548 28
1549 30
1550 41
1551 20
1552 37
1553 36
1554 23
1555 32
1556 35
1557 33
1558 32
1559 27
1560 32
1561 26
1562 37
1563 23
1564 27
1565 19
1566 24
1567 27
1568 18
1569 27
1570 28
1571 26
1572 30
1573 26
1574 30
1575 21
1576 31
1577 30
1578 34
1579 33
1580 33
1581 22
1582 23
1583 25
1584 24
1585 25
1586 20
1587 25
1588 25
1589 28
1590 27
1591 27
1592 24
1593 32
1594 26
1595 31
1596 22
1597 33
1598 30
1599 23
1600 27
1601 21
1602 34
1603 23
1604 17
1605 28
1606 35
1607 36
1608 35
1609 29
1610 22
1611 31
1612 26
1613 26
1614 28
1615 22
1616 24
1617 31
1618 25
1619 41
1620 24
1621 22
1622 27
1623 27
1624 29
1625 22
1626 28
1627 34
1628 23
1629 24
1630 30
1631 27
1632 23
1633 27
1634 26
1635 32
1636 26
1637 18
1638 28
1639 23
1640 32
1641 17
1642 26
1643 21
1644 24
1645 34
1646 25
1647 34
1648 28
1649 21
1650 25
1651 28
1652 34
1653 33
1654 28
1655 25
1656 29
1657 29
1658 33
1659 23
1660 22
1661 29
1662 30
1663 26
1664 35
1665 27
1666 19
1667 28
1668 29
1669 26
1670 21
1671 25
1672 29
1673 20
1674 34
1675 24
1676 30
1677 19
1678 30
1679 38
1680 34
1681 30
1682 33
1683 26
1684 27
1685 23
1686 22
1687 34
1688 23
1689 33
1690 27
1691 41
1692 23
1693 26
1694 25
1695 28
1696 32
1697 23
1698 24
1699 32
1700 30
1701 34
1702 27
1703 36
1704 31
1705 28
1706 25
1707 28
1708 21
1709 24
1710 25
1711 30
1712 27
1713 24
1714 35
1715 23
1716 22
1717 30
1718 32
1719 28
1720 20
1721 24
1722 29
1723 37
1724 30
1725 31
1726 32
1727 37
1728 25
1729 27
1730 33
1731 24
1732 30
1733 32
1734 25
1735 30
1736 33
1737 35
1738 32
1739 23
1740 21
1741 33
1742 34
1743 37
1744 33
1745 35
1746 33
1747 31
1748 33
1749 35
1750 25
1751 33
1752 33
1753 34
1754 31
1755 26
1756 40
1757 30
1758 26
1759 28
1760 24
1761 44
1762 28
1763 42
1764 40
1765 31
1766 24
1767 35
1768 34
1769 30
1770 24
1771 34
1772 28
1773 37
1774 34
1775 36
1776 30
1777 31
1778 23
1779 34
1780 31
1781 32
1782 30
1783 25
1784 36
1785 36
1786 36
1787 26
1788 23
1789 37
1790 41
1791 31
1792 43
1793 43
1794 29
1795 27
1796 28
1797 44
1798 29
1799 25
1800 27
1801 38
1802 33
1803 49
1804 34
1805 30
1806 41
1807 33
1808 37
1809 28
1810 31
1811 37
1812 40
1813 30
1814 31
1815 46
1816 37
1817 47
1818 32
1819 28
1820 41
1821 33
1822 30
1823 42
1824 41
1825 34
1826 32
1827 32
1828 38
1829 39
1830 34
1831 42
1832 36
1833 47
1834 28
1835 24
1836 46
1837 30
1838 45
1839 47
1840 39
1841 41
1842 40
1843 47
1844 50
1845 39
1846 38
1847 38
1848 35
1849 46
1850 40
1851 43
1852 42
1853 20
1854 47
1855 37
1856 39
1857 50
1858 54
1859 47
1860 41
1861 41
1862 51
1863 47
1864 42
1865 30
1866 47
1867 42
1868 46
1869 45
1870 39
1871 38
1872 35
1873 34
1874 45
1875 37
1876 40
1877 42
1878 60
1879 36
1880 50
1881 42
1882 38
1883 38
1884 38
1885 41
1886 39
1887 35
1888 38
1889 29
1890 42
1891 50
1892 37
1893 33
1894 43
1895 53
1896 41
1897 38
1898 48
1899 37
1900 45
1901 50
1902 47
1903 38
1904 46
1905 41
1906 36
1907 45
1908 33
1909 38
1910 49
1911 50
1912 48
1913 38
1914 43
1915 42
1916 47
1917 51
1918 46
1919 51
1920 53
1921 41
1922 37
1923 46
1924 51
1925 49
1926 57
1927 39
1928 36
1929 44
1930 44
1931 45
1932 54
1933 51
1934 45
1935 42
1936 49
1937 46
1938 46
1939 51
1940 52
1941 38
1942 36
1943 44
1944 47
1945 52
1946 47
1947 44
1948 42
1949 44
1950 49
1951 45
1952 36
1953 55
1954 38
1955 57
1956 52
1957 48
1958 57
1959 45
1960 39
1961 50
1962 57
1963 49
1964 40
1965 50
1966 50
1967 61
1968 45
1969 46
1970 45
1971 43
1972 56
1973 49
1974 53
1975 49
1976 54
1977 62
1978 58
1979 53
1980 63
1981 48
1982 47
1983 49
1984 51
1985 50
1986 52
1987 47
1988 61
1989 55
1990 56
1991 57
1992 42
1993 63
1994 60
1995 44
1996 49
1997 48
1998 53
1999 44
2000 58
2001 58
2002 52
2003 57
2004 63
2005 56
2006 65
2007 55
2008 43
2009 49
2010 55
2011 59
2012 44
2013 42
2014 61
2015 52
2016 63
2017 53
2018 62
2019 62
2020 65
2021 74
2022 54
2023 57
2024 42
2025 62
2026 52
2027 55
2028 68
2029 55
2030 63
2031 67
2032 39
2033 62
2034 71
2035 44
2036 68
2037 45
2038 44
2039 56
2040 45
2041 62
2042 61
2043 58
2044 50
2045 57
2046 57
2047 61
2048 62
2049 51
2050 64
2051 61
2052 59
2053 58
2054 57
2055 64
2056 59
2057 73
2058 63
2059 69
2060 69
2061 54
2062 65
2063 59
2064 54
2065 64
2066 59
2067 60
2068 55
2069 62
2070 61
2071 68
2072 69
2073 68
2074 65
2075 66
2076 69
2077 56
2078 58
2079 63
2080 67
2081 72
2082 64
2083 69
2084 62
2085 68
2086 46
2087 67
2088 66
2089 46
2090 63
2091 54
2092 59
2093 58
2094 56
2095 43
2096 61
2097 68
2098 51
2099 72
2100 67
2101 65
2102 51
2103 58
2104 65
2105 54
2106 67
2107 54
2108 66
2109 55
2110 68
2111 66
2112 54
2113 82
2114 60
2115 61
2116 65
2117 63
2118 57
2119 63
2120 53
2121 53
2122 71
2123 50
2124 58
2125 60
2126 51
2127 55
2128 58
2129 66
2130 62
2131 53
2132 64
2133 60
2134 48
2135 57
2136 57
2137 63
2138 51
2139 69
2140 68
2141 56
2142 55
2143 65
2144 63
2145 64
2146 61
2147 66
2148 78
2149 69
2150 64
2151 66
2152 68
2153 61
2154 54
2155 55
2156 52
2157 69
2158 65
2159 66
2160 57
2161 62
2162 68
2163 64
2164 54
2165 61
2166 68
2167 63
2168 74
2169 69
2170 75
2171 56
2172 54
2173 61
2174 57
2175 73
2176 77
2177 68
2178 61
2179 50
2180 73
2181 55
2182 48
2183 58
2184 69
2185 64
2186 67
2187 61
2188 60
2189 57
2190 64
2191 77
2192 65
2193 55
2194 59
2195 68
2196 75
2197 66
2198 59
2199 64
2200 64
2201 56
2202 56
2203 63
2204 74
2205 70
2206 57
2207 69
2208 61
2209 46
2210 58
2211 60
2212 67
2213 70
2214 52
2215 57
2216 67
2217 68
2218 63
2219 67
2220 69
2221 48
2222 67
2223 64
2224 69
2225 58
2226 63
2227 67
2228 53
2229 63
2230 48
2231 65
2232 53
2233 57
2234 61
2235 57
2236 54
2237 59
2238 70
2239 57
2240 81
2241 78
2242 54
2243 62
2244 47
2245 58
2246 60
2247 58
2248 57
2249 70
2250 63
2251 58
2252 58
2253 69
2254 70
2255 58
2256 60
2257 56
2258 60
2259 71
2260 75
2261 52
2262 61
2263 62
2264 68
2265 64
2266 74
2267 69
2268 59
2269 80
2270 58
2271 69
2272 62
2273 53
2274 58
2275 54
2276 65
2277 58
2278 63
2279 63
2280 53
2281 60
2282 61
2283 63
2284 73
2285 66
2286 59
2287 57
2288 62
2289 61
2290 57
2291 59
2292 71
2293 54
2294 59
2295 49
2296 56
2297 52
2298 50
2299 69
2300 62
2301 48
2302 64
2303 72
2304 61
2305 59
2306 70
2307 53
2308 51
2309 64
2310 52
2311 52
2312 65
2313 51
2314 58
2315 64
2316 53
2317 74
2318 63
2319 61
2320 68
2321 61
2322 61
2323 53
2324 48
2325 67
2326 67
2327 62
2328 56
2329 58
2330 57
2331 80
2332 63
2333 58
2334 60
2335 69
2336 55
2337 70
2338 56
2339 55
2340 85
2341 58
2342 54
2343 64
2344 58
2345 48
2346 65
2347 40
2348 61
2349 49
2350 53
2351 71
2352 56
2353 60
2354 60
2355 47
2356 51
2357 65
2358 37
2359 70
2360 55
2361 47
2362 61
2363 48
2364 43
2365 51
2366 59
2367 43
2368 67
2369 62
2370 43
2371 47
2372 48
2373 65
2374 60
2375 60
2376 49
2377 56
2378 53
2379 47
2380 38
2381 56
2382 54
2383 49
2384 48
2385 45
2386 52
2387 61
2388 55
2389 48
2390 50
2391 51
2392 51
2393 49
2394 54
2395 53
2396 67
2397 56
2398 45
2399 52
2400 49
2401 68
2402 53
2403 55
2404 42
2405 49
2406 53
2407 38
2408 67
2409 55
2410 49
2411 43
2412 44
2413 54
2414 50
2415 43
2416 52
2417 48
2418 45
2419 51
2420 50
2421 51
2422 51
2423 49
2424 60
2425 46
2426 52
2427 48
2428 50
2429 43
2430 39
2431 47
2432 51
2433 49
2434 52
2435 47
2436 51
2437 48
2438 37
2439 53
2440 49
2441 59
2442 53
2443 65
2444 44
2445 43
2446 56
2447 55
2448 49
2449 47
2450 49
2451 37
2452 50
2453 46
2454 46
2455 49
2456 56
2457 39
2458 55
2459 45
2460 60
2461 43
2462 52
2463 46
2464 40
2465 45
2466 37
2467 57
2468 35
2469 50
2470 46
2471 57
2472 42
2473 51
2474 47
2475 40
2476 50
2477 40
2478 46
2479 49
2480 40
2481 50
2482 35
2483 41
2484 46
2485 57
2486 45
2487 38
2488 47
2489 48
2490 48
2491 45
2492 49
2493 45
2494 44
2495 49
2496 58
2497 50
2498 30
2499 38
2500 42
2501 46
2502 40
2503 38
2504 44
2505 42
2506 44
2507 45
2508 51
2509 42
2510 40
2511 48
2512 47
2513 60
2514 39
2515 39
2516 37
2517 45
2518 42
2519 41
2520 37
2521 43
2522 52
2523 40
2524 46
2525 33
2526 58
2527 49
2528 38
2529 42
2530 41
2531 47
2532 29
2533 43
2534 30
2535 33
2536 45
2537 34
2538 40
2539 27
2540 42
2541 41
2542 52
2543 31
2544 34
2545 38
2546 41
2547 29
2548 32
2549 36
2550 40
2551 44
2552 49
2553 33
2554 37
2555 44
2556 32
2557 37
2558 35
2559 28
2560 28
2561 26
2562 38
2563 36
2564 40
2565 37
2566 43
2567 37
2568 29
2569 35
2570 33
2571 50
2572 26
2573 40
2574 32
2575 43
2576 37
2577 33
2578 37
2579 33
2580 38
2581 30
2582 37
2583 32
2584 41
2585 31
2586 26
2587 36
2588 42
2589 31
2590 33
2591 30
2592 37
2593 39
2594 35
2595 42
2596 41
2597 35
2598 33
2599 24
2600 25
2601 29
2602 35
2603 36
2604 35
2605 27
2606 27
2607 33
2608 25
2609 39
2610 40
2611 37
2612 45
2613 37
2614 27
2615 23
2616 36
2617 35
2618 28
2619 33
2620 28
2621 33
2622 37
2623 19
2624 25
2625 40
2626 37
2627 30
2628 27
2629 28
2630 30
2631 23
2632 24
2633 37
2634 28
2635 25
2636 36
2637 31
2638 29
2639 29
2640 19
2641 19
2642 45
2643 23
2644 26
2645 21
2646 29
2647 37
2648 30
2649 21
2650 29
2651 32
2652 27
2653 33
2654 28
2655 29
2656 29
2657 19
2658 26
2659 30
2660 18
2661 29
2662 27
2663 27
2664 31
2665 23
2666 20
2667 23
2668 26
2669 28
2670 23
2671 34
2672 21
2673 20
2674 23
2675 31
2676 30
2677 21
2678 22
2679 14
2680 19
2681 18
2682 17
2683 24
2684 31
2685 24
2686 28
2687 37
2688 33
2689 22
2690 25
2691 30
2692 19
2693 18
2694 21
2695 18
2696 24
2697 30
2698 25
2699 25
2700 20
2701 34
2702 23
2703 20
2704 18
2705 23
2706 26
2707 23
2708 13
2709 28
2710 24
2711 22
2712 21
2713 20
2714 21
2715 14
2716 20
2717 13
2718 34
2719 27
2720 32
2721 25
2722 19
2723 27
2724 16
2725 24
2726 30
2727 20
2728 27
2729 21
2730 25
2731 29
2732 21
2733 22
2734 21
2735 14
2736 22
2737 16
2738 18
2739 26
2740 14
2741 20
2742 17
2743 19
2744 21
2745 23
2746 11
2747 18
2748 26
2749 20
2750 17
2751 13
2752 27
2753 22
2754 16
2755 29
2756 18
2757 18
2758 17
2759 21
2760 25
2761 16
2762 10
2763 23
2764 15
2765 18
2766 16
2767 12
2768 17
2769 30
2770 14
2771 23
2772 16
2773 23
2774 24
2775 20
2776 17
2777 23
2778 24
2779 20
2780 15
2781 22
2782 22
2783 17
2784 15
2785 19
2786 11
2787 19
2788 17
2789 22
2790 16
2791 20
2792 15
2793 21
2794 15
2795 18
2796 7
2797 18
2798 22
2799 19
2800 23
2801 16
2802 19
2803 18
2804 13
2805 19
2806 9
2807 18
2808 20
2809 20
2810 14
2811 14
2812 14
2813 16
2814 10
2815 11
2816 15
2817 11
2818 14
2819 16
2820 15
2821 13
2822 15
2823 24
2824 15
2825 15
2826 17
2827 19
2828 16
2829 18
2830 11
2831 25
2832 12
2833 20
2834 17
2835 19
2836 10
2837 9
2838 8
2839 13
2840 12
2841 9
2842 14
2843 16
2844 20
2845 18
2846 13
2847 8
2848 21
2849 7
2850 13
2851 15
2852 19
2853 24
2854 17
2855 15
2856 19
2857 8
2858 8
2859 10
2860 19
2861 9
2862 10
2863 13
2864 9
2865 11
2866 19
2867 8
2868 17
2869 9
2870 10
2871 12
2872 16
2873 13
2874 15
2875 8
2876 10
2877 9
2878 7
2879 14
2880 13
2881 9
2882 11
2883 9
2884 15
2885 15
2886 9
2887 13
2888 15
2889 10
2890 5
2891 13
2892 8
2893 11
2894 13
2895 18
2896 8
2897 11
2898 13
2899 12
2900 5
2901 17
2902 9
2903 6
2904 8
2905 10
2906 11
2907 9
2908 7
2909 6
2910 13
2911 14
2912 8
2913 9
2914 11
2915 12
2916 12
2917 6
2918 7
2919 14
2920 5
2921 10
2922 15
2923 11
2924 8
2925 7
2926 7
2927 8
2928 7
2929 11
2930 12
2931 8
2932 10
2933 8
2934 12
2935 6
2936 6
2937 7
2938 6
2939 11
2940 15
2941 14
2942 8
2943 7
2944 12
2945 14
2946 10
2947 7
2948 12
2949 9
2950 4
2951 10
2952 7
2953 9
2954 6
2955 11
2956 7
2957 6
2958 9
2959 13
2960 11
2961 4
2962 8
2963 7
2964 13
2965 6
2966 6
2967 6
2968 9
2969 5
2970 8
2971 8
2972 8
2973 4
2974 2
2975 9
2976 10
2977 7
2978 9
2979 11
2980 6
2981 13
2982 6
2983 5
2984 8
2985 2
2986 11
2987 12
2988 6
2989 5
2990 10
2991 5
2992 7
2993 5
2994 6
2995 4
2996 8
2997 7
2998 12
2999 9
3000 9
3001 7
3002 7
3003 7
3004 9
3005 7
3006 5
3007 6
3008 12
3009 7
3010 11
3011 9
3012 12
3013 9
3014 2
3015 6
3016 5
3017 12
3018 6
3019 7
3020 12
3021 7
3022 10
3023 9
3024 5
3025 8
3026 7
3027 3
3028 6
3029 3
3030 4
3031 7
3032 4
3033 5
3034 2
3035 7
3036 8
3037 8
3038 5
3039 9
3040 4
3041 5
3042 5
3043 4
3044 10
3045 5
3046 5
3047 5
3048 6
3049 12
3050 4
3051 6
3052 5
3053 7
3054 6
3055 4
3056 6
3057 4
3058 7
3059 3
3060 7
3061 6
3062 8
3063 3
3064 5
3065 9
3066 5
3067 4
3068 6
3069 7
3070 2
3071 6
3072 8
3073 7
3074 6
3075 5
3076 7
3077 4
3078 2
3079 8
3080 4
3081 9
3082 6
3083 3
3084 10
3085 6
3086 7
3087 5
3088 7
3089 5
3090 6
3091 2
3092 4
3093 8
3094 4
3095 6
3096 7
3097 5
3098 7
3099 1
3100 6
3101 6
3102 2
3103 2
3104 4
3105 2
3106 7
3107 5
3108 2
3109 5
3110 2
3111 7
3112 7
3113 4
3114 6
3115 0
3116 3
3117 3
3118 5
3119 4
3120 5
3121 5
3122 3
3123 2
3124 2
3125 6
3126 1
3127 3
3128 3
3129 7
3130 3
3131 4
3132 1
3133 10
3134 4
3135 2
3136 9
3137 2
3138 5
3139 5
3140 4
3141 6
3142 4
3143 0
3144 1
3145 1
3146 1
3147 5
3148 5
3149 7
3150 4
3151 8
3152 2
3153 7
3154 4
3155 2
3156 2
3157 2
3158 4
3159 5
3160 9
3161 3
3162 5
3163 5
3164 4
3165 3
3166 1
3167 1
3168 4
3169 5
3170 6
3171 3
3172 2
3173 2
3174 3
3175 2
3176 4
3177 6
3178 3
3179 3
3180 1
3181 3
3182 3
3183 1
3184 3
3185 1
3186 6
3187 2
3188 3
3189 2
3190 3
3191 2
3192 3
3193 1
3194 3
3195 4
3196 5
3197 3
3198 2
3199 3
3200 3
3201 1
3202 2
3203 3
3204 3
3205 2
3206 2
3207 2
3208 0
3209 4
3210 0
3211 3
3212 4
3213 9
3214 1
3215 6
3216 2
3217 4
3218 3
3219 3
3220 2
3221 3
3222 3
3223 1
3224 2
3225 2
3226 2
3227 3
3228 3
3229 0
3230 3
3231 1
3232 1
3233 2
3234 1
3235 4
3236 2
3237 2
3238 4
3239 1
3240 0
3241 3
3242 2
3243 2
3244 0
3245 1
3246 2
3247 6
3248 5
3249 1
3250 1
3251 2
3252 1
3253 4
3254 3
3255 1
3256 2
3257 1
3258 1
3259 3
3260 3
3261 2
3262 0
3263 4
3264 5
3265 3
3266 2
3267 1
3268 5
3269 4
3270 3
3271 1
3272 2
3273 2
3274 3
3275 1
3276 2
3277 1
3278 2
3279 3
3280 2
3281 6
3282 2
3283 2
3284 1
3285 0
3286 2
3287 2
3288 2
3289 0
3290 4
3291 2
3292 1
3293 3
3294 1
3295 2
3296 2
3297 1
3298 1
3299 1
3300 3
3301 1
3302 1
3303 1
3304 2
3305 4
3306 4
3307 4
3308 3
3309 2
3310 1
3311 3
3312 1
3313 1
3314 2
3315 3
3316 2
3317 5
3318 4
3319 1
3320 1
3321 1
3322 2
3323 0
3324 2
3325 2
3326 1
3327 2
3328 0
3329 4
3330 4
3331 0
3332 0
3333 2
3334 0
3335 0
3336 1
3337 2
3338 0
3339 1
3340 2
3341 3
3342 5
3343 4
3344 0
3345 1
3346 0
3347 3
3348 4
3349 0
3350 2
3351 3
3352 0
3353 1
3354 3
3355 0
3356 0
3357 1
3358 0
3359 1
3360 0
3361 2
3362 3
3363 1
3364 4
3365 0
3366 1
3367 1
3368 4
3369 0
3370 1
3371 0
3372 1
3373 2
3374 1
3375 1
3376 0
3377 1
3378 0
3379 0
3380 1
3381 0
3382 2
3383 2
3384 3
3385 2
3386 2
3387 0
3388 2
3389 1
3390 4
3391 1
3392 1
3393 1
3394 1
3395 2
3396 2
3397 2
3398 4
3399 4
3400 0
3401 0
3402 2
3403 3
3404 1
3405 0
3406 3
3407 3
3408 5
3409 2
3410 0
3411 2
3412 0
3413 2
3414 0
3415 0
3416 0
3417 1
3418 0
3419 1
3420 0
3421 0
3422 0
3423 1
3424 0
3425 2
3426 1
3427 2
3428 1
3429 2
3430 1
3431 0
3432 0
3433 3
3434 2
3435 0
3436 2
3437 0
3438 4
3439 0
3440 1
3441 0
3442 4
3443 1
3444 1
3445 0
3446 3
3447 1
3448 1
3449 1
3450 0
3451 0
3452 1
3453 0
3454 1
3455 0
3456 0
3457 0
3458 3
3459 0
3460 1
3461 1
3462 1
3463 1
3464 1
3465 0
3466 1
3467 1
3468 3
3469 0
3470 5
3471 1
3472 1
3473 4
3474 1
3475 0
3476 2
3477 2
3478 0
3479 1
3480 1
3481 0
3482 1
3483 3
3484 1
3485 2
3486 1
3487 2
3488 1
3489 0
3490 0
3491 0
3492 0
3493 0
3494 1
3495 0
3496 1
3497 0
3498 1
3499 1
3500 2
3501 0
3502 0
3503 0
3504 1
3505 0
3506 4
3507 1
3508 1
3509 0
3510 1
3511 0
3512 3
3513 1
3514 0
3515 0
3516 0
3517 1
3518 2
3519 2
3520 1
3521 3
3522 0
3523 0
3524 0
3525 0
3526 0
3527 2
3528 1
3529 0
3530 0
3531 2
3532 1
3533 0
3534 1
3535 2
3536 1
3537 2
3538 2
3539 0
3540 2
3541 0
3542 2
3543 2
3544 2
3545 1
3546 1
3547 0
3548 0
3549 1
3550 0
3551 1
3552 0
3553 0
3554 0
3555 0
3556 0
3557 1
3558 1
3559 0
3560 1
3561 0
3562 2
3563 1
3564 2
3565 1
3566 1
3567 1
3568 0
3569 2
3570 0
3571 3
3572 1
3573 2
3574 1
3575 1
3576 0
3577 0
3578 2
3579 1
3580 1
3581 1
3582 1
3583 1
3584 0
3585 2
3586 1
3587 0
3588 2
3589 1
3590 0
3591 2
3592 2
3593 3
3594 0
3595 0
3596 1
3597 1
3598 1
3599 0
3600 2
3601 1
3602 0
3603 1
3604 0
3605 1
3606 0
3607 0
3608 0
3609 1
3610 1
3611 1
3612 1
3613 2
3614 1
3615 1
3616 1
3617 1
3618 0
3619 1
3620 2
3621 0
3622 2
3623 0
3624 0
3625 2
3626 2
3627 1
3628 0
3629 1
3630 1
3631 0
3632 3
3633 0
3634 0
3635 2
3636 2
3637 3
3638 2
3639 0
3640 2
3641 2
3642 1
3643 0
3644 1
3645 2
3646 1
3647 1
3648 0
3649 0
3650 0
3651 1
3652 1
3653 2
3654 0
3655 2
3656 0
3657 1
3658 0
3659 2
3660 1
3661 1
3662 0
3663 1
3664 0
3665 0
3666 0
3667 0
3668 1
3669 1
3670 0
3671 1
3672 2
3673 1
3674 3
3675 1
3676 0
3677 0
3678 1
3679 0
3680 2
3681 3
3682 0
3683 0
3684 0
3685 0
3686 1
3687 0
3688 0
3689 1
3690 0
3691 3
3692 1
3693 1
3694 1
3695 1
3696 1
3697 1
3698 0
3699 0
3700 1
3701 0
3702 1
3703 1
3704 1
3705 0
3706 1
3707 0
3708 0
3709 1
3710 1
3711 2
3712 1
3713 4
3714 0
3715 0
3716 0
3717 1
3718 1
3719 1
3720 0
3721 0
3722 0
3723 0
3724 0
3725 1
3726 0
3727 0
3728 0
3729 1
3730 0
3731 0
3732 1
3733 0
3734 2
3735 0
3736 3
3737 1
3738 0
3739 0
3740 0
3741 1
3742 3
3743 1
3744 2
3745 1
3746 0
3747 1
3748 0
3749 0
3750 0
3751 0
3752 0
3753 3
3754 0
3755 0
3756 0
3757 1
3758 0
3759 0
3760 0
3761 0
3762 1
3763 1
3764 1
3765 0
3766 1
3767 0
3768 1
3769 0
3770 1
3771 0
3772 0
3773 0
3774 1
3775 1
3776 0
3777 0
3778 1
3779 1
3780 0
3781 0
3782 1
3783 0
3784 0
3785 0
3786 0
3787 0
3788 0
3789 1
3790 0
3791 1
3792 0
3793 1
3794 1
3795 0
3796 0
3797 0
3798 0
3799 1
3800 0
3801 0
3802 1
3803 0
3804 3
3805 0
3806 1
3807 0
3808 0
3809 0
3810 0
3811 1
3812 0
3813 1
3814 0
3815 1
3816 1
3817 2
3818 0
3819 0
3820 2
3821 0
3822 3
3823 0
3824 1
3825 0
3826 0
3827 1
3828 1
3829 1
3830 0
3831 2
3832 2
3833 1
3834 2
3835 2
3836 0
3837 0
3838 0
3839 0
3840 1
3841 0
3842 1
3843 1
3844 0
3845 0
3846 1
3847 0
3848 2
3849 1
3850 0
3851 0
3852 0
3853 0
3854 1
3855 0
3856 0
3857 0
3858 0
3859 1
3860 0
3861 1
3862 0
3863 0
3864 0
3865 1
3866 0
3867 0
3868 0
3869 0
3870 0
3871 1
3872 0
3873 0
3874 0
3875 1
3876 0
3877 0
3878 0
3879 0
3880 1
3881 0
3882 0
3883 0
3884 2
3885 1
3886 0
3887 1
3888 0
3889 1
3890 0
3891 0
3892 1
3893 0
3894 0
3895 0
3896 1
3897 1
3898 1
3899 0
3900 1
3901 2
3902 3
3903 1
3904 1
3905 0
3906 0
3907 0
3908 2
3909 0
3910 0
3911 1
3912 0
3913 0
3914 0
3915 0
3916 0
3917 1
3918 0
3919 0
3920 0
3921 0
3922 0
3923 0
3924 1
3925 0
3926 1
3927 1
3928 0
3929 2
3930 0
3931 0
3932 0
3933 0
3934 0
3935 1
3936 0
3937 0
3938 1
3939 0
3940 1
3941 0
3942 0
3943 1
3944 0
3945 0
3946 1
3947 0
3948 0
3949 1
3950 1
3951 0
3952 0
3953 0
3954 1
3955 0
3956 0
3957 0
3958 0
3959 1
3960 1
3961 0
3962 1
3963 0
3964 2
3965 0
3966 1
3967 0
3968 0
3969 0
3970 1
3971 0
3972 0
3973 0
3974 0
3975 0
3976 0
3977 0
3978 1
3979 0
3980 0
3981 1
3982 0
3983 0
3984 0
3985 1
3986 0
3987 1
3988 0
3989 0
3990 0
3991 2
3992 2
3993 0
3994 1
3995 1
3996 0
3997 0
3998 0
3999 0
4000 0
