0 0
1 0
2 0
3 0
4 0
5 0
6 0
7 0
8 0
9 0
10 0
11 0
12 0
13 0
14 0
15 0
16 0
17 0
18 0
19 0
20 0
21 0
22 0
23 0
24 0
25 0
26 0
27 0
28 0
29 0
30 0
31 0
32 0
33 0
34 0
35 0
36 0
37 0
38 0
39 0
40 0
41 0
42 0
43 0
44 0
45 0
46 0
47 0
48 0
49 0
50 0
51 0
52 0
53 0
54 0
55 0
56 0
57 0
58 0
59 0
60 0
61 0
62 0
63 0
64 0
65 0
66 0
67 0
68 0
69 0
70 0
71 0
72 0
73 0
74 0
75 0
76 0
77 0
78 0
79 0
80 0
81 0
82 0
83 0
84 0
85 0
86 0
87 0
88 0
89 0
90 0
91 0
92 0
93 0
94 0
95 0
96 0
97 0
98 0
99 0
100 0
101 0
102 0
103 0
104 0
105 0
106 0
107 0
108 0
109 0
110 0
111 0
112 0
113 0
114 0
115 0
116 0
117 0
118 0
119 0
120 0
121 0
122 0
123 0
124 0
125 0
126 0
127 0
128 0
129 0
130 0
131 0
132 0
133 0
134 0
135 0
136 0
137 0
138 0
139 0
140 0
141 0
142 0
143 0
144 0
145 0
146 0
147 1
148 1
149 0
150 0
151 2
152 0
153 3
154 3
155 3
156 3
157 6
158 6
159 4
160 4
161 5
162 4
163 3
164 3
165 6
166 7
167 5
168 2
169 5
170 5
171 9
172 6
173 7
174 9
175 17
176 21
177 31
178 60
179 65
180 71
181 122
182 136
183 134
184 182
185 279
186 456
187 853
188 1286
189 1758
190 2187
191 2488
192 2532
193 2511
194 2428
195 2379
196 2257
197 2010
198 1864
199 1657
200 1497
201 1418
202 1332
203 1238
204 1164
205 1072
206 1047
207 1025
208 879
209 924
210 912
211 807
212 866
213 912
214 825
215 898
216 837
217 909
218 876
219 907
220 894
221 922
222 941
223 931
224 935
225 982
226 938
227 974
228 885
229 962
230 946
231 974
232 989
233 1045
234 1014
235 1066
236 996
237 1018
238 1060
239 1041
240 1027
241 1021
242 1055
243 1031
244 1061
245 1083
246 1102
247 1175
248 1143
249 1144
250 1142
251 1071
252 1210
253 1155
254 1148
255 1177
256 1137
257 1231
258 1155
259 1180
260 1139
261 1238
262 1224
263 1208
264 1191
265 1197
266 1216
267 1239
268 1254
269 1203
270 1277
271 1246
272 1194
273 1286
274 1289
275 1300
276 1305
277 1263
278 1265
279 1338
280 1293
281 1287
282 1340
283 1270
284 1307
285 1325
286 1336
287 1363
288 1430
289 1362
290 1353
291 1299
292 1319
293 1380
294 1378
295 1357
296 1447
297 1408
298 1472
299 1498
300 1419
301 1402
302 1457
303 1481
304 1419
305 1486
306 1484
307 1530
308 1477
309 1524
310 1461
311 1474
312 1485
313 1552
314 1458
315 1474
316 1556
317 1530
318 1528
319 1529
320 1575
321 1607
322 1488
323 1588
324 1638
325 1569
326 1629
327 1621
328 1678
329 1600
330 1630
331 1641
332 1688
333 1609
334 1692
335 1603
336 1579
337 1610
338 1718
339 1730
340 1697
341 1690
342 1704
343 1721
344 1748
345 1795
346 1711
347 1761
348 1679
349 1680
350 1825
351 1727
352 1756
353 1731
354 1749
355 1745
356 1826
357 1765
358 1826
359 1809
360 1855
361 1817
362 1773
363 1790
364 1834
365 1821
366 1838
367 1797
368 1874
369 1869
370 1824
371 1858
372 1895
373 1869
374 1844
375 1860
376 1851
377 1819
378 1826
379 1851
380 1880
381 1800
382 1860
383 1918
384 1822
385 1881
386 1870
387 1882
388 1825
389 1859
390 1932
391 1879
392 1899
393 1952
394 1917
395 1816
396 1798
397 1873
398 1865
399 1803
400 1856
401 1888
402 1922
403 1932
404 1831
405 1838
406 1819
407 1828
408 1825
409 1836
410 1883
411 1876
412 1956
413 1933
414 1929
415 1851
416 1774
417 1909
418 1844
419 1902
420 1861
421 1930
422 1903
423 1843
424 1930
425 1896
426 1896
427 1823
428 1902
429 1834
430 1908
431 1794
432 1842
433 1757
434 1789
435 1806
436 1813
437 1821
438 1781
439 1847
440 1776
441 1866
442 1759
443 1790
444 1728
445 1735
446 1761
447 1682
448 1746
449 1818
450 1734
451 1669
452 1662
453 1701
454 1681
455 1720
456 1693
457 1664
458 1676
459 1607
460 1655
461 1622
462 1676
463 1714
464 1665
465 1642
466 1605
467 1612
468 1622
469 1673
470 1612
471 1603
472 1654
473 1565
474 1517
475 1511
476 1546
477 1519
478 1571
479 1556
480 1447
481 1525
482 1496
483 1429
484 1449
485 1449
486 1426
487 1461
488 1487
489 1440
490 1430
491 1446
492 1337
493 1367
494 1412
495 1379
496 1337
497 1440
498 1338
499 1353
500 1350
501 1350
502 1343
503 1285
504 1339
505 1301
506 1301
507 1234
508 1212
509 1236
510 1257
511 1210
512 1253
513 1267
514 1126
515 1215
516 1171
517 1188
518 1191
519 1192
520 1140
521 1132
522 1113
523 1133
524 1092
525 1157
526 1116
527 1110
528 1108
529 1116
530 1086
531 1130
532 1048
533 1032
534 1009
535 1050
536 1011
537 995
538 1041
539 1062
540 1008
541 977
542 1010
543 968
544 953
545 875
546 913
547 902
548 929
549 905
550 886
551 924
552 883
553 881
554 865
555 896
556 872
557 861
558 819
559 872
560 893
561 856
562 773
563 777
564 823
565 805
566 777
567 800
568 775
569 781
570 831
571 707
572 704
573 730
574 738
575 700
576 762
577 730
578 689
579 724
580 677
581 688
582 665
583 697
584 659
585 658
586 655
587 641
588 653
589 610
590 618
591 647
592 624
593 612
594 557
595 621
596 616
597 606
598 591
599 621
600 584
601 611
602 581
603 564
604 603
605 564
606 529
607 487
608 557
609 512
610 541
611 509
612 542
613 540
614 487
615 542
616 514
617 484
618 528
619 541
620 474
621 513
622 467
623 442
624 446
625 496
626 459
627 451
628 464
629 465
630 490
631 448
632 455
633 445
634 466
635 437
636 429
637 474
638 428
639 449
640 417
641 405
642 392
643 417
644 421
645 388
646 400
647 377
648 368
649 366
650 380
651 370
652 378
653 402
654 410
655 376
656 401
657 404
658 366
659 363
660 355
661 356
662 396
663 357
664 365
665 369
666 402
667 359
668 358
669 352
670 383
671 346
672 331
673 379
674 345
675 330
676 326
677 382
678 318
679 338
680 322
681 325
682 310
683 342
684 317
685 359
686 332
687 299
688 358
689 309
690 307
691 319
692 298
693 328
694 293
695 307
696 314
697 317
698 291
699 301
700 283
701 297
702 288
703 322
704 315
705 272
706 272
707 270
708 286
709 310
710 295
711 294
712 307
713 251
714 285
715 287
716 236
717 248
718 320
719 295
720 293
721 260
722 257
723 254
724 285
725 287
726 264
727 263
728 296
729 281
730 253
731 252
732 288
733 281
734 289
735 268
736 223
737 250
738 251
739 254
740 287
741 261
742 288
743 270
744 246
745 260
746 268
747 278
748 287
749 267
750 248
751 252
752 256
753 278
754 236
755 226
756 229
757 279
758 266
759 259
760 247
761 254
762 245
763 274
764 269
765 253
766 232
767 220
768 273
769 247
770 242
771 220
772 235
773 244
774 247
775 222
776 245
777 255
778 254
779 284
780 228
781 232
782 225
783 250
784 227
785 263
786 217
787 199
788 251
789 216
790 245
791 292
792 220
793 222
794 228
795 232
796 222
797 217
798 216
799 247
800 233
801 256
802 232
803 217
804 201
805 242
806 223
807 220
808 225
809 209
810 229
811 246
812 226
813 204
814 237
815 234
816 225
817 228
818 233
819 213
820 233
821 222
822 248
823 221
824 207
825 178
826 209
827 204
828 205
829 233
830 197
831 240
832 221
833 195
834 241
835 241
836 204
837 231
838 219
839 215
840 197
841 197
842 222
843 196
844 229
845 218
846 201
847 216
848 226
849 208
850 217
851 232
852 216
853 189
854 221
855 225
856 205
857 222
858 178
859 211
860 217
861 185
862 225
863 204
864 215
865 196
866 208
867 202
868 195
869 214
870 214
871 205
872 190
873 186
874 195
875 180
876 194
877 201
878 230
879 197
880 188
881 221
882 210
883 190
884 203
885 189
886 186
887 208
888 220
889 177
890 203
891 194
892 221
893 209
894 192
895 190
896 203
897 177
898 214
899 186
900 182
901 195
902 189
903 196
904 175
905 183
906 200
907 170
908 200
909 183
910 217
911 189
912 170
913 193
914 177
915 188
916 187
917 170
918 193
919 179
920 174
921 186
922 194
923 176
924 176
925 186
926 181
927 167
928 169
929 194
930 170
931 200
932 186
933 164
934 151
935 144
936 162
937 172
938 179
939 189
940 157
941 193
942 169
943 145
944 188
945 164
946 180
947 166
948 188
949 173
950 167
951 172
952 181
953 161
954 169
955 163
956 176
957 180
958 157
959 158
960 169
961 156
962 148
963 170
964 162
965 141
966 175
967 175
968 159
969 156
970 156
971 139
972 148
973 151
974 146
975 150
976 166
977 170
978 171
979 152
980 185
981 164
982 155
983 139
984 142
985 131
986 148
987 151
988 153
989 156
990 155
991 134
992 143
993 149
994 160
995 145
996 132
997 141
998 143
999 127
1000 149
1001 131
1002 144
1003 132
1004 144
1005 144
1006 140
1007 150
1008 123
1009 133
1010 136
1011 148
1012 162
1013 154
1014 137
1015 161
1016 124
1017 130
1018 131
1019 153
1020 132
1021 135
1022 128
1023 136
1024 117
1025 127
1026 143
1027 134
1028 116
1029 143
1030 130
1031 109
1032 130
1033 138
1034 123
1035 152
1036 117
1037 127
1038 128
1039 106
1040 114
1041 109
1042 107
1043 143
1044 133
1045 115
1046 116
1047 121
1048 139
1049 126
1050 102
1051 112
1052 151
1053 119
1054 108
1055 123
1056 110
1057 127
1058 131
1059 120
1060 125
1061 103
1062 116
1063 96
1064 112
1065 118
1066 107
1067 130
1068 110
1069 97
1070 91
1071 116
1072 112
1073 105
1074 107
1075 120
1076 114
1077 99
1078 90
1079 120
1080 88
1081 96
1082 91
1083 114
1084 102
1085 107
1086 124
1087 99
1088 119
1089 89
1090 93
1091 105
1092 85
1093 96
1094 82
1095 87
1096 96
1097 96
1098 88
1099 88
1100 96
1101 95
1102 83
1103 90
1104 101
1105 93
1106 89
1107 84
1108 93
1109 92
1110 89
1111 93
1112 96
1113 87
1114 103
1115 93
1116 108
1117 89
1118 84
1119 86
1120 89
1121 85
1122 93
1123 96
1124 89
1125 75
1126 82
1127 91
1128 76
1129 88
1130 78
1131 78
1132 56
1133 89
1134 89
1135 70
1136 91
1137 88
1138 85
1139 89
1140 83
1141 88
1142 83
1143 82
1144 71
1145 69
1146 92
1147 80
1148 79
1149 91
1150 65
1151 58
1152 71
1153 75
1154 79
1155 77
1156 61
1157 57
1158 60
1159 79
1160 83
1161 71
1162 65
1163 62
1164 68
1165 74
1166 61
1167 68
1168 66
1169 84
1170 73
1171 67
1172 67
1173 71
1174 68
1175 71
1176 71
1177 79
1178 49
1179 61
1180 66
1181 59
1182 63
1183 71
1184 83
1185 54
1186 63
1187 67
1188 68
1189 69
1190 61
1191 55
1192 64
1193 63
1194 58
1195 62
1196 62
1197 48
1198 58
1199 52
1200 52
1201 66
1202 63
1203 53
1204 60
1205 56
1206 51
1207 69
1208 51
1209 73
1210 50
1211 65
1212 46
1213 56
1214 53
1215 54
1216 47
1217 51
1218 52
1219 52
1220 67
1221 54
1222 45
1223 55
1224 41
1225 46
1226 42
1227 56
1228 48
1229 49
1230 59
1231 44
1232 43
1233 46
1234 39
1235 47
1236 55
1237 50
1238 47
1239 51
1240 45
1241 46
1242 51
1243 37
1244 31
1245 44
1246 40
1247 45
1248 35
1249 49
1250 50
1251 47
1252 36
1253 52
1254 37
1255 42
1256 34
1257 50
1258 46
1259 37
1260 34
1261 42
1262 41
1263 43
1264 46
1265 41
1266 39
1267 44
1268 38
1269 43
1270 45
1271 35
1272 31
1273 28
1274 42
1275 33
1276 29
1277 37
1278 40
1279 37
1280 44
1281 29
1282 33
1283 41
1284 36
1285 46
1286 27
1287 38
1288 32
1289 31
1290 50
1291 40
1292 36
1293 33
1294 39
1295 33
1296 25
1297 40
1298 39
1299 39
1300 35
1301 29
1302 37
1303 24
1304 37
1305 32
1306 41
1307 23
1308 37
1309 34
1310 29
1311 27
1312 31
1313 26
1314 33
1315 30
1316 27
1317 30
1318 29
1319 26
1320 28
1321 29
1322 20
1323 30
1324 21
1325 24
1326 26
1327 28
1328 29
1329 26
1330 28
1331 19
1332 22
1333 30
1334 33
1335 29
1336 30
1337 32
1338 29
1339 21
1340 37
1341 33
1342 27
1343 30
1344 21
1345 28
1346 22
1347 24
1348 21
1349 24
1350 25
1351 15
1352 26
1353 26
1354 25
1355 22
1356 28
1357 18
1358 21
1359 25
1360 24
1361 27
1362 24
1363 28
1364 20
1365 19
1366 18
1367 26
1368 17
1369 26
1370 24
1371 16
1372 19
1373 27
1374 24
1375 19
1376 12
1377 18
1378 21
1379 20
1380 28
1381 20
1382 16
1383 19
1384 24
1385 17
1386 20
1387 20
1388 17
1389 17
1390 10
1391 16
1392 23
1393 32
1394 19
1395 16
1396 17
1397 13
1398 23
1399 13
1400 15
1401 15
1402 20
1403 20
1404 13
1405 23
1406 13
1407 19
1408 13
1409 18
1410 12
1411 15
1412 25
1413 13
1414 13
1415 18
1416 12
1417 17
1418 14
1419 18
1420 24
1421 14
1422 17
1423 24
1424 15
1425 17
1426 18
1427 11
1428 13
1429 14
1430 14
1431 17
1432 14
1433 10
1434 10
1435 12
1436 17
1437 17
1438 17
1439 14
1440 11
1441 13
1442 17
1443 16
1444 15
1445 16
1446 20
1447 10
1448 19
1449 8
1450 10
1451 14
1452 12
1453 19
1454 24
1455 13
1456 9
1457 19
1458 15
1459 12
1460 15
1461 12
1462 15
1463 15
1464 14
1465 11
1466 10
1467 10
1468 14
1469 17
1470 20
1471 5
1472 13
1473 11
1474 10
1475 16
1476 12
1477 10
1478 7
1479 13
1480 7
1481 15
1482 11
1483 16
1484 9
1485 16
1486 15
1487 13
1488 12
1489 15
1490 8
1491 6
1492 17
1493 6
1494 9
1495 4
1496 13
1497 5
1498 11
1499 16
1500 14
1501 8
1502 13
1503 8
1504 6
1505 6
1506 10
1507 11
1508 6
1509 10
1510 5
1511 9
1512 9
1513 10
1514 3
1515 9
1516 6
1517 5
1518 8
1519 9
1520 7
1521 7
1522 6
1523 12
1524 6
1525 7
1526 10
1527 10
1528 6
1529 10
1530 8
1531 17
1532 9
1533 12
1534 9
1535 7
1536 8
1537 5
1538 16
1539 5
1540 11
1541 6
1542 8
1543 7
1544 5
1545 11
1546 7
1547 6
1548 5
1549 3
1550 6
1551 6
1552 7
1553 8
1554 4
1555 3
1556 5
1557 7
1558 5
1559 6
1560 10
1561 9
1562 12
1563 6
1564 6
1565 5
1566 3
1567 4
1568 8
1569 5
1570 12
1571 4
1572 7
1573 5
1574 5
1575 7
1576 4
1577 5
1578 4
1579 2
1580 5
1581 5
1582 8
1583 5
1584 13
1585 4
1586 6
1587 4
1588 8
1589 4
1590 2
1591 7
1592 7
1593 2
1594 9
1595 3
1596 5
1597 9
1598 3
1599 5
1600 7
1601 3
1602 6
1603 5
1604 5
1605 3
1606 5
1607 1
1608 6
1609 5
1610 2
1611 3
1612 5
1613 5
1614 4
1615 5
1616 4
1617 5
1618 2
1619 3
1620 2
1621 6
1622 7
1623 7
1624 3
1625 7
1626 5
1627 3
1628 2
1629 3
1630 9
1631 2
1632 3
1633 3
1634 5
1635 4
1636 9
1637 8
1638 6
1639 3
1640 2
1641 4
1642 2
1643 3
1644 3
1645 1
1646 2
1647 3
1648 5
1649 4
1650 6
1651 6
1652 5
1653 3
1654 3
1655 1
1656 3
1657 5
1658 4
1659 3
1660 2
1661 4
1662 6
1663 2
1664 7
1665 3
1666 2
1667 2
1668 4
1669 2
1670 6
1671 0
1672 2
1673 3
1674 5
1675 1
1676 2
1677 3
1678 4
1679 1
1680 1
1681 3
1682 3
1683 2
1684 3
1685 4
1686 1
1687 2
1688 1
1689 3
1690 4
1691 2
1692 4
1693 3
1694 5
1695 3
1696 4
1697 2
1698 3
1699 4
1700 2
1701 5
1702 5
1703 2
1704 2
1705 3
1706 0
1707 0
1708 1
1709 5
1710 3
1711 2
1712 2
1713 3
1714 1
1715 2
1716 2
1717 2
1718 3
1719 2
1720 0
1721 1
1722 3
1723 7
1724 0
1725 1
1726 4
1727 2
1728 2
1729 4
1730 2
1731 1
1732 2
1733 2
1734 0
1735 6
1736 1
1737 4
1738 0
1739 1
1740 3
1741 2
1742 0
1743 4
1744 1
1745 4
1746 2
1747 4
1748 3
1749 0
1750 1
1751 1
1752 1
1753 3
1754 0
1755 1
1756 2
1757 4
1758 2
1759 2
1760 4
1761 4
1762 1
1763 3
1764 2
1765 1
1766 0
1767 2
1768 1
1769 4
1770 4
1771 1
1772 2
1773 1
1774 3
1775 3
1776 4
1777 2
1778 1
1779 1
1780 5
1781 5
1782 0
1783 0
1784 5
1785 0
1786 2
1787 1
1788 1
1789 0
1790 2
1791 0
1792 1
1793 1
1794 0
1795 1
1796 0
1797 0
1798 0
1799 0
1800 0
1801 2
1802 0
1803 4
1804 0
1805 0
1806 2
1807 1
1808 2
1809 1
1810 2
1811 2
1812 0
1813 1
1814 0
1815 2
1816 1
1817 3
1818 2
1819 2
1820 0
1821 2
1822 3
1823 0
1824 2
1825 2
1826 2
1827 0
1828 2
1829 3
1830 0
1831 0
1832 1
1833 2
1834 1
1835 1
1836 0
1837 2
1838 0
1839 0
1840 2
1841 0
1842 3
1843 1
1844 0
1845 3
1846 4
1847 2
1848 1
1849 1
1850 1
1851 0
1852 0
1853 1
1854 0
1855 1
1856 1
1857 3
1858 1
1859 3
1860 1
1861 5
1862 1
1863 1
1864 0
1865 2
1866 0
1867 1
1868 1
1869 2
1870 0
1871 1
1872 1
1873 0
1874 0
1875 4
1876 3
1877 1
1878 0
1879 2
1880 2
1881 2
1882 0
1883 1
1884 1
1885 1
1886 0
1887 1
1888 1
1889 0
1890 1
1891 0
1892 2
1893 1
1894 0
1895 2
1896 0
1897 1
1898 0
1899 0
1900 1
1901 0
1902 0
1903 0
1904 0
1905 0
1906 0
1907 2
1908 1
1909 1
1910 1
1911 1
1912 0
1913 0
1914 1
1915 0
1916 0
1917 0
1918 2
1919 1
1920 1
1921 0
1922 2
1923 1
1924 0
1925 0
1926 0
1927 2
1928 1
1929 1
1930 0
1931 0
1932 1
1933 0
1934 2
1935 1
1936 0
1937 1
1938 0
1939 0
1940 0
1941 1
1942 2
1943 0
1944 1
1945 1
1946 0
1947 1
1948 0
1949 1
1950 0
1951 2
1952 0
1953 1
1954 2
1955 1
1956 0
1957 1
1958 1
1959 1
1960 0
1961 1
1962 1
1963 0
1964 0
1965 0
1966 0
1967 1
1968 1
1969 2
1970 0
1971 0
1972 0
1973 1
1974 0
1975 0
1976 1
1977 0
1978 0
1979 1
1980 0
1981 0
1982 1
1983 0
1984 0
1985 0
1986 0
1987 1
1988 3
1989 0
1990 0
1991 1
1992 1
1993 0
1994 0
1995 0
1996 2
1997 1
1998 1
1999 2
2000 0
2001 0
2002 0
2003 0
2004 0
2005 0
2006 0
2007 0
2008 0
2009 0
2010 0
2011 0
2012 0
2013 0
2014 0
2015 0
2016 0
2017 0
2018 1
2019 2
2020 1
2021 0
2022 0
2023 0
2024 0
2025 0
2026 2
2027 2
2028 0
2029 0
2030 0
2031 1
2032 1
2033 0
2034 0
2035 0
2036 0
2037 0
2038 1
2039 1
2040 2
2041 1
2042 0
2043 0
2044 1
2045 2
2046 0
2047 2
2048 0
2049 0
2050 1
2051 0
2052 0
2053 0
2054 1
2055 0
2056 1
2057 0
2058 1
2059 1
2060 0
2061 0
2062 0
2063 0
2064 0
2065 0
2066 0
2067 0
2068 1
2069 2
2070 0
2071 0
2072 0
2073 2
2074 1
2075 0
2076 0
2077 0
2078 0
2079 0
2080 1
2081 0
2082 1
2083 0
2084 0
2085 0
2086 1
2087 0
2088 0
2089 0
2090 1
2091 2
2092 0
2093 0
2094 0
2095 0
2096 0
2097 0
2098 0
2099 0
2100 0
2101 0
2102 0
2103 0
2104 0
2105 0
2106 0
2107 0
2108 0
2109 1
2110 0
2111 0
2112 0
2113 1
2114 0
2115 0
2116 1
2117 0
2118 0
2119 1
2120 0
2121 0
2122 0
2123 0
2124 0
2125 0
2126 0
2127 0
2128 1
2129 1
2130 0
2131 0
2132 0
2133 0
2134 0
2135 0
2136 0
2137 0
2138 0
2139 0
2140 0
2141 1
2142 0
2143 0
2144 0
2145 0
2146 1
2147 1
2148 0
2149 0
2150 1
2151 0
2152 0
2153 0
2154 0
2155 0
2156 1
2157 0
2158 0
2159 0
2160 0
2161 0
2162 0
2163 0
2164 0
2165 0
2166 1
2167 0
2168 0
2169 0
2170 0
2171 0
2172 0
2173 0
2174 0
2175 0
2176 0
2177 0
2178 0
2179 0
2180 1
2181 0
2182 0
2183 0
2184 0
2185 0
2186 0
2187 0
2188 0
2189 1
2190 0
2191 0
2192 0
2193 0
2194 0
2195 0
2196 0
2197 0
2198 0
2199 0
2200 0
2201 0
2202 1
2203 0
2204 0
2205 0
2206 1
2207 0
2208 0
2209 0
2210 1
2211 0
2212 0
2213 0
2214 0
2215 0
2216 0
2217 0
2218 0
2219 0
2220 0
2221 0
2222 0
2223 0
2224 0
2225 0
2226 0
2227 0
2228 1
2229 0
2230 0
2231 1
2232 0
2233 0
2234 0
2235 0
2236 0
2237 0
2238 0
2239 0
2240 0
2241 0
2242 0
2243 0
2244 0
2245 0
2246 0
2247 0
2248 0
2249 0
2250 0
2251 0
2252 0
2253 0
2254 0
2255 0
2256 0
2257 0
2258 0
2259 0
2260 0
2261 0
2262 0
2263 0
2264 0
2265 0
2266 0
2267 0
2268 0
2269 0
2270 0
2271 0
2272 0
2273 0
2274 0
2275 2
2276 1
2277 1
2278 0
2279 0
2280 0
2281 0
2282 1
2283 0
2284 0
2285 0
2286 0
2287 0
2288 0
2289 0
2290 0
2291 0
2292 0
2293 0
2294 0
2295 0
2296 1
2297 0
2298 0
2299 0
2300 0
2301 0
2302 0
2303 0
2304 0
2305 0
2306 0
2307 0
2308 0
2309 0
2310 0
2311 0
2312 1
2313 0
2314 0
2315 0
2316 0
2317 0
2318 0
2319 0
2320 0
2321 0
2322 0
2323 2
2324 0
2325 0
2326 1
2327 1
2328 0
2329 0
2330 0
2331 0
2332 0
2333 0
2334 0
2335 0
2336 0
2337 0
2338 0
2339 0
2340 0
2341 0
2342 1
2343 0
2344 0
2345 0
2346 0
2347 0
2348 0
2349 0
2350 0
2351 0
2352 0
2353 0
2354 0
2355 0
2356 1
2357 0
2358 0
2359 0
2360 0
2361 0
2362 0
2363 0
2364 0
2365 0
2366 0
2367 0
2368 0
2369 0
2370 0
2371 1
2372 0
2373 1
2374 0
2375 0
2376 0
2377 0
2378 0
2379 0
2380 0
2381 0
2382 0
2383 0
2384 0
2385 0
2386 0
2387 0
2388 0
2389 0
2390 0
2391 0
2392 0
2393 0
2394 0
2395 0
2396 0
2397 0
2398 0
2399 0
2400 0
2401 0
2402 0
2403 0
2404 0
2405 0
2406 0
2407 0
2408 0
2409 0
2410 0
2411 0
2412 0
2413 0
2414 0
2415 0
2416 0
2417 0
2418 1
2419 0
2420 0
2421 0
2422 0
2423 0
2424 0
2425 0
2426 0
2427 0
2428 0
2429 0
2430 0
2431 0
2432 0
2433 0
2434 0
2435 0
2436 0
2437 0
2438 0
2439 0
2440 0
2441 0
2442 0
2443 0
2444 2
2445 0
2446 0
2447 0
2448 0
2449 0
2450 0
2451 0
2452 0
2453 0
2454 0
2455 0
2456 0
2457 0
2458 0
2459 0
2460 0
2461 1
2462 0
2463 0
2464 0
2465 0
2466 0
2467 0
2468 0
2469 0
2470 0
2471 0
2472 0
2473 0
2474 0
2475 0
2476 0
2477 0
2478 0
2479 0
2480 1
2481 0
2482 0
2483 0
2484 0
2485 0
2486 0
2487 0
2488 0
2489 0
2490 0
2491 0
2492 1
2493 0
2494 0
2495 0
2496 0
2497 0
2498 0
2499 0
2500 0
2501 0
2502 0
2503 0
2504 0
2505 0
2506 0
2507 0
2508 1
2509 0
2510 0
2511 0
2512 0
2513 0
2514 0
2515 0
2516 0
2517 0
2518 0
2519 0
2520 0
2521 0
2522 0
2523 0
2524 0
2525 0
2526 0
2527 0
2528 0
2529 0
2530 0
2531 0
2532 0
2533 0
2534 0
2535 0
2536 0
2537 0
2538 0
2539 0
2540 0
2541 0
2542 0
2543 0
2544 0
2545 0
2546 1
2547 0
2548 0
2549 0
2550 0
2551 0
2552 0
2553 0
2554 0
2555 0
2556 0
2557 0
2558 0
2559 0
2560 0
2561 0
2562 0
2563 0
2564 1
2565 1
2566 0
2567 0
2568 0
2569 0
2570 0
2571 0
2572 1
2573 0
2574 0
2575 0
2576 0
2577 0
2578 0
2579 0
2580 0
2581 0
2582 0
2583 0
2584 0
2585 0
2586 0
2587 0
2588 0
2589 0
2590 0
2591 0
2592 0
2593 0
2594 0
2595 0
2596 0
2597 0
2598 0
2599 0
2600 0
2601 0
2602 0
2603 1
2604 0
2605 0
2606 0
2607 0
2608 0
2609 0
2610 0
2611 0
2612 0
2613 1
2614 0
2615 0
2616 0
2617 0
2618 0
2619 0
2620 0
2621 0
2622 0
2623 0
2624 0
2625 0
2626 0
2627 0
2628 0
2629 0
2630 0
2631 0
2632 0
2633 0
2634 0
2635 0
2636 0
2637 0
2638 0
2639 0
2640 0
2641 0
2642 1
2643 0
2644 0
2645 0
2646 0
2647 0
2648 0
2649 0
2650 0
2651 0
2652 0
2653 0
2654 0
2655 0
2656 0
2657 0
2658 0
2659 0
2660 0
2661 0
2662 0
2663 0
2664 0
2665 0
2666 0
2667 0
2668 0
2669 0
2670 0
2671 0
2672 0
2673 0
2674 0
2675 0
2676 0
2677 0
2678 0
2679 0
2680 0
2681 0
2682 0
2683 0
2684 0
2685 0
2686 0
2687 0
2688 0
2689 0
2690 0
2691 0
2692 0
2693 0
2694 0
2695 0
2696 0
2697 0
2698 0
2699 0
2700 0
2701 0
2702 0
2703 0
2704 0
2705 0
2706 0
2707 0
2708 0
2709 0
2710 0
2711 0
2712 0
2713 0
2714 0
2715 0
2716 0
2717 0
2718 0
2719 0
2720 0
2721 1
2722 0
2723 0
2724 0
2725 0
2726 0
2727 0
2728 0
2729 0
2730 0
2731 0
2732 0
2733 0
2734 1
2735 0
2736 0
2737 0
2738 0
2739 0
2740 0
2741 0
2742 0
2743 0
2744 0
2745 0
2746 0
2747 0
2748 1
2749 0
2750 0
2751 0
2752 0
2753 0
2754 0
2755 0
2756 0
2757 0
2758 0
2759 0
2760 0
2761 0
2762 0
2763 0
2764 0
2765 0
2766 0
2767 0
2768 0
2769 0
2770 0
2771 0
2772 0
2773 0
2774 0
2775 0
2776 0
2777 0
2778 0
2779 0
2780 0
2781 0
2782 1
2783 0
2784 0
2785 0
2786 0
2787 0
2788 0
2789 0
2790 0
2791 0
2792 0
2793 0
2794 0
2795 0
2796 0
2797 0
2798 0
2799 0
2800 0
2801 0
2802 0
2803 0
2804 0
2805 0
2806 1
2807 0
2808 0
2809 0
2810 0
2811 0
2812 0
2813 0
2814 0
2815 0
2816 0
2817 0
2818 0
2819 0
2820 0
2821 0
2822 0
2823 0
2824 0
2825 0
2826 0
2827 1
2828 0
2829 0
2830 0
2831 0
2832 0
2833 0
2834 0
2835 0
2836 0
2837 0
2838 0
2839 0
2840 0
2841 0
2842 0
2843 0
2844 1
2845 0
2846 0
2847 0
2848 0
2849 0
2850 0
2851 0
2852 0
2853 0
2854 0
2855 0
2856 0
2857 0
2858 1
2859 0
2860 0
2861 0
2862 0
2863 0
2864 0
2865 0
2866 0
2867 0
2868 0
2869 0
2870 0
2871 0
2872 0
2873 0
2874 0
2875 0
2876 0
2877 0
2878 0
2879 0
2880 0
2881 0
2882 0
2883 0
2884 0
2885 0
2886 0
2887 0
2888 0
2889 0
2890 0
2891 0
2892 0
2893 0
2894 0
2895 0
2896 0
2897 0
2898 0
2899 0
2900 0
2901 0
2902 0
2903 0
2904 0
2905 1
2906 0
2907 0
2908 0
2909 0
2910 0
2911 0
2912 0
2913 0
2914 0
2915 0
2916 0
2917 0
2918 0
2919 0
2920 0
2921 0
2922 0
2923 0
2924 0
2925 1
2926 0
2927 0
2928 0
2929 0
2930 0
2931 0
2932 0
2933 0
2934 0
2935 0
2936 0
2937 0
2938 0
2939 0
2940 0
2941 0
2942 0
2943 0
2944 0
2945 0
2946 0
2947 0
2948 0
2949 0
2950 0
2951 0
2952 0
2953 0
2954 0
2955 0
2956 0
2957 0
2958 0
2959 0
2960 1
2961 0
2962 0
2963 0
2964 0
2965 0
2966 1
2967 0
2968 0
2969 0
2970 0
2971 0
2972 0
2973 0
2974 0
2975 0
2976 0
2977 0
2978 0
2979 0
2980 0
2981 0
2982 0
2983 0
2984 0
2985 0
2986 0
2987 0
2988 0
2989 0
2990 0
2991 0
2992 1
2993 0
2994 0
2995 0
2996 0
2997 0
2998 0
2999 0
3000 0
3001 0
3002 0
3003 0
3004 0
3005 0
3006 0
3007 0
3008 0
3009 0
3010 0
3011 0
3012 0
3013 0
3014 0
3015 0
3016 0
3017 0
3018 0
3019 0
3020 0
3021 1
3022 0
3023 0
3024 0
3025 0
3026 0
3027 0
3028 0
3029 0
3030 0
3031 0
3032 0
3033 0
3034 0
3035 0
3036 0
3037 0
3038 0
3039 0
3040 0
3041 0
3042 0
3043 0
3044 0
3045 0
3046 0
3047 0
3048 0
3049 0
3050 0
3051 0
3052 0
3053 0
3054 0
3055 0
3056 0
3057 0
3058 0
3059 0
3060 0
3061 0
3062 0
3063 0
3064 0
3065 0
3066 0
3067 0
3068 0
3069 0
3070 0
3071 0
3072 0
3073 1
3074 0
3075 0
3076 0
3077 0
3078 0
3079 0
3080 0
3081 0
3082 0
3083 0
3084 1
3085 0
3086 0
3087 0
3088 0
3089 0
3090 0
3091 0
3092 0
3093 0
3094 0
3095 0
3096 0
3097 0
3098 0
3099 0
3100 0
3101 0
3102 0
3103 0
3104 0
3105 0
3106 0
3107 0
3108 0
3109 0
3110 0
3111 0
3112 0
3113 0
3114 0
3115 0
3116 0
3117 0
3118 0
3119 0
3120 0
3121 0
3122 0
3123 0
3124 0
3125 0
3126 0
3127 0
3128 0
3129 1
3130 0
3131 0
3132 0
3133 0
3134 0
3135 0
3136 0
3137 0
3138 0
3139 0
3140 0
3141 0
3142 0
3143 0
3144 0
3145 0
3146 0
3147 0
3148 0
3149 0
3150 0
3151 0
3152 0
3153 0
3154 0
3155 0
3156 0
3157 0
3158 0
3159 0
3160 0
3161 0
3162 0
3163 0
3164 0
3165 0
3166 0
3167 0
3168 0
3169 0
3170 0
3171 0
3172 0
3173 0
3174 0
3175 0
3176 0
3177 0
3178 0
3179 0
3180 0
3181 0
3182 0
3183 0
3184 0
3185 0
3186 0
3187 0
3188 0
3189 0
3190 0
3191 0
3192 0
3193 0
3194 0
3195 0
3196 0
3197 0
3198 0
3199 0
3200 0
3201 0
3202 0
3203 0
3204 0
3205 0
3206 0
3207 1
3208 0
3209 0
3210 0
3211 0
3212 0
3213 0
3214 0
3215 0
3216 1
3217 0
3218 0
3219 0
3220 0
3221 0
3222 0
3223 0
3224 0
3225 0
3226 0
3227 0
3228 0
3229 0
3230 0
3231 0
3232 0
3233 0
3234 0
3235 0
3236 0
3237 0
3238 0
3239 0
3240 0
3241 0
3242 0
3243 0
3244 0
3245 0
3246 0
3247 0
3248 0
3249 1
3250 0
3251 0
3252 0
3253 0
3254 0
3255 0
3256 0
3257 0
3258 1
3259 0
3260 0
3261 0
3262 0
3263 0
3264 0
3265 0
3266 0
3267 0
3268 0
3269 0
3270 0
3271 0
3272 0
3273 0
3274 0
3275 0
3276 0
3277 0
3278 0
3279 0
3280 0
3281 0
3282 0
3283 0
3284 0
3285 0
3286 0
3287 0
3288 1
3289 0
3290 0
3291 0
3292 0
3293 0
3294 0
3295 0
3296 0
3297 0
3298 0
3299 0
3300 0
3301 0
3302 1
3303 0
3304 0
3305 0
3306 0
3307 0
3308 0
3309 0
3310 0
3311 0
3312 0
3313 0
3314 0
3315 0
3316 0
3317 0
3318 0
3319 0
3320 0
3321 0
3322 0
3323 0
3324 0
3325 0
3326 0
3327 0
3328 0
3329 0
3330 0
3331 0
3332 0
3333 0
3334 0
3335 0
3336 0
3337 0
3338 0
3339 0
3340 0
3341 0
3342 0
3343 0
3344 0
3345 0
3346 0
3347 0
3348 0
3349 0
3350 0
3351 0
3352 0
3353 0
3354 0
3355 1
3356 0
3357 0
3358 0
3359 0
3360 0
3361 0
3362 0
3363 0
3364 0
3365 0
3366 0
3367 0
3368 0
3369 0
3370 0
3371 0
3372 0
3373 0
3374 0
3375 0
3376 0
3377 0
3378 0
3379 0
3380 0
3381 0
3382 0
3383 0
3384 0
3385 0
3386 0
3387 0
3388 0
3389 0
3390 0
3391 0
3392 1
3393 0
3394 0
3395 1
3396 0
3397 0
3398 0
3399 0
3400 0
3401 0
3402 0
3403 0
3404 0
3405 0
3406 0
3407 0
3408 0
3409 0
3410 0
3411 0
3412 0
3413 0
3414 0
3415 0
3416 0
3417 0
3418 0
3419 0
3420 0
3421 0
3422 0
3423 0
3424 0
3425 0
3426 0
3427 0
3428 0
3429 0
3430 0
3431 0
3432 0
3433 0
3434 0
3435 0
3436 0
3437 0
3438 0
3439 0
3440 0
3441 0
3442 0
3443 0
3444 0
3445 0
3446 0
3447 0
3448 0
3449 0
3450 0
3451 0
3452 0
3453 0
3454 0
3455 0
3456 0
3457 0
3458 0
3459 0
3460 0
3461 0
3462 0
3463 0
3464 0
3465 0
3466 0
3467 0
3468 0
3469 0
3470 1
3471 0
3472 0
3473 0
3474 0
3475 0
3476 0
3477 0
3478 0
3479 0
3480 0
3481 0
3482 0
3483 0
3484 0
3485 0
3486 0
3487 0
3488 0
3489 0
3490 0
3491 0
3492 0
3493 0
3494 0
3495 0
3496 0
3497 0
3498 0
3499 0
3500 0
3501 0
3502 0
3503 0
3504 0
3505 0
3506 0
3507 0
3508 0
3509 0
3510 0
3511 0
3512 0
3513 0
3514 0
3515 0
3516 0
3517 0
3518 1
3519 0
3520 0
3521 0
3522 0
3523 0
3524 0
3525 0
3526 0
3527 0
3528 0
3529 0
3530 0
3531 0
3532 0
3533 0
3534 0
3535 0
3536 0
3537 0
3538 0
3539 0
3540 0
3541 0
3542 0
3543 0
3544 0
3545 0
3546 0
3547 0
3548 0
3549 0
3550 0
3551 0
3552 0
3553 0
3554 0
3555 0
3556 0
3557 0
3558 0
3559 0
3560 0
3561 0
3562 0
3563 0
3564 0
3565 0
3566 0
3567 0
3568 0
3569 0
3570 0
3571 0
3572 0
3573 0
3574 0
3575 0
3576 0
3577 0
3578 0
3579 0
3580 0
3581 0
3582 0
3583 0
3584 0
3585 0
3586 0
3587 0
3588 0
3589 0
3590 0
3591 0
3592 0
3593 0
3594 0
3595 0
3596 0
3597 0
3598 0
3599 0
3600 0
3601 0
3602 0
3603 0
3604 0
3605 0
3606 0
3607 0
3608 0
3609 0
3610 0
3611 0
3612 0
3613 0
3614 0
3615 0
3616 0
3617 0
3618 0
3619 0
3620 0
3621 0
3622 0
3623 0
3624 0
3625 0
3626 0
3627 0
3628 0
3629 0
3630 0
3631 0
3632 0
3633 0
3634 0
3635 0
3636 0
3637 0
3638 0
3639 0
3640 0
3641 0
3642 0
3643 0
3644 0
3645 0
3646 0
3647 0
3648 0
3649 1
3650 0
3651 0
3652 0
3653 0
3654 0
3655 0
3656 0
3657 0
3658 0
3659 0
3660 0
3661 0
3662 0
3663 0
3664 0
3665 0
3666 0
3667 1
3668 0
3669 0
3670 0
3671 0
3672 0
3673 0
3674 0
3675 1
3676 0
3677 0
3678 0
3679 0
3680 0
3681 0
3682 0
3683 0
3684 0
3685 0
3686 0
3687 0
3688 0
3689 0
3690 0
3691 0
3692 0
3693 0
3694 0
3695 0
3696 0
3697 0
3698 0
3699 0
3700 0
3701 0
3702 0
3703 0
3704 0
3705 0
3706 0
3707 0
3708 0
3709 0
3710 0
3711 0
3712 0
3713 0
3714 0
3715 0
3716 1
3717 0
3718 0
3719 0
3720 0
3721 0
3722 1
3723 0
3724 0
3725 0
3726 0
3727 0
3728 0
3729 0
3730 0
3731 0
3732 0
3733 0
3734 0
3735 0
3736 0
3737 0
3738 0
3739 0
3740 0
3741 0
3742 0
3743 0
3744 0
3745 0
3746 0
3747 0
3748 0
3749 0
3750 0
3751 0
3752 0
3753 0
3754 0
3755 0
3756 0
3757 0
3758 0
3759 0
3760 0
3761 0
3762 0
3763 0
3764 0
3765 0
3766 0
3767 0
3768 0
3769 0
3770 0
3771 0
3772 0
3773 0
3774 0
3775 0
3776 0
3777 0
3778 0
3779 0
3780 0
3781 0
3782 0
3783 0
3784 0
3785 0
3786 0
3787 0
3788 0
3789 0
3790 0
3791 0
3792 0
3793 0
3794 0
3795 0
3796 0
3797 0
3798 0
3799 0
3800 0
3801 0
3802 0
3803 0
3804 0
3805 0
3806 0
3807 0
3808 0
3809 0
3810 0
3811 0
3812 0
3813 0
3814 0
3815 0
3816 0
3817 0
3818 0
3819 0
3820 0
3821 0
3822 0
3823 0
3824 0
3825 0
3826 0
3827 1
3828 0
3829 0
3830 0
3831 0
3832 0
3833 0
3834 0
3835 0
3836 0
3837 0
3838 0
3839 0
3840 0
3841 0
3842 0
3843 0
3844 0
3845 0
3846 0
3847 0
3848 0
3849 0
3850 0
3851 0
3852 0
3853 0
3854 0
3855 0
3856 0
3857 0
3858 0
3859 0
3860 0
3861 0
3862 0
3863 0
3864 0
3865 0
3866 0
3867 0
3868 0
3869 0
3870 0
3871 0
3872 0
3873 0
3874 0
3875 0
3876 0
3877 0
3878 0
3879 0
3880 0
3881 0
3882 0
3883 0
3884 0
3885 0
3886 0
3887 0
3888 0
3889 0
3890 0
3891 0
3892 0
3893 0
3894 0
3895 0
3896 0
3897 0
3898 0
3899 0
3900 0
3901 0
3902 0
3903 0
3904 0
3905 0
3906 0
3907 0
3908 0
3909 0
3910 0
3911 0
3912 0
3913 0
3914 0
3915 0
3916 0
3917 0
3918 0
3919 0
3920 0
3921 0
3922 0
3923 0
3924 0
3925 0
3926 0
3927 0
3928 0
3929 0
3930 0
3931 0
3932 0
3933 0
3934 0
3935 0
3936 0
3937 0
3938 0
3939 0
3940 0
3941 0
3942 0
3943 0
3944 0
3945 0
3946 0
3947 0
3948 0
3949 0
3950 0
3951 0
3952 0
3953 0
3954 0
3955 0
3956 0
3957 0
3958 0
3959 0
3960 0
3961 0
3962 0
3963 0
3964 0
3965 0
3966 1
3967 0
3968 0
3969 0
3970 0
3971 0
3972 0
3973 0
3974 0
3975 0
3976 0
3977 0
3978 0
3979 0
3980 0
3981 0
3982 0
3983 0
3984 0
3985 0
3986 0
3987 0
3988 0
3989 0
3990 0
3991 0
3992 0
3993 0
3994 0
3995 0
3996 0
3997 0
3998 0
3999 0
4000 0
