0 0
1 0
2 0
3 0
4 0
5 0
6 0
7 0
8 0
9 0
10 0
11 0
12 0
13 0
14 0
15 0
16 0
17 0
18 0
19 0
20 0
21 0
22 0
23 0
24 0
25 0
26 0
27 0
28 0
29 0
30 0
31 0
32 0
33 0
34 0
35 0
36 0
37 0
38 0
39 0
40 0
41 0
42 0
43 0
44 0
45 0
46 0
47 0
48 0
49 0
50 0
51 0
52 0
53 0
54 0
55 0
56 0
57 0
58 0
59 0
60 0
61 0
62 0
63 0
64 0
65 0
66 0
67 0
68 0
69 0
70 0
71 0
72 0
73 0
74 0
75 0
76 0
77 0
78 0
79 0
80 0
81 0
82 0
83 0
84 0
85 0
86 0
87 0
88 0
89 0
90 0
91 0
92 0
93 0
94 0
95 0
96 0
97 0
98 0
99 0
100 0
101 0
102 0
103 0
104 0
105 0
106 0
107 0
108 0
109 0
110 0
111 0
112 0
113 0
114 0
115 0
116 0
117 0
118 0
119 0
120 0
121 0
122 0
123 0
124 0
125 0
126 0
127 0
128 0
129 0
130 0
131 0
132 0
133 0
134 0
135 0
136 0
137 0
138 0
139 0
140 0
141 0
142 0
143 0
144 0
145 0
146 0
147 1
148 0
149 1
150 2
151 1
152 2
153 5
154 5
155 4
156 7
157 3
158 4
159 6
160 2
161 7
162 6
163 4
164 6
165 4
166 6
167 9
168 9
169 8
170 7
171 9
172 8
173 12
174 14
175 18
176 42
177 74
178 104
179 158
180 198
181 215
182 287
183 330
184 390
185 557
186 929
187 1421
188 2134
189 2906
190 3571
191 4073
192 4089
193 3979
194 3842
195 3535
196 3305
197 2998
198 2654
199 2402
200 2092
201 1851
202 1708
203 1572
204 1325
205 1207
206 1057
207 996
208 900
209 872
210 759
211 757
212 733
213 699
214 698
215 687
216 713
217 712
218 788
219 751
220 625
221 731
222 722
223 729
224 694
225 699
226 753
227 746
228 715
229 743
230 751
231 752
232 775
233 809
234 829
235 780
236 837
237 787
238 742
239 822
240 841
241 745
242 806
243 851
244 797
245 815
246 822
247 862
248 853
249 895
250 879
251 858
252 844
253 861
254 845
255 871
256 914
257 934
258 928
259 905
260 878
261 886
262 948
263 905
264 932
265 892
266 883
267 911
268 925
269 963
270 906
271 1019
272 947
273 1011
274 940
275 969
276 985
277 1044
278 1006
279 1010
280 979
281 1004
282 1047
283 1000
284 1004
285 1053
286 1116
287 1036
288 1051
289 1022
290 1024
291 1062
292 1119
293 1076
294 1101
295 1127
296 1085
297 1101
298 1160
299 1093
300 1097
301 1125
302 1128
303 1094
304 1097
305 1149
306 1164
307 1178
308 1155
309 1193
310 1198
311 1105
312 1160
313 1188
314 1165
315 1199
316 1233
317 1182
318 1245
319 1280
320 1224
321 1308
322 1326
323 1303
324 1278
325 1293
326 1329
327 1342
328 1280
329 1377
330 1366
331 1380
332 1446
333 1388
334 1292
335 1342
336 1401
337 1401
338 1404
339 1312
340 1491
341 1356
342 1478
343 1484
344 1461
345 1508
346 1384
347 1500
348 1478
349 1539
350 1514
351 1489
352 1481
353 1506
354 1499
355 1563
356 1570
357 1507
358 1637
359 1582
360 1664
361 1593
362 1635
363 1610
364 1670
365 1670
366 1630
367 1683
368 1577
369 1661
370 1669
371 1724
372 1733
373 1759
374 1691
375 1800
376 1728
377 1763
378 1722
379 1738
380 1706
381 1840
382 1811
383 1798
384 1789
385 1810
386 1840
387 1791
388 1820
389 1919
390 1859
391 1882
392 1935
393 1871
394 1919
395 1911
396 1994
397 1939
398 1981
399 1922
400 1901
401 1845
402 1948
403 2089
404 1944
405 2000
406 1956
407 1994
408 1998
409 1924
410 2028
411 1995
412 2100
413 2055
414 2027
415 1972
416 2049
417 2060
418 2109
419 2079
420 2028
421 2064
422 2051
423 2110
424 2042
425 2109
426 2238
427 2092
428 2145
429 2090
430 2097
431 2088
432 2130
433 2200
434 2082
435 2098
436 2053
437 2113
438 2176
439 2101
440 2177
441 2160
442 2111
443 2173
444 2192
445 2165
446 2119
447 2111
448 2216
449 2131
450 2077
451 2078
452 2190
453 2125
454 2196
455 2213
456 2250
457 2195
458 2163
459 2194
460 2148
461 2123
462 2138
463 2173
464 2208
465 2138
466 2132
467 2205
468 2122
469 2210
470 2120
471 2147
472 2242
473 2102
474 2231
475 2108
476 2147
477 2094
478 2088
479 2060
480 2101
481 2060
482 2035
483 2061
484 2094
485 2116
486 2050
487 2097
488 2063
489 2040
490 2053
491 2032
492 1988
493 2059
494 2045
495 2066
496 1970
497 2073
498 2021
499 2009
500 1982
501 1950
502 1954
503 1986
504 1918
505 1926
506 1935
507 1955
508 1875
509 1952
510 1984
511 1917
512 1934
513 1852
514 1898
515 1816
516 1902
517 1856
518 1795
519 1821
520 1835
521 1907
522 1769
523 1753
524 1852
525 1816
526 1763
527 1766
528 1785
529 1720
530 1689
531 1776
532 1745
533 1670
534 1698
535 1679
536 1659
537 1652
538 1738
539 1712
540 1594
541 1703
542 1670
543 1652
544 1615
545 1541
546 1527
547 1588
548 1590
549 1593
550 1490
551 1497
552 1542
553 1529
554 1630
555 1537
556 1545
557 1472
558 1574
559 1373
560 1489
561 1468
562 1423
563 1479
564 1398
565 1378
566 1432
567 1345
568 1387
569 1342
570 1390
571 1327
572 1367
573 1318
574 1330
575 1308
576 1314
577 1314
578 1338
579 1378
580 1236
581 1266
582 1176
583 1225
584 1225
585 1247
586 1156
587 1261
588 1219
589 1198
590 1175
591 1204
592 1151
593 1150
594 1106
595 1144
596 1119
597 1107
598 1129
599 1076
600 1094
601 1096
602 1064
603 1095
604 1029
605 1045
606 1014
607 1037
608 1007
609 1030
610 948
611 1018
612 1012
613 993
614 929
615 954
616 956
617 961
618 939
619 919
620 926
621 921
622 879
623 966
624 862
625 898
626 849
627 835
628 914
629 898
630 896
631 808
632 832
633 825
634 804
635 818
636 794
637 822
638 803
639 782
640 781
641 727
642 756
643 805
644 747
645 772
646 788
647 719
648 702
649 729
650 710
651 747
652 665
653 681
654 694
655 687
656 693
657 633
658 667
659 655
660 646
661 654
662 648
663 654
664 647
665 625
666 620
667 629
668 600
669 606
670 630
671 597
672 587
673 566
674 541
675 580
676 602
677 556
678 608
679 578
680 533
681 583
682 555
683 547
684 533
685 541
686 558
687 595
688 494
689 529
690 517
691 531
692 493
693 496
694 516
695 500
696 500
697 499
698 463
699 425
700 467
701 471
702 474
703 447
704 472
705 481
706 433
707 486
708 438
709 450
710 420
711 465
712 469
713 434
714 439
715 455
716 434
717 433
718 415
719 434
720 407
721 427
722 406
723 405
724 436
725 416
726 390
727 354
728 410
729 407
730 379
731 408
732 367
733 391
734 381
735 404
736 386
737 343
738 383
739 367
740 372
741 380
742 353
743 366
744 384
745 334
746 376
747 343
748 339
749 360
750 379
751 333
752 349
753 348
754 353
755 328
756 365
757 353
758 321
759 337
760 353
761 317
762 326
763 332
764 338
765 334
766 292
767 324
768 335
769 337
770 314
771 338
772 349
773 334
774 315
775 344
776 318
777 314
778 291
779 336
780 325
781 316
782 307
783 283
784 308
785 331
786 290
787 335
788 319
789 329
790 308
791 298
792 292
793 306
794 295
795 286
796 273
797 275
798 283
799 299
800 293
801 282
802 290
803 289
804 292
805 317
806 305
807 278
808 313
809 303
810 305
811 267
812 308
813 270
814 323
815 283
816 315
817 300
818 285
819 276
820 291
821 292
822 271
823 311
824 286
825 249
826 282
827 309
828 271
829 278
830 257
831 284
832 256
833 272
834 311
835 289
836 273
837 254
838 270
839 287
840 297
841 281
842 282
843 262
844 292
845 284
846 287
847 267
848 280
849 285
850 287
851 280
852 274
853 269
854 237
855 268
856 253
857 251
858 269
859 267
860 242
861 291
862 269
863 281
864 295
865 256
866 244
867 263
868 291
869 269
870 269
871 261
872 281
873 274
874 256
875 264
876 260
877 259
878 260
879 265
880 270
881 260
882 249
883 274
884 234
885 260
886 266
887 244
888 254
889 284
890 278
891 257
892 266
893 263
894 250
895 267
896 253
897 238
898 277
899 215
900 242
901 240
902 263
903 245
904 257
905 244
906 259
907 270
908 266
909 254
910 262
911 241
912 260
913 239
914 259
915 262
916 257
917 240
918 243
919 276
920 251
921 237
922 257
923 258
924 283
925 295
926 229
927 264
928 256
929 243
930 258
931 293
932 261
933 252
934 261
935 248
936 250
937 231
938 252
939 269
940 240
941 255
942 237
943 235
944 247
945 271
946 267
947 264
948 225
949 234
950 256
951 255
952 242
953 275
954 254
955 252
956 242
957 240
958 255
959 254
960 249
961 261
962 245
963 245
964 246
965 254
966 236
967 234
968 248
969 233
970 249
971 243
972 232
973 213
974 241
975 253
976 250
977 241
978 269
979 224
980 274
981 229
982 243
983 262
984 257
985 223
986 274
987 252
988 248
989 265
990 226
991 276
992 255
993 218
994 265
995 243
996 255
997 211
998 240
999 233
1000 246
1001 250
1002 241
1003 235
1004 232
1005 226
1006 244
1007 259
1008 240
1009 252
1010 272
1011 230
1012 242
1013 242
1014 235
1015 223
1016 214
1017 238
1018 253
1019 235
1020 240
1021 214
1022 206
1023 261
1024 234
1025 238
1026 220
1027 225
1028 238
1029 244
1030 244
1031 235
1032 221
1033 226
1034 252
1035 209
1036 235
1037 235
1038 233
1039 227
1040 238
1041 247
1042 201
1043 202
1044 210
1045 249
1046 217
1047 239
1048 214
1049 235
1050 210
1051 222
1052 218
1053 209
1054 220
1055 195
1056 224
1057 218
1058 201
1059 186
1060 217
1061 219
1062 230
1063 204
1064 205
1065 216
1066 218
1067 243
1068 224
1069 226
1070 193
1071 193
1072 204
1073 203
1074 204
1075 204
1076 181
1077 205
1078 217
1079 195
1080 219
1081 238
1082 219
1083 198
1084 196
1085 211
1086 210
1087 208
1088 202
1089 202
1090 211
1091 192
1092 206
1093 192
1094 179
1095 192
1096 211
1097 195
1098 202
1099 208
1100 208
1101 189
1102 184
1103 205
1104 203
1105 191
1106 188
1107 182
1108 197
1109 209
1110 183
1111 202
1112 174
1113 174
1114 199
1115 179
1116 202
1117 178
1118 191
1119 198
1120 173
1121 192
1122 178
1123 188
1124 214
1125 179
1126 188
1127 198
1128 182
1129 186
1130 204
1131 176
1132 171
1133 213
1134 188
1135 173
1136 182
1137 159
1138 170
1139 183
1140 200
1141 158
1142 170
1143 194
1144 171
1145 189
1146 189
1147 191
1148 180
1149 179
1150 174
1151 190
1152 139
1153 178
1154 187
1155 151
1156 172
1157 170
1158 167
1159 159
1160 204
1161 189
1162 167
1163 186
1164 192
1165 176
1166 172
1167 165
1168 162
1169 164
1170 170
1171 145
1172 188
1173 162
1174 177
1175 186
1176 153
1177 185
1178 153
1179 133
1180 139
1181 147
1182 177
1183 147
1184 144
1185 156
1186 154
1187 147
1188 150
1189 148
1190 157
1191 163
1192 147
1193 147
1194 147
1195 150
1196 147
1197 148
1198 142
1199 142
1200 151
1201 149
1202 147
1203 126
1204 149
1205 153
1206 156
1207 142
1208 152
1209 131
1210 145
1211 153
1212 125
1213 120
1214 143
1215 127
1216 143
1217 130
1218 167
1219 130
1220 141
1221 146
1222 136
1223 140
1224 125
1225 124
1226 138
1227 143
1228 130
1229 125
1230 115
1231 123
1232 129
1233 131
1234 135
1235 125
1236 112
1237 127
1238 141
1239 122
1240 134
1241 117
1242 128
1243 139
1244 120
1245 138
1246 138
1247 117
1248 120
1249 132
1250 128
1251 120
1252 128
1253 119
1254 119
1255 112
1256 117
1257 122
1258 127
1259 120
1260 111
1261 107
1262 108
1263 106
1264 129
1265 111
1266 97
1267 132
1268 107
1269 115
1270 136
1271 111
1272 130
1273 117
1274 112
1275 107
1276 117
1277 108
1278 106
1279 133
1280 100
1281 95
1282 105
1283 110
1284 93
1285 87
1286 97
1287 104
1288 118
1289 106
1290 117
1291 96
1292 112
1293 114
1294 111
1295 99
1296 102
1297 106
1298 103
1299 95
1300 118
1301 109
1302 124
1303 102
1304 92
1305 105
1306 103
1307 111
1308 90
1309 102
1310 115
1311 109
1312 103
1313 107
1314 96
1315 93
1316 94
1317 101
1318 89
1319 91
1320 85
1321 72
1322 98
1323 84
1324 74
1325 83
1326 109
1327 86
1328 88
1329 79
1330 84
1331 82
1332 89
1333 84
1334 91
1335 82
1336 81
1337 82
1338 77
1339 93
1340 75
1341 88
1342 96
1343 76
1344 87
1345 104
1346 89
1347 81
1348 71
1349 89
1350 80
1351 68
1352 88
1353 95
1354 81
1355 86
1356 83
1357 81
1358 67
1359 77
1360 76
1361 74
1362 84
1363 74
1364 72
1365 54
1366 75
1367 81
1368 59
1369 69
1370 61
1371 66
1372 72
1373 73
1374 59
1375 74
1376 63
1377 60
1378 64
1379 75
1380 89
1381 59
1382 76
1383 82
1384 69
1385 71
1386 85
1387 58
1388 60
1389 58
1390 61
1391 60
1392 81
1393 72
1394 77
1395 67
1396 78
1397 66
1398 57
1399 56
1400 75
1401 68
1402 61
1403 61
1404 63
1405 74
1406 54
1407 57
1408 69
1409 51
1410 53
1411 59
1412 59
1413 64
1414 55
1415 68
1416 65
1417 53
1418 70
1419 67
1420 63
1421 50
1422 66
1423 56
1424 39
1425 54
1426 52
1427 54
1428 59
1429 52
1430 52
1431 52
1432 61
1433 58
1434 41
1435 49
1436 58
1437 54
1438 60
1439 53
1440 61
1441 47
1442 53
1443 57
1444 50
1445 43
1446 50
1447 64
1448 63
1449 69
1450 48
1451 46
1452 28
1453 43
1454 52
1455 47
1456 49
1457 50
1458 49
1459 54
1460 48
1461 49
1462 53
1463 49
1464 43
1465 46
1466 44
1467 43
1468 39
1469 57
1470 42
1471 49
1472 46
1473 43
1474 49
1475 42
1476 51
1477 50
1478 46
1479 43
1480 45
1481 32
1482 35
1483 47
1484 39
1485 57
1486 36
1487 42
1488 42
1489 49
1490 39
1491 40
1492 44
1493 31
1494 44
1495 47
1496 33
1497 37
1498 43
1499 28
1500 40
1501 26
1502 43
1503 33
1504 53
1505 44
1506 43
1507 36
1508 43
1509 40
1510 40
1511 34
1512 36
1513 26
1514 31
1515 31
1516 33
1517 40
1518 40
1519 34
1520 35
1521 39
1522 23
1523 32
1524 31
1525 33
1526 32
1527 33
1528 33
1529 34
1530 40
1531 27
1532 37
1533 44
1534 35
1535 20
1536 25
1537 26
1538 26
1539 24
1540 44
1541 26
1542 28
1543 44
1544 33
1545 33
1546 32
1547 30
1548 31
1549 35
1550 32
1551 32
1552 26
1553 20
1554 32
1555 19
1556 33
1557 32
1558 30
1559 31
1560 27
1561 24
1562 34
1563 31
1564 34
1565 21
1566 36
1567 17
1568 32
1569 25
1570 18
1571 32
1572 19
1573 29
1574 19
1575 24
1576 32
1577 25
1578 24
1579 17
1580 20
1581 27
1582 24
1583 32
1584 25
1585 26
1586 21
1587 25
1588 31
1589 23
1590 28
1591 28
1592 23
1593 26
1594 25
1595 36
1596 25
1597 22
1598 20
1599 18
1600 25
1601 18
1602 26
1603 22
1604 22
1605 22
1606 14
1607 22
1608 24
1609 16
1610 21
1611 15
1612 18
1613 18
1614 17
1615 20
1616 21
1617 16
1618 18
1619 24
1620 22
1621 17
1622 18
1623 19
1624 12
1625 22
1626 17
1627 11
1628 22
1629 18
1630 15
1631 16
1632 17
1633 22
1634 9
1635 22
1636 16
1637 12
1638 14
1639 16
1640 13
1641 12
1642 12
1643 20
1644 21
1645 19
1646 22
1647 13
1648 13
1649 11
1650 19
1651 17
1652 21
1653 14
1654 18
1655 10
1656 19
1657 24
1658 11
1659 13
1660 17
1661 15
1662 17
1663 13
1664 25
1665 22
1666 14
1667 12
1668 8
1669 14
1670 12
1671 14
1672 14
1673 10
1674 11
1675 15
1676 7
1677 14
1678 11
1679 15
1680 21
1681 16
1682 9
1683 14
1684 14
1685 19
1686 8
1687 15
1688 14
1689 7
1690 10
1691 11
1692 7
1693 14
1694 8
1695 6
1696 9
1697 18
1698 6
1699 9
1700 12
1701 14
1702 11
1703 7
1704 13
1705 9
1706 13
1707 16
1708 18
1709 16
1710 23
1711 10
1712 5
1713 5
1714 14
1715 8
1716 3
1717 8
1718 11
1719 15
1720 8
1721 5
1722 9
1723 10
1724 14
1725 11
1726 9
1727 8
1728 9
1729 11
1730 5
1731 9
1732 11
1733 10
1734 11
1735 8
1736 6
1737 8
1738 8
1739 3
1740 8
1741 14
1742 8
1743 11
1744 9
1745 6
1746 5
1747 6
1748 12
1749 6
1750 6
1751 6
1752 8
1753 12
1754 4
1755 11
1756 9
1757 8
1758 10
1759 3
1760 8
1761 7
1762 7
1763 9
1764 10
1765 11
1766 4
1767 5
1768 7
1769 9
1770 4
1771 10
1772 7
1773 9
1774 3
1775 10
1776 4
1777 4
1778 8
1779 7
1780 8
1781 6
1782 8
1783 7
1784 8
1785 8
1786 5
1787 7
1788 6
1789 4
1790 4
1791 8
1792 5
1793 5
1794 8
1795 9
1796 4
1797 9
1798 5
1799 5
1800 3
1801 4
1802 6
1803 6
1804 8
1805 6
1806 8
1807 5
1808 3
1809 4
1810 4
1811 6
1812 1
1813 9
1814 6
1815 5
1816 3
1817 8
1818 5
1819 7
1820 5
1821 7
1822 5
1823 5
1824 7
1825 3
1826 5
1827 4
1828 6
1829 11
1830 5
1831 3
1832 3
1833 6
1834 8
1835 4
1836 5
1837 5
1838 7
1839 8
1840 1
1841 5
1842 3
1843 8
1844 6
1845 6
1846 6
1847 3
1848 2
1849 3
1850 6
1851 4
1852 6
1853 3
1854 5
1855 2
1856 2
1857 4
1858 1
1859 5
1860 10
1861 7
1862 0
1863 7
1864 5
1865 4
1866 7
1867 3
1868 4
1869 3
1870 3
1871 5
1872 3
1873 6
1874 1
1875 2
1876 4
1877 4
1878 5
1879 3
1880 3
1881 3
1882 4
1883 8
1884 4
1885 5
1886 0
1887 5
1888 1
1889 2
1890 6
1891 2
1892 4
1893 4
1894 4
1895 6
1896 1
1897 4
1898 3
1899 2
1900 4
1901 4
1902 1
1903 7
1904 8
1905 4
1906 3
1907 7
1908 6
1909 4
1910 2
1911 2
1912 2
1913 4
1914 1
1915 0
1916 2
1917 3
1918 1
1919 3
1920 2
1921 0
1922 2
1923 4
1924 4
1925 1
1926 1
1927 2
1928 3
1929 2
1930 1
1931 1
1932 3
1933 2
1934 4
1935 3
1936 2
1937 0
1938 5
1939 2
1940 3
1941 4
1942 2
1943 3
1944 0
1945 1
1946 2
1947 2
1948 2
1949 0
1950 0
1951 2
1952 1
1953 2
1954 1
1955 3
1956 2
1957 2
1958 0
1959 1
1960 2
1961 2
1962 2
1963 2
1964 0
1965 4
1966 2
1967 1
1968 2
1969 1
1970 4
1971 3
1972 0
1973 2
1974 0
1975 5
1976 1
1977 1
1978 3
1979 1
1980 1
1981 1
1982 1
1983 1
1984 0
1985 1
1986 1
1987 0
1988 0
1989 2
1990 2
1991 3
1992 1
1993 1
1994 1
1995 0
1996 3
1997 1
1998 1
1999 1
2000 1
2001 2
2002 3
2003 3
2004 0
2005 4
2006 1
2007 0
2008 1
2009 2
2010 0
2011 2
2012 1
2013 0
2014 1
2015 2
2016 0
2017 3
2018 1
2019 2
2020 1
2021 1
2022 1
2023 3
2024 0
2025 2
2026 1
2027 1
2028 1
2029 2
2030 3
2031 1
2032 3
2033 1
2034 2
2035 1
2036 2
2037 2
2038 3
2039 1
2040 2
2041 0
2042 0
2043 2
2044 0
2045 0
2046 2
2047 4
2048 0
2049 2
2050 3
2051 2
2052 3
2053 2
2054 2
2055 0
2056 0
2057 0
2058 1
2059 0
2060 0
2061 1
2062 1
2063 4
2064 3
2065 5
2066 1
2067 1
2068 1
2069 2
2070 0
2071 0
2072 2
2073 1
2074 0
2075 3
2076 1
2077 1
2078 1
2079 1
2080 2
2081 1
2082 1
2083 0
2084 1
2085 2
2086 1
2087 0
2088 2
2089 3
2090 2
2091 1
2092 0
2093 0
2094 0
2095 0
2096 1
2097 2
2098 1
2099 1
2100 0
2101 0
2102 0
2103 2
2104 1
2105 1
2106 1
2107 0
2108 1
2109 2
2110 0
2111 3
2112 0
2113 2
2114 3
2115 1
2116 0
2117 1
2118 0
2119 2
2120 1
2121 0
2122 0
2123 1
2124 2
2125 1
2126 1
2127 0
2128 0
2129 2
2130 0
2131 0
2132 1
2133 0
2134 1
2135 1
2136 0
2137 0
2138 1
2139 1
2140 0
2141 0
2142 0
2143 0
2144 0
2145 0
2146 0
2147 0
2148 1
2149 1
2150 0
2151 1
2152 0
2153 0
2154 0
2155 1
2156 1
2157 0
2158 1
2159 0
2160 0
2161 1
2162 0
2163 0
2164 1
2165 0
2166 0
2167 0
2168 0
2169 0
2170 0
2171 2
2172 1
2173 1
2174 0
2175 1
2176 0
2177 0
2178 3
2179 1
2180 0
2181 0
2182 0
2183 1
2184 0
2185 0
2186 0
2187 1
2188 0
2189 0
2190 0
2191 0
2192 1
2193 0
2194 0
2195 1
2196 1
2197 0
2198 1
2199 1
2200 1
2201 0
2202 0
2203 0
2204 1
2205 0
2206 0
2207 0
2208 0
2209 0
2210 0
2211 0
2212 1
2213 4
2214 0
2215 0
2216 1
2217 0
2218 0
2219 0
2220 0
2221 1
2222 0
2223 0
2224 0
2225 0
2226 0
2227 0
2228 0
2229 0
2230 0
2231 0
2232 0
2233 0
2234 0
2235 0
2236 0
2237 0
2238 1
2239 0
2240 0
2241 1
2242 1
2243 0
2244 0
2245 0
2246 0
2247 0
2248 0
2249 0
2250 0
2251 1
2252 1
2253 0
2254 0
2255 1
2256 0
2257 0
2258 1
2259 0
2260 0
2261 0
2262 0
2263 0
2264 0
2265 1
2266 0
2267 0
2268 0
2269 0
2270 0
2271 0
2272 0
2273 0
2274 0
2275 1
2276 0
2277 1
2278 0
2279 0
2280 0
2281 0
2282 1
2283 0
2284 0
2285 1
2286 0
2287 0
2288 0
2289 0
2290 0
2291 0
2292 0
2293 0
2294 0
2295 1
2296 0
2297 0
2298 0
2299 0
2300 0
2301 0
2302 0
2303 0
2304 1
2305 1
2306 1
2307 1
2308 1
2309 0
2310 0
2311 0
2312 1
2313 0
2314 0
2315 0
2316 0
2317 0
2318 0
2319 0
2320 0
2321 0
2322 0
2323 1
2324 0
2325 0
2326 0
2327 0
2328 2
2329 0
2330 0
2331 1
2332 0
2333 0
2334 1
2335 0
2336 0
2337 0
2338 0
2339 0
2340 0
2341 0
2342 0
2343 0
2344 0
2345 0
2346 0
2347 0
2348 1
2349 0
2350 0
2351 0
2352 0
2353 1
2354 0
2355 0
2356 0
2357 0
2358 1
2359 0
2360 0
2361 0
2362 0
2363 0
2364 1
2365 0
2366 0
2367 1
2368 0
2369 0
2370 0
2371 0
2372 0
2373 0
2374 0
2375 0
2376 0
2377 1
2378 0
2379 0
2380 0
2381 0
2382 0
2383 0
2384 0
2385 0
2386 0
2387 0
2388 0
2389 0
2390 0
2391 0
2392 0
2393 0
2394 1
2395 0
2396 2
2397 0
2398 0
2399 0
2400 0
2401 0
2402 0
2403 0
2404 1
2405 0
2406 0
2407 0
2408 0
2409 0
2410 0
2411 0
2412 0
2413 0
2414 0
2415 0
2416 0
2417 0
2418 0
2419 0
2420 0
2421 0
2422 0
2423 0
2424 0
2425 0
2426 0
2427 0
2428 0
2429 0
2430 0
2431 0
2432 0
2433 0
2434 0
2435 0
2436 0
2437 0
2438 0
2439 0
2440 0
2441 0
2442 0
2443 0
2444 0
2445 0
2446 0
2447 1
2448 0
2449 0
2450 1
2451 0
2452 0
2453 0
2454 0
2455 0
2456 0
2457 0
2458 0
2459 0
2460 0
2461 2
2462 0
2463 0
2464 0
2465 0
2466 0
2467 0
2468 1
2469 0
2470 0
2471 0
2472 0
2473 0
2474 0
2475 0
2476 0
2477 0
2478 0
2479 0
2480 0
2481 0
2482 0
2483 0
2484 0
2485 0
2486 0
2487 1
2488 1
2489 0
2490 0
2491 0
2492 0
2493 0
2494 0
2495 1
2496 0
2497 1
2498 0
2499 0
2500 0
2501 0
2502 0
2503 0
2504 0
2505 0
2506 0
2507 0
2508 0
2509 0
2510 1
2511 0
2512 0
2513 0
2514 1
2515 0
2516 0
2517 1
2518 0
2519 0
2520 0
2521 0
2522 0
2523 0
2524 0
2525 0
2526 0
2527 1
2528 0
2529 1
2530 0
2531 0
2532 0
2533 0
2534 0
2535 0
2536 0
2537 0
2538 0
2539 0
2540 2
2541 0
2542 0
2543 0
2544 0
2545 0
2546 0
2547 0
2548 0
2549 0
2550 0
2551 0
2552 0
2553 0
2554 0
2555 0
2556 0
2557 0
2558 0
2559 0
2560 0
2561 1
2562 0
2563 0
2564 0
2565 0
2566 0
2567 0
2568 0
2569 0
2570 0
2571 1
2572 0
2573 0
2574 0
2575 0
2576 0
2577 0
2578 0
2579 0
2580 0
2581 0
2582 0
2583 0
2584 0
2585 0
2586 0
2587 0
2588 0
2589 0
2590 0
2591 0
2592 0
2593 0
2594 0
2595 0
2596 1
2597 0
2598 0
2599 0
2600 0
2601 1
2602 0
2603 0
2604 0
2605 0
2606 0
2607 1
2608 0
2609 0
2610 0
2611 0
2612 0
2613 0
2614 0
2615 0
2616 0
2617 0
2618 0
2619 0
2620 0
2621 0
2622 1
2623 0
2624 0
2625 0
2626 0
2627 0
2628 0
2629 0
2630 0
2631 0
2632 0
2633 0
2634 0
2635 0
2636 0
2637 0
2638 0
2639 0
2640 0
2641 0
2642 0
2643 0
2644 0
2645 0
2646 0
2647 0
2648 0
2649 0
2650 0
2651 0
2652 0
2653 0
2654 0
2655 0
2656 0
2657 0
2658 0
2659 0
2660 0
2661 0
2662 0
2663 0
2664 0
2665 0
2666 0
2667 0
2668 0
2669 0
2670 0
2671 0
2672 0
2673 0
2674 1
2675 0
2676 0
2677 0
2678 0
2679 0
2680 0
2681 0
2682 0
2683 0
2684 0
2685 0
2686 0
2687 0
2688 0
2689 0
2690 0
2691 1
2692 0
2693 0
2694 0
2695 0
2696 0
2697 1
2698 0
2699 0
2700 0
2701 0
2702 0
2703 0
2704 0
2705 0
2706 0
2707 0
2708 0
2709 0
2710 0
2711 1
2712 1
2713 0
2714 0
2715 0
2716 0
2717 0
2718 0
2719 0
2720 0
2721 0
2722 0
2723 0
2724 0
2725 0
2726 0
2727 0
2728 0
2729 0
2730 0
2731 0
2732 0
2733 0
2734 0
2735 0
2736 0
2737 0
2738 0
2739 0
2740 0
2741 0
2742 1
2743 0
2744 0
2745 0
2746 0
2747 0
2748 0
2749 0
2750 0
2751 0
2752 0
2753 0
2754 0
2755 0
2756 0
2757 0
2758 0
2759 0
2760 0
2761 0
2762 0
2763 0
2764 0
2765 0
2766 0
2767 0
2768 0
2769 0
2770 0
2771 0
2772 0
2773 0
2774 0
2775 0
2776 0
2777 0
2778 0
2779 0
2780 0
2781 0
2782 0
2783 0
2784 0
2785 0
2786 0
2787 0
2788 0
2789 0
2790 0
2791 0
2792 0
2793 0
2794 0
2795 0
2796 0
2797 0
2798 0
2799 0
2800 0
2801 0
2802 0
2803 0
2804 0
2805 0
2806 0
2807 0
2808 0
2809 0
2810 0
2811 0
2812 0
2813 1
2814 0
2815 0
2816 0
2817 0
2818 0
2819 0
2820 0
2821 0
2822 0
2823 0
2824 0
2825 0
2826 0
2827 0
2828 0
2829 0
2830 0
2831 0
2832 0
2833 0
2834 0
2835 0
2836 0
2837 0
2838 0
2839 0
2840 0
2841 0
2842 0
2843 0
2844 0
2845 0
2846 0
2847 0
2848 0
2849 0
2850 0
2851 0
2852 0
2853 0
2854 0
2855 0
2856 0
2857 0
2858 0
2859 0
2860 0
2861 0
2862 0
2863 0
2864 0
2865 0
2866 0
2867 0
2868 0
2869 0
2870 0
2871 0
2872 0
2873 0
2874 0
2875 0
2876 0
2877 0
2878 0
2879 1
2880 0
2881 0
2882 0
2883 0
2884 0
2885 0
2886 0
2887 0
2888 0
2889 0
2890 0
2891 0
2892 0
2893 0
2894 0
2895 0
2896 0
2897 0
2898 0
2899 0
2900 0
2901 0
2902 1
2903 0
2904 0
2905 0
2906 0
2907 0
2908 0
2909 0
2910 0
2911 0
2912 0
2913 0
2914 0
2915 0
2916 0
2917 0
2918 0
2919 0
2920 0
2921 0
2922 0
2923 0
2924 0
2925 0
2926 0
2927 1
2928 0
2929 0
2930 0
2931 0
2932 0
2933 0
2934 0
2935 0
2936 0
2937 0
2938 0
2939 0
2940 0
2941 0
2942 0
2943 0
2944 0
2945 0
2946 0
2947 0
2948 1
2949 0
2950 0
2951 0
2952 0
2953 0
2954 0
2955 0
2956 0
2957 0
2958 0
2959 0
2960 0
2961 0
2962 0
2963 0
2964 0
2965 0
2966 1
2967 0
2968 0
2969 0
2970 0
2971 0
2972 0
2973 0
2974 0
2975 0
2976 0
2977 0
2978 0
2979 0
2980 0
2981 0
2982 0
2983 0
2984 0
2985 0
2986 0
2987 0
2988 0
2989 0
2990 0
2991 0
2992 0
2993 0
2994 0
2995 0
2996 0
2997 0
2998 0
2999 0
3000 0
3001 0
3002 0
3003 0
3004 0
3005 0
3006 0
3007 0
3008 0
3009 0
3010 0
3011 0
3012 0
3013 0
3014 0
3015 0
3016 0
3017 0
3018 0
3019 0
3020 0
3021 0
3022 0
3023 0
3024 0
3025 0
3026 0
3027 0
3028 0
3029 1
3030 0
3031 0
3032 0
3033 0
3034 0
3035 0
3036 0
3037 0
3038 0
3039 0
3040 0
3041 0
3042 0
3043 0
3044 0
3045 0
3046 0
3047 0
3048 0
3049 0
3050 0
3051 0
3052 0
3053 0
3054 0
3055 0
3056 0
3057 0
3058 0
3059 0
3060 0
3061 0
3062 0
3063 0
3064 0
3065 0
3066 0
3067 0
3068 0
3069 0
3070 0
3071 0
3072 0
3073 0
3074 0
3075 0
3076 0
3077 0
3078 0
3079 0
3080 0
3081 0
3082 0
3083 0
3084 0
3085 0
3086 0
3087 0
3088 0
3089 0
3090 0
3091 0
3092 0
3093 0
3094 0
3095 0
3096 0
3097 0
3098 0
3099 0
3100 0
3101 0
3102 0
3103 0
3104 0
3105 0
3106 0
3107 0
3108 0
3109 0
3110 0
3111 0
3112 0
3113 0
3114 0
3115 0
3116 0
3117 0
3118 0
3119 0
3120 0
3121 0
3122 0
3123 0
3124 0
3125 0
3126 0
3127 0
3128 0
3129 0
3130 0
3131 0
3132 0
3133 0
3134 0
3135 0
3136 0
3137 0
3138 0
3139 0
3140 0
3141 0
3142 0
3143 0
3144 0
3145 0
3146 0
3147 0
3148 0
3149 0
3150 0
3151 0
3152 0
3153 0
3154 0
3155 0
3156 0
3157 0
3158 0
3159 0
3160 0
3161 0
3162 0
3163 0
3164 0
3165 0
3166 0
3167 0
3168 0
3169 0
3170 0
3171 0
3172 0
3173 0
3174 0
3175 0
3176 1
3177 0
3178 0
3179 0
3180 0
3181 0
3182 0
3183 0
3184 0
3185 0
3186 0
3187 0
3188 0
3189 0
3190 0
3191 0
3192 0
3193 0
3194 0
3195 0
3196 0
3197 0
3198 0
3199 0
3200 0
3201 0
3202 0
3203 0
3204 0
3205 0
3206 0
3207 0
3208 0
3209 0
3210 0
3211 0
3212 0
3213 0
3214 0
3215 0
3216 0
3217 0
3218 0
3219 0
3220 0
3221 0
3222 0
3223 0
3224 0
3225 0
3226 0
3227 0
3228 0
3229 0
3230 0
3231 0
3232 0
3233 0
3234 0
3235 0
3236 0
3237 0
3238 0
3239 0
3240 0
3241 0
3242 0
3243 0
3244 0
3245 0
3246 0
3247 0
3248 0
3249 0
3250 0
3251 0
3252 0
3253 0
3254 0
3255 0
3256 0
3257 0
3258 0
3259 0
3260 0
3261 0
3262 0
3263 0
3264 0
3265 0
3266 0
3267 0
3268 0
3269 0
3270 0
3271 0
3272 0
3273 0
3274 0
3275 0
3276 0
3277 0
3278 0
3279 0
3280 0
3281 1
3282 0
3283 0
3284 0
3285 0
3286 0
3287 0
3288 0
3289 0
3290 0
3291 0
3292 0
3293 0
3294 0
3295 0
3296 0
3297 0
3298 0
3299 0
3300 0
3301 0
3302 0
3303 0
3304 0
3305 0
3306 0
3307 0
3308 0
3309 0
3310 0
3311 0
3312 0
3313 0
3314 0
3315 0
3316 0
3317 0
3318 0
3319 0
3320 0
3321 0
3322 0
3323 0
3324 0
3325 0
3326 0
3327 0
3328 0
3329 0
3330 0
3331 0
3332 0
3333 0
3334 0
3335 0
3336 0
3337 0
3338 1
3339 0
3340 0
3341 0
3342 0
3343 0
3344 0
3345 0
3346 0
3347 0
3348 0
3349 0
3350 0
3351 0
3352 0
3353 0
3354 0
3355 0
3356 0
3357 0
3358 0
3359 0
3360 0
3361 0
3362 0
3363 0
3364 0
3365 0
3366 0
3367 0
3368 0
3369 0
3370 0
3371 0
3372 0
3373 0
3374 0
3375 0
3376 0
3377 0
3378 0
3379 0
3380 0
3381 0
3382 0
3383 0
3384 0
3385 0
3386 0
3387 0
3388 0
3389 0
3390 0
3391 0
3392 0
3393 0
3394 0
3395 0
3396 0
3397 0
3398 0
3399 0
3400 0
3401 0
3402 0
3403 0
3404 0
3405 0
3406 0
3407 0
3408 0
3409 0
3410 0
3411 0
3412 0
3413 0
3414 0
3415 0
3416 0
3417 0
3418 0
3419 0
3420 0
3421 0
3422 0
3423 0
3424 0
3425 0
3426 0
3427 0
3428 0
3429 0
3430 0
3431 0
3432 0
3433 0
3434 0
3435 0
3436 0
3437 0
3438 0
3439 0
3440 0
3441 1
3442 0
3443 0
3444 0
3445 0
3446 0
3447 0
3448 0
3449 0
3450 0
3451 0
3452 0
3453 0
3454 0
3455 0
3456 0
3457 0
3458 0
3459 0
3460 0
3461 0
3462 0
3463 0
3464 0
3465 0
3466 0
3467 0
3468 0
3469 1
3470 0
3471 0
3472 0
3473 0
3474 0
3475 0
3476 0
3477 0
3478 0
3479 0
3480 0
3481 0
3482 0
3483 0
3484 0
3485 0
3486 0
3487 0
3488 1
3489 0
3490 0
3491 0
3492 0
3493 0
3494 0
3495 0
3496 0
3497 0
3498 0
3499 0
3500 0
3501 0
3502 0
3503 0
3504 0
3505 0
3506 0
3507 0
3508 0
3509 0
3510 0
3511 0
3512 0
3513 0
3514 0
3515 0
3516 0
3517 0
3518 0
3519 0
3520 0
3521 0
3522 0
3523 0
3524 0
3525 0
3526 0
3527 0
3528 0
3529 0
3530 0
3531 0
3532 0
3533 0
3534 0
3535 0
3536 0
3537 0
3538 0
3539 0
3540 0
3541 0
3542 0
3543 0
3544 0
3545 0
3546 0
3547 0
3548 0
3549 0
3550 0
3551 0
3552 0
3553 1
3554 0
3555 0
3556 0
3557 0
3558 0
3559 0
3560 0
3561 0
3562 0
3563 1
3564 0
3565 0
3566 0
3567 0
3568 0
3569 0
3570 0
3571 0
3572 0
3573 0
3574 0
3575 0
3576 0
3577 0
3578 0
3579 0
3580 0
3581 0
3582 0
3583 0
3584 0
3585 0
3586 0
3587 0
3588 0
3589 0
3590 0
3591 0
3592 0
3593 0
3594 0
3595 0
3596 0
3597 0
3598 0
3599 0
3600 0
3601 0
3602 0
3603 0
3604 0
3605 0
3606 0
3607 0
3608 0
3609 0
3610 0
3611 0
3612 0
3613 0
3614 0
3615 0
3616 0
3617 0
3618 0
3619 0
3620 0
3621 0
3622 0
3623 0
3624 0
3625 0
3626 0
3627 0
3628 0
3629 0
3630 0
3631 0
3632 0
3633 0
3634 0
3635 0
3636 0
3637 0
3638 0
3639 0
3640 0
3641 0
3642 0
3643 0
3644 0
3645 0
3646 0
3647 0
3648 0
3649 0
3650 0
3651 0
3652 0
3653 0
3654 0
3655 0
3656 0
3657 0
3658 0
3659 0
3660 0
3661 0
3662 0
3663 0
3664 0
3665 0
3666 0
3667 0
3668 0
3669 0
3670 0
3671 0
3672 0
3673 0
3674 0
3675 0
3676 0
3677 0
3678 0
3679 0
3680 0
3681 0
3682 0
3683 0
3684 0
3685 0
3686 0
3687 0
3688 0
3689 0
3690 0
3691 0
3692 0
3693 0
3694 0
3695 0
3696 0
3697 0
3698 0
3699 0
3700 0
3701 0
3702 0
3703 0
3704 0
3705 0
3706 0
3707 0
3708 0
3709 0
3710 0
3711 0
3712 0
3713 0
3714 0
3715 0
3716 0
3717 0
3718 0
3719 1
3720 0
3721 0
3722 0
3723 0
3724 0
3725 0
3726 0
3727 0
3728 0
3729 0
3730 0
3731 0
3732 0
3733 0
3734 0
3735 0
3736 0
3737 0
3738 0
3739 0
3740 0
3741 0
3742 0
3743 0
3744 0
3745 0
3746 0
3747 0
3748 0
3749 0
3750 0
3751 0
3752 0
3753 0
3754 0
3755 0
3756 0
3757 0
3758 0
3759 0
3760 0
3761 0
3762 0
3763 0
3764 0
3765 0
3766 0
3767 0
3768 0
3769 0
3770 0
3771 0
3772 0
3773 0
3774 0
3775 0
3776 0
3777 0
3778 0
3779 0
3780 0
3781 0
3782 0
3783 0
3784 0
3785 0
3786 0
3787 0
3788 0
3789 0
3790 0
3791 0
3792 0
3793 0
3794 0
3795 0
3796 0
3797 0
3798 0
3799 0
3800 0
3801 0
3802 0
3803 0
3804 0
3805 0
3806 0
3807 0
3808 0
3809 0
3810 0
3811 0
3812 0
3813 0
3814 0
3815 0
3816 0
3817 0
3818 0
3819 0
3820 0
3821 0
3822 0
3823 0
3824 0
3825 0
3826 0
3827 0
3828 0
3829 0
3830 0
3831 0
3832 0
3833 0
3834 0
3835 0
3836 0
3837 0
3838 0
3839 0
3840 0
3841 0
3842 0
3843 0
3844 0
3845 0
3846 0
3847 0
3848 0
3849 0
3850 0
3851 0
3852 0
3853 0
3854 0
3855 0
3856 0
3857 0
3858 0
3859 0
3860 0
3861 0
3862 0
3863 0
3864 0
3865 0
3866 0
3867 0
3868 0
3869 0
3870 0
3871 0
3872 0
3873 0
3874 0
3875 0
3876 0
3877 0
3878 0
3879 0
3880 0
3881 0
3882 0
3883 0
3884 0
3885 0
3886 0
3887 0
3888 0
3889 0
3890 0
3891 0
3892 0
3893 0
3894 0
3895 0
3896 0
3897 0
3898 0
3899 0
3900 0
3901 0
3902 0
3903 0
3904 0
3905 0
3906 0
3907 0
3908 0
3909 0
3910 0
3911 0
3912 0
3913 0
3914 0
3915 0
3916 0
3917 0
3918 0
3919 0
3920 0
3921 0
3922 0
3923 0
3924 1
3925 0
3926 0
3927 0
3928 0
3929 0
3930 0
3931 0
3932 0
3933 0
3934 0
3935 0
3936 0
3937 0
3938 0
3939 0
3940 0
3941 0
3942 0
3943 0
3944 0
3945 0
3946 0
3947 0
3948 0
3949 0
3950 1
3951 0
3952 0
3953 0
3954 0
3955 0
3956 1
3957 0
3958 0
3959 0
3960 0
3961 0
3962 0
3963 0
3964 0
3965 1
3966 0
3967 0
3968 0
3969 0
3970 0
3971 0
3972 0
3973 0
3974 0
3975 0
3976 0
3977 0
3978 0
3979 0
3980 0
3981 0
3982 0
3983 0
3984 0
3985 0
3986 0
3987 0
3988 0
3989 0
3990 0
3991 0
3992 0
3993 0
3994 0
3995 0
3996 0
3997 0
3998 0
3999 0
4000 0
