0 0
1 0
2 0
3 0
4 0
5 0
6 0
7 0
8 0
9 0
10 0
11 0
12 0
13 0
14 0
15 0
16 0
17 0
18 0
19 0
20 0
21 0
22 0
23 0
24 0
25 0
26 0
27 0
28 0
29 0
30 0
31 0
32 0
33 0
34 0
35 0
36 0
37 0
38 0
39 0
40 0
41 0
42 0
43 0
44 0
45 0
46 0
47 0
48 0
49 0
50 0
51 0
52 0
53 0
54 0
55 0
56 0
57 0
58 0
59 0
60 0
61 0
62 0
63 0
64 0
65 0
66 0
67 0
68 0
69 0
70 0
71 0
72 0
73 0
74 0
75 0
76 0
77 0
78 0
79 0
80 0
81 0
82 0
83 0
84 0
85 0
86 0
87 0
88 0
89 0
90 0
91 0
92 0
93 0
94 0
95 0
96 0
97 0
98 0
99 0
100 0
101 0
102 0
103 0
104 0
105 0
106 0
107 0
108 0
109 0
110 0
111 0
112 0
113 0
114 0
115 0
116 0
117 0
118 0
119 0
120 0
121 0
122 0
123 0
124 0
125 0
126 0
127 0
128 0
129 0
130 0
131 0
132 0
133 0
134 0
135 0
136 0
137 0
138 0
139 0
140 0
141 0
142 0
143 0
144 0
145 0
146 0
147 1
148 0
149 1
150 1
151 2
152 2
153 5
154 1
155 1
156 2
157 3
158 2
159 0
160 1
161 0
162 1
163 0
164 1
165 2
166 4
167 3
168 4
169 3
170 4
171 5
172 6
173 24
174 43
175 67
176 86
177 104
178 111
179 138
180 178
181 243
182 375
183 548
184 882
185 1169
186 1574
187 1839
188 1901
189 1973
190 1877
191 1730
192 1631
193 1538
194 1381
195 1210
196 1145
197 963
198 843
199 764
200 683
201 588
202 534
203 491
204 445
205 387
206 359
207 353
208 304
209 327
210 276
211 249
212 272
213 270
214 264
215 250
216 238
217 276
218 253
219 263
220 239
221 287
222 269
223 232
224 260
225 239
226 263
227 242
228 288
229 284
230 236
231 268
232 258
233 246
234 293
235 270
236 245
237 256
238 273
239 243
240 265
241 285
242 277
243 282
244 255
245 279
246 249
247 268
248 292
249 305
250 289
251 302
252 278
253 317
254 310
255 294
256 322
257 303
258 288
259 299
260 290
261 324
262 285
263 312
264 326
265 280
266 284
267 298
268 297
269 304
270 292
271 329
272 299
273 269
274 331
275 329
276 322
277 308
278 305
279 319
280 275
281 310
282 339
283 309
284 275
285 314
286 291
287 304
288 310
289 307
290 322
291 313
292 308
293 322
294 302
295 300
296 310
297 321
298 301
299 319
300 296
301 332
302 292
303 310
304 326
305 293
306 338
307 317
308 325
309 331
310 323
311 293
312 325
313 323
314 321
315 319
316 332
317 367
318 303
319 320
320 348
321 354
322 318
323 329
324 322
325 321
326 305
327 312
328 313
329 318
330 323
331 354
332 351
333 370
334 350
335 343
336 344
337 329
338 336
339 339
340 317
341 347
342 326
343 289
344 329
345 333
346 341
347 319
348 347
349 334
350 333
351 349
352 341
353 318
354 311
355 310
356 335
357 322
358 318
359 330
360 316
361 349
362 345
363 359
364 360
365 313
366 341
367 341
368 326
369 354
370 323
371 339
372 371
373 327
374 337
375 346
376 350
377 341
378 340
379 371
380 329
381 351
382 372
383 338
384 315
385 341
386 312
387 347
388 332
389 348
390 366
391 355
392 368
393 351
394 359
395 351
396 347
397 349
398 362
399 333
400 332
401 362
402 398
403 369
404 359
405 382
406 348
407 359
408 346
409 321
410 378
411 349
412 364
413 363
414 362
415 372
416 321
417 376
418 365
419 361
420 385
421 380
422 384
423 372
424 373
425 366
426 371
427 373
428 375
429 420
430 397
431 363
432 377
433 379
434 390
435 397
436 383
437 442
438 413
439 398
440 388
441 389
442 380
443 366
444 423
445 409
446 424
447 386
448 412
449 384
450 437
451 394
452 406
453 412
454 447
455 471
456 388
457 413
458 462
459 411
460 402
461 476
462 463
463 433
464 424
465 422
466 432
467 484
468 435
469 472
470 459
471 421
472 426
473 458
474 455
475 486
476 457
477 438
478 462
479 424
480 438
481 467
482 480
483 451
484 484
485 481
486 495
487 482
488 495
489 485
490 521
491 495
492 439
493 507
494 523
495 530
496 514
497 488
498 567
499 513
500 551
501 540
502 533
503 508
504 512
505 532
506 515
507 499
508 534
509 522
510 542
511 520
512 532
513 567
514 543
515 534
516 532
517 569
518 549
519 575
520 571
521 544
522 552
523 552
524 572
525 551
526 544
527 558
528 523
529 569
530 569
531 584
532 572
533 582
534 589
535 615
536 583
537 550
538 590
539 557
540 536
541 598
542 595
543 537
544 627
545 597
546 626
547 562
548 593
549 567
550 565
551 547
552 581
553 572
554 573
555 584
556 568
557 594
558 612
559 592
560 611
561 584
562 602
563 596
564 597
565 629
566 581
567 609
568 626
569 621
570 568
571 612
572 555
573 575
574 611
575 619
576 601
577 614
578 597
579 659
580 620
581 574
582 600
583 633
584 596
585 639
586 603
587 594
588 535
589 583
590 601
591 610
592 597
593 569
594 634
595 642
596 609
597 593
598 619
599 607
600 619
601 617
602 587
603 648
604 577
605 589
606 615
607 615
608 543
609 638
610 599
611 588
612 638
613 639
614 568
615 574
616 626
617 645
618 595
619 561
620 595
621 598
622 581
623 588
624 601
625 612
626 620
627 573
628 569
629 585
630 638
631 574
632 526
633 566
634 561
635 568
636 587
637 569
638 567
639 602
640 609
641 499
642 546
643 540
644 553
645 574
646 559
647 557
648 553
649 599
650 565
651 602
652 595
653 595
654 579
655 482
656 521
657 552
658 539
659 571
660 523
661 552
662 558
663 529
664 553
665 530
666 491
667 553
668 562
669 582
670 548
671 500
672 543
673 498
674 522
675 502
676 489
677 492
678 495
679 465
680 511
681 506
682 519
683 492
684 496
685 490
686 489
687 480
688 486
689 507
690 512
691 479
692 459
693 482
694 501
695 487
696 528
697 462
698 441
699 484
700 469
701 414
702 452
703 438
704 446
705 460
706 442
707 458
708 425
709 393
710 408
711 452
712 445
713 419
714 424
715 441
716 404
717 418
718 395
719 401
720 408
721 449
722 397
723 366
724 399
725 390
726 388
727 347
728 379
729 432
730 388
731 384
732 379
733 335
734 387
735 368
736 397
737 359
738 383
739 356
740 354
741 392
742 365
743 347
744 332
745 337
746 346
747 336
748 344
749 314
750 305
751 325
752 342
753 344
754 339
755 297
756 328
757 298
758 304
759 324
760 284
761 296
762 322
763 326
764 310
765 308
766 289
767 286
768 295
769 315
770 294
771 261
772 292
773 315
774 268
775 298
776 270
777 300
778 279
779 286
780 302
781 278
782 267
783 255
784 277
785 221
786 255
787 230
788 258
789 280
790 249
791 278
792 248
793 256
794 229
795 261
796 228
797 237
798 234
799 239
800 262
801 234
802 231
803 231
804 251
805 247
806 215
807 215
808 208
809 238
810 220
811 220
812 206
813 202
814 214
815 197
816 213
817 210
818 211
819 187
820 205
821 217
822 189
823 223
824 214
825 193
826 167
827 199
828 189
829 208
830 179
831 160
832 197
833 207
834 186
835 190
836 195
837 165
838 199
839 175
840 151
841 154
842 187
843 170
844 167
845 180
846 189
847 145
848 140
849 164
850 151
851 168
852 165
853 148
854 174
855 144
856 146
857 157
858 157
859 137
860 167
861 145
862 153
863 167
864 136
865 154
866 143
867 130
868 142
869 142
870 132
871 140
872 137
873 126
874 145
875 121
876 150
877 124
878 132
879 116
880 118
881 133
882 146
883 151
884 125
885 128
886 136
887 110
888 121
889 120
890 141
891 114
892 126
893 122
894 145
895 121
896 113
897 112
898 121
899 119
900 109
901 104
902 98
903 107
904 127
905 116
906 105
907 95
908 95
909 106
910 126
911 105
912 103
913 92
914 108
915 106
916 91
917 106
918 100
919 109
920 100
921 93
922 104
923 102
924 95
925 100
926 110
927 100
928 110
929 86
930 97
931 86
932 74
933 100
934 85
935 76
936 98
937 100
938 119
939 117
940 98
941 86
942 98
943 82
944 96
945 102
946 89
947 102
948 107
949 94
950 101
951 87
952 81
953 96
954 86
955 81
956 90
957 76
958 76
959 88
960 82
961 100
962 82
963 95
964 93
965 81
966 81
967 92
968 87
969 82
970 89
971 88
972 88
973 84
974 78
975 77
976 83
977 87
978 93
979 73
980 81
981 88
982 89
983 67
984 84
985 75
986 73
987 76
988 74
989 66
990 82
991 62
992 85
993 70
994 86
995 74
996 64
997 91
998 64
999 50
1000 61
1001 80
1002 67
1003 67
1004 48
1005 82
1006 61
1007 75
1008 80
1009 77
1010 56
1011 61
1012 78
1013 70
1014 71
1015 69
1016 75
1017 73
1018 78
1019 60
1020 75
1021 64
1022 73
1023 71
1024 73
1025 78
1026 87
1027 64
1028 77
1029 65
1030 51
1031 61
1032 68
1033 71
1034 66
1035 71
1036 67
1037 59
1038 72
1039 66
1040 68
1041 75
1042 73
1043 72
1044 65
1045 76
1046 64
1047 71
1048 71
1049 78
1050 63
1051 58
1052 49
1053 63
1054 75
1055 66
1056 70
1057 56
1058 67
1059 68
1060 72
1061 79
1062 58
1063 65
1064 66
1065 73
1066 60
1067 58
1068 75
1069 66
1070 85
1071 59
1072 70
1073 72
1074 61
1075 66
1076 56
1077 69
1078 55
1079 73
1080 61
1081 72
1082 62
1083 66
1084 78
1085 59
1086 57
1087 68
1088 79
1089 80
1090 68
1091 70
1092 53
1093 56
1094 65
1095 69
1096 60
1097 57
1098 81
1099 78
1100 63
1101 56
1102 66
1103 63
1104 61
1105 60
1106 63
1107 71
1108 63
1109 52
1110 71
1111 67
1112 61
1113 53
1114 60
1115 47
1116 71
1117 67
1118 67
1119 61
1120 67
1121 57
1122 77
1123 63
1124 56
1125 47
1126 63
1127 62
1128 54
1129 66
1130 59
1131 59
1132 55
1133 74
1134 55
1135 66
1136 70
1137 68
1138 58
1139 60
1140 71
1141 61
1142 71
1143 63
1144 59
1145 69
1146 48
1147 72
1148 51
1149 54
1150 66
1151 55
1152 59
1153 67
1154 67
1155 66
1156 54
1157 62
1158 65
1159 56
1160 80
1161 59
1162 62
1163 41
1164 67
1165 46
1166 60
1167 54
1168 54
1169 74
1170 53
1171 59
1172 71
1173 62
1174 55
1175 78
1176 71
1177 57
1178 62
1179 67
1180 69
1181 69
1182 77
1183 71
1184 65
1185 72
1186 53
1187 64
1188 66
1189 81
1190 67
1191 62
1192 52
1193 71
1194 52
1195 46
1196 58
1197 55
1198 64
1199 62
1200 52
1201 58
1202 61
1203 63
1204 52
1205 59
1206 53
1207 68
1208 68
1209 51
1210 55
1211 69
1212 68
1213 68
1214 60
1215 63
1216 54
1217 62
1218 68
1219 56
1220 71
1221 64
1222 70
1223 66
1224 73
1225 49
1226 63
1227 65
1228 66
1229 53
1230 56
1231 72
1232 72
1233 70
1234 73
1235 61
1236 48
1237 71
1238 60
1239 51
1240 50
1241 51
1242 52
1243 53
1244 55
1245 54
1246 59
1247 53
1248 62
1249 56
1250 67
1251 48
1252 59
1253 53
1254 51
1255 60
1256 64
1257 71
1258 49
1259 57
1260 68
1261 67
1262 72
1263 67
1264 46
1265 59
1266 67
1267 48
1268 56
1269 70
1270 53
1271 63
1272 71
1273 66
1274 64
1275 71
1276 61
1277 65
1278 68
1279 56
1280 73
1281 58
1282 66
1283 61
1284 58
1285 60
1286 55
1287 53
1288 52
1289 63
1290 60
1291 67
1292 61
1293 72
1294 64
1295 70
1296 59
1297 57
1298 61
1299 64
1300 68
1301 51
1302 56
1303 65
1304 67
1305 58
1306 57
1307 61
1308 64
1309 65
1310 68
1311 62
1312 67
1313 57
1314 72
1315 67
1316 64
1317 55
1318 77
1319 69
1320 64
1321 77
1322 52
1323 56
1324 69
1325 55
1326 64
1327 59
1328 56
1329 65
1330 57
1331 58
1332 64
1333 78
1334 75
1335 68
1336 74
1337 51
1338 60
1339 65
1340 62
1341 39
1342 58
1343 45
1344 56
1345 70
1346 65
1347 56
1348 62
1349 60
1350 52
1351 53
1352 56
1353 49
1354 59
1355 63
1356 66
1357 64
1358 53
1359 57
1360 62
1361 61
1362 57
1363 52
1364 64
1365 49
1366 56
1367 52
1368 66
1369 50
1370 50
1371 69
1372 53
1373 60
1374 66
1375 43
1376 55
1377 60
1378 67
1379 63
1380 61
1381 66
1382 67
1383 64
1384 50
1385 53
1386 71
1387 71
1388 63
1389 56
1390 45
1391 60
1392 67
1393 45
1394 63
1395 60
1396 61
1397 68
1398 65
1399 71
1400 57
1401 60
1402 57
1403 69
1404 68
1405 71
1406 66
1407 67
1408 63
1409 48
1410 50
1411 71
1412 51
1413 49
1414 64
1415 47
1416 56
1417 62
1418 49
1419 54
1420 54
1421 56
1422 57
1423 56
1424 49
1425 61
1426 63
1427 55
1428 55
1429 60
1430 54
1431 51
1432 49
1433 44
1434 58
1435 53
1436 59
1437 62
1438 45
1439 58
1440 51
1441 44
1442 54
1443 52
1444 72
1445 57
1446 38
1447 63
1448 52
1449 54
1450 59
1451 39
1452 60
1453 60
1454 62
1455 66
1456 47
1457 50
1458 41
1459 55
1460 37
1461 42
1462 43
1463 42
1464 47
1465 52
1466 59
1467 43
1468 61
1469 41
1470 45
1471 49
1472 52
1473 49
1474 52
1475 45
1476 44
1477 51
1478 64
1479 52
1480 49
1481 49
1482 56
1483 51
1484 54
1485 49
1486 60
1487 50
1488 49
1489 49
1490 47
1491 45
1492 55
1493 52
1494 49
1495 54
1496 43
1497 52
1498 62
1499 44
1500 59
1501 50
1502 42
1503 51
1504 48
1505 50
1506 55
1507 48
1508 46
1509 52
1510 52
1511 39
1512 38
1513 50
1514 48
1515 55
1516 49
1517 39
1518 36
1519 45
1520 44
1521 48
1522 42
1523 42
1524 47
1525 47
1526 52
1527 42
1528 44
1529 53
1530 41
1531 39
1532 51
1533 54
1534 50
1535 55
1536 47
1537 51
1538 33
1539 35
1540 39
1541 50
1542 41
1543 49
1544 51
1545 43
1546 63
1547 42
1548 58
1549 38
1550 43
1551 37
1552 50
1553 48
1554 45
1555 50
1556 42
1557 57
1558 41
1559 48
1560 35
1561 41
1562 49
1563 32
1564 51
1565 39
1566 40
1567 30
1568 29
1569 36
1570 51
1571 39
1572 44
1573 39
1574 41
1575 47
1576 48
1577 52
1578 53
1579 41
1580 55
1581 49
1582 50
1583 45
1584 41
1585 47
1586 34
1587 33
1588 47
1589 43
1590 47
1591 36
1592 48
1593 33
1594 49
1595 42
1596 45
1597 30
1598 42
1599 42
1600 43
1601 37
1602 32
1603 26
1604 36
1605 49
1606 41
1607 41
1608 32
1609 45
1610 36
1611 46
1612 40
1613 31
1614 47
1615 31
1616 25
1617 29
1618 35
1619 34
1620 33
1621 35
1622 42
1623 48
1624 36
1625 39
1626 36
1627 45
1628 37
1629 34
1630 29
1631 44
1632 42
1633 31
1634 30
1635 34
1636 37
1637 39
1638 35
1639 32
1640 33
1641 31
1642 33
1643 40
1644 33
1645 40
1646 35
1647 34
1648 39
1649 33
1650 36
1651 26
1652 32
1653 31
1654 36
1655 29
1656 26
1657 39
1658 34
1659 36
1660 42
1661 18
1662 32
1663 43
1664 47
1665 30
1666 32
1667 31
1668 31
1669 36
1670 38
1671 36
1672 32
1673 25
1674 23
1675 29
1676 30
1677 31
1678 34
1679 30
1680 36
1681 32
1682 28
1683 30
1684 31
1685 40
1686 25
1687 27
1688 41
1689 29
1690 34
1691 31
1692 26
1693 35
1694 28
1695 32
1696 22
1697 34
1698 32
1699 34
1700 27
1701 38
1702 36
1703 38
1704 33
1705 34
1706 35
1707 28
1708 34
1709 20
1710 29
1711 25
1712 32
1713 28
1714 37
1715 23
1716 28
1717 22
1718 17
1719 36
1720 29
1721 25
1722 25
1723 25
1724 30
1725 20
1726 30
1727 27
1728 24
1729 28
1730 25
1731 22
1732 20
1733 24
1734 28
1735 29
1736 30
1737 25
1738 36
1739 26
1740 26
1741 26
1742 31
1743 20
1744 21
1745 28
1746 33
1747 26
1748 25
1749 26
1750 24
1751 19
1752 27
1753 22
1754 14
1755 24
1756 22
1757 30
1758 23
1759 15
1760 32
1761 25
1762 26
1763 28
1764 30
1765 22
1766 27
1767 23
1768 16
1769 25
1770 23
1771 23
1772 9
1773 17
1774 18
1775 17
1776 18
1777 29
1778 20
1779 25
1780 21
1781 26
1782 23
1783 21
1784 21
1785 30
1786 24
1787 28
1788 25
1789 11
1790 16
1791 14
1792 21
1793 29
1794 23
1795 22
1796 28
1797 20
1798 27
1799 25
1800 29
1801 22
1802 22
1803 11
1804 20
1805 22
1806 15
1807 22
1808 20
1809 19
1810 19
1811 21
1812 19
1813 24
1814 21
1815 15
1816 18
1817 19
1818 15
1819 20
1820 13
1821 19
1822 15
1823 23
1824 16
1825 15
1826 24
1827 23
1828 14
1829 24
1830 21
1831 27
1832 22
1833 15
1834 25
1835 15
1836 17
1837 21
1838 15
1839 17
1840 17
1841 17
1842 12
1843 20
1844 16
1845 18
1846 22
1847 16
1848 21
1849 17
1850 15
1851 24
1852 14
1853 15
1854 22
1855 18
1856 10
1857 18
1858 26
1859 21
1860 18
1861 25
1862 12
1863 16
1864 16
1865 19
1866 12
1867 24
1868 14
1869 13
1870 18
1871 18
1872 11
1873 11
1874 16
1875 17
1876 17
1877 15
1878 16
1879 26
1880 19
1881 14
1882 11
1883 20
1884 14
1885 14
1886 16
1887 14
1888 15
1889 14
1890 18
1891 12
1892 11
1893 12
1894 13
1895 13
1896 18
1897 18
1898 13
1899 11
1900 12
1901 16
1902 11
1903 13
1904 11
1905 11
1906 13
1907 9
1908 11
1909 18
1910 15
1911 12
1912 17
1913 14
1914 20
1915 18
1916 14
1917 16
1918 10
1919 18
1920 8
1921 14
1922 18
1923 15
1924 12
1925 21
1926 9
1927 12
1928 12
1929 21
1930 14
1931 14
1932 11
1933 17
1934 16
1935 6
1936 14
1937 14
1938 12
1939 14
1940 11
1941 11
1942 16
1943 17
1944 11
1945 14
1946 15
1947 11
1948 12
1949 11
1950 16
1951 15
1952 8
1953 14
1954 12
1955 11
1956 7
1957 10
1958 9
1959 10
1960 11
1961 11
1962 5
1963 6
1964 16
1965 13
1966 7
1967 14
1968 7
1969 11
1970 13
1971 8
1972 6
1973 18
1974 9
1975 7
1976 17
1977 8
1978 19
1979 7
1980 18
1981 13
1982 9
1983 12
1984 16
1985 13
1986 9
1987 14
1988 14
1989 9
1990 9
1991 10
1992 7
1993 8
1994 6
1995 20
1996 5
1997 10
1998 10
1999 17
2000 13
2001 12
2002 10
2003 9
2004 11
2005 9
2006 10
2007 8
2008 15
2009 5
2010 11
2011 12
2012 10
2013 5
2014 10
2015 10
2016 13
2017 6
2018 7
2019 5
2020 8
2021 12
2022 15
2023 7
2024 11
2025 6
2026 6
2027 7
2028 6
2029 11
2030 14
2031 11
2032 13
2033 12
2034 11
2035 9
2036 13
2037 15
2038 11
2039 7
2040 7
2041 9
2042 4
2043 8
2044 12
2045 16
2046 7
2047 6
2048 9
2049 7
2050 6
2051 10
2052 8
2053 7
2054 12
2055 11
2056 12
2057 9
2058 13
2059 4
2060 11
2061 4
2062 5
2063 16
2064 7
2065 9
2066 10
2067 11
2068 4
2069 10
2070 12
2071 7
2072 7
2073 10
2074 9
2075 9
2076 10
2077 6
2078 4
2079 7
2080 8
2081 6
2082 12
2083 7
2084 9
2085 7
2086 6
2087 5
2088 7
2089 6
2090 6
2091 13
2092 11
2093 5
2094 3
2095 2
2096 12
2097 8
2098 5
2099 5
2100 13
2101 3
2102 7
2103 5
2104 6
2105 4
2106 5
2107 4
2108 9
2109 3
2110 5
2111 8
2112 11
2113 8
2114 7
2115 3
2116 7
2117 5
2118 4
2119 9
2120 7
2121 5
2122 4
2123 4
2124 9
2125 5
2126 8
2127 5
2128 2
2129 4
2130 6
2131 8
2132 7
2133 8
2134 6
2135 7
2136 8
2137 7
2138 6
2139 5
2140 4
2141 15
2142 5
2143 5
2144 10
2145 3
2146 6
2147 5
2148 5
2149 7
2150 4
2151 2
2152 2
2153 5
2154 8
2155 4
2156 2
2157 10
2158 6
2159 3
2160 8
2161 2
2162 5
2163 6
2164 9
2165 3
2166 5
2167 2
2168 5
2169 4
2170 3
2171 5
2172 6
2173 8
2174 6
2175 9
2176 3
2177 4
2178 4
2179 3
2180 3
2181 5
2182 2
2183 4
2184 1
2185 6
2186 5
2187 4
2188 5
2189 4
2190 7
2191 1
2192 5
2193 5
2194 7
2195 4
2196 4
2197 9
2198 6
2199 5
2200 5
2201 4
2202 4
2203 3
2204 7
2205 5
2206 4
2207 5
2208 3
2209 4
2210 4
2211 4
2212 3
2213 4
2214 5
2215 5
2216 4
2217 4
2218 3
2219 1
2220 3
2221 5
2222 6
2223 4
2224 5
2225 1
2226 5
2227 3
2228 5
2229 1
2230 7
2231 5
2232 3
2233 4
2234 4
2235 5
2236 2
2237 5
2238 2
2239 4
2240 8
2241 0
2242 2
2243 4
2244 3
2245 3
2246 2
2247 1
2248 2
2249 6
2250 8
2251 6
2252 1
2253 2
2254 3
2255 5
2256 4
2257 2
2258 3
2259 0
2260 2
2261 2
2262 3
2263 0
2264 4
2265 0
2266 2
2267 1
2268 4
2269 2
2270 5
2271 2
2272 1
2273 2
2274 6
2275 4
2276 2
2277 1
2278 2
2279 4
2280 2
2281 3
2282 2
2283 3
2284 3
2285 2
2286 3
2287 5
2288 1
2289 2
2290 5
2291 3
2292 2
2293 3
2294 4
2295 3
2296 2
2297 0
2298 1
2299 2
2300 2
2301 0
2302 4
2303 0
2304 2
2305 2
2306 2
2307 3
2308 2
2309 4
2310 0
2311 3
2312 3
2313 1
2314 2
2315 4
2316 1
2317 2
2318 4
2319 1
2320 0
2321 2
2322 2
2323 3
2324 1
2325 1
2326 1
2327 1
2328 4
2329 3
2330 1
2331 2
2332 2
2333 1
2334 2
2335 4
2336 0
2337 4
2338 0
2339 2
2340 2
2341 4
2342 1
2343 3
2344 2
2345 4
2346 1
2347 3
2348 2
2349 0
2350 3
2351 0
2352 2
2353 1
2354 1
2355 4
2356 2
2357 2
2358 0
2359 1
2360 1
2361 3
2362 3
2363 3
2364 1
2365 3
2366 2
2367 1
2368 0
2369 1
2370 4
2371 2
2372 0
2373 1
2374 1
2375 1
2376 1
2377 3
2378 1
2379 0
2380 2
2381 0
2382 2
2383 3
2384 0
2385 1
2386 1
2387 2
2388 2
2389 1
2390 2
2391 0
2392 0
2393 2
2394 2
2395 1
2396 2
2397 2
2398 4
2399 2
2400 1
2401 0
2402 0
2403 1
2404 1
2405 3
2406 0
2407 3
2408 0
2409 1
2410 0
2411 1
2412 0
2413 2
2414 0
2415 1
2416 1
2417 2
2418 1
2419 2
2420 1
2421 1
2422 0
2423 0
2424 0
2425 1
2426 0
2427 2
2428 2
2429 0
2430 1
2431 0
2432 1
2433 0
2434 3
2435 1
2436 1
2437 0
2438 0
2439 0
2440 2
2441 2
2442 0
2443 0
2444 0
2445 0
2446 1
2447 0
2448 1
2449 0
2450 1
2451 0
2452 0
2453 0
2454 3
2455 0
2456 3
2457 2
2458 4
2459 2
2460 1
2461 3
2462 0
2463 0
2464 1
2465 3
2466 0
2467 2
2468 1
2469 0
2470 0
2471 0
2472 1
2473 0
2474 1
2475 3
2476 0
2477 0
2478 2
2479 0
2480 4
2481 0
2482 1
2483 2
2484 1
2485 0
2486 0
2487 2
2488 0
2489 2
2490 0
2491 1
2492 0
2493 2
2494 3
2495 0
2496 0
2497 2
2498 0
2499 1
2500 0
2501 2
2502 1
2503 2
2504 0
2505 0
2506 1
2507 1
2508 0
2509 2
2510 2
2511 0
2512 2
2513 0
2514 0
2515 0
2516 2
2517 3
2518 1
2519 0
2520 0
2521 1
2522 1
2523 0
2524 1
2525 0
2526 0
2527 0
2528 0
2529 1
2530 0
2531 1
2532 0
2533 1
2534 2
2535 2
2536 0
2537 1
2538 0
2539 1
2540 0
2541 0
2542 1
2543 1
2544 0
2545 0
2546 3
2547 1
2548 2
2549 0
2550 2
2551 0
2552 0
2553 1
2554 0
2555 0
2556 1
2557 1
2558 1
2559 0
2560 0
2561 0
2562 0
2563 0
2564 2
2565 0
2566 1
2567 0
2568 0
2569 0
2570 0
2571 0
2572 2
2573 0
2574 0
2575 0
2576 0
2577 1
2578 0
2579 0
2580 1
2581 1
2582 0
2583 1
2584 0
2585 2
2586 1
2587 0
2588 3
2589 0
2590 0
2591 0
2592 0
2593 0
2594 0
2595 1
2596 1
2597 2
2598 2
2599 1
2600 0
2601 1
2602 1
2603 0
2604 0
2605 2
2606 0
2607 0
2608 0
2609 0
2610 0
2611 0
2612 0
2613 1
2614 0
2615 0
2616 2
2617 0
2618 0
2619 2
2620 0
2621 1
2622 1
2623 0
2624 0
2625 0
2626 0
2627 1
2628 0
2629 0
2630 2
2631 2
2632 1
2633 1
2634 1
2635 1
2636 0
2637 2
2638 0
2639 0
2640 1
2641 1
2642 1
2643 0
2644 0
2645 0
2646 0
2647 1
2648 0
2649 0
2650 0
2651 0
2652 0
2653 0
2654 1
2655 2
2656 0
2657 0
2658 0
2659 0
2660 0
2661 0
2662 0
2663 0
2664 0
2665 0
2666 0
2667 0
2668 0
2669 0
2670 0
2671 0
2672 0
2673 1
2674 0
2675 0
2676 0
2677 1
2678 0
2679 0
2680 0
2681 0
2682 1
2683 0
2684 0
2685 0
2686 0
2687 0
2688 1
2689 0
2690 0
2691 0
2692 0
2693 0
2694 1
2695 0
2696 0
2697 0
2698 0
2699 0
2700 1
2701 0
2702 0
2703 0
2704 0
2705 0
2706 0
2707 1
2708 1
2709 0
2710 0
2711 0
2712 0
2713 0
2714 0
2715 0
2716 0
2717 1
2718 0
2719 0
2720 0
2721 0
2722 1
2723 0
2724 0
2725 0
2726 0
2727 0
2728 0
2729 0
2730 0
2731 0
2732 1
2733 0
2734 0
2735 0
2736 0
2737 0
2738 1
2739 0
2740 0
2741 0
2742 0
2743 0
2744 0
2745 1
2746 0
2747 0
2748 1
2749 1
2750 1
2751 0
2752 0
2753 0
2754 0
2755 0
2756 1
2757 0
2758 0
2759 0
2760 1
2761 0
2762 0
2763 0
2764 1
2765 0
2766 0
2767 1
2768 0
2769 0
2770 0
2771 0
2772 0
2773 0
2774 0
2775 0
2776 0
2777 0
2778 0
2779 0
2780 0
2781 0
2782 0
2783 0
2784 0
2785 0
2786 0
2787 0
2788 0
2789 1
2790 0
2791 0
2792 0
2793 0
2794 0
2795 0
2796 0
2797 1
2798 0
2799 0
2800 1
2801 0
2802 0
2803 1
2804 0
2805 0
2806 0
2807 0
2808 0
2809 0
2810 0
2811 0
2812 0
2813 0
2814 0
2815 0
2816 0
2817 0
2818 0
2819 0
2820 0
2821 0
2822 0
2823 0
2824 0
2825 0
2826 0
2827 0
2828 0
2829 0
2830 0
2831 1
2832 0
2833 0
2834 0
2835 0
2836 0
2837 0
2838 0
2839 0
2840 0
2841 1
2842 0
2843 0
2844 0
2845 0
2846 0
2847 0
2848 0
2849 0
2850 0
2851 0
2852 0
2853 0
2854 0
2855 0
2856 0
2857 1
2858 0
2859 0
2860 0
2861 1
2862 1
2863 0
2864 1
2865 1
2866 0
2867 0
2868 0
2869 0
2870 0
2871 0
2872 0
2873 1
2874 0
2875 0
2876 0
2877 0
2878 0
2879 0
2880 0
2881 0
2882 0
2883 0
2884 0
2885 0
2886 0
2887 0
2888 0
2889 0
2890 0
2891 1
2892 0
2893 0
2894 0
2895 0
2896 0
2897 0
2898 0
2899 0
2900 0
2901 0
2902 0
2903 0
2904 0
2905 0
2906 0
2907 0
2908 1
2909 0
2910 0
2911 0
2912 0
2913 1
2914 0
2915 1
2916 1
2917 0
2918 0
2919 1
2920 0
2921 0
2922 0
2923 0
2924 0
2925 0
2926 0
2927 0
2928 0
2929 0
2930 0
2931 0
2932 0
2933 0
2934 0
2935 0
2936 0
2937 0
2938 0
2939 0
2940 0
2941 0
2942 0
2943 0
2944 0
2945 0
2946 0
2947 0
2948 0
2949 0
2950 0
2951 0
2952 0
2953 0
2954 0
2955 0
2956 0
2957 0
2958 0
2959 0
2960 0
2961 0
2962 0
2963 0
2964 1
2965 0
2966 0
2967 0
2968 0
2969 0
2970 0
2971 0
2972 0
2973 0
2974 0
2975 0
2976 1
2977 0
2978 0
2979 0
2980 0
2981 0
2982 0
2983 0
2984 0
2985 0
2986 1
2987 0
2988 0
2989 0
2990 0
2991 0
2992 1
2993 0
2994 0
2995 0
2996 0
2997 0
2998 0
2999 0
3000 0
3001 1
3002 0
3003 0
3004 0
3005 0
3006 0
3007 0
3008 0
3009 0
3010 0
3011 0
3012 0
3013 0
3014 0
3015 0
3016 0
3017 0
3018 0
3019 0
3020 0
3021 0
3022 0
3023 0
3024 0
3025 0
3026 0
3027 0
3028 0
3029 0
3030 0
3031 0
3032 0
3033 0
3034 0
3035 1
3036 0
3037 0
3038 0
3039 0
3040 0
3041 0
3042 0
3043 0
3044 0
3045 0
3046 0
3047 0
3048 0
3049 0
3050 0
3051 0
3052 0
3053 0
3054 0
3055 0
3056 0
3057 0
3058 0
3059 0
3060 0
3061 0
3062 0
3063 0
3064 0
3065 0
3066 0
3067 0
3068 0
3069 0
3070 0
3071 0
3072 0
3073 0
3074 1
3075 0
3076 0
3077 0
3078 0
3079 0
3080 0
3081 1
3082 0
3083 0
3084 0
3085 0
3086 0
3087 0
3088 0
3089 0
3090 0
3091 0
3092 1
3093 0
3094 0
3095 0
3096 0
3097 0
3098 0
3099 0
3100 0
3101 0
3102 0
3103 0
3104 0
3105 0
3106 0
3107 0
3108 0
3109 0
3110 0
3111 0
3112 0
3113 0
3114 0
3115 0
3116 0
3117 0
3118 0
3119 0
3120 0
3121 0
3122 0
3123 0
3124 0
3125 0
3126 1
3127 0
3128 0
3129 0
3130 0
3131 0
3132 0
3133 0
3134 0
3135 0
3136 0
3137 0
3138 0
3139 1
3140 0
3141 1
3142 0
3143 0
3144 0
3145 0
3146 0
3147 0
3148 0
3149 0
3150 0
3151 0
3152 1
3153 0
3154 0
3155 0
3156 0
3157 0
3158 0
3159 0
3160 0
3161 0
3162 0
3163 0
3164 0
3165 0
3166 0
3167 0
3168 0
3169 0
3170 0
3171 0
3172 0
3173 0
3174 0
3175 0
3176 0
3177 0
3178 0
3179 0
3180 0
3181 0
3182 0
3183 0
3184 0
3185 0
3186 0
3187 0
3188 0
3189 0
3190 0
3191 0
3192 0
3193 0
3194 0
3195 0
3196 0
3197 0
3198 0
3199 0
3200 0
3201 0
3202 0
3203 0
3204 0
3205 0
3206 0
3207 0
3208 0
3209 0
3210 0
3211 0
3212 0
3213 0
3214 0
3215 0
3216 0
3217 0
3218 0
3219 0
3220 0
3221 0
3222 0
3223 0
3224 0
3225 0
3226 0
3227 0
3228 0
3229 0
3230 0
3231 0
3232 0
3233 0
3234 0
3235 0
3236 0
3237 0
3238 0
3239 0
3240 0
3241 0
3242 0
3243 0
3244 0
3245 0
3246 0
3247 0
3248 0
3249 0
3250 0
3251 0
3252 0
3253 0
3254 0
3255 0
3256 0
3257 0
3258 0
3259 0
3260 0
3261 0
3262 0
3263 0
3264 0
3265 0
3266 1
3267 0
3268 0
3269 0
3270 0
3271 0
3272 0
3273 0
3274 0
3275 0
3276 0
3277 0
3278 0
3279 0
3280 1
3281 0
3282 0
3283 0
3284 0
3285 0
3286 0
3287 0
3288 0
3289 0
3290 0
3291 0
3292 0
3293 0
3294 0
3295 0
3296 0
3297 0
3298 0
3299 0
3300 0
3301 0
3302 0
3303 0
3304 0
3305 0
3306 0
3307 0
3308 0
3309 0
3310 0
3311 0
3312 0
3313 0
3314 0
3315 0
3316 0
3317 0
3318 0
3319 0
3320 0
3321 0
3322 0
3323 0
3324 0
3325 0
3326 0
3327 0
3328 0
3329 0
3330 0
3331 0
3332 0
3333 0
3334 0
3335 0
3336 0
3337 0
3338 0
3339 0
3340 0
3341 0
3342 0
3343 0
3344 0
3345 0
3346 0
3347 0
3348 0
3349 0
3350 0
3351 0
3352 0
3353 0
3354 0
3355 0
3356 0
3357 0
3358 0
3359 0
3360 0
3361 0
3362 0
3363 0
3364 0
3365 0
3366 0
3367 0
3368 0
3369 0
3370 0
3371 1
3372 0
3373 0
3374 1
3375 0
3376 0
3377 0
3378 0
3379 0
3380 0
3381 0
3382 0
3383 0
3384 0
3385 0
3386 0
3387 0
3388 0
3389 0
3390 0
3391 0
3392 0
3393 0
3394 0
3395 0
3396 0
3397 0
3398 0
3399 0
3400 0
3401 0
3402 0
3403 0
3404 0
3405 0
3406 0
3407 0
3408 0
3409 0
3410 0
3411 0
3412 0
3413 0
3414 0
3415 0
3416 0
3417 0
3418 0
3419 0
3420 0
3421 0
3422 0
3423 0
3424 0
3425 0
3426 0
3427 0
3428 0
3429 0
3430 0
3431 0
3432 0
3433 0
3434 0
3435 0
3436 0
3437 0
3438 0
3439 0
3440 0
3441 0
3442 0
3443 0
3444 0
3445 0
3446 0
3447 0
3448 0
3449 0
3450 0
3451 0
3452 0
3453 0
3454 0
3455 0
3456 0
3457 0
3458 0
3459 0
3460 0
3461 0
3462 0
3463 0
3464 0
3465 0
3466 0
3467 0
3468 0
3469 0
3470 0
3471 0
3472 0
3473 0
3474 0
3475 0
3476 0
3477 0
3478 0
3479 0
3480 0
3481 0
3482 0
3483 0
3484 0
3485 0
3486 0
3487 0
3488 0
3489 0
3490 0
3491 0
3492 0
3493 0
3494 0
3495 0
3496 0
3497 0
3498 0
3499 0
3500 0
3501 0
3502 0
3503 0
3504 0
3505 0
3506 0
3507 0
3508 0
3509 0
3510 0
3511 0
3512 0
3513 0
3514 0
3515 0
3516 0
3517 0
3518 0
3519 0
3520 0
3521 0
3522 0
3523 0
3524 0
3525 0
3526 0
3527 0
3528 0
3529 0
3530 0
3531 0
3532 0
3533 0
3534 0
3535 0
3536 0
3537 0
3538 0
3539 0
3540 0
3541 0
3542 0
3543 0
3544 0
3545 0
3546 0
3547 0
3548 1
3549 0
3550 0
3551 0
3552 0
3553 0
3554 0
3555 0
3556 0
3557 0
3558 0
3559 0
3560 0
3561 0
3562 0
3563 0
3564 0
3565 0
3566 0
3567 0
3568 0
3569 0
3570 0
3571 0
3572 0
3573 0
3574 0
3575 0
3576 0
3577 0
3578 0
3579 0
3580 0
3581 0
3582 0
3583 0
3584 0
3585 0
3586 0
3587 0
3588 0
3589 0
3590 0
3591 0
3592 0
3593 0
3594 0
3595 0
3596 0
3597 0
3598 0
3599 0
3600 0
3601 0
3602 0
3603 0
3604 0
3605 0
3606 0
3607 0
3608 0
3609 0
3610 0
3611 0
3612 0
3613 0
3614 0
3615 0
3616 0
3617 0
3618 0
3619 0
3620 0
3621 0
3622 0
3623 0
3624 0
3625 0
3626 0
3627 0
3628 0
3629 0
3630 0
3631 0
3632 0
3633 0
3634 0
3635 0
3636 0
3637 0
3638 0
3639 0
3640 0
3641 0
3642 0
3643 0
3644 0
3645 0
3646 0
3647 0
3648 0
3649 0
3650 0
3651 0
3652 0
3653 0
3654 0
3655 0
3656 0
3657 0
3658 0
3659 0
3660 0
3661 0
3662 0
3663 0
3664 0
3665 0
3666 0
3667 0
3668 0
3669 0
3670 0
3671 0
3672 0
3673 0
3674 0
3675 0
3676 0
3677 0
3678 0
3679 0
3680 0
3681 0
3682 0
3683 0
3684 0
3685 0
3686 0
3687 0
3688 0
3689 0
3690 0
3691 0
3692 0
3693 0
3694 0
3695 0
3696 0
3697 0
3698 0
3699 0
3700 0
3701 0
3702 0
3703 0
3704 0
3705 0
3706 0
3707 0
3708 0
3709 0
3710 0
3711 0
3712 0
3713 0
3714 0
3715 0
3716 0
3717 0
3718 0
3719 0
3720 0
3721 0
3722 0
3723 0
3724 0
3725 0
3726 0
3727 0
3728 0
3729 0
3730 0
3731 0
3732 0
3733 0
3734 0
3735 0
3736 0
3737 0
3738 0
3739 0
3740 0
3741 0
3742 0
3743 0
3744 0
3745 0
3746 0
3747 0
3748 0
3749 0
3750 0
3751 0
3752 0
3753 0
3754 0
3755 0
3756 0
3757 0
3758 0
3759 0
3760 0
3761 0
3762 0
3763 0
3764 0
3765 0
3766 0
3767 0
3768 0
3769 0
3770 0
3771 0
3772 0
3773 0
3774 0
3775 0
3776 0
3777 0
3778 0
3779 0
3780 0
3781 0
3782 0
3783 0
3784 0
3785 0
3786 0
3787 0
3788 0
3789 0
3790 0
3791 0
3792 0
3793 0
3794 0
3795 0
3796 0
3797 0
3798 0
3799 0
3800 0
3801 0
3802 0
3803 0
3804 0
3805 0
3806 0
3807 0
3808 0
3809 0
3810 0
3811 0
3812 0
3813 0
3814 0
3815 0
3816 0
3817 0
3818 0
3819 0
3820 0
3821 0
3822 0
3823 0
3824 0
3825 0
3826 0
3827 0
3828 0
3829 0
3830 0
3831 0
3832 0
3833 0
3834 0
3835 0
3836 0
3837 1
3838 0
3839 0
3840 0
3841 0
3842 0
3843 0
3844 0
3845 0
3846 0
3847 0
3848 0
3849 0
3850 0
3851 0
3852 0
3853 0
3854 0
3855 0
3856 0
3857 0
3858 0
3859 0
3860 0
3861 0
3862 0
3863 0
3864 0
3865 0
3866 0
3867 0
3868 0
3869 0
3870 0
3871 0
3872 0
3873 0
3874 0
3875 0
3876 1
3877 1
3878 0
3879 0
3880 0
3881 0
3882 0
3883 0
3884 0
3885 0
3886 0
3887 0
3888 0
3889 0
3890 0
3891 0
3892 0
3893 0
3894 0
3895 0
3896 0
3897 0
3898 0
3899 0
3900 0
3901 0
3902 0
3903 0
3904 0
3905 0
3906 0
3907 0
3908 0
3909 0
3910 0
3911 0
3912 0
3913 0
3914 0
3915 0
3916 0
3917 0
3918 0
3919 0
3920 0
3921 0
3922 0
3923 0
3924 0
3925 0
3926 0
3927 0
3928 0
3929 0
3930 0
3931 0
3932 0
3933 0
3934 0
3935 0
3936 0
3937 0
3938 0
3939 0
3940 0
3941 0
3942 0
3943 0
3944 0
3945 0
3946 0
3947 0
3948 0
3949 0
3950 0
3951 0
3952 0
3953 0
3954 0
3955 0
3956 0
3957 0
3958 0
3959 0
3960 0
3961 0
3962 0
3963 0
3964 0
3965 0
3966 0
3967 0
3968 0
3969 0
3970 0
3971 0
3972 0
3973 0
3974 0
3975 0
3976 0
3977 0
3978 0
3979 0
3980 0
3981 0
3982 0
3983 0
3984 0
3985 0
3986 0
3987 0
3988 0
3989 0
3990 0
3991 0
3992 0
3993 0
3994 0
3995 0
3996 0
3997 0
3998 0
3999 0
4000 0
