0 0
1 0
2 0
3 0
4 0
5 0
6 0
7 0
8 0
9 0
10 0
11 0
12 0
13 0
14 0
15 0
16 0
17 0
18 0
19 0
20 0
21 0
22 0
23 0
24 0
25 0
26 0
27 0
28 0
29 0
30 0
31 0
32 0
33 0
34 0
35 0
36 0
37 0
38 0
39 0
40 0
41 0
42 0
43 0
44 0
45 0
46 0
47 0
48 0
49 0
50 0
51 0
52 0
53 0
54 0
55 0
56 0
57 0
58 0
59 0
60 0
61 0
62 0
63 0
64 0
65 0
66 0
67 0
68 0
69 0
70 0
71 0
72 0
73 0
74 0
75 0
76 0
77 0
78 0
79 0
80 0
81 0
82 0
83 0
84 0
85 0
86 0
87 0
88 0
89 0
90 0
91 0
92 0
93 0
94 0
95 0
96 0
97 0
98 0
99 0
100 0
101 0
102 0
103 0
104 0
105 0
106 0
107 0
108 0
109 0
110 0
111 0
112 0
113 0
114 0
115 0
116 0
117 0
118 0
119 0
120 0
121 0
122 0
123 0
124 0
125 0
126 0
127 0
128 0
129 0
130 0
131 0
132 0
133 0
134 0
135 0
136 0
137 0
138 0
139 0
140 0
141 0
142 0
143 0
144 0
145 0
146 0
147 0
148 0
149 0
150 0
151 1
152 0
153 3
154 6
155 2
156 5
157 4
158 1
159 0
160 6
161 5
162 1
163 2
164 6
165 4
166 4
167 2
168 5
169 2
170 3
171 5
172 5
173 9
174 8
175 14
176 23
177 43
178 67
179 93
180 110
181 121
182 136
183 175
184 206
185 349
186 590
187 984
188 1535
189 1935
190 2423
191 2625
192 2813
193 2655
194 2512
195 2313
196 2175
197 1862
198 1728
199 1592
200 1388
201 1207
202 1068
203 991
204 912
205 791
206 762
207 745
208 693
209 650
210 618
211 617
212 608
213 569
214 586
215 609
216 576
217 587
218 545
219 564
220 571
221 589
222 584
223 585
224 620
225 623
226 619
227 637
228 638
229 624
230 621
231 642
232 611
233 645
234 642
235 648
236 646
237 676
238 669
239 706
240 695
241 695
242 710
243 654
244 679
245 667
246 712
247 717
248 741
249 725
250 718
251 756
252 683
253 715
254 749
255 728
256 689
257 746
258 764
259 768
260 718
261 779
262 749
263 761
264 747
265 799
266 745
267 785
268 761
269 805
270 782
271 811
272 807
273 815
274 835
275 834
276 852
277 837
278 783
279 833
280 897
281 816
282 807
283 821
284 832
285 850
286 863
287 916
288 892
289 898
290 942
291 881
292 886
293 937
294 865
295 884
296 899
297 877
298 880
299 935
300 915
301 963
302 960
303 946
304 967
305 930
306 920
307 973
308 952
309 940
310 976
311 974
312 968
313 915
314 1012
315 1021
316 982
317 987
318 1029
319 954
320 1033
321 1025
322 1036
323 997
324 1063
325 965
326 1011
327 1053
328 1045
329 996
330 1054
331 1104
332 1006
333 1048
334 1012
335 1037
336 1118
337 1086
338 1076
339 1110
340 1133
341 1093
342 1108
343 1104
344 1114
345 1115
346 1157
347 1141
348 1115
349 1158
350 1173
351 1171
352 1175
353 1090
354 1172
355 1189
356 1146
357 1193
358 1174
359 1116
360 1170
361 1206
362 1195
363 1159
364 1265
365 1165
366 1262
367 1175
368 1169
369 1270
370 1248
371 1246
372 1232
373 1261
374 1212
375 1203
376 1197
377 1232
378 1178
379 1283
380 1258
381 1207
382 1260
383 1263
384 1231
385 1276
386 1304
387 1244
388 1290
389 1245
390 1309
391 1271
392 1231
393 1305
394 1261
395 1367
396 1283
397 1344
398 1289
399 1253
400 1391
401 1284
402 1222
403 1316
404 1203
405 1325
406 1281
407 1315
408 1310
409 1358
410 1302
411 1369
412 1251
413 1308
414 1313
415 1282
416 1251
417 1275
418 1268
419 1345
420 1325
421 1266
422 1319
423 1312
424 1332
425 1297
426 1287
427 1284
428 1346
429 1250
430 1272
431 1291
432 1260
433 1277
434 1333
435 1305
436 1240
437 1250
438 1233
439 1300
440 1217
441 1282
442 1244
443 1220
444 1240
445 1324
446 1255
447 1320
448 1198
449 1249
450 1280
451 1219
452 1279
453 1218
454 1229
455 1245
456 1263
457 1169
458 1175
459 1246
460 1282
461 1182
462 1195
463 1236
464 1200
465 1145
466 1262
467 1188
468 1187
469 1137
470 1197
471 1259
472 1170
473 1137
474 1150
475 1126
476 1221
477 1114
478 1165
479 1139
480 1174
481 1155
482 1132
483 1102
484 1072
485 1115
486 1017
487 1046
488 1060
489 1073
490 1016
491 1061
492 1033
493 1042
494 1006
495 1032
496 1007
497 1021
498 1078
499 1024
500 1044
501 1025
502 999
503 950
504 966
505 955
506 982
507 937
508 1004
509 1013
510 1006
511 1007
512 899
513 897
514 922
515 915
516 917
517 952
518 939
519 866
520 847
521 895
522 849
523 894
524 861
525 824
526 857
527 852
528 818
529 891
530 839
531 790
532 858
533 853
534 798
535 815
536 771
537 799
538 777
539 831
540 778
541 725
542 813
543 708
544 758
545 755
546 765
547 790
548 719
549 787
550 732
551 693
552 683
553 688
554 659
555 664
556 692
557 749
558 721
559 655
560 673
561 669
562 691
563 642
564 653
565 635
566 598
567 607
568 573
569 651
570 628
571 584
572 577
573 629
574 606
575 592
576 582
577 573
578 567
579 520
580 579
581 584
582 537
583 537
584 577
585 520
586 520
587 521
588 526
589 516
590 531
591 503
592 519
593 521
594 494
595 519
596 494
597 534
598 481
599 505
600 474
601 472
602 449
603 526
604 450
605 477
606 438
607 452
608 416
609 445
610 450
611 402
612 437
613 413
614 421
615 400
616 407
617 444
618 422
619 402
620 389
621 340
622 389
623 367
624 361
625 381
626 370
627 369
628 398
629 381
630 396
631 359
632 351
633 361
634 359
635 347
636 333
637 370
638 326
639 322
640 353
641 331
642 337
643 343
644 330
645 305
646 371
647 318
648 317
649 300
650 311
651 302
652 297
653 316
654 293
655 323
656 289
657 311
658 292
659 316
660 287
661 290
662 272
663 298
664 272
665 313
666 296
667 304
668 283
669 259
670 276
671 290
672 244
673 275
674 263
675 278
676 239
677 255
678 244
679 236
680 246
681 257
682 233
683 262
684 252
685 249
686 263
687 213
688 220
689 271
690 214
691 257
692 246
693 229
694 240
695 199
696 235
697 236
698 238
699 224
700 220
701 229
702 175
703 211
704 230
705 281
706 194
707 237
708 225
709 256
710 250
711 211
712 218
713 229
714 190
715 235
716 220
717 200
718 204
719 203
720 197
721 214
722 193
723 221
724 192
725 184
726 183
727 214
728 180
729 208
730 206
731 193
732 200
733 197
734 190
735 174
736 200
737 206
738 214
739 211
740 208
741 191
742 209
743 194
744 207
745 195
746 195
747 178
748 199
749 182
750 160
751 197
752 192
753 187
754 192
755 162
756 187
757 172
758 175
759 160
760 176
761 168
762 185
763 164
764 169
765 173
766 179
767 170
768 190
769 162
770 184
771 191
772 160
773 162
774 173
775 170
776 174
777 186
778 175
779 181
780 183
781 169
782 181
783 190
784 174
785 160
786 167
787 168
788 172
789 154
790 152
791 155
792 153
793 175
794 154
795 143
796 168
797 178
798 172
799 150
800 180
801 169
802 154
803 174
804 172
805 152
806 159
807 179
808 174
809 166
810 146
811 179
812 165
813 159
814 168
815 171
816 178
817 171
818 145
819 154
820 174
821 154
822 157
823 174
824 167
825 139
826 167
827 150
828 163
829 143
830 159
831 145
832 173
833 156
834 164
835 157
836 192
837 171
838 162
839 162
840 141
841 190
842 160
843 167
844 167
845 161
846 155
847 170
848 147
849 159
850 156
851 159
852 194
853 153
854 152
855 134
856 154
857 151
858 171
859 146
860 151
861 170
862 164
863 161
864 158
865 149
866 135
867 156
868 155
869 138
870 148
871 154
872 135
873 143
874 153
875 146
876 167
877 131
878 129
879 119
880 145
881 156
882 128
883 150
884 138
885 152
886 133
887 150
888 140
889 159
890 145
891 160
892 137
893 149
894 151
895 149
896 137
897 169
898 141
899 163
900 140
901 157
902 136
903 141
904 173
905 142
906 148
907 139
908 164
909 141
910 128
911 161
912 159
913 152
914 127
915 160
916 137
917 149
918 134
919 133
920 120
921 143
922 141
923 157
924 138
925 121
926 144
927 126
928 123
929 124
930 126
931 113
932 120
933 130
934 143
935 143
936 129
937 128
938 132
939 155
940 113
941 140
942 131
943 125
944 135
945 126
946 113
947 127
948 124
949 127
950 129
951 139
952 120
953 120
954 137
955 117
956 134
957 133
958 137
959 136
960 121
961 145
962 127
963 126
964 123
965 136
966 130
967 111
968 129
969 144
970 134
971 112
972 134
973 120
974 133
975 130
976 123
977 98
978 111
979 115
980 117
981 122
982 127
983 130
984 128
985 149
986 109
987 119
988 128
989 110
990 118
991 132
992 139
993 111
994 134
995 108
996 111
997 106
998 136
999 118
1000 119
1001 124
1002 132
1003 99
1004 111
1005 117
1006 135
1007 132
1008 102
1009 113
1010 112
1011 109
1012 133
1013 119
1014 106
1015 105
1016 110
1017 114
1018 130
1019 95
1020 103
1021 125
1022 120
1023 98
1024 110
1025 106
1026 101
1027 114
1028 109
1029 93
1030 93
1031 98
1032 89
1033 98
1034 124
1035 105
1036 93
1037 97
1038 94
1039 106
1040 99
1041 101
1042 108
1043 88
1044 106
1045 104
1046 109
1047 96
1048 102
1049 89
1050 84
1051 97
1052 102
1053 90
1054 126
1055 93
1056 101
1057 100
1058 91
1059 98
1060 90
1061 82
1062 100
1063 86
1064 103
1065 104
1066 100
1067 96
1068 83
1069 73
1070 97
1071 101
1072 87
1073 99
1074 77
1075 115
1076 86
1077 87
1078 85
1079 82
1080 91
1081 74
1082 89
1083 83
1084 113
1085 85
1086 84
1087 87
1088 84
1089 91
1090 78
1091 76
1092 81
1093 81
1094 87
1095 84
1096 77
1097 82
1098 88
1099 83
1100 80
1101 91
1102 85
1103 74
1104 76
1105 86
1106 82
1107 71
1108 102
1109 89
1110 82
1111 81
1112 83
1113 82
1114 65
1115 82
1116 79
1117 72
1118 68
1119 91
1120 68
1121 72
1122 81
1123 81
1124 64
1125 67
1126 88
1127 75
1128 77
1129 80
1130 57
1131 70
1132 82
1133 64
1134 57
1135 73
1136 76
1137 58
1138 76
1139 79
1140 68
1141 75
1142 69
1143 50
1144 72
1145 91
1146 78
1147 62
1148 66
1149 66
1150 66
1151 62
1152 70
1153 70
1154 52
1155 56
1156 55
1157 57
1158 77
1159 66
1160 69
1161 61
1162 65
1163 51
1164 67
1165 51
1166 61
1167 55
1168 68
1169 53
1170 71
1171 57
1172 68
1173 65
1174 65
1175 61
1176 67
1177 67
1178 53
1179 53
1180 58
1181 69
1182 46
1183 48
1184 55
1185 70
1186 52
1187 52
1188 42
1189 54
1190 52
1191 45
1192 51
1193 59
1194 58
1195 48
1196 44
1197 43
1198 48
1199 66
1200 36
1201 48
1202 57
1203 39
1204 50
1205 55
1206 45
1207 49
1208 53
1209 47
1210 40
1211 49
1212 53
1213 50
1214 41
1215 43
1216 56
1217 44
1218 42
1219 41
1220 40
1221 52
1222 43
1223 51
1224 33
1225 36
1226 44
1227 46
1228 51
1229 37
1230 38
1231 51
1232 45
1233 43
1234 41
1235 46
1236 39
1237 36
1238 47
1239 29
1240 39
1241 37
1242 41
1243 49
1244 37
1245 41
1246 41
1247 35
1248 45
1249 35
1250 36
1251 39
1252 39
1253 33
1254 41
1255 27
1256 46
1257 27
1258 34
1259 36
1260 31
1261 40
1262 32
1263 32
1264 41
1265 30
1266 44
1267 39
1268 28
1269 33
1270 33
1271 30
1272 34
1273 35
1274 39
1275 36
1276 34
1277 25
1278 28
1279 28
1280 30
1281 33
1282 42
1283 34
1284 31
1285 42
1286 23
1287 31
1288 25
1289 34
1290 33
1291 22
1292 22
1293 36
1294 27
1295 36
1296 30
1297 32
1298 33
1299 27
1300 32
1301 34
1302 42
1303 30
1304 28
1305 29
1306 26
1307 30
1308 30
1309 31
1310 31
1311 30
1312 30
1313 26
1314 35
1315 23
1316 31
1317 30
1318 24
1319 25
1320 25
1321 22
1322 26
1323 32
1324 22
1325 23
1326 27
1327 34
1328 22
1329 32
1330 28
1331 34
1332 26
1333 27
1334 24
1335 22
1336 21
1337 23
1338 28
1339 23
1340 23
1341 21
1342 28
1343 24
1344 17
1345 22
1346 19
1347 23
1348 27
1349 30
1350 18
1351 27
1352 22
1353 24
1354 23
1355 20
1356 23
1357 21
1358 18
1359 15
1360 13
1361 17
1362 22
1363 21
1364 21
1365 15
1366 21
1367 21
1368 21
1369 29
1370 20
1371 13
1372 18
1373 14
1374 15
1375 22
1376 20
1377 15
1378 27
1379 16
1380 18
1381 18
1382 12
1383 24
1384 18
1385 13
1386 24
1387 21
1388 15
1389 19
1390 20
1391 16
1392 15
1393 26
1394 16
1395 24
1396 11
1397 13
1398 23
1399 15
1400 23
1401 19
1402 18
1403 23
1404 22
1405 16
1406 17
1407 18
1408 13
1409 13
1410 19
1411 13
1412 25
1413 14
1414 14
1415 15
1416 16
1417 13
1418 11
1419 17
1420 20
1421 10
1422 21
1423 14
1424 17
1425 18
1426 12
1427 11
1428 9
1429 15
1430 12
1431 11
1432 17
1433 15
1434 18
1435 14
1436 15
1437 18
1438 9
1439 14
1440 9
1441 11
1442 10
1443 11
1444 10
1445 13
1446 9
1447 12
1448 10
1449 13
1450 11
1451 13
1452 12
1453 10
1454 10
1455 11
1456 8
1457 12
1458 10
1459 13
1460 11
1461 20
1462 11
1463 11
1464 14
1465 11
1466 8
1467 10
1468 13
1469 11
1470 6
1471 17
1472 12
1473 17
1474 8
1475 10
1476 9
1477 10
1478 12
1479 13
1480 9
1481 6
1482 10
1483 15
1484 12
1485 11
1486 11
1487 12
1488 16
1489 13
1490 9
1491 8
1492 10
1493 7
1494 4
1495 9
1496 7
1497 10
1498 12
1499 8
1500 10
1501 8
1502 8
1503 5
1504 12
1505 16
1506 8
1507 8
1508 9
1509 9
1510 7
1511 11
1512 8
1513 5
1514 14
1515 5
1516 9
1517 4
1518 8
1519 6
1520 8
1521 2
1522 8
1523 6
1524 11
1525 6
1526 8
1527 7
1528 7
1529 10
1530 10
1531 5
1532 1
1533 6
1534 7
1535 5
1536 12
1537 10
1538 10
1539 6
1540 6
1541 3
1542 5
1543 9
1544 7
1545 6
1546 10
1547 5
1548 3
1549 5
1550 6
1551 8
1552 6
1553 6
1554 3
1555 4
1556 6
1557 5
1558 4
1559 13
1560 5
1561 7
1562 8
1563 5
1564 8
1565 4
1566 2
1567 5
1568 6
1569 10
1570 8
1571 9
1572 6
1573 8
1574 4
1575 8
1576 5
1577 3
1578 4
1579 7
1580 4
1581 13
1582 3
1583 3
1584 6
1585 7
1586 4
1587 2
1588 2
1589 4
1590 5
1591 6
1592 4
1593 3
1594 5
1595 6
1596 4
1597 6
1598 3
1599 3
1600 5
1601 5
1602 4
1603 6
1604 6
1605 4
1606 6
1607 8
1608 4
1609 3
1610 8
1611 4
1612 10
1613 5
1614 3
1615 5
1616 6
1617 4
1618 6
1619 3
1620 5
1621 2
1622 4
1623 0
1624 2
1625 3
1626 1
1627 5
1628 4
1629 7
1630 4
1631 3
1632 2
1633 2
1634 2
1635 3
1636 2
1637 6
1638 5
1639 4
1640 2
1641 5
1642 6
1643 4
1644 3
1645 2
1646 6
1647 4
1648 4
1649 4
1650 5
1651 2
1652 2
1653 5
1654 2
1655 3
1656 2
1657 3
1658 2
1659 1
1660 2
1661 1
1662 6
1663 3
1664 1
1665 5
1666 3
1667 4
1668 7
1669 4
1670 5
1671 6
1672 3
1673 1
1674 2
1675 4
1676 2
1677 3
1678 3
1679 1
1680 2
1681 5
1682 2
1683 2
1684 0
1685 6
1686 1
1687 1
1688 4
1689 1
1690 0
1691 3
1692 3
1693 4
1694 4
1695 2
1696 1
1697 5
1698 2
1699 3
1700 3
1701 1
1702 2
1703 1
1704 3
1705 1
1706 3
1707 2
1708 1
1709 3
1710 5
1711 1
1712 0
1713 2
1714 0
1715 4
1716 2
1717 1
1718 1
1719 1
1720 2
1721 1
1722 1
1723 1
1724 3
1725 1
1726 0
1727 1
1728 3
1729 2
1730 0
1731 4
1732 1
1733 3
1734 0
1735 1
1736 4
1737 2
1738 2
1739 2
1740 2
1741 3
1742 1
1743 2
1744 1
1745 2
1746 2
1747 1
1748 1
1749 2
1750 2
1751 2
1752 1
1753 4
1754 0
1755 0
1756 2
1757 2
1758 3
1759 3
1760 0
1761 1
1762 1
1763 2
1764 0
1765 2
1766 1
1767 1
1768 0
1769 1
1770 0
1771 0
1772 0
1773 1
1774 1
1775 2
1776 1
1777 1
1778 0
1779 2
1780 0
1781 2
1782 3
1783 2
1784 2
1785 2
1786 1
1787 0
1788 2
1789 3
1790 1
1791 1
1792 1
1793 4
1794 5
1795 0
1796 1
1797 3
1798 1
1799 2
1800 1
1801 2
1802 2
1803 0
1804 1
1805 1
1806 3
1807 0
1808 2
1809 4
1810 0
1811 0
1812 0
1813 3
1814 0
1815 1
1816 1
1817 1
1818 1
1819 0
1820 1
1821 1
1822 2
1823 1
1824 1
1825 1
1826 3
1827 0
1828 1
1829 1
1830 2
1831 2
1832 3
1833 0
1834 1
1835 1
1836 1
1837 1
1838 1
1839 0
1840 0
1841 0
1842 1
1843 2
1844 0
1845 0
1846 2
1847 2
1848 0
1849 1
1850 1
1851 1
1852 1
1853 1
1854 1
1855 0
1856 1
1857 0
1858 1
1859 1
1860 0
1861 0
1862 1
1863 2
1864 1
1865 2
1866 1
1867 1
1868 0
1869 2
1870 1
1871 1
1872 0
1873 2
1874 0
1875 0
1876 0
1877 0
1878 0
1879 1
1880 0
1881 0
1882 0
1883 3
1884 2
1885 2
1886 0
1887 1
1888 0
1889 1
1890 3
1891 3
1892 2
1893 1
1894 0
1895 0
1896 0
1897 2
1898 3
1899 1
1900 0
1901 0
1902 2
1903 0
1904 2
1905 0
1906 3
1907 0
1908 1
1909 1
1910 1
1911 0
1912 0
1913 1
1914 3
1915 0
1916 1
1917 1
1918 1
1919 0
1920 1
1921 1
1922 1
1923 1
1924 1
1925 0
1926 2
1927 0
1928 0
1929 0
1930 1
1931 0
1932 0
1933 0
1934 0
1935 0
1936 2
1937 1
1938 2
1939 0
1940 0
1941 0
1942 0
1943 0
1944 0
1945 2
1946 1
1947 1
1948 1
1949 0
1950 0
1951 1
1952 0
1953 0
1954 0
1955 0
1956 0
1957 1
1958 1
1959 1
1960 0
1961 0
1962 2
1963 0
1964 1
1965 0
1966 0
1967 0
1968 0
1969 0
1970 1
1971 4
1972 0
1973 2
1974 0
1975 0
1976 0
1977 0
1978 0
1979 1
1980 0
1981 0
1982 0
1983 0
1984 0
1985 0
1986 1
1987 0
1988 1
1989 0
1990 3
1991 0
1992 0
1993 0
1994 0
1995 1
1996 1
1997 0
1998 0
1999 0
2000 1
2001 0
2002 0
2003 0
2004 3
2005 0
2006 1
2007 0
2008 0
2009 0
2010 0
2011 0
2012 0
2013 1
2014 0
2015 0
2016 0
2017 0
2018 1
2019 0
2020 0
2021 0
2022 0
2023 0
2024 1
2025 0
2026 1
2027 0
2028 0
2029 1
2030 1
2031 0
2032 0
2033 0
2034 1
2035 0
2036 1
2037 2
2038 0
2039 0
2040 0
2041 1
2042 0
2043 0
2044 0
2045 0
2046 0
2047 0
2048 0
2049 1
2050 0
2051 0
2052 0
2053 2
2054 0
2055 0
2056 1
2057 0
2058 0
2059 0
2060 1
2061 0
2062 0
2063 0
2064 0
2065 1
2066 0
2067 0
2068 0
2069 0
2070 0
2071 1
2072 0
2073 1
2074 1
2075 0
2076 0
2077 0
2078 0
2079 0
2080 0
2081 1
2082 0
2083 0
2084 0
2085 0
2086 1
2087 1
2088 0
2089 0
2090 0
2091 0
2092 0
2093 0
2094 0
2095 1
2096 0
2097 0
2098 0
2099 0
2100 0
2101 0
2102 2
2103 0
2104 0
2105 0
2106 1
2107 0
2108 0
2109 0
2110 0
2111 0
2112 0
2113 0
2114 1
2115 0
2116 0
2117 0
2118 0
2119 0
2120 0
2121 0
2122 0
2123 1
2124 0
2125 0
2126 0
2127 0
2128 0
2129 0
2130 0
2131 0
2132 0
2133 0
2134 1
2135 0
2136 0
2137 0
2138 0
2139 0
2140 0
2141 0
2142 2
2143 0
2144 0
2145 0
2146 0
2147 0
2148 0
2149 0
2150 0
2151 0
2152 0
2153 1
2154 0
2155 0
2156 0
2157 0
2158 0
2159 0
2160 0
2161 0
2162 0
2163 0
2164 0
2165 1
2166 0
2167 0
2168 0
2169 0
2170 0
2171 0
2172 0
2173 0
2174 0
2175 1
2176 1
2177 0
2178 0
2179 0
2180 0
2181 0
2182 1
2183 0
2184 0
2185 0
2186 0
2187 0
2188 1
2189 1
2190 0
2191 0
2192 0
2193 0
2194 0
2195 0
2196 0
2197 0
2198 0
2199 0
2200 0
2201 0
2202 0
2203 0
2204 0
2205 0
2206 0
2207 0
2208 1
2209 0
2210 1
2211 0
2212 0
2213 0
2214 1
2215 0
2216 0
2217 0
2218 1
2219 0
2220 0
2221 0
2222 1
2223 0
2224 0
2225 0
2226 0
2227 0
2228 0
2229 0
2230 0
2231 0
2232 0
2233 0
2234 0
2235 1
2236 0
2237 0
2238 0
2239 0
2240 0
2241 0
2242 0
2243 0
2244 1
2245 0
2246 1
2247 0
2248 0
2249 0
2250 0
2251 0
2252 0
2253 0
2254 0
2255 0
2256 0
2257 0
2258 0
2259 1
2260 0
2261 0
2262 0
2263 1
2264 0
2265 1
2266 0
2267 0
2268 0
2269 0
2270 0
2271 0
2272 0
2273 0
2274 0
2275 1
2276 0
2277 0
2278 0
2279 0
2280 0
2281 0
2282 0
2283 0
2284 0
2285 0
2286 0
2287 0
2288 0
2289 0
2290 0
2291 0
2292 0
2293 1
2294 1
2295 0
2296 0
2297 0
2298 0
2299 0
2300 0
2301 0
2302 0
2303 0
2304 0
2305 0
2306 0
2307 0
2308 0
2309 0
2310 0
2311 0
2312 0
2313 1
2314 0
2315 0
2316 0
2317 0
2318 0
2319 0
2320 0
2321 0
2322 0
2323 0
2324 0
2325 0
2326 0
2327 1
2328 0
2329 0
2330 0
2331 0
2332 0
2333 0
2334 0
2335 0
2336 0
2337 0
2338 0
2339 0
2340 0
2341 0
2342 0
2343 0
2344 1
2345 0
2346 0
2347 0
2348 0
2349 0
2350 0
2351 0
2352 0
2353 0
2354 0
2355 0
2356 0
2357 0
2358 0
2359 0
2360 0
2361 0
2362 0
2363 0
2364 0
2365 0
2366 0
2367 0
2368 0
2369 0
2370 0
2371 0
2372 0
2373 0
2374 0
2375 0
2376 0
2377 0
2378 0
2379 0
2380 0
2381 0
2382 0
2383 0
2384 0
2385 0
2386 0
2387 1
2388 0
2389 0
2390 0
2391 0
2392 0
2393 0
2394 0
2395 0
2396 0
2397 0
2398 0
2399 0
2400 0
2401 1
2402 0
2403 0
2404 0
2405 0
2406 0
2407 0
2408 0
2409 1
2410 0
2411 0
2412 0
2413 0
2414 0
2415 0
2416 0
2417 0
2418 0
2419 0
2420 0
2421 0
2422 0
2423 0
2424 0
2425 0
2426 0
2427 0
2428 0
2429 0
2430 0
2431 0
2432 0
2433 0
2434 0
2435 0
2436 0
2437 0
2438 0
2439 0
2440 0
2441 0
2442 0
2443 0
2444 0
2445 0
2446 0
2447 0
2448 0
2449 0
2450 0
2451 0
2452 0
2453 0
2454 0
2455 0
2456 0
2457 0
2458 0
2459 0
2460 1
2461 0
2462 0
2463 0
2464 0
2465 0
2466 0
2467 0
2468 0
2469 0
2470 0
2471 1
2472 0
2473 0
2474 0
2475 0
2476 0
2477 0
2478 0
2479 0
2480 0
2481 0
2482 0
2483 0
2484 0
2485 0
2486 0
2487 0
2488 0
2489 0
2490 0
2491 1
2492 0
2493 0
2494 0
2495 0
2496 0
2497 0
2498 1
2499 0
2500 0
2501 0
2502 0
2503 0
2504 0
2505 0
2506 0
2507 0
2508 0
2509 0
2510 0
2511 0
2512 0
2513 0
2514 0
2515 0
2516 0
2517 0
2518 0
2519 0
2520 0
2521 0
2522 0
2523 0
2524 0
2525 0
2526 0
2527 0
2528 0
2529 0
2530 1
2531 0
2532 0
2533 0
2534 0
2535 0
2536 0
2537 0
2538 0
2539 0
2540 0
2541 0
2542 0
2543 0
2544 0
2545 0
2546 1
2547 0
2548 0
2549 0
2550 0
2551 0
2552 0
2553 0
2554 0
2555 0
2556 0
2557 0
2558 0
2559 0
2560 0
2561 0
2562 0
2563 0
2564 0
2565 0
2566 0
2567 0
2568 0
2569 0
2570 0
2571 0
2572 0
2573 0
2574 0
2575 0
2576 0
2577 0
2578 0
2579 0
2580 0
2581 0
2582 0
2583 0
2584 0
2585 0
2586 0
2587 0
2588 0
2589 0
2590 0
2591 0
2592 0
2593 0
2594 0
2595 0
2596 0
2597 0
2598 0
2599 0
2600 0
2601 0
2602 0
2603 1
2604 0
2605 0
2606 0
2607 0
2608 0
2609 0
2610 0
2611 0
2612 0
2613 0
2614 0
2615 1
2616 0
2617 0
2618 0
2619 0
2620 0
2621 0
2622 0
2623 0
2624 0
2625 0
2626 0
2627 0
2628 0
2629 0
2630 0
2631 0
2632 0
2633 0
2634 0
2635 0
2636 0
2637 0
2638 0
2639 0
2640 0
2641 0
2642 0
2643 0
2644 0
2645 0
2646 0
2647 0
2648 0
2649 0
2650 0
2651 0
2652 0
2653 0
2654 0
2655 0
2656 0
2657 0
2658 0
2659 0
2660 0
2661 0
2662 0
2663 0
2664 0
2665 0
2666 0
2667 0
2668 0
2669 0
2670 0
2671 0
2672 0
2673 0
2674 0
2675 0
2676 0
2677 0
2678 0
2679 0
2680 0
2681 0
2682 0
2683 0
2684 0
2685 0
2686 0
2687 0
2688 0
2689 0
2690 0
2691 0
2692 0
2693 0
2694 0
2695 0
2696 0
2697 0
2698 0
2699 0
2700 0
2701 0
2702 0
2703 0
2704 0
2705 0
2706 0
2707 0
2708 0
2709 1
2710 0
2711 0
2712 0
2713 0
2714 0
2715 0
2716 0
2717 0
2718 0
2719 0
2720 0
2721 0
2722 0
2723 0
2724 0
2725 0
2726 1
2727 0
2728 0
2729 0
2730 0
2731 0
2732 0
2733 0
2734 0
2735 0
2736 0
2737 0
2738 0
2739 0
2740 0
2741 0
2742 0
2743 0
2744 0
2745 0
2746 0
2747 0
2748 0
2749 0
2750 0
2751 0
2752 0
2753 0
2754 0
2755 0
2756 0
2757 0
2758 0
2759 0
2760 0
2761 0
2762 0
2763 0
2764 0
2765 0
2766 0
2767 0
2768 0
2769 0
2770 0
2771 0
2772 0
2773 0
2774 0
2775 0
2776 0
2777 0
2778 0
2779 0
2780 0
2781 0
2782 0
2783 0
2784 0
2785 0
2786 0
2787 0
2788 0
2789 0
2790 0
2791 0
2792 0
2793 0
2794 0
2795 0
2796 0
2797 0
2798 0
2799 0
2800 0
2801 0
2802 0
2803 0
2804 0
2805 0
2806 0
2807 0
2808 0
2809 0
2810 0
2811 0
2812 0
2813 0
2814 0
2815 0
2816 0
2817 0
2818 0
2819 0
2820 0
2821 0
2822 0
2823 0
2824 0
2825 0
2826 0
2827 0
2828 0
2829 0
2830 0
2831 0
2832 0
2833 0
2834 0
2835 0
2836 0
2837 0
2838 0
2839 0
2840 0
2841 0
2842 0
2843 0
2844 0
2845 0
2846 0
2847 0
2848 0
2849 0
2850 0
2851 0
2852 0
2853 0
2854 0
2855 0
2856 0
2857 0
2858 0
2859 0
2860 0
2861 0
2862 0
2863 0
2864 0
2865 0
2866 1
2867 0
2868 1
2869 0
2870 0
2871 0
2872 0
2873 0
2874 0
2875 0
2876 0
2877 0
2878 0
2879 0
2880 0
2881 0
2882 0
2883 0
2884 0
2885 0
2886 0
2887 0
2888 0
2889 0
2890 0
2891 0
2892 0
2893 0
2894 0
2895 0
2896 0
2897 0
2898 0
2899 0
2900 0
2901 0
2902 0
2903 0
2904 0
2905 1
2906 0
2907 0
2908 0
2909 0
2910 0
2911 0
2912 0
2913 0
2914 0
2915 0
2916 0
2917 0
2918 0
2919 0
2920 0
2921 0
2922 0
2923 0
2924 0
2925 0
2926 0
2927 0
2928 0
2929 0
2930 0
2931 0
2932 0
2933 0
2934 1
2935 0
2936 0
2937 0
2938 0
2939 0
2940 0
2941 0
2942 0
2943 0
2944 1
2945 0
2946 0
2947 0
2948 0
2949 0
2950 0
2951 0
2952 0
2953 0
2954 0
2955 0
2956 0
2957 0
2958 0
2959 0
2960 0
2961 0
2962 0
2963 0
2964 0
2965 0
2966 0
2967 0
2968 0
2969 0
2970 0
2971 0
2972 0
2973 0
2974 0
2975 0
2976 0
2977 0
2978 0
2979 0
2980 0
2981 0
2982 0
2983 0
2984 0
2985 0
2986 0
2987 0
2988 0
2989 0
2990 0
2991 0
2992 0
2993 0
2994 0
2995 0
2996 0
2997 0
2998 0
2999 0
3000 0
3001 0
3002 0
3003 0
3004 0
3005 0
3006 0
3007 0
3008 0
3009 0
3010 0
3011 0
3012 1
3013 0
3014 0
3015 0
3016 0
3017 0
3018 0
3019 0
3020 0
3021 0
3022 0
3023 0
3024 0
3025 0
3026 0
3027 0
3028 0
3029 0
3030 0
3031 0
3032 0
3033 0
3034 0
3035 0
3036 0
3037 0
3038 0
3039 0
3040 0
3041 0
3042 0
3043 1
3044 0
3045 0
3046 0
3047 0
3048 0
3049 0
3050 0
3051 0
3052 0
3053 0
3054 0
3055 0
3056 0
3057 0
3058 0
3059 0
3060 0
3061 1
3062 0
3063 0
3064 0
3065 0
3066 0
3067 0
3068 0
3069 0
3070 0
3071 0
3072 0
3073 0
3074 0
3075 0
3076 0
3077 0
3078 0
3079 0
3080 0
3081 0
3082 0
3083 0
3084 0
3085 0
3086 0
3087 0
3088 0
3089 0
3090 0
3091 0
3092 0
3093 0
3094 0
3095 0
3096 0
3097 0
3098 0
3099 0
3100 0
3101 0
3102 0
3103 0
3104 0
3105 0
3106 0
3107 0
3108 0
3109 0
3110 0
3111 0
3112 0
3113 0
3114 0
3115 0
3116 0
3117 0
3118 0
3119 0
3120 0
3121 0
3122 0
3123 0
3124 0
3125 0
3126 0
3127 0
3128 0
3129 1
3130 0
3131 0
3132 0
3133 0
3134 0
3135 0
3136 0
3137 0
3138 0
3139 0
3140 0
3141 0
3142 0
3143 0
3144 0
3145 0
3146 0
3147 0
3148 0
3149 1
3150 0
3151 0
3152 0
3153 0
3154 0
3155 0
3156 0
3157 0
3158 0
3159 0
3160 0
3161 0
3162 0
3163 0
3164 0
3165 0
3166 0
3167 0
3168 0
3169 0
3170 0
3171 0
3172 0
3173 1
3174 0
3175 0
3176 0
3177 0
3178 0
3179 0
3180 0
3181 0
3182 0
3183 0
3184 0
3185 0
3186 0
3187 0
3188 0
3189 0
3190 0
3191 0
3192 0
3193 0
3194 0
3195 0
3196 0
3197 0
3198 0
3199 0
3200 0
3201 0
3202 0
3203 0
3204 0
3205 0
3206 0
3207 0
3208 0
3209 0
3210 0
3211 0
3212 0
3213 0
3214 0
3215 0
3216 0
3217 0
3218 0
3219 0
3220 0
3221 0
3222 0
3223 0
3224 0
3225 0
3226 0
3227 0
3228 0
3229 0
3230 0
3231 0
3232 0
3233 0
3234 0
3235 0
3236 0
3237 0
3238 0
3239 0
3240 0
3241 0
3242 0
3243 0
3244 0
3245 0
3246 0
3247 0
3248 0
3249 0
3250 0
3251 0
3252 0
3253 0
3254 0
3255 0
3256 0
3257 0
3258 0
3259 0
3260 0
3261 0
3262 0
3263 0
3264 0
3265 0
3266 0
3267 0
3268 0
3269 0
3270 0
3271 0
3272 0
3273 0
3274 1
3275 0
3276 0
3277 0
3278 0
3279 0
3280 0
3281 0
3282 0
3283 0
3284 0
3285 0
3286 0
3287 0
3288 0
3289 0
3290 0
3291 0
3292 0
3293 0
3294 0
3295 0
3296 0
3297 0
3298 0
3299 0
3300 0
3301 0
3302 0
3303 0
3304 0
3305 0
3306 0
3307 0
3308 0
3309 0
3310 0
3311 0
3312 0
3313 0
3314 0
3315 0
3316 0
3317 0
3318 0
3319 0
3320 0
3321 0
3322 0
3323 0
3324 0
3325 0
3326 0
3327 0
3328 0
3329 0
3330 0
3331 0
3332 1
3333 0
3334 0
3335 0
3336 0
3337 0
3338 0
3339 0
3340 0
3341 0
3342 0
3343 0
3344 0
3345 0
3346 0
3347 0
3348 0
3349 0
3350 0
3351 0
3352 1
3353 0
3354 0
3355 0
3356 0
3357 0
3358 0
3359 0
3360 0
3361 0
3362 0
3363 0
3364 0
3365 0
3366 0
3367 0
3368 0
3369 0
3370 0
3371 0
3372 0
3373 0
3374 0
3375 0
3376 0
3377 0
3378 0
3379 0
3380 0
3381 0
3382 0
3383 0
3384 0
3385 0
3386 0
3387 0
3388 0
3389 0
3390 0
3391 0
3392 0
3393 0
3394 0
3395 0
3396 0
3397 0
3398 0
3399 0
3400 0
3401 0
3402 1
3403 0
3404 0
3405 0
3406 0
3407 0
3408 0
3409 0
3410 0
3411 0
3412 0
3413 0
3414 0
3415 0
3416 0
3417 0
3418 0
3419 0
3420 0
3421 0
3422 0
3423 0
3424 0
3425 0
3426 0
3427 0
3428 0
3429 0
3430 0
3431 0
3432 0
3433 0
3434 0
3435 0
3436 0
3437 0
3438 0
3439 0
3440 0
3441 0
3442 0
3443 0
3444 0
3445 0
3446 0
3447 0
3448 0
3449 0
3450 0
3451 0
3452 0
3453 0
3454 0
3455 0
3456 0
3457 0
3458 0
3459 0
3460 0
3461 0
3462 0
3463 0
3464 0
3465 0
3466 0
3467 0
3468 0
3469 0
3470 0
3471 0
3472 0
3473 0
3474 0
3475 0
3476 0
3477 0
3478 0
3479 0
3480 0
3481 0
3482 0
3483 0
3484 0
3485 0
3486 0
3487 0
3488 0
3489 0
3490 0
3491 0
3492 0
3493 0
3494 0
3495 0
3496 0
3497 0
3498 0
3499 0
3500 0
3501 0
3502 0
3503 0
3504 0
3505 0
3506 0
3507 0
3508 0
3509 0
3510 0
3511 0
3512 0
3513 0
3514 0
3515 0
3516 0
3517 0
3518 0
3519 0
3520 0
3521 0
3522 0
3523 0
3524 0
3525 0
3526 0
3527 0
3528 0
3529 0
3530 0
3531 0
3532 0
3533 0
3534 0
3535 0
3536 0
3537 0
3538 0
3539 0
3540 0
3541 0
3542 0
3543 0
3544 0
3545 0
3546 0
3547 0
3548 0
3549 0
3550 0
3551 0
3552 0
3553 0
3554 0
3555 0
3556 0
3557 0
3558 0
3559 0
3560 0
3561 0
3562 0
3563 0
3564 0
3565 0
3566 0
3567 0
3568 0
3569 0
3570 0
3571 0
3572 0
3573 0
3574 0
3575 0
3576 0
3577 0
3578 0
3579 0
3580 0
3581 0
3582 0
3583 0
3584 0
3585 0
3586 0
3587 0
3588 0
3589 0
3590 0
3591 0
3592 0
3593 0
3594 0
3595 0
3596 0
3597 0
3598 0
3599 0
3600 0
3601 0
3602 0
3603 0
3604 0
3605 0
3606 0
3607 0
3608 0
3609 0
3610 0
3611 0
3612 0
3613 0
3614 0
3615 0
3616 0
3617 0
3618 0
3619 0
3620 0
3621 0
3622 0
3623 0
3624 0
3625 0
3626 0
3627 0
3628 0
3629 0
3630 0
3631 0
3632 0
3633 0
3634 0
3635 0
3636 0
3637 0
3638 0
3639 0
3640 0
3641 0
3642 0
3643 0
3644 0
3645 0
3646 0
3647 0
3648 0
3649 0
3650 0
3651 1
3652 0
3653 0
3654 0
3655 0
3656 0
3657 0
3658 0
3659 0
3660 0
3661 0
3662 0
3663 0
3664 0
3665 0
3666 0
3667 0
3668 0
3669 0
3670 0
3671 0
3672 0
3673 0
3674 0
3675 0
3676 1
3677 0
3678 0
3679 0
3680 0
3681 0
3682 0
3683 0
3684 0
3685 0
3686 0
3687 0
3688 0
3689 0
3690 0
3691 0
3692 0
3693 0
3694 0
3695 0
3696 0
3697 0
3698 0
3699 0
3700 0
3701 0
3702 0
3703 0
3704 1
3705 0
3706 0
3707 0
3708 0
3709 0
3710 0
3711 0
3712 0
3713 0
3714 0
3715 0
3716 0
3717 0
3718 0
3719 0
3720 0
3721 0
3722 0
3723 0
3724 0
3725 0
3726 0
3727 1
3728 0
3729 0
3730 0
3731 0
3732 0
3733 0
3734 0
3735 0
3736 0
3737 0
3738 0
3739 0
3740 0
3741 0
3742 0
3743 0
3744 0
3745 0
3746 0
3747 0
3748 0
3749 0
3750 0
3751 0
3752 0
3753 0
3754 0
3755 0
3756 0
3757 0
3758 0
3759 0
3760 0
3761 0
3762 0
3763 0
3764 0
3765 0
3766 0
3767 0
3768 0
3769 0
3770 0
3771 0
3772 0
3773 0
3774 0
3775 0
3776 0
3777 0
3778 0
3779 0
3780 0
3781 0
3782 0
3783 0
3784 0
3785 0
3786 0
3787 0
3788 0
3789 0
3790 0
3791 0
3792 0
3793 0
3794 0
3795 1
3796 0
3797 0
3798 0
3799 0
3800 0
3801 0
3802 0
3803 0
3804 0
3805 0
3806 0
3807 0
3808 0
3809 0
3810 0
3811 0
3812 0
3813 0
3814 0
3815 0
3816 0
3817 0
3818 0
3819 0
3820 0
3821 0
3822 0
3823 0
3824 1
3825 0
3826 0
3827 0
3828 0
3829 0
3830 0
3831 0
3832 0
3833 0
3834 0
3835 0
3836 0
3837 0
3838 0
3839 0
3840 0
3841 0
3842 0
3843 0
3844 0
3845 0
3846 0
3847 0
3848 0
3849 1
3850 0
3851 0
3852 0
3853 0
3854 0
3855 0
3856 0
3857 0
3858 0
3859 0
3860 0
3861 0
3862 0
3863 0
3864 0
3865 0
3866 0
3867 0
3868 0
3869 0
3870 0
3871 0
3872 0
3873 0
3874 0
3875 0
3876 0
3877 0
3878 0
3879 0
3880 0
3881 0
3882 0
3883 0
3884 0
3885 0
3886 0
3887 0
3888 0
3889 0
3890 0
3891 0
3892 0
3893 0
3894 0
3895 0
3896 0
3897 0
3898 0
3899 0
3900 0
3901 0
3902 0
3903 0
3904 0
3905 0
3906 0
3907 0
3908 0
3909 0
3910 0
3911 0
3912 0
3913 0
3914 0
3915 0
3916 0
3917 0
3918 0
3919 0
3920 0
3921 0
3922 0
3923 0
3924 0
3925 0
3926 0
3927 0
3928 0
3929 0
3930 0
3931 0
3932 0
3933 0
3934 0
3935 0
3936 0
3937 0
3938 0
3939 0
3940 0
3941 0
3942 0
3943 0
3944 0
3945 0
3946 0
3947 0
3948 0
3949 0
3950 0
3951 0
3952 0
3953 0
3954 0
3955 0
3956 0
3957 0
3958 0
3959 0
3960 0
3961 0
3962 0
3963 0
3964 0
3965 0
3966 0
3967 0
3968 0
3969 0
3970 0
3971 0
3972 0
3973 0
3974 0
3975 0
3976 0
3977 0
3978 0
3979 0
3980 0
3981 0
3982 0
3983 0
3984 0
3985 0
3986 0
3987 0
3988 0
3989 0
3990 0
3991 0
3992 0
3993 0
3994 0
3995 0
3996 0
3997 0
3998 0
3999 0
4000 0
