0 0
1 0
2 0
3 0
4 0
5 0
6 0
7 0
8 0
9 0
10 0
11 0
12 0
13 0
14 0
15 0
16 0
17 0
18 0
19 0
20 0
21 0
22 0
23 0
24 0
25 0
26 0
27 0
28 0
29 0
30 0
31 0
32 0
33 0
34 0
35 0
36 0
37 0
38 0
39 0
40 0
41 0
42 0
43 0
44 0
45 0
46 0
47 0
48 0
49 0
50 0
51 0
52 0
53 0
54 0
55 0
56 0
57 0
58 0
59 0
60 0
61 0
62 0
63 0
64 0
65 0
66 0
67 0
68 0
69 0
70 0
71 0
72 0
73 0
74 0
75 0
76 0
77 0
78 0
79 0
80 0
81 0
82 0
83 0
84 0
85 0
86 0
87 0
88 0
89 0
90 0
91 0
92 0
93 0
94 0
95 0
96 0
97 0
98 0
99 0
100 0
101 0
102 0
103 0
104 0
105 0
106 0
107 0
108 0
109 0
110 0
111 0
112 0
113 0
114 0
115 0
116 0
117 0
118 0
119 0
120 0
121 0
122 0
123 0
124 0
125 0
126 0
127 0
128 0
129 0
130 0
131 0
132 0
133 0
134 0
135 0
136 0
137 0
138 0
139 0
140 0
141 0
142 0
143 0
144 0
145 0
146 0
147 0
148 0
149 0
150 1
151 0
152 0
153 0
154 0
155 1
156 4
157 2
158 1
159 0
160 2
161 0
162 3
163 2
164 2
165 1
166 1
167 1
168 1
169 2
170 3
171 0
172 1
173 1
174 5
175 2
176 3
177 10
178 18
179 18
180 21
181 31
182 39
183 49
184 57
185 72
186 95
187 182
188 324
189 464
190 588
191 653
192 766
193 811
194 794
195 738
196 735
197 652
198 540
199 583
200 527
201 508
202 451
203 446
204 466
205 447
206 396
207 406
208 391
209 390
210 384
211 403
212 392
213 395
214 422
215 416
216 410
217 402
218 429
219 422
220 414
221 442
222 404
223 447
224 429
225 443
226 416
227 441
228 441
229 466
230 469
231 497
232 475
233 480
234 501
235 480
236 526
237 512
238 519
239 525
240 552
241 534
242 543
243 550
244 567
245 569
246 586
247 608
248 577
249 582
250 564
251 625
252 654
253 602
254 579
255 589
256 647
257 645
258 617
259 681
260 635
261 609
262 662
263 677
264 604
265 679
266 718
267 713
268 698
269 717
270 699
271 652
272 652
273 699
274 678
275 743
276 736
277 654
278 733
279 729
280 681
281 694
282 737
283 687
284 773
285 790
286 738
287 668
288 766
289 738
290 729
291 729
292 749
293 728
294 751
295 820
296 741
297 723
298 703
299 757
300 744
301 751
302 741
303 751
304 771
305 703
306 751
307 731
308 741
309 718
310 725
311 742
312 773
313 775
314 742
315 756
316 755
317 762
318 804
319 774
320 726
321 754
322 690
323 715
324 713
325 701
326 714
327 700
328 740
329 773
330 719
331 713
332 687
333 727
334 726
335 712
336 705
337 730
338 711
339 681
340 714
341 725
342 663
343 712
344 674
345 681
346 715
347 691
348 640
349 683
350 662
351 706
352 652
353 655
354 696
355 643
356 658
357 650
358 619
359 604
360 651
361 621
362 653
363 578
364 585
365 628
366 621
367 638
368 631
369 556
370 585
371 593
372 582
373 579
374 552
375 594
376 580
377 540
378 527
379 536
380 548
381 550
382 529
383 549
384 559
385 532
386 495
387 506
388 534
389 514
390 515
391 490
392 499
393 501
394 459
395 495
396 495
397 529
398 467
399 492
400 440
401 455
402 484
403 449
404 413
405 411
406 410
407 407
408 437
409 405
410 415
411 403
412 410
413 420
414 401
415 405
416 385
417 393
418 401
419 408
420 409
421 373
422 378
423 366
424 395
425 398
426 356
427 376
428 375
429 370
430 356
431 325
432 338
433 344
434 341
435 341
436 307
437 309
438 335
439 301
440 295
441 325
442 297
443 306
444 313
445 301
446 297
447 299
448 268
449 282
450 269
451 296
452 265
453 275
454 279
455 270
456 284
457 262
458 236
459 241
460 247
461 237
462 244
463 262
464 257
465 235
466 220
467 230
468 254
469 216
470 242
471 212
472 244
473 254
474 233
475 223
476 256
477 216
478 213
479 212
480 191
481 193
482 216
483 199
484 191
485 192
486 201
487 197
488 197
489 183
490 169
491 191
492 166
493 187
494 194
495 188
496 188
497 174
498 204
499 161
500 183
501 158
502 193
503 172
504 163
505 167
506 189
507 189
508 145
509 161
510 155
511 163
512 157
513 177
514 147
515 163
516 133
517 146
518 150
519 127
520 136
521 153
522 165
523 139
524 165
525 143
526 151
527 133
528 135
529 159
530 149
531 154
532 129
533 140
534 148
535 131
536 136
537 148
538 137
539 132
540 142
541 132
542 144
543 121
544 124
545 108
546 150
547 129
548 127
549 144
550 137
551 132
552 137
553 128
554 123
555 125
556 112
557 130
558 123
559 127
560 116
561 118
562 119
563 114
564 122
565 122
566 119
567 120
568 98
569 120
570 122
571 113
572 124
573 107
574 122
575 128
576 112
577 112
578 122
579 111
580 122
581 105
582 119
583 117
584 121
585 127
586 97
587 96
588 110
589 114
590 101
591 106
592 114
593 98
594 97
595 99
596 92
597 117
598 84
599 111
600 92
601 106
602 108
603 94
604 92
605 98
606 100
607 86
608 100
609 110
610 104
611 104
612 94
613 116
614 87
615 82
616 83
617 87
618 105
619 103
620 93
621 99
622 88
623 94
624 106
625 98
626 92
627 106
628 104
629 81
630 88
631 93
632 91
633 95
634 95
635 85
636 88
637 93
638 90
639 93
640 88
641 92
642 81
643 68
644 85
645 73
646 96
647 97
648 89
649 82
650 86
651 93
652 91
653 90
654 66
655 96
656 95
657 67
658 69
659 79
660 75
661 72
662 90
663 86
664 72
665 79
666 82
667 85
668 64
669 87
670 85
671 60
672 72
673 69
674 61
675 81
676 80
677 60
678 80
679 96
680 61
681 74
682 79
683 81
684 76
685 59
686 88
687 76
688 76
689 70
690 75
691 70
692 68
693 70
694 59
695 70
696 58
697 78
698 58
699 68
700 67
701 94
702 65
703 65
704 67
705 59
706 64
707 78
708 67
709 61
710 63
711 74
712 64
713 57
714 60
715 54
716 63
717 58
718 63
719 73
720 63
721 75
722 72
723 65
724 70
725 51
726 72
727 68
728 65
729 54
730 62
731 65
732 55
733 63
734 51
735 46
736 53
737 58
738 54
739 63
740 57
741 54
742 70
743 52
744 63
745 68
746 56
747 46
748 58
749 50
750 53
751 55
752 48
753 51
754 43
755 65
756 58
757 57
758 49
759 51
760 54
761 54
762 41
763 59
764 53
765 52
766 63
767 50
768 52
769 51
770 43
771 47
772 37
773 54
774 41
775 48
776 48
777 43
778 63
779 47
780 50
781 48
782 44
783 46
784 49
785 41
786 51
787 50
788 51
789 42
790 40
791 38
792 36
793 37
794 38
795 44
796 44
797 47
798 29
799 51
800 46
801 37
802 31
803 34
804 44
805 40
806 52
807 49
808 34
809 38
810 39
811 33
812 49
813 27
814 38
815 36
816 39
817 43
818 35
819 44
820 35
821 38
822 30
823 36
824 32
825 31
826 29
827 37
828 44
829 35
830 32
831 45
832 31
833 33
834 36
835 31
836 30
837 42
838 26
839 35
840 24
841 32
842 36
843 25
844 37
845 44
846 33
847 41
848 31
849 34
850 26
851 42
852 34
853 36
854 31
855 29
856 21
857 27
858 36
859 28
860 35
861 20
862 18
863 30
864 29
865 32
866 26
867 26
868 39
869 27
870 27
871 33
872 31
873 21
874 33
875 26
876 17
877 31
878 22
879 20
880 19
881 23
882 25
883 24
884 18
885 20
886 24
887 17
888 23
889 22
890 20
891 25
892 26
893 15
894 23
895 22
896 31
897 18
898 22
899 22
900 17
901 22
902 26
903 19
904 22
905 18
906 26
907 16
908 20
909 19
910 12
911 23
912 25
913 25
914 12
915 23
916 16
917 19
918 15
919 14
920 15
921 28
922 27
923 16
924 20
925 28
926 14
927 18
928 21
929 20
930 24
931 18
932 25
933 21
934 17
935 21
936 16
937 17
938 23
939 20
940 18
941 18
942 11
943 18
944 12
945 15
946 21
947 13
948 18
949 23
950 20
951 17
952 22
953 12
954 12
955 10
956 16
957 13
958 14
959 13
960 8
961 19
962 14
963 12
964 16
965 13
966 16
967 12
968 20
969 12
970 17
971 15
972 11
973 12
974 15
975 12
976 16
977 11
978 15
979 10
980 17
981 16
982 14
983 12
984 16
985 16
986 13
987 10
988 8
989 11
990 10
991 12
992 9
993 15
994 13
995 13
996 10
997 9
998 13
999 8
1000 16
1001 14
1002 12
1003 8
1004 14
1005 12
1006 5
1007 10
1008 14
1009 9
1010 8
1011 8
1012 15
1013 11
1014 8
1015 8
1016 7
1017 11
1018 11
1019 5
1020 10
1021 11
1022 15
1023 16
1024 9
1025 6
1026 7
1027 10
1028 12
1029 10
1030 9
1031 9
1032 7
1033 11
1034 9
1035 15
1036 8
1037 7
1038 10
1039 15
1040 8
1041 8
1042 8
1043 17
1044 11
1045 11
1046 11
1047 9
1048 9
1049 4
1050 5
1051 2
1052 11
1053 7
1054 5
1055 6
1056 8
1057 12
1058 8
1059 7
1060 6
1061 9
1062 7
1063 11
1064 8
1065 13
1066 11
1067 8
1068 7
1069 10
1070 6
1071 4
1072 8
1073 7
1074 11
1075 11
1076 11
1077 6
1078 7
1079 9
1080 14
1081 6
1082 8
1083 10
1084 2
1085 10
1086 12
1087 6
1088 6
1089 3
1090 10
1091 5
1092 7
1093 9
1094 8
1095 7
1096 4
1097 12
1098 4
1099 7
1100 5
1101 6
1102 6
1103 9
1104 8
1105 6
1106 6
1107 8
1108 3
1109 6
1110 4
1111 7
1112 1
1113 3
1114 7
1115 7
1116 2
1117 3
1118 2
1119 9
1120 6
1121 6
1122 5
1123 4
1124 9
1125 3
1126 5
1127 9
1128 4
1129 7
1130 4
1131 6
1132 6
1133 4
1134 7
1135 2
1136 3
1137 6
1138 3
1139 4
1140 4
1141 4
1142 4
1143 7
1144 5
1145 6
1146 4
1147 7
1148 6
1149 2
1150 2
1151 2
1152 0
1153 6
1154 4
1155 3
1156 4
1157 2
1158 1
1159 7
1160 6
1161 7
1162 9
1163 4
1164 1
1165 3
1166 3
1167 4
1168 7
1169 7
1170 3
1171 7
1172 1
1173 5
1174 3
1175 3
1176 3
1177 8
1178 10
1179 2
1180 9
1181 4
1182 4
1183 2
1184 7
1185 7
1186 6
1187 3
1188 7
1189 2
1190 1
1191 3
1192 4
1193 4
1194 2
1195 8
1196 4
1197 9
1198 4
1199 2
1200 4
1201 4
1202 3
1203 4
1204 4
1205 9
1206 7
1207 2
1208 2
1209 5
1210 2
1211 2
1212 4
1213 6
1214 5
1215 4
1216 7
1217 3
1218 3
1219 5
1220 2
1221 1
1222 6
1223 3
1224 3
1225 9
1226 5
1227 4
1228 2
1229 2
1230 3
1231 6
1232 1
1233 2
1234 4
1235 5
1236 7
1237 1
1238 6
1239 8
1240 5
1241 3
1242 3
1243 2
1244 4
1245 8
1246 1
1247 6
1248 2
1249 5
1250 1
1251 3
1252 2
1253 2
1254 3
1255 1
1256 3
1257 3
1258 3
1259 4
1260 3
1261 4
1262 5
1263 7
1264 3
1265 3
1266 4
1267 2
1268 5
1269 3
1270 3
1271 3
1272 4
1273 1
1274 1
1275 8
1276 3
1277 3
1278 2
1279 0
1280 5
1281 5
1282 0
1283 3
1284 2
1285 3
1286 3
1287 2
1288 2
1289 6
1290 4
1291 0
1292 2
1293 3
1294 1
1295 1
1296 1
1297 1
1298 1
1299 1
1300 4
1301 2
1302 3
1303 2
1304 2
1305 0
1306 4
1307 2
1308 4
1309 1
1310 5
1311 1
1312 0
1313 5
1314 1
1315 7
1316 3
1317 0
1318 1
1319 3
1320 4
1321 4
1322 2
1323 3
1324 2
1325 2
1326 5
1327 4
1328 3
1329 3
1330 2
1331 5
1332 3
1333 1
1334 2
1335 2
1336 2
1337 2
1338 1
1339 1
1340 3
1341 3
1342 0
1343 1
1344 2
1345 1
1346 3
1347 1
1348 3
1349 1
1350 1
1351 5
1352 0
1353 7
1354 1
1355 2
1356 2
1357 3
1358 3
1359 4
1360 0
1361 2
1362 2
1363 0
1364 2
1365 2
1366 4
1367 1
1368 2
1369 1
1370 1
1371 3
1372 0
1373 1
1374 2
1375 1
1376 4
1377 1
1378 2
1379 1
1380 1
1381 5
1382 1
1383 0
1384 0
1385 2
1386 2
1387 0
1388 2
1389 3
1390 2
1391 2
1392 1
1393 1
1394 2
1395 1
1396 2
1397 3
1398 0
1399 4
1400 2
1401 2
1402 2
1403 3
1404 2
1405 6
1406 3
1407 1
1408 1
1409 0
1410 2
1411 2
1412 1
1413 1
1414 0
1415 2
1416 1
1417 4
1418 1
1419 0
1420 1
1421 3
1422 3
1423 5
1424 2
1425 0
1426 1
1427 2
1428 0
1429 0
1430 0
1431 0
1432 0
1433 1
1434 0
1435 1
1436 2
1437 1
1438 0
1439 0
1440 2
1441 3
1442 1
1443 2
1444 2
1445 2
1446 0
1447 0
1448 0
1449 2
1450 1
1451 2
1452 0
1453 5
1454 1
1455 0
1456 0
1457 2
1458 1
1459 0
1460 0
1461 1
1462 0
1463 4
1464 2
1465 0
1466 5
1467 1
1468 3
1469 0
1470 1
1471 2
1472 0
1473 0
1474 0
1475 2
1476 1
1477 0
1478 0
1479 2
1480 2
1481 0
1482 0
1483 0
1484 0
1485 1
1486 0
1487 2
1488 2
1489 1
1490 0
1491 1
1492 0
1493 0
1494 0
1495 1
1496 1
1497 0
1498 3
1499 0
1500 1
1501 0
1502 0
1503 1
1504 0
1505 1
1506 2
1507 3
1508 0
1509 0
1510 0
1511 1
1512 1
1513 0
1514 0
1515 0
1516 0
1517 1
1518 0
1519 1
1520 0
1521 0
1522 0
1523 1
1524 4
1525 0
1526 1
1527 2
1528 0
1529 0
1530 0
1531 0
1532 1
1533 2
1534 1
1535 1
1536 0
1537 2
1538 1
1539 0
1540 1
1541 1
1542 2
1543 0
1544 0
1545 1
1546 3
1547 0
1548 1
1549 1
1550 1
1551 1
1552 3
1553 2
1554 2
1555 1
1556 0
1557 0
1558 0
1559 3
1560 0
1561 2
1562 1
1563 1
1564 0
1565 1
1566 0
1567 2
1568 0
1569 1
1570 0
1571 0
1572 0
1573 0
1574 0
1575 0
1576 0
1577 1
1578 1
1579 0
1580 1
1581 1
1582 2
1583 0
1584 0
1585 1
1586 2
1587 1
1588 1
1589 1
1590 0
1591 0
1592 1
1593 2
1594 0
1595 1
1596 0
1597 0
1598 0
1599 1
1600 0
1601 0
1602 0
1603 0
1604 0
1605 0
1606 1
1607 0
1608 0
1609 0
1610 0
1611 0
1612 1
1613 1
1614 0
1615 3
1616 0
1617 0
1618 0
1619 0
1620 1
1621 0
1622 0
1623 0
1624 1
1625 0
1626 0
1627 0
1628 0
1629 1
1630 0
1631 1
1632 1
1633 1
1634 1
1635 0
1636 0
1637 0
1638 0
1639 2
1640 0
1641 1
1642 1
1643 0
1644 0
1645 1
1646 2
1647 0
1648 0
1649 0
1650 0
1651 0
1652 0
1653 1
1654 0
1655 1
1656 0
1657 1
1658 0
1659 1
1660 1
1661 0
1662 0
1663 0
1664 1
1665 1
1666 0
1667 1
1668 3
1669 0
1670 1
1671 0
1672 0
1673 2
1674 1
1675 1
1676 0
1677 0
1678 2
1679 1
1680 2
1681 0
1682 2
1683 0
1684 0
1685 1
1686 0
1687 0
1688 1
1689 0
1690 0
1691 0
1692 0
1693 0
1694 0
1695 0
1696 0
1697 0
1698 0
1699 0
1700 0
1701 1
1702 1
1703 0
1704 0
1705 0
1706 0
1707 1
1708 0
1709 0
1710 0
1711 0
1712 0
1713 0
1714 0
1715 0
1716 0
1717 1
1718 0
1719 0
1720 0
1721 0
1722 2
1723 0
1724 0
1725 0
1726 0
1727 0
1728 0
1729 0
1730 0
1731 0
1732 0
1733 0
1734 1
1735 1
1736 0
1737 0
1738 0
1739 0
1740 0
1741 1
1742 1
1743 0
1744 1
1745 1
1746 0
1747 1
1748 0
1749 2
1750 2
1751 0
1752 0
1753 0
1754 0
1755 0
1756 0
1757 0
1758 0
1759 0
1760 0
1761 0
1762 0
1763 0
1764 0
1765 0
1766 0
1767 0
1768 0
1769 0
1770 0
1771 0
1772 1
1773 0
1774 1
1775 0
1776 0
1777 0
1778 0
1779 0
1780 0
1781 0
1782 0
1783 0
1784 1
1785 0
1786 1
1787 0
1788 0
1789 0
1790 0
1791 0
1792 0
1793 0
1794 0
1795 0
1796 0
1797 0
1798 0
1799 0
1800 0
1801 1
1802 0
1803 1
1804 0
1805 1
1806 0
1807 0
1808 0
1809 0
1810 0
1811 0
1812 0
1813 0
1814 0
1815 0
1816 0
1817 0
1818 0
1819 0
1820 0
1821 0
1822 0
1823 0
1824 0
1825 1
1826 0
1827 0
1828 0
1829 0
1830 0
1831 0
1832 0
1833 0
1834 0
1835 0
1836 0
1837 0
1838 0
1839 0
1840 0
1841 0
1842 0
1843 0
1844 1
1845 0
1846 0
1847 0
1848 0
1849 0
1850 0
1851 0
1852 0
1853 0
1854 0
1855 0
1856 0
1857 0
1858 0
1859 0
1860 0
1861 0
1862 0
1863 0
1864 1
1865 0
1866 0
1867 0
1868 1
1869 0
1870 0
1871 0
1872 0
1873 0
1874 0
1875 0
1876 0
1877 0
1878 0
1879 0
1880 0
1881 0
1882 0
1883 0
1884 0
1885 0
1886 0
1887 0
1888 0
1889 0
1890 0
1891 0
1892 0
1893 0
1894 0
1895 0
1896 0
1897 0
1898 0
1899 0
1900 0
1901 1
1902 0
1903 0
1904 0
1905 0
1906 0
1907 0
1908 0
1909 0
1910 1
1911 0
1912 0
1913 0
1914 0
1915 0
1916 0
1917 0
1918 0
1919 0
1920 0
1921 0
1922 0
1923 0
1924 0
1925 0
1926 0
1927 0
1928 0
1929 0
1930 0
1931 1
1932 0
1933 0
1934 0
1935 0
1936 0
1937 0
1938 0
1939 0
1940 0
1941 0
1942 0
1943 1
1944 0
1945 0
1946 0
1947 0
1948 0
1949 0
1950 0
1951 0
1952 0
1953 0
1954 0
1955 0
1956 0
1957 1
1958 0
1959 0
1960 0
1961 0
1962 0
1963 0
1964 0
1965 0
1966 0
1967 0
1968 0
1969 0
1970 0
1971 0
1972 0
1973 0
1974 1
1975 0
1976 0
1977 0
1978 0
1979 0
1980 0
1981 0
1982 0
1983 0
1984 0
1985 0
1986 0
1987 0
1988 0
1989 0
1990 0
1991 0
1992 0
1993 0
1994 0
1995 0
1996 0
1997 0
1998 1
1999 0
2000 0
2001 0
2002 0
2003 0
2004 0
2005 0
2006 0
2007 0
2008 0
2009 0
2010 0
2011 0
2012 0
2013 0
2014 0
2015 0
2016 0
2017 0
2018 0
2019 0
2020 0
2021 0
2022 0
2023 0
2024 0
2025 0
2026 0
2027 0
2028 0
2029 0
2030 0
2031 0
2032 0
2033 0
2034 0
2035 0
2036 0
2037 0
2038 0
2039 0
2040 0
2041 0
2042 0
2043 0
2044 0
2045 0
2046 0
2047 0
2048 0
2049 0
2050 0
2051 0
2052 0
2053 0
2054 0
2055 0
2056 0
2057 0
2058 0
2059 0
2060 0
2061 0
2062 0
2063 0
2064 0
2065 0
2066 0
2067 0
2068 0
2069 0
2070 0
2071 0
2072 0
2073 0
2074 1
2075 0
2076 1
2077 0
2078 0
2079 0
2080 0
2081 0
2082 0
2083 1
2084 0
2085 0
2086 0
2087 0
2088 0
2089 0
2090 0
2091 0
2092 0
2093 0
2094 0
2095 0
2096 0
2097 0
2098 0
2099 0
2100 0
2101 0
2102 0
2103 0
2104 0
2105 0
2106 0
2107 0
2108 0
2109 0
2110 0
2111 0
2112 0
2113 0
2114 0
2115 0
2116 0
2117 0
2118 0
2119 0
2120 0
2121 0
2122 0
2123 0
2124 0
2125 0
2126 0
2127 0
2128 0
2129 0
2130 0
2131 0
2132 0
2133 0
2134 0
2135 0
2136 0
2137 0
2138 0
2139 0
2140 0
2141 0
2142 0
2143 1
2144 0
2145 0
2146 0
2147 0
2148 0
2149 0
2150 0
2151 0
2152 0
2153 0
2154 0
2155 0
2156 0
2157 0
2158 0
2159 0
2160 0
2161 0
2162 0
2163 0
2164 0
2165 0
2166 0
2167 0
2168 0
2169 0
2170 0
2171 0
2172 0
2173 0
2174 0
2175 0
2176 0
2177 0
2178 0
2179 0
2180 0
2181 0
2182 0
2183 0
2184 0
2185 0
2186 0
2187 0
2188 0
2189 0
2190 0
2191 0
2192 0
2193 0
2194 0
2195 0
2196 0
2197 0
2198 0
2199 0
2200 0
2201 0
2202 0
2203 0
2204 0
2205 0
2206 0
2207 0
2208 0
2209 0
2210 0
2211 0
2212 0
2213 0
2214 0
2215 0
2216 0
2217 0
2218 0
2219 0
2220 0
2221 0
2222 0
2223 0
2224 0
2225 0
2226 0
2227 0
2228 0
2229 0
2230 0
2231 0
2232 0
2233 0
2234 0
2235 0
2236 0
2237 0
2238 0
2239 0
2240 0
2241 0
2242 0
2243 0
2244 0
2245 0
2246 0
2247 0
2248 0
2249 0
2250 0
2251 0
2252 0
2253 0
2254 0
2255 0
2256 0
2257 0
2258 0
2259 0
2260 0
2261 1
2262 0
2263 0
2264 0
2265 0
2266 1
2267 0
2268 0
2269 0
2270 0
2271 0
2272 0
2273 0
2274 1
2275 0
2276 0
2277 0
2278 1
2279 0
2280 0
2281 0
2282 0
2283 0
2284 0
2285 0
2286 0
2287 0
2288 0
2289 0
2290 0
2291 0
2292 0
2293 0
2294 0
2295 0
2296 0
2297 0
2298 0
2299 0
2300 0
2301 0
2302 0
2303 0
2304 0
2305 0
2306 0
2307 0
2308 0
2309 0
2310 0
2311 0
2312 0
2313 0
2314 0
2315 0
2316 1
2317 0
2318 0
2319 0
2320 0
2321 0
2322 0
2323 0
2324 0
2325 0
2326 0
2327 0
2328 0
2329 0
2330 0
2331 1
2332 0
2333 0
2334 0
2335 0
2336 0
2337 0
2338 0
2339 0
2340 0
2341 0
2342 0
2343 0
2344 0
2345 0
2346 0
2347 0
2348 0
2349 0
2350 0
2351 0
2352 0
2353 0
2354 0
2355 0
2356 0
2357 0
2358 0
2359 0
2360 0
2361 0
2362 0
2363 0
2364 0
2365 0
2366 0
2367 0
2368 0
2369 0
2370 0
2371 0
2372 0
2373 0
2374 0
2375 0
2376 0
2377 0
2378 0
2379 0
2380 0
2381 0
2382 0
2383 0
2384 0
2385 0
2386 0
2387 0
2388 0
2389 0
2390 0
2391 0
2392 0
2393 0
2394 0
2395 0
2396 0
2397 0
2398 0
2399 0
2400 0
2401 0
2402 0
2403 0
2404 0
2405 0
2406 0
2407 0
2408 0
2409 0
2410 0
2411 0
2412 0
2413 0
2414 0
2415 0
2416 0
2417 0
2418 0
2419 0
2420 0
2421 0
2422 0
2423 0
2424 0
2425 0
2426 0
2427 0
2428 0
2429 0
2430 0
2431 0
2432 0
2433 0
2434 0
2435 0
2436 0
2437 0
2438 0
2439 0
2440 0
2441 0
2442 0
2443 0
2444 0
2445 0
2446 0
2447 0
2448 0
2449 0
2450 0
2451 0
2452 0
2453 0
2454 0
2455 0
2456 0
2457 0
2458 0
2459 0
2460 0
2461 0
2462 0
2463 0
2464 0
2465 0
2466 0
2467 0
2468 0
2469 0
2470 0
2471 0
2472 0
2473 0
2474 0
2475 0
2476 0
2477 0
2478 0
2479 0
2480 0
2481 0
2482 0
2483 0
2484 0
2485 0
2486 0
2487 0
2488 0
2489 0
2490 0
2491 0
2492 0
2493 0
2494 0
2495 0
2496 0
2497 0
2498 0
2499 0
2500 0
2501 0
2502 0
2503 0
2504 0
2505 0
2506 0
2507 0
2508 0
2509 0
2510 0
2511 0
2512 0
2513 0
2514 0
2515 0
2516 0
2517 0
2518 0
2519 0
2520 0
2521 0
2522 0
2523 0
2524 0
2525 0
2526 0
2527 0
2528 0
2529 0
2530 0
2531 0
2532 0
2533 0
2534 0
2535 0
2536 0
2537 0
2538 0
2539 0
2540 0
2541 0
2542 0
2543 0
2544 0
2545 0
2546 0
2547 0
2548 0
2549 0
2550 0
2551 0
2552 0
2553 0
2554 0
2555 0
2556 0
2557 0
2558 0
2559 0
2560 0
2561 0
2562 0
2563 0
2564 0
2565 0
2566 0
2567 0
2568 0
2569 0
2570 0
2571 0
2572 0
2573 0
2574 0
2575 0
2576 0
2577 0
2578 0
2579 0
2580 0
2581 0
2582 0
2583 0
2584 0
2585 0
2586 0
2587 0
2588 0
2589 0
2590 0
2591 0
2592 0
2593 0
2594 0
2595 0
2596 0
2597 0
2598 0
2599 0
2600 0
2601 0
2602 0
2603 0
2604 0
2605 0
2606 0
2607 0
2608 0
2609 0
2610 0
2611 0
2612 0
2613 0
2614 0
2615 0
2616 0
2617 0
2618 0
2619 0
2620 1
2621 0
2622 0
2623 0
2624 0
2625 0
2626 0
2627 0
2628 0
2629 0
2630 0
2631 0
2632 0
2633 0
2634 0
2635 0
2636 0
2637 0
2638 0
2639 0
2640 0
2641 0
2642 0
2643 0
2644 0
2645 0
2646 0
2647 0
2648 0
2649 0
2650 0
2651 0
2652 0
2653 0
2654 0
2655 0
2656 0
2657 0
2658 0
2659 0
2660 0
2661 0
2662 0
2663 0
2664 0
2665 0
2666 0
2667 0
2668 0
2669 0
2670 0
2671 0
2672 0
2673 0
2674 0
2675 0
2676 0
2677 0
2678 0
2679 0
2680 0
2681 0
2682 0
2683 0
2684 0
2685 0
2686 0
2687 0
2688 0
2689 0
2690 0
2691 0
2692 0
2693 0
2694 0
2695 0
2696 0
2697 0
2698 0
2699 0
2700 0
2701 0
2702 0
2703 0
2704 0
2705 0
2706 0
2707 0
2708 0
2709 0
2710 0
2711 0
2712 0
2713 0
2714 0
2715 0
2716 0
2717 0
2718 0
2719 0
2720 0
2721 0
2722 0
2723 0
2724 0
2725 0
2726 0
2727 0
2728 0
2729 0
2730 0
2731 0
2732 0
2733 1
2734 0
2735 0
2736 0
2737 0
2738 0
2739 0
2740 0
2741 0
2742 0
2743 0
2744 0
2745 0
2746 0
2747 0
2748 0
2749 0
2750 0
2751 0
2752 0
2753 0
2754 0
2755 0
2756 0
2757 0
2758 0
2759 0
2760 0
2761 1
2762 0
2763 0
2764 0
2765 0
2766 0
2767 0
2768 0
2769 0
2770 0
2771 0
2772 0
2773 0
2774 0
2775 0
2776 0
2777 0
2778 0
2779 0
2780 0
2781 0
2782 0
2783 0
2784 0
2785 0
2786 0
2787 0
2788 0
2789 0
2790 0
2791 0
2792 0
2793 0
2794 0
2795 0
2796 0
2797 0
2798 0
2799 0
2800 0
2801 0
2802 0
2803 0
2804 0
2805 0
2806 0
2807 0
2808 0
2809 0
2810 0
2811 0
2812 0
2813 0
2814 0
2815 0
2816 0
2817 0
2818 0
2819 0
2820 0
2821 0
2822 0
2823 0
2824 0
2825 0
2826 0
2827 0
2828 0
2829 0
2830 0
2831 0
2832 0
2833 0
2834 0
2835 0
2836 0
2837 0
2838 0
2839 0
2840 0
2841 0
2842 0
2843 0
2844 0
2845 0
2846 0
2847 0
2848 0
2849 0
2850 0
2851 0
2852 0
2853 0
2854 0
2855 1
2856 0
2857 0
2858 0
2859 0
2860 0
2861 0
2862 0
2863 0
2864 0
2865 0
2866 0
2867 0
2868 0
2869 0
2870 0
2871 0
2872 0
2873 0
2874 0
2875 0
2876 0
2877 0
2878 0
2879 0
2880 0
2881 0
2882 0
2883 0
2884 0
2885 0
2886 0
2887 0
2888 0
2889 0
2890 0
2891 0
2892 0
2893 0
2894 0
2895 0
2896 0
2897 0
2898 0
2899 0
2900 1
2901 0
2902 0
2903 0
2904 0
2905 0
2906 0
2907 0
2908 0
2909 0
2910 0
2911 0
2912 0
2913 0
2914 0
2915 0
2916 0
2917 0
2918 0
2919 0
2920 0
2921 0
2922 0
2923 0
2924 0
2925 0
2926 0
2927 0
2928 0
2929 0
2930 0
2931 0
2932 0
2933 0
2934 0
2935 0
2936 0
2937 0
2938 0
2939 0
2940 0
2941 0
2942 0
2943 0
2944 0
2945 0
2946 0
2947 0
2948 0
2949 0
2950 0
2951 0
2952 0
2953 0
2954 0
2955 0
2956 0
2957 0
2958 0
2959 0
2960 0
2961 0
2962 0
2963 0
2964 0
2965 0
2966 0
2967 0
2968 0
2969 0
2970 0
2971 0
2972 0
2973 0
2974 0
2975 0
2976 0
2977 0
2978 0
2979 0
2980 0
2981 0
2982 0
2983 0
2984 0
2985 0
2986 0
2987 0
2988 0
2989 0
2990 0
2991 0
2992 0
2993 0
2994 0
2995 0
2996 0
2997 0
2998 0
2999 0
3000 0
3001 0
3002 0
3003 0
3004 0
3005 0
3006 0
3007 0
3008 0
3009 0
3010 0
3011 0
3012 0
3013 0
3014 0
3015 0
3016 0
3017 0
3018 0
3019 0
3020 0
3021 0
3022 0
3023 0
3024 0
3025 0
3026 0
3027 0
3028 0
3029 0
3030 0
3031 0
3032 0
3033 0
3034 0
3035 0
3036 0
3037 0
3038 0
3039 0
3040 0
3041 0
3042 0
3043 0
3044 0
3045 0
3046 0
3047 0
3048 0
3049 0
3050 0
3051 0
3052 0
3053 0
3054 0
3055 0
3056 0
3057 0
3058 0
3059 0
3060 0
3061 0
3062 0
3063 0
3064 0
3065 0
3066 0
3067 0
3068 0
3069 0
3070 0
3071 0
3072 0
3073 0
3074 0
3075 0
3076 0
3077 0
3078 0
3079 0
3080 0
3081 0
3082 0
3083 0
3084 0
3085 0
3086 0
3087 0
3088 0
3089 0
3090 0
3091 0
3092 0
3093 0
3094 0
3095 0
3096 0
3097 0
3098 0
3099 0
3100 0
3101 0
3102 0
3103 0
3104 0
3105 0
3106 0
3107 0
3108 0
3109 0
3110 0
3111 0
3112 0
3113 0
3114 0
3115 0
3116 0
3117 0
3118 0
3119 0
3120 0
3121 0
3122 0
3123 0
3124 0
3125 0
3126 0
3127 0
3128 0
3129 0
3130 0
3131 0
3132 0
3133 0
3134 0
3135 0
3136 0
3137 0
3138 0
3139 0
3140 0
3141 0
3142 0
3143 0
3144 0
3145 0
3146 0
3147 0
3148 0
3149 0
3150 0
3151 0
3152 0
3153 0
3154 0
3155 0
3156 0
3157 0
3158 0
3159 0
3160 0
3161 0
3162 0
3163 0
3164 0
3165 0
3166 0
3167 0
3168 0
3169 0
3170 0
3171 0
3172 0
3173 0
3174 0
3175 0
3176 0
3177 0
3178 0
3179 0
3180 0
3181 0
3182 0
3183 0
3184 0
3185 0
3186 0
3187 0
3188 0
3189 0
3190 0
3191 0
3192 0
3193 0
3194 0
3195 0
3196 0
3197 0
3198 0
3199 0
3200 0
3201 0
3202 0
3203 0
3204 0
3205 0
3206 0
3207 1
3208 0
3209 0
3210 0
3211 0
3212 0
3213 0
3214 0
3215 0
3216 0
3217 0
3218 0
3219 0
3220 0
3221 0
3222 0
3223 0
3224 0
3225 0
3226 0
3227 0
3228 0
3229 0
3230 0
3231 0
3232 0
3233 0
3234 0
3235 0
3236 0
3237 0
3238 0
3239 0
3240 0
3241 0
3242 0
3243 0
3244 0
3245 0
3246 0
3247 1
3248 0
3249 0
3250 0
3251 0
3252 0
3253 0
3254 0
3255 0
3256 0
3257 0
3258 0
3259 0
3260 0
3261 0
3262 0
3263 0
3264 0
3265 0
3266 0
3267 0
3268 0
3269 0
3270 0
3271 0
3272 0
3273 0
3274 0
3275 0
3276 0
3277 0
3278 0
3279 0
3280 0
3281 0
3282 0
3283 0
3284 0
3285 0
3286 0
3287 0
3288 0
3289 0
3290 0
3291 0
3292 0
3293 0
3294 0
3295 0
3296 0
3297 0
3298 0
3299 0
3300 0
3301 0
3302 0
3303 0
3304 0
3305 0
3306 0
3307 0
3308 0
3309 0
3310 0
3311 1
3312 0
3313 0
3314 0
3315 0
3316 0
3317 0
3318 0
3319 0
3320 0
3321 0
3322 0
3323 0
3324 0
3325 0
3326 0
3327 0
3328 0
3329 0
3330 0
3331 0
3332 0
3333 0
3334 0
3335 0
3336 0
3337 0
3338 0
3339 0
3340 0
3341 0
3342 0
3343 0
3344 0
3345 0
3346 0
3347 0
3348 0
3349 0
3350 0
3351 0
3352 0
3353 0
3354 0
3355 0
3356 0
3357 0
3358 0
3359 0
3360 0
3361 0
3362 0
3363 0
3364 0
3365 0
3366 0
3367 0
3368 0
3369 0
3370 0
3371 0
3372 0
3373 0
3374 0
3375 0
3376 0
3377 0
3378 0
3379 0
3380 0
3381 0
3382 0
3383 0
3384 0
3385 0
3386 0
3387 0
3388 0
3389 0
3390 0
3391 0
3392 0
3393 0
3394 0
3395 0
3396 0
3397 0
3398 0
3399 0
3400 0
3401 0
3402 0
3403 0
3404 0
3405 0
3406 0
3407 0
3408 0
3409 0
3410 0
3411 0
3412 0
3413 0
3414 0
3415 0
3416 0
3417 0
3418 0
3419 0
3420 0
3421 0
3422 0
3423 0
3424 0
3425 0
3426 0
3427 0
3428 0
3429 0
3430 0
3431 0
3432 0
3433 0
3434 0
3435 0
3436 0
3437 0
3438 0
3439 0
3440 0
3441 0
3442 0
3443 0
3444 0
3445 0
3446 0
3447 0
3448 0
3449 0
3450 0
3451 0
3452 0
3453 0
3454 0
3455 0
3456 0
3457 0
3458 0
3459 0
3460 0
3461 0
3462 0
3463 0
3464 0
3465 0
3466 0
3467 0
3468 0
3469 0
3470 0
3471 0
3472 0
3473 0
3474 0
3475 0
3476 0
3477 0
3478 0
3479 0
3480 0
3481 0
3482 0
3483 0
3484 0
3485 0
3486 0
3487 0
3488 0
3489 0
3490 0
3491 1
3492 0
3493 0
3494 0
3495 0
3496 0
3497 0
3498 0
3499 0
3500 0
3501 0
3502 0
3503 0
3504 0
3505 0
3506 0
3507 0
3508 0
3509 0
3510 0
3511 0
3512 0
3513 0
3514 0
3515 0
3516 0
3517 0
3518 0
3519 0
3520 0
3521 0
3522 0
3523 0
3524 0
3525 0
3526 0
3527 0
3528 0
3529 0
3530 0
3531 0
3532 0
3533 0
3534 0
3535 0
3536 0
3537 0
3538 0
3539 0
3540 0
3541 0
3542 0
3543 0
3544 0
3545 0
3546 0
3547 0
3548 0
3549 0
3550 0
3551 0
3552 0
3553 0
3554 0
3555 0
3556 0
3557 0
3558 0
3559 0
3560 0
3561 0
3562 0
3563 0
3564 0
3565 0
3566 0
3567 0
3568 0
3569 0
3570 0
3571 0
3572 0
3573 0
3574 0
3575 0
3576 0
3577 0
3578 0
3579 0
3580 0
3581 0
3582 0
3583 0
3584 0
3585 0
3586 0
3587 0
3588 0
3589 0
3590 0
3591 0
3592 0
3593 0
3594 0
3595 0
3596 0
3597 0
3598 0
3599 0
3600 0
3601 0
3602 0
3603 0
3604 0
3605 0
3606 0
3607 0
3608 0
3609 0
3610 0
3611 0
3612 0
3613 0
3614 0
3615 0
3616 0
3617 0
3618 0
3619 0
3620 0
3621 0
3622 0
3623 0
3624 0
3625 0
3626 0
3627 0
3628 0
3629 0
3630 0
3631 0
3632 0
3633 0
3634 0
3635 0
3636 0
3637 0
3638 0
3639 0
3640 0
3641 0
3642 0
3643 0
3644 0
3645 0
3646 0
3647 0
3648 0
3649 0
3650 0
3651 0
3652 0
3653 0
3654 0
3655 0
3656 0
3657 0
3658 0
3659 0
3660 0
3661 0
3662 0
3663 0
3664 0
3665 0
3666 0
3667 0
3668 0
3669 0
3670 0
3671 0
3672 0
3673 0
3674 0
3675 0
3676 0
3677 0
3678 0
3679 0
3680 0
3681 0
3682 0
3683 0
3684 0
3685 0
3686 0
3687 0
3688 0
3689 0
3690 0
3691 0
3692 0
3693 0
3694 0
3695 0
3696 0
3697 0
3698 0
3699 0
3700 0
3701 0
3702 0
3703 0
3704 0
3705 0
3706 0
3707 0
3708 0
3709 0
3710 0
3711 0
3712 0
3713 0
3714 0
3715 0
3716 0
3717 0
3718 0
3719 0
3720 0
3721 0
3722 0
3723 0
3724 0
3725 0
3726 0
3727 0
3728 0
3729 0
3730 0
3731 0
3732 0
3733 0
3734 0
3735 0
3736 0
3737 0
3738 0
3739 0
3740 0
3741 0
3742 0
3743 0
3744 0
3745 0
3746 0
3747 0
3748 0
3749 0
3750 0
3751 0
3752 0
3753 0
3754 0
3755 0
3756 0
3757 0
3758 0
3759 0
3760 0
3761 0
3762 0
3763 0
3764 0
3765 0
3766 0
3767 0
3768 0
3769 0
3770 0
3771 0
3772 0
3773 0
3774 0
3775 0
3776 0
3777 0
3778 0
3779 0
3780 0
3781 0
3782 0
3783 0
3784 0
3785 0
3786 0
3787 0
3788 0
3789 0
3790 0
3791 0
3792 0
3793 0
3794 0
3795 0
3796 0
3797 0
3798 0
3799 0
3800 0
3801 0
3802 0
3803 0
3804 0
3805 0
3806 0
3807 0
3808 0
3809 0
3810 0
3811 0
3812 0
3813 0
3814 0
3815 0
3816 0
3817 0
3818 0
3819 0
3820 0
3821 0
3822 0
3823 0
3824 0
3825 0
3826 0
3827 0
3828 0
3829 0
3830 0
3831 0
3832 0
3833 0
3834 0
3835 0
3836 0
3837 0
3838 0
3839 0
3840 0
3841 0
3842 0
3843 0
3844 0
3845 0
3846 0
3847 0
3848 0
3849 0
3850 0
3851 0
3852 0
3853 0
3854 0
3855 0
3856 0
3857 0
3858 0
3859 0
3860 0
3861 0
3862 0
3863 0
3864 0
3865 0
3866 0
3867 0
3868 0
3869 0
3870 0
3871 0
3872 0
3873 0
3874 0
3875 0
3876 0
3877 0
3878 0
3879 0
3880 0
3881 0
3882 0
3883 0
3884 0
3885 0
3886 0
3887 0
3888 0
3889 0
3890 0
3891 0
3892 0
3893 0
3894 0
3895 0
3896 0
3897 1
3898 0
3899 0
3900 0
3901 0
3902 0
3903 0
3904 0
3905 0
3906 0
3907 0
3908 0
3909 0
3910 0
3911 0
3912 0
3913 0
3914 0
3915 0
3916 0
3917 0
3918 0
3919 0
3920 0
3921 0
3922 0
3923 0
3924 0
3925 0
3926 0
3927 0
3928 0
3929 0
3930 0
3931 0
3932 1
3933 0
3934 0
3935 0
3936 0
3937 0
3938 0
3939 0
3940 0
3941 0
3942 0
3943 0
3944 0
3945 0
3946 0
3947 0
3948 0
3949 0
3950 0
3951 0
3952 0
3953 0
3954 0
3955 0
3956 0
3957 0
3958 0
3959 0
3960 0
3961 0
3962 0
3963 0
3964 0
3965 0
3966 0
3967 0
3968 0
3969 0
3970 0
3971 0
3972 0
3973 0
3974 0
3975 0
3976 0
3977 0
3978 0
3979 0
3980 0
3981 0
3982 0
3983 0
3984 0
3985 0
3986 0
3987 0
3988 0
3989 0
3990 0
3991 0
3992 0
3993 0
3994 0
3995 0
3996 0
3997 0
3998 0
3999 0
4000 0
