0 0
1 0
2 0
3 0
4 0
5 0
6 0
7 0
8 0
9 0
10 0
11 0
12 0
13 0
14 0
15 0
16 0
17 0
18 0
19 0
20 0
21 0
22 0
23 0
24 0
25 0
26 0
27 0
28 0
29 0
30 0
31 0
32 0
33 0
34 0
35 0
36 0
37 0
38 0
39 0
40 0
41 0
42 0
43 0
44 0
45 0
46 0
47 0
48 0
49 0
50 0
51 0
52 0
53 0
54 0
55 0
56 0
57 0
58 0
59 0
60 0
61 0
62 0
63 0
64 0
65 0
66 0
67 0
68 0
69 0
70 0
71 0
72 0
73 0
74 0
75 0
76 0
77 0
78 0
79 0
80 0
81 0
82 0
83 0
84 0
85 0
86 0
87 0
88 0
89 0
90 0
91 0
92 0
93 0
94 0
95 0
96 0
97 0
98 0
99 0
100 0
101 0
102 0
103 0
104 0
105 0
106 0
107 0
108 0
109 0
110 0
111 0
112 0
113 0
114 0
115 0
116 0
117 0
118 0
119 0
120 0
121 0
122 0
123 0
124 0
125 0
126 0
127 0
128 0
129 0
130 0
131 0
132 0
133 0
134 0
135 0
136 0
137 0
138 0
139 0
140 0
141 0
142 0
143 0
144 0
145 0
146 0
147 0
148 0
149 0
150 0
151 0
152 1
153 2
154 0
155 4
156 2
157 2
158 2
159 3
160 3
161 2
162 1
163 4
164 3
165 4
166 7
167 1
168 5
169 4
170 3
171 2
172 2
173 5
174 4
175 18
176 16
177 38
178 53
179 67
180 69
181 106
182 106
183 149
184 190
185 235
186 420
187 802
188 1123
189 1571
190 1823
191 1958
192 2004
193 1984
194 1818
195 1795
196 1490
197 1429
198 1263
199 1152
200 991
201 838
202 785
203 708
204 664
205 606
206 570
207 505
208 478
209 413
210 428
211 403
212 411
213 396
214 402
215 347
216 382
217 405
218 393
219 372
220 366
221 402
222 410
223 351
224 391
225 389
226 413
227 411
228 441
229 432
230 432
231 436
232 444
233 476
234 440
235 418
236 403
237 460
238 422
239 473
240 464
241 447
242 458
243 466
244 459
245 490
246 469
247 494
248 475
249 483
250 481
251 473
252 510
253 479
254 496
255 503
256 508
257 500
258 515
259 509
260 535
261 538
262 510
263 548
264 531
265 537
266 531
267 519
268 559
269 564
270 532
271 518
272 557
273 582
274 557
275 528
276 556
277 560
278 622
279 568
280 616
281 616
282 605
283 601
284 618
285 584
286 574
287 564
288 587
289 644
290 648
291 656
292 577
293 628
294 608
295 595
296 685
297 635
298 626
299 618
300 626
301 660
302 650
303 640
304 661
305 660
306 640
307 664
308 689
309 649
310 707
311 724
312 664
313 735
314 701
315 709
316 729
317 682
318 764
319 754
320 724
321 725
322 750
323 751
324 722
325 767
326 756
327 734
328 696
329 707
330 743
331 736
332 758
333 767
334 762
335 769
336 788
337 777
338 793
339 804
340 766
341 768
342 820
343 819
344 826
345 821
346 824
347 784
348 778
349 793
350 828
351 890
352 829
353 880
354 814
355 810
356 863
357 864
358 831
359 800
360 757
361 801
362 882
363 845
364 851
365 879
366 821
367 825
368 858
369 867
370 880
371 838
372 885
373 868
374 867
375 868
376 873
377 865
378 849
379 891
380 832
381 908
382 870
383 852
384 867
385 903
386 828
387 880
388 879
389 844
390 885
391 831
392 833
393 867
394 877
395 855
396 866
397 912
398 841
399 896
400 876
401 821
402 882
403 865
404 841
405 921
406 844
407 850
408 844
409 886
410 839
411 839
412 823
413 848
414 841
415 838
416 876
417 882
418 859
419 808
420 841
421 842
422 847
423 909
424 884
425 807
426 840
427 784
428 792
429 860
430 821
431 785
432 857
433 815
434 880
435 814
436 855
437 832
438 786
439 805
440 824
441 758
442 817
443 874
444 827
445 801
446 774
447 778
448 743
449 730
450 798
451 690
452 801
453 724
454 820
455 733
456 785
457 785
458 763
459 725
460 764
461 748
462 733
463 725
464 736
465 747
466 754
467 724
468 717
469 714
470 682
471 705
472 711
473 714
474 690
475 685
476 685
477 707
478 634
479 652
480 631
481 689
482 625
483 701
484 697
485 679
486 667
487 629
488 678
489 634
490 621
491 636
492 611
493 595
494 628
495 584
496 613
497 593
498 597
499 576
500 580
501 584
502 594
503 595
504 572
505 536
506 514
507 573
508 521
509 554
510 616
511 550
512 588
513 512
514 525
515 553
516 561
517 491
518 499
519 493
520 465
521 499
522 479
523 484
524 484
525 512
526 513
527 493
528 508
529 450
530 418
531 470
532 449
533 423
534 464
535 463
536 457
537 447
538 454
539 412
540 448
541 387
542 423
543 412
544 418
545 444
546 398
547 409
548 403
549 396
550 409
551 429
552 388
553 374
554 371
555 350
556 347
557 329
558 347
559 349
560 332
561 326
562 342
563 376
564 319
565 325
566 334
567 346
568 359
569 322
570 366
571 339
572 291
573 326
574 324
575 293
576 306
577 322
578 302
579 277
580 275
581 267
582 260
583 263
584 315
585 316
586 278
587 290
588 303
589 279
590 281
591 268
592 233
593 271
594 277
595 261
596 257
597 275
598 264
599 238
600 226
601 300
602 256
603 250
604 243
605 245
606 254
607 245
608 240
609 240
610 245
611 237
612 225
613 230
614 217
615 204
616 252
617 216
618 220
619 231
620 207
621 193
622 206
623 203
624 203
625 224
626 179
627 207
628 214
629 216
630 189
631 212
632 186
633 204
634 180
635 202
636 209
637 188
638 187
639 159
640 188
641 175
642 167
643 182
644 184
645 198
646 180
647 194
648 185
649 177
650 177
651 164
652 175
653 171
654 153
655 191
656 173
657 186
658 164
659 155
660 173
661 159
662 155
663 144
664 146
665 167
666 149
667 158
668 148
669 153
670 153
671 143
672 150
673 156
674 127
675 156
676 165
677 149
678 151
679 152
680 141
681 170
682 132
683 155
684 159
685 144
686 140
687 156
688 132
689 139
690 138
691 139
692 143
693 156
694 133
695 142
696 122
697 146
698 150
699 104
700 152
701 124
702 134
703 146
704 133
705 147
706 102
707 125
708 120
709 132
710 131
711 137
712 137
713 129
714 147
715 113
716 113
717 132
718 119
719 132
720 122
721 114
722 117
723 137
724 111
725 104
726 123
727 132
728 130
729 110
730 140
731 126
732 114
733 119
734 124
735 119
736 131
737 120
738 125
739 130
740 119
741 118
742 115
743 125
744 118
745 103
746 135
747 111
748 106
749 107
750 126
751 117
752 118
753 116
754 110
755 102
756 106
757 110
758 101
759 119
760 117
761 104
762 113
763 117
764 109
765 89
766 107
767 114
768 127
769 109
770 103
771 114
772 120
773 99
774 109
775 120
776 92
777 106
778 98
779 119
780 110
781 119
782 113
783 109
784 132
785 117
786 128
787 103
788 122
789 112
790 102
791 111
792 110
793 125
794 115
795 130
796 129
797 115
798 111
799 127
800 117
801 99
802 117
803 114
804 114
805 101
806 98
807 101
808 81
809 115
810 119
811 110
812 103
813 121
814 116
815 105
816 87
817 107
818 111
819 119
820 117
821 100
822 115
823 106
824 109
825 101
826 114
827 115
828 98
829 99
830 95
831 126
832 117
833 100
834 110
835 103
836 106
837 91
838 106
839 103
840 90
841 112
842 97
843 103
844 103
845 97
846 102
847 101
848 122
849 97
850 95
851 99
852 103
853 90
854 121
855 89
856 103
857 93
858 98
859 93
860 102
861 97
862 105
863 102
864 97
865 94
866 98
867 105
868 89
869 99
870 85
871 106
872 108
873 91
874 95
875 99
876 105
877 88
878 90
879 90
880 67
881 107
882 99
883 85
884 102
885 92
886 93
887 91
888 96
889 86
890 92
891 87
892 86
893 92
894 100
895 89
896 84
897 97
898 103
899 88
900 80
901 83
902 77
903 90
904 75
905 85
906 80
907 91
908 93
909 80
910 95
911 93
912 82
913 79
914 87
915 75
916 91
917 85
918 87
919 88
920 83
921 89
922 98
923 81
924 97
925 82
926 101
927 98
928 100
929 77
930 93
931 95
932 85
933 93
934 70
935 73
936 61
937 74
938 79
939 87
940 80
941 68
942 79
943 90
944 93
945 74
946 81
947 67
948 70
949 72
950 71
951 70
952 82
953 82
954 76
955 61
956 96
957 66
958 61
959 87
960 74
961 90
962 77
963 87
964 59
965 60
966 74
967 81
968 82
969 62
970 86
971 88
972 60
973 67
974 63
975 72
976 68
977 59
978 83
979 79
980 80
981 64
982 62
983 62
984 76
985 72
986 67
987 74
988 64
989 74
990 63
991 64
992 78
993 47
994 73
995 61
996 59
997 70
998 81
999 42
1000 56
1001 56
1002 76
1003 78
1004 62
1005 51
1006 66
1007 63
1008 79
1009 51
1010 69
1011 64
1012 57
1013 63
1014 64
1015 50
1016 59
1017 63
1018 45
1019 60
1020 53
1021 54
1022 71
1023 53
1024 47
1025 50
1026 61
1027 59
1028 52
1029 56
1030 44
1031 57
1032 60
1033 55
1034 62
1035 62
1036 50
1037 47
1038 60
1039 61
1040 54
1041 52
1042 61
1043 64
1044 44
1045 48
1046 50
1047 56
1048 57
1049 44
1050 57
1051 44
1052 50
1053 48
1054 44
1055 35
1056 47
1057 64
1058 55
1059 46
1060 51
1061 46
1062 56
1063 44
1064 49
1065 51
1066 51
1067 54
1068 41
1069 53
1070 63
1071 51
1072 42
1073 53
1074 38
1075 37
1076 45
1077 47
1078 41
1079 47
1080 47
1081 37
1082 50
1083 46
1084 49
1085 50
1086 62
1087 48
1088 45
1089 40
1090 38
1091 52
1092 50
1093 39
1094 41
1095 43
1096 40
1097 48
1098 50
1099 44
1100 49
1101 34
1102 44
1103 51
1104 43
1105 45
1106 48
1107 39
1108 40
1109 42
1110 42
1111 43
1112 42
1113 43
1114 38
1115 33
1116 25
1117 40
1118 32
1119 33
1120 38
1121 26
1122 45
1123 25
1124 39
1125 39
1126 33
1127 31
1128 33
1129 39
1130 36
1131 43
1132 39
1133 34
1134 32
1135 43
1136 35
1137 35
1138 33
1139 31
1140 29
1141 39
1142 39
1143 27
1144 39
1145 27
1146 38
1147 47
1148 36
1149 43
1150 38
1151 36
1152 29
1153 32
1154 34
1155 39
1156 30
1157 39
1158 28
1159 28
1160 27
1161 31
1162 30
1163 32
1164 33
1165 25
1166 35
1167 26
1168 24
1169 31
1170 28
1171 34
1172 22
1173 25
1174 24
1175 33
1176 28
1177 33
1178 19
1179 27
1180 24
1181 23
1182 25
1183 26
1184 25
1185 27
1186 25
1187 29
1188 19
1189 30
1190 19
1191 30
1192 24
1193 20
1194 30
1195 27
1196 31
1197 23
1198 20
1199 18
1200 28
1201 28
1202 19
1203 28
1204 20
1205 20
1206 24
1207 17
1208 29
1209 22
1210 22
1211 19
1212 30
1213 36
1214 20
1215 15
1216 16
1217 26
1218 29
1219 30
1220 32
1221 18
1222 26
1223 19
1224 19
1225 15
1226 23
1227 14
1228 13
1229 9
1230 17
1231 12
1232 18
1233 14
1234 15
1235 38
1236 19
1237 26
1238 23
1239 17
1240 15
1241 19
1242 27
1243 25
1244 16
1245 19
1246 17
1247 23
1248 22
1249 19
1250 14
1251 13
1252 22
1253 15
1254 16
1255 22
1256 16
1257 20
1258 21
1259 21
1260 13
1261 12
1262 20
1263 18
1264 18
1265 18
1266 15
1267 18
1268 18
1269 18
1270 24
1271 18
1272 20
1273 16
1274 24
1275 15
1276 14
1277 9
1278 18
1279 14
1280 19
1281 20
1282 23
1283 15
1284 20
1285 15
1286 14
1287 15
1288 16
1289 26
1290 10
1291 16
1292 12
1293 11
1294 15
1295 18
1296 18
1297 13
1298 12
1299 12
1300 16
1301 8
1302 12
1303 13
1304 15
1305 12
1306 18
1307 9
1308 7
1309 11
1310 13
1311 9
1312 12
1313 10
1314 12
1315 8
1316 6
1317 8
1318 19
1319 9
1320 7
1321 14
1322 7
1323 9
1324 14
1325 8
1326 11
1327 18
1328 6
1329 8
1330 16
1331 18
1332 10
1333 12
1334 7
1335 10
1336 13
1337 9
1338 14
1339 10
1340 14
1341 7
1342 9
1343 10
1344 13
1345 8
1346 7
1347 12
1348 6
1349 7
1350 14
1351 15
1352 13
1353 11
1354 11
1355 10
1356 11
1357 8
1358 9
1359 11
1360 9
1361 5
1362 8
1363 13
1364 10
1365 10
1366 4
1367 13
1368 13
1369 10
1370 9
1371 10
1372 8
1373 7
1374 12
1375 12
1376 11
1377 6
1378 8
1379 6
1380 8
1381 9
1382 7
1383 8
1384 10
1385 7
1386 8
1387 4
1388 9
1389 14
1390 10
1391 3
1392 8
1393 7
1394 9
1395 10
1396 7
1397 7
1398 7
1399 5
1400 11
1401 5
1402 7
1403 4
1404 11
1405 6
1406 6
1407 5
1408 8
1409 6
1410 5
1411 8
1412 6
1413 12
1414 8
1415 6
1416 12
1417 6
1418 9
1419 9
1420 8
1421 4
1422 13
1423 8
1424 4
1425 5
1426 4
1427 9
1428 2
1429 8
1430 3
1431 10
1432 5
1433 7
1434 6
1435 4
1436 13
1437 3
1438 10
1439 5
1440 6
1441 8
1442 4
1443 6
1444 3
1445 5
1446 7
1447 2
1448 2
1449 3
1450 3
1451 3
1452 4
1453 11
1454 4
1455 10
1456 7
1457 8
1458 4
1459 3
1460 6
1461 8
1462 4
1463 9
1464 7
1465 11
1466 2
1467 10
1468 6
1469 4
1470 3
1471 4
1472 6
1473 4
1474 4
1475 8
1476 4
1477 3
1478 5
1479 3
1480 1
1481 4
1482 5
1483 5
1484 5
1485 4
1486 2
1487 6
1488 8
1489 0
1490 5
1491 2
1492 6
1493 6
1494 2
1495 7
1496 3
1497 4
1498 3
1499 3
1500 3
1501 4
1502 1
1503 5
1504 5
1505 4
1506 4
1507 0
1508 2
1509 4
1510 5
1511 2
1512 2
1513 3
1514 2
1515 2
1516 3
1517 3
1518 3
1519 4
1520 6
1521 5
1522 2
1523 4
1524 2
1525 4
1526 4
1527 2
1528 2
1529 1
1530 3
1531 3
1532 3
1533 3
1534 7
1535 1
1536 5
1537 3
1538 4
1539 9
1540 3
1541 2
1542 3
1543 4
1544 3
1545 5
1546 5
1547 1
1548 3
1549 1
1550 2
1551 6
1552 0
1553 1
1554 5
1555 3
1556 5
1557 7
1558 2
1559 4
1560 6
1561 1
1562 1
1563 5
1564 2
1565 2
1566 0
1567 7
1568 4
1569 4
1570 4
1571 2
1572 2
1573 0
1574 4
1575 1
1576 1
1577 1
1578 2
1579 3
1580 4
1581 1
1582 1
1583 2
1584 3
1585 1
1586 3
1587 0
1588 2
1589 1
1590 3
1591 2
1592 1
1593 2
1594 1
1595 2
1596 2
1597 5
1598 3
1599 3
1600 1
1601 2
1602 0
1603 3
1604 2
1605 0
1606 1
1607 4
1608 1
1609 2
1610 5
1611 1
1612 1
1613 2
1614 0
1615 2
1616 0
1617 1
1618 3
1619 0
1620 2
1621 3
1622 2
1623 1
1624 2
1625 3
1626 3
1627 2
1628 4
1629 1
1630 1
1631 0
1632 1
1633 0
1634 3
1635 1
1636 1
1637 0
1638 1
1639 2
1640 0
1641 3
1642 0
1643 1
1644 2
1645 1
1646 2
1647 2
1648 0
1649 2
1650 1
1651 4
1652 0
1653 1
1654 3
1655 0
1656 0
1657 0
1658 3
1659 1
1660 0
1661 1
1662 1
1663 1
1664 2
1665 1
1666 1
1667 3
1668 3
1669 1
1670 3
1671 2
1672 1
1673 3
1674 0
1675 1
1676 1
1677 0
1678 1
1679 0
1680 3
1681 2
1682 2
1683 1
1684 1
1685 0
1686 0
1687 2
1688 0
1689 3
1690 0
1691 1
1692 2
1693 1
1694 1
1695 2
1696 0
1697 0
1698 0
1699 2
1700 1
1701 3
1702 0
1703 1
1704 2
1705 2
1706 0
1707 1
1708 2
1709 4
1710 1
1711 2
1712 1
1713 1
1714 1
1715 1
1716 1
1717 1
1718 1
1719 0
1720 2
1721 0
1722 0
1723 0
1724 0
1725 1
1726 1
1727 3
1728 1
1729 3
1730 0
1731 1
1732 0
1733 0
1734 2
1735 0
1736 1
1737 0
1738 1
1739 0
1740 1
1741 0
1742 1
1743 1
1744 2
1745 0
1746 0
1747 1
1748 1
1749 1
1750 0
1751 1
1752 1
1753 1
1754 0
1755 0
1756 1
1757 2
1758 2
1759 1
1760 1
1761 2
1762 0
1763 2
1764 0
1765 1
1766 1
1767 1
1768 1
1769 2
1770 0
1771 0
1772 1
1773 1
1774 0
1775 0
1776 1
1777 1
1778 0
1779 0
1780 0
1781 2
1782 0
1783 0
1784 3
1785 0
1786 0
1787 1
1788 0
1789 2
1790 0
1791 1
1792 0
1793 1
1794 0
1795 1
1796 0
1797 0
1798 2
1799 0
1800 2
1801 2
1802 1
1803 0
1804 1
1805 0
1806 1
1807 1
1808 1
1809 1
1810 0
1811 2
1812 0
1813 0
1814 0
1815 0
1816 1
1817 1
1818 1
1819 0
1820 1
1821 0
1822 1
1823 1
1824 0
1825 0
1826 1
1827 0
1828 0
1829 0
1830 0
1831 0
1832 1
1833 3
1834 2
1835 0
1836 0
1837 0
1838 0
1839 1
1840 0
1841 0
1842 0
1843 0
1844 0
1845 0
1846 1
1847 2
1848 4
1849 1
1850 2
1851 0
1852 0
1853 1
1854 0
1855 0
1856 0
1857 0
1858 0
1859 1
1860 2
1861 1
1862 0
1863 2
1864 0
1865 1
1866 0
1867 1
1868 0
1869 3
1870 1
1871 0
1872 0
1873 1
1874 0
1875 0
1876 0
1877 0
1878 0
1879 1
1880 1
1881 1
1882 1
1883 2
1884 0
1885 0
1886 1
1887 0
1888 0
1889 1
1890 2
1891 0
1892 0
1893 0
1894 0
1895 1
1896 0
1897 1
1898 0
1899 0
1900 0
1901 1
1902 0
1903 0
1904 1
1905 0
1906 0
1907 0
1908 0
1909 0
1910 1
1911 0
1912 0
1913 1
1914 0
1915 0
1916 0
1917 1
1918 1
1919 1
1920 0
1921 0
1922 0
1923 0
1924 0
1925 1
1926 1
1927 0
1928 0
1929 0
1930 0
1931 0
1932 1
1933 0
1934 0
1935 0
1936 1
1937 1
1938 0
1939 0
1940 0
1941 0
1942 0
1943 1
1944 0
1945 0
1946 0
1947 0
1948 1
1949 0
1950 0
1951 0
1952 1
1953 0
1954 0
1955 1
1956 0
1957 1
1958 0
1959 0
1960 0
1961 0
1962 0
1963 0
1964 0
1965 0
1966 0
1967 0
1968 0
1969 0
1970 0
1971 0
1972 0
1973 0
1974 1
1975 0
1976 0
1977 0
1978 0
1979 0
1980 0
1981 1
1982 0
1983 0
1984 0
1985 0
1986 0
1987 0
1988 1
1989 0
1990 0
1991 0
1992 2
1993 0
1994 0
1995 0
1996 0
1997 0
1998 0
1999 0
2000 0
2001 0
2002 0
2003 1
2004 0
2005 0
2006 1
2007 0
2008 0
2009 0
2010 1
2011 0
2012 0
2013 0
2014 1
2015 0
2016 0
2017 0
2018 0
2019 1
2020 0
2021 1
2022 0
2023 0
2024 1
2025 0
2026 0
2027 0
2028 0
2029 0
2030 0
2031 0
2032 0
2033 0
2034 0
2035 0
2036 0
2037 0
2038 0
2039 0
2040 0
2041 0
2042 0
2043 0
2044 0
2045 0
2046 0
2047 0
2048 0
2049 0
2050 1
2051 0
2052 0
2053 0
2054 0
2055 0
2056 0
2057 0
2058 0
2059 0
2060 0
2061 0
2062 0
2063 0
2064 0
2065 0
2066 0
2067 0
2068 0
2069 1
2070 0
2071 0
2072 0
2073 0
2074 0
2075 1
2076 0
2077 0
2078 0
2079 0
2080 0
2081 0
2082 1
2083 1
2084 0
2085 0
2086 0
2087 0
2088 1
2089 0
2090 0
2091 0
2092 0
2093 0
2094 0
2095 0
2096 0
2097 0
2098 0
2099 0
2100 0
2101 0
2102 0
2103 0
2104 0
2105 0
2106 0
2107 0
2108 0
2109 0
2110 1
2111 0
2112 0
2113 0
2114 0
2115 0
2116 0
2117 0
2118 0
2119 0
2120 0
2121 0
2122 0
2123 0
2124 0
2125 0
2126 0
2127 0
2128 0
2129 0
2130 0
2131 0
2132 0
2133 0
2134 0
2135 0
2136 0
2137 1
2138 0
2139 1
2140 0
2141 0
2142 0
2143 0
2144 0
2145 0
2146 0
2147 0
2148 0
2149 0
2150 0
2151 0
2152 0
2153 0
2154 0
2155 0
2156 0
2157 0
2158 0
2159 0
2160 0
2161 1
2162 0
2163 0
2164 0
2165 0
2166 0
2167 0
2168 0
2169 0
2170 0
2171 0
2172 0
2173 0
2174 0
2175 0
2176 0
2177 0
2178 1
2179 0
2180 0
2181 0
2182 0
2183 0
2184 0
2185 0
2186 0
2187 0
2188 0
2189 0
2190 0
2191 0
2192 0
2193 0
2194 0
2195 1
2196 0
2197 0
2198 0
2199 0
2200 0
2201 0
2202 0
2203 0
2204 0
2205 1
2206 1
2207 0
2208 0
2209 0
2210 1
2211 0
2212 0
2213 0
2214 0
2215 0
2216 0
2217 0
2218 0
2219 0
2220 0
2221 0
2222 0
2223 0
2224 0
2225 1
2226 0
2227 0
2228 1
2229 0
2230 0
2231 0
2232 0
2233 0
2234 0
2235 0
2236 0
2237 0
2238 0
2239 0
2240 0
2241 0
2242 0
2243 0
2244 0
2245 0
2246 0
2247 0
2248 0
2249 0
2250 1
2251 0
2252 0
2253 0
2254 0
2255 0
2256 0
2257 0
2258 0
2259 0
2260 0
2261 0
2262 0
2263 0
2264 0
2265 0
2266 0
2267 0
2268 0
2269 0
2270 0
2271 0
2272 0
2273 0
2274 0
2275 0
2276 0
2277 0
2278 0
2279 0
2280 0
2281 0
2282 0
2283 0
2284 0
2285 0
2286 0
2287 0
2288 0
2289 0
2290 0
2291 0
2292 0
2293 0
2294 0
2295 0
2296 0
2297 0
2298 0
2299 0
2300 0
2301 0
2302 0
2303 0
2304 0
2305 0
2306 0
2307 0
2308 0
2309 0
2310 0
2311 0
2312 0
2313 0
2314 0
2315 0
2316 0
2317 0
2318 0
2319 0
2320 0
2321 0
2322 0
2323 0
2324 0
2325 0
2326 0
2327 0
2328 0
2329 0
2330 0
2331 0
2332 0
2333 0
2334 0
2335 0
2336 0
2337 0
2338 0
2339 0
2340 0
2341 0
2342 0
2343 0
2344 0
2345 0
2346 0
2347 1
2348 0
2349 0
2350 0
2351 0
2352 0
2353 0
2354 0
2355 0
2356 0
2357 0
2358 0
2359 0
2360 0
2361 0
2362 0
2363 0
2364 0
2365 0
2366 0
2367 0
2368 0
2369 0
2370 0
2371 0
2372 0
2373 0
2374 0
2375 0
2376 0
2377 0
2378 0
2379 0
2380 0
2381 0
2382 0
2383 0
2384 1
2385 0
2386 0
2387 0
2388 0
2389 0
2390 0
2391 0
2392 0
2393 0
2394 0
2395 0
2396 0
2397 0
2398 0
2399 0
2400 0
2401 0
2402 0
2403 0
2404 0
2405 0
2406 1
2407 0
2408 0
2409 0
2410 0
2411 0
2412 0
2413 0
2414 0
2415 0
2416 0
2417 0
2418 0
2419 0
2420 0
2421 0
2422 0
2423 0
2424 0
2425 0
2426 0
2427 0
2428 0
2429 0
2430 1
2431 0
2432 0
2433 0
2434 0
2435 0
2436 1
2437 0
2438 0
2439 0
2440 0
2441 0
2442 0
2443 0
2444 0
2445 0
2446 0
2447 0
2448 0
2449 0
2450 0
2451 0
2452 0
2453 0
2454 0
2455 0
2456 0
2457 0
2458 0
2459 0
2460 1
2461 0
2462 0
2463 0
2464 0
2465 0
2466 0
2467 0
2468 0
2469 0
2470 0
2471 0
2472 0
2473 0
2474 0
2475 0
2476 0
2477 0
2478 0
2479 0
2480 0
2481 0
2482 0
2483 0
2484 0
2485 0
2486 0
2487 0
2488 0
2489 0
2490 0
2491 0
2492 0
2493 0
2494 0
2495 0
2496 0
2497 0
2498 0
2499 0
2500 0
2501 0
2502 0
2503 0
2504 0
2505 0
2506 0
2507 0
2508 0
2509 0
2510 0
2511 0
2512 0
2513 0
2514 0
2515 0
2516 0
2517 0
2518 0
2519 0
2520 0
2521 0
2522 0
2523 0
2524 0
2525 0
2526 0
2527 0
2528 0
2529 0
2530 0
2531 0
2532 0
2533 0
2534 0
2535 0
2536 0
2537 0
2538 0
2539 0
2540 0
2541 0
2542 0
2543 0
2544 0
2545 0
2546 0
2547 0
2548 0
2549 0
2550 0
2551 1
2552 0
2553 0
2554 0
2555 0
2556 0
2557 0
2558 0
2559 0
2560 0
2561 0
2562 0
2563 0
2564 0
2565 0
2566 0
2567 0
2568 0
2569 0
2570 0
2571 0
2572 0
2573 0
2574 0
2575 0
2576 0
2577 0
2578 1
2579 0
2580 0
2581 0
2582 0
2583 0
2584 0
2585 0
2586 0
2587 0
2588 0
2589 0
2590 0
2591 0
2592 0
2593 0
2594 0
2595 0
2596 0
2597 0
2598 0
2599 0
2600 0
2601 0
2602 0
2603 0
2604 0
2605 1
2606 0
2607 0
2608 0
2609 0
2610 0
2611 0
2612 0
2613 0
2614 0
2615 0
2616 0
2617 0
2618 0
2619 0
2620 0
2621 0
2622 0
2623 0
2624 0
2625 0
2626 0
2627 0
2628 0
2629 0
2630 0
2631 0
2632 0
2633 0
2634 0
2635 0
2636 0
2637 0
2638 0
2639 0
2640 0
2641 0
2642 0
2643 0
2644 0
2645 0
2646 0
2647 0
2648 0
2649 0
2650 0
2651 0
2652 0
2653 0
2654 1
2655 0
2656 0
2657 0
2658 0
2659 0
2660 0
2661 0
2662 0
2663 0
2664 0
2665 0
2666 0
2667 0
2668 0
2669 0
2670 0
2671 0
2672 0
2673 0
2674 0
2675 0
2676 0
2677 0
2678 0
2679 0
2680 0
2681 0
2682 0
2683 0
2684 0
2685 0
2686 0
2687 0
2688 0
2689 0
2690 0
2691 0
2692 0
2693 0
2694 0
2695 0
2696 0
2697 0
2698 0
2699 0
2700 0
2701 1
2702 0
2703 0
2704 0
2705 0
2706 0
2707 0
2708 0
2709 0
2710 0
2711 0
2712 0
2713 0
2714 0
2715 0
2716 0
2717 0
2718 0
2719 0
2720 0
2721 0
2722 0
2723 0
2724 0
2725 0
2726 0
2727 0
2728 0
2729 0
2730 0
2731 0
2732 0
2733 0
2734 0
2735 0
2736 0
2737 0
2738 0
2739 0
2740 0
2741 0
2742 0
2743 0
2744 0
2745 0
2746 0
2747 0
2748 0
2749 0
2750 0
2751 0
2752 0
2753 0
2754 0
2755 0
2756 0
2757 0
2758 0
2759 0
2760 0
2761 0
2762 0
2763 0
2764 0
2765 0
2766 0
2767 0
2768 0
2769 0
2770 0
2771 0
2772 0
2773 0
2774 0
2775 0
2776 0
2777 0
2778 0
2779 0
2780 0
2781 0
2782 0
2783 0
2784 0
2785 0
2786 0
2787 0
2788 0
2789 0
2790 0
2791 0
2792 0
2793 0
2794 0
2795 0
2796 0
2797 0
2798 0
2799 0
2800 0
2801 0
2802 0
2803 0
2804 0
2805 0
2806 0
2807 0
2808 0
2809 0
2810 0
2811 0
2812 0
2813 0
2814 0
2815 0
2816 0
2817 0
2818 0
2819 0
2820 0
2821 0
2822 0
2823 0
2824 0
2825 0
2826 0
2827 0
2828 0
2829 0
2830 0
2831 0
2832 0
2833 1
2834 0
2835 0
2836 0
2837 0
2838 0
2839 0
2840 0
2841 0
2842 0
2843 0
2844 0
2845 0
2846 0
2847 0
2848 0
2849 0
2850 0
2851 0
2852 0
2853 0
2854 0
2855 0
2856 0
2857 0
2858 0
2859 0
2860 0
2861 0
2862 0
2863 0
2864 1
2865 0
2866 0
2867 0
2868 0
2869 0
2870 0
2871 0
2872 0
2873 0
2874 0
2875 0
2876 0
2877 0
2878 0
2879 0
2880 0
2881 0
2882 0
2883 0
2884 0
2885 0
2886 0
2887 0
2888 0
2889 1
2890 0
2891 0
2892 0
2893 0
2894 0
2895 0
2896 0
2897 0
2898 0
2899 0
2900 0
2901 0
2902 0
2903 0
2904 0
2905 0
2906 0
2907 0
2908 0
2909 0
2910 0
2911 0
2912 0
2913 0
2914 0
2915 0
2916 0
2917 0
2918 0
2919 0
2920 0
2921 0
2922 0
2923 0
2924 0
2925 0
2926 0
2927 0
2928 0
2929 1
2930 0
2931 0
2932 0
2933 0
2934 0
2935 0
2936 0
2937 0
2938 0
2939 0
2940 0
2941 0
2942 0
2943 1
2944 0
2945 0
2946 0
2947 0
2948 0
2949 0
2950 0
2951 0
2952 0
2953 0
2954 0
2955 0
2956 0
2957 0
2958 0
2959 0
2960 0
2961 0
2962 0
2963 0
2964 0
2965 0
2966 0
2967 0
2968 0
2969 0
2970 0
2971 0
2972 0
2973 0
2974 0
2975 0
2976 0
2977 0
2978 0
2979 0
2980 0
2981 0
2982 0
2983 0
2984 0
2985 0
2986 0
2987 0
2988 0
2989 0
2990 0
2991 0
2992 0
2993 0
2994 0
2995 0
2996 0
2997 0
2998 0
2999 0
3000 0
3001 0
3002 0
3003 0
3004 0
3005 0
3006 0
3007 0
3008 0
3009 0
3010 0
3011 0
3012 0
3013 0
3014 0
3015 0
3016 0
3017 0
3018 0
3019 0
3020 0
3021 0
3022 0
3023 0
3024 0
3025 0
3026 0
3027 0
3028 0
3029 0
3030 0
3031 0
3032 0
3033 0
3034 0
3035 0
3036 0
3037 0
3038 0
3039 0
3040 0
3041 0
3042 0
3043 0
3044 0
3045 0
3046 0
3047 0
3048 0
3049 0
3050 0
3051 0
3052 0
3053 0
3054 0
3055 0
3056 0
3057 0
3058 0
3059 0
3060 0
3061 0
3062 0
3063 0
3064 0
3065 0
3066 0
3067 0
3068 0
3069 0
3070 0
3071 0
3072 0
3073 0
3074 0
3075 0
3076 0
3077 0
3078 0
3079 0
3080 0
3081 0
3082 0
3083 0
3084 0
3085 1
3086 0
3087 0
3088 0
3089 0
3090 0
3091 0
3092 0
3093 0
3094 0
3095 0
3096 0
3097 0
3098 0
3099 0
3100 0
3101 0
3102 0
3103 0
3104 0
3105 0
3106 0
3107 0
3108 0
3109 0
3110 0
3111 0
3112 0
3113 0
3114 0
3115 0
3116 0
3117 0
3118 0
3119 0
3120 0
3121 0
3122 0
3123 0
3124 0
3125 0
3126 0
3127 0
3128 0
3129 0
3130 0
3131 0
3132 0
3133 0
3134 0
3135 0
3136 0
3137 0
3138 0
3139 0
3140 0
3141 0
3142 0
3143 0
3144 0
3145 0
3146 0
3147 0
3148 0
3149 0
3150 0
3151 0
3152 0
3153 0
3154 0
3155 0
3156 0
3157 0
3158 0
3159 0
3160 0
3161 0
3162 0
3163 0
3164 0
3165 0
3166 0
3167 0
3168 0
3169 0
3170 0
3171 0
3172 0
3173 0
3174 0
3175 0
3176 0
3177 0
3178 0
3179 0
3180 0
3181 0
3182 0
3183 0
3184 0
3185 0
3186 0
3187 0
3188 0
3189 0
3190 0
3191 0
3192 0
3193 0
3194 0
3195 0
3196 0
3197 0
3198 0
3199 0
3200 0
3201 0
3202 0
3203 0
3204 0
3205 0
3206 0
3207 0
3208 0
3209 0
3210 0
3211 0
3212 0
3213 0
3214 0
3215 0
3216 0
3217 0
3218 0
3219 0
3220 0
3221 0
3222 0
3223 0
3224 0
3225 0
3226 0
3227 0
3228 0
3229 0
3230 0
3231 0
3232 0
3233 0
3234 0
3235 0
3236 0
3237 0
3238 0
3239 0
3240 0
3241 0
3242 0
3243 0
3244 0
3245 0
3246 0
3247 0
3248 0
3249 0
3250 0
3251 0
3252 0
3253 0
3254 0
3255 0
3256 0
3257 0
3258 0
3259 0
3260 0
3261 0
3262 0
3263 0
3264 0
3265 0
3266 0
3267 0
3268 0
3269 0
3270 0
3271 0
3272 0
3273 0
3274 0
3275 0
3276 0
3277 0
3278 0
3279 0
3280 0
3281 0
3282 0
3283 0
3284 0
3285 0
3286 0
3287 0
3288 0
3289 0
3290 0
3291 0
3292 0
3293 0
3294 0
3295 0
3296 0
3297 0
3298 0
3299 0
3300 0
3301 0
3302 0
3303 0
3304 0
3305 0
3306 0
3307 0
3308 0
3309 0
3310 0
3311 0
3312 0
3313 0
3314 0
3315 0
3316 0
3317 0
3318 0
3319 0
3320 0
3321 0
3322 0
3323 0
3324 0
3325 0
3326 0
3327 0
3328 0
3329 0
3330 0
3331 0
3332 0
3333 0
3334 0
3335 0
3336 0
3337 0
3338 0
3339 0
3340 0
3341 0
3342 0
3343 0
3344 0
3345 0
3346 0
3347 0
3348 0
3349 0
3350 0
3351 0
3352 0
3353 0
3354 1
3355 0
3356 0
3357 0
3358 0
3359 0
3360 0
3361 0
3362 0
3363 0
3364 0
3365 0
3366 0
3367 0
3368 0
3369 0
3370 0
3371 0
3372 0
3373 0
3374 0
3375 0
3376 0
3377 0
3378 0
3379 0
3380 0
3381 0
3382 0
3383 0
3384 0
3385 0
3386 0
3387 0
3388 0
3389 0
3390 0
3391 0
3392 0
3393 0
3394 0
3395 0
3396 0
3397 0
3398 0
3399 0
3400 0
3401 0
3402 0
3403 0
3404 0
3405 0
3406 0
3407 0
3408 0
3409 0
3410 0
3411 0
3412 0
3413 0
3414 0
3415 0
3416 0
3417 0
3418 0
3419 0
3420 0
3421 0
3422 0
3423 0
3424 0
3425 0
3426 0
3427 0
3428 0
3429 0
3430 0
3431 0
3432 0
3433 0
3434 0
3435 0
3436 0
3437 0
3438 0
3439 0
3440 0
3441 0
3442 0
3443 0
3444 0
3445 0
3446 0
3447 0
3448 0
3449 0
3450 0
3451 0
3452 0
3453 0
3454 0
3455 0
3456 0
3457 0
3458 0
3459 0
3460 0
3461 0
3462 0
3463 0
3464 0
3465 0
3466 0
3467 0
3468 0
3469 0
3470 0
3471 0
3472 0
3473 0
3474 0
3475 0
3476 0
3477 0
3478 0
3479 0
3480 0
3481 0
3482 0
3483 0
3484 0
3485 0
3486 0
3487 0
3488 0
3489 0
3490 0
3491 0
3492 0
3493 0
3494 0
3495 0
3496 0
3497 0
3498 0
3499 0
3500 0
3501 0
3502 0
3503 0
3504 0
3505 0
3506 0
3507 0
3508 0
3509 0
3510 0
3511 0
3512 0
3513 0
3514 0
3515 0
3516 0
3517 0
3518 0
3519 0
3520 0
3521 0
3522 0
3523 0
3524 0
3525 0
3526 0
3527 0
3528 0
3529 0
3530 0
3531 0
3532 0
3533 0
3534 0
3535 0
3536 0
3537 0
3538 0
3539 0
3540 0
3541 0
3542 0
3543 0
3544 0
3545 0
3546 0
3547 0
3548 0
3549 0
3550 0
3551 0
3552 0
3553 0
3554 0
3555 0
3556 0
3557 0
3558 0
3559 0
3560 0
3561 0
3562 0
3563 0
3564 0
3565 0
3566 0
3567 1
3568 0
3569 0
3570 0
3571 0
3572 0
3573 0
3574 0
3575 0
3576 0
3577 0
3578 0
3579 0
3580 0
3581 0
3582 0
3583 0
3584 0
3585 0
3586 0
3587 0
3588 0
3589 0
3590 0
3591 0
3592 0
3593 0
3594 0
3595 0
3596 0
3597 0
3598 0
3599 0
3600 0
3601 0
3602 0
3603 0
3604 0
3605 0
3606 0
3607 0
3608 0
3609 0
3610 0
3611 0
3612 0
3613 0
3614 0
3615 0
3616 0
3617 0
3618 0
3619 0
3620 0
3621 0
3622 0
3623 0
3624 0
3625 0
3626 0
3627 0
3628 1
3629 0
3630 0
3631 0
3632 0
3633 0
3634 0
3635 0
3636 0
3637 0
3638 0
3639 0
3640 0
3641 0
3642 0
3643 0
3644 0
3645 0
3646 0
3647 0
3648 0
3649 0
3650 0
3651 0
3652 0
3653 0
3654 0
3655 0
3656 0
3657 0
3658 0
3659 0
3660 0
3661 0
3662 0
3663 0
3664 0
3665 0
3666 0
3667 0
3668 0
3669 0
3670 0
3671 0
3672 1
3673 0
3674 0
3675 0
3676 0
3677 0
3678 0
3679 0
3680 0
3681 0
3682 0
3683 0
3684 0
3685 0
3686 0
3687 0
3688 0
3689 0
3690 0
3691 0
3692 0
3693 0
3694 0
3695 0
3696 0
3697 0
3698 0
3699 0
3700 0
3701 0
3702 0
3703 0
3704 0
3705 0
3706 0
3707 0
3708 0
3709 0
3710 0
3711 0
3712 0
3713 0
3714 0
3715 0
3716 0
3717 0
3718 0
3719 0
3720 0
3721 0
3722 0
3723 0
3724 0
3725 0
3726 0
3727 0
3728 0
3729 0
3730 0
3731 0
3732 0
3733 0
3734 0
3735 0
3736 0
3737 0
3738 0
3739 0
3740 0
3741 0
3742 0
3743 0
3744 0
3745 0
3746 0
3747 0
3748 0
3749 0
3750 0
3751 0
3752 0
3753 0
3754 0
3755 0
3756 0
3757 0
3758 0
3759 0
3760 0
3761 0
3762 0
3763 0
3764 0
3765 0
3766 0
3767 0
3768 0
3769 0
3770 0
3771 0
3772 0
3773 0
3774 0
3775 0
3776 0
3777 0
3778 0
3779 0
3780 0
3781 0
3782 0
3783 0
3784 0
3785 0
3786 0
3787 0
3788 0
3789 0
3790 0
3791 0
3792 0
3793 0
3794 0
3795 0
3796 0
3797 0
3798 0
3799 0
3800 0
3801 0
3802 0
3803 0
3804 0
3805 0
3806 0
3807 0
3808 0
3809 0
3810 0
3811 0
3812 0
3813 0
3814 0
3815 0
3816 0
3817 0
3818 0
3819 0
3820 0
3821 0
3822 0
3823 0
3824 0
3825 0
3826 0
3827 0
3828 0
3829 0
3830 0
3831 0
3832 0
3833 0
3834 0
3835 0
3836 0
3837 0
3838 0
3839 0
3840 0
3841 0
3842 0
3843 0
3844 0
3845 0
3846 0
3847 0
3848 0
3849 0
3850 0
3851 0
3852 0
3853 0
3854 0
3855 0
3856 0
3857 0
3858 0
3859 0
3860 0
3861 0
3862 0
3863 0
3864 0
3865 0
3866 0
3867 0
3868 0
3869 0
3870 0
3871 0
3872 0
3873 0
3874 0
3875 0
3876 0
3877 0
3878 0
3879 0
3880 0
3881 0
3882 0
3883 0
3884 0
3885 0
3886 0
3887 0
3888 0
3889 0
3890 0
3891 0
3892 0
3893 0
3894 0
3895 0
3896 0
3897 0
3898 0
3899 0
3900 0
3901 0
3902 0
3903 0
3904 0
3905 0
3906 0
3907 0
3908 0
3909 0
3910 0
3911 0
3912 0
3913 0
3914 0
3915 0
3916 0
3917 0
3918 0
3919 0
3920 0
3921 0
3922 0
3923 0
3924 0
3925 0
3926 0
3927 0
3928 0
3929 0
3930 0
3931 0
3932 0
3933 0
3934 0
3935 0
3936 0
3937 0
3938 0
3939 0
3940 0
3941 0
3942 1
3943 0
3944 0
3945 0
3946 0
3947 0
3948 0
3949 0
3950 0
3951 0
3952 0
3953 0
3954 0
3955 0
3956 0
3957 0
3958 0
3959 0
3960 0
3961 0
3962 0
3963 0
3964 0
3965 0
3966 0
3967 0
3968 0
3969 0
3970 0
3971 0
3972 0
3973 0
3974 0
3975 0
3976 0
3977 0
3978 0
3979 0
3980 0
3981 0
3982 0
3983 0
3984 0
3985 0
3986 0
3987 0
3988 0
3989 0
3990 0
3991 0
3992 0
3993 0
3994 0
3995 0
3996 0
3997 0
3998 0
3999 0
4000 0
