0 0
1 0
2 0
3 0
4 0
5 0
6 0
7 0
8 0
9 0
10 0
11 0
12 0
13 0
14 0
15 0
16 0
17 0
18 0
19 0
20 0
21 0
22 0
23 0
24 0
25 0
26 0
27 0
28 0
29 0
30 0
31 0
32 0
33 0
34 0
35 0
36 0
37 0
38 0
39 0
40 0
41 0
42 0
43 0
44 0
45 0
46 0
47 0
48 0
49 0
50 0
51 0
52 0
53 0
54 0
55 0
56 0
57 0
58 0
59 0
60 0
61 0
62 0
63 0
64 0
65 0
66 0
67 0
68 0
69 0
70 0
71 0
72 0
73 0
74 0
75 0
76 0
77 0
78 0
79 0
80 0
81 0
82 0
83 0
84 0
85 0
86 0
87 0
88 0
89 0
90 0
91 0
92 0
93 0
94 0
95 0
96 0
97 0
98 0
99 0
100 0
101 0
102 0
103 0
104 0
105 0
106 0
107 0
108 0
109 0
110 0
111 0
112 0
113 0
114 0
115 0
116 0
117 0
118 0
119 0
120 0
121 0
122 0
123 0
124 0
125 0
126 0
127 0
128 0
129 0
130 0
131 0
132 0
133 0
134 0
135 0
136 0
137 0
138 0
139 0
140 0
141 0
142 0
143 0
144 0
145 0
146 0
147 0
148 0
149 1
150 0
151 0
152 3
153 3
154 4
155 6
156 6
157 7
158 2
159 5
160 4
161 1
162 3
163 4
164 15
165 3
166 7
167 7
168 6
169 8
170 11
171 5
172 7
173 8
174 11
175 18
176 20
177 38
178 45
179 75
180 115
181 115
182 125
183 147
184 168
185 302
186 498
187 814
188 1396
189 1957
190 2326
191 2704
192 2819
193 2855
194 2784
195 2647
196 2384
197 2139
198 1991
199 1830
200 1702
201 1557
202 1385
203 1406
204 1271
205 1269
206 1137
207 1084
208 1066
209 1045
210 1062
211 1087
212 1055
213 1043
214 1040
215 991
216 1070
217 1077
218 1070
219 1116
220 1038
221 1056
222 1061
223 1190
224 1052
225 1177
226 1109
227 1159
228 1159
229 1197
230 1221
231 1223
232 1234
233 1229
234 1217
235 1241
236 1299
237 1255
238 1260
239 1295
240 1346
241 1305
242 1291
243 1410
244 1382
245 1363
246 1401
247 1351
248 1441
249 1351
250 1409
251 1403
252 1476
253 1402
254 1461
255 1543
256 1444
257 1516
258 1445
259 1495
260 1522
261 1554
262 1537
263 1595
264 1560
265 1598
266 1646
267 1581
268 1569
269 1630
270 1606
271 1619
272 1740
273 1684
274 1688
275 1694
276 1732
277 1716
278 1689
279 1707
280 1707
281 1790
282 1718
283 1702
284 1763
285 1820
286 1857
287 1853
288 1794
289 1824
290 1799
291 1811
292 1891
293 1860
294 1936
295 1917
296 1838
297 1978
298 1836
299 1941
300 1889
301 2034
302 1997
303 1955
304 1947
305 1970
306 2003
307 2049
308 1894
309 1999
310 2025
311 2003
312 2038
313 2102
314 2051
315 2120
316 2080
317 2074
318 2016
319 2101
320 2065
321 2122
322 2058
323 2111
324 2105
325 2112
326 2084
327 2099
328 2199
329 2155
330 2127
331 2155
332 2186
333 2099
334 2138
335 2160
336 2142
337 2207
338 2148
339 2219
340 2197
341 2222
342 2210
343 2201
344 2095
345 2136
346 2201
347 2235
348 2104
349 2267
350 2168
351 2155
352 2173
353 2165
354 2079
355 2205
356 2213
357 2219
358 2216
359 2229
360 2170
361 2188
362 2143
363 2177
364 2162
365 2239
366 2195
367 2133
368 2227
369 2187
370 2186
371 2059
372 2202
373 2187
374 2118
375 2047
376 2156
377 2179
378 2082
379 2117
380 2137
381 2118
382 2050
383 2066
384 2049
385 2074
386 2130
387 2100
388 2004
389 2054
390 2078
391 2054
392 2105
393 2065
394 1982
395 2014
396 1997
397 2011
398 1993
399 1987
400 1978
401 1898
402 1925
403 1988
404 1961
405 1916
406 1891
407 1950
408 1932
409 1883
410 1855
411 1825
412 1933
413 1849
414 1917
415 1798
416 1806
417 1727
418 1858
419 1780
420 1800
421 1754
422 1776
423 1827
424 1760
425 1754
426 1705
427 1760
428 1793
429 1686
430 1711
431 1633
432 1671
433 1602
434 1570
435 1703
436 1757
437 1654
438 1595
439 1612
440 1624
441 1544
442 1540
443 1584
444 1544
445 1544
446 1538
447 1500
448 1546
449 1416
450 1456
451 1424
452 1447
453 1475
454 1413
455 1421
456 1339
457 1438
458 1413
459 1400
460 1275
461 1364
462 1366
463 1267
464 1306
465 1283
466 1270
467 1191
468 1265
469 1276
470 1279
471 1238
472 1257
473 1165
474 1234
475 1213
476 1193
477 1134
478 1201
479 1147
480 1158
481 1162
482 1087
483 1019
484 1110
485 1107
486 1090
487 1039
488 1064
489 1060
490 1057
491 985
492 1044
493 1059
494 1027
495 975
496 959
497 961
498 968
499 949
500 993
501 931
502 938
503 951
504 950
505 934
506 857
507 866
508 920
509 872
510 838
511 838
512 790
513 782
514 790
515 881
516 781
517 849
518 773
519 786
520 786
521 799
522 777
523 763
524 719
525 750
526 780
527 728
528 715
529 692
530 720
531 711
532 681
533 700
534 712
535 675
536 729
537 688
538 657
539 626
540 650
541 703
542 647
543 657
544 623
545 660
546 577
547 644
548 630
549 610
550 633
551 594
552 578
553 534
554 532
555 569
556 549
557 582
558 587
559 573
560 557
561 518
562 545
563 524
564 531
565 530
566 498
567 533
568 564
569 509
570 474
571 524
572 495
573 499
574 492
575 510
576 472
577 489
578 520
579 471
580 490
581 479
582 475
583 446
584 418
585 467
586 434
587 426
588 449
589 448
590 433
591 425
592 471
593 407
594 445
595 407
596 413
597 427
598 392
599 403
600 439
601 409
602 379
603 413
604 385
605 379
606 399
607 422
608 398
609 400
610 403
611 386
612 419
613 368
614 366
615 400
616 390
617 347
618 366
619 368
620 372
621 357
622 381
623 327
624 355
625 373
626 359
627 332
628 349
629 370
630 335
631 367
632 392
633 357
634 349
635 345
636 345
637 313
638 353
639 329
640 325
641 343
642 328
643 339
644 276
645 351
646 360
647 331
648 310
649 362
650 348
651 333
652 339
653 330
654 317
655 353
656 339
657 327
658 318
659 331
660 311
661 318
662 326
663 314
664 320
665 304
666 311
667 299
668 287
669 300
670 296
671 294
672 322
673 325
674 310
675 298
676 311
677 303
678 322
679 283
680 291
681 285
682 298
683 290
684 308
685 311
686 295
687 264
688 268
689 282
690 289
691 290
692 288
693 260
694 269
695 255
696 295
697 279
698 291
699 265
700 328
701 281
702 289
703 281
704 297
705 320
706 293
707 261
708 275
709 273
710 245
711 308
712 260
713 292
714 263
715 223
716 291
717 275
718 279
719 244
720 260
721 251
722 253
723 267
724 246
725 240
726 252
727 245
728 258
729 264
730 274
731 253
732 263
733 262
734 276
735 275
736 276
737 227
738 245
739 290
740 271
741 292
742 257
743 224
744 277
745 254
746 251
747 243
748 232
749 253
750 229
751 234
752 245
753 255
754 238
755 287
756 257
757 244
758 245
759 238
760 262
761 245
762 249
763 234
764 231
765 255
766 227
767 245
768 255
769 230
770 235
771 197
772 238
773 245
774 263
775 240
776 236
777 233
778 228
779 220
780 205
781 220
782 248
783 248
784 231
785 220
786 225
787 229
788 234
789 218
790 217
791 223
792 241
793 232
794 232
795 202
796 218
797 244
798 212
799 222
800 198
801 228
802 201
803 247
804 210
805 223
806 220
807 244
808 204
809 215
810 205
811 193
812 201
813 199
814 204
815 227
816 188
817 201
818 211
819 217
820 210
821 201
822 212
823 203
824 210
825 213
826 203
827 198
828 216
829 198
830 209
831 182
832 212
833 189
834 209
835 190
836 192
837 200
838 206
839 197
840 201
841 175
842 191
843 211
844 203
845 190
846 191
847 206
848 201
849 176
850 169
851 196
852 192
853 192
854 182
855 188
856 186
857 178
858 176
859 186
860 170
861 170
862 171
863 165
864 185
865 166
866 175
867 183
868 174
869 188
870 162
871 196
872 157
873 161
874 185
875 139
876 181
877 178
878 157
879 162
880 134
881 168
882 166
883 157
884 156
885 169
886 180
887 159
888 154
889 157
890 161
891 166
892 166
893 171
894 156
895 180
896 163
897 152
898 146
899 134
900 166
901 167
902 158
903 131
904 149
905 153
906 166
907 152
908 126
909 145
910 149
911 160
912 151
913 111
914 123
915 136
916 131
917 138
918 154
919 129
920 131
921 146
922 136
923 120
924 135
925 154
926 125
927 125
928 134
929 119
930 120
931 127
932 137
933 134
934 134
935 138
936 148
937 121
938 128
939 144
940 144
941 139
942 113
943 131
944 125
945 115
946 114
947 123
948 107
949 111
950 123
951 128
952 110
953 113
954 126
955 101
956 117
957 105
958 123
959 115
960 92
961 102
962 104
963 112
964 115
965 108
966 101
967 109
968 105
969 109
970 111
971 108
972 122
973 103
974 104
975 105
976 102
977 100
978 98
979 105
980 111
981 105
982 122
983 83
984 105
985 106
986 105
987 97
988 90
989 110
990 89
991 105
992 110
993 102
994 94
995 119
996 100
997 101
998 101
999 94
1000 82
1001 87
1002 117
1003 74
1004 86
1005 100
1006 97
1007 93
1008 88
1009 70
1010 96
1011 93
1012 76
1013 64
1014 99
1015 96
1016 82
1017 70
1018 77
1019 76
1020 93
1021 91
1022 92
1023 78
1024 79
1025 82
1026 64
1027 78
1028 76
1029 78
1030 66
1031 69
1032 81
1033 75
1034 63
1035 80
1036 71
1037 63
1038 71
1039 65
1040 61
1041 69
1042 71
1043 89
1044 69
1045 71
1046 68
1047 67
1048 60
1049 65
1050 65
1051 65
1052 68
1053 69
1054 67
1055 67
1056 72
1057 62
1058 52
1059 62
1060 70
1061 56
1062 74
1063 68
1064 76
1065 60
1066 72
1067 75
1068 50
1069 62
1070 62
1071 80
1072 61
1073 50
1074 59
1075 64
1076 58
1077 47
1078 56
1079 58
1080 47
1081 50
1082 62
1083 48
1084 66
1085 54
1086 59
1087 57
1088 59
1089 41
1090 46
1091 57
1092 59
1093 51
1094 49
1095 47
1096 51
1097 52
1098 56
1099 51
1100 53
1101 40
1102 47
1103 52
1104 42
1105 50
1106 43
1107 44
1108 60
1109 50
1110 58
1111 48
1112 51
1113 39
1114 54
1115 57
1116 51
1117 38
1118 47
1119 43
1120 48
1121 50
1122 59
1123 44
1124 53
1125 40
1126 43
1127 52
1128 52
1129 44
1130 43
1131 56
1132 34
1133 32
1134 52
1135 47
1136 49
1137 45
1138 48
1139 27
1140 45
1141 39
1142 44
1143 26
1144 38
1145 35
1146 35
1147 37
1148 37
1149 31
1150 41
1151 33
1152 46
1153 26
1154 32
1155 51
1156 38
1157 33
1158 41
1159 37
1160 33
1161 32
1162 37
1163 39
1164 30
1165 40
1166 37
1167 40
1168 35
1169 34
1170 32
1171 35
1172 33
1173 31
1174 32
1175 29
1176 32
1177 26
1178 34
1179 30
1180 31
1181 18
1182 21
1183 20
1184 29
1185 36
1186 31
1187 22
1188 31
1189 32
1190 34
1191 23
1192 33
1193 23
1194 33
1195 29
1196 30
1197 34
1198 26
1199 26
1200 23
1201 32
1202 27
1203 27
1204 22
1205 31
1206 22
1207 25
1208 30
1209 25
1210 22
1211 22
1212 25
1213 19
1214 23
1215 35
1216 27
1217 23
1218 31
1219 27
1220 19
1221 16
1222 22
1223 25
1224 25
1225 33
1226 19
1227 26
1228 24
1229 24
1230 30
1231 22
1232 27
1233 25
1234 24
1235 26
1236 28
1237 29
1238 29
1239 24
1240 21
1241 23
1242 20
1243 22
1244 18
1245 28
1246 21
1247 25
1248 27
1249 21
1250 26
1251 28
1252 28
1253 12
1254 24
1255 27
1256 17
1257 25
1258 22
1259 21
1260 21
1261 20
1262 25
1263 15
1264 22
1265 19
1266 20
1267 15
1268 19
1269 17
1270 22
1271 22
1272 14
1273 16
1274 17
1275 14
1276 15
1277 14
1278 19
1279 17
1280 17
1281 18
1282 21
1283 12
1284 16
1285 10
1286 12
1287 11
1288 17
1289 18
1290 23
1291 13
1292 12
1293 19
1294 16
1295 18
1296 25
1297 22
1298 16
1299 16
1300 16
1301 17
1302 9
1303 13
1304 20
1305 18
1306 18
1307 19
1308 14
1309 20
1310 16
1311 19
1312 21
1313 17
1314 18
1315 12
1316 19
1317 13
1318 11
1319 16
1320 11
1321 12
1322 12
1323 9
1324 17
1325 11
1326 13
1327 8
1328 9
1329 9
1330 8
1331 6
1332 16
1333 7
1334 14
1335 10
1336 11
1337 13
1338 17
1339 9
1340 13
1341 11
1342 8
1343 9
1344 11
1345 14
1346 11
1347 11
1348 13
1349 5
1350 15
1351 14
1352 4
1353 7
1354 10
1355 13
1356 12
1357 12
1358 5
1359 4
1360 18
1361 11
1362 10
1363 10
1364 9
1365 13
1366 12
1367 8
1368 13
1369 7
1370 5
1371 23
1372 14
1373 10
1374 8
1375 15
1376 11
1377 11
1378 13
1379 5
1380 7
1381 12
1382 15
1383 13
1384 12
1385 7
1386 4
1387 11
1388 4
1389 10
1390 13
1391 9
1392 5
1393 11
1394 12
1395 9
1396 8
1397 4
1398 9
1399 3
1400 6
1401 4
1402 6
1403 9
1404 9
1405 9
1406 10
1407 8
1408 9
1409 8
1410 3
1411 13
1412 9
1413 3
1414 8
1415 9
1416 8
1417 8
1418 5
1419 7
1420 8
1421 12
1422 7
1423 3
1424 10
1425 11
1426 7
1427 11
1428 6
1429 14
1430 12
1431 7
1432 9
1433 7
1434 7
1435 6
1436 8
1437 9
1438 6
1439 5
1440 10
1441 3
1442 7
1443 10
1444 6
1445 4
1446 6
1447 5
1448 5
1449 3
1450 7
1451 9
1452 11
1453 9
1454 6
1455 8
1456 3
1457 9
1458 6
1459 6
1460 7
1461 5
1462 8
1463 3
1464 8
1465 4
1466 5
1467 6
1468 5
1469 5
1470 6
1471 4
1472 6
1473 7
1474 5
1475 5
1476 6
1477 5
1478 6
1479 10
1480 7
1481 4
1482 4
1483 2
1484 4
1485 4
1486 5
1487 2
1488 7
1489 9
1490 8
1491 6
1492 4
1493 7
1494 4
1495 5
1496 5
1497 8
1498 6
1499 4
1500 9
1501 1
1502 10
1503 5
1504 1
1505 3
1506 5
1507 4
1508 7
1509 5
1510 4
1511 5
1512 7
1513 4
1514 10
1515 2
1516 5
1517 9
1518 3
1519 4
1520 3
1521 1
1522 4
1523 4
1524 3
1525 6
1526 3
1527 1
1528 3
1529 3
1530 3
1531 6
1532 3
1533 9
1534 1
1535 0
1536 3
1537 3
1538 3
1539 3
1540 1
1541 3
1542 6
1543 7
1544 1
1545 3
1546 7
1547 4
1548 6
1549 11
1550 7
1551 3
1552 2
1553 3
1554 5
1555 5
1556 4
1557 2
1558 4
1559 4
1560 5
1561 8
1562 3
1563 5
1564 3
1565 0
1566 5
1567 3
1568 2
1569 6
1570 7
1571 2
1572 5
1573 4
1574 3
1575 6
1576 4
1577 4
1578 3
1579 0
1580 3
1581 2
1582 6
1583 2
1584 1
1585 1
1586 4
1587 4
1588 2
1589 7
1590 8
1591 4
1592 2
1593 4
1594 2
1595 3
1596 5
1597 3
1598 4
1599 8
1600 6
1601 3
1602 2
1603 5
1604 3
1605 3
1606 4
1607 4
1608 4
1609 2
1610 6
1611 4
1612 3
1613 3
1614 3
1615 2
1616 3
1617 6
1618 1
1619 5
1620 3
1621 3
1622 2
1623 3
1624 2
1625 0
1626 1
1627 3
1628 3
1629 0
1630 3
1631 1
1632 1
1633 0
1634 0
1635 1
1636 0
1637 2
1638 3
1639 2
1640 2
1641 3
1642 3
1643 2
1644 2
1645 4
1646 1
1647 4
1648 3
1649 4
1650 3
1651 1
1652 0
1653 2
1654 4
1655 0
1656 7
1657 1
1658 1
1659 3
1660 3
1661 1
1662 3
1663 2
1664 3
1665 2
1666 4
1667 4
1668 0
1669 1
1670 4
1671 2
1672 2
1673 2
1674 1
1675 5
1676 3
1677 2
1678 0
1679 1
1680 0
1681 3
1682 1
1683 2
1684 0
1685 2
1686 1
1687 0
1688 3
1689 2
1690 0
1691 0
1692 1
1693 1
1694 4
1695 0
1696 1
1697 1
1698 1
1699 3
1700 0
1701 1
1702 2
1703 3
1704 1
1705 0
1706 1
1707 1
1708 2
1709 1
1710 0
1711 1
1712 2
1713 2
1714 1
1715 4
1716 1
1717 4
1718 1
1719 3
1720 0
1721 1
1722 5
1723 2
1724 0
1725 3
1726 2
1727 3
1728 0
1729 0
1730 1
1731 0
1732 1
1733 1
1734 5
1735 0
1736 1
1737 2
1738 3
1739 0
1740 0
1741 0
1742 2
1743 1
1744 0
1745 1
1746 2
1747 3
1748 1
1749 3
1750 0
1751 1
1752 2
1753 4
1754 1
1755 1
1756 0
1757 0
1758 0
1759 3
1760 1
1761 1
1762 1
1763 1
1764 2
1765 1
1766 1
1767 1
1768 0
1769 2
1770 1
1771 2
1772 1
1773 0
1774 3
1775 2
1776 0
1777 0
1778 0
1779 0
1780 2
1781 2
1782 0
1783 0
1784 1
1785 0
1786 2
1787 1
1788 0
1789 1
1790 1
1791 1
1792 0
1793 2
1794 2
1795 1
1796 1
1797 1
1798 2
1799 1
1800 0
1801 2
1802 2
1803 0
1804 0
1805 0
1806 2
1807 2
1808 0
1809 1
1810 0
1811 0
1812 2
1813 1
1814 0
1815 0
1816 4
1817 0
1818 1
1819 0
1820 1
1821 1
1822 0
1823 0
1824 2
1825 1
1826 1
1827 0
1828 0
1829 0
1830 1
1831 2
1832 0
1833 1
1834 2
1835 1
1836 1
1837 0
1838 1
1839 0
1840 1
1841 0
1842 1
1843 0
1844 0
1845 0
1846 0
1847 2
1848 0
1849 0
1850 0
1851 1
1852 0
1853 0
1854 3
1855 1
1856 0
1857 1
1858 0
1859 0
1860 1
1861 2
1862 3
1863 0
1864 1
1865 0
1866 1
1867 0
1868 0
1869 0
1870 3
1871 0
1872 0
1873 0
1874 1
1875 0
1876 0
1877 3
1878 1
1879 2
1880 2
1881 1
1882 0
1883 0
1884 0
1885 1
1886 0
1887 0
1888 0
1889 0
1890 0
1891 0
1892 0
1893 0
1894 0
1895 0
1896 1
1897 0
1898 1
1899 1
1900 1
1901 0
1902 1
1903 0
1904 0
1905 1
1906 0
1907 2
1908 0
1909 0
1910 0
1911 1
1912 0
1913 0
1914 0
1915 2
1916 0
1917 0
1918 0
1919 0
1920 0
1921 0
1922 0
1923 1
1924 0
1925 0
1926 0
1927 0
1928 0
1929 2
1930 0
1931 1
1932 0
1933 0
1934 0
1935 0
1936 0
1937 0
1938 0
1939 0
1940 1
1941 1
1942 0
1943 0
1944 0
1945 0
1946 0
1947 0
1948 1
1949 1
1950 1
1951 0
1952 0
1953 0
1954 0
1955 0
1956 0
1957 0
1958 1
1959 1
1960 0
1961 1
1962 0
1963 0
1964 0
1965 0
1966 2
1967 2
1968 0
1969 0
1970 1
1971 1
1972 1
1973 0
1974 1
1975 1
1976 0
1977 2
1978 1
1979 0
1980 1
1981 0
1982 0
1983 0
1984 0
1985 0
1986 0
1987 0
1988 0
1989 0
1990 0
1991 1
1992 0
1993 1
1994 0
1995 0
1996 0
1997 0
1998 0
1999 0
2000 2
2001 0
2002 1
2003 1
2004 0
2005 1
2006 0
2007 0
2008 0
2009 0
2010 1
2011 1
2012 0
2013 0
2014 1
2015 1
2016 0
2017 0
2018 0
2019 0
2020 0
2021 0
2022 0
2023 0
2024 0
2025 0
2026 1
2027 0
2028 0
2029 0
2030 0
2031 0
2032 0
2033 0
2034 0
2035 0
2036 1
2037 0
2038 1
2039 0
2040 1
2041 0
2042 0
2043 0
2044 0
2045 0
2046 0
2047 0
2048 0
2049 0
2050 1
2051 0
2052 0
2053 0
2054 0
2055 0
2056 1
2057 0
2058 0
2059 1
2060 1
2061 1
2062 1
2063 0
2064 0
2065 0
2066 1
2067 0
2068 1
2069 0
2070 0
2071 0
2072 0
2073 0
2074 0
2075 0
2076 0
2077 0
2078 0
2079 0
2080 0
2081 0
2082 1
2083 0
2084 1
2085 0
2086 1
2087 1
2088 1
2089 0
2090 0
2091 0
2092 1
2093 0
2094 1
2095 0
2096 0
2097 0
2098 1
2099 1
2100 0
2101 0
2102 0
2103 0
2104 0
2105 0
2106 0
2107 0
2108 0
2109 1
2110 1
2111 0
2112 0
2113 2
2114 0
2115 0
2116 0
2117 0
2118 0
2119 0
2120 1
2121 1
2122 0
2123 0
2124 0
2125 2
2126 0
2127 0
2128 0
2129 0
2130 0
2131 0
2132 0
2133 0
2134 0
2135 1
2136 0
2137 0
2138 0
2139 0
2140 0
2141 0
2142 0
2143 0
2144 0
2145 0
2146 0
2147 0
2148 0
2149 1
2150 0
2151 0
2152 0
2153 0
2154 0
2155 0
2156 0
2157 0
2158 0
2159 0
2160 0
2161 0
2162 0
2163 0
2164 0
2165 0
2166 0
2167 0
2168 0
2169 0
2170 0
2171 0
2172 0
2173 1
2174 0
2175 0
2176 0
2177 0
2178 0
2179 0
2180 0
2181 0
2182 1
2183 0
2184 0
2185 0
2186 0
2187 0
2188 0
2189 0
2190 0
2191 0
2192 0
2193 0
2194 0
2195 0
2196 0
2197 0
2198 1
2199 0
2200 0
2201 0
2202 0
2203 0
2204 0
2205 1
2206 0
2207 0
2208 0
2209 0
2210 0
2211 0
2212 1
2213 0
2214 0
2215 0
2216 0
2217 0
2218 0
2219 0
2220 0
2221 0
2222 1
2223 0
2224 0
2225 0
2226 0
2227 0
2228 0
2229 0
2230 0
2231 0
2232 0
2233 0
2234 0
2235 0
2236 0
2237 0
2238 0
2239 0
2240 0
2241 0
2242 0
2243 0
2244 0
2245 0
2246 0
2247 0
2248 0
2249 0
2250 0
2251 1
2252 0
2253 0
2254 0
2255 0
2256 0
2257 0
2258 0
2259 0
2260 0
2261 0
2262 0
2263 0
2264 1
2265 0
2266 0
2267 0
2268 0
2269 0
2270 0
2271 0
2272 0
2273 0
2274 0
2275 0
2276 0
2277 0
2278 0
2279 0
2280 0
2281 0
2282 0
2283 1
2284 0
2285 0
2286 0
2287 0
2288 0
2289 0
2290 0
2291 0
2292 0
2293 0
2294 0
2295 0
2296 0
2297 0
2298 0
2299 1
2300 0
2301 0
2302 0
2303 0
2304 0
2305 0
2306 1
2307 0
2308 1
2309 0
2310 0
2311 0
2312 0
2313 0
2314 0
2315 0
2316 0
2317 0
2318 0
2319 0
2320 0
2321 0
2322 0
2323 0
2324 0
2325 0
2326 0
2327 0
2328 1
2329 0
2330 0
2331 0
2332 0
2333 0
2334 0
2335 0
2336 0
2337 0
2338 0
2339 0
2340 0
2341 0
2342 0
2343 0
2344 2
2345 0
2346 0
2347 0
2348 0
2349 0
2350 0
2351 0
2352 0
2353 0
2354 0
2355 0
2356 0
2357 1
2358 0
2359 0
2360 0
2361 0
2362 0
2363 2
2364 0
2365 0
2366 0
2367 0
2368 0
2369 0
2370 0
2371 0
2372 0
2373 0
2374 0
2375 0
2376 0
2377 0
2378 0
2379 0
2380 0
2381 0
2382 0
2383 0
2384 0
2385 0
2386 0
2387 0
2388 0
2389 0
2390 0
2391 0
2392 0
2393 0
2394 0
2395 0
2396 0
2397 0
2398 0
2399 0
2400 0
2401 1
2402 0
2403 0
2404 0
2405 0
2406 0
2407 0
2408 0
2409 0
2410 0
2411 0
2412 0
2413 0
2414 0
2415 0
2416 0
2417 0
2418 0
2419 0
2420 0
2421 0
2422 0
2423 0
2424 0
2425 0
2426 0
2427 0
2428 0
2429 0
2430 0
2431 0
2432 1
2433 0
2434 0
2435 0
2436 0
2437 0
2438 0
2439 0
2440 0
2441 0
2442 0
2443 0
2444 0
2445 0
2446 0
2447 0
2448 0
2449 0
2450 0
2451 0
2452 0
2453 0
2454 0
2455 0
2456 0
2457 0
2458 0
2459 1
2460 0
2461 0
2462 0
2463 0
2464 0
2465 0
2466 0
2467 1
2468 0
2469 0
2470 0
2471 0
2472 0
2473 0
2474 0
2475 0
2476 0
2477 0
2478 0
2479 0
2480 0
2481 0
2482 0
2483 0
2484 0
2485 0
2486 1
2487 0
2488 0
2489 0
2490 0
2491 0
2492 0
2493 0
2494 0
2495 0
2496 0
2497 0
2498 0
2499 0
2500 0
2501 0
2502 0
2503 0
2504 0
2505 0
2506 0
2507 0
2508 0
2509 0
2510 0
2511 0
2512 0
2513 0
2514 0
2515 0
2516 0
2517 0
2518 0
2519 0
2520 0
2521 0
2522 0
2523 0
2524 0
2525 0
2526 0
2527 0
2528 0
2529 0
2530 0
2531 0
2532 0
2533 0
2534 0
2535 0
2536 1
2537 0
2538 1
2539 0
2540 0
2541 0
2542 0
2543 0
2544 0
2545 0
2546 0
2547 0
2548 0
2549 0
2550 0
2551 0
2552 0
2553 0
2554 0
2555 0
2556 0
2557 0
2558 0
2559 0
2560 0
2561 0
2562 0
2563 0
2564 0
2565 0
2566 0
2567 0
2568 0
2569 0
2570 0
2571 0
2572 0
2573 0
2574 0
2575 0
2576 0
2577 0
2578 0
2579 0
2580 0
2581 1
2582 0
2583 0
2584 0
2585 0
2586 1
2587 0
2588 0
2589 0
2590 0
2591 0
2592 0
2593 0
2594 0
2595 0
2596 0
2597 0
2598 0
2599 0
2600 0
2601 0
2602 0
2603 0
2604 0
2605 0
2606 0
2607 0
2608 0
2609 0
2610 0
2611 0
2612 0
2613 0
2614 0
2615 0
2616 0
2617 0
2618 0
2619 0
2620 0
2621 0
2622 0
2623 0
2624 0
2625 0
2626 0
2627 0
2628 0
2629 0
2630 0
2631 0
2632 0
2633 0
2634 0
2635 0
2636 0
2637 0
2638 0
2639 0
2640 0
2641 0
2642 0
2643 0
2644 0
2645 0
2646 0
2647 0
2648 0
2649 0
2650 0
2651 0
2652 0
2653 0
2654 0
2655 0
2656 0
2657 0
2658 0
2659 0
2660 0
2661 0
2662 0
2663 0
2664 0
2665 0
2666 0
2667 0
2668 0
2669 0
2670 0
2671 0
2672 0
2673 0
2674 0
2675 0
2676 0
2677 0
2678 0
2679 0
2680 0
2681 0
2682 0
2683 0
2684 0
2685 0
2686 0
2687 0
2688 0
2689 0
2690 0
2691 0
2692 0
2693 0
2694 0
2695 0
2696 0
2697 0
2698 0
2699 0
2700 0
2701 0
2702 0
2703 0
2704 0
2705 0
2706 0
2707 0
2708 0
2709 0
2710 0
2711 0
2712 0
2713 0
2714 0
2715 0
2716 1
2717 0
2718 0
2719 0
2720 0
2721 0
2722 0
2723 0
2724 0
2725 0
2726 0
2727 0
2728 0
2729 0
2730 0
2731 0
2732 0
2733 0
2734 0
2735 0
2736 0
2737 0
2738 0
2739 0
2740 0
2741 0
2742 0
2743 0
2744 0
2745 1
2746 0
2747 0
2748 0
2749 0
2750 0
2751 0
2752 0
2753 0
2754 0
2755 0
2756 0
2757 0
2758 0
2759 0
2760 0
2761 0
2762 0
2763 0
2764 0
2765 1
2766 0
2767 0
2768 0
2769 0
2770 0
2771 0
2772 0
2773 0
2774 0
2775 0
2776 0
2777 0
2778 0
2779 0
2780 0
2781 0
2782 0
2783 0
2784 0
2785 0
2786 0
2787 0
2788 0
2789 0
2790 0
2791 0
2792 0
2793 0
2794 0
2795 0
2796 0
2797 0
2798 0
2799 0
2800 0
2801 0
2802 0
2803 0
2804 0
2805 0
2806 0
2807 0
2808 0
2809 0
2810 0
2811 0
2812 0
2813 0
2814 0
2815 0
2816 0
2817 0
2818 0
2819 0
2820 0
2821 0
2822 0
2823 0
2824 0
2825 0
2826 0
2827 0
2828 0
2829 0
2830 0
2831 0
2832 0
2833 0
2834 0
2835 0
2836 0
2837 0
2838 0
2839 0
2840 0
2841 0
2842 0
2843 0
2844 0
2845 0
2846 0
2847 0
2848 0
2849 0
2850 0
2851 0
2852 0
2853 0
2854 0
2855 0
2856 0
2857 0
2858 0
2859 0
2860 0
2861 0
2862 0
2863 0
2864 0
2865 0
2866 0
2867 0
2868 0
2869 0
2870 0
2871 0
2872 0
2873 0
2874 0
2875 0
2876 0
2877 0
2878 0
2879 0
2880 0
2881 0
2882 0
2883 0
2884 0
2885 0
2886 0
2887 0
2888 0
2889 0
2890 0
2891 0
2892 0
2893 0
2894 0
2895 0
2896 0
2897 1
2898 0
2899 0
2900 0
2901 0
2902 0
2903 0
2904 0
2905 0
2906 0
2907 0
2908 0
2909 0
2910 0
2911 0
2912 0
2913 0
2914 0
2915 0
2916 0
2917 0
2918 0
2919 0
2920 0
2921 0
2922 0
2923 0
2924 0
2925 0
2926 0
2927 0
2928 0
2929 0
2930 0
2931 0
2932 0
2933 0
2934 0
2935 0
2936 0
2937 0
2938 0
2939 0
2940 0
2941 0
2942 0
2943 0
2944 0
2945 0
2946 0
2947 0
2948 0
2949 0
2950 0
2951 0
2952 0
2953 0
2954 0
2955 0
2956 0
2957 0
2958 0
2959 0
2960 0
2961 0
2962 0
2963 0
2964 0
2965 0
2966 0
2967 0
2968 0
2969 0
2970 0
2971 0
2972 0
2973 0
2974 0
2975 0
2976 0
2977 0
2978 0
2979 0
2980 0
2981 0
2982 0
2983 0
2984 0
2985 0
2986 0
2987 0
2988 0
2989 0
2990 0
2991 0
2992 0
2993 0
2994 0
2995 0
2996 0
2997 0
2998 0
2999 0
3000 0
3001 0
3002 0
3003 0
3004 0
3005 0
3006 0
3007 0
3008 0
3009 0
3010 0
3011 0
3012 0
3013 0
3014 0
3015 0
3016 0
3017 0
3018 0
3019 0
3020 0
3021 0
3022 0
3023 0
3024 0
3025 0
3026 0
3027 0
3028 0
3029 0
3030 0
3031 0
3032 0
3033 0
3034 0
3035 0
3036 0
3037 0
3038 0
3039 0
3040 0
3041 0
3042 0
3043 0
3044 0
3045 0
3046 0
3047 0
3048 0
3049 0
3050 0
3051 0
3052 0
3053 0
3054 0
3055 0
3056 0
3057 0
3058 0
3059 0
3060 0
3061 0
3062 0
3063 0
3064 0
3065 0
3066 0
3067 0
3068 0
3069 0
3070 0
3071 0
3072 0
3073 0
3074 0
3075 0
3076 0
3077 0
3078 0
3079 0
3080 0
3081 0
3082 0
3083 0
3084 0
3085 0
3086 0
3087 0
3088 0
3089 0
3090 0
3091 0
3092 0
3093 0
3094 0
3095 0
3096 0
3097 0
3098 0
3099 0
3100 0
3101 0
3102 0
3103 0
3104 0
3105 0
3106 0
3107 0
3108 0
3109 0
3110 0
3111 0
3112 0
3113 0
3114 0
3115 0
3116 0
3117 1
3118 0
3119 0
3120 0
3121 0
3122 0
3123 0
3124 0
3125 0
3126 0
3127 0
3128 0
3129 0
3130 0
3131 0
3132 0
3133 0
3134 0
3135 0
3136 0
3137 0
3138 0
3139 0
3140 0
3141 0
3142 0
3143 0
3144 0
3145 0
3146 0
3147 0
3148 0
3149 0
3150 1
3151 0
3152 0
3153 0
3154 0
3155 0
3156 0
3157 0
3158 0
3159 0
3160 0
3161 0
3162 0
3163 0
3164 0
3165 0
3166 0
3167 0
3168 0
3169 0
3170 0
3171 0
3172 0
3173 0
3174 0
3175 0
3176 0
3177 0
3178 0
3179 0
3180 0
3181 0
3182 0
3183 0
3184 0
3185 0
3186 0
3187 0
3188 0
3189 0
3190 0
3191 0
3192 0
3193 0
3194 0
3195 0
3196 0
3197 0
3198 0
3199 0
3200 0
3201 0
3202 0
3203 0
3204 0
3205 0
3206 0
3207 0
3208 0
3209 0
3210 0
3211 0
3212 0
3213 0
3214 0
3215 0
3216 0
3217 0
3218 0
3219 0
3220 0
3221 0
3222 1
3223 0
3224 0
3225 0
3226 0
3227 0
3228 0
3229 0
3230 0
3231 0
3232 0
3233 0
3234 0
3235 0
3236 0
3237 0
3238 0
3239 0
3240 1
3241 0
3242 0
3243 0
3244 0
3245 0
3246 0
3247 0
3248 0
3249 0
3250 0
3251 0
3252 0
3253 0
3254 0
3255 0
3256 0
3257 0
3258 0
3259 0
3260 0
3261 0
3262 0
3263 0
3264 0
3265 0
3266 0
3267 0
3268 0
3269 0
3270 0
3271 0
3272 0
3273 0
3274 0
3275 0
3276 0
3277 0
3278 0
3279 0
3280 0
3281 0
3282 0
3283 0
3284 0
3285 0
3286 0
3287 0
3288 0
3289 0
3290 0
3291 0
3292 0
3293 0
3294 0
3295 0
3296 0
3297 0
3298 0
3299 0
3300 0
3301 0
3302 0
3303 0
3304 0
3305 0
3306 0
3307 0
3308 0
3309 0
3310 0
3311 0
3312 0
3313 0
3314 0
3315 0
3316 0
3317 0
3318 0
3319 0
3320 0
3321 0
3322 0
3323 0
3324 0
3325 0
3326 0
3327 0
3328 0
3329 0
3330 0
3331 0
3332 0
3333 0
3334 0
3335 0
3336 0
3337 0
3338 0
3339 0
3340 0
3341 0
3342 0
3343 0
3344 0
3345 1
3346 0
3347 0
3348 0
3349 0
3350 0
3351 0
3352 0
3353 0
3354 0
3355 0
3356 0
3357 0
3358 0
3359 0
3360 0
3361 0
3362 0
3363 0
3364 0
3365 0
3366 0
3367 0
3368 0
3369 0
3370 0
3371 0
3372 0
3373 0
3374 1
3375 0
3376 0
3377 0
3378 0
3379 0
3380 0
3381 0
3382 0
3383 0
3384 0
3385 0
3386 0
3387 0
3388 0
3389 0
3390 1
3391 0
3392 0
3393 0
3394 0
3395 0
3396 0
3397 0
3398 0
3399 1
3400 0
3401 0
3402 0
3403 0
3404 0
3405 0
3406 0
3407 0
3408 0
3409 0
3410 0
3411 0
3412 0
3413 0
3414 0
3415 0
3416 0
3417 0
3418 0
3419 0
3420 0
3421 0
3422 0
3423 0
3424 0
3425 0
3426 0
3427 0
3428 0
3429 0
3430 0
3431 0
3432 0
3433 0
3434 0
3435 0
3436 0
3437 0
3438 0
3439 0
3440 1
3441 0
3442 0
3443 0
3444 0
3445 0
3446 0
3447 0
3448 0
3449 0
3450 0
3451 0
3452 0
3453 0
3454 0
3455 0
3456 0
3457 0
3458 0
3459 0
3460 0
3461 0
3462 0
3463 0
3464 0
3465 0
3466 0
3467 0
3468 0
3469 0
3470 0
3471 0
3472 0
3473 0
3474 0
3475 0
3476 0
3477 0
3478 0
3479 0
3480 0
3481 0
3482 0
3483 0
3484 0
3485 0
3486 0
3487 1
3488 0
3489 0
3490 0
3491 0
3492 0
3493 0
3494 0
3495 0
3496 0
3497 0
3498 0
3499 0
3500 0
3501 0
3502 0
3503 0
3504 0
3505 0
3506 0
3507 0
3508 0
3509 0
3510 0
3511 0
3512 0
3513 0
3514 0
3515 0
3516 1
3517 0
3518 0
3519 0
3520 0
3521 0
3522 1
3523 0
3524 0
3525 0
3526 0
3527 0
3528 0
3529 0
3530 0
3531 0
3532 0
3533 0
3534 0
3535 0
3536 0
3537 0
3538 0
3539 1
3540 0
3541 0
3542 0
3543 0
3544 0
3545 0
3546 0
3547 0
3548 0
3549 0
3550 0
3551 0
3552 0
3553 0
3554 0
3555 0
3556 0
3557 0
3558 0
3559 0
3560 0
3561 0
3562 0
3563 0
3564 0
3565 0
3566 0
3567 0
3568 0
3569 0
3570 1
3571 0
3572 0
3573 0
3574 0
3575 0
3576 0
3577 0
3578 0
3579 0
3580 0
3581 0
3582 0
3583 0
3584 0
3585 0
3586 0
3587 0
3588 0
3589 0
3590 0
3591 0
3592 0
3593 0
3594 0
3595 0
3596 0
3597 0
3598 0
3599 0
3600 0
3601 0
3602 0
3603 0
3604 0
3605 0
3606 0
3607 0
3608 0
3609 0
3610 0
3611 0
3612 0
3613 0
3614 0
3615 0
3616 0
3617 0
3618 0
3619 0
3620 0
3621 0
3622 0
3623 0
3624 0
3625 0
3626 1
3627 0
3628 0
3629 0
3630 0
3631 0
3632 0
3633 1
3634 0
3635 0
3636 0
3637 0
3638 0
3639 0
3640 0
3641 0
3642 0
3643 0
3644 0
3645 0
3646 0
3647 0
3648 0
3649 0
3650 0
3651 0
3652 0
3653 0
3654 0
3655 0
3656 0
3657 0
3658 0
3659 0
3660 0
3661 0
3662 0
3663 0
3664 0
3665 0
3666 0
3667 0
3668 0
3669 0
3670 0
3671 0
3672 0
3673 0
3674 0
3675 0
3676 0
3677 0
3678 0
3679 0
3680 0
3681 0
3682 0
3683 0
3684 0
3685 0
3686 0
3687 0
3688 0
3689 1
3690 0
3691 0
3692 0
3693 0
3694 0
3695 0
3696 0
3697 0
3698 0
3699 0
3700 1
3701 0
3702 0
3703 0
3704 0
3705 0
3706 0
3707 0
3708 0
3709 0
3710 0
3711 0
3712 0
3713 0
3714 0
3715 0
3716 0
3717 0
3718 0
3719 0
3720 0
3721 0
3722 0
3723 0
3724 0
3725 0
3726 0
3727 0
3728 0
3729 0
3730 0
3731 0
3732 0
3733 0
3734 0
3735 0
3736 0
3737 1
3738 0
3739 0
3740 0
3741 0
3742 0
3743 0
3744 0
3745 0
3746 0
3747 0
3748 0
3749 0
3750 0
3751 0
3752 0
3753 0
3754 0
3755 0
3756 0
3757 0
3758 0
3759 0
3760 0
3761 0
3762 0
3763 0
3764 0
3765 0
3766 0
3767 0
3768 0
3769 0
3770 0
3771 0
3772 0
3773 0
3774 0
3775 0
3776 0
3777 0
3778 0
3779 0
3780 0
3781 0
3782 0
3783 0
3784 0
3785 0
3786 0
3787 0
3788 0
3789 0
3790 0
3791 0
3792 0
3793 0
3794 0
3795 0
3796 0
3797 0
3798 0
3799 0
3800 0
3801 0
3802 0
3803 0
3804 0
3805 0
3806 0
3807 0
3808 0
3809 0
3810 0
3811 0
3812 0
3813 0
3814 0
3815 0
3816 0
3817 0
3818 0
3819 0
3820 0
3821 0
3822 0
3823 0
3824 0
3825 0
3826 0
3827 0
3828 0
3829 0
3830 0
3831 0
3832 0
3833 0
3834 0
3835 0
3836 0
3837 0
3838 0
3839 0
3840 0
3841 0
3842 0
3843 0
3844 0
3845 0
3846 0
3847 0
3848 0
3849 0
3850 0
3851 0
3852 0
3853 0
3854 0
3855 0
3856 0
3857 0
3858 0
3859 0
3860 0
3861 0
3862 0
3863 0
3864 0
3865 0
3866 0
3867 0
3868 0
3869 0
3870 0
3871 0
3872 0
3873 0
3874 0
3875 0
3876 0
3877 0
3878 0
3879 0
3880 0
3881 0
3882 0
3883 0
3884 0
3885 0
3886 0
3887 0
3888 0
3889 0
3890 0
3891 0
3892 0
3893 0
3894 0
3895 0
3896 0
3897 0
3898 0
3899 0
3900 0
3901 0
3902 0
3903 0
3904 0
3905 0
3906 0
3907 0
3908 0
3909 0
3910 0
3911 0
3912 0
3913 0
3914 0
3915 0
3916 0
3917 0
3918 0
3919 0
3920 0
3921 0
3922 0
3923 0
3924 0
3925 0
3926 0
3927 0
3928 0
3929 0
3930 0
3931 0
3932 0
3933 0
3934 0
3935 0
3936 0
3937 0
3938 0
3939 0
3940 0
3941 0
3942 0
3943 0
3944 0
3945 0
3946 0
3947 0
3948 0
3949 0
3950 0
3951 0
3952 0
3953 0
3954 0
3955 0
3956 0
3957 0
3958 0
3959 0
3960 0
3961 0
3962 0
3963 0
3964 0
3965 0
3966 0
3967 0
3968 0
3969 0
3970 0
3971 0
3972 1
3973 0
3974 0
3975 0
3976 0
3977 0
3978 0
3979 0
3980 0
3981 0
3982 0
3983 0
3984 0
3985 0
3986 0
3987 0
3988 0
3989 0
3990 0
3991 0
3992 0
3993 0
3994 0
3995 0
3996 0
3997 0
3998 0
3999 0
4000 0
