0 0
1 0
2 0
3 0
4 0
5 0
6 0
7 0
8 0
9 0
10 0
11 0
12 0
13 0
14 0
15 0
16 0
17 0
18 0
19 0
20 0
21 0
22 0
23 0
24 0
25 0
26 0
27 0
28 0
29 0
30 0
31 0
32 0
33 0
34 0
35 0
36 0
37 0
38 0
39 0
40 0
41 0
42 0
43 0
44 0
45 0
46 0
47 0
48 0
49 0
50 0
51 0
52 0
53 0
54 0
55 0
56 0
57 0
58 0
59 0
60 0
61 0
62 0
63 0
64 0
65 0
66 0
67 0
68 0
69 0
70 0
71 0
72 0
73 0
74 0
75 0
76 0
77 0
78 0
79 0
80 0
81 0
82 0
83 0
84 0
85 0
86 0
87 0
88 0
89 0
90 0
91 0
92 0
93 0
94 0
95 0
96 0
97 0
98 0
99 0
100 0
101 0
102 0
103 0
104 0
105 0
106 0
107 0
108 0
109 0
110 0
111 0
112 0
113 0
114 0
115 0
116 0
117 0
118 0
119 0
120 0
121 0
122 0
123 0
124 0
125 0
126 0
127 0
128 0
129 0
130 0
131 0
132 0
133 0
134 0
135 0
136 0
137 0
138 0
139 0
140 0
141 0
142 0
143 0
144 0
145 0
146 0
147 0
148 0
149 0
150 0
151 0
152 1
153 6
154 7
155 4
156 4
157 7
158 8
159 6
160 7
161 3
162 3
163 9
164 8
165 4
166 7
167 3
168 6
169 4
170 9
171 5
172 8
173 9
174 13
175 22
176 32
177 63
178 74
179 170
180 180
181 236
182 272
183 313
184 390
185 530
186 888
187 1402
188 2251
189 3126
190 3968
191 4469
192 4673
193 4436
194 4374
195 4154
196 3692
197 3290
198 3071
199 2658
200 2419
201 2126
202 1934
203 1757
204 1500
205 1358
206 1331
207 1133
208 1027
209 971
210 864
211 799
212 859
213 831
214 820
215 836
216 812
217 817
218 722
219 717
220 768
221 801
222 840
223 794
224 791
225 794
226 787
227 840
228 802
229 815
230 817
231 802
232 828
233 861
234 799
235 850
236 859
237 868
238 886
239 906
240 801
241 853
242 898
243 905
244 914
245 894
246 857
247 848
248 949
249 897
250 894
251 913
252 908
253 918
254 934
255 929
256 919
257 913
258 976
259 902
260 925
261 950
262 968
263 944
264 1013
265 950
266 950
267 1035
268 1001
269 986
270 1009
271 940
272 1003
273 949
274 950
275 1005
276 1044
277 1028
278 1010
279 1014
280 950
281 982
282 998
283 1044
284 955
285 1029
286 932
287 1041
288 993
289 978
290 1006
291 996
292 1002
293 1020
294 1008
295 995
296 1048
297 1003
298 1018
299 1008
300 1003
301 1052
302 978
303 1046
304 999
305 1084
306 986
307 998
308 1080
309 1055
310 1019
311 1050
312 983
313 1069
314 983
315 1058
316 1043
317 1037
318 1052
319 1028
320 1042
321 1140
322 1031
323 1033
324 1036
325 1037
326 982
327 1046
328 1055
329 1060
330 1037
331 1009
332 1038
333 1066
334 1014
335 1073
336 1080
337 1044
338 1080
339 1091
340 1039
341 1093
342 1090
343 1072
344 1059
345 1113
346 1080
347 1052
348 1080
349 1087
350 1095
351 1090
352 1069
353 1096
354 1109
355 1020
356 1055
357 1100
358 1112
359 1073
360 1124
361 1061
362 1036
363 1042
364 1063
365 1079
366 1087
367 1051
368 1055
369 1184
370 1154
371 1088
372 1076
373 1178
374 1109
375 1097
376 1092
377 1131
378 1153
379 1159
380 1107
381 1096
382 1147
383 1129
384 1119
385 1204
386 1166
387 1199
388 1169
389 1155
390 1125
391 1123
392 1134
393 1205
394 1113
395 1106
396 1175
397 1156
398 1122
399 1166
400 1201
401 1202
402 1158
403 1193
404 1236
405 1198
406 1149
407 1186
408 1179
409 1234
410 1194
411 1210
412 1261
413 1201
414 1278
415 1207
416 1222
417 1259
418 1183
419 1291
420 1207
421 1280
422 1251
423 1188
424 1295
425 1258
426 1225
427 1245
428 1252
429 1278
430 1305
431 1267
432 1326
433 1336
434 1239
435 1348
436 1260
437 1335
438 1358
439 1314
440 1354
441 1363
442 1312
443 1311
444 1357
445 1341
446 1377
447 1324
448 1313
449 1338
450 1313
451 1367
452 1363
453 1401
454 1373
455 1429
456 1356
457 1314
458 1439
459 1451
460 1343
461 1438
462 1385
463 1526
464 1389
465 1375
466 1424
467 1425
468 1450
469 1457
470 1328
471 1454
472 1490
473 1395
474 1386
475 1426
476 1488
477 1437
478 1434
479 1436
480 1459
481 1552
482 1479
483 1481
484 1446
485 1426
486 1452
487 1551
488 1500
489 1420
490 1512
491 1489
492 1478
493 1523
494 1496
495 1517
496 1527
497 1528
498 1528
499 1497
500 1517
501 1467
502 1511
503 1506
504 1544
505 1499
506 1536
507 1574
508 1467
509 1506
510 1487
511 1484
512 1506
513 1521
514 1504
515 1564
516 1478
517 1519
518 1470
519 1500
520 1529
521 1548
522 1555
523 1506
524 1543
525 1557
526 1502
527 1498
528 1518
529 1529
530 1518
531 1549
532 1492
533 1521
534 1575
535 1550
536 1565
537 1510
538 1483
539 1527
540 1545
541 1531
542 1439
543 1512
544 1565
545 1565
546 1528
547 1578
548 1454
549 1540
550 1487
551 1555
552 1510
553 1488
554 1502
555 1505
556 1594
557 1454
558 1497
559 1552
560 1469
561 1458
562 1486
563 1522
564 1464
565 1445
566 1522
567 1404
568 1435
569 1485
570 1470
571 1375
572 1484
573 1424
574 1458
575 1486
576 1440
577 1458
578 1437
579 1430
580 1507
581 1389
582 1450
583 1454
584 1382
585 1359
586 1431
587 1408
588 1405
589 1357
590 1321
591 1381
592 1376
593 1357
594 1330
595 1367
596 1326
597 1345
598 1354
599 1372
600 1300
601 1359
602 1282
603 1296
604 1342
605 1333
606 1370
607 1307
608 1226
609 1264
610 1299
611 1309
612 1357
613 1254
614 1296
615 1291
616 1240
617 1193
618 1157
619 1271
620 1260
621 1267
622 1203
623 1212
624 1275
625 1156
626 1114
627 1145
628 1230
629 1226
630 1131
631 1165
632 1168
633 1123
634 1122
635 1122
636 1170
637 1064
638 1150
639 1153
640 1213
641 1130
642 1126
643 1075
644 1103
645 1123
646 1097
647 1110
648 1020
649 1113
650 962
651 1030
652 1025
653 1006
654 993
655 1052
656 1022
657 1007
658 985
659 1011
660 959
661 1022
662 956
663 982
664 1014
665 917
666 974
667 932
668 947
669 970
670 881
671 949
672 968
673 896
674 900
675 918
676 931
677 880
678 931
679 902
680 880
681 861
682 868
683 871
684 886
685 878
686 820
687 900
688 823
689 757
690 784
691 846
692 824
693 830
694 819
695 745
696 767
697 801
698 750
699 731
700 799
701 764
702 786
703 781
704 727
705 708
706 680
707 747
708 762
709 676
710 714
711 705
712 731
713 707
714 668
715 685
716 648
717 718
718 657
719 707
720 683
721 616
722 670
723 628
724 620
725 632
726 649
727 645
728 649
729 565
730 561
731 630
732 637
733 595
734 598
735 584
736 588
737 584
738 589
739 506
740 598
741 558
742 571
743 570
744 563
745 546
746 585
747 503
748 526
749 525
750 524
751 563
752 524
753 493
754 529
755 492
756 551
757 494
758 520
759 499
760 483
761 446
762 510
763 484
764 513
765 462
766 467
767 514
768 441
769 490
770 453
771 437
772 438
773 446
774 424
775 435
776 477
777 449
778 411
779 408
780 397
781 389
782 388
783 431
784 386
785 410
786 445
787 414
788 401
789 437
790 436
791 393
792 377
793 421
794 397
795 361
796 360
797 380
798 344
799 363
800 384
801 346
802 367
803 377
804 374
805 328
806 381
807 329
808 342
809 373
810 331
811 347
812 323
813 337
814 300
815 334
816 340
817 297
818 321
819 299
820 336
821 327
822 327
823 305
824 311
825 302
826 335
827 265
828 307
829 323
830 299
831 278
832 261
833 320
834 306
835 292
836 297
837 282
838 266
839 270
840 285
841 294
842 250
843 278
844 268
845 269
846 285
847 259
848 286
849 290
850 284
851 267
852 259
853 286
854 277
855 290
856 267
857 269
858 253
859 219
860 251
861 255
862 239
863 264
864 241
865 229
866 246
867 244
868 251
869 214
870 240
871 250
872 231
873 251
874 219
875 226
876 212
877 236
878 235
879 230
880 206
881 232
882 245
883 234
884 241
885 237
886 238
887 230
888 241
889 213
890 233
891 254
892 207
893 219
894 225
895 228
896 217
897 223
898 201
899 203
900 215
901 224
902 218
903 228
904 216
905 217
906 211
907 217
908 245
909 250
910 172
911 238
912 205
913 207
914 241
915 191
916 196
917 207
918 208
919 198
920 188
921 213
922 206
923 207
924 209
925 210
926 196
927 210
928 186
929 208
930 225
931 222
932 178
933 188
934 202
935 206
936 190
937 210
938 193
939 208
940 182
941 210
942 187
943 201
944 197
945 204
946 198
947 195
948 166
949 227
950 190
951 189
952 199
953 208
954 196
955 196
956 183
957 199
958 200
959 185
960 207
961 173
962 192
963 179
964 176
965 187
966 164
967 166
968 158
969 163
970 192
971 189
972 199
973 192
974 177
975 182
976 163
977 190
978 196
979 179
980 173
981 189
982 189
983 176
984 162
985 204
986 180
987 192
988 187
989 171
990 169
991 184
992 164
993 146
994 201
995 176
996 179
997 190
998 187
999 175
1000 206
1001 198
1002 192
1003 186
1004 173
1005 177
1006 180
1007 154
1008 162
1009 171
1010 195
1011 189
1012 186
1013 176
1014 183
1015 191
1016 163
1017 169
1018 188
1019 170
1020 182
1021 175
1022 193
1023 158
1024 157
1025 169
1026 195
1027 162
1028 168
1029 168
1030 167
1031 179
1032 175
1033 197
1034 173
1035 158
1036 184
1037 182
1038 188
1039 210
1040 172
1041 173
1042 194
1043 171
1044 156
1045 157
1046 178
1047 146
1048 164
1049 163
1050 140
1051 164
1052 190
1053 186
1054 185
1055 174
1056 152
1057 175
1058 154
1059 152
1060 182
1061 160
1062 186
1063 169
1064 153
1065 176
1066 162
1067 188
1068 178
1069 163
1070 182
1071 163
1072 157
1073 181
1074 178
1075 157
1076 169
1077 204
1078 166
1079 153
1080 154
1081 145
1082 157
1083 176
1084 180
1085 177
1086 172
1087 179
1088 164
1089 173
1090 157
1091 164
1092 185
1093 171
1094 177
1095 170
1096 157
1097 176
1098 174
1099 164
1100 192
1101 167
1102 177
1103 159
1104 172
1105 157
1106 169
1107 142
1108 140
1109 179
1110 159
1111 156
1112 172
1113 160
1114 180
1115 135
1116 161
1117 175
1118 193
1119 163
1120 158
1121 173
1122 207
1123 158
1124 144
1125 160
1126 145
1127 182
1128 160
1129 173
1130 157
1131 161
1132 160
1133 156
1134 152
1135 173
1136 144
1137 174
1138 155
1139 172
1140 197
1141 181
1142 158
1143 159
1144 189
1145 132
1146 138
1147 163
1148 156
1149 169
1150 190
1151 150
1152 167
1153 180
1154 155
1155 168
1156 178
1157 157
1158 145
1159 168
1160 163
1161 165
1162 166
1163 146
1164 143
1165 151
1166 139
1167 138
1168 130
1169 160
1170 142
1171 165
1172 157
1173 167
1174 164
1175 179
1176 150
1177 146
1178 147
1179 156
1180 152
1181 162
1182 152
1183 156
1184 146
1185 142
1186 161
1187 174
1188 163
1189 144
1190 152
1191 156
1192 152
1193 159
1194 148
1195 161
1196 162
1197 163
1198 156
1199 162
1200 149
1201 156
1202 145
1203 158
1204 161
1205 170
1206 160
1207 129
1208 182
1209 158
1210 156
1211 152
1212 159
1213 151
1214 146
1215 150
1216 156
1217 137
1218 151
1219 160
1220 152
1221 148
1222 140
1223 157
1224 147
1225 138
1226 146
1227 141
1228 160
1229 153
1230 148
1231 159
1232 167
1233 145
1234 140
1235 133
1236 145
1237 152
1238 145
1239 141
1240 142
1241 155
1242 154
1243 137
1244 122
1245 143
1246 151
1247 151
1248 152
1249 138
1250 132
1251 150
1252 159
1253 135
1254 126
1255 145
1256 138
1257 145
1258 134
1259 145
1260 154
1261 129
1262 140
1263 139
1264 152
1265 139
1266 127
1267 136
1268 148
1269 142
1270 138
1271 136
1272 144
1273 125
1274 130
1275 136
1276 153
1277 130
1278 123
1279 121
1280 125
1281 121
1282 109
1283 145
1284 140
1285 124
1286 128
1287 118
1288 143
1289 131
1290 121
1291 118
1292 140
1293 143
1294 133
1295 123
1296 112
1297 140
1298 133
1299 140
1300 139
1301 131
1302 144
1303 133
1304 124
1305 128
1306 122
1307 120
1308 126
1309 129
1310 113
1311 141
1312 116
1313 113
1314 133
1315 119
1316 114
1317 136
1318 133
1319 122
1320 89
1321 143
1322 122
1323 123
1324 136
1325 118
1326 134
1327 113
1328 145
1329 114
1330 101
1331 118
1332 131
1333 146
1334 117
1335 116
1336 121
1337 132
1338 118
1339 101
1340 121
1341 94
1342 125
1343 112
1344 123
1345 110
1346 123
1347 106
1348 118
1349 127
1350 120
1351 113
1352 117
1353 104
1354 118
1355 94
1356 95
1357 128
1358 123
1359 107
1360 123
1361 134
1362 135
1363 111
1364 113
1365 98
1366 113
1367 101
1368 117
1369 107
1370 103
1371 118
1372 113
1373 113
1374 111
1375 115
1376 134
1377 119
1378 119
1379 112
1380 94
1381 113
1382 90
1383 122
1384 115
1385 115
1386 106
1387 119
1388 98
1389 122
1390 108
1391 115
1392 130
1393 109
1394 103
1395 105
1396 107
1397 99
1398 107
1399 102
1400 76
1401 80
1402 95
1403 97
1404 104
1405 106
1406 104
1407 103
1408 105
1409 109
1410 99
1411 92
1412 87
1413 108
1414 88
1415 96
1416 81
1417 104
1418 97
1419 100
1420 98
1421 104
1422 94
1423 104
1424 89
1425 96
1426 95
1427 91
1428 85
1429 102
1430 79
1431 97
1432 108
1433 86
1434 103
1435 88
1436 87
1437 84
1438 97
1439 95
1440 87
1441 86
1442 85
1443 86
1444 85
1445 107
1446 69
1447 71
1448 96
1449 86
1450 69
1451 83
1452 88
1453 85
1454 67
1455 90
1456 76
1457 79
1458 74
1459 99
1460 101
1461 75
1462 95
1463 66
1464 76
1465 86
1466 93
1467 94
1468 72
1469 95
1470 75
1471 79
1472 77
1473 77
1474 100
1475 79
1476 85
1477 80
1478 87
1479 75
1480 69
1481 80
1482 61
1483 88
1484 79
1485 71
1486 84
1487 60
1488 95
1489 93
1490 77
1491 86
1492 80
1493 79
1494 81
1495 73
1496 73
1497 71
1498 85
1499 62
1500 59
1501 63
1502 73
1503 70
1504 65
1505 94
1506 72
1507 74
1508 80
1509 59
1510 79
1511 63
1512 68
1513 70
1514 96
1515 59
1516 64
1517 60
1518 62
1519 68
1520 77
1521 74
1522 68
1523 74
1524 73
1525 76
1526 73
1527 69
1528 76
1529 86
1530 66
1531 57
1532 61
1533 69
1534 61
1535 68
1536 73
1537 62
1538 74
1539 61
1540 60
1541 68
1542 61
1543 65
1544 64
1545 64
1546 56
1547 61
1548 51
1549 54
1550 63
1551 51
1552 56
1553 59
1554 53
1555 60
1556 51
1557 53
1558 65
1559 63
1560 58
1561 51
1562 57
1563 58
1564 66
1565 56
1566 62
1567 59
1568 73
1569 52
1570 48
1571 53
1572 55
1573 57
1574 59
1575 50
1576 47
1577 52
1578 54
1579 41
1580 64
1581 57
1582 60
1583 54
1584 42
1585 42
1586 45
1587 44
1588 45
1589 53
1590 40
1591 50
1592 59
1593 57
1594 57
1595 58
1596 46
1597 44
1598 54
1599 53
1600 49
1601 61
1602 67
1603 43
1604 47
1605 42
1606 46
1607 46
1608 37
1609 43
1610 38
1611 47
1612 51
1613 39
1614 40
1615 54
1616 42
1617 40
1618 44
1619 47
1620 41
1621 39
1622 34
1623 44
1624 57
1625 47
1626 48
1627 54
1628 56
1629 41
1630 42
1631 41
1632 36
1633 38
1634 54
1635 59
1636 41
1637 46
1638 37
1639 44
1640 42
1641 47
1642 47
1643 32
1644 45
1645 45
1646 48
1647 34
1648 36
1649 44
1650 41
1651 38
1652 42
1653 36
1654 35
1655 29
1656 34
1657 43
1658 43
1659 39
1660 30
1661 43
1662 46
1663 31
1664 35
1665 37
1666 47
1667 31
1668 29
1669 34
1670 32
1671 43
1672 37
1673 40
1674 30
1675 40
1676 49
1677 36
1678 35
1679 37
1680 38
1681 48
1682 35
1683 48
1684 41
1685 39
1686 25
1687 35
1688 29
1689 29
1690 36
1691 33
1692 33
1693 36
1694 31
1695 38
1696 36
1697 27
1698 35
1699 20
1700 38
1701 34
1702 23
1703 28
1704 17
1705 32
1706 27
1707 52
1708 35
1709 25
1710 22
1711 23
1712 27
1713 31
1714 28
1715 34
1716 32
1717 27
1718 35
1719 31
1720 40
1721 31
1722 24
1723 36
1724 40
1725 25
1726 27
1727 28
1728 41
1729 29
1730 29
1731 20
1732 22
1733 40
1734 25
1735 20
1736 32
1737 37
1738 29
1739 26
1740 26
1741 25
1742 35
1743 34
1744 26
1745 27
1746 26
1747 30
1748 34
1749 23
1750 31
1751 25
1752 32
1753 24
1754 25
1755 28
1756 24
1757 29
1758 24
1759 26
1760 29
1761 28
1762 30
1763 33
1764 32
1765 27
1766 28
1767 23
1768 26
1769 19
1770 26
1771 28
1772 18
1773 26
1774 20
1775 19
1776 19
1777 21
1778 20
1779 22
1780 33
1781 30
1782 36
1783 34
1784 29
1785 24
1786 20
1787 23
1788 31
1789 14
1790 28
1791 24
1792 18
1793 30
1794 21
1795 22
1796 23
1797 20
1798 21
1799 21
1800 26
1801 23
1802 22
1803 22
1804 22
1805 19
1806 20
1807 25
1808 11
1809 33
1810 24
1811 17
1812 30
1813 12
1814 18
1815 21
1816 19
1817 15
1818 12
1819 21
1820 17
1821 26
1822 23
1823 10
1824 24
1825 13
1826 16
1827 18
1828 12
1829 24
1830 22
1831 13
1832 21
1833 13
1834 13
1835 17
1836 15
1837 15
1838 21
1839 12
1840 12
1841 17
1842 18
1843 12
1844 13
1845 13
1846 11
1847 19
1848 14
1849 17
1850 16
1851 13
1852 15
1853 17
1854 13
1855 20
1856 16
1857 14
1858 15
1859 14
1860 10
1861 20
1862 16
1863 20
1864 16
1865 12
1866 11
1867 23
1868 16
1869 11
1870 18
1871 12
1872 16
1873 9
1874 13
1875 20
1876 16
1877 13
1878 19
1879 13
1880 18
1881 14
1882 15
1883 13
1884 11
1885 11
1886 14
1887 20
1888 10
1889 10
1890 18
1891 15
1892 10
1893 13
1894 20
1895 13
1896 19
1897 14
1898 17
1899 18
1900 11
1901 18
1902 13
1903 13
1904 19
1905 12
1906 14
1907 17
1908 6
1909 13
1910 7
1911 8
1912 18
1913 18
1914 20
1915 12
1916 10
1917 13
1918 10
1919 12
1920 2
1921 15
1922 13
1923 13
1924 14
1925 10
1926 11
1927 17
1928 12
1929 9
1930 12
1931 18
1932 15
1933 16
1934 8
1935 13
1936 9
1937 8
1938 12
1939 16
1940 14
1941 12
1942 7
1943 13
1944 11
1945 10
1946 7
1947 9
1948 12
1949 15
1950 9
1951 14
1952 9
1953 11
1954 10
1955 15
1956 8
1957 11
1958 8
1959 17
1960 14
1961 8
1962 12
1963 13
1964 5
1965 9
1966 9
1967 8
1968 11
1969 8
1970 7
1971 8
1972 9
1973 11
1974 8
1975 11
1976 10
1977 6
1978 9
1979 14
1980 6
1981 7
1982 8
1983 3
1984 8
1985 14
1986 4
1987 16
1988 6
1989 8
1990 9
1991 7
1992 4
1993 9
1994 9
1995 9
1996 11
1997 10
1998 13
1999 9
2000 5
2001 8
2002 7
2003 9
2004 9
2005 6
2006 8
2007 6
2008 7
2009 10
2010 8
2011 6
2012 10
2013 13
2014 9
2015 10
2016 3
2017 8
2018 7
2019 8
2020 6
2021 3
2022 2
2023 6
2024 9
2025 11
2026 7
2027 9
2028 8
2029 4
2030 4
2031 4
2032 10
2033 5
2034 7
2035 3
2036 2
2037 7
2038 8
2039 3
2040 6
2041 9
2042 2
2043 7
2044 4
2045 3
2046 8
2047 4
2048 7
2049 6
2050 4
2051 12
2052 2
2053 6
2054 3
2055 5
2056 6
2057 8
2058 4
2059 5
2060 6
2061 4
2062 3
2063 6
2064 11
2065 4
2066 4
2067 9
2068 6
2069 4
2070 2
2071 6
2072 3
2073 3
2074 7
2075 2
2076 5
2077 8
2078 4
2079 3
2080 3
2081 6
2082 6
2083 5
2084 2
2085 2
2086 3
2087 3
2088 3
2089 3
2090 6
2091 7
2092 4
2093 4
2094 5
2095 5
2096 6
2097 3
2098 5
2099 3
2100 3
2101 3
2102 7
2103 2
2104 5
2105 1
2106 1
2107 2
2108 4
2109 5
2110 3
2111 2
2112 8
2113 5
2114 4
2115 2
2116 4
2117 3
2118 3
2119 3
2120 5
2121 3
2122 3
2123 3
2124 1
2125 2
2126 2
2127 3
2128 3
2129 8
2130 5
2131 2
2132 3
2133 1
2134 6
2135 4
2136 2
2137 7
2138 1
2139 4
2140 3
2141 4
2142 1
2143 3
2144 5
2145 2
2146 4
2147 3
2148 2
2149 3
2150 2
2151 2
2152 4
2153 4
2154 3
2155 5
2156 3
2157 1
2158 2
2159 2
2160 2
2161 3
2162 2
2163 6
2164 3
2165 1
2166 5
2167 4
2168 3
2169 2
2170 4
2171 2
2172 3
2173 0
2174 4
2175 1
2176 2
2177 4
2178 2
2179 2
2180 3
2181 3
2182 2
2183 4
2184 2
2185 4
2186 2
2187 3
2188 3
2189 2
2190 3
2191 3
2192 0
2193 0
2194 3
2195 1
2196 4
2197 2
2198 4
2199 4
2200 1
2201 0
2202 2
2203 2
2204 0
2205 0
2206 3
2207 2
2208 2
2209 5
2210 2
2211 3
2212 3
2213 2
2214 1
2215 3
2216 2
2217 3
2218 0
2219 2
2220 2
2221 0
2222 1
2223 0
2224 1
2225 3
2226 1
2227 1
2228 2
2229 1
2230 2
2231 4
2232 2
2233 1
2234 0
2235 4
2236 4
2237 2
2238 1
2239 1
2240 2
2241 2
2242 4
2243 3
2244 1
2245 3
2246 0
2247 1
2248 2
2249 1
2250 0
2251 1
2252 0
2253 2
2254 4
2255 1
2256 0
2257 1
2258 1
2259 2
2260 2
2261 1
2262 0
2263 2
2264 1
2265 2
2266 0
2267 0
2268 2
2269 0
2270 2
2271 0
2272 1
2273 5
2274 0
2275 1
2276 2
2277 1
2278 0
2279 1
2280 1
2281 3
2282 1
2283 2
2284 1
2285 2
2286 0
2287 2
2288 0
2289 1
2290 2
2291 0
2292 0
2293 0
2294 3
2295 1
2296 2
2297 3
2298 3
2299 3
2300 1
2301 1
2302 0
2303 3
2304 3
2305 5
2306 3
2307 2
2308 0
2309 4
2310 2
2311 0
2312 2
2313 1
2314 3
2315 0
2316 3
2317 4
2318 1
2319 0
2320 1
2321 0
2322 1
2323 0
2324 3
2325 0
2326 1
2327 1
2328 0
2329 1
2330 3
2331 4
2332 5
2333 3
2334 1
2335 1
2336 0
2337 0
2338 0
2339 1
2340 0
2341 0
2342 1
2343 0
2344 0
2345 1
2346 2
2347 2
2348 3
2349 0
2350 0
2351 3
2352 0
2353 0
2354 0
2355 0
2356 2
2357 0
2358 2
2359 1
2360 0
2361 0
2362 0
2363 1
2364 1
2365 0
2366 2
2367 0
2368 0
2369 1
2370 0
2371 1
2372 1
2373 0
2374 2
2375 2
2376 0
2377 0
2378 1
2379 0
2380 0
2381 0
2382 0
2383 1
2384 0
2385 1
2386 2
2387 1
2388 0
2389 1
2390 0
2391 0
2392 1
2393 0
2394 0
2395 0
2396 0
2397 0
2398 0
2399 0
2400 2
2401 1
2402 3
2403 1
2404 0
2405 0
2406 0
2407 0
2408 0
2409 1
2410 1
2411 0
2412 2
2413 0
2414 2
2415 1
2416 1
2417 0
2418 2
2419 0
2420 3
2421 0
2422 1
2423 1
2424 2
2425 0
2426 1
2427 0
2428 0
2429 1
2430 0
2431 0
2432 0
2433 0
2434 1
2435 0
2436 0
2437 0
2438 2
2439 0
2440 1
2441 0
2442 2
2443 1
2444 1
2445 2
2446 1
2447 0
2448 1
2449 0
2450 0
2451 0
2452 0
2453 0
2454 0
2455 0
2456 0
2457 0
2458 1
2459 0
2460 0
2461 0
2462 0
2463 0
2464 1
2465 2
2466 0
2467 0
2468 0
2469 0
2470 1
2471 1
2472 0
2473 0
2474 1
2475 0
2476 0
2477 0
2478 0
2479 0
2480 1
2481 0
2482 0
2483 1
2484 0
2485 0
2486 1
2487 0
2488 0
2489 2
2490 0
2491 0
2492 1
2493 0
2494 0
2495 0
2496 0
2497 0
2498 0
2499 0
2500 0
2501 1
2502 2
2503 2
2504 0
2505 0
2506 0
2507 0
2508 0
2509 0
2510 1
2511 0
2512 0
2513 1
2514 0
2515 0
2516 0
2517 0
2518 0
2519 0
2520 0
2521 0
2522 0
2523 0
2524 0
2525 1
2526 2
2527 0
2528 1
2529 1
2530 0
2531 0
2532 0
2533 0
2534 0
2535 0
2536 0
2537 0
2538 1
2539 1
2540 0
2541 0
2542 2
2543 1
2544 0
2545 1
2546 1
2547 0
2548 0
2549 0
2550 1
2551 0
2552 0
2553 1
2554 0
2555 0
2556 1
2557 1
2558 0
2559 0
2560 1
2561 0
2562 0
2563 0
2564 0
2565 0
2566 0
2567 2
2568 0
2569 0
2570 0
2571 0
2572 0
2573 0
2574 0
2575 0
2576 0
2577 1
2578 0
2579 0
2580 1
2581 0
2582 0
2583 0
2584 0
2585 0
2586 0
2587 0
2588 0
2589 0
2590 0
2591 0
2592 0
2593 0
2594 0
2595 0
2596 1
2597 1
2598 0
2599 2
2600 0
2601 1
2602 0
2603 0
2604 0
2605 0
2606 0
2607 0
2608 0
2609 0
2610 0
2611 0
2612 0
2613 2
2614 1
2615 0
2616 0
2617 0
2618 1
2619 0
2620 0
2621 0
2622 0
2623 0
2624 0
2625 0
2626 0
2627 0
2628 0
2629 0
2630 0
2631 0
2632 1
2633 1
2634 0
2635 0
2636 1
2637 0
2638 0
2639 0
2640 0
2641 1
2642 0
2643 1
2644 0
2645 1
2646 0
2647 0
2648 0
2649 0
2650 0
2651 0
2652 0
2653 0
2654 0
2655 0
2656 0
2657 0
2658 0
2659 0
2660 0
2661 0
2662 1
2663 0
2664 0
2665 0
2666 0
2667 0
2668 0
2669 0
2670 0
2671 0
2672 0
2673 0
2674 0
2675 0
2676 0
2677 0
2678 0
2679 0
2680 0
2681 0
2682 0
2683 0
2684 0
2685 0
2686 0
2687 0
2688 0
2689 0
2690 0
2691 0
2692 0
2693 0
2694 0
2695 0
2696 0
2697 0
2698 0
2699 0
2700 0
2701 0
2702 0
2703 0
2704 0
2705 0
2706 0
2707 0
2708 0
2709 1
2710 0
2711 0
2712 0
2713 0
2714 0
2715 0
2716 0
2717 0
2718 0
2719 0
2720 0
2721 0
2722 0
2723 0
2724 0
2725 0
2726 0
2727 0
2728 0
2729 0
2730 0
2731 0
2732 0
2733 0
2734 0
2735 0
2736 0
2737 0
2738 0
2739 0
2740 0
2741 0
2742 0
2743 0
2744 0
2745 0
2746 0
2747 0
2748 0
2749 0
2750 0
2751 0
2752 1
2753 0
2754 0
2755 0
2756 0
2757 0
2758 0
2759 0
2760 0
2761 1
2762 1
2763 0
2764 0
2765 0
2766 0
2767 1
2768 0
2769 0
2770 0
2771 0
2772 0
2773 0
2774 0
2775 0
2776 0
2777 0
2778 0
2779 0
2780 0
2781 0
2782 0
2783 0
2784 0
2785 0
2786 0
2787 0
2788 0
2789 0
2790 0
2791 0
2792 0
2793 0
2794 1
2795 0
2796 0
2797 0
2798 1
2799 0
2800 0
2801 0
2802 0
2803 0
2804 0
2805 0
2806 0
2807 0
2808 0
2809 0
2810 1
2811 0
2812 0
2813 1
2814 0
2815 1
2816 0
2817 0
2818 0
2819 0
2820 0
2821 0
2822 0
2823 1
2824 0
2825 0
2826 0
2827 0
2828 0
2829 0
2830 0
2831 0
2832 0
2833 0
2834 0
2835 0
2836 0
2837 0
2838 0
2839 0
2840 0
2841 0
2842 1
2843 0
2844 0
2845 0
2846 0
2847 0
2848 0
2849 0
2850 0
2851 0
2852 0
2853 0
2854 0
2855 0
2856 0
2857 0
2858 0
2859 0
2860 0
2861 0
2862 0
2863 0
2864 0
2865 0
2866 0
2867 0
2868 0
2869 0
2870 0
2871 0
2872 0
2873 0
2874 0
2875 0
2876 0
2877 0
2878 0
2879 0
2880 0
2881 0
2882 0
2883 0
2884 0
2885 0
2886 0
2887 0
2888 0
2889 0
2890 0
2891 0
2892 0
2893 1
2894 0
2895 0
2896 0
2897 0
2898 0
2899 0
2900 0
2901 0
2902 0
2903 0
2904 0
2905 0
2906 0
2907 0
2908 0
2909 0
2910 0
2911 0
2912 0
2913 0
2914 0
2915 0
2916 0
2917 0
2918 1
2919 0
2920 1
2921 0
2922 1
2923 0
2924 0
2925 0
2926 0
2927 0
2928 0
2929 0
2930 0
2931 0
2932 0
2933 0
2934 0
2935 0
2936 0
2937 0
2938 0
2939 0
2940 0
2941 0
2942 0
2943 0
2944 0
2945 0
2946 0
2947 0
2948 0
2949 0
2950 0
2951 0
2952 0
2953 0
2954 0
2955 0
2956 0
2957 0
2958 0
2959 0
2960 0
2961 0
2962 0
2963 0
2964 0
2965 1
2966 0
2967 0
2968 0
2969 0
2970 0
2971 0
2972 0
2973 0
2974 0
2975 0
2976 0
2977 0
2978 0
2979 0
2980 0
2981 0
2982 0
2983 0
2984 0
2985 0
2986 0
2987 0
2988 0
2989 0
2990 0
2991 0
2992 0
2993 0
2994 0
2995 0
2996 0
2997 0
2998 0
2999 0
3000 0
3001 0
3002 0
3003 0
3004 0
3005 0
3006 0
3007 0
3008 0
3009 0
3010 0
3011 0
3012 0
3013 0
3014 0
3015 0
3016 0
3017 0
3018 0
3019 0
3020 0
3021 0
3022 0
3023 0
3024 0
3025 0
3026 0
3027 0
3028 0
3029 0
3030 0
3031 0
3032 0
3033 0
3034 0
3035 0
3036 0
3037 0
3038 0
3039 0
3040 0
3041 0
3042 0
3043 0
3044 0
3045 0
3046 0
3047 0
3048 0
3049 0
3050 0
3051 0
3052 0
3053 0
3054 0
3055 0
3056 0
3057 0
3058 0
3059 0
3060 0
3061 0
3062 0
3063 0
3064 0
3065 0
3066 0
3067 0
3068 0
3069 0
3070 0
3071 0
3072 0
3073 0
3074 0
3075 0
3076 0
3077 0
3078 0
3079 0
3080 0
3081 0
3082 0
3083 0
3084 0
3085 0
3086 0
3087 0
3088 1
3089 0
3090 0
3091 0
3092 0
3093 0
3094 0
3095 0
3096 0
3097 0
3098 0
3099 0
3100 0
3101 0
3102 0
3103 0
3104 0
3105 0
3106 0
3107 0
3108 0
3109 0
3110 0
3111 0
3112 0
3113 0
3114 0
3115 0
3116 0
3117 0
3118 1
3119 0
3120 0
3121 0
3122 0
3123 0
3124 0
3125 0
3126 0
3127 0
3128 0
3129 0
3130 0
3131 0
3132 0
3133 0
3134 0
3135 0
3136 0
3137 0
3138 0
3139 0
3140 0
3141 0
3142 0
3143 1
3144 0
3145 0
3146 0
3147 0
3148 0
3149 0
3150 0
3151 0
3152 0
3153 0
3154 0
3155 0
3156 0
3157 0
3158 0
3159 0
3160 0
3161 0
3162 0
3163 0
3164 0
3165 0
3166 0
3167 0
3168 0
3169 0
3170 0
3171 0
3172 1
3173 0
3174 0
3175 0
3176 0
3177 0
3178 0
3179 0
3180 0
3181 0
3182 0
3183 0
3184 0
3185 0
3186 0
3187 0
3188 0
3189 0
3190 0
3191 0
3192 0
3193 0
3194 0
3195 0
3196 0
3197 0
3198 0
3199 0
3200 0
3201 0
3202 0
3203 0
3204 0
3205 0
3206 0
3207 0
3208 0
3209 0
3210 0
3211 0
3212 0
3213 0
3214 0
3215 0
3216 0
3217 0
3218 0
3219 0
3220 0
3221 0
3222 0
3223 0
3224 0
3225 0
3226 0
3227 0
3228 0
3229 0
3230 0
3231 0
3232 0
3233 0
3234 0
3235 0
3236 0
3237 0
3238 0
3239 0
3240 0
3241 0
3242 0
3243 0
3244 0
3245 0
3246 0
3247 0
3248 0
3249 0
3250 0
3251 0
3252 0
3253 0
3254 0
3255 0
3256 0
3257 0
3258 0
3259 0
3260 0
3261 0
3262 0
3263 0
3264 0
3265 0
3266 0
3267 0
3268 0
3269 0
3270 0
3271 0
3272 0
3273 0
3274 0
3275 0
3276 0
3277 0
3278 0
3279 0
3280 0
3281 0
3282 0
3283 0
3284 0
3285 0
3286 0
3287 0
3288 0
3289 0
3290 0
3291 0
3292 0
3293 0
3294 0
3295 0
3296 0
3297 0
3298 0
3299 0
3300 0
3301 0
3302 0
3303 0
3304 0
3305 0
3306 0
3307 0
3308 0
3309 0
3310 0
3311 0
3312 0
3313 0
3314 0
3315 0
3316 0
3317 0
3318 0
3319 0
3320 0
3321 0
3322 0
3323 0
3324 0
3325 0
3326 0
3327 0
3328 0
3329 0
3330 0
3331 0
3332 0
3333 0
3334 0
3335 0
3336 0
3337 0
3338 0
3339 0
3340 0
3341 0
3342 0
3343 0
3344 0
3345 0
3346 0
3347 0
3348 0
3349 0
3350 0
3351 0
3352 0
3353 0
3354 0
3355 0
3356 0
3357 0
3358 0
3359 0
3360 0
3361 0
3362 0
3363 0
3364 0
3365 0
3366 0
3367 0
3368 0
3369 0
3370 0
3371 0
3372 0
3373 0
3374 0
3375 0
3376 0
3377 0
3378 0
3379 0
3380 0
3381 0
3382 0
3383 0
3384 0
3385 0
3386 0
3387 0
3388 0
3389 0
3390 0
3391 0
3392 0
3393 0
3394 0
3395 0
3396 0
3397 0
3398 0
3399 0
3400 0
3401 0
3402 0
3403 0
3404 0
3405 0
3406 0
3407 0
3408 0
3409 0
3410 0
3411 0
3412 0
3413 0
3414 0
3415 0
3416 0
3417 0
3418 0
3419 0
3420 0
3421 0
3422 0
3423 0
3424 0
3425 0
3426 0
3427 0
3428 0
3429 0
3430 0
3431 0
3432 0
3433 0
3434 0
3435 0
3436 0
3437 0
3438 0
3439 1
3440 0
3441 0
3442 0
3443 0
3444 0
3445 0
3446 0
3447 0
3448 1
3449 0
3450 0
3451 0
3452 0
3453 0
3454 0
3455 0
3456 0
3457 0
3458 0
3459 0
3460 0
3461 0
3462 0
3463 0
3464 0
3465 0
3466 1
3467 0
3468 0
3469 0
3470 0
3471 0
3472 0
3473 0
3474 0
3475 0
3476 0
3477 0
3478 0
3479 0
3480 0
3481 1
3482 0
3483 0
3484 0
3485 0
3486 0
3487 0
3488 0
3489 0
3490 0
3491 0
3492 0
3493 0
3494 0
3495 0
3496 0
3497 0
3498 0
3499 0
3500 0
3501 0
3502 0
3503 0
3504 0
3505 0
3506 0
3507 0
3508 0
3509 0
3510 0
3511 0
3512 0
3513 0
3514 0
3515 0
3516 0
3517 0
3518 0
3519 0
3520 0
3521 0
3522 0
3523 0
3524 0
3525 0
3526 0
3527 0
3528 0
3529 0
3530 0
3531 0
3532 0
3533 0
3534 0
3535 0
3536 0
3537 0
3538 0
3539 0
3540 0
3541 0
3542 0
3543 0
3544 0
3545 0
3546 0
3547 0
3548 0
3549 0
3550 0
3551 0
3552 0
3553 0
3554 0
3555 0
3556 0
3557 0
3558 0
3559 0
3560 0
3561 0
3562 0
3563 0
3564 0
3565 0
3566 0
3567 0
3568 0
3569 0
3570 0
3571 0
3572 0
3573 0
3574 0
3575 0
3576 0
3577 0
3578 0
3579 0
3580 0
3581 0
3582 0
3583 0
3584 0
3585 0
3586 0
3587 0
3588 0
3589 0
3590 0
3591 0
3592 0
3593 0
3594 0
3595 0
3596 0
3597 0
3598 0
3599 0
3600 0
3601 0
3602 0
3603 0
3604 0
3605 0
3606 0
3607 0
3608 0
3609 0
3610 0
3611 0
3612 0
3613 0
3614 0
3615 0
3616 0
3617 0
3618 0
3619 0
3620 0
3621 0
3622 0
3623 0
3624 0
3625 0
3626 0
3627 0
3628 0
3629 0
3630 0
3631 1
3632 0
3633 0
3634 0
3635 0
3636 0
3637 0
3638 0
3639 0
3640 0
3641 0
3642 0
3643 0
3644 0
3645 0
3646 0
3647 0
3648 0
3649 0
3650 0
3651 0
3652 0
3653 0
3654 0
3655 0
3656 0
3657 0
3658 0
3659 0
3660 0
3661 0
3662 0
3663 0
3664 0
3665 0
3666 0
3667 0
3668 0
3669 1
3670 0
3671 0
3672 0
3673 0
3674 0
3675 0
3676 0
3677 0
3678 0
3679 0
3680 0
3681 0
3682 0
3683 0
3684 0
3685 1
3686 0
3687 0
3688 0
3689 0
3690 0
3691 0
3692 0
3693 0
3694 0
3695 0
3696 0
3697 0
3698 0
3699 0
3700 0
3701 0
3702 0
3703 0
3704 0
3705 0
3706 0
3707 0
3708 0
3709 0
3710 0
3711 0
3712 0
3713 0
3714 0
3715 0
3716 0
3717 0
3718 0
3719 0
3720 0
3721 0
3722 0
3723 0
3724 0
3725 0
3726 0
3727 0
3728 0
3729 0
3730 0
3731 0
3732 0
3733 0
3734 0
3735 0
3736 0
3737 0
3738 0
3739 0
3740 0
3741 0
3742 0
3743 0
3744 0
3745 0
3746 0
3747 0
3748 0
3749 0
3750 0
3751 0
3752 0
3753 0
3754 0
3755 0
3756 0
3757 0
3758 0
3759 0
3760 0
3761 0
3762 0
3763 0
3764 0
3765 0
3766 0
3767 0
3768 0
3769 0
3770 0
3771 0
3772 0
3773 1
3774 0
3775 0
3776 0
3777 0
3778 0
3779 0
3780 0
3781 0
3782 0
3783 0
3784 0
3785 0
3786 0
3787 0
3788 0
3789 0
3790 0
3791 1
3792 0
3793 0
3794 0
3795 0
3796 0
3797 0
3798 0
3799 0
3800 0
3801 0
3802 0
3803 0
3804 0
3805 0
3806 0
3807 0
3808 0
3809 0
3810 0
3811 0
3812 0
3813 1
3814 0
3815 0
3816 0
3817 0
3818 0
3819 0
3820 0
3821 0
3822 0
3823 0
3824 0
3825 0
3826 0
3827 0
3828 0
3829 0
3830 0
3831 0
3832 0
3833 0
3834 0
3835 0
3836 0
3837 0
3838 0
3839 0
3840 0
3841 0
3842 0
3843 0
3844 0
3845 0
3846 0
3847 0
3848 0
3849 0
3850 0
3851 0
3852 0
3853 0
3854 0
3855 0
3856 0
3857 0
3858 0
3859 0
3860 0
3861 0
3862 0
3863 0
3864 0
3865 0
3866 0
3867 0
3868 0
3869 0
3870 0
3871 0
3872 0
3873 0
3874 0
3875 0
3876 0
3877 0
3878 0
3879 0
3880 0
3881 0
3882 0
3883 0
3884 0
3885 0
3886 0
3887 0
3888 0
3889 0
3890 0
3891 0
3892 0
3893 0
3894 0
3895 0
3896 1
3897 0
3898 0
3899 0
3900 0
3901 0
3902 0
3903 0
3904 0
3905 0
3906 0
3907 0
3908 0
3909 0
3910 0
3911 0
3912 0
3913 0
3914 0
3915 0
3916 0
3917 0
3918 0
3919 0
3920 0
3921 0
3922 0
3923 0
3924 0
3925 0
3926 0
3927 1
3928 0
3929 0
3930 0
3931 0
3932 0
3933 0
3934 0
3935 0
3936 0
3937 0
3938 0
3939 0
3940 0
3941 0
3942 0
3943 0
3944 0
3945 0
3946 0
3947 0
3948 0
3949 0
3950 0
3951 0
3952 0
3953 0
3954 0
3955 0
3956 0
3957 0
3958 0
3959 0
3960 0
3961 0
3962 0
3963 0
3964 0
3965 0
3966 0
3967 0
3968 0
3969 0
3970 0
3971 0
3972 0
3973 0
3974 0
3975 0
3976 0
3977 0
3978 0
3979 0
3980 0
3981 0
3982 0
3983 0
3984 0
3985 0
3986 0
3987 0
3988 0
3989 0
3990 0
3991 0
3992 0
3993 0
3994 0
3995 0
3996 0
3997 0
3998 0
3999 0
4000 0
