0 0
1 0
2 0
3 0
4 0
5 0
6 0
7 0
8 0
9 0
10 0
11 0
12 0
13 0
14 0
15 0
16 0
17 0
18 0
19 0
20 0
21 0
22 0
23 0
24 0
25 0
26 0
27 0
28 0
29 0
30 0
31 0
32 0
33 0
34 0
35 0
36 0
37 0
38 0
39 0
40 0
41 0
42 0
43 0
44 0
45 0
46 0
47 0
48 0
49 0
50 0
51 0
52 0
53 0
54 0
55 0
56 0
57 0
58 0
59 0
60 0
61 0
62 0
63 0
64 0
65 0
66 0
67 0
68 0
69 0
70 0
71 0
72 0
73 0
74 0
75 0
76 0
77 0
78 0
79 0
80 0
81 0
82 0
83 0
84 0
85 0
86 0
87 0
88 0
89 0
90 0
91 0
92 0
93 0
94 0
95 0
96 0
97 0
98 0
99 0
100 0
101 0
102 0
103 0
104 0
105 0
106 0
107 0
108 0
109 0
110 0
111 0
112 0
113 0
114 0
115 0
116 0
117 0
118 0
119 0
120 0
121 0
122 0
123 0
124 0
125 0
126 0
127 0
128 0
129 0
130 0
131 0
132 0
133 0
134 0
135 0
136 0
137 0
138 0
139 0
140 0
141 0
142 0
143 0
144 0
145 0
146 0
147 0
148 0
149 0
150 3
151 0
152 0
153 2
154 6
155 6
156 3
157 10
158 5
159 7
160 7
161 12
162 5
163 8
164 7
165 14
166 6
167 8
168 7
169 10
170 10
171 3
172 8
173 6
174 10
175 12
176 22
177 51
178 62
179 101
180 117
181 140
182 151
183 192
184 199
185 372
186 597
187 1013
188 1739
189 2363
190 2915
191 3295
192 3661
193 3569
194 3395
195 3284
196 3093
197 2776
198 2506
199 2323
200 2252
201 2026
202 1925
203 1800
204 1698
205 1632
206 1524
207 1543
208 1476
209 1551
210 1472
211 1487
212 1463
213 1552
214 1515
215 1491
216 1608
217 1510
218 1492
219 1635
220 1544
221 1507
222 1697
223 1673
224 1688
225 1727
226 1754
227 1767
228 1805
229 1879
230 1828
231 1876
232 1930
233 1870
234 1899
235 2022
236 2038
237 2092
238 2056
239 2060
240 2133
241 2080
242 2093
243 2094
244 2148
245 2193
246 2168
247 2219
248 2299
249 2237
250 2238
251 2325
252 2319
253 2257
254 2326
255 2364
256 2400
257 2337
258 2446
259 2312
260 2417
261 2335
262 2472
263 2453
264 2482
265 2533
266 2514
267 2504
268 2487
269 2498
270 2509
271 2672
272 2622
273 2628
274 2586
275 2609
276 2675
277 2623
278 2708
279 2605
280 2671
281 2569
282 2582
283 2707
284 2662
285 2802
286 2744
287 2687
288 2741
289 2628
290 2646
291 2744
292 2735
293 2729
294 2638
295 2732
296 2773
297 2684
298 2693
299 2662
300 2723
301 2622
302 2742
303 2645
304 2724
305 2809
306 2628
307 2721
308 2738
309 2741
310 2725
311 2749
312 2586
313 2696
314 2656
315 2801
316 2624
317 2746
318 2588
319 2673
320 2665
321 2665
322 2624
323 2663
324 2620
325 2511
326 2516
327 2586
328 2593
329 2591
330 2504
331 2563
332 2605
333 2511
334 2475
335 2575
336 2434
337 2576
338 2506
339 2463
340 2509
341 2378
342 2407
343 2376
344 2414
345 2385
346 2344
347 2360
348 2413
349 2333
350 2242
351 2312
352 2285
353 2277
354 2204
355 2275
356 2217
357 2197
358 2151
359 2194
360 2137
361 2133
362 2219
363 2133
364 2120
365 2087
366 1980
367 1955
368 2105
369 1979
370 1975
371 1956
372 1898
373 1966
374 1916
375 1877
376 1853
377 1955
378 1811
379 1821
380 1824
381 1906
382 1796
383 1801
384 1762
385 1801
386 1766
387 1756
388 1693
389 1658
390 1689
391 1608
392 1692
393 1654
394 1661
395 1638
396 1591
397 1604
398 1528
399 1513
400 1557
401 1448
402 1501
403 1455
404 1416
405 1417
406 1548
407 1472
408 1497
409 1348
410 1412
411 1354
412 1401
413 1395
414 1330
415 1363
416 1348
417 1309
418 1260
419 1320
420 1249
421 1234
422 1220
423 1211
424 1196
425 1183
426 1154
427 1140
428 1212
429 1179
430 1087
431 1099
432 1140
433 1069
434 1096
435 1112
436 1056
437 1017
438 1000
439 1025
440 1019
441 998
442 1015
443 990
444 1032
445 1010
446 1002
447 949
448 917
449 919
450 926
451 956
452 884
453 879
454 854
455 810
456 898
457 835
458 819
459 868
460 820
461 834
462 795
463 758
464 807
465 758
466 760
467 796
468 766
469 705
470 781
471 752
472 787
473 723
474 734
475 727
476 730
477 709
478 735
479 675
480 682
481 640
482 685
483 651
484 654
485 639
486 636
487 640
488 685
489 613
490 610
491 639
492 633
493 642
494 585
495 608
496 600
497 577
498 608
499 573
500 591
501 565
502 577
503 569
504 532
505 565
506 532
507 567
508 532
509 575
510 546
511 524
512 548
513 545
514 526
515 485
516 551
517 511
518 521
519 535
520 511
521 512
522 507
523 462
524 485
525 492
526 485
527 474
528 482
529 480
530 452
531 481
532 482
533 451
534 467
535 473
536 465
537 469
538 456
539 464
540 427
541 435
542 450
543 427
544 412
545 424
546 448
547 431
548 428
549 393
550 410
551 452
552 424
553 412
554 398
555 463
556 449
557 429
558 392
559 391
560 403
561 389
562 389
563 361
564 403
565 403
566 420
567 397
568 419
569 371
570 408
571 364
572 396
573 360
574 339
575 376
576 356
577 395
578 387
579 373
580 404
581 362
582 358
583 350
584 372
585 357
586 357
587 359
588 348
589 341
590 333
591 352
592 406
593 335
594 380
595 348
596 329
597 327
598 346
599 330
600 340
601 386
602 346
603 319
604 368
605 332
606 327
607 304
608 330
609 374
610 317
611 320
612 335
613 321
614 307
615 303
616 356
617 324
618 321
619 319
620 346
621 312
622 323
623 355
624 295
625 312
626 294
627 284
628 308
629 285
630 297
631 312
632 294
633 273
634 293
635 290
636 292
637 253
638 305
639 303
640 321
641 305
642 289
643 275
644 249
645 297
646 268
647 294
648 296
649 266
650 277
651 287
652 292
653 242
654 295
655 255
656 255
657 275
658 302
659 276
660 300
661 268
662 257
663 267
664 276
665 274
666 259
667 261
668 254
669 248
670 254
671 259
672 263
673 277
674 243
675 255
676 246
677 247
678 248
679 253
680 241
681 244
682 225
683 248
684 250
685 247
686 266
687 242
688 221
689 232
690 205
691 228
692 221
693 241
694 196
695 234
696 243
697 232
698 229
699 197
700 242
701 231
702 212
703 213
704 219
705 206
706 221
707 219
708 209
709 211
710 244
711 210
712 209
713 212
714 218
715 204
716 176
717 192
718 183
719 203
720 212
721 203
722 218
723 199
724 199
725 229
726 177
727 185
728 183
729 211
730 197
731 172
732 178
733 206
734 178
735 193
736 192
737 192
738 172
739 192
740 177
741 177
742 198
743 158
744 195
745 187
746 185
747 185
748 178
749 187
750 173
751 176
752 175
753 186
754 162
755 165
756 164
757 185
758 155
759 162
760 162
761 153
762 144
763 175
764 145
765 148
766 169
767 140
768 167
769 130
770 150
771 158
772 155
773 146
774 173
775 145
776 164
777 148
778 121
779 124
780 141
781 140
782 133
783 155
784 158
785 142
786 131
787 134
788 133
789 147
790 118
791 139
792 149
793 137
794 121
795 134
796 123
797 115
798 128
799 124
800 120
801 130
802 115
803 128
804 118
805 110
806 109
807 124
808 115
809 119
810 135
811 128
812 93
813 123
814 113
815 124
816 124
817 109
818 114
819 123
820 122
821 111
822 120
823 104
824 109
825 110
826 109
827 111
828 115
829 101
830 113
831 108
832 96
833 98
834 106
835 108
836 121
837 107
838 97
839 112
840 103
841 99
842 84
843 92
844 99
845 113
846 118
847 99
848 88
849 92
850 96
851 91
852 87
853 79
854 87
855 81
856 84
857 73
858 89
859 72
860 92
861 99
862 87
863 89
864 86
865 73
866 84
867 75
868 90
869 102
870 85
871 84
872 77
873 78
874 84
875 91
876 80
877 85
878 80
879 67
880 83
881 76
882 80
883 70
884 72
885 78
886 52
887 77
888 63
889 77
890 60
891 71
892 72
893 58
894 73
895 65
896 64
897 75
898 78
899 71
900 71
901 71
902 62
903 62
904 58
905 56
906 68
907 80
908 70
909 55
910 68
911 60
912 50
913 63
914 51
915 66
916 63
917 59
918 63
919 68
920 48
921 53
922 61
923 55
924 62
925 60
926 50
927 56
928 51
929 53
930 60
931 52
932 55
933 44
934 52
935 57
936 52
937 63
938 62
939 53
940 67
941 64
942 50
943 59
944 54
945 49
946 53
947 51
948 41
949 47
950 48
951 44
952 42
953 45
954 40
955 51
956 48
957 39
958 55
959 55
960 44
961 49
962 36
963 35
964 42
965 38
966 33
967 47
968 47
969 50
970 32
971 38
972 36
973 50
974 44
975 41
976 33
977 38
978 32
979 45
980 43
981 41
982 42
983 43
984 42
985 41
986 37
987 44
988 43
989 31
990 38
991 34
992 30
993 36
994 36
995 29
996 31
997 34
998 37
999 26
1000 36
1001 41
1002 43
1003 41
1004 26
1005 30
1006 36
1007 36
1008 35
1009 41
1010 29
1011 25
1012 33
1013 24
1014 39
1015 30
1016 16
1017 28
1018 40
1019 28
1020 29
1021 30
1022 18
1023 35
1024 22
1025 21
1026 39
1027 31
1028 24
1029 29
1030 26
1031 37
1032 24
1033 27
1034 29
1035 34
1036 25
1037 33
1038 24
1039 31
1040 34
1041 26
1042 30
1043 34
1044 22
1045 27
1046 23
1047 31
1048 36
1049 25
1050 23
1051 25
1052 18
1053 23
1054 31
1055 32
1056 34
1057 28
1058 34
1059 24
1060 21
1061 28
1062 25
1063 33
1064 23
1065 19
1066 29
1067 26
1068 28
1069 22
1070 23
1071 24
1072 29
1073 28
1074 19
1075 32
1076 23
1077 30
1078 26
1079 20
1080 19
1081 15
1082 23
1083 32
1084 28
1085 22
1086 28
1087 19
1088 18
1089 22
1090 20
1091 18
1092 20
1093 23
1094 22
1095 27
1096 21
1097 19
1098 17
1099 25
1100 24
1101 28
1102 21
1103 15
1104 19
1105 18
1106 28
1107 29
1108 26
1109 26
1110 19
1111 15
1112 24
1113 22
1114 27
1115 22
1116 22
1117 15
1118 23
1119 13
1120 19
1121 9
1122 22
1123 23
1124 29
1125 20
1126 26
1127 19
1128 21
1129 15
1130 24
1131 18
1132 19
1133 15
1134 28
1135 17
1136 19
1137 13
1138 18
1139 18
1140 15
1141 19
1142 19
1143 20
1144 18
1145 17
1146 16
1147 17
1148 14
1149 23
1150 20
1151 22
1152 22
1153 19
1154 8
1155 10
1156 24
1157 14
1158 20
1159 20
1160 16
1161 18
1162 16
1163 15
1164 12
1165 14
1166 19
1167 18
1168 14
1169 17
1170 20
1171 19
1172 22
1173 14
1174 17
1175 20
1176 19
1177 9
1178 11
1179 16
1180 18
1181 11
1182 16
1183 20
1184 16
1185 14
1186 17
1187 9
1188 15
1189 16
1190 11
1191 19
1192 16
1193 14
1194 16
1195 11
1196 19
1197 11
1198 14
1199 16
1200 9
1201 14
1202 16
1203 12
1204 10
1205 10
1206 11
1207 9
1208 14
1209 14
1210 11
1211 11
1212 4
1213 12
1214 17
1215 9
1216 10
1217 12
1218 11
1219 14
1220 9
1221 14
1222 14
1223 10
1224 9
1225 13
1226 8
1227 14
1228 15
1229 17
1230 14
1231 13
1232 9
1233 8
1234 8
1235 15
1236 14
1237 10
1238 12
1239 6
1240 8
1241 16
1242 13
1243 17
1244 9
1245 10
1246 16
1247 8
1248 13
1249 9
1250 8
1251 14
1252 10
1253 14
1254 12
1255 6
1256 9
1257 12
1258 12
1259 11
1260 10
1261 8
1262 14
1263 8
1264 3
1265 14
1266 16
1267 11
1268 10
1269 9
1270 8
1271 7
1272 11
1273 14
1274 10
1275 13
1276 10
1277 5
1278 13
1279 7
1280 12
1281 8
1282 8
1283 12
1284 8
1285 7
1286 9
1287 7
1288 7
1289 3
1290 9
1291 11
1292 4
1293 6
1294 6
1295 6
1296 15
1297 13
1298 6
1299 8
1300 5
1301 12
1302 10
1303 8
1304 5
1305 10
1306 13
1307 10
1308 7
1309 9
1310 5
1311 3
1312 10
1313 2
1314 10
1315 9
1316 14
1317 6
1318 8
1319 10
1320 10
1321 4
1322 13
1323 8
1324 13
1325 8
1326 11
1327 6
1328 6
1329 10
1330 10
1331 10
1332 11
1333 6
1334 6
1335 12
1336 6
1337 11
1338 6
1339 9
1340 7
1341 8
1342 6
1343 8
1344 5
1345 14
1346 12
1347 6
1348 4
1349 3
1350 12
1351 3
1352 5
1353 3
1354 4
1355 13
1356 4
1357 10
1358 3
1359 9
1360 9
1361 4
1362 2
1363 2
1364 7
1365 10
1366 7
1367 5
1368 8
1369 8
1370 4
1371 6
1372 7
1373 6
1374 7
1375 3
1376 7
1377 8
1378 5
1379 6
1380 6
1381 8
1382 5
1383 7
1384 6
1385 5
1386 3
1387 6
1388 2
1389 6
1390 5
1391 5
1392 1
1393 6
1394 8
1395 7
1396 6
1397 4
1398 5
1399 8
1400 5
1401 7
1402 4
1403 9
1404 5
1405 1
1406 4
1407 2
1408 6
1409 3
1410 3
1411 7
1412 4
1413 7
1414 4
1415 5
1416 0
1417 4
1418 5
1419 6
1420 4
1421 6
1422 4
1423 8
1424 7
1425 6
1426 6
1427 4
1428 3
1429 4
1430 5
1431 4
1432 6
1433 6
1434 7
1435 5
1436 1
1437 3
1438 9
1439 2
1440 4
1441 2
1442 8
1443 8
1444 2
1445 3
1446 4
1447 7
1448 3
1449 6
1450 4
1451 5
1452 5
1453 6
1454 5
1455 6
1456 8
1457 5
1458 1
1459 6
1460 4
1461 3
1462 5
1463 6
1464 6
1465 1
1466 7
1467 4
1468 5
1469 3
1470 5
1471 3
1472 1
1473 2
1474 3
1475 3
1476 5
1477 7
1478 1
1479 2
1480 3
1481 8
1482 4
1483 3
1484 3
1485 1
1486 2
1487 4
1488 4
1489 6
1490 8
1491 4
1492 5
1493 3
1494 1
1495 3
1496 4
1497 1
1498 1
1499 6
1500 1
1501 4
1502 0
1503 4
1504 0
1505 2
1506 2
1507 2
1508 3
1509 4
1510 3
1511 5
1512 1
1513 2
1514 4
1515 3
1516 2
1517 4
1518 2
1519 0
1520 1
1521 4
1522 1
1523 3
1524 3
1525 5
1526 4
1527 2
1528 1
1529 5
1530 4
1531 6
1532 2
1533 1
1534 1
1535 3
1536 2
1537 6
1538 0
1539 5
1540 5
1541 1
1542 3
1543 0
1544 4
1545 5
1546 3
1547 0
1548 3
1549 3
1550 4
1551 1
1552 3
1553 1
1554 5
1555 5
1556 0
1557 5
1558 3
1559 3
1560 2
1561 0
1562 2
1563 3
1564 3
1565 3
1566 1
1567 1
1568 4
1569 3
1570 1
1571 2
1572 1
1573 3
1574 1
1575 5
1576 1
1577 4
1578 3
1579 3
1580 1
1581 1
1582 6
1583 2
1584 3
1585 2
1586 0
1587 1
1588 0
1589 2
1590 2
1591 2
1592 2
1593 4
1594 3
1595 2
1596 2
1597 3
1598 1
1599 3
1600 2
1601 4
1602 1
1603 1
1604 0
1605 5
1606 4
1607 3
1608 2
1609 1
1610 3
1611 2
1612 2
1613 1
1614 1
1615 1
1616 2
1617 1
1618 0
1619 3
1620 1
1621 3
1622 2
1623 3
1624 1
1625 0
1626 3
1627 0
1628 0
1629 1
1630 2
1631 2
1632 1
1633 1
1634 0
1635 3
1636 2
1637 1
1638 2
1639 1
1640 2
1641 1
1642 0
1643 4
1644 3
1645 0
1646 1
1647 1
1648 2
1649 1
1650 1
1651 2
1652 1
1653 1
1654 2
1655 1
1656 1
1657 2
1658 1
1659 2
1660 2
1661 1
1662 2
1663 1
1664 0
1665 3
1666 1
1667 1
1668 0
1669 2
1670 1
1671 1
1672 1
1673 1
1674 1
1675 1
1676 1
1677 4
1678 0
1679 1
1680 0
1681 1
1682 2
1683 0
1684 4
1685 0
1686 0
1687 0
1688 1
1689 1
1690 2
1691 0
1692 2
1693 1
1694 0
1695 0
1696 2
1697 0
1698 1
1699 0
1700 0
1701 1
1702 3
1703 2
1704 0
1705 0
1706 2
1707 1
1708 3
1709 0
1710 1
1711 0
1712 0
1713 3
1714 1
1715 3
1716 3
1717 3
1718 2
1719 0
1720 1
1721 0
1722 1
1723 1
1724 2
1725 0
1726 0
1727 4
1728 0
1729 3
1730 1
1731 0
1732 2
1733 0
1734 0
1735 0
1736 2
1737 2
1738 2
1739 0
1740 1
1741 1
1742 2
1743 0
1744 0
1745 0
1746 0
1747 0
1748 0
1749 1
1750 1
1751 2
1752 3
1753 0
1754 0
1755 1
1756 0
1757 0
1758 0
1759 1
1760 0
1761 0
1762 2
1763 1
1764 0
1765 1
1766 2
1767 0
1768 1
1769 0
1770 0
1771 1
1772 2
1773 1
1774 2
1775 0
1776 1
1777 1
1778 0
1779 2
1780 3
1781 1
1782 1
1783 3
1784 0
1785 1
1786 1
1787 0
1788 0
1789 0
1790 1
1791 0
1792 2
1793 2
1794 1
1795 0
1796 1
1797 1
1798 0
1799 0
1800 1
1801 3
1802 2
1803 1
1804 0
1805 1
1806 0
1807 0
1808 0
1809 0
1810 0
1811 0
1812 1
1813 0
1814 0
1815 1
1816 0
1817 1
1818 0
1819 2
1820 0
1821 1
1822 0
1823 2
1824 0
1825 2
1826 1
1827 3
1828 1
1829 2
1830 1
1831 0
1832 1
1833 1
1834 1
1835 0
1836 1
1837 0
1838 1
1839 0
1840 0
1841 1
1842 0
1843 1
1844 1
1845 0
1846 0
1847 0
1848 1
1849 1
1850 0
1851 0
1852 0
1853 0
1854 0
1855 0
1856 0
1857 1
1858 0
1859 1
1860 0
1861 0
1862 1
1863 2
1864 0
1865 2
1866 0
1867 0
1868 0
1869 0
1870 0
1871 0
1872 1
1873 0
1874 1
1875 0
1876 0
1877 0
1878 1
1879 0
1880 0
1881 0
1882 0
1883 1
1884 1
1885 0
1886 0
1887 0
1888 0
1889 1
1890 1
1891 0
1892 0
1893 1
1894 0
1895 0
1896 0
1897 0
1898 1
1899 0
1900 1
1901 1
1902 0
1903 0
1904 0
1905 0
1906 0
1907 1
1908 0
1909 0
1910 0
1911 0
1912 1
1913 0
1914 1
1915 0
1916 2
1917 0
1918 0
1919 0
1920 1
1921 1
1922 1
1923 0
1924 0
1925 2
1926 0
1927 0
1928 0
1929 0
1930 1
1931 0
1932 1
1933 0
1934 1
1935 0
1936 0
1937 0
1938 0
1939 0
1940 2
1941 0
1942 1
1943 0
1944 0
1945 1
1946 1
1947 1
1948 1
1949 1
1950 2
1951 0
1952 0
1953 0
1954 0
1955 0
1956 1
1957 1
1958 1
1959 0
1960 0
1961 0
1962 0
1963 0
1964 0
1965 0
1966 0
1967 0
1968 1
1969 1
1970 1
1971 0
1972 1
1973 0
1974 0
1975 0
1976 0
1977 0
1978 0
1979 1
1980 0
1981 0
1982 1
1983 0
1984 0
1985 0
1986 1
1987 0
1988 0
1989 1
1990 0
1991 1
1992 0
1993 0
1994 0
1995 0
1996 0
1997 0
1998 1
1999 2
2000 0
2001 1
2002 0
2003 0
2004 0
2005 0
2006 0
2007 0
2008 0
2009 1
2010 0
2011 1
2012 0
2013 0
2014 0
2015 0
2016 1
2017 0
2018 0
2019 0
2020 0
2021 0
2022 0
2023 0
2024 1
2025 0
2026 0
2027 0
2028 0
2029 0
2030 0
2031 0
2032 0
2033 0
2034 0
2035 0
2036 0
2037 0
2038 0
2039 0
2040 1
2041 0
2042 0
2043 0
2044 0
2045 0
2046 0
2047 0
2048 0
2049 0
2050 0
2051 0
2052 0
2053 1
2054 0
2055 1
2056 0
2057 0
2058 1
2059 0
2060 0
2061 0
2062 0
2063 0
2064 0
2065 0
2066 0
2067 0
2068 0
2069 0
2070 0
2071 0
2072 0
2073 0
2074 0
2075 0
2076 0
2077 0
2078 0
2079 1
2080 0
2081 0
2082 0
2083 0
2084 0
2085 0
2086 0
2087 0
2088 0
2089 0
2090 0
2091 0
2092 0
2093 0
2094 1
2095 0
2096 0
2097 1
2098 0
2099 0
2100 0
2101 0
2102 0
2103 0
2104 0
2105 0
2106 0
2107 0
2108 0
2109 0
2110 0
2111 0
2112 1
2113 0
2114 0
2115 0
2116 0
2117 0
2118 0
2119 0
2120 0
2121 0
2122 0
2123 0
2124 2
2125 0
2126 0
2127 0
2128 0
2129 1
2130 0
2131 0
2132 1
2133 0
2134 0
2135 0
2136 1
2137 0
2138 0
2139 0
2140 0
2141 0
2142 0
2143 0
2144 0
2145 0
2146 0
2147 0
2148 0
2149 0
2150 0
2151 0
2152 0
2153 0
2154 0
2155 0
2156 0
2157 0
2158 0
2159 1
2160 0
2161 0
2162 0
2163 0
2164 0
2165 0
2166 0
2167 0
2168 1
2169 0
2170 0
2171 0
2172 0
2173 0
2174 0
2175 0
2176 0
2177 0
2178 0
2179 0
2180 0
2181 0
2182 0
2183 0
2184 0
2185 0
2186 0
2187 0
2188 0
2189 1
2190 1
2191 0
2192 0
2193 0
2194 0
2195 0
2196 0
2197 0
2198 0
2199 0
2200 0
2201 0
2202 0
2203 0
2204 0
2205 0
2206 0
2207 0
2208 0
2209 0
2210 0
2211 0
2212 0
2213 0
2214 0
2215 0
2216 0
2217 0
2218 0
2219 0
2220 0
2221 0
2222 0
2223 0
2224 0
2225 0
2226 0
2227 0
2228 0
2229 0
2230 0
2231 0
2232 0
2233 0
2234 0
2235 0
2236 0
2237 0
2238 0
2239 0
2240 0
2241 0
2242 0
2243 0
2244 0
2245 0
2246 0
2247 0
2248 0
2249 0
2250 0
2251 0
2252 0
2253 0
2254 0
2255 0
2256 0
2257 0
2258 0
2259 0
2260 0
2261 0
2262 0
2263 0
2264 0
2265 1
2266 0
2267 0
2268 0
2269 0
2270 0
2271 0
2272 0
2273 0
2274 0
2275 0
2276 0
2277 0
2278 0
2279 0
2280 0
2281 0
2282 0
2283 0
2284 0
2285 1
2286 0
2287 0
2288 0
2289 0
2290 0
2291 0
2292 0
2293 0
2294 0
2295 0
2296 0
2297 0
2298 0
2299 0
2300 0
2301 0
2302 0
2303 0
2304 0
2305 0
2306 0
2307 0
2308 0
2309 0
2310 0
2311 0
2312 0
2313 0
2314 0
2315 0
2316 0
2317 0
2318 0
2319 0
2320 0
2321 0
2322 0
2323 0
2324 0
2325 0
2326 1
2327 0
2328 0
2329 0
2330 0
2331 0
2332 0
2333 0
2334 0
2335 1
2336 0
2337 0
2338 0
2339 0
2340 0
2341 0
2342 0
2343 0
2344 0
2345 1
2346 0
2347 0
2348 0
2349 0
2350 0
2351 0
2352 0
2353 0
2354 0
2355 0
2356 0
2357 0
2358 0
2359 1
2360 0
2361 0
2362 0
2363 0
2364 0
2365 0
2366 0
2367 0
2368 0
2369 0
2370 0
2371 1
2372 0
2373 0
2374 0
2375 0
2376 0
2377 0
2378 0
2379 0
2380 0
2381 0
2382 0
2383 0
2384 0
2385 0
2386 0
2387 0
2388 1
2389 0
2390 0
2391 0
2392 0
2393 0
2394 0
2395 0
2396 0
2397 0
2398 0
2399 0
2400 0
2401 0
2402 0
2403 0
2404 0
2405 0
2406 0
2407 0
2408 0
2409 0
2410 0
2411 0
2412 0
2413 0
2414 0
2415 0
2416 0
2417 0
2418 0
2419 0
2420 0
2421 0
2422 0
2423 0
2424 0
2425 0
2426 0
2427 0
2428 1
2429 0
2430 0
2431 1
2432 0
2433 0
2434 0
2435 0
2436 0
2437 0
2438 0
2439 0
2440 0
2441 0
2442 0
2443 0
2444 0
2445 0
2446 0
2447 0
2448 0
2449 0
2450 1
2451 0
2452 0
2453 0
2454 0
2455 0
2456 0
2457 0
2458 0
2459 0
2460 0
2461 0
2462 0
2463 1
2464 0
2465 0
2466 0
2467 0
2468 1
2469 0
2470 0
2471 0
2472 0
2473 0
2474 0
2475 1
2476 0
2477 0
2478 0
2479 0
2480 0
2481 0
2482 0
2483 0
2484 0
2485 0
2486 0
2487 0
2488 0
2489 0
2490 0
2491 0
2492 0
2493 0
2494 0
2495 0
2496 0
2497 0
2498 0
2499 0
2500 0
2501 0
2502 0
2503 0
2504 0
2505 0
2506 0
2507 0
2508 0
2509 0
2510 0
2511 0
2512 0
2513 0
2514 0
2515 0
2516 0
2517 0
2518 0
2519 0
2520 0
2521 0
2522 0
2523 0
2524 0
2525 0
2526 0
2527 0
2528 0
2529 0
2530 0
2531 0
2532 0
2533 0
2534 0
2535 0
2536 0
2537 0
2538 0
2539 0
2540 0
2541 0
2542 0
2543 0
2544 0
2545 0
2546 0
2547 0
2548 0
2549 0
2550 0
2551 0
2552 0
2553 0
2554 0
2555 0
2556 0
2557 0
2558 0
2559 0
2560 0
2561 0
2562 0
2563 0
2564 0
2565 0
2566 0
2567 0
2568 0
2569 1
2570 0
2571 0
2572 0
2573 0
2574 0
2575 0
2576 0
2577 0
2578 0
2579 0
2580 0
2581 0
2582 0
2583 0
2584 0
2585 0
2586 0
2587 0
2588 0
2589 0
2590 0
2591 0
2592 0
2593 0
2594 0
2595 0
2596 0
2597 0
2598 1
2599 0
2600 0
2601 0
2602 0
2603 0
2604 0
2605 0
2606 0
2607 0
2608 0
2609 0
2610 1
2611 0
2612 0
2613 0
2614 0
2615 0
2616 0
2617 0
2618 0
2619 0
2620 0
2621 0
2622 0
2623 0
2624 0
2625 0
2626 0
2627 0
2628 0
2629 0
2630 0
2631 0
2632 0
2633 0
2634 0
2635 0
2636 0
2637 0
2638 0
2639 0
2640 0
2641 0
2642 0
2643 0
2644 0
2645 0
2646 0
2647 0
2648 0
2649 0
2650 0
2651 0
2652 0
2653 0
2654 0
2655 0
2656 0
2657 0
2658 0
2659 0
2660 0
2661 1
2662 0
2663 0
2664 0
2665 0
2666 0
2667 0
2668 0
2669 0
2670 0
2671 0
2672 0
2673 0
2674 0
2675 0
2676 0
2677 0
2678 0
2679 0
2680 0
2681 0
2682 0
2683 0
2684 0
2685 0
2686 0
2687 0
2688 0
2689 0
2690 0
2691 0
2692 0
2693 0
2694 0
2695 0
2696 0
2697 0
2698 0
2699 0
2700 0
2701 0
2702 0
2703 0
2704 0
2705 0
2706 0
2707 0
2708 0
2709 0
2710 0
2711 1
2712 0
2713 0
2714 0
2715 0
2716 0
2717 0
2718 0
2719 0
2720 0
2721 0
2722 0
2723 0
2724 0
2725 0
2726 0
2727 0
2728 0
2729 0
2730 0
2731 0
2732 0
2733 0
2734 0
2735 0
2736 0
2737 0
2738 0
2739 0
2740 0
2741 0
2742 0
2743 0
2744 0
2745 0
2746 0
2747 0
2748 0
2749 0
2750 0
2751 0
2752 0
2753 0
2754 0
2755 0
2756 0
2757 0
2758 0
2759 0
2760 0
2761 0
2762 0
2763 0
2764 0
2765 0
2766 0
2767 0
2768 0
2769 0
2770 0
2771 0
2772 0
2773 0
2774 0
2775 1
2776 0
2777 0
2778 0
2779 0
2780 0
2781 0
2782 0
2783 0
2784 0
2785 0
2786 0
2787 0
2788 0
2789 0
2790 0
2791 0
2792 0
2793 0
2794 0
2795 0
2796 0
2797 0
2798 0
2799 0
2800 0
2801 0
2802 0
2803 0
2804 0
2805 0
2806 0
2807 0
2808 0
2809 0
2810 1
2811 1
2812 0
2813 0
2814 0
2815 0
2816 0
2817 0
2818 0
2819 0
2820 0
2821 0
2822 0
2823 0
2824 0
2825 0
2826 0
2827 0
2828 0
2829 0
2830 0
2831 0
2832 0
2833 0
2834 0
2835 0
2836 0
2837 0
2838 0
2839 0
2840 0
2841 0
2842 0
2843 0
2844 0
2845 0
2846 0
2847 0
2848 0
2849 0
2850 0
2851 0
2852 0
2853 0
2854 0
2855 0
2856 0
2857 0
2858 0
2859 0
2860 0
2861 0
2862 0
2863 0
2864 0
2865 0
2866 0
2867 0
2868 0
2869 0
2870 0
2871 0
2872 0
2873 0
2874 0
2875 0
2876 0
2877 0
2878 0
2879 0
2880 0
2881 0
2882 0
2883 0
2884 0
2885 0
2886 0
2887 0
2888 0
2889 0
2890 0
2891 0
2892 0
2893 0
2894 0
2895 0
2896 0
2897 0
2898 0
2899 0
2900 0
2901 0
2902 0
2903 0
2904 0
2905 0
2906 0
2907 0
2908 0
2909 0
2910 0
2911 0
2912 0
2913 0
2914 0
2915 0
2916 0
2917 0
2918 0
2919 0
2920 0
2921 0
2922 0
2923 0
2924 0
2925 0
2926 0
2927 0
2928 0
2929 0
2930 0
2931 0
2932 0
2933 0
2934 0
2935 0
2936 0
2937 0
2938 0
2939 0
2940 0
2941 0
2942 0
2943 0
2944 0
2945 0
2946 0
2947 0
2948 0
2949 0
2950 0
2951 0
2952 0
2953 0
2954 0
2955 0
2956 0
2957 0
2958 1
2959 0
2960 0
2961 0
2962 0
2963 0
2964 0
2965 0
2966 0
2967 0
2968 0
2969 0
2970 0
2971 0
2972 0
2973 0
2974 0
2975 0
2976 0
2977 0
2978 0
2979 0
2980 0
2981 0
2982 0
2983 0
2984 0
2985 0
2986 0
2987 0
2988 1
2989 0
2990 0
2991 0
2992 0
2993 0
2994 0
2995 0
2996 0
2997 0
2998 0
2999 0
3000 0
3001 0
3002 0
3003 0
3004 0
3005 0
3006 0
3007 0
3008 0
3009 0
3010 0
3011 0
3012 0
3013 0
3014 0
3015 0
3016 0
3017 0
3018 0
3019 0
3020 0
3021 0
3022 0
3023 0
3024 0
3025 0
3026 0
3027 0
3028 0
3029 0
3030 0
3031 0
3032 0
3033 1
3034 0
3035 0
3036 0
3037 0
3038 0
3039 0
3040 0
3041 0
3042 0
3043 0
3044 0
3045 0
3046 0
3047 0
3048 0
3049 0
3050 0
3051 0
3052 0
3053 0
3054 0
3055 0
3056 0
3057 0
3058 0
3059 0
3060 1
3061 0
3062 0
3063 0
3064 0
3065 0
3066 0
3067 0
3068 0
3069 0
3070 0
3071 0
3072 0
3073 0
3074 0
3075 0
3076 0
3077 0
3078 0
3079 0
3080 0
3081 0
3082 0
3083 0
3084 0
3085 0
3086 0
3087 0
3088 0
3089 0
3090 0
3091 0
3092 0
3093 0
3094 0
3095 0
3096 0
3097 0
3098 0
3099 0
3100 0
3101 0
3102 0
3103 0
3104 0
3105 1
3106 0
3107 0
3108 0
3109 0
3110 0
3111 0
3112 0
3113 0
3114 0
3115 0
3116 0
3117 0
3118 0
3119 0
3120 0
3121 0
3122 0
3123 0
3124 0
3125 0
3126 0
3127 0
3128 0
3129 0
3130 0
3131 0
3132 0
3133 0
3134 0
3135 0
3136 0
3137 0
3138 0
3139 0
3140 0
3141 0
3142 0
3143 0
3144 0
3145 0
3146 0
3147 0
3148 0
3149 0
3150 0
3151 0
3152 0
3153 0
3154 0
3155 0
3156 0
3157 0
3158 0
3159 0
3160 0
3161 0
3162 0
3163 0
3164 0
3165 0
3166 0
3167 0
3168 0
3169 0
3170 0
3171 0
3172 0
3173 0
3174 0
3175 0
3176 1
3177 0
3178 0
3179 0
3180 0
3181 0
3182 0
3183 0
3184 0
3185 0
3186 0
3187 0
3188 0
3189 0
3190 0
3191 0
3192 0
3193 0
3194 0
3195 0
3196 0
3197 0
3198 0
3199 0
3200 0
3201 0
3202 0
3203 0
3204 0
3205 0
3206 0
3207 0
3208 0
3209 0
3210 0
3211 0
3212 0
3213 0
3214 0
3215 0
3216 0
3217 0
3218 0
3219 0
3220 1
3221 0
3222 0
3223 0
3224 0
3225 0
3226 0
3227 0
3228 0
3229 0
3230 0
3231 0
3232 0
3233 0
3234 0
3235 0
3236 0
3237 0
3238 0
3239 0
3240 0
3241 0
3242 0
3243 0
3244 0
3245 0
3246 0
3247 0
3248 1
3249 0
3250 0
3251 0
3252 0
3253 0
3254 0
3255 0
3256 0
3257 0
3258 0
3259 0
3260 0
3261 0
3262 0
3263 0
3264 0
3265 0
3266 0
3267 0
3268 0
3269 0
3270 0
3271 0
3272 0
3273 0
3274 1
3275 0
3276 0
3277 0
3278 0
3279 0
3280 0
3281 0
3282 0
3283 0
3284 0
3285 0
3286 0
3287 0
3288 0
3289 0
3290 0
3291 0
3292 0
3293 0
3294 0
3295 0
3296 0
3297 1
3298 0
3299 0
3300 0
3301 0
3302 0
3303 0
3304 0
3305 0
3306 0
3307 0
3308 0
3309 0
3310 0
3311 0
3312 1
3313 0
3314 0
3315 0
3316 0
3317 0
3318 1
3319 0
3320 0
3321 0
3322 0
3323 0
3324 0
3325 0
3326 0
3327 0
3328 0
3329 1
3330 0
3331 0
3332 0
3333 0
3334 0
3335 0
3336 0
3337 0
3338 0
3339 0
3340 0
3341 0
3342 0
3343 0
3344 0
3345 0
3346 0
3347 0
3348 0
3349 0
3350 0
3351 0
3352 0
3353 0
3354 0
3355 0
3356 0
3357 0
3358 0
3359 0
3360 0
3361 0
3362 0
3363 0
3364 0
3365 0
3366 0
3367 0
3368 0
3369 0
3370 0
3371 0
3372 0
3373 0
3374 0
3375 0
3376 0
3377 0
3378 0
3379 0
3380 0
3381 0
3382 1
3383 0
3384 0
3385 0
3386 0
3387 0
3388 0
3389 0
3390 0
3391 0
3392 0
3393 0
3394 0
3395 0
3396 0
3397 0
3398 0
3399 0
3400 0
3401 0
3402 0
3403 0
3404 0
3405 0
3406 0
3407 0
3408 0
3409 0
3410 0
3411 0
3412 0
3413 0
3414 0
3415 0
3416 0
3417 0
3418 0
3419 0
3420 0
3421 0
3422 0
3423 0
3424 0
3425 0
3426 0
3427 0
3428 0
3429 0
3430 0
3431 0
3432 0
3433 0
3434 0
3435 0
3436 0
3437 0
3438 0
3439 0
3440 0
3441 0
3442 0
3443 0
3444 0
3445 0
3446 0
3447 0
3448 0
3449 0
3450 0
3451 0
3452 0
3453 0
3454 0
3455 0
3456 0
3457 0
3458 0
3459 0
3460 0
3461 0
3462 0
3463 0
3464 0
3465 0
3466 0
3467 0
3468 0
3469 0
3470 1
3471 0
3472 0
3473 0
3474 0
3475 0
3476 0
3477 0
3478 0
3479 0
3480 0
3481 0
3482 0
3483 0
3484 0
3485 0
3486 0
3487 0
3488 0
3489 0
3490 0
3491 0
3492 0
3493 0
3494 0
3495 0
3496 0
3497 0
3498 0
3499 0
3500 0
3501 0
3502 0
3503 0
3504 0
3505 0
3506 0
3507 0
3508 0
3509 0
3510 0
3511 0
3512 0
3513 0
3514 0
3515 0
3516 0
3517 0
3518 0
3519 0
3520 0
3521 1
3522 0
3523 0
3524 0
3525 0
3526 0
3527 0
3528 0
3529 0
3530 0
3531 0
3532 0
3533 0
3534 0
3535 0
3536 0
3537 0
3538 0
3539 0
3540 0
3541 0
3542 0
3543 0
3544 0
3545 0
3546 0
3547 0
3548 0
3549 0
3550 0
3551 0
3552 0
3553 0
3554 0
3555 0
3556 0
3557 0
3558 0
3559 0
3560 0
3561 0
3562 0
3563 0
3564 0
3565 1
3566 0
3567 0
3568 0
3569 0
3570 0
3571 0
3572 0
3573 0
3574 0
3575 0
3576 0
3577 0
3578 0
3579 0
3580 0
3581 0
3582 0
3583 0
3584 0
3585 0
3586 0
3587 0
3588 0
3589 0
3590 0
3591 0
3592 0
3593 0
3594 0
3595 0
3596 0
3597 0
3598 0
3599 0
3600 0
3601 0
3602 0
3603 0
3604 0
3605 0
3606 0
3607 0
3608 0
3609 0
3610 0
3611 0
3612 0
3613 0
3614 0
3615 0
3616 0
3617 0
3618 0
3619 0
3620 0
3621 0
3622 0
3623 0
3624 0
3625 0
3626 0
3627 0
3628 0
3629 0
3630 0
3631 0
3632 0
3633 0
3634 0
3635 0
3636 0
3637 0
3638 0
3639 0
3640 0
3641 0
3642 0
3643 0
3644 0
3645 0
3646 0
3647 0
3648 0
3649 0
3650 0
3651 0
3652 0
3653 0
3654 0
3655 0
3656 0
3657 0
3658 0
3659 0
3660 0
3661 0
3662 0
3663 0
3664 0
3665 0
3666 0
3667 0
3668 0
3669 0
3670 0
3671 0
3672 0
3673 0
3674 0
3675 0
3676 0
3677 0
3678 0
3679 0
3680 0
3681 0
3682 0
3683 0
3684 0
3685 0
3686 0
3687 0
3688 0
3689 0
3690 0
3691 0
3692 0
3693 0
3694 0
3695 0
3696 0
3697 0
3698 0
3699 0
3700 0
3701 0
3702 0
3703 0
3704 0
3705 0
3706 0
3707 0
3708 0
3709 0
3710 0
3711 0
3712 0
3713 0
3714 0
3715 0
3716 0
3717 0
3718 0
3719 0
3720 0
3721 0
3722 0
3723 0
3724 0
3725 0
3726 0
3727 0
3728 0
3729 0
3730 0
3731 0
3732 0
3733 0
3734 0
3735 0
3736 0
3737 0
3738 0
3739 0
3740 0
3741 0
3742 0
3743 0
3744 0
3745 0
3746 0
3747 0
3748 0
3749 0
3750 0
3751 0
3752 0
3753 0
3754 0
3755 0
3756 0
3757 0
3758 0
3759 0
3760 0
3761 0
3762 0
3763 0
3764 0
3765 0
3766 0
3767 0
3768 0
3769 0
3770 0
3771 0
3772 0
3773 0
3774 0
3775 0
3776 0
3777 0
3778 0
3779 0
3780 0
3781 0
3782 0
3783 0
3784 0
3785 0
3786 0
3787 0
3788 0
3789 0
3790 0
3791 0
3792 0
3793 0
3794 0
3795 0
3796 0
3797 0
3798 0
3799 0
3800 0
3801 0
3802 0
3803 0
3804 0
3805 0
3806 0
3807 0
3808 0
3809 0
3810 0
3811 0
3812 0
3813 0
3814 0
3815 0
3816 0
3817 0
3818 0
3819 0
3820 0
3821 0
3822 0
3823 1
3824 0
3825 0
3826 0
3827 0
3828 0
3829 0
3830 0
3831 2
3832 0
3833 0
3834 0
3835 0
3836 0
3837 0
3838 0
3839 0
3840 0
3841 0
3842 0
3843 0
3844 0
3845 0
3846 0
3847 0
3848 0
3849 0
3850 0
3851 0
3852 0
3853 0
3854 0
3855 0
3856 0
3857 0
3858 0
3859 0
3860 0
3861 0
3862 0
3863 0
3864 0
3865 1
3866 0
3867 0
3868 0
3869 0
3870 0
3871 0
3872 0
3873 0
3874 0
3875 0
3876 0
3877 0
3878 0
3879 0
3880 0
3881 0
3882 0
3883 0
3884 0
3885 0
3886 0
3887 0
3888 0
3889 0
3890 0
3891 0
3892 0
3893 0
3894 0
3895 0
3896 0
3897 0
3898 0
3899 0
3900 0
3901 0
3902 0
3903 0
3904 0
3905 0
3906 0
3907 0
3908 0
3909 0
3910 0
3911 0
3912 0
3913 0
3914 0
3915 0
3916 0
3917 0
3918 0
3919 0
3920 0
3921 0
3922 0
3923 0
3924 0
3925 0
3926 0
3927 0
3928 0
3929 0
3930 0
3931 0
3932 0
3933 0
3934 0
3935 0
3936 0
3937 0
3938 0
3939 0
3940 0
3941 0
3942 0
3943 0
3944 0
3945 0
3946 0
3947 0
3948 0
3949 0
3950 0
3951 0
3952 0
3953 0
3954 0
3955 0
3956 0
3957 0
3958 0
3959 1
3960 0
3961 0
3962 0
3963 0
3964 0
3965 0
3966 0
3967 0
3968 0
3969 0
3970 0
3971 0
3972 0
3973 0
3974 0
3975 0
3976 0
3977 0
3978 0
3979 0
3980 0
3981 0
3982 0
3983 0
3984 0
3985 0
3986 0
3987 0
3988 0
3989 0
3990 0
3991 0
3992 0
3993 0
3994 0
3995 0
3996 0
3997 0
3998 0
3999 0
4000 0
