0 0
1 0
2 0
3 0
4 0
5 0
6 0
7 0
8 0
9 0
10 0
11 0
12 0
13 0
14 0
15 0
16 0
17 0
18 0
19 0
20 0
21 0
22 0
23 0
24 0
25 0
26 0
27 0
28 0
29 0
30 0
31 0
32 0
33 0
34 0
35 0
36 0
37 0
38 0
39 0
40 0
41 0
42 0
43 0
44 0
45 0
46 0
47 0
48 0
49 0
50 0
51 0
52 0
53 0
54 0
55 0
56 0
57 0
58 0
59 0
60 0
61 0
62 0
63 0
64 0
65 0
66 0
67 0
68 0
69 0
70 0
71 0
72 0
73 0
74 0
75 0
76 0
77 0
78 0
79 0
80 0
81 0
82 0
83 0
84 0
85 0
86 0
87 0
88 0
89 0
90 0
91 0
92 0
93 0
94 0
95 0
96 0
97 0
98 0
99 0
100 0
101 0
102 0
103 0
104 0
105 0
106 0
107 0
108 0
109 0
110 0
111 0
112 0
113 0
114 0
115 0
116 0
117 0
118 0
119 0
120 0
121 0
122 0
123 0
124 0
125 0
126 0
127 0
128 0
129 0
130 0
131 0
132 0
133 0
134 0
135 0
136 0
137 0
138 0
139 0
140 0
141 0
142 0
143 0
144 0
145 0
146 0
147 0
148 0
149 0
150 0
151 0
152 4
153 0
154 3
155 7
156 1
157 2
158 0
159 2
160 2
161 1
162 1
163 5
164 3
165 3
166 2
167 3
168 2
169 2
170 2
171 5
172 11
173 20
174 42
175 56
176 87
177 112
178 105
179 133
180 174
181 179
182 283
183 472
184 685
185 1036
186 1371
187 1454
188 1692
189 1735
190 1698
191 1626
192 1469
193 1420
194 1280
195 1155
196 1041
197 886
198 803
199 693
200 615
201 514
202 496
203 419
204 389
205 345
206 310
207 271
208 265
209 254
210 248
211 225
212 231
213 208
214 201
215 203
216 193
217 198
218 173
219 193
220 196
221 204
222 183
223 174
224 210
225 194
226 184
227 212
228 191
229 210
230 194
231 194
232 218
233 193
234 183
235 179
236 172
237 179
238 195
239 206
240 193
241 207
242 189
243 190
244 198
245 204
246 213
247 221
248 184
249 234
250 230
251 214
252 219
253 214
254 219
255 229
256 239
257 211
258 207
259 217
260 215
261 232
262 213
263 211
264 195
265 244
266 252
267 202
268 233
269 209
270 227
271 250
272 244
273 218
274 218
275 239
276 240
277 213
278 208
279 210
280 230
281 228
282 230
283 242
284 229
285 208
286 234
287 248
288 245
289 205
290 219
291 228
292 249
293 228
294 230
295 228
296 208
297 228
298 225
299 233
300 226
301 233
302 268
303 247
304 226
305 246
306 229
307 257
308 268
309 252
310 238
311 248
312 246
313 246
314 219
315 231
316 242
317 272
318 233
319 213
320 237
321 251
322 238
323 215
324 213
325 202
326 229
327 245
328 247
329 243
330 268
331 236
332 243
333 257
334 210
335 247
336 258
337 225
338 267
339 238
340 225
341 247
342 255
343 230
344 233
345 234
346 272
347 222
348 251
349 243
350 245
351 216
352 238
353 228
354 227
355 231
356 256
357 203
358 260
359 227
360 249
361 246
362 215
363 246
364 233
365 259
366 256
367 256
368 267
369 267
370 264
371 262
372 272
373 259
374 255
375 251
376 284
377 256
378 257
379 266
380 295
381 261
382 261
383 260
384 255
385 242
386 284
387 273
388 244
389 258
390 250
391 267
392 270
393 269
394 274
395 259
396 280
397 273
398 280
399 294
400 274
401 270
402 269
403 295
404 305
405 269
406 261
407 301
408 254
409 284
410 291
411 309
412 270
413 257
414 304
415 289
416 259
417 271
418 279
419 299
420 287
421 297
422 286
423 291
424 294
425 312
426 291
427 284
428 282
429 309
430 323
431 287
432 326
433 308
434 316
435 296
436 341
437 302
438 307
439 316
440 322
441 299
442 325
443 308
444 302
445 332
446 322
447 319
448 336
449 276
450 315
451 307
452 325
453 335
454 352
455 318
456 284
457 324
458 328
459 350
460 332
461 345
462 333
463 331
464 338
465 320
466 357
467 352
468 325
469 364
470 360
471 348
472 351
473 376
474 347
475 332
476 377
477 356
478 345
479 339
480 342
481 357
482 420
483 367
484 351
485 355
486 385
487 374
488 341
489 333
490 379
491 358
492 402
493 377
494 398
495 403
496 398
497 373
498 374
499 401
500 420
501 398
502 421
503 406
504 395
505 424
506 400
507 431
508 412
509 410
510 439
511 425
512 417
513 405
514 418
515 392
516 423
517 444
518 426
519 375
520 417
521 417
522 422
523 412
524 439
525 416
526 462
527 441
528 444
529 438
530 447
531 451
532 412
533 445
534 494
535 461
536 453
537 445
538 451
539 446
540 450
541 451
542 456
543 451
544 451
545 436
546 459
547 456
548 428
549 427
550 450
551 482
552 450
553 490
554 449
555 463
556 468
557 480
558 462
559 495
560 444
561 485
562 444
563 451
564 456
565 468
566 443
567 441
568 520
569 505
570 469
571 451
572 439
573 434
574 529
575 493
576 442
577 476
578 470
579 439
580 489
581 503
582 453
583 513
584 456
585 514
586 439
587 439
588 480
589 467
590 446
591 458
592 459
593 506
594 472
595 457
596 476
597 452
598 490
599 453
600 453
601 447
602 448
603 470
604 456
605 467
606 464
607 502
608 480
609 448
610 450
611 435
612 491
613 482
614 466
615 483
616 423
617 439
618 429
619 423
620 448
621 459
622 456
623 449
624 439
625 395
626 472
627 440
628 474
629 447
630 429
631 477
632 424
633 406
634 426
635 434
636 433
637 414
638 412
639 421
640 436
641 430
642 437
643 461
644 445
645 424
646 450
647 385
648 448
649 408
650 433
651 433
652 393
653 372
654 415
655 420
656 421
657 356
658 406
659 413
660 376
661 397
662 416
663 411
664 439
665 419
666 411
667 392
668 402
669 407
670 405
671 386
672 400
673 404
674 355
675 382
676 400
677 378
678 353
679 372
680 357
681 374
682 344
683 376
684 388
685 341
686 369
687 374
688 356
689 351
690 368
691 367
692 372
693 351
694 348
695 338
696 343
697 341
698 336
699 333
700 350
701 316
702 339
703 359
704 355
705 306
706 333
707 340
708 309
709 339
710 357
711 333
712 312
713 330
714 326
715 315
716 301
717 314
718 303
719 292
720 322
721 307
722 310
723 270
724 271
725 336
726 310
727 309
728 286
729 299
730 307
731 297
732 255
733 274
734 286
735 255
736 281
737 276
738 292
739 250
740 287
741 284
742 296
743 308
744 261
745 260
746 258
747 253
748 272
749 270
750 254
751 231
752 248
753 273
754 251
755 242
756 245
757 244
758 216
759 249
760 265
761 235
762 248
763 221
764 220
765 203
766 220
767 218
768 228
769 216
770 214
771 233
772 210
773 213
774 217
775 240
776 208
777 189
778 209
779 188
780 194
781 176
782 186
783 195
784 197
785 187
786 201
787 214
788 197
789 175
790 187
791 181
792 187
793 195
794 167
795 166
796 188
797 158
798 192
799 200
800 199
801 184
802 162
803 167
804 182
805 168
806 159
807 150
808 192
809 157
810 168
811 154
812 175
813 171
814 163
815 182
816 159
817 142
818 152
819 141
820 146
821 173
822 168
823 148
824 145
825 135
826 156
827 143
828 141
829 155
830 147
831 154
832 139
833 146
834 126
835 139
836 126
837 121
838 142
839 156
840 142
841 132
842 116
843 111
844 113
845 110
846 131
847 128
848 123
849 126
850 109
851 114
852 97
853 106
854 119
855 130
856 126
857 101
858 117
859 126
860 105
861 95
862 93
863 99
864 135
865 108
866 118
867 114
868 103
869 103
870 118
871 104
872 102
873 122
874 107
875 102
876 100
877 114
878 115
879 90
880 98
881 90
882 106
883 82
884 93
885 96
886 101
887 91
888 102
889 94
890 85
891 87
892 86
893 85
894 97
895 79
896 89
897 85
898 90
899 94
900 82
901 92
902 78
903 74
904 94
905 88
906 82
907 83
908 87
909 86
910 89
911 75
912 74
913 84
914 82
915 86
916 65
917 79
918 79
919 90
920 65
921 81
922 81
923 57
924 71
925 74
926 76
927 77
928 62
929 66
930 85
931 78
932 62
933 60
934 65
935 66
936 67
937 71
938 61
939 74
940 94
941 74
942 73
943 63
944 80
945 80
946 49
947 63
948 61
949 64
950 70
951 63
952 55
953 67
954 80
955 51
956 63
957 53
958 64
959 59
960 52
961 68
962 57
963 65
964 49
965 81
966 58
967 72
968 63
969 86
970 74
971 58
972 65
973 57
974 64
975 55
976 78
977 56
978 54
979 53
980 54
981 63
982 61
983 53
984 70
985 50
986 64
987 50
988 75
989 50
990 56
991 57
992 54
993 47
994 64
995 55
996 49
997 62
998 54
999 58
1000 53
1001 60
1002 68
1003 58
1004 68
1005 63
1006 64
1007 64
1008 55
1009 51
1010 64
1011 50
1012 63
1013 58
1014 57
1015 63
1016 55
1017 69
1018 55
1019 63
1020 58
1021 52
1022 55
1023 56
1024 65
1025 53
1026 47
1027 57
1028 49
1029 57
1030 54
1031 42
1032 61
1033 56
1034 63
1035 51
1036 61
1037 53
1038 56
1039 47
1040 45
1041 64
1042 38
1043 59
1044 47
1045 46
1046 61
1047 49
1048 47
1049 59
1050 50
1051 48
1052 49
1053 48
1054 50
1055 55
1056 42
1057 60
1058 54
1059 45
1060 53
1061 54
1062 50
1063 43
1064 62
1065 61
1066 56
1067 47
1068 67
1069 51
1070 59
1071 53
1072 60
1073 55
1074 58
1075 58
1076 44
1077 52
1078 49
1079 42
1080 60
1081 51
1082 61
1083 42
1084 49
1085 53
1086 63
1087 49
1088 54
1089 42
1090 54
1091 46
1092 53
1093 52
1094 47
1095 49
1096 50
1097 61
1098 59
1099 63
1100 61
1101 59
1102 42
1103 50
1104 68
1105 59
1106 55
1107 52
1108 47
1109 44
1110 43
1111 48
1112 45
1113 46
1114 51
1115 48
1116 51
1117 56
1118 53
1119 57
1120 49
1121 44
1122 46
1123 53
1124 50
1125 62
1126 33
1127 51
1128 49
1129 52
1130 43
1131 58
1132 47
1133 50
1134 46
1135 46
1136 45
1137 59
1138 49
1139 50
1140 46
1141 52
1142 60
1143 42
1144 52
1145 49
1146 55
1147 55
1148 44
1149 45
1150 46
1151 53
1152 49
1153 66
1154 52
1155 60
1156 37
1157 50
1158 50
1159 42
1160 58
1161 50
1162 49
1163 57
1164 63
1165 37
1166 42
1167 56
1168 44
1169 54
1170 54
1171 48
1172 52
1173 48
1174 62
1175 58
1176 36
1177 57
1178 33
1179 52
1180 42
1181 53
1182 42
1183 40
1184 55
1185 41
1186 45
1187 62
1188 36
1189 51
1190 49
1191 43
1192 44
1193 34
1194 49
1195 44
1196 47
1197 47
1198 49
1199 54
1200 45
1201 52
1202 49
1203 48
1204 47
1205 50
1206 47
1207 53
1208 40
1209 66
1210 59
1211 58
1212 62
1213 42
1214 47
1215 47
1216 52
1217 43
1218 59
1219 63
1220 61
1221 38
1222 46
1223 52
1224 42
1225 48
1226 52
1227 41
1228 46
1229 53
1230 54
1231 58
1232 53
1233 48
1234 53
1235 33
1236 40
1237 54
1238 49
1239 54
1240 53
1241 56
1242 40
1243 52
1244 54
1245 44
1246 42
1247 52
1248 56
1249 49
1250 41
1251 63
1252 58
1253 42
1254 48
1255 54
1256 50
1257 49
1258 45
1259 39
1260 38
1261 51
1262 54
1263 56
1264 47
1265 55
1266 48
1267 48
1268 53
1269 32
1270 42
1271 61
1272 40
1273 50
1274 41
1275 45
1276 51
1277 46
1278 53
1279 52
1280 50
1281 41
1282 47
1283 50
1284 58
1285 41
1286 42
1287 50
1288 44
1289 52
1290 64
1291 52
1292 44
1293 47
1294 43
1295 62
1296 51
1297 46
1298 51
1299 33
1300 47
1301 55
1302 43
1303 40
1304 53
1305 61
1306 34
1307 52
1308 49
1309 40
1310 59
1311 52
1312 42
1313 56
1314 44
1315 47
1316 52
1317 48
1318 48
1319 44
1320 44
1321 35
1322 38
1323 50
1324 50
1325 54
1326 44
1327 39
1328 53
1329 45
1330 39
1331 46
1332 47
1333 49
1334 45
1335 48
1336 47
1337 42
1338 46
1339 39
1340 52
1341 49
1342 60
1343 45
1344 35
1345 48
1346 47
1347 52
1348 46
1349 48
1350 56
1351 60
1352 58
1353 38
1354 55
1355 48
1356 48
1357 43
1358 40
1359 38
1360 49
1361 48
1362 49
1363 41
1364 35
1365 40
1366 52
1367 53
1368 55
1369 37
1370 53
1371 48
1372 41
1373 39
1374 45
1375 50
1376 44
1377 44
1378 58
1379 50
1380 42
1381 49
1382 46
1383 43
1384 46
1385 47
1386 33
1387 62
1388 47
1389 52
1390 38
1391 41
1392 44
1393 41
1394 45
1395 43
1396 46
1397 55
1398 36
1399 38
1400 49
1401 48
1402 52
1403 42
1404 39
1405 51
1406 34
1407 55
1408 53
1409 35
1410 41
1411 39
1412 50
1413 46
1414 50
1415 34
1416 45
1417 33
1418 49
1419 58
1420 43
1421 48
1422 50
1423 46
1424 37
1425 55
1426 43
1427 40
1428 34
1429 47
1430 44
1431 48
1432 40
1433 34
1434 41
1435 42
1436 48
1437 45
1438 39
1439 51
1440 34
1441 45
1442 46
1443 29
1444 46
1445 42
1446 38
1447 42
1448 37
1449 48
1450 40
1451 44
1452 47
1453 52
1454 51
1455 33
1456 42
1457 48
1458 53
1459 43
1460 44
1461 49
1462 36
1463 40
1464 35
1465 35
1466 58
1467 36
1468 41
1469 36
1470 45
1471 36
1472 53
1473 41
1474 40
1475 37
1476 38
1477 45
1478 33
1479 36
1480 51
1481 49
1482 40
1483 38
1484 53
1485 36
1486 32
1487 32
1488 43
1489 47
1490 45
1491 44
1492 42
1493 38
1494 36
1495 50
1496 38
1497 44
1498 43
1499 36
1500 27
1501 38
1502 30
1503 37
1504 41
1505 46
1506 33
1507 40
1508 39
1509 31
1510 32
1511 44
1512 46
1513 32
1514 33
1515 27
1516 36
1517 39
1518 36
1519 41
1520 32
1521 36
1522 43
1523 42
1524 30
1525 26
1526 37
1527 32
1528 24
1529 46
1530 41
1531 41
1532 42
1533 28
1534 47
1535 50
1536 46
1537 36
1538 31
1539 41
1540 24
1541 49
1542 26
1543 38
1544 33
1545 31
1546 34
1547 47
1548 33
1549 38
1550 26
1551 34
1552 34
1553 34
1554 34
1555 38
1556 32
1557 36
1558 39
1559 35
1560 37
1561 45
1562 33
1563 28
1564 38
1565 31
1566 27
1567 24
1568 39
1569 30
1570 31
1571 34
1572 30
1573 27
1574 33
1575 34
1576 34
1577 25
1578 33
1579 36
1580 29
1581 38
1582 35
1583 35
1584 32
1585 25
1586 25
1587 32
1588 27
1589 35
1590 36
1591 30
1592 33
1593 31
1594 30
1595 29
1596 29
1597 36
1598 28
1599 35
1600 26
1601 22
1602 23
1603 27
1604 28
1605 31
1606 24
1607 26
1608 27
1609 28
1610 22
1611 31
1612 29
1613 32
1614 29
1615 27
1616 29
1617 30
1618 33
1619 30
1620 33
1621 24
1622 32
1623 20
1624 38
1625 31
1626 36
1627 28
1628 25
1629 39
1630 35
1631 30
1632 28
1633 23
1634 25
1635 26
1636 34
1637 21
1638 26
1639 24
1640 31
1641 29
1642 36
1643 25
1644 32
1645 20
1646 24
1647 21
1648 29
1649 21
1650 22
1651 24
1652 29
1653 36
1654 24
1655 29
1656 27
1657 26
1658 21
1659 28
1660 20
1661 30
1662 21
1663 27
1664 26
1665 22
1666 34
1667 15
1668 34
1669 23
1670 33
1671 30
1672 32
1673 30
1674 21
1675 17
1676 23
1677 24
1678 18
1679 31
1680 26
1681 31
1682 22
1683 31
1684 26
1685 21
1686 18
1687 27
1688 30
1689 25
1690 12
1691 26
1692 23
1693 21
1694 17
1695 18
1696 29
1697 29
1698 25
1699 27
1700 15
1701 22
1702 18
1703 19
1704 16
1705 27
1706 21
1707 23
1708 23
1709 27
1710 28
1711 19
1712 27
1713 20
1714 27
1715 14
1716 20
1717 17
1718 15
1719 18
1720 17
1721 25
1722 17
1723 21
1724 16
1725 17
1726 15
1727 15
1728 24
1729 20
1730 16
1731 20
1732 14
1733 30
1734 17
1735 16
1736 22
1737 16
1738 18
1739 28
1740 16
1741 24
1742 23
1743 17
1744 20
1745 20
1746 15
1747 20
1748 25
1749 16
1750 17
1751 26
1752 22
1753 20
1754 24
1755 13
1756 20
1757 22
1758 17
1759 23
1760 19
1761 23
1762 15
1763 23
1764 16
1765 19
1766 18
1767 21
1768 20
1769 19
1770 24
1771 13
1772 15
1773 27
1774 28
1775 13
1776 9
1777 30
1778 19
1779 19
1780 19
1781 11
1782 13
1783 16
1784 27
1785 24
1786 17
1787 17
1788 18
1789 20
1790 26
1791 14
1792 18
1793 24
1794 17
1795 9
1796 16
1797 16
1798 16
1799 23
1800 8
1801 13
1802 19
1803 23
1804 17
1805 6
1806 22
1807 16
1808 17
1809 13
1810 13
1811 17
1812 16
1813 27
1814 20
1815 19
1816 18
1817 14
1818 20
1819 15
1820 21
1821 17
1822 18
1823 19
1824 12
1825 25
1826 14
1827 20
1828 19
1829 11
1830 8
1831 19
1832 9
1833 10
1834 14
1835 9
1836 18
1837 9
1838 6
1839 16
1840 11
1841 14
1842 14
1843 8
1844 10
1845 15
1846 20
1847 16
1848 10
1849 12
1850 10
1851 15
1852 17
1853 9
1854 12
1855 12
1856 11
1857 14
1858 10
1859 10
1860 13
1861 15
1862 9
1863 9
1864 15
1865 12
1866 17
1867 12
1868 13
1869 13
1870 13
1871 16
1872 18
1873 12
1874 16
1875 12
1876 13
1877 18
1878 11
1879 18
1880 6
1881 15
1882 15
1883 9
1884 15
1885 15
1886 14
1887 14
1888 12
1889 12
1890 15
1891 13
1892 18
1893 20
1894 9
1895 15
1896 12
1897 16
1898 20
1899 14
1900 19
1901 19
1902 9
1903 13
1904 9
1905 19
1906 6
1907 9
1908 14
1909 10
1910 9
1911 8
1912 19
1913 10
1914 16
1915 15
1916 11
1917 20
1918 8
1919 15
1920 16
1921 6
1922 7
1923 13
1924 9
1925 3
1926 15
1927 14
1928 7
1929 11
1930 14
1931 15
1932 9
1933 7
1934 7
1935 9
1936 14
1937 11
1938 13
1939 12
1940 13
1941 10
1942 15
1943 10
1944 9
1945 8
1946 4
1947 10
1948 11
1949 10
1950 10
1951 10
1952 9
1953 9
1954 11
1955 8
1956 11
1957 7
1958 12
1959 12
1960 12
1961 7
1962 7
1963 4
1964 13
1965 10
1966 15
1967 10
1968 7
1969 10
1970 11
1971 12
1972 9
1973 5
1974 10
1975 12
1976 15
1977 11
1978 11
1979 12
1980 6
1981 6
1982 7
1983 4
1984 5
1985 8
1986 10
1987 11
1988 6
1989 8
1990 9
1991 5
1992 8
1993 5
1994 9
1995 12
1996 8
1997 6
1998 12
1999 8
2000 14
2001 7
2002 10
2003 10
2004 6
2005 5
2006 5
2007 6
2008 11
2009 9
2010 12
2011 7
2012 6
2013 17
2014 9
2015 6
2016 12
2017 5
2018 7
2019 2
2020 12
2021 9
2022 5
2023 5
2024 10
2025 7
2026 4
2027 9
2028 5
2029 9
2030 9
2031 6
2032 7
2033 12
2034 7
2035 6
2036 13
2037 6
2038 5
2039 5
2040 7
2041 8
2042 10
2043 5
2044 2
2045 5
2046 4
2047 4
2048 10
2049 4
2050 11
2051 8
2052 5
2053 10
2054 11
2055 2
2056 4
2057 8
2058 6
2059 11
2060 5
2061 3
2062 4
2063 2
2064 12
2065 7
2066 7
2067 5
2068 6
2069 6
2070 5
2071 5
2072 2
2073 3
2074 6
2075 5
2076 8
2077 6
2078 6
2079 9
2080 5
2081 6
2082 11
2083 5
2084 8
2085 5
2086 5
2087 11
2088 1
2089 11
2090 5
2091 12
2092 8
2093 8
2094 8
2095 4
2096 8
2097 4
2098 6
2099 6
2100 9
2101 9
2102 6
2103 5
2104 3
2105 6
2106 8
2107 7
2108 6
2109 3
2110 11
2111 3
2112 2
2113 8
2114 6
2115 12
2116 9
2117 5
2118 3
2119 5
2120 4
2121 3
2122 5
2123 4
2124 5
2125 4
2126 4
2127 2
2128 3
2129 4
2130 3
2131 11
2132 3
2133 7
2134 9
2135 6
2136 5
2137 8
2138 5
2139 3
2140 5
2141 4
2142 4
2143 3
2144 3
2145 2
2146 3
2147 3
2148 2
2149 6
2150 4
2151 9
2152 6
2153 3
2154 5
2155 1
2156 7
2157 3
2158 6
2159 5
2160 6
2161 2
2162 4
2163 5
2164 2
2165 3
2166 2
2167 1
2168 2
2169 6
2170 3
2171 6
2172 0
2173 4
2174 3
2175 1
2176 3
2177 6
2178 3
2179 5
2180 6
2181 7
2182 5
2183 3
2184 3
2185 3
2186 2
2187 3
2188 4
2189 7
2190 2
2191 1
2192 2
2193 3
2194 2
2195 2
2196 6
2197 2
2198 3
2199 6
2200 2
2201 3
2202 1
2203 2
2204 5
2205 3
2206 3
2207 4
2208 2
2209 4
2210 3
2211 2
2212 4
2213 4
2214 0
2215 5
2216 1
2217 2
2218 2
2219 9
2220 3
2221 3
2222 4
2223 3
2224 3
2225 5
2226 2
2227 3
2228 3
2229 2
2230 4
2231 1
2232 3
2233 3
2234 3
2235 3
2236 1
2237 3
2238 2
2239 2
2240 4
2241 2
2242 3
2243 2
2244 1
2245 6
2246 0
2247 2
2248 4
2249 1
2250 2
2251 2
2252 1
2253 2
2254 4
2255 3
2256 2
2257 2
2258 2
2259 1
2260 3
2261 1
2262 3
2263 1
2264 3
2265 2
2266 2
2267 4
2268 3
2269 0
2270 2
2271 3
2272 0
2273 2
2274 0
2275 1
2276 3
2277 6
2278 1
2279 0
2280 2
2281 0
2282 2
2283 1
2284 1
2285 1
2286 3
2287 2
2288 3
2289 0
2290 3
2291 2
2292 0
2293 1
2294 4
2295 0
2296 1
2297 2
2298 0
2299 2
2300 1
2301 4
2302 5
2303 4
2304 4
2305 1
2306 0
2307 2
2308 3
2309 0
2310 1
2311 2
2312 1
2313 4
2314 3
2315 3
2316 2
2317 3
2318 1
2319 1
2320 1
2321 2
2322 3
2323 2
2324 0
2325 5
2326 0
2327 0
2328 3
2329 3
2330 1
2331 1
2332 1
2333 1
2334 3
2335 2
2336 1
2337 2
2338 2
2339 1
2340 1
2341 0
2342 1
2343 1
2344 3
2345 4
2346 2
2347 2
2348 0
2349 1
2350 3
2351 4
2352 0
2353 3
2354 0
2355 1
2356 0
2357 1
2358 0
2359 2
2360 3
2361 0
2362 2
2363 1
2364 3
2365 2
2366 1
2367 0
2368 1
2369 2
2370 3
2371 2
2372 2
2373 1
2374 0
2375 1
2376 1
2377 3
2378 1
2379 2
2380 1
2381 1
2382 0
2383 0
2384 1
2385 0
2386 2
2387 1
2388 3
2389 0
2390 1
2391 1
2392 1
2393 1
2394 0
2395 4
2396 2
2397 0
2398 0
2399 2
2400 2
2401 3
2402 1
2403 1
2404 1
2405 4
2406 2
2407 1
2408 1
2409 2
2410 2
2411 0
2412 1
2413 0
2414 1
2415 0
2416 0
2417 0
2418 0
2419 0
2420 1
2421 1
2422 1
2423 0
2424 0
2425 0
2426 1
2427 0
2428 1
2429 0
2430 3
2431 3
2432 1
2433 1
2434 0
2435 1
2436 1
2437 1
2438 1
2439 2
2440 1
2441 2
2442 0
2443 3
2444 0
2445 0
2446 0
2447 1
2448 0
2449 3
2450 0
2451 1
2452 0
2453 2
2454 2
2455 0
2456 0
2457 0
2458 4
2459 0
2460 0
2461 0
2462 1
2463 2
2464 1
2465 0
2466 0
2467 1
2468 0
2469 2
2470 0
2471 0
2472 0
2473 0
2474 0
2475 0
2476 0
2477 0
2478 1
2479 2
2480 0
2481 0
2482 1
2483 0
2484 0
2485 0
2486 1
2487 1
2488 0
2489 0
2490 1
2491 0
2492 0
2493 0
2494 0
2495 1
2496 4
2497 0
2498 2
2499 0
2500 0
2501 0
2502 0
2503 0
2504 1
2505 0
2506 0
2507 0
2508 0
2509 0
2510 0
2511 0
2512 0
2513 0
2514 0
2515 1
2516 0
2517 0
2518 1
2519 0
2520 0
2521 1
2522 2
2523 0
2524 0
2525 1
2526 1
2527 0
2528 0
2529 0
2530 0
2531 0
2532 0
2533 0
2534 0
2535 1
2536 0
2537 0
2538 1
2539 1
2540 0
2541 0
2542 1
2543 0
2544 0
2545 0
2546 0
2547 2
2548 1
2549 0
2550 1
2551 1
2552 0
2553 0
2554 0
2555 0
2556 1
2557 0
2558 2
2559 2
2560 0
2561 0
2562 2
2563 0
2564 0
2565 0
2566 0
2567 1
2568 0
2569 1
2570 0
2571 1
2572 1
2573 0
2574 1
2575 1
2576 1
2577 0
2578 0
2579 0
2580 2
2581 1
2582 2
2583 0
2584 2
2585 0
2586 0
2587 1
2588 1
2589 0
2590 0
2591 0
2592 0
2593 0
2594 1
2595 1
2596 0
2597 0
2598 0
2599 0
2600 0
2601 0
2602 0
2603 0
2604 0
2605 0
2606 0
2607 0
2608 0
2609 0
2610 0
2611 0
2612 0
2613 0
2614 0
2615 1
2616 0
2617 1
2618 0
2619 2
2620 1
2621 0
2622 0
2623 1
2624 0
2625 0
2626 1
2627 0
2628 1
2629 1
2630 0
2631 0
2632 0
2633 0
2634 0
2635 1
2636 1
2637 0
2638 1
2639 1
2640 0
2641 1
2642 0
2643 2
2644 0
2645 0
2646 0
2647 0
2648 1
2649 0
2650 0
2651 1
2652 0
2653 0
2654 0
2655 0
2656 0
2657 0
2658 0
2659 0
2660 0
2661 0
2662 0
2663 0
2664 1
2665 1
2666 0
2667 0
2668 0
2669 1
2670 0
2671 0
2672 0
2673 0
2674 0
2675 1
2676 0
2677 0
2678 2
2679 0
2680 0
2681 0
2682 0
2683 0
2684 0
2685 0
2686 0
2687 0
2688 0
2689 0
2690 0
2691 0
2692 0
2693 0
2694 0
2695 0
2696 0
2697 0
2698 0
2699 0
2700 0
2701 0
2702 0
2703 0
2704 0
2705 0
2706 0
2707 0
2708 1
2709 0
2710 0
2711 0
2712 0
2713 0
2714 0
2715 0
2716 0
2717 0
2718 0
2719 0
2720 0
2721 0
2722 0
2723 0
2724 0
2725 0
2726 1
2727 0
2728 0
2729 0
2730 1
2731 0
2732 0
2733 1
2734 1
2735 0
2736 0
2737 0
2738 0
2739 0
2740 0
2741 0
2742 0
2743 0
2744 0
2745 0
2746 0
2747 0
2748 0
2749 0
2750 1
2751 0
2752 0
2753 0
2754 0
2755 0
2756 1
2757 0
2758 0
2759 0
2760 0
2761 0
2762 0
2763 0
2764 0
2765 0
2766 0
2767 1
2768 0
2769 0
2770 0
2771 0
2772 0
2773 0
2774 0
2775 0
2776 0
2777 0
2778 0
2779 1
2780 0
2781 0
2782 0
2783 0
2784 0
2785 0
2786 0
2787 0
2788 0
2789 0
2790 0
2791 0
2792 0
2793 0
2794 0
2795 0
2796 0
2797 0
2798 0
2799 0
2800 0
2801 0
2802 0
2803 0
2804 0
2805 1
2806 0
2807 0
2808 0
2809 0
2810 0
2811 1
2812 0
2813 0
2814 0
2815 0
2816 0
2817 0
2818 0
2819 0
2820 0
2821 0
2822 0
2823 0
2824 1
2825 0
2826 0
2827 0
2828 0
2829 0
2830 0
2831 0
2832 0
2833 1
2834 0
2835 0
2836 0
2837 0
2838 0
2839 0
2840 0
2841 0
2842 0
2843 0
2844 0
2845 0
2846 0
2847 0
2848 0
2849 0
2850 0
2851 0
2852 0
2853 1
2854 0
2855 0
2856 0
2857 0
2858 0
2859 1
2860 0
2861 0
2862 0
2863 0
2864 1
2865 0
2866 0
2867 0
2868 0
2869 0
2870 0
2871 0
2872 0
2873 0
2874 0
2875 0
2876 0
2877 0
2878 0
2879 0
2880 0
2881 0
2882 0
2883 0
2884 0
2885 0
2886 0
2887 0
2888 0
2889 0
2890 0
2891 0
2892 0
2893 0
2894 0
2895 0
2896 0
2897 0
2898 0
2899 0
2900 0
2901 0
2902 0
2903 0
2904 0
2905 0
2906 0
2907 0
2908 0
2909 0
2910 0
2911 0
2912 0
2913 0
2914 0
2915 0
2916 0
2917 0
2918 0
2919 0
2920 0
2921 0
2922 0
2923 0
2924 0
2925 0
2926 0
2927 0
2928 0
2929 1
2930 0
2931 0
2932 0
2933 0
2934 0
2935 0
2936 0
2937 0
2938 0
2939 0
2940 0
2941 0
2942 0
2943 0
2944 0
2945 0
2946 0
2947 0
2948 0
2949 0
2950 0
2951 0
2952 0
2953 0
2954 0
2955 0
2956 1
2957 0
2958 0
2959 0
2960 0
2961 0
2962 0
2963 0
2964 0
2965 0
2966 0
2967 0
2968 0
2969 1
2970 0
2971 1
2972 0
2973 0
2974 0
2975 0
2976 0
2977 0
2978 0
2979 0
2980 0
2981 0
2982 0
2983 0
2984 0
2985 0
2986 0
2987 0
2988 0
2989 0
2990 0
2991 0
2992 0
2993 0
2994 0
2995 0
2996 0
2997 0
2998 0
2999 0
3000 0
3001 0
3002 1
3003 0
3004 0
3005 0
3006 0
3007 0
3008 1
3009 0
3010 0
3011 0
3012 0
3013 0
3014 0
3015 0
3016 0
3017 0
3018 0
3019 0
3020 0
3021 0
3022 0
3023 0
3024 0
3025 0
3026 0
3027 0
3028 0
3029 0
3030 0
3031 0
3032 0
3033 0
3034 0
3035 0
3036 0
3037 0
3038 0
3039 0
3040 0
3041 0
3042 0
3043 0
3044 0
3045 0
3046 0
3047 0
3048 0
3049 0
3050 0
3051 0
3052 0
3053 0
3054 0
3055 0
3056 0
3057 0
3058 0
3059 0
3060 0
3061 0
3062 0
3063 0
3064 0
3065 0
3066 0
3067 0
3068 0
3069 0
3070 0
3071 0
3072 0
3073 0
3074 0
3075 0
3076 1
3077 0
3078 0
3079 0
3080 0
3081 0
3082 0
3083 0
3084 0
3085 0
3086 0
3087 0
3088 0
3089 0
3090 0
3091 0
3092 0
3093 0
3094 0
3095 0
3096 0
3097 0
3098 0
3099 0
3100 0
3101 0
3102 0
3103 0
3104 0
3105 0
3106 0
3107 0
3108 0
3109 0
3110 0
3111 0
3112 0
3113 0
3114 0
3115 0
3116 0
3117 0
3118 0
3119 0
3120 0
3121 0
3122 0
3123 0
3124 2
3125 0
3126 0
3127 0
3128 0
3129 0
3130 0
3131 0
3132 0
3133 0
3134 0
3135 0
3136 0
3137 0
3138 0
3139 0
3140 1
3141 0
3142 0
3143 0
3144 0
3145 0
3146 0
3147 0
3148 0
3149 0
3150 0
3151 0
3152 0
3153 0
3154 0
3155 0
3156 0
3157 0
3158 0
3159 0
3160 0
3161 0
3162 0
3163 0
3164 0
3165 0
3166 0
3167 0
3168 0
3169 0
3170 0
3171 0
3172 0
3173 0
3174 0
3175 0
3176 0
3177 0
3178 0
3179 0
3180 0
3181 0
3182 0
3183 0
3184 0
3185 0
3186 0
3187 0
3188 0
3189 0
3190 0
3191 0
3192 0
3193 0
3194 0
3195 0
3196 0
3197 0
3198 0
3199 0
3200 0
3201 0
3202 0
3203 0
3204 0
3205 0
3206 1
3207 0
3208 0
3209 0
3210 0
3211 0
3212 0
3213 0
3214 0
3215 0
3216 0
3217 0
3218 0
3219 0
3220 0
3221 0
3222 0
3223 0
3224 0
3225 0
3226 0
3227 0
3228 0
3229 0
3230 0
3231 0
3232 0
3233 0
3234 0
3235 0
3236 0
3237 0
3238 0
3239 0
3240 0
3241 0
3242 0
3243 0
3244 0
3245 0
3246 0
3247 0
3248 0
3249 0
3250 0
3251 0
3252 0
3253 0
3254 0
3255 0
3256 0
3257 0
3258 0
3259 0
3260 0
3261 0
3262 0
3263 0
3264 0
3265 0
3266 1
3267 0
3268 0
3269 0
3270 0
3271 0
3272 0
3273 0
3274 0
3275 0
3276 0
3277 0
3278 0
3279 0
3280 0
3281 0
3282 0
3283 0
3284 0
3285 0
3286 0
3287 0
3288 0
3289 0
3290 0
3291 0
3292 0
3293 0
3294 0
3295 0
3296 0
3297 0
3298 0
3299 0
3300 0
3301 0
3302 0
3303 0
3304 0
3305 0
3306 0
3307 0
3308 0
3309 0
3310 0
3311 0
3312 0
3313 0
3314 0
3315 0
3316 0
3317 0
3318 0
3319 0
3320 0
3321 0
3322 0
3323 0
3324 0
3325 0
3326 0
3327 0
3328 0
3329 0
3330 0
3331 0
3332 0
3333 0
3334 0
3335 0
3336 0
3337 0
3338 0
3339 0
3340 0
3341 0
3342 0
3343 0
3344 0
3345 0
3346 0
3347 0
3348 0
3349 0
3350 0
3351 0
3352 0
3353 0
3354 0
3355 0
3356 0
3357 0
3358 0
3359 0
3360 0
3361 0
3362 0
3363 0
3364 0
3365 0
3366 0
3367 0
3368 0
3369 0
3370 0
3371 0
3372 0
3373 0
3374 0
3375 0
3376 0
3377 0
3378 0
3379 0
3380 0
3381 0
3382 0
3383 0
3384 0
3385 0
3386 0
3387 0
3388 0
3389 0
3390 0
3391 0
3392 0
3393 0
3394 0
3395 0
3396 0
3397 0
3398 0
3399 0
3400 0
3401 0
3402 0
3403 0
3404 0
3405 0
3406 0
3407 0
3408 0
3409 0
3410 0
3411 0
3412 0
3413 0
3414 0
3415 0
3416 0
3417 0
3418 0
3419 0
3420 0
3421 0
3422 0
3423 0
3424 0
3425 0
3426 0
3427 0
3428 0
3429 0
3430 0
3431 0
3432 0
3433 0
3434 0
3435 0
3436 0
3437 0
3438 0
3439 0
3440 0
3441 0
3442 0
3443 0
3444 0
3445 0
3446 0
3447 0
3448 0
3449 0
3450 0
3451 0
3452 0
3453 0
3454 0
3455 0
3456 0
3457 0
3458 0
3459 0
3460 0
3461 0
3462 0
3463 0
3464 0
3465 0
3466 0
3467 0
3468 0
3469 0
3470 0
3471 0
3472 0
3473 0
3474 0
3475 0
3476 0
3477 0
3478 0
3479 0
3480 0
3481 0
3482 0
3483 0
3484 0
3485 0
3486 0
3487 0
3488 0
3489 0
3490 0
3491 0
3492 0
3493 0
3494 0
3495 0
3496 0
3497 0
3498 0
3499 0
3500 0
3501 0
3502 0
3503 0
3504 0
3505 0
3506 0
3507 0
3508 0
3509 0
3510 0
3511 0
3512 0
3513 0
3514 0
3515 0
3516 0
3517 0
3518 0
3519 0
3520 0
3521 0
3522 1
3523 0
3524 0
3525 0
3526 0
3527 0
3528 0
3529 0
3530 0
3531 0
3532 0
3533 0
3534 0
3535 0
3536 0
3537 0
3538 1
3539 0
3540 0
3541 0
3542 0
3543 0
3544 0
3545 0
3546 0
3547 0
3548 0
3549 0
3550 0
3551 0
3552 0
3553 0
3554 0
3555 0
3556 0
3557 0
3558 0
3559 0
3560 0
3561 0
3562 0
3563 0
3564 0
3565 0
3566 0
3567 0
3568 0
3569 0
3570 0
3571 0
3572 0
3573 0
3574 0
3575 0
3576 0
3577 0
3578 0
3579 0
3580 0
3581 0
3582 0
3583 0
3584 0
3585 0
3586 0
3587 0
3588 0
3589 0
3590 0
3591 0
3592 0
3593 0
3594 0
3595 0
3596 0
3597 0
3598 0
3599 0
3600 0
3601 0
3602 0
3603 0
3604 0
3605 0
3606 0
3607 0
3608 0
3609 0
3610 0
3611 0
3612 0
3613 0
3614 0
3615 0
3616 0
3617 0
3618 0
3619 0
3620 0
3621 0
3622 0
3623 0
3624 0
3625 0
3626 0
3627 0
3628 0
3629 0
3630 0
3631 0
3632 0
3633 0
3634 0
3635 0
3636 0
3637 0
3638 0
3639 0
3640 0
3641 0
3642 0
3643 0
3644 0
3645 0
3646 0
3647 0
3648 0
3649 0
3650 0
3651 0
3652 0
3653 0
3654 0
3655 0
3656 0
3657 0
3658 0
3659 0
3660 0
3661 0
3662 0
3663 0
3664 0
3665 0
3666 0
3667 0
3668 0
3669 0
3670 1
3671 0
3672 0
3673 0
3674 0
3675 0
3676 0
3677 0
3678 0
3679 0
3680 0
3681 0
3682 0
3683 0
3684 0
3685 0
3686 0
3687 0
3688 0
3689 0
3690 0
3691 0
3692 0
3693 0
3694 0
3695 0
3696 0
3697 0
3698 0
3699 0
3700 0
3701 0
3702 0
3703 0
3704 0
3705 0
3706 0
3707 0
3708 0
3709 0
3710 0
3711 0
3712 0
3713 0
3714 0
3715 0
3716 0
3717 0
3718 0
3719 0
3720 0
3721 0
3722 0
3723 0
3724 0
3725 0
3726 0
3727 0
3728 0
3729 0
3730 0
3731 0
3732 0
3733 0
3734 0
3735 0
3736 0
3737 0
3738 0
3739 0
3740 0
3741 0
3742 0
3743 0
3744 0
3745 0
3746 0
3747 0
3748 0
3749 0
3750 0
3751 0
3752 0
3753 0
3754 0
3755 0
3756 0
3757 0
3758 0
3759 0
3760 0
3761 0
3762 0
3763 0
3764 0
3765 0
3766 0
3767 0
3768 0
3769 0
3770 0
3771 0
3772 0
3773 0
3774 0
3775 0
3776 0
3777 0
3778 1
3779 0
3780 0
3781 0
3782 0
3783 0
3784 0
3785 0
3786 0
3787 0
3788 0
3789 0
3790 0
3791 0
3792 0
3793 0
3794 0
3795 0
3796 0
3797 0
3798 0
3799 0
3800 0
3801 0
3802 0
3803 0
3804 0
3805 0
3806 0
3807 0
3808 0
3809 0
3810 0
3811 0
3812 0
3813 0
3814 0
3815 0
3816 0
3817 0
3818 0
3819 0
3820 0
3821 0
3822 0
3823 0
3824 0
3825 0
3826 0
3827 0
3828 0
3829 0
3830 0
3831 0
3832 0
3833 0
3834 0
3835 0
3836 0
3837 0
3838 0
3839 0
3840 0
3841 0
3842 0
3843 0
3844 0
3845 0
3846 0
3847 0
3848 0
3849 0
3850 0
3851 0
3852 0
3853 0
3854 0
3855 0
3856 0
3857 0
3858 0
3859 0
3860 0
3861 0
3862 0
3863 0
3864 0
3865 0
3866 0
3867 0
3868 0
3869 0
3870 0
3871 0
3872 0
3873 0
3874 0
3875 0
3876 0
3877 0
3878 0
3879 0
3880 0
3881 0
3882 0
3883 0
3884 0
3885 0
3886 0
3887 0
3888 0
3889 0
3890 0
3891 0
3892 0
3893 0
3894 0
3895 0
3896 0
3897 0
3898 0
3899 0
3900 0
3901 0
3902 0
3903 0
3904 0
3905 0
3906 0
3907 0
3908 0
3909 0
3910 0
3911 0
3912 0
3913 0
3914 0
3915 0
3916 0
3917 0
3918 0
3919 0
3920 0
3921 0
3922 0
3923 0
3924 0
3925 0
3926 0
3927 0
3928 0
3929 0
3930 0
3931 0
3932 0
3933 0
3934 0
3935 0
3936 0
3937 0
3938 0
3939 0
3940 0
3941 0
3942 0
3943 0
3944 0
3945 0
3946 0
3947 0
3948 0
3949 0
3950 0
3951 0
3952 0
3953 0
3954 0
3955 0
3956 0
3957 0
3958 0
3959 0
3960 0
3961 0
3962 0
3963 0
3964 0
3965 0
3966 0
3967 0
3968 0
3969 0
3970 0
3971 0
3972 0
3973 0
3974 0
3975 0
3976 0
3977 0
3978 0
3979 0
3980 0
3981 0
3982 0
3983 0
3984 0
3985 0
3986 0
3987 0
3988 0
3989 0
3990 0
3991 0
3992 0
3993 0
3994 0
3995 0
3996 0
3997 0
3998 0
3999 0
4000 0
