0 0
1 0
2 0
3 0
4 0
5 0
6 0
7 0
8 0
9 0
10 0
11 0
12 0
13 0
14 0
15 0
16 0
17 0
18 0
19 0
20 0
21 0
22 0
23 0
24 0
25 0
26 0
27 0
28 0
29 0
30 0
31 0
32 0
33 0
34 0
35 0
36 0
37 0
38 0
39 0
40 0
41 0
42 0
43 0
44 0
45 0
46 0
47 0
48 0
49 0
50 0
51 0
52 0
53 0
54 0
55 0
56 0
57 0
58 0
59 0
60 0
61 0
62 0
63 0
64 0
65 0
66 0
67 0
68 0
69 0
70 0
71 0
72 0
73 0
74 0
75 0
76 0
77 0
78 0
79 0
80 0
81 0
82 0
83 0
84 0
85 0
86 0
87 0
88 0
89 0
90 0
91 0
92 0
93 0
94 0
95 0
96 0
97 0
98 0
99 0
100 0
101 0
102 0
103 0
104 0
105 0
106 0
107 0
108 0
109 0
110 0
111 0
112 0
113 0
114 0
115 0
116 0
117 0
118 0
119 0
120 0
121 0
122 0
123 0
124 0
125 0
126 0
127 0
128 0
129 0
130 0
131 0
132 0
133 0
134 0
135 0
136 0
137 0
138 0
139 0
140 0
141 0
142 0
143 0
144 0
145 0
146 0
147 0
148 0
149 1
150 0
151 2
152 1
153 4
154 7
155 5
156 7
157 7
158 4
159 3
160 5
161 3
162 3
163 3
164 3
165 5
166 4
167 6
168 4
169 3
170 9
171 10
172 18
173 50
174 98
175 105
176 208
177 237
178 261
179 342
180 390
181 489
182 686
183 1064
184 1638
185 2459
186 3033
187 3596
188 3887
189 4052
190 3919
191 3830
192 3630
193 3237
194 2942
195 2729
196 2377
197 2169
198 1977
199 1743
200 1532
201 1338
202 1196
203 1022
204 936
205 844
206 765
207 732
208 620
209 621
210 542
211 475
212 554
213 565
214 522
215 530
216 547
217 454
218 494
219 535
220 544
221 480
222 503
223 466
224 504
225 477
226 518
227 522
228 492
229 538
230 544
231 489
232 497
233 509
234 567
235 527
236 514
237 531
238 578
239 513
240 519
241 550
242 559
243 544
244 541
245 541
246 543
247 528
248 574
249 552
250 554
251 580
252 587
253 544
254 507
255 591
256 531
257 537
258 600
259 596
260 545
261 544
262 608
263 589
264 575
265 578
266 576
267 617
268 642
269 551
270 617
271 601
272 571
273 571
274 553
275 618
276 598
277 610
278 608
279 561
280 557
281 656
282 636
283 602
284 637
285 584
286 650
287 655
288 570
289 628
290 583
291 624
292 621
293 603
294 643
295 606
296 596
297 614
298 576
299 607
300 644
301 605
302 621
303 664
304 596
305 630
306 638
307 621
308 619
309 631
310 617
311 637
312 589
313 594
314 575
315 643
316 642
317 661
318 655
319 653
320 660
321 634
322 667
323 654
324 619
325 605
326 665
327 661
328 668
329 653
330 652
331 656
332 633
333 620
334 661
335 678
336 663
337 632
338 621
339 628
340 615
341 692
342 642
343 642
344 656
345 661
346 620
347 619
348 670
349 658
350 666
351 661
352 655
353 617
354 622
355 662
356 641
357 682
358 652
359 627
360 637
361 617
362 656
363 631
364 659
365 632
366 648
367 646
368 714
369 706
370 694
371 664
372 651
373 667
374 695
375 693
376 722
377 720
378 695
379 743
380 699
381 678
382 677
383 719
384 708
385 736
386 696
387 688
388 710
389 684
390 690
391 699
392 712
393 722
394 728
395 741
396 777
397 704
398 718
399 718
400 709
401 723
402 696
403 739
404 745
405 748
406 752
407 787
408 745
409 727
410 758
411 767
412 765
413 718
414 782
415 744
416 797
417 736
418 743
419 741
420 726
421 775
422 833
423 806
424 818
425 803
426 781
427 819
428 793
429 786
430 766
431 788
432 773
433 830
434 825
435 815
436 832
437 869
438 886
439 802
440 803
441 842
442 880
443 830
444 884
445 881
446 846
447 807
448 839
449 922
450 854
451 908
452 859
453 873
454 930
455 907
456 974
457 910
458 939
459 917
460 964
461 962
462 998
463 967
464 945
465 932
466 985
467 948
468 958
469 985
470 967
471 938
472 949
473 999
474 989
475 986
476 1017
477 967
478 993
479 1015
480 1015
481 1031
482 1024
483 1029
484 1024
485 1025
486 1077
487 1031
488 1037
489 1059
490 1066
491 1063
492 1069
493 1065
494 1076
495 1089
496 1107
497 1085
498 1068
499 1104
500 1127
501 1098
502 1036
503 1011
504 1034
505 1084
506 1084
507 1109
508 1159
509 1106
510 1118
511 1154
512 1098
513 1145
514 1148
515 1138
516 1172
517 1149
518 1141
519 1174
520 1136
521 1147
522 1137
523 1174
524 1207
525 1222
526 1193
527 1261
528 1188
529 1148
530 1174
531 1203
532 1201
533 1294
534 1218
535 1266
536 1243
537 1184
538 1265
539 1201
540 1311
541 1286
542 1237
543 1235
544 1304
545 1288
546 1326
547 1206
548 1259
549 1292
550 1229
551 1248
552 1234
553 1227
554 1272
555 1232
556 1305
557 1316
558 1276
559 1252
560 1169
561 1264
562 1255
563 1336
564 1313
565 1240
566 1243
567 1295
568 1255
569 1257
570 1265
571 1335
572 1320
573 1330
574 1327
575 1298
576 1234
577 1200
578 1253
579 1276
580 1289
581 1319
582 1268
583 1265
584 1321
585 1206
586 1248
587 1273
588 1273
589 1310
590 1292
591 1240
592 1299
593 1285
594 1304
595 1322
596 1338
597 1264
598 1306
599 1284
600 1268
601 1267
602 1250
603 1295
604 1297
605 1207
606 1245
607 1220
608 1300
609 1239
610 1223
611 1299
612 1274
613 1228
614 1261
615 1240
616 1219
617 1198
618 1271
619 1267
620 1228
621 1246
622 1255
623 1168
624 1150
625 1251
626 1257
627 1191
628 1223
629 1231
630 1221
631 1175
632 1223
633 1181
634 1265
635 1225
636 1199
637 1187
638 1198
639 1118
640 1136
641 1182
642 1116
643 1163
644 1127
645 1213
646 1119
647 1195
648 1236
649 1118
650 1196
651 1161
652 1141
653 1101
654 1159
655 1121
656 1137
657 1129
658 1159
659 1102
660 1124
661 1096
662 1056
663 1080
664 1007
665 1045
666 1064
667 1026
668 1082
669 1051
670 1035
671 1062
672 1030
673 1058
674 1031
675 1001
676 1006
677 1021
678 1019
679 1020
680 1041
681 1002
682 976
683 960
684 1013
685 1044
686 969
687 925
688 978
689 968
690 1018
691 1014
692 895
693 929
694 1018
695 928
696 925
697 980
698 864
699 857
700 921
701 887
702 869
703 886
704 855
705 904
706 858
707 915
708 919
709 857
710 871
711 896
712 888
713 916
714 811
715 882
716 768
717 852
718 810
719 845
720 787
721 790
722 796
723 813
724 803
725 815
726 756
727 808
728 797
729 783
730 722
731 818
732 731
733 792
734 763
735 770
736 680
737 775
738 709
739 716
740 745
741 717
742 760
743 708
744 725
745 697
746 685
747 681
748 648
749 631
750 685
751 658
752 625
753 684
754 663
755 657
756 604
757 634
758 624
759 623
760 622
761 694
762 644
763 638
764 631
765 601
766 612
767 590
768 578
769 626
770 582
771 587
772 588
773 561
774 565
775 548
776 575
777 548
778 509
779 527
780 580
781 547
782 535
783 521
784 534
785 587
786 482
787 481
788 558
789 495
790 482
791 519
792 505
793 528
794 506
795 495
796 486
797 496
798 489
799 469
800 486
801 502
802 458
803 438
804 482
805 474
806 431
807 429
808 461
809 386
810 442
811 439
812 448
813 409
814 401
815 431
816 413
817 425
818 383
819 389
820 402
821 404
822 395
823 415
824 382
825 367
826 374
827 378
828 377
829 385
830 389
831 365
832 351
833 323
834 381
835 347
836 394
837 334
838 324
839 391
840 353
841 336
842 319
843 337
844 371
845 331
846 338
847 329
848 284
849 340
850 308
851 334
852 323
853 302
854 304
855 310
856 314
857 327
858 305
859 336
860 328
861 309
862 284
863 301
864 320
865 276
866 282
867 312
868 273
869 263
870 251
871 266
872 249
873 253
874 271
875 264
876 288
877 264
878 253
879 271
880 241
881 269
882 287
883 257
884 249
885 275
886 235
887 253
888 237
889 221
890 246
891 232
892 221
893 262
894 244
895 267
896 229
897 231
898 235
899 222
900 229
901 232
902 219
903 235
904 222
905 249
906 222
907 232
908 228
909 215
910 237
911 217
912 232
913 227
914 215
915 217
916 208
917 221
918 211
919 243
920 200
921 198
922 199
923 193
924 213
925 183
926 204
927 202
928 227
929 202
930 173
931 177
932 193
933 221
934 175
935 190
936 212
937 180
938 197
939 191
940 187
941 185
942 203
943 183
944 171
945 188
946 188
947 176
948 179
949 200
950 184
951 170
952 194
953 164
954 169
955 169
956 195
957 167
958 186
959 173
960 178
961 198
962 179
963 188
964 179
965 159
966 195
967 182
968 200
969 184
970 184
971 199
972 180
973 163
974 157
975 176
976 168
977 175
978 177
979 150
980 143
981 173
982 185
983 176
984 138
985 172
986 142
987 159
988 185
989 164
990 148
991 172
992 158
993 160
994 157
995 163
996 147
997 169
998 146
999 152
1000 161
1001 150
1002 140
1003 166
1004 149
1005 174
1006 178
1007 168
1008 147
1009 123
1010 148
1011 156
1012 158
1013 138
1014 146
1015 163
1016 153
1017 162
1018 154
1019 156
1020 158
1021 155
1022 161
1023 154
1024 144
1025 138
1026 152
1027 164
1028 163
1029 152
1030 148
1031 154
1032 147
1033 149
1034 148
1035 164
1036 149
1037 131
1038 158
1039 158
1040 164
1041 136
1042 164
1043 159
1044 147
1045 170
1046 151
1047 143
1048 150
1049 150
1050 143
1051 154
1052 151
1053 146
1054 155
1055 145
1056 145
1057 148
1058 144
1059 134
1060 154
1061 114
1062 151
1063 135
1064 130
1065 122
1066 159
1067 148
1068 126
1069 152
1070 164
1071 138
1072 131
1073 129
1074 139
1075 132
1076 169
1077 151
1078 134
1079 148
1080 146
1081 127
1082 117
1083 143
1084 145
1085 126
1086 149
1087 142
1088 140
1089 144
1090 140
1091 127
1092 140
1093 134
1094 146
1095 146
1096 148
1097 149
1098 138
1099 143
1100 144
1101 113
1102 155
1103 128
1104 133
1105 141
1106 125
1107 125
1108 164
1109 150
1110 144
1111 140
1112 134
1113 144
1114 139
1115 144
1116 156
1117 124
1118 137
1119 134
1120 145
1121 138
1122 131
1123 139
1124 148
1125 153
1126 151
1127 159
1128 113
1129 157
1130 141
1131 147
1132 132
1133 155
1134 135
1135 127
1136 144
1137 148
1138 119
1139 144
1140 153
1141 125
1142 149
1143 145
1144 133
1145 130
1146 134
1147 160
1148 132
1149 138
1150 134
1151 146
1152 159
1153 145
1154 148
1155 132
1156 147
1157 134
1158 135
1159 148
1160 142
1161 133
1162 145
1163 128
1164 127
1165 135
1166 156
1167 146
1168 121
1169 153
1170 137
1171 122
1172 118
1173 147
1174 144
1175 135
1176 149
1177 130
1178 145
1179 114
1180 140
1181 141
1182 145
1183 126
1184 119
1185 153
1186 151
1187 135
1188 128
1189 159
1190 134
1191 131
1192 140
1193 130
1194 146
1195 143
1196 142
1197 153
1198 149
1199 137
1200 123
1201 146
1202 120
1203 120
1204 130
1205 160
1206 129
1207 139
1208 143
1209 138
1210 141
1211 147
1212 131
1213 134
1214 135
1215 140
1216 125
1217 147
1218 159
1219 145
1220 138
1221 114
1222 147
1223 126
1224 131
1225 128
1226 144
1227 142
1228 134
1229 130
1230 124
1231 154
1232 141
1233 141
1234 146
1235 141
1236 125
1237 151
1238 148
1239 155
1240 139
1241 150
1242 131
1243 154
1244 156
1245 138
1246 129
1247 133
1248 142
1249 143
1250 143
1251 133
1252 152
1253 141
1254 145
1255 145
1256 133
1257 132
1258 136
1259 143
1260 121
1261 137
1262 139
1263 143
1264 125
1265 138
1266 138
1267 122
1268 138
1269 133
1270 135
1271 125
1272 142
1273 114
1274 156
1275 145
1276 128
1277 126
1278 129
1279 130
1280 139
1281 156
1282 132
1283 143
1284 129
1285 141
1286 145
1287 128
1288 132
1289 141
1290 136
1291 147
1292 127
1293 150
1294 131
1295 138
1296 142
1297 146
1298 121
1299 151
1300 134
1301 134
1302 154
1303 118
1304 125
1305 142
1306 134
1307 119
1308 114
1309 130
1310 114
1311 122
1312 118
1313 129
1314 133
1315 136
1316 132
1317 142
1318 124
1319 126
1320 130
1321 124
1322 138
1323 126
1324 128
1325 130
1326 107
1327 140
1328 137
1329 120
1330 117
1331 131
1332 138
1333 136
1334 135
1335 148
1336 146
1337 123
1338 136
1339 159
1340 136
1341 145
1342 97
1343 127
1344 128
1345 114
1346 131
1347 134
1348 119
1349 126
1350 122
1351 117
1352 113
1353 130
1354 122
1355 135
1356 115
1357 135
1358 132
1359 127
1360 125
1361 126
1362 126
1363 136
1364 118
1365 142
1366 113
1367 135
1368 123
1369 139
1370 128
1371 136
1372 125
1373 118
1374 124
1375 124
1376 100
1377 128
1378 117
1379 141
1380 141
1381 132
1382 152
1383 138
1384 130
1385 141
1386 116
1387 107
1388 138
1389 130
1390 118
1391 135
1392 129
1393 152
1394 124
1395 130
1396 122
1397 121
1398 126
1399 115
1400 118
1401 125
1402 121
1403 123
1404 141
1405 124
1406 129
1407 141
1408 117
1409 128
1410 129
1411 110
1412 109
1413 117
1414 121
1415 137
1416 127
1417 112
1418 120
1419 141
1420 140
1421 117
1422 119
1423 120
1424 134
1425 114
1426 124
1427 126
1428 128
1429 156
1430 145
1431 108
1432 126
1433 121
1434 122
1435 113
1436 104
1437 116
1438 121
1439 97
1440 113
1441 109
1442 105
1443 97
1444 113
1445 121
1446 120
1447 84
1448 102
1449 111
1450 111
1451 117
1452 118
1453 102
1454 105
1455 128
1456 117
1457 122
1458 125
1459 118
1460 117
1461 126
1462 133
1463 117
1464 106
1465 110
1466 112
1467 108
1468 116
1469 104
1470 108
1471 110
1472 137
1473 98
1474 98
1475 106
1476 137
1477 113
1478 105
1479 109
1480 127
1481 102
1482 116
1483 108
1484 113
1485 96
1486 105
1487 94
1488 109
1489 114
1490 110
1491 95
1492 119
1493 89
1494 116
1495 96
1496 115
1497 81
1498 99
1499 109
1500 109
1501 80
1502 105
1503 104
1504 113
1505 129
1506 106
1507 101
1508 100
1509 102
1510 117
1511 111
1512 109
1513 88
1514 120
1515 130
1516 97
1517 98
1518 98
1519 118
1520 121
1521 104
1522 101
1523 81
1524 103
1525 95
1526 94
1527 102
1528 98
1529 98
1530 114
1531 98
1532 114
1533 86
1534 90
1535 89
1536 89
1537 96
1538 101
1539 95
1540 109
1541 98
1542 109
1543 91
1544 79
1545 84
1546 92
1547 94
1548 83
1549 99
1550 91
1551 99
1552 89
1553 86
1554 70
1555 96
1556 98
1557 79
1558 97
1559 99
1560 106
1561 106
1562 91
1563 100
1564 106
1565 89
1566 92
1567 95
1568 93
1569 89
1570 94
1571 98
1572 87
1573 81
1574 90
1575 83
1576 102
1577 87
1578 82
1579 87
1580 90
1581 81
1582 77
1583 90
1584 100
1585 88
1586 72
1587 75
1588 95
1589 87
1590 78
1591 74
1592 100
1593 85
1594 104
1595 92
1596 92
1597 89
1598 86
1599 92
1600 94
1601 77
1602 78
1603 74
1604 87
1605 75
1606 75
1607 70
1608 77
1609 87
1610 81
1611 76
1612 80
1613 77
1614 78
1615 89
1616 76
1617 73
1618 73
1619 73
1620 80
1621 93
1622 75
1623 62
1624 92
1625 81
1626 53
1627 85
1628 73
1629 82
1630 80
1631 84
1632 91
1633 78
1634 84
1635 61
1636 68
1637 75
1638 67
1639 77
1640 77
1641 69
1642 71
1643 82
1644 78
1645 81
1646 70
1647 58
1648 65
1649 63
1650 85
1651 77
1652 66
1653 70
1654 64
1655 65
1656 75
1657 64
1658 57
1659 70
1660 74
1661 67
1662 61
1663 76
1664 73
1665 84
1666 59
1667 64
1668 83
1669 58
1670 77
1671 72
1672 52
1673 64
1674 60
1675 51
1676 62
1677 77
1678 76
1679 67
1680 62
1681 70
1682 65
1683 62
1684 60
1685 59
1686 50
1687 57
1688 66
1689 58
1690 68
1691 60
1692 75
1693 61
1694 71
1695 57
1696 53
1697 75
1698 75
1699 63
1700 67
1701 65
1702 57
1703 74
1704 69
1705 67
1706 58
1707 66
1708 56
1709 53
1710 52
1711 58
1712 64
1713 49
1714 57
1715 55
1716 49
1717 59
1718 65
1719 49
1720 54
1721 55
1722 44
1723 55
1724 63
1725 66
1726 56
1727 64
1728 47
1729 53
1730 44
1731 65
1732 56
1733 55
1734 54
1735 58
1736 69
1737 46
1738 52
1739 51
1740 61
1741 41
1742 53
1743 49
1744 53
1745 59
1746 60
1747 55
1748 49
1749 41
1750 53
1751 50
1752 76
1753 58
1754 44
1755 50
1756 51
1757 54
1758 42
1759 50
1760 64
1761 49
1762 56
1763 71
1764 41
1765 59
1766 55
1767 54
1768 53
1769 42
1770 52
1771 54
1772 58
1773 47
1774 44
1775 51
1776 52
1777 54
1778 61
1779 59
1780 46
1781 48
1782 42
1783 45
1784 39
1785 48
1786 56
1787 37
1788 48
1789 44
1790 48
1791 48
1792 41
1793 49
1794 56
1795 46
1796 37
1797 50
1798 46
1799 54
1800 50
1801 37
1802 42
1803 36
1804 48
1805 48
1806 55
1807 46
1808 51
1809 43
1810 35
1811 43
1812 42
1813 57
1814 52
1815 41
1816 26
1817 47
1818 48
1819 43
1820 34
1821 48
1822 50
1823 33
1824 41
1825 35
1826 42
1827 35
1828 37
1829 38
1830 37
1831 35
1832 37
1833 37
1834 47
1835 49
1836 30
1837 39
1838 50
1839 47
1840 42
1841 35
1842 45
1843 41
1844 38
1845 41
1846 42
1847 39
1848 39
1849 38
1850 38
1851 35
1852 28
1853 38
1854 47
1855 44
1856 36
1857 49
1858 35
1859 35
1860 32
1861 33
1862 32
1863 32
1864 42
1865 36
1866 38
1867 36
1868 41
1869 37
1870 40
1871 44
1872 34
1873 37
1874 44
1875 40
1876 50
1877 46
1878 38
1879 41
1880 37
1881 34
1882 37
1883 37
1884 35
1885 27
1886 36
1887 38
1888 28
1889 27
1890 38
1891 29
1892 28
1893 43
1894 27
1895 36
1896 44
1897 27
1898 27
1899 43
1900 16
1901 32
1902 32
1903 36
1904 24
1905 30
1906 40
1907 35
1908 20
1909 34
1910 31
1911 25
1912 27
1913 43
1914 35
1915 24
1916 28
1917 27
1918 32
1919 24
1920 27
1921 31
1922 26
1923 28
1924 23
1925 28
1926 29
1927 41
1928 35
1929 26
1930 35
1931 28
1932 29
1933 38
1934 22
1935 42
1936 29
1937 35
1938 39
1939 26
1940 43
1941 26
1942 27
1943 26
1944 30
1945 35
1946 29
1947 22
1948 29
1949 22
1950 26
1951 32
1952 24
1953 28
1954 37
1955 19
1956 32
1957 22
1958 26
1959 28
1960 25
1961 31
1962 21
1963 28
1964 29
1965 17
1966 37
1967 27
1968 37
1969 25
1970 19
1971 24
1972 30
1973 17
1974 28
1975 28
1976 17
1977 24
1978 20
1979 24
1980 25
1981 22
1982 14
1983 33
1984 32
1985 31
1986 31
1987 18
1988 37
1989 20
1990 24
1991 20
1992 31
1993 23
1994 20
1995 19
1996 24
1997 29
1998 27
1999 19
2000 23
2001 22
2002 23
2003 23
2004 26
2005 25
2006 16
2007 14
2008 25
2009 30
2010 19
2011 21
2012 29
2013 30
2014 17
2015 26
2016 18
2017 34
2018 22
2019 15
2020 27
2021 22
2022 23
2023 24
2024 21
2025 22
2026 18
2027 22
2028 12
2029 19
2030 18
2031 26
2032 30
2033 18
2034 15
2035 16
2036 19
2037 27
2038 19
2039 18
2040 17
2041 18
2042 20
2043 13
2044 14
2045 27
2046 16
2047 14
2048 24
2049 12
2050 13
2051 18
2052 18
2053 10
2054 18
2055 21
2056 12
2057 18
2058 16
2059 16
2060 23
2061 19
2062 12
2063 19
2064 14
2065 16
2066 13
2067 14
2068 15
2069 22
2070 25
2071 12
2072 14
2073 13
2074 15
2075 17
2076 22
2077 8
2078 24
2079 17
2080 7
2081 9
2082 21
2083 18
2084 19
2085 17
2086 18
2087 13
2088 15
2089 15
2090 26
2091 18
2092 15
2093 20
2094 18
2095 10
2096 16
2097 20
2098 16
2099 19
2100 24
2101 11
2102 15
2103 12
2104 14
2105 12
2106 13
2107 15
2108 20
2109 7
2110 11
2111 11
2112 6
2113 16
2114 17
2115 8
2116 14
2117 10
2118 24
2119 11
2120 11
2121 16
2122 16
2123 15
2124 15
2125 17
2126 9
2127 18
2128 5
2129 11
2130 14
2131 9
2132 14
2133 11
2134 8
2135 12
2136 23
2137 19
2138 12
2139 18
2140 12
2141 16
2142 9
2143 13
2144 19
2145 12
2146 15
2147 9
2148 16
2149 17
2150 8
2151 15
2152 7
2153 5
2154 12
2155 9
2156 11
2157 16
2158 17
2159 15
2160 12
2161 13
2162 9
2163 9
2164 11
2165 8
2166 10
2167 14
2168 13
2169 8
2170 13
2171 9
2172 10
2173 8
2174 10
2175 11
2176 11
2177 7
2178 10
2179 13
2180 8
2181 15
2182 9
2183 7
2184 10
2185 7
2186 7
2187 8
2188 6
2189 18
2190 8
2191 6
2192 8
2193 7
2194 8
2195 10
2196 14
2197 16
2198 9
2199 6
2200 12
2201 17
2202 14
2203 11
2204 12
2205 7
2206 9
2207 10
2208 14
2209 9
2210 7
2211 8
2212 15
2213 7
2214 11
2215 9
2216 8
2217 9
2218 4
2219 8
2220 3
2221 7
2222 11
2223 6
2224 6
2225 6
2226 7
2227 7
2228 6
2229 7
2230 7
2231 6
2232 10
2233 9
2234 8
2235 9
2236 6
2237 4
2238 9
2239 7
2240 8
2241 7
2242 12
2243 5
2244 8
2245 2
2246 7
2247 4
2248 6
2249 5
2250 9
2251 7
2252 8
2253 13
2254 8
2255 7
2256 4
2257 8
2258 9
2259 11
2260 6
2261 7
2262 7
2263 5
2264 3
2265 6
2266 12
2267 13
2268 3
2269 3
2270 5
2271 3
2272 3
2273 7
2274 8
2275 8
2276 3
2277 5
2278 6
2279 3
2280 5
2281 8
2282 7
2283 6
2284 9
2285 6
2286 8
2287 10
2288 6
2289 4
2290 7
2291 6
2292 1
2293 6
2294 3
2295 3
2296 5
2297 7
2298 8
2299 3
2300 2
2301 7
2302 4
2303 8
2304 4
2305 6
2306 6
2307 3
2308 2
2309 3
2310 4
2311 7
2312 5
2313 4
2314 7
2315 6
2316 4
2317 5
2318 8
2319 5
2320 4
2321 5
2322 10
2323 5
2324 3
2325 5
2326 2
2327 3
2328 4
2329 2
2330 3
2331 3
2332 5
2333 2
2334 4
2335 5
2336 6
2337 5
2338 3
2339 3
2340 5
2341 2
2342 2
2343 5
2344 3
2345 2
2346 4
2347 2
2348 2
2349 4
2350 7
2351 3
2352 3
2353 8
2354 3
2355 5
2356 2
2357 2
2358 6
2359 3
2360 3
2361 7
2362 6
2363 3
2364 4
2365 5
2366 4
2367 2
2368 4
2369 6
2370 1
2371 2
2372 2
2373 12
2374 3
2375 4
2376 3
2377 0
2378 2
2379 1
2380 2
2381 4
2382 7
2383 5
2384 2
2385 2
2386 0
2387 3
2388 4
2389 2
2390 2
2391 3
2392 3
2393 2
2394 0
2395 1
2396 3
2397 2
2398 2
2399 1
2400 3
2401 3
2402 6
2403 3
2404 2
2405 0
2406 6
2407 4
2408 4
2409 4
2410 2
2411 3
2412 4
2413 6
2414 3
2415 1
2416 1
2417 2
2418 1
2419 1
2420 4
2421 0
2422 2
2423 0
2424 0
2425 2
2426 1
2427 5
2428 3
2429 1
2430 1
2431 2
2432 2
2433 1
2434 6
2435 1
2436 3
2437 1
2438 4
2439 2
2440 2
2441 2
2442 5
2443 4
2444 4
2445 1
2446 2
2447 1
2448 5
2449 2
2450 3
2451 2
2452 2
2453 3
2454 3
2455 2
2456 2
2457 3
2458 6
2459 2
2460 0
2461 1
2462 3
2463 0
2464 1
2465 6
2466 3
2467 0
2468 4
2469 2
2470 1
2471 2
2472 3
2473 2
2474 0
2475 2
2476 3
2477 1
2478 0
2479 2
2480 1
2481 2
2482 2
2483 4
2484 2
2485 3
2486 2
2487 1
2488 0
2489 0
2490 0
2491 0
2492 1
2493 1
2494 2
2495 0
2496 0
2497 0
2498 1
2499 2
2500 0
2501 1
2502 4
2503 1
2504 1
2505 1
2506 0
2507 4
2508 1
2509 2
2510 2
2511 0
2512 3
2513 1
2514 2
2515 0
2516 0
2517 0
2518 1
2519 0
2520 0
2521 2
2522 1
2523 1
2524 0
2525 1
2526 1
2527 1
2528 1
2529 0
2530 1
2531 3
2532 1
2533 2
2534 0
2535 4
2536 2
2537 0
2538 3
2539 1
2540 0
2541 0
2542 1
2543 1
2544 2
2545 3
2546 0
2547 2
2548 0
2549 1
2550 1
2551 1
2552 0
2553 2
2554 1
2555 2
2556 0
2557 0
2558 2
2559 1
2560 0
2561 0
2562 0
2563 2
2564 1
2565 1
2566 0
2567 0
2568 1
2569 0
2570 1
2571 1
2572 0
2573 3
2574 1
2575 1
2576 1
2577 1
2578 1
2579 0
2580 1
2581 0
2582 4
2583 0
2584 2
2585 0
2586 0
2587 1
2588 1
2589 1
2590 3
2591 1
2592 1
2593 0
2594 0
2595 0
2596 1
2597 0
2598 0
2599 2
2600 1
2601 0
2602 1
2603 2
2604 3
2605 1
2606 1
2607 1
2608 0
2609 0
2610 0
2611 1
2612 0
2613 0
2614 4
2615 0
2616 1
2617 1
2618 0
2619 0
2620 1
2621 1
2622 0
2623 0
2624 2
2625 0
2626 0
2627 5
2628 0
2629 1
2630 0
2631 1
2632 0
2633 2
2634 1
2635 0
2636 0
2637 1
2638 0
2639 2
2640 0
2641 1
2642 2
2643 0
2644 0
2645 0
2646 0
2647 0
2648 2
2649 1
2650 3
2651 1
2652 1
2653 1
2654 2
2655 1
2656 1
2657 0
2658 1
2659 2
2660 0
2661 1
2662 1
2663 3
2664 2
2665 1
2666 0
2667 1
2668 1
2669 2
2670 0
2671 0
2672 1
2673 1
2674 0
2675 0
2676 0
2677 0
2678 0
2679 2
2680 2
2681 0
2682 0
2683 1
2684 1
2685 0
2686 0
2687 0
2688 1
2689 1
2690 0
2691 1
2692 1
2693 0
2694 0
2695 1
2696 0
2697 1
2698 2
2699 1
2700 0
2701 0
2702 1
2703 1
2704 0
2705 0
2706 1
2707 0
2708 1
2709 0
2710 1
2711 1
2712 0
2713 0
2714 2
2715 0
2716 0
2717 0
2718 0
2719 0
2720 0
2721 0
2722 0
2723 1
2724 0
2725 0
2726 0
2727 0
2728 0
2729 0
2730 1
2731 0
2732 0
2733 1
2734 1
2735 0
2736 0
2737 2
2738 0
2739 0
2740 0
2741 1
2742 0
2743 0
2744 1
2745 1
2746 0
2747 0
2748 0
2749 1
2750 0
2751 0
2752 1
2753 0
2754 0
2755 0
2756 0
2757 0
2758 0
2759 0
2760 0
2761 1
2762 0
2763 2
2764 0
2765 0
2766 2
2767 0
2768 0
2769 0
2770 0
2771 0
2772 0
2773 0
2774 1
2775 0
2776 1
2777 0
2778 1
2779 0
2780 0
2781 0
2782 0
2783 1
2784 0
2785 0
2786 0
2787 0
2788 0
2789 1
2790 0
2791 0
2792 1
2793 0
2794 0
2795 0
2796 1
2797 0
2798 0
2799 0
2800 0
2801 0
2802 1
2803 0
2804 1
2805 0
2806 1
2807 0
2808 0
2809 0
2810 0
2811 2
2812 0
2813 1
2814 2
2815 0
2816 1
2817 0
2818 0
2819 0
2820 0
2821 0
2822 0
2823 0
2824 0
2825 1
2826 0
2827 0
2828 0
2829 0
2830 0
2831 1
2832 0
2833 3
2834 3
2835 0
2836 2
2837 0
2838 0
2839 0
2840 1
2841 1
2842 0
2843 0
2844 2
2845 0
2846 0
2847 0
2848 0
2849 0
2850 0
2851 0
2852 0
2853 0
2854 0
2855 0
2856 0
2857 2
2858 1
2859 0
2860 0
2861 1
2862 0
2863 0
2864 0
2865 0
2866 0
2867 0
2868 0
2869 0
2870 0
2871 0
2872 1
2873 0
2874 0
2875 0
2876 0
2877 0
2878 0
2879 1
2880 1
2881 0
2882 0
2883 0
2884 0
2885 0
2886 0
2887 0
2888 0
2889 0
2890 0
2891 0
2892 0
2893 0
2894 0
2895 0
2896 1
2897 2
2898 0
2899 0
2900 0
2901 0
2902 0
2903 0
2904 0
2905 0
2906 0
2907 0
2908 1
2909 0
2910 0
2911 0
2912 0
2913 1
2914 1
2915 0
2916 0
2917 1
2918 0
2919 0
2920 0
2921 0
2922 0
2923 0
2924 0
2925 0
2926 1
2927 0
2928 0
2929 0
2930 0
2931 0
2932 1
2933 0
2934 0
2935 0
2936 0
2937 0
2938 0
2939 0
2940 0
2941 0
2942 0
2943 0
2944 0
2945 0
2946 0
2947 1
2948 1
2949 0
2950 0
2951 0
2952 0
2953 0
2954 0
2955 0
2956 0
2957 1
2958 0
2959 0
2960 0
2961 0
2962 0
2963 1
2964 0
2965 0
2966 0
2967 0
2968 0
2969 0
2970 0
2971 0
2972 0
2973 0
2974 0
2975 0
2976 0
2977 0
2978 0
2979 0
2980 0
2981 0
2982 0
2983 0
2984 0
2985 0
2986 0
2987 0
2988 0
2989 0
2990 0
2991 0
2992 1
2993 0
2994 0
2995 1
2996 0
2997 0
2998 0
2999 0
3000 0
3001 0
3002 0
3003 0
3004 0
3005 0
3006 0
3007 0
3008 0
3009 0
3010 0
3011 0
3012 0
3013 0
3014 0
3015 0
3016 0
3017 1
3018 0
3019 0
3020 0
3021 0
3022 0
3023 1
3024 0
3025 0
3026 0
3027 0
3028 0
3029 0
3030 0
3031 0
3032 0
3033 0
3034 1
3035 0
3036 0
3037 0
3038 0
3039 0
3040 0
3041 0
3042 0
3043 0
3044 0
3045 0
3046 0
3047 1
3048 0
3049 0
3050 0
3051 0
3052 0
3053 0
3054 0
3055 0
3056 0
3057 0
3058 0
3059 0
3060 0
3061 0
3062 0
3063 1
3064 0
3065 0
3066 0
3067 0
3068 0
3069 0
3070 0
3071 0
3072 0
3073 0
3074 2
3075 0
3076 0
3077 0
3078 0
3079 1
3080 0
3081 0
3082 0
3083 0
3084 0
3085 0
3086 0
3087 0
3088 0
3089 0
3090 0
3091 1
3092 0
3093 0
3094 0
3095 0
3096 2
3097 0
3098 0
3099 0
3100 0
3101 0
3102 0
3103 0
3104 1
3105 0
3106 0
3107 0
3108 0
3109 0
3110 0
3111 0
3112 0
3113 0
3114 0
3115 0
3116 0
3117 0
3118 1
3119 1
3120 0
3121 0
3122 0
3123 0
3124 0
3125 0
3126 0
3127 0
3128 0
3129 0
3130 0
3131 0
3132 0
3133 0
3134 0
3135 0
3136 0
3137 0
3138 0
3139 0
3140 0
3141 0
3142 0
3143 0
3144 0
3145 0
3146 0
3147 0
3148 0
3149 0
3150 0
3151 0
3152 0
3153 0
3154 0
3155 0
3156 1
3157 0
3158 0
3159 0
3160 0
3161 0
3162 0
3163 0
3164 0
3165 0
3166 0
3167 0
3168 0
3169 0
3170 0
3171 1
3172 0
3173 0
3174 0
3175 0
3176 0
3177 0
3178 0
3179 0
3180 0
3181 0
3182 0
3183 1
3184 0
3185 0
3186 0
3187 0
3188 0
3189 1
3190 0
3191 0
3192 0
3193 0
3194 0
3195 0
3196 0
3197 1
3198 0
3199 1
3200 1
3201 0
3202 0
3203 0
3204 0
3205 0
3206 0
3207 0
3208 0
3209 0
3210 0
3211 0
3212 0
3213 0
3214 0
3215 0
3216 0
3217 0
3218 0
3219 0
3220 0
3221 0
3222 0
3223 1
3224 0
3225 0
3226 0
3227 0
3228 0
3229 0
3230 0
3231 0
3232 0
3233 0
3234 0
3235 0
3236 0
3237 0
3238 0
3239 0
3240 0
3241 0
3242 1
3243 0
3244 0
3245 0
3246 0
3247 0
3248 0
3249 0
3250 0
3251 0
3252 0
3253 0
3254 0
3255 0
3256 0
3257 0
3258 0
3259 0
3260 0
3261 0
3262 0
3263 0
3264 1
3265 0
3266 0
3267 0
3268 0
3269 0
3270 0
3271 0
3272 0
3273 0
3274 0
3275 0
3276 0
3277 0
3278 0
3279 0
3280 0
3281 0
3282 0
3283 0
3284 0
3285 0
3286 0
3287 0
3288 0
3289 0
3290 0
3291 1
3292 0
3293 0
3294 1
3295 0
3296 0
3297 0
3298 0
3299 0
3300 0
3301 0
3302 0
3303 0
3304 0
3305 0
3306 0
3307 0
3308 0
3309 0
3310 0
3311 0
3312 0
3313 0
3314 0
3315 0
3316 0
3317 0
3318 1
3319 0
3320 0
3321 1
3322 0
3323 0
3324 0
3325 0
3326 0
3327 0
3328 0
3329 0
3330 0
3331 0
3332 0
3333 0
3334 0
3335 0
3336 0
3337 0
3338 0
3339 0
3340 1
3341 0
3342 0
3343 0
3344 0
3345 0
3346 0
3347 0
3348 0
3349 0
3350 1
3351 0
3352 0
3353 0
3354 0
3355 0
3356 0
3357 0
3358 0
3359 0
3360 0
3361 0
3362 0
3363 0
3364 0
3365 0
3366 0
3367 0
3368 0
3369 0
3370 0
3371 0
3372 0
3373 0
3374 0
3375 0
3376 0
3377 0
3378 0
3379 0
3380 0
3381 0
3382 0
3383 0
3384 0
3385 1
3386 0
3387 0
3388 0
3389 0
3390 0
3391 0
3392 1
3393 0
3394 0
3395 0
3396 0
3397 0
3398 0
3399 0
3400 0
3401 0
3402 0
3403 0
3404 0
3405 0
3406 0
3407 0
3408 0
3409 0
3410 0
3411 0
3412 0
3413 0
3414 0
3415 0
3416 0
3417 0
3418 0
3419 0
3420 0
3421 0
3422 0
3423 0
3424 0
3425 0
3426 0
3427 0
3428 0
3429 0
3430 0
3431 0
3432 0
3433 0
3434 0
3435 0
3436 0
3437 0
3438 0
3439 0
3440 0
3441 0
3442 0
3443 0
3444 0
3445 0
3446 0
3447 0
3448 0
3449 0
3450 0
3451 0
3452 0
3453 0
3454 0
3455 0
3456 0
3457 0
3458 0
3459 0
3460 0
3461 0
3462 0
3463 0
3464 0
3465 0
3466 0
3467 0
3468 0
3469 0
3470 0
3471 0
3472 0
3473 0
3474 0
3475 0
3476 0
3477 0
3478 0
3479 1
3480 0
3481 0
3482 0
3483 0
3484 0
3485 0
3486 0
3487 0
3488 0
3489 0
3490 0
3491 0
3492 0
3493 0
3494 0
3495 0
3496 0
3497 0
3498 0
3499 0
3500 0
3501 0
3502 1
3503 0
3504 0
3505 0
3506 0
3507 0
3508 0
3509 0
3510 0
3511 0
3512 0
3513 0
3514 0
3515 0
3516 0
3517 0
3518 0
3519 0
3520 0
3521 0
3522 0
3523 0
3524 0
3525 0
3526 0
3527 0
3528 0
3529 0
3530 0
3531 0
3532 0
3533 0
3534 0
3535 0
3536 0
3537 0
3538 1
3539 0
3540 0
3541 0
3542 0
3543 0
3544 0
3545 0
3546 0
3547 0
3548 0
3549 1
3550 0
3551 0
3552 0
3553 0
3554 0
3555 0
3556 0
3557 0
3558 0
3559 0
3560 0
3561 0
3562 0
3563 0
3564 0
3565 0
3566 0
3567 0
3568 0
3569 0
3570 0
3571 0
3572 0
3573 0
3574 0
3575 0
3576 0
3577 0
3578 0
3579 0
3580 0
3581 0
3582 0
3583 0
3584 0
3585 0
3586 0
3587 0
3588 0
3589 0
3590 0
3591 0
3592 0
3593 0
3594 0
3595 0
3596 0
3597 0
3598 0
3599 0
3600 0
3601 0
3602 0
3603 0
3604 0
3605 0
3606 0
3607 0
3608 0
3609 0
3610 0
3611 0
3612 0
3613 0
3614 1
3615 0
3616 0
3617 0
3618 0
3619 0
3620 0
3621 0
3622 0
3623 0
3624 0
3625 0
3626 0
3627 0
3628 0
3629 0
3630 0
3631 0
3632 0
3633 0
3634 0
3635 0
3636 0
3637 0
3638 1
3639 0
3640 0
3641 0
3642 0
3643 0
3644 0
3645 0
3646 0
3647 0
3648 0
3649 0
3650 0
3651 0
3652 0
3653 0
3654 0
3655 0
3656 0
3657 0
3658 0
3659 0
3660 0
3661 0
3662 0
3663 0
3664 0
3665 0
3666 0
3667 0
3668 0
3669 0
3670 0
3671 0
3672 0
3673 0
3674 0
3675 0
3676 0
3677 0
3678 0
3679 0
3680 0
3681 0
3682 0
3683 0
3684 0
3685 0
3686 0
3687 0
3688 0
3689 0
3690 0
3691 0
3692 0
3693 0
3694 0
3695 0
3696 0
3697 0
3698 0
3699 0
3700 0
3701 0
3702 0
3703 0
3704 0
3705 0
3706 0
3707 0
3708 0
3709 0
3710 0
3711 0
3712 0
3713 0
3714 0
3715 0
3716 0
3717 0
3718 0
3719 0
3720 0
3721 0
3722 0
3723 0
3724 0
3725 0
3726 0
3727 0
3728 0
3729 0
3730 0
3731 0
3732 0
3733 0
3734 0
3735 0
3736 0
3737 0
3738 0
3739 0
3740 0
3741 0
3742 0
3743 0
3744 0
3745 0
3746 0
3747 0
3748 0
3749 0
3750 0
3751 0
3752 0
3753 0
3754 0
3755 0
3756 0
3757 0
3758 0
3759 0
3760 0
3761 0
3762 0
3763 0
3764 0
3765 0
3766 0
3767 0
3768 0
3769 0
3770 0
3771 0
3772 0
3773 0
3774 0
3775 0
3776 0
3777 0
3778 0
3779 0
3780 0
3781 0
3782 0
3783 0
3784 0
3785 0
3786 0
3787 0
3788 0
3789 0
3790 0
3791 0
3792 0
3793 0
3794 0
3795 0
3796 0
3797 0
3798 0
3799 0
3800 0
3801 0
3802 0
3803 0
3804 0
3805 0
3806 0
3807 0
3808 0
3809 0
3810 0
3811 0
3812 0
3813 0
3814 0
3815 0
3816 0
3817 0
3818 0
3819 0
3820 0
3821 0
3822 0
3823 0
3824 0
3825 0
3826 0
3827 0
3828 0
3829 0
3830 0
3831 0
3832 0
3833 0
3834 0
3835 0
3836 0
3837 0
3838 0
3839 0
3840 0
3841 0
3842 0
3843 0
3844 0
3845 0
3846 0
3847 0
3848 0
3849 0
3850 0
3851 0
3852 0
3853 0
3854 0
3855 0
3856 0
3857 0
3858 0
3859 0
3860 0
3861 0
3862 0
3863 0
3864 0
3865 0
3866 0
3867 0
3868 0
3869 0
3870 0
3871 0
3872 0
3873 0
3874 0
3875 0
3876 0
3877 0
3878 0
3879 0
3880 0
3881 0
3882 0
3883 1
3884 0
3885 0
3886 0
3887 0
3888 0
3889 0
3890 0
3891 0
3892 0
3893 0
3894 0
3895 0
3896 0
3897 0
3898 0
3899 0
3900 0
3901 0
3902 0
3903 0
3904 0
3905 0
3906 0
3907 0
3908 0
3909 0
3910 0
3911 0
3912 0
3913 0
3914 0
3915 0
3916 0
3917 0
3918 0
3919 0
3920 0
3921 0
3922 0
3923 0
3924 0
3925 0
3926 0
3927 0
3928 0
3929 0
3930 0
3931 0
3932 0
3933 0
3934 0
3935 0
3936 0
3937 0
3938 0
3939 0
3940 0
3941 0
3942 0
3943 0
3944 0
3945 0
3946 0
3947 0
3948 0
3949 0
3950 0
3951 0
3952 0
3953 0
3954 0
3955 0
3956 0
3957 0
3958 0
3959 0
3960 0
3961 0
3962 0
3963 0
3964 0
3965 0
3966 0
3967 0
3968 0
3969 0
3970 0
3971 0
3972 0
3973 0
3974 0
3975 0
3976 0
3977 0
3978 0
3979 0
3980 0
3981 0
3982 0
3983 0
3984 0
3985 0
3986 0
3987 0
3988 0
3989 0
3990 0
3991 0
3992 0
3993 0
3994 0
3995 1
3996 0
3997 0
3998 0
3999 0
4000 0
