0 0
1 0
2 0
3 0
4 0
5 0
6 0
7 0
8 0
9 0
10 0
11 0
12 0
13 0
14 0
15 0
16 0
17 0
18 0
19 0
20 0
21 0
22 0
23 0
24 0
25 0
26 0
27 0
28 0
29 0
30 0
31 0
32 0
33 0
34 0
35 0
36 0
37 0
38 0
39 0
40 0
41 0
42 0
43 0
44 0
45 0
46 0
47 0
48 0
49 0
50 0
51 0
52 0
53 0
54 0
55 0
56 0
57 0
58 0
59 0
60 0
61 0
62 0
63 0
64 0
65 0
66 0
67 0
68 0
69 0
70 0
71 0
72 0
73 0
74 0
75 0
76 0
77 0
78 0
79 0
80 0
81 0
82 0
83 0
84 0
85 0
86 0
87 0
88 0
89 0
90 0
91 0
92 0
93 0
94 0
95 0
96 0
97 0
98 0
99 0
100 0
101 0
102 0
103 0
104 0
105 0
106 0
107 0
108 0
109 0
110 0
111 0
112 0
113 0
114 0
115 0
116 0
117 0
118 0
119 0
120 0
121 0
122 0
123 0
124 0
125 0
126 0
127 0
128 0
129 0
130 0
131 0
132 0
133 0
134 0
135 0
136 0
137 0
138 0
139 0
140 0
141 0
142 0
143 0
144 0
145 0
146 0
147 0
148 0
149 0
150 0
151 1
152 1
153 6
154 2
155 6
156 5
157 8
158 8
159 1
160 3
161 8
162 6
163 9
164 10
165 5
166 4
167 6
168 6
169 4
170 4
171 4
172 9
173 11
174 6
175 19
176 49
177 48
178 126
179 147
180 209
181 258
182 318
183 335
184 442
185 541
186 821
187 1349
188 2333
189 3296
190 4199
191 4951
192 5227
193 5319
194 5320
195 4783
196 4310
197 4011
198 3556
199 3289
200 2974
201 2559
202 2177
203 1919
204 1746
205 1572
206 1388
207 1298
208 1143
209 1041
210 983
211 978
212 884
213 842
214 807
215 792
216 768
217 745
218 767
219 798
220 768
221 751
222 749
223 768
224 740
225 813
226 799
227 834
228 789
229 804
230 837
231 836
232 825
233 781
234 832
235 815
236 833
237 822
238 901
239 822
240 870
241 833
242 859
243 821
244 904
245 906
246 873
247 867
248 934
249 897
250 914
251 933
252 944
253 875
254 894
255 893
256 927
257 925
258 903
259 905
260 942
261 969
262 894
263 926
264 930
265 941
266 924
267 918
268 991
269 1034
270 972
271 948
272 984
273 1000
274 949
275 1010
276 995
277 944
278 981
279 999
280 1001
281 1038
282 970
283 1023
284 1010
285 973
286 1020
287 952
288 958
289 1023
290 1029
291 998
292 987
293 1010
294 972
295 1055
296 1004
297 1071
298 978
299 994
300 1019
301 991
302 1052
303 1026
304 1049
305 1075
306 1010
307 995
308 1052
309 996
310 1103
311 1045
312 1030
313 1088
314 1049
315 1045
316 1071
317 1061
318 1066
319 1047
320 1069
321 1002
322 1121
323 1087
324 1082
325 1058
326 1089
327 1064
328 1025
329 1118
330 1009
331 1052
332 1074
333 1030
334 1063
335 1046
336 1112
337 1048
338 1084
339 1100
340 1057
341 1081
342 1049
343 1083
344 1094
345 1092
346 1014
347 1120
348 1116
349 1030
350 1089
351 1054
352 1081
353 1052
354 1076
355 1097
356 1111
357 1093
358 1121
359 1081
360 1100
361 1105
362 1081
363 1099
364 1144
365 1100
366 1074
367 1131
368 1172
369 1115
370 1140
371 1139
372 1119
373 1128
374 1075
375 1104
376 1128
377 1137
378 1114
379 1076
380 1218
381 1174
382 1141
383 1124
384 1198
385 1231
386 1178
387 1207
388 1145
389 1188
390 1173
391 1122
392 1155
393 1230
394 1169
395 1168
396 1183
397 1144
398 1128
399 1188
400 1201
401 1140
402 1154
403 1228
404 1186
405 1202
406 1184
407 1143
408 1268
409 1197
410 1204
411 1259
412 1214
413 1253
414 1241
415 1207
416 1243
417 1234
418 1301
419 1244
420 1243
421 1309
422 1257
423 1330
424 1272
425 1323
426 1240
427 1298
428 1286
429 1265
430 1256
431 1340
432 1286
433 1256
434 1323
435 1256
436 1355
437 1284
438 1289
439 1315
440 1280
441 1434
442 1282
443 1368
444 1319
445 1309
446 1363
447 1353
448 1369
449 1333
450 1348
451 1415
452 1375
453 1423
454 1357
455 1317
456 1352
457 1375
458 1404
459 1443
460 1346
461 1399
462 1390
463 1368
464 1355
465 1396
466 1429
467 1410
468 1420
469 1408
470 1419
471 1356
472 1340
473 1538
474 1440
475 1507
476 1499
477 1471
478 1445
479 1480
480 1453
481 1406
482 1399
483 1568
484 1468
485 1480
486 1474
487 1470
488 1516
489 1430
490 1442
491 1455
492 1461
493 1451
494 1553
495 1521
496 1471
497 1493
498 1513
499 1477
500 1554
501 1523
502 1495
503 1537
504 1563
505 1522
506 1526
507 1574
508 1504
509 1512
510 1486
511 1545
512 1529
513 1531
514 1523
515 1577
516 1547
517 1541
518 1546
519 1567
520 1577
521 1501
522 1564
523 1532
524 1494
525 1545
526 1525
527 1496
528 1513
529 1571
530 1533
531 1494
532 1539
533 1484
534 1495
535 1505
536 1604
537 1575
538 1488
539 1506
540 1523
541 1510
542 1504
543 1514
544 1524
545 1473
546 1578
547 1462
548 1500
549 1508
550 1508
551 1537
552 1483
553 1465
554 1449
555 1510
556 1509
557 1489
558 1430
559 1544
560 1473
561 1488
562 1505
563 1472
564 1449
565 1451
566 1482
567 1474
568 1391
569 1466
570 1432
571 1516
572 1426
573 1459
574 1488
575 1463
576 1448
577 1396
578 1324
579 1406
580 1414
581 1398
582 1425
583 1345
584 1431
585 1319
586 1403
587 1362
588 1330
589 1352
590 1344
591 1385
592 1415
593 1372
594 1357
595 1340
596 1364
597 1317
598 1306
599 1263
600 1392
601 1293
602 1313
603 1353
604 1310
605 1316
606 1266
607 1338
608 1278
609 1235
610 1334
611 1284
612 1258
613 1201
614 1154
615 1268
616 1281
617 1279
618 1224
619 1286
620 1205
621 1225
622 1169
623 1216
624 1185
625 1160
626 1176
627 1163
628 1191
629 1077
630 1160
631 1222
632 1154
633 1111
634 1146
635 1079
636 1176
637 1110
638 1135
639 1139
640 1088
641 1079
642 1073
643 1158
644 1150
645 1092
646 1090
647 1107
648 1075
649 984
650 1036
651 1041
652 1111
653 1092
654 973
655 990
656 1011
657 1035
658 1020
659 965
660 928
661 963
662 992
663 932
664 961
665 1059
666 984
667 924
668 941
669 867
670 884
671 875
672 890
673 907
674 883
675 877
676 826
677 839
678 881
679 829
680 838
681 828
682 810
683 791
684 892
685 837
686 788
687 829
688 840
689 815
690 785
691 801
692 813
693 788
694 795
695 788
696 807
697 787
698 752
699 774
700 693
701 752
702 722
703 740
704 730
705 763
706 695
707 687
708 721
709 695
710 745
711 646
712 721
713 699
714 653
715 671
716 664
717 666
718 670
719 676
720 643
721 648
722 658
723 651
724 672
725 669
726 624
727 652
728 604
729 638
730 624
731 576
732 591
733 618
734 600
735 571
736 581
737 562
738 580
739 593
740 570
741 590
742 530
743 550
744 530
745 496
746 528
747 538
748 536
749 503
750 528
751 461
752 491
753 523
754 504
755 484
756 484
757 453
758 484
759 472
760 476
761 465
762 494
763 468
764 458
765 479
766 469
767 476
768 411
769 413
770 444
771 440
772 461
773 464
774 456
775 460
776 451
777 375
778 389
779 448
780 412
781 431
782 396
783 428
784 417
785 416
786 379
787 394
788 404
789 362
790 380
791 379
792 355
793 353
794 394
795 335
796 374
797 418
798 360
799 364
800 365
801 413
802 351
803 330
804 326
805 335
806 370
807 361
808 339
809 361
810 361
811 315
812 320
813 333
814 341
815 325
816 345
817 309
818 329
819 340
820 290
821 282
822 296
823 287
824 306
825 291
826 337
827 318
828 285
829 292
830 290
831 278
832 273
833 301
834 290
835 291
836 301
837 275
838 267
839 281
840 270
841 275
842 283
843 281
844 245
845 280
846 274
847 287
848 275
849 268
850 254
851 269
852 285
853 279
854 270
855 267
856 246
857 264
858 248
859 265
860 256
861 272
862 255
863 252
864 250
865 244
866 247
867 250
868 224
869 239
870 239
871 246
872 253
873 257
874 265
875 230
876 246
877 228
878 236
879 226
880 243
881 230
882 239
883 226
884 237
885 235
886 203
887 244
888 242
889 235
890 216
891 206
892 196
893 245
894 233
895 211
896 199
897 232
898 220
899 221
900 211
901 212
902 222
903 219
904 195
905 200
906 222
907 216
908 215
909 214
910 211
911 208
912 205
913 213
914 178
915 201
916 205
917 196
918 216
919 209
920 232
921 193
922 186
923 197
924 204
925 196
926 219
927 201
928 187
929 226
930 217
931 152
932 198
933 210
934 203
935 191
936 198
937 200
938 213
939 192
940 187
941 199
942 201
943 189
944 198
945 183
946 182
947 209
948 190
949 183
950 193
951 213
952 168
953 186
954 211
955 194
956 215
957 196
958 209
959 176
960 189
961 171
962 177
963 200
964 188
965 181
966 198
967 204
968 174
969 194
970 199
971 176
972 181
973 206
974 167
975 174
976 182
977 188
978 162
979 184
980 161
981 190
982 191
983 184
984 186
985 174
986 200
987 183
988 189
989 166
990 175
991 185
992 155
993 177
994 178
995 190
996 175
997 169
998 208
999 171
1000 196
1001 169
1002 179
1003 170
1004 174
1005 192
1006 168
1007 165
1008 193
1009 167
1010 154
1011 175
1012 181
1013 171
1014 162
1015 159
1016 167
1017 154
1018 166
1019 170
1020 185
1021 194
1022 177
1023 160
1024 165
1025 156
1026 174
1027 167
1028 188
1029 194
1030 193
1031 166
1032 167
1033 177
1034 171
1035 183
1036 173
1037 161
1038 177
1039 161
1040 173
1041 190
1042 167
1043 167
1044 174
1045 170
1046 180
1047 164
1048 168
1049 172
1050 159
1051 172
1052 180
1053 165
1054 150
1055 158
1056 170
1057 188
1058 159
1059 155
1060 166
1061 159
1062 155
1063 166
1064 179
1065 164
1066 157
1067 159
1068 177
1069 162
1070 184
1071 187
1072 147
1073 170
1074 152
1075 175
1076 164
1077 182
1078 197
1079 166
1080 175
1081 177
1082 183
1083 157
1084 186
1085 180
1086 178
1087 172
1088 150
1089 160
1090 185
1091 170
1092 179
1093 175
1094 160
1095 174
1096 175
1097 163
1098 152
1099 177
1100 173
1101 155
1102 159
1103 162
1104 177
1105 165
1106 140
1107 166
1108 168
1109 175
1110 178
1111 170
1112 158
1113 172
1114 166
1115 123
1116 150
1117 178
1118 189
1119 146
1120 177
1121 166
1122 182
1123 177
1124 148
1125 175
1126 159
1127 161
1128 186
1129 179
1130 155
1131 176
1132 158
1133 162
1134 163
1135 160
1136 162
1137 175
1138 148
1139 164
1140 151
1141 158
1142 155
1143 149
1144 173
1145 160
1146 185
1147 175
1148 178
1149 173
1150 165
1151 148
1152 162
1153 161
1154 159
1155 160
1156 136
1157 187
1158 157
1159 157
1160 180
1161 173
1162 160
1163 166
1164 163
1165 147
1166 178
1167 154
1168 156
1169 148
1170 151
1171 146
1172 144
1173 134
1174 143
1175 139
1176 150
1177 162
1178 164
1179 146
1180 157
1181 150
1182 149
1183 169
1184 165
1185 150
1186 161
1187 169
1188 163
1189 164
1190 141
1191 141
1192 154
1193 162
1194 152
1195 169
1196 156
1197 162
1198 161
1199 156
1200 153
1201 151
1202 164
1203 160
1204 139
1205 143
1206 142
1207 152
1208 154
1209 166
1210 138
1211 158
1212 142
1213 167
1214 146
1215 134
1216 145
1217 171
1218 173
1219 148
1220 132
1221 178
1222 155
1223 136
1224 126
1225 169
1226 162
1227 133
1228 139
1229 147
1230 146
1231 148
1232 135
1233 140
1234 150
1235 145
1236 133
1237 147
1238 130
1239 133
1240 159
1241 150
1242 137
1243 130
1244 160
1245 145
1246 140
1247 154
1248 137
1249 142
1250 134
1251 122
1252 149
1253 151
1254 138
1255 145
1256 140
1257 127
1258 119
1259 153
1260 154
1261 130
1262 130
1263 131
1264 143
1265 162
1266 113
1267 123
1268 123
1269 144
1270 123
1271 129
1272 126
1273 130
1274 135
1275 160
1276 136
1277 124
1278 149
1279 124
1280 145
1281 116
1282 143
1283 134
1284 131
1285 123
1286 158
1287 134
1288 111
1289 144
1290 129
1291 141
1292 129
1293 124
1294 159
1295 134
1296 142
1297 145
1298 136
1299 133
1300 134
1301 140
1302 122
1303 148
1304 126
1305 113
1306 128
1307 134
1308 143
1309 135
1310 127
1311 119
1312 148
1313 141
1314 134
1315 113
1316 108
1317 115
1318 124
1319 121
1320 109
1321 118
1322 112
1323 112
1324 121
1325 125
1326 138
1327 113
1328 135
1329 118
1330 133
1331 113
1332 141
1333 112
1334 123
1335 120
1336 139
1337 119
1338 118
1339 147
1340 118
1341 117
1342 119
1343 129
1344 125
1345 112
1346 111
1347 121
1348 108
1349 124
1350 94
1351 117
1352 108
1353 132
1354 91
1355 121
1356 115
1357 123
1358 107
1359 141
1360 105
1361 112
1362 137
1363 113
1364 107
1365 116
1366 114
1367 112
1368 110
1369 116
1370 109
1371 102
1372 94
1373 115
1374 109
1375 110
1376 108
1377 131
1378 108
1379 102
1380 114
1381 107
1382 108
1383 96
1384 97
1385 95
1386 110
1387 94
1388 117
1389 97
1390 99
1391 104
1392 95
1393 93
1394 117
1395 118
1396 109
1397 110
1398 100
1399 97
1400 101
1401 97
1402 106
1403 97
1404 90
1405 113
1406 104
1407 112
1408 90
1409 96
1410 99
1411 98
1412 109
1413 92
1414 112
1415 115
1416 104
1417 83
1418 120
1419 99
1420 93
1421 102
1422 95
1423 89
1424 108
1425 97
1426 101
1427 89
1428 84
1429 109
1430 86
1431 81
1432 97
1433 103
1434 104
1435 108
1436 87
1437 85
1438 101
1439 83
1440 98
1441 91
1442 81
1443 98
1444 90
1445 85
1446 96
1447 102
1448 74
1449 82
1450 99
1451 89
1452 100
1453 87
1454 83
1455 97
1456 78
1457 87
1458 82
1459 102
1460 84
1461 78
1462 88
1463 78
1464 93
1465 84
1466 82
1467 81
1468 83
1469 90
1470 78
1471 81
1472 71
1473 88
1474 77
1475 94
1476 61
1477 81
1478 81
1479 76
1480 78
1481 77
1482 72
1483 77
1484 58
1485 62
1486 66
1487 69
1488 65
1489 69
1490 86
1491 63
1492 86
1493 78
1494 74
1495 64
1496 93
1497 66
1498 80
1499 72
1500 54
1501 69
1502 78
1503 80
1504 69
1505 79
1506 55
1507 59
1508 72
1509 80
1510 70
1511 49
1512 54
1513 72
1514 71
1515 60
1516 80
1517 72
1518 61
1519 70
1520 75
1521 76
1522 57
1523 59
1524 74
1525 69
1526 65
1527 52
1528 70
1529 53
1530 62
1531 64
1532 50
1533 49
1534 63
1535 43
1536 58
1537 70
1538 76
1539 57
1540 62
1541 50
1542 50
1543 64
1544 57
1545 56
1546 53
1547 43
1548 63
1549 58
1550 59
1551 50
1552 56
1553 59
1554 64
1555 45
1556 69
1557 50
1558 54
1559 64
1560 64
1561 58
1562 46
1563 51
1564 62
1565 60
1566 46
1567 64
1568 53
1569 52
1570 35
1571 62
1572 63
1573 41
1574 57
1575 62
1576 61
1577 65
1578 49
1579 60
1580 63
1581 56
1582 61
1583 44
1584 51
1585 50
1586 38
1587 47
1588 52
1589 53
1590 48
1591 40
1592 42
1593 41
1594 49
1595 49
1596 46
1597 51
1598 53
1599 61
1600 58
1601 54
1602 50
1603 57
1604 48
1605 46
1606 38
1607 45
1608 41
1609 47
1610 41
1611 49
1612 53
1613 38
1614 56
1615 38
1616 41
1617 52
1618 54
1619 32
1620 45
1621 49
1622 52
1623 44
1624 38
1625 42
1626 39
1627 46
1628 42
1629 48
1630 41
1631 39
1632 42
1633 49
1634 44
1635 44
1636 39
1637 39
1638 44
1639 42
1640 47
1641 48
1642 37
1643 32
1644 49
1645 47
1646 43
1647 43
1648 39
1649 45
1650 39
1651 43
1652 31
1653 43
1654 35
1655 40
1656 33
1657 38
1658 43
1659 46
1660 41
1661 33
1662 33
1663 24
1664 34
1665 28
1666 31
1667 42
1668 33
1669 36
1670 41
1671 37
1672 36
1673 39
1674 38
1675 32
1676 50
1677 42
1678 42
1679 39
1680 44
1681 31
1682 26
1683 33
1684 50
1685 41
1686 26
1687 22
1688 46
1689 35
1690 25
1691 31
1692 34
1693 24
1694 33
1695 35
1696 35
1697 33
1698 29
1699 34
1700 31
1701 42
1702 30
1703 26
1704 18
1705 26
1706 34
1707 30
1708 31
1709 46
1710 27
1711 23
1712 28
1713 32
1714 25
1715 33
1716 31
1717 34
1718 33
1719 28
1720 21
1721 26
1722 20
1723 28
1724 27
1725 20
1726 39
1727 28
1728 32
1729 20
1730 29
1731 35
1732 24
1733 22
1734 24
1735 23
1736 23
1737 22
1738 26
1739 19
1740 23
1741 22
1742 27
1743 35
1744 28
1745 12
1746 25
1747 24
1748 21
1749 26
1750 18
1751 24
1752 19
1753 17
1754 23
1755 22
1756 33
1757 18
1758 12
1759 32
1760 25
1761 28
1762 31
1763 19
1764 28
1765 21
1766 29
1767 23
1768 26
1769 21
1770 27
1771 22
1772 30
1773 25
1774 15
1775 14
1776 24
1777 18
1778 27
1779 19
1780 22
1781 13
1782 19
1783 16
1784 15
1785 15
1786 28
1787 14
1788 38
1789 15
1790 17
1791 15
1792 25
1793 18
1794 25
1795 26
1796 23
1797 21
1798 15
1799 23
1800 24
1801 18
1802 21
1803 29
1804 14
1805 15
1806 21
1807 17
1808 17
1809 16
1810 16
1811 15
1812 19
1813 19
1814 15
1815 18
1816 12
1817 27
1818 18
1819 12
1820 23
1821 25
1822 20
1823 19
1824 12
1825 8
1826 15
1827 29
1828 20
1829 17
1830 12
1831 21
1832 28
1833 21
1834 20
1835 15
1836 15
1837 17
1838 19
1839 17
1840 12
1841 12
1842 26
1843 12
1844 16
1845 14
1846 22
1847 13
1848 12
1849 22
1850 16
1851 18
1852 16
1853 15
1854 14
1855 15
1856 14
1857 12
1858 15
1859 20
1860 19
1861 8
1862 17
1863 12
1864 13
1865 15
1866 15
1867 17
1868 16
1869 15
1870 16
1871 17
1872 12
1873 12
1874 13
1875 9
1876 13
1877 19
1878 17
1879 12
1880 17
1881 11
1882 10
1883 8
1884 15
1885 24
1886 14
1887 7
1888 7
1889 10
1890 15
1891 8
1892 14
1893 16
1894 16
1895 11
1896 4
1897 15
1898 14
1899 13
1900 11
1901 14
1902 18
1903 10
1904 14
1905 9
1906 17
1907 21
1908 9
1909 8
1910 8
1911 17
1912 14
1913 18
1914 7
1915 10
1916 7
1917 11
1918 17
1919 11
1920 9
1921 2
1922 12
1923 8
1924 13
1925 14
1926 7
1927 9
1928 11
1929 11
1930 7
1931 14
1932 10
1933 7
1934 15
1935 11
1936 11
1937 10
1938 9
1939 8
1940 7
1941 14
1942 7
1943 10
1944 11
1945 5
1946 7
1947 13
1948 11
1949 7
1950 11
1951 8
1952 11
1953 5
1954 9
1955 8
1956 6
1957 10
1958 6
1959 13
1960 7
1961 9
1962 8
1963 9
1964 7
1965 11
1966 5
1967 14
1968 9
1969 7
1970 7
1971 12
1972 5
1973 11
1974 13
1975 8
1976 10
1977 3
1978 8
1979 8
1980 7
1981 6
1982 10
1983 11
1984 5
1985 15
1986 6
1987 7
1988 7
1989 4
1990 12
1991 9
1992 5
1993 11
1994 11
1995 10
1996 7
1997 5
1998 7
1999 5
2000 11
2001 5
2002 6
2003 8
2004 4
2005 9
2006 11
2007 6
2008 5
2009 9
2010 9
2011 6
2012 11
2013 8
2014 4
2015 6
2016 7
2017 11
2018 7
2019 1
2020 6
2021 5
2022 9
2023 7
2024 7
2025 6
2026 9
2027 3
2028 5
2029 4
2030 4
2031 3
2032 8
2033 8
2034 5
2035 4
2036 1
2037 6
2038 3
2039 9
2040 5
2041 8
2042 9
2043 9
2044 2
2045 4
2046 6
2047 4
2048 6
2049 5
2050 1
2051 6
2052 2
2053 5
2054 6
2055 10
2056 5
2057 6
2058 4
2059 6
2060 3
2061 6
2062 5
2063 3
2064 5
2065 3
2066 5
2067 4
2068 4
2069 4
2070 1
2071 6
2072 8
2073 6
2074 3
2075 3
2076 8
2077 3
2078 4
2079 3
2080 4
2081 7
2082 4
2083 5
2084 3
2085 5
2086 7
2087 2
2088 4
2089 2
2090 6
2091 3
2092 5
2093 4
2094 0
2095 4
2096 7
2097 1
2098 6
2099 4
2100 3
2101 4
2102 10
2103 3
2104 2
2105 5
2106 4
2107 4
2108 5
2109 3
2110 4
2111 2
2112 6
2113 3
2114 2
2115 1
2116 4
2117 5
2118 2
2119 4
2120 4
2121 4
2122 3
2123 4
2124 3
2125 5
2126 4
2127 4
2128 4
2129 1
2130 5
2131 4
2132 0
2133 4
2134 3
2135 2
2136 3
2137 3
2138 5
2139 4
2140 1
2141 2
2142 7
2143 2
2144 3
2145 0
2146 1
2147 5
2148 0
2149 3
2150 3
2151 2
2152 3
2153 3
2154 3
2155 1
2156 3
2157 2
2158 3
2159 2
2160 1
2161 1
2162 0
2163 1
2164 3
2165 2
2166 3
2167 2
2168 1
2169 1
2170 4
2171 3
2172 2
2173 1
2174 4
2175 1
2176 2
2177 0
2178 1
2179 2
2180 4
2181 2
2182 3
2183 0
2184 1
2185 2
2186 0
2187 1
2188 1
2189 2
2190 3
2191 3
2192 1
2193 5
2194 1
2195 2
2196 2
2197 1
2198 1
2199 2
2200 2
2201 2
2202 4
2203 1
2204 2
2205 3
2206 6
2207 2
2208 5
2209 1
2210 0
2211 3
2212 3
2213 2
2214 0
2215 1
2216 0
2217 1
2218 2
2219 3
2220 3
2221 2
2222 1
2223 0
2224 3
2225 0
2226 2
2227 0
2228 5
2229 0
2230 5
2231 0
2232 2
2233 2
2234 4
2235 1
2236 2
2237 1
2238 1
2239 1
2240 2
2241 2
2242 0
2243 0
2244 1
2245 0
2246 3
2247 0
2248 2
2249 3
2250 1
2251 2
2252 2
2253 4
2254 1
2255 2
2256 0
2257 1
2258 0
2259 0
2260 3
2261 2
2262 0
2263 1
2264 0
2265 2
2266 3
2267 4
2268 1
2269 0
2270 0
2271 2
2272 1
2273 1
2274 0
2275 2
2276 1
2277 3
2278 0
2279 0
2280 1
2281 0
2282 0
2283 1
2284 2
2285 0
2286 2
2287 0
2288 1
2289 2
2290 0
2291 2
2292 1
2293 2
2294 1
2295 1
2296 1
2297 1
2298 0
2299 2
2300 3
2301 2
2302 2
2303 0
2304 0
2305 1
2306 2
2307 1
2308 0
2309 1
2310 0
2311 4
2312 0
2313 0
2314 1
2315 0
2316 1
2317 2
2318 1
2319 4
2320 0
2321 3
2322 1
2323 1
2324 0
2325 0
2326 1
2327 1
2328 0
2329 0
2330 0
2331 1
2332 1
2333 3
2334 0
2335 1
2336 1
2337 0
2338 0
2339 0
2340 1
2341 1
2342 2
2343 0
2344 0
2345 1
2346 1
2347 3
2348 1
2349 0
2350 0
2351 1
2352 0
2353 0
2354 1
2355 0
2356 2
2357 0
2358 0
2359 1
2360 1
2361 0
2362 2
2363 1
2364 1
2365 1
2366 0
2367 1
2368 0
2369 0
2370 1
2371 0
2372 0
2373 0
2374 2
2375 1
2376 0
2377 0
2378 1
2379 1
2380 1
2381 2
2382 3
2383 1
2384 0
2385 0
2386 0
2387 0
2388 0
2389 0
2390 0
2391 0
2392 0
2393 1
2394 0
2395 0
2396 0
2397 0
2398 0
2399 0
2400 1
2401 0
2402 1
2403 1
2404 0
2405 1
2406 0
2407 0
2408 1
2409 0
2410 0
2411 0
2412 0
2413 0
2414 2
2415 1
2416 2
2417 2
2418 0
2419 0
2420 1
2421 0
2422 0
2423 1
2424 0
2425 1
2426 0
2427 1
2428 0
2429 0
2430 1
2431 0
2432 2
2433 0
2434 0
2435 0
2436 0
2437 1
2438 1
2439 0
2440 0
2441 0
2442 0
2443 0
2444 1
2445 1
2446 1
2447 1
2448 2
2449 0
2450 0
2451 0
2452 1
2453 0
2454 1
2455 1
2456 0
2457 0
2458 0
2459 1
2460 0
2461 0
2462 0
2463 0
2464 0
2465 0
2466 0
2467 0
2468 2
2469 0
2470 0
2471 0
2472 0
2473 0
2474 0
2475 0
2476 0
2477 0
2478 0
2479 0
2480 0
2481 0
2482 1
2483 0
2484 0
2485 0
2486 0
2487 0
2488 0
2489 2
2490 1
2491 0
2492 1
2493 0
2494 0
2495 0
2496 1
2497 0
2498 1
2499 0
2500 0
2501 0
2502 0
2503 1
2504 0
2505 0
2506 0
2507 2
2508 0
2509 0
2510 1
2511 0
2512 0
2513 0
2514 1
2515 0
2516 0
2517 1
2518 0
2519 0
2520 1
2521 0
2522 0
2523 0
2524 0
2525 0
2526 1
2527 0
2528 2
2529 0
2530 1
2531 0
2532 0
2533 0
2534 1
2535 0
2536 0
2537 1
2538 1
2539 0
2540 0
2541 0
2542 0
2543 0
2544 0
2545 0
2546 1
2547 0
2548 0
2549 0
2550 0
2551 0
2552 0
2553 0
2554 0
2555 0
2556 0
2557 0
2558 0
2559 0
2560 1
2561 0
2562 0
2563 1
2564 0
2565 0
2566 0
2567 0
2568 0
2569 0
2570 0
2571 0
2572 0
2573 0
2574 0
2575 1
2576 0
2577 0
2578 0
2579 0
2580 0
2581 0
2582 0
2583 0
2584 0
2585 0
2586 1
2587 0
2588 0
2589 0
2590 1
2591 1
2592 0
2593 0
2594 0
2595 0
2596 0
2597 0
2598 0
2599 0
2600 0
2601 0
2602 0
2603 1
2604 0
2605 0
2606 0
2607 0
2608 0
2609 1
2610 0
2611 2
2612 0
2613 0
2614 0
2615 1
2616 1
2617 0
2618 0
2619 0
2620 1
2621 0
2622 0
2623 0
2624 0
2625 0
2626 0
2627 0
2628 0
2629 0
2630 0
2631 0
2632 0
2633 0
2634 0
2635 0
2636 0
2637 0
2638 0
2639 0
2640 0
2641 0
2642 0
2643 1
2644 0
2645 0
2646 1
2647 0
2648 0
2649 0
2650 0
2651 0
2652 0
2653 0
2654 0
2655 0
2656 0
2657 0
2658 0
2659 0
2660 0
2661 0
2662 0
2663 1
2664 2
2665 0
2666 0
2667 0
2668 0
2669 0
2670 1
2671 0
2672 0
2673 0
2674 0
2675 0
2676 1
2677 0
2678 0
2679 0
2680 0
2681 0
2682 0
2683 0
2684 0
2685 0
2686 0
2687 0
2688 0
2689 0
2690 1
2691 0
2692 0
2693 1
2694 0
2695 0
2696 0
2697 0
2698 0
2699 0
2700 0
2701 0
2702 0
2703 0
2704 0
2705 0
2706 0
2707 0
2708 1
2709 0
2710 0
2711 0
2712 0
2713 0
2714 0
2715 0
2716 0
2717 1
2718 0
2719 0
2720 0
2721 0
2722 0
2723 0
2724 0
2725 0
2726 0
2727 0
2728 0
2729 0
2730 0
2731 0
2732 0
2733 0
2734 0
2735 0
2736 0
2737 1
2738 0
2739 0
2740 0
2741 0
2742 0
2743 0
2744 0
2745 0
2746 0
2747 0
2748 1
2749 0
2750 0
2751 0
2752 0
2753 0
2754 0
2755 0
2756 0
2757 0
2758 0
2759 0
2760 0
2761 0
2762 0
2763 0
2764 0
2765 0
2766 0
2767 0
2768 0
2769 0
2770 0
2771 0
2772 0
2773 0
2774 0
2775 0
2776 0
2777 0
2778 0
2779 0
2780 0
2781 0
2782 1
2783 0
2784 0
2785 0
2786 0
2787 0
2788 0
2789 0
2790 0
2791 1
2792 0
2793 0
2794 0
2795 0
2796 0
2797 0
2798 0
2799 0
2800 0
2801 0
2802 0
2803 1
2804 0
2805 0
2806 0
2807 0
2808 0
2809 0
2810 0
2811 0
2812 0
2813 0
2814 0
2815 0
2816 0
2817 0
2818 0
2819 0
2820 0
2821 0
2822 0
2823 0
2824 0
2825 0
2826 0
2827 0
2828 0
2829 0
2830 0
2831 0
2832 0
2833 0
2834 0
2835 1
2836 0
2837 0
2838 0
2839 0
2840 0
2841 0
2842 0
2843 0
2844 0
2845 0
2846 0
2847 0
2848 0
2849 0
2850 0
2851 0
2852 0
2853 0
2854 0
2855 0
2856 0
2857 1
2858 0
2859 0
2860 0
2861 0
2862 0
2863 0
2864 0
2865 0
2866 0
2867 0
2868 0
2869 0
2870 0
2871 0
2872 0
2873 0
2874 0
2875 0
2876 0
2877 0
2878 0
2879 0
2880 0
2881 0
2882 0
2883 0
2884 0
2885 0
2886 0
2887 0
2888 0
2889 0
2890 0
2891 0
2892 0
2893 0
2894 0
2895 0
2896 0
2897 0
2898 0
2899 0
2900 0
2901 0
2902 0
2903 0
2904 0
2905 1
2906 0
2907 0
2908 0
2909 0
2910 0
2911 0
2912 0
2913 0
2914 0
2915 0
2916 0
2917 0
2918 0
2919 0
2920 0
2921 0
2922 0
2923 0
2924 0
2925 0
2926 0
2927 0
2928 0
2929 0
2930 0
2931 0
2932 0
2933 0
2934 0
2935 0
2936 0
2937 0
2938 0
2939 0
2940 0
2941 0
2942 0
2943 0
2944 0
2945 0
2946 0
2947 0
2948 0
2949 0
2950 1
2951 0
2952 0
2953 0
2954 0
2955 0
2956 0
2957 0
2958 0
2959 0
2960 0
2961 0
2962 0
2963 0
2964 0
2965 0
2966 0
2967 0
2968 0
2969 0
2970 0
2971 0
2972 0
2973 0
2974 0
2975 0
2976 0
2977 0
2978 0
2979 0
2980 0
2981 0
2982 0
2983 0
2984 0
2985 0
2986 0
2987 0
2988 0
2989 0
2990 0
2991 0
2992 0
2993 0
2994 0
2995 0
2996 0
2997 0
2998 0
2999 1
3000 0
3001 0
3002 0
3003 0
3004 0
3005 0
3006 0
3007 0
3008 0
3009 0
3010 1
3011 0
3012 0
3013 0
3014 0
3015 0
3016 0
3017 0
3018 0
3019 0
3020 0
3021 0
3022 0
3023 0
3024 0
3025 0
3026 0
3027 0
3028 0
3029 0
3030 0
3031 0
3032 0
3033 0
3034 0
3035 0
3036 0
3037 0
3038 0
3039 0
3040 0
3041 0
3042 0
3043 0
3044 0
3045 1
3046 0
3047 0
3048 0
3049 0
3050 0
3051 0
3052 0
3053 0
3054 1
3055 0
3056 0
3057 0
3058 0
3059 0
3060 0
3061 0
3062 0
3063 0
3064 0
3065 0
3066 0
3067 0
3068 0
3069 1
3070 0
3071 0
3072 0
3073 0
3074 0
3075 0
3076 0
3077 0
3078 0
3079 0
3080 0
3081 0
3082 0
3083 0
3084 0
3085 0
3086 0
3087 0
3088 0
3089 0
3090 0
3091 0
3092 0
3093 0
3094 0
3095 0
3096 0
3097 0
3098 0
3099 0
3100 0
3101 0
3102 1
3103 0
3104 0
3105 0
3106 0
3107 0
3108 0
3109 0
3110 0
3111 0
3112 0
3113 0
3114 0
3115 0
3116 0
3117 0
3118 0
3119 0
3120 0
3121 0
3122 0
3123 0
3124 0
3125 0
3126 0
3127 0
3128 0
3129 0
3130 0
3131 0
3132 0
3133 0
3134 0
3135 0
3136 0
3137 0
3138 0
3139 0
3140 0
3141 0
3142 0
3143 0
3144 0
3145 0
3146 0
3147 0
3148 0
3149 0
3150 0
3151 0
3152 0
3153 0
3154 0
3155 0
3156 0
3157 0
3158 0
3159 0
3160 0
3161 1
3162 0
3163 0
3164 0
3165 0
3166 0
3167 0
3168 0
3169 0
3170 0
3171 0
3172 0
3173 0
3174 0
3175 0
3176 0
3177 0
3178 0
3179 0
3180 0
3181 0
3182 0
3183 0
3184 0
3185 0
3186 0
3187 0
3188 1
3189 0
3190 0
3191 0
3192 0
3193 0
3194 1
3195 1
3196 0
3197 0
3198 0
3199 0
3200 0
3201 0
3202 0
3203 0
3204 0
3205 0
3206 0
3207 0
3208 0
3209 0
3210 0
3211 0
3212 0
3213 0
3214 0
3215 0
3216 0
3217 0
3218 0
3219 0
3220 0
3221 0
3222 0
3223 0
3224 0
3225 0
3226 0
3227 0
3228 0
3229 0
3230 0
3231 0
3232 0
3233 0
3234 0
3235 0
3236 0
3237 0
3238 0
3239 0
3240 0
3241 0
3242 0
3243 0
3244 0
3245 0
3246 0
3247 0
3248 0
3249 0
3250 0
3251 0
3252 0
3253 0
3254 0
3255 0
3256 0
3257 0
3258 0
3259 0
3260 0
3261 0
3262 0
3263 0
3264 0
3265 0
3266 0
3267 0
3268 0
3269 0
3270 0
3271 0
3272 0
3273 0
3274 0
3275 0
3276 0
3277 0
3278 0
3279 0
3280 0
3281 0
3282 0
3283 0
3284 0
3285 0
3286 0
3287 0
3288 0
3289 0
3290 0
3291 0
3292 0
3293 0
3294 0
3295 0
3296 0
3297 0
3298 0
3299 0
3300 0
3301 0
3302 0
3303 0
3304 0
3305 0
3306 0
3307 0
3308 0
3309 0
3310 0
3311 0
3312 0
3313 0
3314 0
3315 0
3316 0
3317 0
3318 0
3319 0
3320 0
3321 0
3322 0
3323 0
3324 0
3325 0
3326 0
3327 0
3328 0
3329 0
3330 0
3331 0
3332 1
3333 0
3334 0
3335 0
3336 0
3337 0
3338 0
3339 0
3340 0
3341 0
3342 0
3343 0
3344 0
3345 0
3346 0
3347 0
3348 0
3349 0
3350 0
3351 0
3352 0
3353 0
3354 0
3355 0
3356 0
3357 0
3358 0
3359 0
3360 0
3361 0
3362 0
3363 0
3364 0
3365 0
3366 0
3367 0
3368 0
3369 0
3370 0
3371 0
3372 0
3373 0
3374 0
3375 0
3376 0
3377 0
3378 0
3379 1
3380 0
3381 0
3382 0
3383 0
3384 0
3385 0
3386 1
3387 0
3388 0
3389 0
3390 0
3391 0
3392 0
3393 0
3394 0
3395 0
3396 0
3397 0
3398 0
3399 0
3400 0
3401 0
3402 0
3403 0
3404 0
3405 0
3406 0
3407 0
3408 1
3409 0
3410 0
3411 0
3412 0
3413 0
3414 0
3415 0
3416 0
3417 0
3418 0
3419 0
3420 0
3421 0
3422 0
3423 0
3424 0
3425 0
3426 0
3427 0
3428 0
3429 0
3430 0
3431 0
3432 0
3433 0
3434 0
3435 0
3436 0
3437 0
3438 0
3439 0
3440 0
3441 0
3442 0
3443 0
3444 0
3445 0
3446 0
3447 0
3448 0
3449 0
3450 0
3451 1
3452 0
3453 0
3454 0
3455 0
3456 0
3457 0
3458 0
3459 0
3460 0
3461 0
3462 0
3463 0
3464 0
3465 0
3466 0
3467 0
3468 0
3469 0
3470 0
3471 0
3472 0
3473 0
3474 0
3475 0
3476 0
3477 0
3478 0
3479 0
3480 0
3481 0
3482 0
3483 0
3484 0
3485 0
3486 0
3487 0
3488 0
3489 0
3490 0
3491 0
3492 0
3493 0
3494 0
3495 0
3496 0
3497 0
3498 0
3499 0
3500 0
3501 0
3502 0
3503 0
3504 0
3505 0
3506 0
3507 0
3508 0
3509 0
3510 0
3511 0
3512 0
3513 0
3514 0
3515 0
3516 0
3517 1
3518 0
3519 0
3520 0
3521 0
3522 0
3523 0
3524 0
3525 0
3526 0
3527 0
3528 0
3529 0
3530 0
3531 0
3532 0
3533 0
3534 0
3535 0
3536 0
3537 0
3538 1
3539 0
3540 0
3541 0
3542 0
3543 0
3544 0
3545 0
3546 0
3547 0
3548 0
3549 0
3550 0
3551 0
3552 0
3553 0
3554 0
3555 0
3556 0
3557 0
3558 0
3559 0
3560 0
3561 0
3562 0
3563 0
3564 0
3565 0
3566 1
3567 0
3568 0
3569 0
3570 0
3571 0
3572 0
3573 0
3574 0
3575 0
3576 0
3577 0
3578 0
3579 0
3580 0
3581 0
3582 0
3583 0
3584 0
3585 0
3586 0
3587 0
3588 0
3589 0
3590 0
3591 0
3592 0
3593 0
3594 0
3595 0
3596 0
3597 0
3598 1
3599 0
3600 0
3601 0
3602 0
3603 0
3604 0
3605 0
3606 0
3607 0
3608 0
3609 0
3610 0
3611 0
3612 0
3613 0
3614 0
3615 0
3616 0
3617 0
3618 0
3619 0
3620 0
3621 0
3622 0
3623 0
3624 0
3625 0
3626 0
3627 0
3628 0
3629 0
3630 0
3631 0
3632 0
3633 0
3634 0
3635 0
3636 0
3637 0
3638 0
3639 0
3640 0
3641 0
3642 0
3643 0
3644 0
3645 0
3646 0
3647 0
3648 0
3649 0
3650 0
3651 0
3652 0
3653 0
3654 0
3655 1
3656 0
3657 0
3658 0
3659 0
3660 0
3661 0
3662 0
3663 0
3664 0
3665 0
3666 0
3667 0
3668 0
3669 0
3670 0
3671 0
3672 0
3673 0
3674 0
3675 0
3676 0
3677 0
3678 0
3679 0
3680 0
3681 0
3682 0
3683 0
3684 0
3685 0
3686 0
3687 0
3688 0
3689 0
3690 0
3691 0
3692 0
3693 0
3694 0
3695 0
3696 0
3697 0
3698 0
3699 0
3700 0
3701 0
3702 0
3703 0
3704 0
3705 0
3706 0
3707 0
3708 0
3709 0
3710 0
3711 0
3712 0
3713 0
3714 0
3715 0
3716 0
3717 0
3718 0
3719 0
3720 0
3721 0
3722 0
3723 0
3724 0
3725 0
3726 0
3727 0
3728 0
3729 0
3730 0
3731 0
3732 0
3733 0
3734 0
3735 0
3736 0
3737 0
3738 0
3739 0
3740 0
3741 0
3742 0
3743 0
3744 0
3745 0
3746 0
3747 0
3748 0
3749 0
3750 0
3751 0
3752 0
3753 0
3754 0
3755 0
3756 0
3757 0
3758 0
3759 0
3760 0
3761 0
3762 0
3763 0
3764 0
3765 0
3766 0
3767 0
3768 0
3769 0
3770 0
3771 0
3772 0
3773 0
3774 0
3775 0
3776 0
3777 0
3778 0
3779 0
3780 0
3781 0
3782 0
3783 0
3784 0
3785 0
3786 0
3787 0
3788 0
3789 0
3790 0
3791 0
3792 0
3793 0
3794 0
3795 0
3796 0
3797 0
3798 1
3799 0
3800 0
3801 0
3802 0
3803 0
3804 0
3805 0
3806 0
3807 0
3808 0
3809 0
3810 0
3811 0
3812 0
3813 0
3814 0
3815 0
3816 0
3817 0
3818 0
3819 1
3820 0
3821 0
3822 0
3823 0
3824 0
3825 0
3826 0
3827 0
3828 0
3829 0
3830 0
3831 0
3832 0
3833 0
3834 0
3835 0
3836 0
3837 0
3838 0
3839 0
3840 0
3841 0
3842 0
3843 0
3844 0
3845 0
3846 1
3847 0
3848 0
3849 0
3850 0
3851 0
3852 1
3853 0
3854 0
3855 0
3856 0
3857 0
3858 0
3859 0
3860 0
3861 0
3862 0
3863 0
3864 0
3865 0
3866 0
3867 0
3868 1
3869 0
3870 0
3871 0
3872 0
3873 1
3874 0
3875 0
3876 0
3877 0
3878 0
3879 0
3880 0
3881 0
3882 0
3883 0
3884 0
3885 0
3886 0
3887 0
3888 0
3889 0
3890 0
3891 1
3892 0
3893 0
3894 0
3895 0
3896 0
3897 0
3898 0
3899 0
3900 0
3901 0
3902 0
3903 0
3904 0
3905 0
3906 0
3907 0
3908 0
3909 0
3910 0
3911 0
3912 0
3913 0
3914 0
3915 0
3916 0
3917 0
3918 0
3919 1
3920 0
3921 0
3922 0
3923 0
3924 0
3925 0
3926 0
3927 0
3928 0
3929 1
3930 0
3931 0
3932 0
3933 0
3934 0
3935 0
3936 0
3937 0
3938 0
3939 0
3940 0
3941 0
3942 0
3943 0
3944 0
3945 0
3946 0
3947 1
3948 0
3949 0
3950 0
3951 0
3952 0
3953 0
3954 0
3955 0
3956 0
3957 0
3958 0
3959 0
3960 0
3961 0
3962 0
3963 0
3964 0
3965 0
3966 0
3967 0
3968 0
3969 0
3970 0
3971 0
3972 0
3973 0
3974 0
3975 0
3976 0
3977 0
3978 0
3979 0
3980 0
3981 0
3982 0
3983 0
3984 0
3985 0
3986 0
3987 0
3988 0
3989 0
3990 0
3991 0
3992 0
3993 0
3994 0
3995 0
3996 0
3997 0
3998 0
3999 0
4000 0
