0 0
1 0
2 0
3 0
4 0
5 0
6 0
7 0
8 0
9 0
10 0
11 0
12 0
13 0
14 0
15 0
16 0
17 0
18 0
19 0
20 0
21 0
22 0
23 0
24 0
25 0
26 0
27 0
28 0
29 0
30 0
31 0
32 0
33 0
34 0
35 0
36 0
37 0
38 0
39 0
40 0
41 0
42 0
43 0
44 0
45 0
46 0
47 0
48 0
49 0
50 0
51 0
52 0
53 0
54 0
55 0
56 0
57 0
58 0
59 0
60 0
61 0
62 0
63 0
64 0
65 0
66 0
67 0
68 0
69 0
70 0
71 0
72 0
73 0
74 0
75 0
76 0
77 0
78 0
79 0
80 0
81 0
82 0
83 0
84 0
85 0
86 0
87 0
88 0
89 0
90 0
91 0
92 0
93 0
94 0
95 0
96 0
97 0
98 0
99 0
100 0
101 0
102 0
103 0
104 0
105 0
106 0
107 0
108 0
109 0
110 0
111 0
112 0
113 0
114 0
115 0
116 0
117 0
118 0
119 0
120 0
121 0
122 0
123 0
124 0
125 0
126 0
127 0
128 0
129 0
130 0
131 0
132 0
133 0
134 0
135 0
136 0
137 0
138 0
139 0
140 0
141 0
142 0
143 0
144 0
145 0
146 0
147 0
148 0
149 0
150 1
151 0
152 1
153 0
154 0
155 1
156 2
157 2
158 1
159 0
160 1
161 3
162 3
163 2
164 5
165 0
166 1
167 1
168 3
169 3
170 2
171 0
172 4
173 4
174 3
175 12
176 22
177 20
178 43
179 48
180 45
181 75
182 56
183 95
184 117
185 186
186 302
187 495
188 837
189 1097
190 1339
191 1474
192 1405
193 1441
194 1367
195 1277
196 1167
197 1071
198 909
199 786
200 737
201 662
202 628
203 556
204 469
205 402
206 375
207 339
208 323
209 300
210 277
211 286
212 272
213 271
214 274
215 219
216 235
217 276
218 260
219 261
220 251
221 261
222 285
223 247
224 251
225 266
226 251
227 260
228 265
229 261
230 266
231 247
232 267
233 265
234 268
235 251
236 286
237 267
238 280
239 288
240 282
241 296
242 254
243 275
244 274
245 267
246 295
247 317
248 311
249 293
250 280
251 285
252 295
253 303
254 266
255 263
256 319
257 286
258 309
259 276
260 288
261 300
262 294
263 284
264 315
265 329
266 368
267 313
268 315
269 324
270 324
271 307
272 274
273 309
274 304
275 314
276 343
277 312
278 335
279 324
280 312
281 362
282 338
283 335
284 326
285 339
286 338
287 331
288 333
289 314
290 318
291 345
292 354
293 369
294 402
295 321
296 346
297 373
298 382
299 381
300 368
301 337
302 391
303 369
304 370
305 403
306 388
307 345
308 354
309 370
310 402
311 384
312 379
313 362
314 392
315 389
316 385
317 372
318 426
319 383
320 423
321 396
322 430
323 401
324 375
325 411
326 428
327 415
328 439
329 427
330 436
331 421
332 445
333 446
334 452
335 464
336 458
337 449
338 430
339 442
340 447
341 461
342 435
343 439
344 503
345 494
346 460
347 435
348 478
349 487
350 475
351 495
352 466
353 506
354 495
355 516
356 452
357 502
358 502
359 486
360 498
361 517
362 527
363 522
364 526
365 503
366 533
367 551
368 564
369 542
370 517
371 506
372 561
373 589
374 539
375 571
376 535
377 603
378 612
379 538
380 567
381 567
382 595
383 562
384 614
385 564
386 590
387 568
388 579
389 614
390 577
391 640
392 600
393 612
394 602
395 577
396 628
397 656
398 595
399 652
400 642
401 625
402 632
403 632
404 621
405 608
406 663
407 674
408 623
409 666
410 665
411 686
412 670
413 718
414 732
415 691
416 647
417 638
418 635
419 691
420 608
421 705
422 615
423 711
424 665
425 681
426 671
427 689
428 627
429 678
430 684
431 690
432 696
433 720
434 742
435 703
436 711
437 723
438 696
439 705
440 694
441 712
442 739
443 702
444 657
445 699
446 676
447 762
448 685
449 731
450 697
451 726
452 768
453 698
454 740
455 726
456 714
457 713
458 747
459 671
460 686
461 730
462 663
463 749
464 695
465 720
466 687
467 738
468 734
469 683
470 740
471 702
472 744
473 713
474 704
475 726
476 723
477 712
478 656
479 746
480 775
481 714
482 732
483 732
484 695
485 702
486 686
487 721
488 703
489 714
490 656
491 659
492 727
493 682
494 715
495 689
496 655
497 655
498 652
499 698
500 665
501 661
502 671
503 658
504 657
505 676
506 638
507 679
508 689
509 736
510 676
511 669
512 650
513 640
514 679
515 639
516 617
517 633
518 636
519 665
520 632
521 615
522 604
523 660
524 650
525 627
526 605
527 630
528 598
529 637
530 611
531 591
532 635
533 585
534 596
535 607
536 615
537 568
538 621
539 600
540 572
541 589
542 589
543 588
544 589
545 571
546 547
547 553
548 525
549 550
550 591
551 544
552 552
553 524
554 513
555 575
556 534
557 543
558 504
559 507
560 519
561 566
562 520
563 542
564 510
565 493
566 495
567 485
568 504
569 514
570 495
571 457
572 503
573 450
574 464
575 409
576 486
577 425
578 450
579 503
580 462
581 457
582 481
583 393
584 461
585 458
586 445
587 459
588 429
589 429
590 434
591 427
592 423
593 450
594 407
595 420
596 413
597 396
598 412
599 405
600 404
601 410
602 355
603 394
604 338
605 366
606 387
607 361
608 371
609 354
610 388
611 379
612 349
613 372
614 349
615 336
616 365
617 388
618 341
619 346
620 362
621 306
622 338
623 304
624 325
625 327
626 329
627 307
628 328
629 336
630 337
631 327
632 298
633 289
634 311
635 308
636 285
637 302
638 295
639 291
640 298
641 301
642 297
643 271
644 307
645 267
646 283
647 277
648 272
649 278
650 241
651 271
652 234
653 260
654 251
655 246
656 241
657 239
658 239
659 227
660 224
661 257
662 267
663 228
664 213
665 212
666 217
667 208
668 222
669 221
670 226
671 210
672 205
673 226
674 232
675 198
676 189
677 231
678 211
679 185
680 216
681 186
682 199
683 182
684 201
685 193
686 190
687 178
688 193
689 178
690 205
691 197
692 201
693 174
694 168
695 147
696 195
697 164
698 178
699 207
700 199
701 161
702 166
703 177
704 157
705 154
706 156
707 161
708 176
709 160
710 151
711 153
712 158
713 124
714 162
715 178
716 144
717 152
718 144
719 137
720 155
721 168
722 150
723 167
724 144
725 137
726 135
727 144
728 141
729 151
730 128
731 136
732 145
733 131
734 124
735 125
736 134
737 142
738 126
739 124
740 142
741 140
742 120
743 121
744 131
745 126
746 124
747 106
748 148
749 113
750 123
751 129
752 112
753 119
754 114
755 114
756 122
757 109
758 111
759 119
760 105
761 128
762 109
763 115
764 108
765 123
766 112
767 109
768 112
769 108
770 100
771 124
772 122
773 102
774 120
775 106
776 114
777 95
778 101
779 95
780 118
781 118
782 108
783 114
784 103
785 98
786 103
787 129
788 101
789 85
790 95
791 86
792 99
793 88
794 106
795 111
796 119
797 110
798 107
799 95
800 100
801 87
802 92
803 92
804 87
805 105
806 95
807 115
808 85
809 98
810 74
811 94
812 85
813 85
814 110
815 96
816 116
817 100
818 98
819 92
820 112
821 81
822 91
823 98
824 103
825 81
826 122
827 104
828 83
829 96
830 88
831 83
832 99
833 86
834 105
835 84
836 98
837 101
838 87
839 99
840 75
841 82
842 108
843 78
844 90
845 91
846 94
847 98
848 92
849 96
850 82
851 85
852 73
853 80
854 100
855 81
856 85
857 83
858 95
859 86
860 82
861 83
862 103
863 83
864 78
865 103
866 96
867 94
868 89
869 83
870 79
871 96
872 74
873 79
874 115
875 82
876 88
877 83
878 105
879 91
880 63
881 81
882 78
883 85
884 97
885 82
886 88
887 82
888 69
889 82
890 93
891 84
892 108
893 85
894 102
895 93
896 91
897 78
898 97
899 85
900 98
901 91
902 99
903 84
904 86
905 83
906 92
907 80
908 75
909 91
910 96
911 67
912 81
913 105
914 76
915 81
916 89
917 81
918 74
919 89
920 79
921 83
922 87
923 99
924 84
925 91
926 88
927 94
928 80
929 78
930 90
931 95
932 86
933 72
934 73
935 83
936 86
937 87
938 76
939 72
940 101
941 80
942 86
943 102
944 78
945 111
946 98
947 82
948 76
949 80
950 89
951 76
952 76
953 69
954 88
955 91
956 76
957 73
958 81
959 82
960 88
961 94
962 94
963 86
964 75
965 84
966 92
967 93
968 82
969 99
970 76
971 81
972 85
973 86
974 86
975 87
976 99
977 71
978 88
979 79
980 80
981 101
982 80
983 83
984 95
985 99
986 80
987 85
988 77
989 91
990 92
991 77
992 82
993 69
994 84
995 71
996 65
997 72
998 72
999 78
1000 88
1001 78
1002 85
1003 72
1004 75
1005 102
1006 66
1007 79
1008 77
1009 80
1010 79
1011 69
1012 74
1013 87
1014 74
1015 77
1016 70
1017 75
1018 79
1019 79
1020 70
1021 73
1022 88
1023 63
1024 59
1025 80
1026 56
1027 73
1028 69
1029 76
1030 91
1031 83
1032 84
1033 61
1034 75
1035 69
1036 79
1037 99
1038 65
1039 63
1040 82
1041 70
1042 84
1043 74
1044 75
1045 64
1046 87
1047 86
1048 76
1049 77
1050 71
1051 74
1052 78
1053 67
1054 64
1055 73
1056 62
1057 74
1058 74
1059 89
1060 78
1061 77
1062 58
1063 71
1064 71
1065 71
1066 66
1067 69
1068 80
1069 72
1070 73
1071 62
1072 77
1073 86
1074 70
1075 61
1076 65
1077 73
1078 79
1079 68
1080 64
1081 68
1082 70
1083 69
1084 78
1085 79
1086 64
1087 85
1088 69
1089 73
1090 74
1091 84
1092 69
1093 62
1094 70
1095 67
1096 85
1097 67
1098 62
1099 69
1100 70
1101 68
1102 61
1103 66
1104 78
1105 61
1106 80
1107 75
1108 63
1109 73
1110 53
1111 71
1112 66
1113 61
1114 72
1115 70
1116 63
1117 75
1118 63
1119 69
1120 55
1121 75
1122 73
1123 67
1124 73
1125 61
1126 60
1127 56
1128 57
1129 61
1130 66
1131 61
1132 65
1133 44
1134 72
1135 49
1136 66
1137 65
1138 68
1139 65
1140 64
1141 63
1142 54
1143 60
1144 68
1145 57
1146 65
1147 58
1148 58
1149 60
1150 59
1151 64
1152 69
1153 56
1154 68
1155 72
1156 56
1157 54
1158 44
1159 56
1160 52
1161 83
1162 59
1163 43
1164 78
1165 44
1166 58
1167 49
1168 63
1169 57
1170 67
1171 53
1172 47
1173 51
1174 46
1175 61
1176 55
1177 50
1178 58
1179 48
1180 58
1181 53
1182 52
1183 58
1184 69
1185 52
1186 47
1187 55
1188 47
1189 45
1190 52
1191 48
1192 51
1193 61
1194 47
1195 56
1196 39
1197 45
1198 62
1199 45
1200 49
1201 49
1202 46
1203 54
1204 73
1205 58
1206 35
1207 46
1208 50
1209 49
1210 58
1211 59
1212 49
1213 52
1214 42
1215 43
1216 58
1217 47
1218 60
1219 51
1220 42
1221 43
1222 44
1223 45
1224 46
1225 57
1226 39
1227 53
1228 39
1229 48
1230 43
1231 52
1232 45
1233 45
1234 42
1235 43
1236 34
1237 41
1238 47
1239 40
1240 42
1241 40
1242 43
1243 54
1244 55
1245 42
1246 50
1247 29
1248 39
1249 40
1250 60
1251 40
1252 45
1253 39
1254 46
1255 44
1256 38
1257 40
1258 55
1259 47
1260 51
1261 49
1262 35
1263 31
1264 49
1265 33
1266 42
1267 43
1268 41
1269 31
1270 37
1271 43
1272 31
1273 33
1274 50
1275 49
1276 34
1277 47
1278 35
1279 33
1280 29
1281 38
1282 32
1283 26
1284 41
1285 42
1286 32
1287 38
1288 33
1289 32
1290 36
1291 43
1292 41
1293 36
1294 39
1295 33
1296 35
1297 37
1298 30
1299 46
1300 38
1301 39
1302 33
1303 33
1304 25
1305 28
1306 30
1307 30
1308 34
1309 42
1310 31
1311 41
1312 27
1313 34
1314 28
1315 28
1316 37
1317 27
1318 21
1319 37
1320 28
1321 27
1322 29
1323 40
1324 29
1325 25
1326 34
1327 25
1328 31
1329 29
1330 32
1331 37
1332 35
1333 38
1334 44
1335 29
1336 36
1337 26
1338 26
1339 22
1340 30
1341 25
1342 32
1343 30
1344 26
1345 31
1346 29
1347 36
1348 31
1349 27
1350 36
1351 26
1352 19
1353 25
1354 33
1355 36
1356 26
1357 27
1358 22
1359 26
1360 33
1361 30
1362 19
1363 23
1364 28
1365 26
1366 19
1367 25
1368 29
1369 18
1370 27
1371 27
1372 23
1373 30
1374 28
1375 34
1376 27
1377 18
1378 24
1379 18
1380 22
1381 22
1382 20
1383 26
1384 31
1385 22
1386 23
1387 31
1388 27
1389 21
1390 26
1391 19
1392 24
1393 37
1394 33
1395 31
1396 35
1397 22
1398 25
1399 15
1400 31
1401 26
1402 19
1403 18
1404 26
1405 22
1406 22
1407 27
1408 21
1409 23
1410 16
1411 24
1412 15
1413 18
1414 17
1415 20
1416 26
1417 21
1418 21
1419 20
1420 23
1421 15
1422 22
1423 26
1424 14
1425 12
1426 18
1427 19
1428 17
1429 15
1430 17
1431 18
1432 17
1433 18
1434 18
1435 11
1436 13
1437 21
1438 21
1439 19
1440 20
1441 18
1442 17
1443 11
1444 24
1445 21
1446 15
1447 8
1448 20
1449 14
1450 17
1451 10
1452 13
1453 14
1454 12
1455 8
1456 24
1457 11
1458 16
1459 18
1460 12
1461 14
1462 19
1463 15
1464 12
1465 21
1466 17
1467 22
1468 16
1469 13
1470 10
1471 18
1472 14
1473 19
1474 16
1475 13
1476 13
1477 11
1478 18
1479 11
1480 9
1481 11
1482 9
1483 20
1484 13
1485 14
1486 9
1487 12
1488 16
1489 10
1490 12
1491 15
1492 15
1493 12
1494 14
1495 8
1496 10
1497 16
1498 14
1499 10
1500 14
1501 14
1502 11
1503 9
1504 16
1505 14
1506 7
1507 14
1508 16
1509 17
1510 7
1511 17
1512 11
1513 19
1514 13
1515 11
1516 9
1517 16
1518 15
1519 16
1520 9
1521 15
1522 15
1523 11
1524 9
1525 14
1526 7
1527 11
1528 12
1529 7
1530 16
1531 11
1532 9
1533 13
1534 13
1535 8
1536 8
1537 10
1538 14
1539 17
1540 9
1541 12
1542 10
1543 8
1544 11
1545 8
1546 15
1547 10
1548 9
1549 12
1550 12
1551 11
1552 14
1553 8
1554 8
1555 10
1556 3
1557 10
1558 5
1559 15
1560 13
1561 5
1562 6
1563 13
1564 10
1565 7
1566 8
1567 7
1568 13
1569 11
1570 10
1571 5
1572 12
1573 9
1574 9
1575 10
1576 10
1577 10
1578 3
1579 10
1580 10
1581 6
1582 9
1583 8
1584 9
1585 13
1586 10
1587 2
1588 11
1589 5
1590 13
1591 5
1592 6
1593 8
1594 8
1595 8
1596 11
1597 13
1598 8
1599 4
1600 10
1601 5
1602 7
1603 3
1604 10
1605 8
1606 8
1607 7
1608 5
1609 5
1610 13
1611 6
1612 7
1613 0
1614 5
1615 3
1616 8
1617 5
1618 6
1619 5
1620 4
1621 8
1622 7
1623 3
1624 5
1625 9
1626 6
1627 5
1628 4
1629 3
1630 3
1631 6
1632 4
1633 7
1634 12
1635 7
1636 11
1637 6
1638 7
1639 2
1640 7
1641 4
1642 7
1643 2
1644 9
1645 5
1646 6
1647 4
1648 4
1649 7
1650 2
1651 1
1652 6
1653 7
1654 5
1655 4
1656 5
1657 7
1658 7
1659 5
1660 5
1661 7
1662 3
1663 5
1664 3
1665 5
1666 4
1667 2
1668 6
1669 6
1670 6
1671 3
1672 5
1673 5
1674 7
1675 7
1676 7
1677 3
1678 4
1679 6
1680 6
1681 2
1682 5
1683 5
1684 4
1685 3
1686 2
1687 6
1688 1
1689 7
1690 2
1691 6
1692 6
1693 7
1694 6
1695 0
1696 3
1697 7
1698 6
1699 1
1700 1
1701 5
1702 5
1703 4
1704 4
1705 5
1706 4
1707 5
1708 1
1709 1
1710 6
1711 3
1712 0
1713 2
1714 4
1715 5
1716 3
1717 4
1718 2
1719 7
1720 6
1721 3
1722 4
1723 4
1724 4
1725 4
1726 2
1727 1
1728 7
1729 3
1730 4
1731 0
1732 3
1733 2
1734 3
1735 7
1736 0
1737 1
1738 5
1739 3
1740 4
1741 5
1742 3
1743 4
1744 4
1745 2
1746 4
1747 6
1748 5
1749 1
1750 3
1751 1
1752 0
1753 3
1754 3
1755 4
1756 4
1757 7
1758 5
1759 1
1760 2
1761 2
1762 2
1763 1
1764 6
1765 2
1766 1
1767 0
1768 1
1769 3
1770 1
1771 2
1772 3
1773 6
1774 1
1775 0
1776 1
1777 1
1778 2
1779 1
1780 3
1781 5
1782 2
1783 1
1784 3
1785 3
1786 1
1787 3
1788 1
1789 1
1790 2
1791 3
1792 4
1793 2
1794 2
1795 2
1796 4
1797 0
1798 1
1799 2
1800 0
1801 3
1802 3
1803 1
1804 1
1805 2
1806 2
1807 3
1808 0
1809 2
1810 0
1811 2
1812 0
1813 1
1814 2
1815 2
1816 6
1817 0
1818 2
1819 1
1820 0
1821 4
1822 4
1823 1
1824 1
1825 5
1826 1
1827 2
1828 1
1829 3
1830 0
1831 1
1832 3
1833 1
1834 2
1835 2
1836 1
1837 3
1838 1
1839 2
1840 3
1841 2
1842 1
1843 1
1844 1
1845 1
1846 0
1847 2
1848 1
1849 1
1850 4
1851 1
1852 1
1853 1
1854 1
1855 0
1856 1
1857 1
1858 0
1859 2
1860 0
1861 3
1862 0
1863 2
1864 1
1865 0
1866 1
1867 0
1868 0
1869 1
1870 3
1871 2
1872 2
1873 3
1874 2
1875 2
1876 2
1877 3
1878 1
1879 1
1880 2
1881 1
1882 0
1883 2
1884 2
1885 2
1886 2
1887 2
1888 2
1889 0
1890 0
1891 1
1892 0
1893 1
1894 1
1895 1
1896 3
1897 0
1898 2
1899 1
1900 1
1901 1
1902 1
1903 1
1904 1
1905 1
1906 3
1907 0
1908 0
1909 2
1910 0
1911 1
1912 1
1913 0
1914 0
1915 2
1916 1
1917 0
1918 3
1919 0
1920 1
1921 0
1922 1
1923 1
1924 0
1925 2
1926 2
1927 1
1928 1
1929 2
1930 0
1931 0
1932 0
1933 1
1934 0
1935 1
1936 1
1937 0
1938 0
1939 1
1940 3
1941 1
1942 0
1943 2
1944 2
1945 0
1946 0
1947 1
1948 1
1949 1
1950 0
1951 1
1952 2
1953 1
1954 3
1955 0
1956 1
1957 1
1958 0
1959 0
1960 2
1961 0
1962 1
1963 0
1964 1
1965 0
1966 1
1967 0
1968 1
1969 1
1970 1
1971 0
1972 0
1973 0
1974 4
1975 1
1976 0
1977 0
1978 0
1979 0
1980 1
1981 0
1982 1
1983 0
1984 1
1985 0
1986 0
1987 0
1988 0
1989 1
1990 1
1991 0
1992 0
1993 1
1994 0
1995 0
1996 1
1997 0
1998 0
1999 0
2000 0
2001 0
2002 0
2003 0
2004 0
2005 1
2006 1
2007 0
2008 0
2009 0
2010 1
2011 2
2012 0
2013 1
2014 0
2015 0
2016 0
2017 0
2018 1
2019 1
2020 1
2021 2
2022 3
2023 0
2024 1
2025 1
2026 2
2027 0
2028 2
2029 0
2030 0
2031 1
2032 0
2033 0
2034 0
2035 2
2036 0
2037 1
2038 1
2039 0
2040 1
2041 1
2042 1
2043 1
2044 1
2045 0
2046 0
2047 0
2048 0
2049 0
2050 0
2051 1
2052 0
2053 0
2054 1
2055 0
2056 0
2057 0
2058 0
2059 0
2060 0
2061 1
2062 1
2063 1
2064 0
2065 0
2066 1
2067 0
2068 0
2069 0
2070 0
2071 1
2072 0
2073 1
2074 0
2075 0
2076 0
2077 0
2078 0
2079 2
2080 0
2081 0
2082 1
2083 0
2084 0
2085 1
2086 0
2087 0
2088 0
2089 3
2090 0
2091 0
2092 0
2093 0
2094 0
2095 0
2096 0
2097 0
2098 0
2099 0
2100 1
2101 0
2102 0
2103 0
2104 0
2105 0
2106 2
2107 0
2108 0
2109 0
2110 1
2111 0
2112 1
2113 0
2114 1
2115 0
2116 0
2117 0
2118 0
2119 0
2120 0
2121 1
2122 0
2123 0
2124 1
2125 0
2126 2
2127 0
2128 2
2129 0
2130 0
2131 0
2132 2
2133 0
2134 1
2135 0
2136 0
2137 1
2138 0
2139 0
2140 1
2141 0
2142 0
2143 0
2144 0
2145 0
2146 0
2147 0
2148 0
2149 0
2150 0
2151 1
2152 0
2153 0
2154 0
2155 0
2156 0
2157 0
2158 0
2159 0
2160 0
2161 0
2162 0
2163 0
2164 0
2165 0
2166 0
2167 0
2168 0
2169 0
2170 0
2171 0
2172 0
2173 0
2174 1
2175 0
2176 0
2177 0
2178 0
2179 0
2180 0
2181 0
2182 0
2183 0
2184 0
2185 1
2186 0
2187 0
2188 1
2189 0
2190 0
2191 0
2192 0
2193 0
2194 0
2195 0
2196 0
2197 0
2198 0
2199 0
2200 0
2201 0
2202 0
2203 1
2204 0
2205 1
2206 0
2207 0
2208 0
2209 0
2210 1
2211 0
2212 1
2213 0
2214 0
2215 0
2216 0
2217 1
2218 0
2219 0
2220 0
2221 0
2222 0
2223 0
2224 0
2225 0
2226 0
2227 0
2228 0
2229 0
2230 0
2231 0
2232 0
2233 1
2234 0
2235 1
2236 1
2237 0
2238 0
2239 0
2240 0
2241 0
2242 0
2243 0
2244 0
2245 0
2246 0
2247 0
2248 0
2249 0
2250 0
2251 0
2252 1
2253 0
2254 0
2255 0
2256 0
2257 0
2258 0
2259 0
2260 0
2261 0
2262 1
2263 0
2264 0
2265 0
2266 0
2267 0
2268 0
2269 0
2270 0
2271 0
2272 0
2273 0
2274 0
2275 0
2276 0
2277 0
2278 0
2279 0
2280 0
2281 0
2282 0
2283 0
2284 0
2285 0
2286 0
2287 0
2288 0
2289 1
2290 1
2291 0
2292 0
2293 0
2294 0
2295 0
2296 0
2297 0
2298 0
2299 0
2300 0
2301 0
2302 0
2303 1
2304 0
2305 1
2306 0
2307 0
2308 0
2309 0
2310 0
2311 0
2312 0
2313 0
2314 0
2315 0
2316 0
2317 0
2318 1
2319 0
2320 0
2321 0
2322 0
2323 1
2324 0
2325 0
2326 0
2327 0
2328 1
2329 0
2330 0
2331 0
2332 0
2333 0
2334 0
2335 0
2336 0
2337 0
2338 1
2339 0
2340 0
2341 0
2342 0
2343 0
2344 0
2345 0
2346 0
2347 1
2348 0
2349 0
2350 0
2351 0
2352 0
2353 0
2354 0
2355 0
2356 0
2357 0
2358 0
2359 0
2360 0
2361 0
2362 0
2363 0
2364 0
2365 0
2366 0
2367 0
2368 0
2369 0
2370 0
2371 0
2372 0
2373 0
2374 0
2375 0
2376 0
2377 1
2378 0
2379 0
2380 0
2381 0
2382 0
2383 0
2384 0
2385 0
2386 0
2387 0
2388 0
2389 0
2390 0
2391 0
2392 0
2393 0
2394 0
2395 0
2396 0
2397 0
2398 0
2399 0
2400 0
2401 0
2402 0
2403 0
2404 0
2405 0
2406 0
2407 0
2408 1
2409 0
2410 0
2411 0
2412 0
2413 0
2414 0
2415 0
2416 0
2417 0
2418 0
2419 0
2420 0
2421 0
2422 0
2423 0
2424 0
2425 0
2426 1
2427 0
2428 0
2429 0
2430 0
2431 0
2432 0
2433 0
2434 0
2435 0
2436 0
2437 0
2438 0
2439 0
2440 0
2441 1
2442 0
2443 0
2444 0
2445 1
2446 0
2447 0
2448 0
2449 0
2450 0
2451 0
2452 0
2453 0
2454 0
2455 0
2456 0
2457 0
2458 0
2459 0
2460 0
2461 0
2462 0
2463 0
2464 0
2465 0
2466 0
2467 0
2468 0
2469 0
2470 0
2471 1
2472 0
2473 0
2474 0
2475 0
2476 0
2477 0
2478 0
2479 0
2480 0
2481 0
2482 0
2483 0
2484 0
2485 0
2486 0
2487 0
2488 0
2489 0
2490 0
2491 0
2492 0
2493 0
2494 0
2495 0
2496 0
2497 0
2498 0
2499 0
2500 0
2501 0
2502 0
2503 0
2504 0
2505 0
2506 0
2507 0
2508 0
2509 0
2510 0
2511 0
2512 0
2513 0
2514 0
2515 0
2516 0
2517 0
2518 0
2519 0
2520 0
2521 0
2522 0
2523 0
2524 0
2525 0
2526 0
2527 0
2528 0
2529 0
2530 0
2531 0
2532 0
2533 0
2534 0
2535 0
2536 0
2537 0
2538 0
2539 0
2540 0
2541 0
2542 0
2543 0
2544 0
2545 0
2546 0
2547 0
2548 0
2549 0
2550 0
2551 0
2552 0
2553 0
2554 0
2555 0
2556 0
2557 0
2558 1
2559 0
2560 0
2561 0
2562 0
2563 0
2564 0
2565 0
2566 0
2567 0
2568 0
2569 0
2570 0
2571 0
2572 0
2573 0
2574 0
2575 0
2576 0
2577 0
2578 0
2579 0
2580 0
2581 0
2582 0
2583 0
2584 0
2585 0
2586 0
2587 0
2588 0
2589 0
2590 0
2591 0
2592 0
2593 0
2594 0
2595 0
2596 0
2597 0
2598 0
2599 0
2600 1
2601 0
2602 0
2603 0
2604 0
2605 0
2606 0
2607 0
2608 0
2609 0
2610 0
2611 0
2612 0
2613 0
2614 0
2615 0
2616 0
2617 0
2618 0
2619 0
2620 0
2621 0
2622 0
2623 0
2624 0
2625 0
2626 0
2627 2
2628 0
2629 0
2630 0
2631 0
2632 0
2633 0
2634 0
2635 0
2636 0
2637 0
2638 0
2639 0
2640 0
2641 0
2642 0
2643 0
2644 0
2645 0
2646 0
2647 0
2648 0
2649 0
2650 0
2651 0
2652 0
2653 0
2654 0
2655 0
2656 0
2657 0
2658 0
2659 0
2660 0
2661 0
2662 0
2663 0
2664 0
2665 0
2666 0
2667 0
2668 0
2669 0
2670 0
2671 0
2672 0
2673 0
2674 0
2675 0
2676 0
2677 0
2678 0
2679 0
2680 0
2681 0
2682 0
2683 0
2684 0
2685 0
2686 0
2687 0
2688 0
2689 0
2690 0
2691 0
2692 0
2693 0
2694 0
2695 0
2696 0
2697 0
2698 0
2699 0
2700 0
2701 0
2702 0
2703 0
2704 0
2705 0
2706 0
2707 0
2708 0
2709 0
2710 0
2711 0
2712 0
2713 0
2714 0
2715 0
2716 0
2717 0
2718 0
2719 0
2720 0
2721 0
2722 0
2723 0
2724 0
2725 0
2726 0
2727 0
2728 0
2729 0
2730 0
2731 0
2732 0
2733 0
2734 0
2735 0
2736 0
2737 0
2738 0
2739 0
2740 0
2741 0
2742 0
2743 0
2744 0
2745 0
2746 0
2747 0
2748 0
2749 0
2750 0
2751 0
2752 0
2753 0
2754 0
2755 0
2756 0
2757 0
2758 0
2759 0
2760 0
2761 0
2762 0
2763 0
2764 0
2765 0
2766 0
2767 0
2768 0
2769 0
2770 0
2771 0
2772 0
2773 0
2774 0
2775 0
2776 0
2777 0
2778 0
2779 0
2780 0
2781 0
2782 0
2783 0
2784 0
2785 0
2786 0
2787 0
2788 0
2789 0
2790 0
2791 0
2792 0
2793 0
2794 0
2795 0
2796 0
2797 0
2798 0
2799 0
2800 0
2801 0
2802 0
2803 0
2804 0
2805 0
2806 0
2807 0
2808 0
2809 0
2810 0
2811 0
2812 0
2813 0
2814 0
2815 0
2816 0
2817 0
2818 0
2819 0
2820 0
2821 0
2822 0
2823 0
2824 0
2825 0
2826 0
2827 0
2828 0
2829 0
2830 0
2831 0
2832 0
2833 0
2834 0
2835 0
2836 0
2837 0
2838 0
2839 0
2840 0
2841 0
2842 0
2843 0
2844 0
2845 0
2846 0
2847 0
2848 0
2849 0
2850 0
2851 0
2852 0
2853 0
2854 0
2855 0
2856 0
2857 0
2858 0
2859 0
2860 0
2861 0
2862 0
2863 0
2864 0
2865 0
2866 0
2867 0
2868 0
2869 0
2870 0
2871 0
2872 0
2873 0
2874 0
2875 0
2876 0
2877 0
2878 0
2879 0
2880 0
2881 0
2882 0
2883 0
2884 0
2885 0
2886 0
2887 0
2888 0
2889 0
2890 0
2891 0
2892 0
2893 0
2894 0
2895 0
2896 0
2897 0
2898 0
2899 0
2900 0
2901 0
2902 0
2903 0
2904 0
2905 0
2906 0
2907 0
2908 0
2909 0
2910 0
2911 0
2912 0
2913 0
2914 0
2915 0
2916 0
2917 0
2918 0
2919 0
2920 0
2921 0
2922 0
2923 0
2924 0
2925 0
2926 0
2927 0
2928 0
2929 0
2930 0
2931 0
2932 0
2933 0
2934 0
2935 0
2936 0
2937 0
2938 0
2939 0
2940 0
2941 0
2942 0
2943 0
2944 0
2945 0
2946 0
2947 0
2948 0
2949 0
2950 0
2951 0
2952 0
2953 0
2954 0
2955 0
2956 0
2957 0
2958 0
2959 0
2960 0
2961 0
2962 0
2963 0
2964 0
2965 0
2966 0
2967 0
2968 0
2969 0
2970 0
2971 0
2972 0
2973 0
2974 0
2975 0
2976 0
2977 0
2978 0
2979 0
2980 0
2981 0
2982 0
2983 0
2984 0
2985 0
2986 0
2987 0
2988 0
2989 0
2990 0
2991 0
2992 0
2993 0
2994 0
2995 0
2996 0
2997 0
2998 0
2999 0
3000 0
3001 0
3002 0
3003 0
3004 0
3005 1
3006 0
3007 0
3008 0
3009 0
3010 0
3011 0
3012 0
3013 0
3014 0
3015 0
3016 0
3017 0
3018 0
3019 0
3020 0
3021 0
3022 1
3023 0
3024 0
3025 0
3026 0
3027 0
3028 0
3029 0
3030 0
3031 0
3032 0
3033 0
3034 0
3035 0
3036 0
3037 0
3038 0
3039 0
3040 0
3041 0
3042 0
3043 0
3044 0
3045 0
3046 0
3047 0
3048 0
3049 0
3050 0
3051 0
3052 0
3053 0
3054 0
3055 0
3056 0
3057 0
3058 0
3059 0
3060 0
3061 0
3062 0
3063 0
3064 0
3065 0
3066 0
3067 0
3068 0
3069 0
3070 0
3071 0
3072 0
3073 0
3074 0
3075 0
3076 0
3077 0
3078 0
3079 0
3080 0
3081 0
3082 0
3083 0
3084 0
3085 0
3086 0
3087 0
3088 0
3089 1
3090 0
3091 0
3092 0
3093 0
3094 0
3095 0
3096 0
3097 0
3098 0
3099 0
3100 0
3101 0
3102 0
3103 0
3104 0
3105 0
3106 0
3107 0
3108 0
3109 0
3110 0
3111 0
3112 0
3113 0
3114 0
3115 0
3116 0
3117 0
3118 0
3119 0
3120 0
3121 0
3122 0
3123 0
3124 0
3125 0
3126 0
3127 0
3128 0
3129 0
3130 0
3131 0
3132 0
3133 0
3134 0
3135 0
3136 0
3137 0
3138 0
3139 0
3140 0
3141 0
3142 0
3143 0
3144 0
3145 0
3146 0
3147 0
3148 0
3149 0
3150 0
3151 0
3152 0
3153 0
3154 0
3155 0
3156 0
3157 0
3158 0
3159 0
3160 0
3161 0
3162 0
3163 0
3164 0
3165 0
3166 0
3167 0
3168 0
3169 0
3170 0
3171 0
3172 0
3173 0
3174 0
3175 0
3176 0
3177 0
3178 0
3179 0
3180 0
3181 0
3182 0
3183 0
3184 0
3185 0
3186 0
3187 0
3188 0
3189 0
3190 0
3191 0
3192 0
3193 0
3194 0
3195 0
3196 0
3197 0
3198 0
3199 0
3200 0
3201 0
3202 0
3203 0
3204 0
3205 0
3206 0
3207 0
3208 0
3209 0
3210 0
3211 0
3212 0
3213 0
3214 0
3215 0
3216 0
3217 0
3218 0
3219 0
3220 0
3221 0
3222 0
3223 0
3224 0
3225 0
3226 0
3227 0
3228 0
3229 0
3230 0
3231 0
3232 0
3233 0
3234 0
3235 0
3236 0
3237 0
3238 0
3239 0
3240 0
3241 0
3242 1
3243 0
3244 0
3245 0
3246 0
3247 0
3248 0
3249 0
3250 0
3251 0
3252 0
3253 0
3254 0
3255 0
3256 0
3257 0
3258 0
3259 0
3260 0
3261 0
3262 0
3263 0
3264 0
3265 0
3266 0
3267 0
3268 0
3269 0
3270 0
3271 0
3272 0
3273 0
3274 0
3275 0
3276 0
3277 0
3278 0
3279 0
3280 0
3281 0
3282 0
3283 0
3284 0
3285 0
3286 0
3287 0
3288 0
3289 0
3290 0
3291 0
3292 0
3293 0
3294 0
3295 0
3296 0
3297 0
3298 0
3299 0
3300 0
3301 0
3302 0
3303 0
3304 0
3305 0
3306 0
3307 0
3308 0
3309 0
3310 0
3311 0
3312 0
3313 0
3314 0
3315 0
3316 0
3317 0
3318 0
3319 0
3320 0
3321 0
3322 0
3323 0
3324 0
3325 0
3326 0
3327 0
3328 0
3329 0
3330 0
3331 0
3332 0
3333 0
3334 0
3335 0
3336 0
3337 0
3338 0
3339 0
3340 0
3341 0
3342 0
3343 0
3344 0
3345 0
3346 0
3347 0
3348 0
3349 0
3350 0
3351 0
3352 0
3353 0
3354 0
3355 0
3356 0
3357 0
3358 0
3359 0
3360 0
3361 0
3362 0
3363 0
3364 0
3365 0
3366 0
3367 0
3368 0
3369 0
3370 0
3371 0
3372 0
3373 0
3374 0
3375 0
3376 0
3377 0
3378 0
3379 0
3380 0
3381 0
3382 0
3383 0
3384 0
3385 0
3386 0
3387 0
3388 0
3389 0
3390 0
3391 0
3392 0
3393 0
3394 0
3395 0
3396 0
3397 0
3398 0
3399 0
3400 0
3401 0
3402 0
3403 0
3404 0
3405 0
3406 0
3407 0
3408 0
3409 0
3410 0
3411 0
3412 0
3413 0
3414 0
3415 0
3416 0
3417 0
3418 0
3419 0
3420 0
3421 0
3422 0
3423 0
3424 0
3425 0
3426 0
3427 0
3428 0
3429 0
3430 0
3431 0
3432 0
3433 0
3434 0
3435 0
3436 0
3437 0
3438 0
3439 0
3440 0
3441 0
3442 0
3443 0
3444 0
3445 0
3446 0
3447 0
3448 0
3449 0
3450 0
3451 0
3452 0
3453 0
3454 0
3455 0
3456 0
3457 0
3458 0
3459 0
3460 0
3461 0
3462 0
3463 0
3464 0
3465 0
3466 0
3467 0
3468 0
3469 0
3470 0
3471 0
3472 0
3473 0
3474 0
3475 0
3476 0
3477 0
3478 0
3479 0
3480 0
3481 0
3482 0
3483 0
3484 0
3485 0
3486 0
3487 0
3488 0
3489 0
3490 0
3491 0
3492 0
3493 0
3494 0
3495 0
3496 0
3497 0
3498 0
3499 0
3500 0
3501 0
3502 0
3503 0
3504 0
3505 0
3506 0
3507 0
3508 0
3509 0
3510 0
3511 0
3512 0
3513 0
3514 0
3515 0
3516 0
3517 0
3518 0
3519 0
3520 0
3521 0
3522 0
3523 0
3524 0
3525 0
3526 0
3527 0
3528 0
3529 0
3530 0
3531 0
3532 0
3533 0
3534 0
3535 0
3536 0
3537 0
3538 0
3539 0
3540 0
3541 0
3542 0
3543 0
3544 0
3545 0
3546 0
3547 0
3548 0
3549 0
3550 0
3551 0
3552 0
3553 0
3554 0
3555 0
3556 0
3557 0
3558 0
3559 0
3560 0
3561 0
3562 0
3563 0
3564 0
3565 0
3566 0
3567 0
3568 0
3569 0
3570 0
3571 0
3572 0
3573 0
3574 0
3575 0
3576 0
3577 0
3578 0
3579 0
3580 0
3581 0
3582 0
3583 0
3584 0
3585 0
3586 0
3587 0
3588 0
3589 0
3590 0
3591 0
3592 0
3593 0
3594 0
3595 0
3596 0
3597 0
3598 0
3599 0
3600 0
3601 0
3602 0
3603 0
3604 0
3605 0
3606 0
3607 0
3608 0
3609 0
3610 0
3611 0
3612 0
3613 0
3614 0
3615 0
3616 0
3617 0
3618 0
3619 0
3620 0
3621 0
3622 0
3623 0
3624 0
3625 0
3626 0
3627 0
3628 0
3629 0
3630 0
3631 0
3632 0
3633 0
3634 0
3635 0
3636 0
3637 0
3638 0
3639 0
3640 0
3641 0
3642 0
3643 0
3644 0
3645 0
3646 0
3647 0
3648 0
3649 0
3650 0
3651 0
3652 0
3653 0
3654 0
3655 0
3656 0
3657 0
3658 0
3659 0
3660 0
3661 0
3662 0
3663 0
3664 0
3665 0
3666 0
3667 0
3668 0
3669 0
3670 0
3671 0
3672 0
3673 0
3674 0
3675 0
3676 0
3677 0
3678 0
3679 0
3680 0
3681 0
3682 0
3683 0
3684 0
3685 0
3686 0
3687 0
3688 0
3689 0
3690 0
3691 0
3692 0
3693 0
3694 0
3695 0
3696 0
3697 0
3698 0
3699 0
3700 0
3701 0
3702 0
3703 0
3704 0
3705 0
3706 0
3707 0
3708 0
3709 0
3710 0
3711 0
3712 0
3713 0
3714 0
3715 0
3716 0
3717 0
3718 0
3719 0
3720 0
3721 0
3722 0
3723 0
3724 0
3725 0
3726 0
3727 0
3728 0
3729 0
3730 0
3731 0
3732 0
3733 0
3734 0
3735 0
3736 0
3737 0
3738 0
3739 0
3740 0
3741 0
3742 0
3743 0
3744 0
3745 0
3746 0
3747 0
3748 0
3749 0
3750 0
3751 0
3752 0
3753 0
3754 0
3755 0
3756 0
3757 0
3758 0
3759 0
3760 0
3761 0
3762 0
3763 0
3764 0
3765 0
3766 0
3767 0
3768 0
3769 0
3770 0
3771 0
3772 0
3773 0
3774 0
3775 0
3776 0
3777 0
3778 0
3779 0
3780 0
3781 1
3782 0
3783 0
3784 0
3785 0
3786 0
3787 0
3788 0
3789 0
3790 0
3791 0
3792 0
3793 0
3794 0
3795 0
3796 0
3797 0
3798 0
3799 0
3800 0
3801 0
3802 0
3803 0
3804 0
3805 0
3806 0
3807 0
3808 0
3809 0
3810 0
3811 0
3812 0
3813 1
3814 0
3815 0
3816 0
3817 0
3818 0
3819 0
3820 0
3821 0
3822 0
3823 0
3824 0
3825 0
3826 0
3827 0
3828 0
3829 0
3830 0
3831 0
3832 0
3833 0
3834 0
3835 0
3836 0
3837 0
3838 0
3839 0
3840 0
3841 0
3842 0
3843 0
3844 0
3845 0
3846 0
3847 0
3848 0
3849 0
3850 0
3851 0
3852 0
3853 0
3854 0
3855 0
3856 0
3857 0
3858 0
3859 0
3860 0
3861 0
3862 0
3863 0
3864 0
3865 0
3866 0
3867 0
3868 0
3869 0
3870 0
3871 0
3872 0
3873 0
3874 0
3875 0
3876 0
3877 0
3878 0
3879 0
3880 0
3881 0
3882 0
3883 0
3884 0
3885 0
3886 0
3887 0
3888 0
3889 0
3890 0
3891 0
3892 0
3893 0
3894 0
3895 0
3896 0
3897 0
3898 0
3899 0
3900 0
3901 0
3902 0
3903 0
3904 0
3905 0
3906 0
3907 0
3908 0
3909 0
3910 0
3911 0
3912 0
3913 0
3914 0
3915 0
3916 0
3917 0
3918 0
3919 0
3920 0
3921 0
3922 0
3923 0
3924 0
3925 0
3926 0
3927 0
3928 0
3929 0
3930 0
3931 0
3932 0
3933 0
3934 0
3935 0
3936 0
3937 0
3938 0
3939 0
3940 0
3941 0
3942 0
3943 0
3944 0
3945 0
3946 0
3947 0
3948 0
3949 0
3950 0
3951 0
3952 0
3953 0
3954 0
3955 0
3956 0
3957 0
3958 0
3959 0
3960 0
3961 0
3962 0
3963 0
3964 0
3965 0
3966 0
3967 0
3968 0
3969 0
3970 0
3971 0
3972 0
3973 0
3974 0
3975 0
3976 0
3977 0
3978 0
3979 0
3980 0
3981 0
3982 0
3983 0
3984 0
3985 0
3986 0
3987 0
3988 0
3989 0
3990 0
3991 0
3992 0
3993 0
3994 0
3995 0
3996 0
3997 0
3998 0
3999 0
4000 0
