0 0
1 0
2 0
3 0
4 0
5 0
6 0
7 0
8 0
9 0
10 0
11 0
12 0
13 0
14 0
15 0
16 0
17 0
18 0
19 0
20 0
21 0
22 0
23 0
24 0
25 0
26 0
27 0
28 0
29 0
30 0
31 0
32 0
33 0
34 0
35 0
36 0
37 0
38 0
39 0
40 0
41 0
42 0
43 0
44 0
45 0
46 0
47 0
48 0
49 0
50 0
51 0
52 0
53 0
54 0
55 0
56 0
57 0
58 0
59 0
60 0
61 0
62 0
63 0
64 0
65 0
66 0
67 0
68 0
69 0
70 0
71 0
72 0
73 0
74 0
75 0
76 0
77 0
78 0
79 0
80 0
81 0
82 0
83 0
84 0
85 0
86 0
87 0
88 0
89 0
90 0
91 0
92 0
93 0
94 0
95 0
96 0
97 0
98 0
99 0
100 0
101 0
102 0
103 0
104 0
105 0
106 0
107 0
108 0
109 0
110 0
111 0
112 0
113 0
114 0
115 0
116 0
117 0
118 0
119 0
120 0
121 0
122 0
123 0
124 0
125 0
126 0
127 0
128 0
129 0
130 0
131 0
132 0
133 0
134 0
135 0
136 0
137 0
138 0
139 0
140 0
141 0
142 0
143 0
144 0
145 0
146 0
147 0
148 0
149 0
150 0
151 2
152 1
153 2
154 9
155 5
156 5
157 5
158 4
159 3
160 6
161 8
162 4
163 2
164 7
165 6
166 5
167 9
168 9
169 5
170 15
171 3
172 6
173 10
174 11
175 26
176 38
177 73
178 120
179 166
180 223
181 243
182 271
183 332
184 439
185 586
186 910
187 1548
188 2419
189 3367
190 4360
191 4948
192 5164
193 5254
194 4952
195 4642
196 4129
197 3751
198 3334
199 3021
200 2796
201 2379
202 2192
203 1865
204 1680
205 1512
206 1368
207 1240
208 1171
209 1098
210 1084
211 981
212 952
213 949
214 908
215 889
216 802
217 837
218 868
219 870
220 910
221 854
222 850
223 862
224 873
225 895
226 862
227 909
228 960
229 880
230 942
231 916
232 919
233 932
234 991
235 969
236 996
237 941
238 959
239 999
240 1010
241 1033
242 1008
243 979
244 1057
245 1000
246 1017
247 1035
248 1003
249 1048
250 1020
251 1024
252 1088
253 1085
254 1045
255 1049
256 1047
257 1007
258 1041
259 990
260 1117
261 1068
262 1048
263 1092
264 1105
265 1103
266 1151
267 1103
268 1108
269 1104
270 1090
271 1149
272 1141
273 1132
274 1127
275 1103
276 1096
277 1108
278 1090
279 1191
280 1134
281 1162
282 1115
283 1135
284 1108
285 1166
286 1180
287 1160
288 1158
289 1183
290 1136
291 1112
292 1155
293 1213
294 1110
295 1192
296 1203
297 1187
298 1169
299 1161
300 1228
301 1164
302 1220
303 1265
304 1178
305 1143
306 1243
307 1228
308 1197
309 1187
310 1179
311 1283
312 1261
313 1183
314 1230
315 1231
316 1220
317 1271
318 1249
319 1267
320 1256
321 1264
322 1224
323 1282
324 1309
325 1275
326 1269
327 1313
328 1241
329 1272
330 1251
331 1317
332 1293
333 1296
334 1340
335 1284
336 1308
337 1350
338 1348
339 1275
340 1354
341 1359
342 1316
343 1291
344 1326
345 1334
346 1333
347 1356
348 1270
349 1345
350 1427
351 1332
352 1329
353 1377
354 1331
355 1264
356 1336
357 1361
358 1383
359 1332
360 1383
361 1345
362 1305
363 1406
364 1369
365 1406
366 1412
367 1386
368 1423
369 1421
370 1419
371 1444
372 1394
373 1400
374 1426
375 1385
376 1467
377 1438
378 1412
379 1477
380 1368
381 1429
382 1493
383 1521
384 1496
385 1503
386 1495
387 1429
388 1569
389 1544
390 1522
391 1511
392 1452
393 1560
394 1538
395 1511
396 1525
397 1530
398 1502
399 1565
400 1564
401 1590
402 1575
403 1537
404 1512
405 1520
406 1575
407 1547
408 1615
409 1574
410 1526
411 1583
412 1619
413 1530
414 1566
415 1608
416 1543
417 1662
418 1573
419 1582
420 1591
421 1674
422 1707
423 1631
424 1650
425 1630
426 1590
427 1635
428 1655
429 1679
430 1718
431 1713
432 1654
433 1667
434 1695
435 1717
436 1634
437 1579
438 1600
439 1667
440 1648
441 1771
442 1680
443 1634
444 1701
445 1592
446 1740
447 1767
448 1674
449 1643
450 1692
451 1666
452 1660
453 1772
454 1711
455 1756
456 1693
457 1737
458 1717
459 1777
460 1789
461 1731
462 1683
463 1793
464 1722
465 1708
466 1716
467 1802
468 1663
469 1801
470 1697
471 1699
472 1823
473 1755
474 1728
475 1771
476 1670
477 1644
478 1711
479 1631
480 1735
481 1689
482 1710
483 1740
484 1731
485 1740
486 1723
487 1726
488 1660
489 1695
490 1702
491 1641
492 1707
493 1631
494 1688
495 1636
496 1669
497 1682
498 1710
499 1745
500 1726
501 1685
502 1742
503 1669
504 1684
505 1639
506 1656
507 1698
508 1713
509 1612
510 1695
511 1607
512 1599
513 1631
514 1662
515 1629
516 1595
517 1686
518 1571
519 1657
520 1632
521 1632
522 1575
523 1580
524 1648
525 1566
526 1569
527 1538
528 1508
529 1538
530 1554
531 1532
532 1562
533 1523
534 1588
535 1497
536 1576
537 1496
538 1519
539 1504
540 1511
541 1540
542 1476
543 1485
544 1512
545 1452
546 1515
547 1461
548 1463
549 1447
550 1417
551 1413
552 1393
553 1402
554 1388
555 1353
556 1443
557 1379
558 1364
559 1395
560 1392
561 1360
562 1340
563 1369
564 1380
565 1379
566 1321
567 1377
568 1232
569 1360
570 1301
571 1306
572 1287
573 1293
574 1319
575 1260
576 1264
577 1312
578 1182
579 1210
580 1259
581 1198
582 1153
583 1232
584 1250
585 1176
586 1213
587 1163
588 1180
589 1183
590 1188
591 1184
592 1094
593 1110
594 1170
595 1129
596 1148
597 1138
598 1094
599 1066
600 1115
601 1098
602 1059
603 1089
604 1080
605 1039
606 1095
607 1004
608 1074
609 1079
610 985
611 1062
612 1044
613 998
614 982
615 996
616 914
617 1023
618 911
619 900
620 936
621 958
622 930
623 938
624 950
625 931
626 921
627 910
628 902
629 850
630 864
631 868
632 899
633 825
634 931
635 880
636 862
637 875
638 836
639 810
640 825
641 837
642 810
643 751
644 811
645 762
646 748
647 737
648 771
649 790
650 706
651 759
652 720
653 712
654 748
655 723
656 735
657 732
658 709
659 714
660 738
661 685
662 640
663 704
664 632
665 690
666 689
667 687
668 637
669 655
670 610
671 657
672 633
673 599
674 646
675 601
676 622
677 652
678 642
679 586
680 584
681 599
682 578
683 592
684 590
685 584
686 540
687 574
688 538
689 556
690 572
691 576
692 576
693 542
694 540
695 520
696 517
697 539
698 492
699 495
700 474
701 498
702 498
703 508
704 516
705 509
706 524
707 491
708 474
709 463
710 467
711 493
712 485
713 462
714 459
715 448
716 437
717 413
718 466
719 458
720 452
721 433
722 407
723 424
724 461
725 438
726 403
727 412
728 406
729 403
730 412
731 395
732 419
733 435
734 391
735 383
736 374
737 346
738 410
739 357
740 390
741 357
742 362
743 392
744 398
745 360
746 352
747 358
748 374
749 337
750 369
751 353
752 355
753 367
754 322
755 357
756 341
757 336
758 344
759 352
760 307
761 341
762 330
763 293
764 379
765 337
766 318
767 278
768 293
769 342
770 318
771 315
772 310
773 295
774 284
775 308
776 286
777 295
778 298
779 307
780 288
781 314
782 292
783 308
784 285
785 296
786 307
787 287
788 275
789 303
790 282
791 332
792 268
793 273
794 272
795 328
796 285
797 267
798 276
799 311
800 257
801 275
802 271
803 273
804 302
805 267
806 266
807 244
808 264
809 269
810 274
811 251
812 270
813 277
814 283
815 248
816 273
817 259
818 254
819 235
820 251
821 254
822 225
823 238
824 251
825 241
826 243
827 219
828 279
829 233
830 294
831 260
832 267
833 270
834 235
835 250
836 250
837 229
838 222
839 264
840 229
841 255
842 231
843 244
844 241
845 254
846 255
847 219
848 238
849 227
850 262
851 265
852 218
853 231
854 211
855 249
856 217
857 251
858 262
859 209
860 220
861 238
862 222
863 200
864 221
865 210
866 223
867 237
868 241
869 225
870 192
871 209
872 242
873 209
874 248
875 219
876 211
877 223
878 255
879 221
880 223
881 226
882 224
883 219
884 217
885 218
886 222
887 221
888 202
889 218
890 196
891 209
892 243
893 215
894 219
895 219
896 241
897 216
898 213
899 214
900 186
901 213
902 219
903 232
904 210
905 217
906 207
907 211
908 197
909 219
910 228
911 202
912 233
913 214
914 196
915 214
916 194
917 234
918 220
919 211
920 220
921 214
922 213
923 218
924 193
925 207
926 215
927 220
928 199
929 189
930 210
931 210
932 195
933 204
934 210
935 209
936 187
937 220
938 213
939 207
940 185
941 205
942 194
943 230
944 189
945 198
946 203
947 194
948 209
949 195
950 205
951 195
952 206
953 219
954 224
955 196
956 195
957 231
958 177
959 202
960 206
961 192
962 212
963 213
964 201
965 212
966 222
967 199
968 181
969 176
970 183
971 203
972 165
973 202
974 196
975 196
976 195
977 207
978 190
979 211
980 196
981 213
982 188
983 194
984 205
985 197
986 179
987 180
988 212
989 181
990 187
991 172
992 180
993 194
994 186
995 209
996 206
997 204
998 185
999 192
1000 218
1001 185
1002 188
1003 187
1004 187
1005 188
1006 209
1007 196
1008 196
1009 191
1010 196
1011 192
1012 196
1013 172
1014 194
1015 185
1016 176
1017 189
1018 170
1019 198
1020 199
1021 199
1022 199
1023 201
1024 175
1025 194
1026 165
1027 183
1028 205
1029 219
1030 187
1031 181
1032 181
1033 196
1034 184
1035 182
1036 199
1037 190
1038 190
1039 186
1040 164
1041 171
1042 184
1043 172
1044 194
1045 202
1046 188
1047 206
1048 202
1049 195
1050 199
1051 182
1052 167
1053 180
1054 176
1055 181
1056 196
1057 184
1058 195
1059 186
1060 165
1061 159
1062 189
1063 192
1064 164
1065 197
1066 191
1067 203
1068 205
1069 149
1070 180
1071 174
1072 181
1073 197
1074 170
1075 198
1076 156
1077 201
1078 160
1079 189
1080 180
1081 174
1082 190
1083 184
1084 171
1085 181
1086 154
1087 197
1088 193
1089 207
1090 174
1091 191
1092 177
1093 170
1094 170
1095 174
1096 182
1097 172
1098 167
1099 166
1100 169
1101 164
1102 162
1103 180
1104 193
1105 181
1106 162
1107 191
1108 159
1109 160
1110 162
1111 172
1112 172
1113 158
1114 147
1115 155
1116 172
1117 144
1118 156
1119 166
1120 178
1121 172
1122 160
1123 127
1124 161
1125 153
1126 172
1127 176
1128 173
1129 159
1130 151
1131 149
1132 157
1133 174
1134 164
1135 172
1136 174
1137 172
1138 158
1139 172
1140 157
1141 174
1142 161
1143 155
1144 164
1145 146
1146 150
1147 155
1148 167
1149 134
1150 161
1151 157
1152 162
1153 153
1154 163
1155 168
1156 146
1157 145
1158 166
1159 148
1160 131
1161 150
1162 143
1163 168
1164 163
1165 142
1166 171
1167 158
1168 142
1169 146
1170 170
1171 153
1172 143
1173 140
1174 151
1175 160
1176 137
1177 156
1178 151
1179 136
1180 145
1181 138
1182 132
1183 136
1184 147
1185 130
1186 142
1187 135
1188 145
1189 155
1190 143
1191 148
1192 149
1193 146
1194 118
1195 135
1196 123
1197 139
1198 152
1199 122
1200 122
1201 129
1202 128
1203 155
1204 140
1205 136
1206 150
1207 138
1208 150
1209 138
1210 109
1211 138
1212 135
1213 146
1214 118
1215 123
1216 124
1217 126
1218 123
1219 148
1220 130
1221 126
1222 122
1223 116
1224 118
1225 148
1226 122
1227 135
1228 123
1229 129
1230 114
1231 145
1232 139
1233 117
1234 113
1235 113
1236 129
1237 136
1238 124
1239 132
1240 141
1241 98
1242 116
1243 94
1244 103
1245 133
1246 118
1247 126
1248 123
1249 117
1250 123
1251 130
1252 109
1253 113
1254 96
1255 97
1256 119
1257 126
1258 118
1259 101
1260 111
1261 113
1262 121
1263 123
1264 95
1265 110
1266 114
1267 125
1268 112
1269 131
1270 110
1271 98
1272 116
1273 101
1274 103
1275 98
1276 104
1277 129
1278 114
1279 112
1280 84
1281 118
1282 93
1283 94
1284 106
1285 124
1286 94
1287 102
1288 118
1289 82
1290 108
1291 101
1292 99
1293 94
1294 110
1295 91
1296 105
1297 113
1298 110
1299 87
1300 88
1301 78
1302 83
1303 92
1304 98
1305 92
1306 99
1307 104
1308 89
1309 89
1310 74
1311 101
1312 101
1313 89
1314 100
1315 116
1316 93
1317 98
1318 78
1319 77
1320 80
1321 95
1322 93
1323 86
1324 101
1325 73
1326 98
1327 91
1328 88
1329 72
1330 101
1331 93
1332 85
1333 86
1334 80
1335 87
1336 86
1337 82
1338 81
1339 87
1340 80
1341 91
1342 79
1343 81
1344 83
1345 96
1346 81
1347 69
1348 76
1349 75
1350 75
1351 91
1352 82
1353 70
1354 82
1355 86
1356 65
1357 98
1358 77
1359 69
1360 70
1361 70
1362 81
1363 71
1364 71
1365 76
1366 74
1367 79
1368 67
1369 63
1370 73
1371 79
1372 67
1373 66
1374 56
1375 85
1376 59
1377 76
1378 79
1379 71
1380 65
1381 64
1382 78
1383 71
1384 61
1385 63
1386 51
1387 59
1388 78
1389 49
1390 72
1391 59
1392 82
1393 74
1394 70
1395 57
1396 86
1397 72
1398 61
1399 57
1400 69
1401 64
1402 68
1403 55
1404 65
1405 53
1406 49
1407 61
1408 68
1409 69
1410 62
1411 63
1412 53
1413 62
1414 55
1415 68
1416 55
1417 55
1418 60
1419 60
1420 55
1421 60
1422 42
1423 53
1424 74
1425 51
1426 70
1427 53
1428 39
1429 51
1430 57
1431 54
1432 52
1433 56
1434 42
1435 44
1436 60
1437 67
1438 55
1439 44
1440 66
1441 56
1442 36
1443 51
1444 53
1445 59
1446 51
1447 65
1448 50
1449 72
1450 48
1451 60
1452 58
1453 40
1454 63
1455 56
1456 44
1457 45
1458 45
1459 45
1460 39
1461 47
1462 51
1463 56
1464 43
1465 50
1466 47
1467 47
1468 49
1469 54
1470 51
1471 53
1472 43
1473 53
1474 40
1475 36
1476 35
1477 39
1478 45
1479 37
1480 34
1481 34
1482 37
1483 52
1484 46
1485 32
1486 45
1487 49
1488 45
1489 31
1490 40
1491 52
1492 46
1493 37
1494 39
1495 36
1496 42
1497 29
1498 45
1499 43
1500 38
1501 45
1502 39
1503 36
1504 41
1505 41
1506 42
1507 46
1508 36
1509 43
1510 43
1511 37
1512 46
1513 38
1514 30
1515 35
1516 35
1517 37
1518 42
1519 31
1520 41
1521 38
1522 43
1523 31
1524 38
1525 35
1526 37
1527 40
1528 42
1529 32
1530 40
1531 40
1532 32
1533 46
1534 34
1535 25
1536 32
1537 28
1538 38
1539 33
1540 41
1541 26
1542 28
1543 20
1544 24
1545 39
1546 27
1547 38
1548 33
1549 36
1550 27
1551 29
1552 35
1553 35
1554 33
1555 23
1556 41
1557 33
1558 38
1559 36
1560 30
1561 28
1562 33
1563 38
1564 26
1565 32
1566 35
1567 39
1568 20
1569 25
1570 25
1571 34
1572 26
1573 29
1574 32
1575 29
1576 24
1577 34
1578 33
1579 26
1580 33
1581 36
1582 29
1583 22
1584 26
1585 27
1586 28
1587 26
1588 28
1589 25
1590 29
1591 22
1592 30
1593 25
1594 22
1595 15
1596 30
1597 22
1598 29
1599 27
1600 31
1601 34
1602 25
1603 25
1604 21
1605 13
1606 28
1607 23
1608 34
1609 29
1610 19
1611 22
1612 25
1613 24
1614 21
1615 18
1616 17
1617 20
1618 26
1619 23
1620 18
1621 17
1622 28
1623 19
1624 21
1625 14
1626 26
1627 18
1628 21
1629 11
1630 24
1631 20
1632 26
1633 20
1634 28
1635 24
1636 15
1637 18
1638 19
1639 24
1640 19
1641 15
1642 14
1643 14
1644 16
1645 16
1646 13
1647 18
1648 20
1649 17
1650 21
1651 22
1652 16
1653 15
1654 22
1655 23
1656 25
1657 20
1658 24
1659 22
1660 16
1661 15
1662 19
1663 14
1664 16
1665 23
1666 19
1667 17
1668 23
1669 21
1670 18
1671 17
1672 16
1673 16
1674 17
1675 12
1676 14
1677 16
1678 15
1679 21
1680 21
1681 18
1682 15
1683 12
1684 21
1685 17
1686 16
1687 19
1688 17
1689 14
1690 10
1691 16
1692 13
1693 14
1694 16
1695 24
1696 11
1697 13
1698 11
1699 16
1700 14
1701 12
1702 18
1703 22
1704 9
1705 22
1706 12
1707 7
1708 12
1709 15
1710 10
1711 19
1712 5
1713 9
1714 12
1715 10
1716 11
1717 15
1718 18
1719 20
1720 12
1721 9
1722 10
1723 16
1724 12
1725 16
1726 12
1727 12
1728 11
1729 10
1730 10
1731 15
1732 7
1733 13
1734 13
1735 9
1736 11
1737 14
1738 12
1739 17
1740 10
1741 11
1742 11
1743 12
1744 10
1745 11
1746 6
1747 14
1748 17
1749 11
1750 7
1751 7
1752 6
1753 14
1754 6
1755 14
1756 11
1757 6
1758 9
1759 11
1760 14
1761 13
1762 10
1763 13
1764 7
1765 8
1766 13
1767 9
1768 12
1769 11
1770 12
1771 12
1772 10
1773 10
1774 9
1775 13
1776 11
1777 9
1778 3
1779 8
1780 8
1781 7
1782 12
1783 12
1784 5
1785 7
1786 9
1787 8
1788 8
1789 9
1790 5
1791 14
1792 8
1793 14
1794 6
1795 14
1796 11
1797 4
1798 9
1799 7
1800 6
1801 8
1802 12
1803 9
1804 9
1805 9
1806 11
1807 5
1808 8
1809 9
1810 9
1811 8
1812 11
1813 8
1814 6
1815 4
1816 10
1817 9
1818 5
1819 8
1820 7
1821 8
1822 7
1823 4
1824 5
1825 5
1826 4
1827 13
1828 2
1829 4
1830 11
1831 3
1832 7
1833 4
1834 14
1835 1
1836 6
1837 13
1838 12
1839 2
1840 3
1841 7
1842 5
1843 3
1844 6
1845 8
1846 8
1847 11
1848 5
1849 9
1850 7
1851 5
1852 2
1853 5
1854 3
1855 7
1856 4
1857 4
1858 9
1859 7
1860 10
1861 4
1862 6
1863 1
1864 2
1865 8
1866 8
1867 6
1868 6
1869 2
1870 7
1871 3
1872 5
1873 6
1874 4
1875 4
1876 9
1877 7
1878 3
1879 3
1880 7
1881 4
1882 3
1883 4
1884 4
1885 7
1886 5
1887 2
1888 5
1889 8
1890 2
1891 6
1892 4
1893 9
1894 6
1895 9
1896 6
1897 4
1898 3
1899 6
1900 5
1901 4
1902 4
1903 2
1904 3
1905 2
1906 5
1907 4
1908 3
1909 2
1910 8
1911 5
1912 4
1913 5
1914 2
1915 3
1916 3
1917 3
1918 3
1919 8
1920 5
1921 2
1922 5
1923 8
1924 5
1925 5
1926 5
1927 5
1928 7
1929 5
1930 3
1931 2
1932 3
1933 3
1934 5
1935 4
1936 4
1937 1
1938 4
1939 5
1940 5
1941 3
1942 5
1943 3
1944 6
1945 2
1946 8
1947 1
1948 1
1949 4
1950 2
1951 8
1952 4
1953 1
1954 4
1955 2
1956 5
1957 2
1958 4
1959 3
1960 0
1961 4
1962 3
1963 4
1964 3
1965 2
1966 1
1967 2
1968 1
1969 2
1970 7
1971 8
1972 3
1973 1
1974 7
1975 2
1976 2
1977 5
1978 4
1979 6
1980 4
1981 3
1982 1
1983 1
1984 3
1985 4
1986 0
1987 5
1988 4
1989 3
1990 1
1991 2
1992 2
1993 2
1994 3
1995 4
1996 3
1997 2
1998 1
1999 2
2000 0
2001 3
2002 5
2003 2
2004 4
2005 0
2006 1
2007 0
2008 6
2009 1
2010 2
2011 2
2012 2
2013 1
2014 5
2015 1
2016 1
2017 1
2018 4
2019 3
2020 1
2021 2
2022 3
2023 2
2024 0
2025 2
2026 2
2027 2
2028 3
2029 3
2030 1
2031 0
2032 1
2033 2
2034 0
2035 1
2036 3
2037 3
2038 3
2039 1
2040 0
2041 1
2042 1
2043 2
2044 2
2045 0
2046 2
2047 1
2048 1
2049 5
2050 0
2051 1
2052 3
2053 2
2054 2
2055 0
2056 4
2057 1
2058 0
2059 2
2060 1
2061 0
2062 2
2063 2
2064 0
2065 1
2066 2
2067 3
2068 1
2069 2
2070 3
2071 0
2072 0
2073 1
2074 1
2075 1
2076 2
2077 1
2078 1
2079 1
2080 2
2081 3
2082 2
2083 0
2084 1
2085 0
2086 2
2087 0
2088 2
2089 3
2090 1
2091 1
2092 0
2093 0
2094 1
2095 1
2096 1
2097 1
2098 1
2099 1
2100 2
2101 1
2102 1
2103 0
2104 0
2105 0
2106 1
2107 2
2108 0
2109 2
2110 0
2111 0
2112 1
2113 1
2114 3
2115 1
2116 0
2117 1
2118 3
2119 0
2120 1
2121 0
2122 1
2123 0
2124 1
2125 1
2126 2
2127 4
2128 1
2129 0
2130 1
2131 1
2132 0
2133 0
2134 4
2135 0
2136 0
2137 1
2138 1
2139 1
2140 0
2141 2
2142 2
2143 2
2144 0
2145 0
2146 0
2147 2
2148 1
2149 0
2150 1
2151 0
2152 0
2153 1
2154 4
2155 1
2156 3
2157 0
2158 3
2159 2
2160 0
2161 0
2162 0
2163 2
2164 0
2165 0
2166 1
2167 0
2168 2
2169 0
2170 1
2171 0
2172 0
2173 0
2174 0
2175 0
2176 0
2177 3
2178 0
2179 2
2180 0
2181 5
2182 2
2183 0
2184 1
2185 2
2186 0
2187 2
2188 1
2189 0
2190 1
2191 1
2192 0
2193 1
2194 0
2195 1
2196 1
2197 1
2198 2
2199 0
2200 0
2201 0
2202 0
2203 0
2204 0
2205 0
2206 1
2207 2
2208 1
2209 0
2210 0
2211 0
2212 0
2213 0
2214 0
2215 0
2216 1
2217 0
2218 0
2219 0
2220 0
2221 3
2222 0
2223 0
2224 0
2225 0
2226 1
2227 2
2228 1
2229 0
2230 1
2231 2
2232 0
2233 0
2234 1
2235 0
2236 0
2237 1
2238 2
2239 0
2240 0
2241 0
2242 1
2243 1
2244 1
2245 2
2246 0
2247 1
2248 1
2249 0
2250 0
2251 0
2252 1
2253 0
2254 1
2255 0
2256 0
2257 1
2258 0
2259 2
2260 1
2261 1
2262 0
2263 0
2264 2
2265 2
2266 0
2267 1
2268 0
2269 0
2270 1
2271 1
2272 0
2273 0
2274 0
2275 1
2276 0
2277 1
2278 0
2279 0
2280 0
2281 1
2282 1
2283 0
2284 1
2285 0
2286 0
2287 0
2288 1
2289 0
2290 0
2291 0
2292 0
2293 2
2294 0
2295 0
2296 0
2297 2
2298 1
2299 0
2300 0
2301 0
2302 0
2303 0
2304 0
2305 0
2306 0
2307 0
2308 0
2309 0
2310 0
2311 1
2312 0
2313 1
2314 1
2315 0
2316 0
2317 0
2318 2
2319 0
2320 0
2321 0
2322 0
2323 0
2324 0
2325 0
2326 0
2327 0
2328 0
2329 0
2330 1
2331 0
2332 0
2333 0
2334 0
2335 0
2336 0
2337 0
2338 0
2339 1
2340 0
2341 0
2342 0
2343 0
2344 0
2345 0
2346 0
2347 0
2348 2
2349 0
2350 0
2351 0
2352 0
2353 0
2354 0
2355 1
2356 0
2357 0
2358 0
2359 0
2360 0
2361 1
2362 0
2363 0
2364 1
2365 1
2366 0
2367 0
2368 0
2369 0
2370 0
2371 0
2372 0
2373 0
2374 1
2375 1
2376 0
2377 1
2378 1
2379 0
2380 1
2381 0
2382 0
2383 0
2384 0
2385 0
2386 1
2387 1
2388 0
2389 0
2390 0
2391 0
2392 0
2393 0
2394 1
2395 0
2396 0
2397 1
2398 0
2399 1
2400 0
2401 0
2402 0
2403 0
2404 0
2405 0
2406 0
2407 0
2408 0
2409 0
2410 0
2411 0
2412 0
2413 1
2414 0
2415 0
2416 0
2417 0
2418 0
2419 0
2420 0
2421 0
2422 0
2423 0
2424 1
2425 0
2426 1
2427 0
2428 0
2429 0
2430 0
2431 0
2432 0
2433 0
2434 0
2435 0
2436 0
2437 0
2438 0
2439 0
2440 0
2441 0
2442 1
2443 0
2444 1
2445 0
2446 0
2447 0
2448 0
2449 1
2450 0
2451 1
2452 0
2453 1
2454 0
2455 0
2456 0
2457 1
2458 0
2459 0
2460 0
2461 0
2462 0
2463 0
2464 1
2465 0
2466 0
2467 0
2468 0
2469 0
2470 0
2471 1
2472 1
2473 1
2474 0
2475 0
2476 0
2477 0
2478 0
2479 0
2480 0
2481 0
2482 0
2483 0
2484 0
2485 0
2486 0
2487 1
2488 0
2489 0
2490 0
2491 0
2492 0
2493 0
2494 0
2495 1
2496 0
2497 1
2498 0
2499 0
2500 0
2501 0
2502 0
2503 0
2504 0
2505 0
2506 0
2507 0
2508 0
2509 0
2510 0
2511 0
2512 0
2513 1
2514 0
2515 0
2516 0
2517 0
2518 0
2519 0
2520 0
2521 0
2522 0
2523 0
2524 0
2525 0
2526 0
2527 0
2528 0
2529 0
2530 0
2531 1
2532 0
2533 0
2534 0
2535 0
2536 0
2537 0
2538 0
2539 0
2540 0
2541 0
2542 0
2543 0
2544 0
2545 0
2546 0
2547 0
2548 0
2549 0
2550 0
2551 0
2552 0
2553 0
2554 0
2555 0
2556 0
2557 0
2558 0
2559 0
2560 0
2561 0
2562 0
2563 0
2564 0
2565 0
2566 0
2567 0
2568 2
2569 0
2570 0
2571 1
2572 0
2573 0
2574 0
2575 1
2576 0
2577 0
2578 0
2579 0
2580 0
2581 0
2582 0
2583 0
2584 0
2585 0
2586 1
2587 0
2588 0
2589 0
2590 0
2591 0
2592 0
2593 0
2594 0
2595 0
2596 0
2597 0
2598 0
2599 0
2600 0
2601 0
2602 0
2603 0
2604 0
2605 0
2606 0
2607 0
2608 0
2609 0
2610 0
2611 0
2612 0
2613 0
2614 0
2615 0
2616 0
2617 0
2618 0
2619 0
2620 1
2621 0
2622 0
2623 0
2624 0
2625 0
2626 0
2627 0
2628 1
2629 0
2630 0
2631 0
2632 0
2633 0
2634 0
2635 0
2636 1
2637 1
2638 0
2639 0
2640 0
2641 0
2642 0
2643 0
2644 0
2645 0
2646 0
2647 0
2648 0
2649 0
2650 0
2651 0
2652 0
2653 0
2654 0
2655 0
2656 0
2657 0
2658 0
2659 0
2660 0
2661 0
2662 0
2663 0
2664 0
2665 0
2666 0
2667 0
2668 0
2669 0
2670 0
2671 0
2672 0
2673 0
2674 0
2675 0
2676 0
2677 0
2678 0
2679 0
2680 0
2681 0
2682 0
2683 1
2684 0
2685 0
2686 0
2687 0
2688 0
2689 0
2690 0
2691 0
2692 0
2693 0
2694 0
2695 0
2696 0
2697 0
2698 0
2699 0
2700 0
2701 1
2702 0
2703 0
2704 0
2705 1
2706 0
2707 0
2708 0
2709 0
2710 0
2711 0
2712 0
2713 0
2714 0
2715 0
2716 0
2717 0
2718 0
2719 0
2720 0
2721 0
2722 0
2723 0
2724 0
2725 0
2726 0
2727 0
2728 0
2729 0
2730 0
2731 0
2732 0
2733 0
2734 0
2735 1
2736 0
2737 0
2738 0
2739 0
2740 0
2741 0
2742 0
2743 0
2744 1
2745 0
2746 0
2747 0
2748 0
2749 0
2750 0
2751 0
2752 0
2753 1
2754 0
2755 0
2756 0
2757 0
2758 0
2759 0
2760 1
2761 1
2762 0
2763 0
2764 0
2765 1
2766 0
2767 0
2768 0
2769 0
2770 0
2771 0
2772 0
2773 0
2774 0
2775 0
2776 0
2777 0
2778 0
2779 0
2780 0
2781 0
2782 0
2783 0
2784 0
2785 1
2786 0
2787 0
2788 0
2789 0
2790 0
2791 0
2792 0
2793 1
2794 0
2795 1
2796 0
2797 0
2798 0
2799 0
2800 1
2801 0
2802 0
2803 0
2804 0
2805 0
2806 0
2807 0
2808 0
2809 0
2810 0
2811 0
2812 0
2813 0
2814 0
2815 0
2816 0
2817 0
2818 0
2819 0
2820 0
2821 0
2822 0
2823 1
2824 0
2825 0
2826 0
2827 0
2828 0
2829 0
2830 0
2831 0
2832 0
2833 0
2834 0
2835 0
2836 0
2837 0
2838 0
2839 0
2840 0
2841 0
2842 0
2843 0
2844 0
2845 0
2846 0
2847 0
2848 0
2849 0
2850 0
2851 0
2852 0
2853 0
2854 0
2855 0
2856 0
2857 0
2858 0
2859 0
2860 0
2861 1
2862 0
2863 0
2864 0
2865 0
2866 0
2867 0
2868 0
2869 0
2870 1
2871 0
2872 0
2873 0
2874 0
2875 0
2876 0
2877 0
2878 0
2879 0
2880 0
2881 0
2882 0
2883 0
2884 0
2885 0
2886 0
2887 0
2888 0
2889 0
2890 0
2891 0
2892 0
2893 0
2894 0
2895 0
2896 0
2897 0
2898 0
2899 0
2900 0
2901 0
2902 0
2903 0
2904 0
2905 0
2906 0
2907 0
2908 0
2909 0
2910 0
2911 0
2912 0
2913 0
2914 0
2915 0
2916 0
2917 0
2918 0
2919 0
2920 0
2921 0
2922 0
2923 0
2924 0
2925 0
2926 0
2927 0
2928 0
2929 0
2930 0
2931 0
2932 0
2933 0
2934 0
2935 0
2936 0
2937 0
2938 0
2939 0
2940 0
2941 0
2942 0
2943 0
2944 0
2945 0
2946 0
2947 0
2948 0
2949 0
2950 0
2951 0
2952 0
2953 0
2954 0
2955 0
2956 0
2957 0
2958 0
2959 0
2960 0
2961 0
2962 0
2963 1
2964 0
2965 0
2966 0
2967 0
2968 0
2969 0
2970 0
2971 0
2972 0
2973 0
2974 0
2975 0
2976 0
2977 0
2978 0
2979 0
2980 0
2981 0
2982 0
2983 0
2984 0
2985 0
2986 0
2987 0
2988 0
2989 0
2990 0
2991 0
2992 0
2993 0
2994 0
2995 0
2996 0
2997 0
2998 0
2999 0
3000 0
3001 0
3002 0
3003 0
3004 0
3005 0
3006 0
3007 0
3008 0
3009 0
3010 0
3011 0
3012 0
3013 0
3014 0
3015 0
3016 0
3017 0
3018 0
3019 0
3020 0
3021 0
3022 0
3023 0
3024 0
3025 0
3026 0
3027 0
3028 0
3029 0
3030 0
3031 0
3032 0
3033 0
3034 0
3035 0
3036 0
3037 0
3038 0
3039 0
3040 0
3041 0
3042 0
3043 0
3044 0
3045 0
3046 0
3047 0
3048 0
3049 0
3050 0
3051 0
3052 0
3053 0
3054 0
3055 0
3056 0
3057 0
3058 0
3059 0
3060 0
3061 0
3062 0
3063 0
3064 0
3065 0
3066 0
3067 0
3068 0
3069 0
3070 1
3071 0
3072 0
3073 0
3074 0
3075 0
3076 0
3077 0
3078 0
3079 0
3080 0
3081 0
3082 0
3083 0
3084 0
3085 0
3086 0
3087 0
3088 0
3089 0
3090 0
3091 0
3092 0
3093 0
3094 0
3095 0
3096 0
3097 0
3098 0
3099 0
3100 0
3101 0
3102 0
3103 0
3104 0
3105 0
3106 0
3107 0
3108 0
3109 0
3110 0
3111 0
3112 0
3113 0
3114 1
3115 0
3116 0
3117 0
3118 0
3119 0
3120 1
3121 0
3122 0
3123 0
3124 0
3125 0
3126 0
3127 0
3128 0
3129 0
3130 0
3131 0
3132 0
3133 0
3134 0
3135 0
3136 0
3137 0
3138 0
3139 0
3140 0
3141 0
3142 0
3143 0
3144 0
3145 0
3146 0
3147 0
3148 0
3149 0
3150 0
3151 0
3152 0
3153 0
3154 0
3155 1
3156 0
3157 0
3158 0
3159 0
3160 0
3161 0
3162 0
3163 0
3164 0
3165 0
3166 0
3167 0
3168 0
3169 0
3170 0
3171 0
3172 0
3173 0
3174 0
3175 0
3176 0
3177 0
3178 0
3179 0
3180 0
3181 0
3182 0
3183 0
3184 0
3185 0
3186 0
3187 0
3188 1
3189 0
3190 0
3191 0
3192 0
3193 0
3194 0
3195 0
3196 0
3197 0
3198 0
3199 0
3200 0
3201 0
3202 0
3203 0
3204 0
3205 0
3206 0
3207 0
3208 0
3209 0
3210 0
3211 0
3212 0
3213 0
3214 0
3215 0
3216 0
3217 0
3218 0
3219 0
3220 0
3221 0
3222 0
3223 0
3224 0
3225 0
3226 0
3227 0
3228 0
3229 0
3230 0
3231 0
3232 0
3233 0
3234 0
3235 0
3236 0
3237 0
3238 0
3239 0
3240 0
3241 0
3242 0
3243 0
3244 0
3245 0
3246 0
3247 0
3248 0
3249 0
3250 0
3251 0
3252 0
3253 0
3254 0
3255 0
3256 1
3257 0
3258 0
3259 0
3260 0
3261 0
3262 0
3263 0
3264 0
3265 0
3266 0
3267 0
3268 0
3269 0
3270 0
3271 0
3272 0
3273 1
3274 0
3275 0
3276 0
3277 0
3278 0
3279 0
3280 0
3281 0
3282 0
3283 0
3284 0
3285 0
3286 0
3287 0
3288 0
3289 0
3290 0
3291 0
3292 0
3293 0
3294 0
3295 0
3296 0
3297 0
3298 0
3299 0
3300 0
3301 0
3302 0
3303 0
3304 0
3305 0
3306 0
3307 0
3308 0
3309 0
3310 0
3311 0
3312 0
3313 0
3314 0
3315 0
3316 0
3317 0
3318 0
3319 0
3320 0
3321 0
3322 0
3323 0
3324 0
3325 0
3326 0
3327 0
3328 0
3329 0
3330 0
3331 0
3332 0
3333 0
3334 0
3335 0
3336 0
3337 0
3338 0
3339 0
3340 0
3341 0
3342 0
3343 0
3344 0
3345 0
3346 0
3347 0
3348 0
3349 0
3350 0
3351 0
3352 0
3353 0
3354 0
3355 0
3356 0
3357 1
3358 0
3359 0
3360 0
3361 0
3362 0
3363 0
3364 0
3365 0
3366 0
3367 0
3368 0
3369 0
3370 0
3371 0
3372 0
3373 0
3374 0
3375 0
3376 0
3377 0
3378 0
3379 1
3380 0
3381 0
3382 1
3383 0
3384 0
3385 0
3386 0
3387 0
3388 0
3389 0
3390 0
3391 0
3392 0
3393 0
3394 0
3395 0
3396 0
3397 0
3398 0
3399 0
3400 0
3401 0
3402 0
3403 0
3404 0
3405 0
3406 0
3407 0
3408 0
3409 0
3410 0
3411 0
3412 0
3413 0
3414 0
3415 0
3416 0
3417 0
3418 0
3419 0
3420 0
3421 0
3422 0
3423 0
3424 0
3425 0
3426 0
3427 0
3428 0
3429 0
3430 0
3431 0
3432 0
3433 0
3434 0
3435 0
3436 0
3437 0
3438 0
3439 0
3440 0
3441 0
3442 0
3443 0
3444 0
3445 0
3446 0
3447 0
3448 0
3449 0
3450 0
3451 0
3452 0
3453 0
3454 0
3455 0
3456 0
3457 1
3458 0
3459 0
3460 0
3461 0
3462 0
3463 0
3464 0
3465 0
3466 0
3467 0
3468 0
3469 0
3470 0
3471 0
3472 0
3473 0
3474 0
3475 0
3476 0
3477 0
3478 0
3479 0
3480 0
3481 0
3482 0
3483 0
3484 0
3485 0
3486 0
3487 0
3488 0
3489 0
3490 0
3491 0
3492 0
3493 0
3494 0
3495 0
3496 0
3497 0
3498 0
3499 0
3500 0
3501 0
3502 0
3503 0
3504 0
3505 0
3506 0
3507 0
3508 0
3509 0
3510 0
3511 0
3512 0
3513 0
3514 0
3515 0
3516 0
3517 0
3518 0
3519 0
3520 0
3521 0
3522 0
3523 0
3524 0
3525 0
3526 0
3527 0
3528 0
3529 0
3530 0
3531 0
3532 0
3533 0
3534 0
3535 0
3536 0
3537 0
3538 0
3539 0
3540 0
3541 0
3542 0
3543 0
3544 0
3545 0
3546 0
3547 0
3548 0
3549 0
3550 0
3551 0
3552 0
3553 0
3554 0
3555 1
3556 0
3557 0
3558 0
3559 0
3560 0
3561 0
3562 0
3563 0
3564 0
3565 0
3566 0
3567 0
3568 0
3569 0
3570 0
3571 0
3572 0
3573 0
3574 0
3575 0
3576 0
3577 0
3578 0
3579 0
3580 0
3581 0
3582 0
3583 0
3584 0
3585 0
3586 0
3587 0
3588 0
3589 0
3590 0
3591 0
3592 0
3593 0
3594 0
3595 0
3596 0
3597 0
3598 0
3599 0
3600 0
3601 0
3602 0
3603 0
3604 0
3605 0
3606 0
3607 0
3608 0
3609 0
3610 0
3611 0
3612 0
3613 0
3614 0
3615 0
3616 0
3617 0
3618 0
3619 0
3620 0
3621 0
3622 0
3623 0
3624 0
3625 0
3626 0
3627 0
3628 0
3629 0
3630 0
3631 0
3632 1
3633 0
3634 0
3635 0
3636 0
3637 0
3638 0
3639 0
3640 0
3641 0
3642 0
3643 0
3644 0
3645 0
3646 0
3647 0
3648 0
3649 0
3650 0
3651 0
3652 0
3653 0
3654 0
3655 0
3656 0
3657 0
3658 0
3659 0
3660 0
3661 0
3662 0
3663 0
3664 0
3665 0
3666 0
3667 0
3668 0
3669 0
3670 0
3671 0
3672 0
3673 0
3674 0
3675 0
3676 0
3677 0
3678 0
3679 0
3680 0
3681 0
3682 0
3683 0
3684 0
3685 0
3686 0
3687 0
3688 0
3689 0
3690 0
3691 0
3692 0
3693 0
3694 0
3695 0
3696 0
3697 0
3698 0
3699 0
3700 0
3701 0
3702 0
3703 0
3704 0
3705 0
3706 0
3707 0
3708 0
3709 0
3710 0
3711 0
3712 0
3713 0
3714 0
3715 0
3716 0
3717 0
3718 0
3719 0
3720 0
3721 0
3722 0
3723 0
3724 0
3725 0
3726 0
3727 0
3728 0
3729 0
3730 0
3731 0
3732 0
3733 0
3734 0
3735 0
3736 0
3737 0
3738 0
3739 0
3740 0
3741 0
3742 0
3743 0
3744 0
3745 0
3746 0
3747 0
3748 1
3749 0
3750 0
3751 0
3752 0
3753 0
3754 0
3755 0
3756 0
3757 0
3758 0
3759 0
3760 0
3761 0
3762 0
3763 0
3764 0
3765 0
3766 0
3767 0
3768 0
3769 0
3770 0
3771 0
3772 0
3773 0
3774 0
3775 0
3776 0
3777 0
3778 0
3779 1
3780 0
3781 0
3782 0
3783 0
3784 0
3785 1
3786 0
3787 0
3788 0
3789 1
3790 0
3791 0
3792 0
3793 0
3794 0
3795 0
3796 0
3797 1
3798 0
3799 0
3800 0
3801 0
3802 0
3803 0
3804 0
3805 0
3806 0
3807 0
3808 0
3809 0
3810 0
3811 0
3812 0
3813 0
3814 0
3815 0
3816 0
3817 0
3818 0
3819 0
3820 0
3821 0
3822 0
3823 0
3824 0
3825 0
3826 0
3827 0
3828 0
3829 0
3830 0
3831 0
3832 0
3833 0
3834 0
3835 0
3836 0
3837 0
3838 0
3839 0
3840 0
3841 0
3842 0
3843 0
3844 0
3845 0
3846 0
3847 0
3848 0
3849 0
3850 0
3851 0
3852 0
3853 0
3854 0
3855 0
3856 0
3857 0
3858 0
3859 0
3860 0
3861 0
3862 0
3863 0
3864 0
3865 0
3866 0
3867 0
3868 0
3869 0
3870 0
3871 0
3872 0
3873 0
3874 0
3875 0
3876 0
3877 0
3878 0
3879 0
3880 0
3881 0
3882 0
3883 0
3884 0
3885 0
3886 0
3887 0
3888 0
3889 0
3890 0
3891 0
3892 0
3893 0
3894 0
3895 0
3896 0
3897 0
3898 0
3899 0
3900 0
3901 0
3902 0
3903 0
3904 0
3905 0
3906 0
3907 0
3908 0
3909 0
3910 0
3911 0
3912 0
3913 0
3914 0
3915 0
3916 0
3917 0
3918 0
3919 0
3920 0
3921 0
3922 0
3923 0
3924 0
3925 0
3926 0
3927 0
3928 0
3929 0
3930 0
3931 0
3932 0
3933 0
3934 0
3935 0
3936 0
3937 0
3938 0
3939 0
3940 0
3941 0
3942 0
3943 0
3944 0
3945 0
3946 0
3947 0
3948 0
3949 0
3950 0
3951 0
3952 0
3953 0
3954 0
3955 0
3956 0
3957 0
3958 0
3959 0
3960 0
3961 0
3962 0
3963 0
3964 0
3965 0
3966 0
3967 0
3968 0
3969 0
3970 0
3971 0
3972 0
3973 0
3974 0
3975 0
3976 0
3977 0
3978 0
3979 0
3980 0
3981 0
3982 0
3983 0
3984 0
3985 0
3986 0
3987 0
3988 0
3989 0
3990 0
3991 0
3992 0
3993 0
3994 0
3995 0
3996 0
3997 0
3998 0
3999 0
4000 0
