0 0
1 0
2 0
3 0
4 0
5 0
6 0
7 0
8 0
9 0
10 0
11 0
12 0
13 0
14 0
15 0
16 0
17 0
18 0
19 0
20 0
21 0
22 0
23 0
24 0
25 0
26 0
27 0
28 0
29 0
30 0
31 0
32 0
33 0
34 0
35 0
36 0
37 0
38 0
39 0
40 0
41 0
42 0
43 0
44 0
45 0
46 0
47 0
48 0
49 0
50 0
51 0
52 0
53 0
54 0
55 0
56 0
57 0
58 0
59 0
60 0
61 0
62 0
63 0
64 0
65 0
66 0
67 0
68 0
69 0
70 0
71 0
72 0
73 0
74 0
75 0
76 0
77 0
78 0
79 0
80 0
81 0
82 0
83 0
84 0
85 0
86 0
87 0
88 0
89 0
90 0
91 0
92 0
93 0
94 0
95 0
96 0
97 0
98 0
99 0
100 0
101 0
102 0
103 0
104 0
105 0
106 0
107 0
108 0
109 0
110 0
111 0
112 0
113 0
114 0
115 0
116 0
117 0
118 0
119 0
120 0
121 0
122 0
123 0
124 0
125 0
126 0
127 0
128 0
129 0
130 0
131 0
132 0
133 0
134 0
135 0
136 0
137 0
138 0
139 0
140 0
141 0
142 0
143 0
144 0
145 0
146 0
147 0
148 1
149 0
150 0
151 2
152 1
153 5
154 4
155 9
156 7
157 5
158 3
159 3
160 7
161 6
162 4
163 4
164 4
165 5
166 0
167 4
168 3
169 7
170 5
171 3
172 4
173 8
174 10
175 17
176 27
177 71
178 86
179 138
180 194
181 206
182 264
183 318
184 388
185 511
186 742
187 1321
188 1990
189 2942
190 3842
191 4523
192 4566
193 4621
194 4508
195 4252
196 3916
197 3514
198 3017
199 2880
200 2488
201 2165
202 1884
203 1681
204 1529
205 1287
206 1134
207 1092
208 935
209 851
210 838
211 729
212 728
213 688
214 686
215 668
216 642
217 678
218 671
219 659
220 622
221 633
222 608
223 590
224 586
225 647
226 614
227 671
228 573
229 633
230 637
231 620
232 632
233 650
234 569
235 666
236 646
237 670
238 668
239 647
240 633
241 672
242 704
243 731
244 643
245 707
246 714
247 736
248 723
249 696
250 679
251 749
252 734
253 743
254 706
255 721
256 734
257 742
258 715
259 719
260 700
261 746
262 713
263 743
264 786
265 742
266 701
267 731
268 762
269 715
270 781
271 742
272 762
273 770
274 758
275 778
276 781
277 807
278 759
279 781
280 745
281 798
282 847
283 739
284 805
285 772
286 738
287 790
288 790
289 782
290 785
291 781
292 745
293 848
294 805
295 787
296 821
297 795
298 763
299 769
300 765
301 797
302 783
303 773
304 745
305 829
306 761
307 773
308 815
309 782
310 781
311 833
312 839
313 800
314 840
315 867
316 826
317 805
318 844
319 806
320 790
321 803
322 833
323 855
324 769
325 820
326 758
327 812
328 844
329 854
330 786
331 830
332 875
333 826
334 794
335 796
336 804
337 834
338 837
339 848
340 765
341 814
342 826
343 801
344 763
345 827
346 785
347 795
348 822
349 769
350 840
351 811
352 803
353 828
354 864
355 778
356 809
357 842
358 839
359 825
360 821
361 872
362 791
363 862
364 866
365 839
366 816
367 860
368 830
369 845
370 846
371 874
372 846
373 853
374 864
375 875
376 823
377 851
378 840
379 870
380 887
381 871
382 859
383 809
384 886
385 850
386 856
387 883
388 871
389 904
390 897
391 829
392 855
393 881
394 902
395 847
396 879
397 877
398 805
399 885
400 893
401 922
402 905
403 860
404 918
405 910
406 940
407 913
408 909
409 905
410 933
411 900
412 1004
413 988
414 943
415 927
416 930
417 959
418 940
419 932
420 941
421 978
422 922
423 878
424 972
425 991
426 945
427 976
428 961
429 966
430 946
431 962
432 992
433 944
434 958
435 931
436 1060
437 975
438 996
439 1007
440 1012
441 1006
442 967
443 1069
444 978
445 1010
446 993
447 1014
448 1021
449 1016
450 1027
451 990
452 996
453 1038
454 1030
455 1056
456 1037
457 1075
458 1035
459 1118
460 1080
461 1090
462 1044
463 1048
464 1024
465 1046
466 1035
467 1061
468 1063
469 1014
470 1084
471 1082
472 1054
473 1067
474 1165
475 1076
476 1103
477 1105
478 1100
479 1113
480 1025
481 1069
482 1098
483 1110
484 1160
485 1113
486 1142
487 1122
488 1135
489 1095
490 1128
491 1190
492 1145
493 1092
494 1205
495 1160
496 1102
497 1168
498 1151
499 1137
500 1098
501 1194
502 1110
503 1139
504 1181
505 1189
506 1148
507 1111
508 1122
509 1146
510 1183
511 1140
512 1138
513 1151
514 1197
515 1128
516 1150
517 1228
518 1188
519 1207
520 1241
521 1163
522 1199
523 1228
524 1169
525 1160
526 1227
527 1157
528 1238
529 1165
530 1114
531 1209
532 1194
533 1234
534 1215
535 1249
536 1183
537 1182
538 1195
539 1214
540 1202
541 1182
542 1130
543 1201
544 1187
545 1214
546 1222
547 1185
548 1162
549 1185
550 1112
551 1170
552 1147
553 1206
554 1149
555 1154
556 1192
557 1171
558 1192
559 1159
560 1136
561 1198
562 1128
563 1118
564 1153
565 1127
566 1172
567 1184
568 1127
569 1188
570 1139
571 1177
572 1171
573 1167
574 1133
575 1129
576 1182
577 1091
578 1125
579 1068
580 1177
581 1108
582 1117
583 1115
584 1150
585 1137
586 1163
587 1048
588 1145
589 1162
590 1140
591 1088
592 1132
593 1119
594 1146
595 1134
596 1127
597 1047
598 1109
599 1092
600 1028
601 1062
602 1054
603 1096
604 1135
605 1002
606 1019
607 1072
608 1078
609 1069
610 1071
611 1035
612 1058
613 1019
614 1017
615 1131
616 1012
617 1046
618 1081
619 1056
620 1050
621 1040
622 1030
623 1041
624 1021
625 1040
626 1013
627 970
628 968
629 1012
630 1027
631 940
632 930
633 950
634 974
635 996
636 955
637 968
638 979
639 916
640 921
641 945
642 932
643 989
644 905
645 838
646 947
647 946
648 821
649 928
650 930
651 918
652 875
653 858
654 876
655 868
656 849
657 898
658 876
659 827
660 852
661 833
662 872
663 871
664 860
665 815
666 826
667 791
668 785
669 784
670 802
671 781
672 778
673 775
674 768
675 779
676 794
677 778
678 736
679 744
680 740
681 777
682 702
683 722
684 767
685 692
686 735
687 697
688 696
689 716
690 710
691 740
692 707
693 675
694 710
695 697
696 714
697 623
698 683
699 690
700 651
701 689
702 659
703 688
704 616
705 661
706 615
707 674
708 640
709 647
710 660
711 610
712 587
713 612
714 576
715 617
716 605
717 597
718 613
719 584
720 532
721 574
722 502
723 562
724 523
725 558
726 580
727 515
728 532
729 512
730 551
731 512
732 531
733 507
734 481
735 537
736 529
737 464
738 542
739 505
740 524
741 465
742 489
743 485
744 484
745 486
746 448
747 484
748 460
749 467
750 443
751 473
752 465
753 464
754 418
755 478
756 441
757 460
758 450
759 401
760 439
761 457
762 396
763 402
764 433
765 406
766 405
767 407
768 398
769 413
770 421
771 392
772 399
773 391
774 425
775 346
776 385
777 402
778 339
779 389
780 359
781 376
782 386
783 380
784 358
785 352
786 327
787 342
788 353
789 349
790 307
791 343
792 290
793 356
794 330
795 343
796 295
797 311
798 291
799 311
800 307
801 320
802 331
803 313
804 307
805 311
806 300
807 301
808 323
809 292
810 308
811 267
812 310
813 300
814 298
815 307
816 297
817 297
818 310
819 276
820 285
821 284
822 267
823 273
824 254
825 273
826 271
827 259
828 268
829 261
830 243
831 260
832 235
833 253
834 269
835 238
836 234
837 239
838 225
839 236
840 238
841 244
842 244
843 235
844 228
845 244
846 252
847 250
848 223
849 234
850 249
851 232
852 222
853 215
854 204
855 219
856 239
857 232
858 200
859 224
860 195
861 260
862 190
863 216
864 212
865 213
866 204
867 204
868 213
869 195
870 200
871 203
872 203
873 211
874 194
875 178
876 201
877 207
878 193
879 195
880 177
881 200
882 195
883 189
884 190
885 223
886 193
887 178
888 174
889 202
890 195
891 187
892 177
893 160
894 154
895 171
896 162
897 185
898 176
899 146
900 207
901 185
902 146
903 160
904 180
905 173
906 170
907 183
908 176
909 178
910 159
911 148
912 143
913 191
914 165
915 193
916 150
917 195
918 173
919 158
920 193
921 160
922 156
923 149
924 155
925 177
926 190
927 162
928 138
929 181
930 138
931 150
932 157
933 149
934 161
935 144
936 166
937 155
938 143
939 167
940 147
941 146
942 178
943 137
944 160
945 149
946 160
947 156
948 166
949 152
950 158
951 168
952 157
953 158
954 165
955 149
956 139
957 141
958 148
959 147
960 167
961 147
962 141
963 174
964 149
965 135
966 172
967 157
968 150
969 156
970 164
971 158
972 155
973 144
974 157
975 148
976 139
977 129
978 145
979 139
980 163
981 140
982 158
983 161
984 154
985 133
986 137
987 116
988 150
989 129
990 125
991 137
992 126
993 124
994 142
995 133
996 136
997 168
998 115
999 125
1000 137
1001 145
1002 127
1003 153
1004 146
1005 124
1006 137
1007 132
1008 124
1009 128
1010 141
1011 157
1012 145
1013 139
1014 144
1015 144
1016 142
1017 134
1018 149
1019 136
1020 146
1021 139
1022 141
1023 153
1024 140
1025 148
1026 147
1027 134
1028 120
1029 139
1030 121
1031 142
1032 128
1033 153
1034 144
1035 146
1036 121
1037 139
1038 140
1039 157
1040 149
1041 146
1042 133
1043 164
1044 123
1045 153
1046 124
1047 115
1048 140
1049 131
1050 118
1051 134
1052 121
1053 141
1054 125
1055 129
1056 132
1057 130
1058 112
1059 132
1060 144
1061 132
1062 136
1063 127
1064 128
1065 149
1066 140
1067 133
1068 131
1069 118
1070 148
1071 137
1072 131
1073 138
1074 122
1075 127
1076 113
1077 124
1078 121
1079 131
1080 150
1081 142
1082 126
1083 127
1084 125
1085 134
1086 127
1087 136
1088 133
1089 139
1090 148
1091 124
1092 148
1093 147
1094 117
1095 127
1096 143
1097 117
1098 126
1099 103
1100 130
1101 142
1102 132
1103 140
1104 138
1105 112
1106 112
1107 113
1108 125
1109 137
1110 140
1111 131
1112 124
1113 125
1114 108
1115 136
1116 111
1117 137
1118 115
1119 157
1120 137
1121 125
1122 135
1123 113
1124 127
1125 128
1126 133
1127 137
1128 132
1129 114
1130 136
1131 146
1132 127
1133 140
1134 118
1135 114
1136 115
1137 141
1138 139
1139 144
1140 107
1141 114
1142 125
1143 125
1144 127
1145 105
1146 113
1147 121
1148 124
1149 151
1150 135
1151 115
1152 133
1153 122
1154 99
1155 121
1156 119
1157 132
1158 137
1159 117
1160 131
1161 114
1162 124
1163 121
1164 149
1165 105
1166 123
1167 121
1168 126
1169 119
1170 132
1171 112
1172 140
1173 112
1174 125
1175 117
1176 110
1177 128
1178 117
1179 126
1180 138
1181 136
1182 112
1183 134
1184 112
1185 102
1186 141
1187 126
1188 123
1189 124
1190 129
1191 110
1192 131
1193 119
1194 126
1195 120
1196 124
1197 112
1198 102
1199 134
1200 124
1201 135
1202 108
1203 121
1204 117
1205 107
1206 137
1207 118
1208 114
1209 121
1210 115
1211 121
1212 119
1213 129
1214 127
1215 127
1216 118
1217 123
1218 133
1219 121
1220 116
1221 115
1222 122
1223 105
1224 120
1225 104
1226 124
1227 126
1228 133
1229 103
1230 114
1231 115
1232 125
1233 113
1234 93
1235 136
1236 99
1237 121
1238 123
1239 113
1240 109
1241 104
1242 118
1243 122
1244 117
1245 117
1246 125
1247 127
1248 128
1249 111
1250 116
1251 102
1252 140
1253 124
1254 114
1255 121
1256 120
1257 107
1258 110
1259 104
1260 117
1261 121
1262 108
1263 110
1264 116
1265 112
1266 125
1267 108
1268 112
1269 104
1270 113
1271 94
1272 110
1273 111
1274 106
1275 120
1276 106
1277 127
1278 101
1279 117
1280 94
1281 104
1282 99
1283 103
1284 120
1285 106
1286 112
1287 109
1288 107
1289 126
1290 92
1291 127
1292 104
1293 108
1294 131
1295 104
1296 109
1297 117
1298 98
1299 115
1300 126
1301 126
1302 108
1303 101
1304 89
1305 113
1306 97
1307 97
1308 110
1309 109
1310 97
1311 136
1312 109
1313 99
1314 117
1315 109
1316 95
1317 95
1318 81
1319 84
1320 89
1321 122
1322 93
1323 107
1324 92
1325 93
1326 88
1327 121
1328 83
1329 102
1330 111
1331 83
1332 102
1333 97
1334 96
1335 90
1336 94
1337 97
1338 90
1339 92
1340 97
1341 94
1342 105
1343 101
1344 99
1345 109
1346 98
1347 110
1348 109
1349 101
1350 98
1351 105
1352 96
1353 103
1354 77
1355 100
1356 95
1357 98
1358 95
1359 104
1360 100
1361 89
1362 91
1363 100
1364 88
1365 102
1366 84
1367 99
1368 82
1369 77
1370 93
1371 93
1372 86
1373 101
1374 101
1375 102
1376 92
1377 81
1378 103
1379 89
1380 75
1381 101
1382 86
1383 99
1384 110
1385 84
1386 101
1387 104
1388 75
1389 90
1390 81
1391 89
1392 80
1393 106
1394 97
1395 77
1396 94
1397 96
1398 101
1399 85
1400 84
1401 87
1402 75
1403 110
1404 76
1405 82
1406 81
1407 78
1408 82
1409 102
1410 79
1411 98
1412 82
1413 81
1414 92
1415 90
1416 87
1417 76
1418 84
1419 84
1420 76
1421 77
1422 85
1423 83
1424 89
1425 100
1426 94
1427 72
1428 76
1429 71
1430 77
1431 85
1432 77
1433 83
1434 78
1435 69
1436 90
1437 89
1438 64
1439 73
1440 79
1441 72
1442 80
1443 72
1444 82
1445 82
1446 77
1447 76
1448 75
1449 68
1450 71
1451 76
1452 74
1453 67
1454 72
1455 78
1456 65
1457 51
1458 83
1459 63
1460 65
1461 64
1462 70
1463 74
1464 74
1465 95
1466 78
1467 87
1468 70
1469 56
1470 78
1471 74
1472 83
1473 68
1474 63
1475 72
1476 58
1477 57
1478 74
1479 65
1480 62
1481 61
1482 50
1483 77
1484 67
1485 68
1486 64
1487 73
1488 72
1489 64
1490 67
1491 61
1492 66
1493 58
1494 54
1495 64
1496 62
1497 74
1498 64
1499 53
1500 70
1501 55
1502 75
1503 62
1504 54
1505 58
1506 57
1507 55
1508 58
1509 54
1510 53
1511 75
1512 61
1513 60
1514 64
1515 62
1516 49
1517 67
1518 74
1519 57
1520 61
1521 50
1522 71
1523 65
1524 65
1525 67
1526 60
1527 58
1528 71
1529 58
1530 51
1531 33
1532 70
1533 44
1534 48
1535 45
1536 58
1537 52
1538 49
1539 62
1540 60
1541 62
1542 57
1543 63
1544 44
1545 50
1546 60
1547 49
1548 60
1549 70
1550 56
1551 51
1552 50
1553 48
1554 44
1555 51
1556 47
1557 45
1558 56
1559 62
1560 63
1561 43
1562 51
1563 63
1564 48
1565 54
1566 47
1567 46
1568 52
1569 48
1570 34
1571 59
1572 46
1573 45
1574 55
1575 46
1576 59
1577 45
1578 69
1579 49
1580 45
1581 49
1582 53
1583 59
1584 48
1585 47
1586 48
1587 37
1588 37
1589 52
1590 36
1591 47
1592 54
1593 51
1594 55
1595 44
1596 44
1597 56
1598 47
1599 48
1600 45
1601 44
1602 35
1603 46
1604 45
1605 38
1606 43
1607 45
1608 32
1609 48
1610 51
1611 43
1612 44
1613 40
1614 33
1615 50
1616 34
1617 43
1618 44
1619 35
1620 40
1621 30
1622 46
1623 37
1624 41
1625 37
1626 38
1627 40
1628 46
1629 37
1630 41
1631 41
1632 31
1633 24
1634 39
1635 43
1636 35
1637 37
1638 25
1639 44
1640 33
1641 35
1642 39
1643 32
1644 35
1645 33
1646 34
1647 35
1648 44
1649 35
1650 34
1651 40
1652 40
1653 38
1654 25
1655 33
1656 35
1657 39
1658 29
1659 34
1660 44
1661 28
1662 24
1663 25
1664 31
1665 44
1666 41
1667 40
1668 34
1669 30
1670 32
1671 45
1672 27
1673 27
1674 27
1675 27
1676 31
1677 28
1678 27
1679 29
1680 36
1681 35
1682 34
1683 35
1684 25
1685 34
1686 29
1687 30
1688 20
1689 26
1690 37
1691 32
1692 29
1693 39
1694 23
1695 33
1696 29
1697 30
1698 38
1699 29
1700 22
1701 32
1702 18
1703 32
1704 32
1705 28
1706 29
1707 21
1708 36
1709 22
1710 30
1711 26
1712 23
1713 34
1714 31
1715 22
1716 24
1717 27
1718 26
1719 20
1720 18
1721 19
1722 41
1723 22
1724 30
1725 31
1726 25
1727 29
1728 25
1729 34
1730 31
1731 19
1732 31
1733 24
1734 19
1735 27
1736 26
1737 25
1738 23
1739 23
1740 29
1741 17
1742 16
1743 24
1744 36
1745 25
1746 26
1747 15
1748 29
1749 19
1750 20
1751 23
1752 24
1753 26
1754 22
1755 30
1756 29
1757 34
1758 17
1759 24
1760 27
1761 19
1762 20
1763 21
1764 14
1765 28
1766 23
1767 20
1768 26
1769 19
1770 21
1771 16
1772 31
1773 15
1774 19
1775 12
1776 21
1777 24
1778 15
1779 23
1780 25
1781 38
1782 22
1783 23
1784 15
1785 31
1786 22
1787 17
1788 19
1789 15
1790 21
1791 21
1792 26
1793 16
1794 21
1795 18
1796 27
1797 16
1798 17
1799 26
1800 13
1801 21
1802 12
1803 18
1804 19
1805 18
1806 20
1807 13
1808 20
1809 18
1810 25
1811 18
1812 17
1813 17
1814 25
1815 20
1816 19
1817 15
1818 13
1819 12
1820 18
1821 23
1822 15
1823 12
1824 18
1825 17
1826 14
1827 12
1828 19
1829 19
1830 19
1831 21
1832 14
1833 15
1834 11
1835 14
1836 19
1837 14
1838 20
1839 23
1840 16
1841 24
1842 22
1843 15
1844 7
1845 12
1846 15
1847 15
1848 15
1849 22
1850 11
1851 17
1852 12
1853 13
1854 21
1855 13
1856 15
1857 12
1858 10
1859 10
1860 14
1861 17
1862 9
1863 22
1864 14
1865 19
1866 11
1867 10
1868 6
1869 8
1870 10
1871 8
1872 15
1873 22
1874 6
1875 7
1876 17
1877 11
1878 15
1879 8
1880 15
1881 21
1882 13
1883 15
1884 15
1885 15
1886 10
1887 15
1888 7
1889 8
1890 20
1891 13
1892 10
1893 10
1894 13
1895 8
1896 11
1897 7
1898 9
1899 16
1900 14
1901 12
1902 10
1903 11
1904 11
1905 8
1906 11
1907 10
1908 9
1909 12
1910 4
1911 4
1912 11
1913 7
1914 13
1915 10
1916 14
1917 9
1918 5
1919 7
1920 5
1921 13
1922 14
1923 9
1924 10
1925 12
1926 13
1927 8
1928 14
1929 11
1930 12
1931 12
1932 9
1933 12
1934 8
1935 6
1936 10
1937 8
1938 9
1939 9
1940 10
1941 8
1942 10
1943 15
1944 10
1945 11
1946 11
1947 12
1948 7
1949 11
1950 8
1951 7
1952 11
1953 5
1954 13
1955 4
1956 17
1957 10
1958 10
1959 12
1960 4
1961 8
1962 6
1963 8
1964 6
1965 9
1966 7
1967 7
1968 11
1969 11
1970 5
1971 13
1972 8
1973 9
1974 8
1975 6
1976 5
1977 8
1978 11
1979 4
1980 10
1981 10
1982 6
1983 5
1984 6
1985 7
1986 11
1987 10
1988 3
1989 7
1990 8
1991 7
1992 9
1993 8
1994 12
1995 7
1996 4
1997 8
1998 10
1999 6
2000 5
2001 12
2002 4
2003 5
2004 8
2005 8
2006 7
2007 7
2008 7
2009 6
2010 8
2011 4
2012 5
2013 9
2014 11
2015 3
2016 7
2017 6
2018 6
2019 8
2020 5
2021 8
2022 7
2023 6
2024 13
2025 4
2026 5
2027 3
2028 5
2029 10
2030 1
2031 8
2032 5
2033 7
2034 5
2035 4
2036 5
2037 3
2038 4
2039 6
2040 5
2041 4
2042 3
2043 8
2044 13
2045 5
2046 4
2047 4
2048 5
2049 5
2050 6
2051 1
2052 4
2053 2
2054 7
2055 5
2056 7
2057 7
2058 2
2059 7
2060 5
2061 4
2062 3
2063 6
2064 5
2065 4
2066 6
2067 4
2068 3
2069 7
2070 7
2071 5
2072 3
2073 6
2074 8
2075 5
2076 3
2077 4
2078 7
2079 6
2080 3
2081 5
2082 5
2083 8
2084 6
2085 11
2086 5
2087 2
2088 3
2089 6
2090 1
2091 8
2092 5
2093 3
2094 4
2095 2
2096 3
2097 3
2098 6
2099 5
2100 6
2101 5
2102 5
2103 4
2104 2
2105 4
2106 5
2107 5
2108 3
2109 3
2110 6
2111 5
2112 4
2113 7
2114 1
2115 1
2116 9
2117 3
2118 2
2119 2
2120 5
2121 4
2122 3
2123 4
2124 3
2125 3
2126 4
2127 4
2128 3
2129 6
2130 3
2131 3
2132 3
2133 0
2134 5
2135 5
2136 4
2137 5
2138 3
2139 4
2140 2
2141 2
2142 2
2143 2
2144 2
2145 3
2146 3
2147 6
2148 5
2149 1
2150 2
2151 6
2152 0
2153 2
2154 0
2155 2
2156 4
2157 6
2158 2
2159 3
2160 6
2161 3
2162 2
2163 1
2164 3
2165 3
2166 2
2167 5
2168 2
2169 1
2170 4
2171 2
2172 3
2173 3
2174 3
2175 6
2176 4
2177 3
2178 3
2179 0
2180 1
2181 5
2182 5
2183 1
2184 3
2185 1
2186 3
2187 2
2188 4
2189 3
2190 3
2191 2
2192 0
2193 4
2194 3
2195 5
2196 1
2197 0
2198 3
2199 2
2200 1
2201 0
2202 3
2203 3
2204 3
2205 4
2206 3
2207 4
2208 1
2209 1
2210 4
2211 1
2212 2
2213 4
2214 2
2215 0
2216 2
2217 2
2218 3
2219 2
2220 2
2221 1
2222 1
2223 2
2224 5
2225 1
2226 4
2227 2
2228 3
2229 3
2230 2
2231 2
2232 2
2233 1
2234 2
2235 1
2236 2
2237 3
2238 0
2239 3
2240 3
2241 1
2242 3
2243 2
2244 1
2245 1
2246 0
2247 1
2248 1
2249 2
2250 1
2251 1
2252 1
2253 0
2254 3
2255 2
2256 0
2257 0
2258 3
2259 3
2260 3
2261 0
2262 2
2263 3
2264 3
2265 2
2266 0
2267 1
2268 3
2269 0
2270 0
2271 0
2272 2
2273 0
2274 1
2275 2
2276 1
2277 0
2278 3
2279 6
2280 1
2281 1
2282 0
2283 2
2284 1
2285 0
2286 2
2287 1
2288 1
2289 0
2290 2
2291 2
2292 0
2293 1
2294 3
2295 1
2296 2
2297 2
2298 0
2299 2
2300 2
2301 2
2302 1
2303 1
2304 1
2305 1
2306 2
2307 2
2308 1
2309 0
2310 0
2311 2
2312 0
2313 0
2314 0
2315 0
2316 0
2317 0
2318 2
2319 0
2320 0
2321 0
2322 3
2323 2
2324 0
2325 1
2326 0
2327 3
2328 0
2329 1
2330 2
2331 1
2332 2
2333 0
2334 1
2335 1
2336 5
2337 1
2338 0
2339 2
2340 1
2341 0
2342 0
2343 1
2344 2
2345 0
2346 1
2347 2
2348 2
2349 1
2350 1
2351 2
2352 1
2353 3
2354 1
2355 0
2356 2
2357 1
2358 1
2359 3
2360 1
2361 1
2362 3
2363 2
2364 2
2365 2
2366 0
2367 0
2368 0
2369 0
2370 1
2371 0
2372 2
2373 0
2374 0
2375 1
2376 0
2377 1
2378 2
2379 0
2380 1
2381 1
2382 0
2383 1
2384 0
2385 0
2386 3
2387 0
2388 0
2389 0
2390 0
2391 0
2392 1
2393 0
2394 0
2395 2
2396 1
2397 2
2398 0
2399 0
2400 0
2401 1
2402 2
2403 0
2404 1
2405 0
2406 0
2407 0
2408 2
2409 2
2410 0
2411 1
2412 0
2413 0
2414 0
2415 0
2416 2
2417 0
2418 0
2419 0
2420 0
2421 2
2422 1
2423 1
2424 1
2425 1
2426 1
2427 1
2428 1
2429 0
2430 1
2431 0
2432 1
2433 4
2434 0
2435 1
2436 0
2437 0
2438 0
2439 0
2440 0
2441 2
2442 0
2443 1
2444 0
2445 0
2446 0
2447 1
2448 0
2449 2
2450 0
2451 1
2452 1
2453 0
2454 0
2455 0
2456 0
2457 1
2458 0
2459 0
2460 1
2461 0
2462 0
2463 0
2464 1
2465 1
2466 1
2467 0
2468 0
2469 0
2470 0
2471 0
2472 0
2473 3
2474 1
2475 0
2476 1
2477 1
2478 0
2479 0
2480 1
2481 0
2482 0
2483 1
2484 1
2485 0
2486 0
2487 1
2488 2
2489 0
2490 0
2491 3
2492 0
2493 0
2494 1
2495 1
2496 1
2497 0
2498 1
2499 0
2500 2
2501 1
2502 0
2503 0
2504 0
2505 0
2506 0
2507 0
2508 1
2509 0
2510 0
2511 3
2512 1
2513 0
2514 0
2515 0
2516 0
2517 0
2518 1
2519 0
2520 0
2521 1
2522 0
2523 1
2524 0
2525 0
2526 1
2527 0
2528 0
2529 1
2530 0
2531 0
2532 0
2533 0
2534 1
2535 0
2536 1
2537 0
2538 0
2539 0
2540 0
2541 1
2542 0
2543 1
2544 1
2545 0
2546 0
2547 0
2548 0
2549 0
2550 0
2551 0
2552 0
2553 0
2554 0
2555 1
2556 1
2557 0
2558 0
2559 1
2560 1
2561 0
2562 0
2563 0
2564 0
2565 0
2566 2
2567 0
2568 1
2569 0
2570 0
2571 0
2572 0
2573 1
2574 1
2575 0
2576 1
2577 0
2578 1
2579 0
2580 0
2581 0
2582 0
2583 0
2584 0
2585 0
2586 0
2587 0
2588 1
2589 0
2590 0
2591 1
2592 1
2593 0
2594 0
2595 1
2596 0
2597 0
2598 1
2599 0
2600 2
2601 0
2602 1
2603 0
2604 0
2605 0
2606 0
2607 0
2608 1
2609 0
2610 0
2611 0
2612 0
2613 0
2614 0
2615 0
2616 0
2617 0
2618 0
2619 0
2620 0
2621 0
2622 0
2623 0
2624 0
2625 0
2626 0
2627 0
2628 0
2629 0
2630 2
2631 0
2632 0
2633 0
2634 0
2635 0
2636 0
2637 0
2638 0
2639 0
2640 0
2641 0
2642 0
2643 0
2644 2
2645 0
2646 0
2647 0
2648 0
2649 0
2650 0
2651 0
2652 0
2653 0
2654 0
2655 0
2656 1
2657 0
2658 0
2659 0
2660 0
2661 1
2662 0
2663 0
2664 0
2665 0
2666 0
2667 1
2668 0
2669 0
2670 0
2671 0
2672 0
2673 0
2674 0
2675 0
2676 0
2677 0
2678 0
2679 0
2680 0
2681 0
2682 0
2683 0
2684 0
2685 0
2686 0
2687 0
2688 0
2689 0
2690 0
2691 0
2692 0
2693 0
2694 0
2695 0
2696 0
2697 1
2698 1
2699 0
2700 0
2701 0
2702 0
2703 0
2704 0
2705 0
2706 0
2707 0
2708 0
2709 1
2710 0
2711 0
2712 0
2713 0
2714 0
2715 0
2716 0
2717 0
2718 0
2719 0
2720 0
2721 0
2722 0
2723 0
2724 0
2725 1
2726 0
2727 0
2728 0
2729 0
2730 0
2731 0
2732 0
2733 0
2734 1
2735 0
2736 0
2737 0
2738 1
2739 0
2740 0
2741 0
2742 0
2743 0
2744 0
2745 0
2746 0
2747 0
2748 0
2749 0
2750 0
2751 0
2752 0
2753 0
2754 0
2755 0
2756 0
2757 0
2758 0
2759 0
2760 0
2761 0
2762 0
2763 0
2764 1
2765 0
2766 0
2767 0
2768 0
2769 0
2770 0
2771 0
2772 0
2773 0
2774 0
2775 0
2776 0
2777 0
2778 0
2779 1
2780 0
2781 0
2782 0
2783 0
2784 1
2785 0
2786 0
2787 1
2788 0
2789 0
2790 0
2791 0
2792 1
2793 0
2794 0
2795 0
2796 0
2797 0
2798 0
2799 0
2800 0
2801 0
2802 0
2803 0
2804 0
2805 0
2806 0
2807 0
2808 0
2809 0
2810 0
2811 0
2812 0
2813 0
2814 0
2815 0
2816 0
2817 0
2818 0
2819 0
2820 0
2821 1
2822 1
2823 1
2824 0
2825 0
2826 0
2827 0
2828 0
2829 0
2830 0
2831 1
2832 0
2833 0
2834 0
2835 0
2836 0
2837 0
2838 0
2839 0
2840 0
2841 0
2842 0
2843 0
2844 0
2845 0
2846 0
2847 0
2848 1
2849 0
2850 0
2851 0
2852 0
2853 0
2854 0
2855 0
2856 0
2857 0
2858 0
2859 0
2860 0
2861 2
2862 0
2863 0
2864 0
2865 0
2866 0
2867 0
2868 0
2869 0
2870 0
2871 0
2872 0
2873 0
2874 0
2875 0
2876 0
2877 0
2878 0
2879 0
2880 0
2881 0
2882 0
2883 0
2884 0
2885 0
2886 0
2887 0
2888 0
2889 0
2890 0
2891 0
2892 0
2893 0
2894 0
2895 0
2896 0
2897 0
2898 0
2899 0
2900 0
2901 0
2902 0
2903 0
2904 0
2905 0
2906 0
2907 0
2908 0
2909 0
2910 0
2911 0
2912 0
2913 0
2914 0
2915 0
2916 0
2917 0
2918 0
2919 0
2920 0
2921 0
2922 0
2923 0
2924 0
2925 0
2926 0
2927 0
2928 1
2929 0
2930 0
2931 0
2932 0
2933 0
2934 0
2935 0
2936 0
2937 0
2938 0
2939 0
2940 1
2941 0
2942 1
2943 0
2944 0
2945 0
2946 0
2947 0
2948 0
2949 0
2950 0
2951 0
2952 0
2953 0
2954 0
2955 0
2956 0
2957 0
2958 0
2959 0
2960 0
2961 0
2962 0
2963 0
2964 0
2965 0
2966 0
2967 0
2968 0
2969 0
2970 0
2971 0
2972 0
2973 0
2974 0
2975 0
2976 0
2977 0
2978 0
2979 0
2980 0
2981 0
2982 0
2983 0
2984 1
2985 0
2986 0
2987 0
2988 0
2989 0
2990 0
2991 0
2992 0
2993 0
2994 0
2995 0
2996 0
2997 0
2998 0
2999 0
3000 0
3001 0
3002 0
3003 0
3004 0
3005 0
3006 0
3007 1
3008 0
3009 0
3010 0
3011 0
3012 0
3013 0
3014 0
3015 0
3016 0
3017 0
3018 0
3019 0
3020 0
3021 0
3022 0
3023 0
3024 0
3025 0
3026 0
3027 0
3028 0
3029 0
3030 0
3031 0
3032 0
3033 0
3034 0
3035 0
3036 0
3037 0
3038 0
3039 0
3040 0
3041 0
3042 0
3043 0
3044 0
3045 0
3046 0
3047 0
3048 0
3049 0
3050 0
3051 0
3052 0
3053 0
3054 0
3055 0
3056 0
3057 0
3058 0
3059 0
3060 0
3061 0
3062 0
3063 0
3064 0
3065 0
3066 0
3067 0
3068 0
3069 0
3070 0
3071 0
3072 0
3073 0
3074 0
3075 0
3076 0
3077 0
3078 0
3079 0
3080 0
3081 0
3082 0
3083 0
3084 0
3085 0
3086 0
3087 0
3088 0
3089 0
3090 0
3091 0
3092 0
3093 0
3094 0
3095 0
3096 0
3097 0
3098 0
3099 0
3100 0
3101 0
3102 0
3103 0
3104 1
3105 0
3106 0
3107 0
3108 0
3109 0
3110 0
3111 0
3112 0
3113 0
3114 0
3115 0
3116 0
3117 0
3118 0
3119 0
3120 0
3121 0
3122 0
3123 0
3124 0
3125 0
3126 0
3127 0
3128 0
3129 0
3130 0
3131 0
3132 0
3133 0
3134 0
3135 0
3136 0
3137 0
3138 0
3139 0
3140 0
3141 0
3142 0
3143 0
3144 0
3145 0
3146 0
3147 0
3148 0
3149 0
3150 0
3151 0
3152 0
3153 0
3154 0
3155 0
3156 0
3157 0
3158 0
3159 0
3160 0
3161 0
3162 0
3163 0
3164 0
3165 0
3166 0
3167 0
3168 0
3169 0
3170 0
3171 0
3172 0
3173 0
3174 0
3175 0
3176 0
3177 0
3178 0
3179 0
3180 0
3181 0
3182 1
3183 0
3184 0
3185 0
3186 0
3187 0
3188 0
3189 0
3190 0
3191 0
3192 1
3193 0
3194 0
3195 0
3196 0
3197 0
3198 0
3199 0
3200 0
3201 0
3202 0
3203 0
3204 0
3205 0
3206 0
3207 0
3208 0
3209 0
3210 0
3211 0
3212 0
3213 0
3214 0
3215 1
3216 0
3217 0
3218 0
3219 0
3220 0
3221 0
3222 0
3223 0
3224 0
3225 0
3226 0
3227 0
3228 0
3229 0
3230 0
3231 0
3232 0
3233 0
3234 0
3235 0
3236 0
3237 0
3238 0
3239 1
3240 0
3241 0
3242 0
3243 0
3244 0
3245 0
3246 1
3247 0
3248 1
3249 0
3250 0
3251 0
3252 0
3253 0
3254 0
3255 0
3256 1
3257 0
3258 0
3259 0
3260 0
3261 0
3262 0
3263 0
3264 0
3265 0
3266 0
3267 0
3268 0
3269 0
3270 0
3271 0
3272 0
3273 0
3274 0
3275 0
3276 0
3277 0
3278 0
3279 0
3280 0
3281 0
3282 0
3283 0
3284 0
3285 0
3286 0
3287 0
3288 0
3289 0
3290 0
3291 0
3292 0
3293 1
3294 0
3295 0
3296 0
3297 0
3298 0
3299 1
3300 0
3301 0
3302 0
3303 0
3304 0
3305 0
3306 0
3307 0
3308 0
3309 0
3310 0
3311 0
3312 0
3313 0
3314 1
3315 0
3316 0
3317 0
3318 0
3319 0
3320 0
3321 0
3322 0
3323 0
3324 0
3325 0
3326 0
3327 0
3328 0
3329 0
3330 0
3331 0
3332 0
3333 0
3334 0
3335 0
3336 0
3337 0
3338 0
3339 0
3340 0
3341 0
3342 0
3343 0
3344 0
3345 0
3346 0
3347 0
3348 0
3349 0
3350 1
3351 0
3352 0
3353 0
3354 0
3355 0
3356 0
3357 0
3358 0
3359 0
3360 0
3361 0
3362 1
3363 0
3364 0
3365 0
3366 0
3367 0
3368 0
3369 0
3370 0
3371 0
3372 0
3373 0
3374 0
3375 0
3376 0
3377 0
3378 0
3379 0
3380 0
3381 0
3382 0
3383 0
3384 0
3385 0
3386 0
3387 0
3388 0
3389 0
3390 0
3391 0
3392 0
3393 0
3394 0
3395 0
3396 0
3397 0
3398 0
3399 0
3400 1
3401 0
3402 0
3403 0
3404 0
3405 0
3406 0
3407 0
3408 0
3409 0
3410 1
3411 0
3412 0
3413 0
3414 0
3415 0
3416 0
3417 0
3418 0
3419 0
3420 0
3421 0
3422 0
3423 0
3424 0
3425 0
3426 0
3427 0
3428 0
3429 0
3430 0
3431 0
3432 0
3433 0
3434 0
3435 0
3436 0
3437 0
3438 0
3439 0
3440 0
3441 0
3442 0
3443 0
3444 0
3445 0
3446 0
3447 0
3448 0
3449 1
3450 0
3451 0
3452 0
3453 0
3454 0
3455 0
3456 0
3457 0
3458 0
3459 0
3460 0
3461 0
3462 0
3463 0
3464 0
3465 0
3466 0
3467 0
3468 0
3469 0
3470 1
3471 0
3472 0
3473 0
3474 0
3475 0
3476 0
3477 0
3478 0
3479 0
3480 0
3481 0
3482 0
3483 0
3484 0
3485 0
3486 0
3487 0
3488 0
3489 0
3490 0
3491 0
3492 0
3493 0
3494 1
3495 0
3496 0
3497 0
3498 0
3499 0
3500 0
3501 0
3502 0
3503 0
3504 0
3505 0
3506 0
3507 0
3508 0
3509 0
3510 0
3511 0
3512 0
3513 0
3514 0
3515 0
3516 0
3517 0
3518 1
3519 0
3520 1
3521 0
3522 0
3523 0
3524 0
3525 0
3526 0
3527 1
3528 0
3529 0
3530 0
3531 0
3532 1
3533 0
3534 0
3535 0
3536 0
3537 0
3538 1
3539 0
3540 0
3541 0
3542 0
3543 0
3544 0
3545 0
3546 0
3547 0
3548 0
3549 0
3550 0
3551 0
3552 0
3553 0
3554 0
3555 0
3556 0
3557 0
3558 0
3559 0
3560 0
3561 0
3562 0
3563 0
3564 0
3565 0
3566 0
3567 0
3568 0
3569 0
3570 0
3571 0
3572 0
3573 0
3574 0
3575 0
3576 0
3577 0
3578 0
3579 0
3580 0
3581 0
3582 0
3583 0
3584 0
3585 0
3586 0
3587 0
3588 0
3589 0
3590 0
3591 0
3592 0
3593 0
3594 0
3595 0
3596 0
3597 0
3598 0
3599 0
3600 0
3601 0
3602 0
3603 0
3604 0
3605 0
3606 0
3607 0
3608 0
3609 0
3610 0
3611 0
3612 0
3613 0
3614 0
3615 0
3616 0
3617 0
3618 0
3619 0
3620 0
3621 0
3622 0
3623 0
3624 0
3625 0
3626 0
3627 0
3628 0
3629 0
3630 0
3631 0
3632 0
3633 0
3634 0
3635 0
3636 0
3637 0
3638 0
3639 0
3640 0
3641 0
3642 0
3643 0
3644 0
3645 0
3646 0
3647 0
3648 0
3649 0
3650 0
3651 0
3652 0
3653 0
3654 0
3655 0
3656 0
3657 0
3658 0
3659 0
3660 0
3661 0
3662 0
3663 0
3664 0
3665 0
3666 0
3667 0
3668 1
3669 0
3670 0
3671 0
3672 0
3673 0
3674 0
3675 0
3676 0
3677 0
3678 0
3679 0
3680 0
3681 0
3682 0
3683 0
3684 0
3685 0
3686 0
3687 0
3688 0
3689 0
3690 0
3691 0
3692 0
3693 0
3694 0
3695 0
3696 0
3697 0
3698 0
3699 0
3700 0
3701 0
3702 0
3703 0
3704 0
3705 0
3706 1
3707 1
3708 0
3709 0
3710 0
3711 0
3712 0
3713 0
3714 0
3715 0
3716 0
3717 1
3718 0
3719 0
3720 0
3721 0
3722 0
3723 0
3724 0
3725 0
3726 0
3727 0
3728 0
3729 0
3730 0
3731 0
3732 0
3733 0
3734 0
3735 0
3736 1
3737 0
3738 0
3739 0
3740 0
3741 0
3742 0
3743 0
3744 0
3745 0
3746 0
3747 0
3748 0
3749 0
3750 0
3751 0
3752 0
3753 0
3754 0
3755 0
3756 0
3757 0
3758 0
3759 0
3760 0
3761 0
3762 0
3763 0
3764 0
3765 0
3766 0
3767 0
3768 0
3769 0
3770 0
3771 0
3772 0
3773 0
3774 0
3775 0
3776 0
3777 0
3778 0
3779 0
3780 0
3781 0
3782 0
3783 0
3784 0
3785 0
3786 0
3787 0
3788 0
3789 0
3790 0
3791 0
3792 0
3793 0
3794 0
3795 0
3796 0
3797 0
3798 0
3799 0
3800 0
3801 0
3802 0
3803 0
3804 0
3805 0
3806 0
3807 0
3808 0
3809 0
3810 0
3811 0
3812 0
3813 0
3814 0
3815 0
3816 0
3817 0
3818 0
3819 0
3820 0
3821 0
3822 0
3823 0
3824 0
3825 0
3826 0
3827 0
3828 0
3829 0
3830 0
3831 0
3832 0
3833 0
3834 0
3835 0
3836 0
3837 0
3838 0
3839 1
3840 0
3841 0
3842 0
3843 0
3844 0
3845 0
3846 0
3847 0
3848 0
3849 0
3850 0
3851 0
3852 0
3853 0
3854 0
3855 0
3856 0
3857 0
3858 0
3859 0
3860 0
3861 0
3862 0
3863 0
3864 0
3865 0
3866 0
3867 0
3868 0
3869 0
3870 0
3871 0
3872 0
3873 0
3874 0
3875 0
3876 0
3877 0
3878 0
3879 0
3880 0
3881 0
3882 0
3883 0
3884 0
3885 0
3886 0
3887 0
3888 0
3889 0
3890 0
3891 0
3892 0
3893 0
3894 0
3895 0
3896 0
3897 0
3898 0
3899 0
3900 0
3901 0
3902 0
3903 0
3904 0
3905 0
3906 0
3907 0
3908 0
3909 0
3910 0
3911 0
3912 0
3913 0
3914 0
3915 0
3916 0
3917 0
3918 0
3919 0
3920 0
3921 0
3922 0
3923 0
3924 0
3925 0
3926 0
3927 0
3928 0
3929 0
3930 0
3931 0
3932 0
3933 0
3934 0
3935 0
3936 0
3937 0
3938 0
3939 0
3940 0
3941 0
3942 0
3943 0
3944 0
3945 0
3946 1
3947 0
3948 0
3949 0
3950 0
3951 0
3952 0
3953 0
3954 0
3955 0
3956 0
3957 0
3958 0
3959 0
3960 0
3961 0
3962 0
3963 0
3964 0
3965 0
3966 0
3967 0
3968 0
3969 0
3970 0
3971 0
3972 0
3973 0
3974 0
3975 0
3976 0
3977 0
3978 0
3979 0
3980 0
3981 0
3982 0
3983 0
3984 0
3985 0
3986 0
3987 0
3988 0
3989 0
3990 0
3991 0
3992 0
3993 0
3994 0
3995 0
3996 0
3997 0
3998 0
3999 0
4000 0
