0 0
1 0
2 0
3 0
4 0
5 0
6 0
7 0
8 0
9 0
10 0
11 0
12 0
13 0
14 0
15 0
16 0
17 0
18 0
19 0
20 0
21 0
22 0
23 0
24 0
25 0
26 0
27 0
28 0
29 0
30 0
31 0
32 0
33 0
34 0
35 0
36 0
37 0
38 0
39 0
40 0
41 0
42 0
43 0
44 0
45 0
46 0
47 0
48 0
49 0
50 0
51 0
52 0
53 0
54 0
55 0
56 0
57 0
58 0
59 0
60 0
61 0
62 0
63 0
64 0
65 0
66 0
67 0
68 0
69 0
70 0
71 0
72 0
73 0
74 0
75 0
76 0
77 0
78 0
79 0
80 0
81 0
82 0
83 0
84 0
85 0
86 0
87 0
88 0
89 0
90 0
91 0
92 0
93 0
94 0
95 0
96 0
97 0
98 0
99 0
100 0
101 0
102 0
103 0
104 0
105 0
106 0
107 0
108 0
109 0
110 0
111 0
112 0
113 0
114 0
115 0
116 0
117 0
118 0
119 0
120 0
121 0
122 0
123 0
124 0
125 0
126 0
127 0
128 0
129 0
130 0
131 0
132 0
133 0
134 0
135 0
136 0
137 0
138 0
139 0
140 0
141 0
142 0
143 0
144 0
145 0
146 0
147 0
148 1
149 0
150 0
151 1
152 1
153 3
154 4
155 6
156 8
157 2
158 1
159 8
160 4
161 4
162 2
163 6
164 6
165 11
166 8
167 6
168 4
169 9
170 5
171 11
172 13
173 13
174 9
175 25
176 41
177 84
178 94
179 114
180 137
181 187
182 207
183 254
184 320
185 430
186 657
187 1188
188 1707
189 2195
190 2706
191 2884
192 3030
193 2912
194 2834
195 2594
196 2441
197 2252
198 1923
199 1750
200 1614
201 1547
202 1315
203 1113
204 1080
205 982
206 930
207 858
208 828
209 827
210 748
211 692
212 650
213 711
214 647
215 696
216 698
217 666
218 711
219 717
220 706
221 687
222 689
223 693
224 690
225 701
226 738
227 761
228 732
229 749
230 777
231 828
232 762
233 748
234 754
235 762
236 815
237 837
238 729
239 793
240 785
241 807
242 798
243 850
244 836
245 860
246 845
247 849
248 791
249 895
250 845
251 846
252 878
253 891
254 882
255 893
256 865
257 896
258 961
259 894
260 926
261 879
262 929
263 910
264 946
265 949
266 862
267 904
268 935
269 939
270 992
271 1005
272 965
273 906
274 964
275 993
276 1009
277 951
278 1013
279 991
280 955
281 941
282 979
283 1000
284 986
285 970
286 1073
287 996
288 1004
289 996
290 1021
291 1071
292 1094
293 1054
294 1055
295 1085
296 1094
297 1078
298 1067
299 1113
300 1115
301 1110
302 1110
303 1091
304 1105
305 1124
306 1105
307 1176
308 1125
309 1102
310 1154
311 1130
312 1208
313 1144
314 1215
315 1212
316 1191
317 1153
318 1169
319 1233
320 1221
321 1252
322 1257
323 1199
324 1325
325 1294
326 1292
327 1261
328 1266
329 1298
330 1285
331 1317
332 1311
333 1374
334 1322
335 1269
336 1313
337 1323
338 1351
339 1357
340 1388
341 1418
342 1373
343 1391
344 1392
345 1345
346 1454
347 1431
348 1470
349 1452
350 1451
351 1439
352 1463
353 1493
354 1486
355 1448
356 1545
357 1564
358 1496
359 1530
360 1579
361 1445
362 1555
363 1615
364 1522
365 1571
366 1534
367 1606
368 1594
369 1605
370 1660
371 1548
372 1617
373 1674
374 1607
375 1663
376 1728
377 1655
378 1671
379 1716
380 1717
381 1734
382 1741
383 1806
384 1725
385 1773
386 1785
387 1800
388 1744
389 1863
390 1816
391 1803
392 1897
393 1910
394 1860
395 1844
396 1871
397 1874
398 1849
399 1892
400 1908
401 1972
402 1979
403 1917
404 1946
405 2011
406 1954
407 1855
408 1941
409 1979
410 1989
411 2016
412 1978
413 1997
414 2027
415 1966
416 2040
417 2107
418 1974
419 1997
420 1977
421 2031
422 2016
423 2091
424 2085
425 2044
426 2088
427 2040
428 2013
429 2083
430 1995
431 2062
432 2113
433 2188
434 2105
435 2079
436 2047
437 2141
438 2013
439 2138
440 2115
441 2174
442 2200
443 2210
444 2258
445 2180
446 2297
447 2098
448 2207
449 2157
450 2089
451 2195
452 2201
453 2264
454 2144
455 2262
456 2172
457 2224
458 2193
459 2170
460 2157
461 2289
462 2156
463 2111
464 2201
465 2152
466 2282
467 2284
468 2202
469 2182
470 2249
471 2273
472 2165
473 2215
474 2287
475 2221
476 2202
477 2214
478 2254
479 2233
480 2185
481 2223
482 2103
483 2130
484 2279
485 2124
486 2197
487 2239
488 2235
489 2186
490 2175
491 2091
492 2230
493 2119
494 2079
495 2036
496 2089
497 2062
498 2176
499 2127
500 2129
501 2021
502 2096
503 2076
504 2144
505 2096
506 2094
507 2137
508 2113
509 2113
510 2082
511 2039
512 2080
513 2075
514 2070
515 2076
516 2042
517 1941
518 2058
519 2038
520 2030
521 2002
522 2012
523 2005
524 1995
525 1879
526 1918
527 1881
528 1972
529 1916
530 1931
531 1956
532 1939
533 1870
534 1844
535 1867
536 1890
537 1892
538 1893
539 1807
540 1917
541 1781
542 1853
543 1895
544 1809
545 1880
546 1740
547 1831
548 1825
549 1729
550 1719
551 1776
552 1715
553 1720
554 1727
555 1672
556 1678
557 1678
558 1652
559 1715
560 1639
561 1637
562 1571
563 1665
564 1617
565 1660
566 1552
567 1522
568 1532
569 1535
570 1532
571 1510
572 1546
573 1472
574 1536
575 1533
576 1518
577 1525
578 1398
579 1515
580 1452
581 1433
582 1390
583 1352
584 1346
585 1376
586 1417
587 1415
588 1416
589 1374
590 1393
591 1339
592 1331
593 1352
594 1370
595 1353
596 1347
597 1336
598 1311
599 1208
600 1209
601 1242
602 1217
603 1256
604 1187
605 1196
606 1216
607 1205
608 1162
609 1208
610 1145
611 1162
612 1111
613 1068
614 1082
615 1130
616 1154
617 1105
618 1098
619 1091
620 1092
621 1082
622 1088
623 1000
624 994
625 1079
626 1026
627 1004
628 1021
629 1001
630 1038
631 992
632 952
633 934
634 952
635 927
636 953
637 894
638 975
639 937
640 946
641 890
642 912
643 828
644 901
645 847
646 852
647 872
648 857
649 828
650 822
651 820
652 805
653 850
654 818
655 814
656 768
657 843
658 767
659 751
660 769
661 716
662 764
663 786
664 745
665 767
666 730
667 679
668 701
669 676
670 692
671 700
672 708
673 692
674 752
675 665
676 688
677 699
678 662
679 651
680 690
681 634
682 646
683 634
684 623
685 623
686 610
687 618
688 607
689 594
690 568
691 566
692 583
693 562
694 558
695 539
696 584
697 593
698 556
699 566
700 575
701 554
702 558
703 548
704 547
705 553
706 600
707 525
708 540
709 517
710 517
711 525
712 508
713 543
714 485
715 514
716 512
717 479
718 460
719 478
720 464
721 484
722 471
723 462
724 483
725 422
726 476
727 456
728 467
729 460
730 432
731 416
732 416
733 441
734 415
735 438
736 420
737 406
738 404
739 429
740 431
741 418
742 395
743 405
744 404
745 399
746 407
747 365
748 408
749 382
750 385
751 388
752 370
753 371
754 384
755 383
756 381
757 340
758 375
759 360
760 325
761 352
762 378
763 364
764 363
765 379
766 327
767 357
768 383
769 325
770 374
771 349
772 340
773 376
774 350
775 349
776 344
777 356
778 343
779 332
780 331
781 319
782 331
783 340
784 371
785 343
786 339
787 316
788 306
789 325
790 322
791 299
792 336
793 336
794 336
795 331
796 324
797 300
798 294
799 303
800 311
801 312
802 349
803 309
804 320
805 333
806 311
807 280
808 303
809 294
810 312
811 315
812 317
813 320
814 341
815 282
816 295
817 306
818 289
819 294
820 316
821 302
822 300
823 331
824 301
825 262
826 269
827 310
828 293
829 305
830 264
831 299
832 283
833 294
834 289
835 312
836 291
837 284
838 298
839 285
840 282
841 263
842 277
843 285
844 300
845 284
846 266
847 268
848 273
849 271
850 291
851 260
852 250
853 245
854 265
855 276
856 270
857 235
858 308
859 284
860 239
861 263
862 294
863 275
864 248
865 282
866 244
867 305
868 282
869 282
870 282
871 255
872 271
873 271
874 261
875 261
876 273
877 270
878 274
879 237
880 267
881 255
882 289
883 246
884 314
885 247
886 270
887 257
888 239
889 287
890 283
891 259
892 280
893 270
894 280
895 242
896 271
897 271
898 251
899 250
900 279
901 269
902 251
903 273
904 277
905 261
906 252
907 248
908 266
909 277
910 286
911 263
912 284
913 263
914 275
915 263
916 264
917 283
918 265
919 280
920 277
921 244
922 243
923 290
924 249
925 277
926 247
927 282
928 260
929 254
930 279
931 279
932 285
933 250
934 205
935 264
936 282
937 277
938 250
939 259
940 281
941 256
942 266
943 265
944 293
945 246
946 250
947 274
948 256
949 260
950 248
951 242
952 246
953 300
954 271
955 262
956 240
957 263
958 277
959 246
960 241
961 249
962 280
963 241
964 273
965 273
966 274
967 215
968 235
969 256
970 263
971 265
972 244
973 244
974 264
975 277
976 269
977 242
978 258
979 233
980 266
981 258
982 233
983 232
984 220
985 241
986 251
987 239
988 266
989 262
990 271
991 246
992 278
993 261
994 264
995 249
996 235
997 257
998 254
999 228
1000 231
1001 259
1002 260
1003 235
1004 255
1005 234
1006 278
1007 273
1008 251
1009 256
1010 267
1011 267
1012 245
1013 220
1014 272
1015 249
1016 258
1017 242
1018 226
1019 241
1020 261
1021 236
1022 223
1023 248
1024 245
1025 272
1026 233
1027 218
1028 241
1029 261
1030 241
1031 255
1032 248
1033 261
1034 232
1035 250
1036 268
1037 227
1038 249
1039 235
1040 234
1041 237
1042 216
1043 223
1044 255
1045 230
1046 230
1047 251
1048 235
1049 231
1050 262
1051 242
1052 217
1053 197
1054 214
1055 234
1056 240
1057 233
1058 228
1059 237
1060 228
1061 238
1062 239
1063 199
1064 225
1065 242
1066 260
1067 218
1068 233
1069 208
1070 265
1071 256
1072 249
1073 208
1074 229
1075 223
1076 216
1077 270
1078 216
1079 208
1080 228
1081 222
1082 227
1083 208
1084 223
1085 191
1086 223
1087 224
1088 232
1089 251
1090 251
1091 230
1092 207
1093 211
1094 212
1095 221
1096 228
1097 196
1098 237
1099 221
1100 226
1101 207
1102 240
1103 205
1104 194
1105 231
1106 226
1107 213
1108 224
1109 224
1110 236
1111 226
1112 218
1113 235
1114 213
1115 225
1116 236
1117 249
1118 238
1119 216
1120 228
1121 207
1122 223
1123 209
1124 189
1125 220
1126 231
1127 202
1128 227
1129 198
1130 202
1131 192
1132 220
1133 186
1134 211
1135 212
1136 223
1137 197
1138 195
1139 191
1140 213
1141 192
1142 193
1143 189
1144 214
1145 190
1146 201
1147 189
1148 211
1149 187
1150 214
1151 213
1152 187
1153 194
1154 204
1155 216
1156 201
1157 163
1158 192
1159 205
1160 188
1161 204
1162 189
1163 195
1164 180
1165 210
1166 189
1167 176
1168 165
1169 208
1170 179
1171 181
1172 180
1173 165
1174 174
1175 189
1176 160
1177 164
1178 182
1179 176
1180 202
1181 188
1182 161
1183 171
1184 181
1185 181
1186 166
1187 176
1188 162
1189 164
1190 171
1191 170
1192 178
1193 195
1194 155
1195 174
1196 185
1197 186
1198 163
1199 167
1200 177
1201 167
1202 169
1203 175
1204 173
1205 159
1206 167
1207 168
1208 156
1209 163
1210 175
1211 155
1212 166
1213 160
1214 166
1215 158
1216 164
1217 156
1218 157
1219 165
1220 154
1221 148
1222 163
1223 172
1224 163
1225 170
1226 160
1227 160
1228 164
1229 151
1230 147
1231 133
1232 147
1233 165
1234 181
1235 139
1236 160
1237 154
1238 149
1239 148
1240 162
1241 153
1242 144
1243 163
1244 155
1245 141
1246 160
1247 156
1248 140
1249 149
1250 149
1251 146
1252 151
1253 134
1254 143
1255 132
1256 140
1257 137
1258 152
1259 128
1260 132
1261 134
1262 128
1263 148
1264 144
1265 130
1266 136
1267 123
1268 139
1269 138
1270 136
1271 109
1272 130
1273 141
1274 134
1275 97
1276 136
1277 136
1278 135
1279 121
1280 127
1281 119
1282 146
1283 131
1284 139
1285 117
1286 113
1287 130
1288 151
1289 130
1290 120
1291 134
1292 123
1293 130
1294 135
1295 105
1296 139
1297 127
1298 129
1299 127
1300 110
1301 131
1302 106
1303 116
1304 129
1305 128
1306 111
1307 113
1308 113
1309 116
1310 107
1311 111
1312 106
1313 106
1314 110
1315 112
1316 116
1317 117
1318 117
1319 124
1320 110
1321 119
1322 106
1323 123
1324 104
1325 115
1326 105
1327 101
1328 101
1329 97
1330 114
1331 90
1332 97
1333 91
1334 109
1335 120
1336 112
1337 106
1338 88
1339 100
1340 113
1341 101
1342 105
1343 113
1344 101
1345 96
1346 90
1347 102
1348 102
1349 106
1350 112
1351 96
1352 90
1353 98
1354 97
1355 99
1356 100
1357 89
1358 80
1359 89
1360 117
1361 99
1362 88
1363 97
1364 97
1365 91
1366 95
1367 73
1368 86
1369 90
1370 105
1371 94
1372 85
1373 81
1374 79
1375 93
1376 77
1377 85
1378 106
1379 91
1380 84
1381 74
1382 86
1383 87
1384 85
1385 104
1386 85
1387 89
1388 95
1389 78
1390 75
1391 76
1392 85
1393 90
1394 83
1395 91
1396 76
1397 100
1398 76
1399 78
1400 78
1401 90
1402 70
1403 75
1404 91
1405 75
1406 79
1407 85
1408 63
1409 86
1410 73
1411 66
1412 81
1413 74
1414 66
1415 67
1416 76
1417 77
1418 69
1419 93
1420 81
1421 73
1422 75
1423 70
1424 81
1425 84
1426 65
1427 78
1428 75
1429 73
1430 75
1431 66
1432 87
1433 70
1434 69
1435 73
1436 80
1437 84
1438 73
1439 65
1440 68
1441 59
1442 66
1443 56
1444 73
1445 69
1446 71
1447 60
1448 44
1449 76
1450 77
1451 58
1452 75
1453 64
1454 51
1455 72
1456 81
1457 53
1458 62
1459 69
1460 79
1461 63
1462 59
1463 52
1464 62
1465 66
1466 66
1467 59
1468 59
1469 52
1470 49
1471 54
1472 68
1473 66
1474 67
1475 58
1476 62
1477 55
1478 40
1479 47
1480 57
1481 54
1482 61
1483 54
1484 53
1485 61
1486 57
1487 51
1488 40
1489 47
1490 51
1491 51
1492 64
1493 51
1494 62
1495 52
1496 37
1497 58
1498 65
1499 52
1500 54
1501 49
1502 49
1503 55
1504 55
1505 48
1506 46
1507 50
1508 51
1509 51
1510 58
1511 43
1512 46
1513 33
1514 51
1515 51
1516 40
1517 52
1518 42
1519 52
1520 51
1521 55
1522 37
1523 37
1524 44
1525 38
1526 41
1527 47
1528 51
1529 42
1530 41
1531 51
1532 41
1533 35
1534 42
1535 43
1536 33
1537 39
1538 43
1539 49
1540 36
1541 53
1542 52
1543 31
1544 35
1545 42
1546 45
1547 39
1548 25
1549 45
1550 39
1551 44
1552 38
1553 41
1554 39
1555 52
1556 36
1557 37
1558 47
1559 38
1560 32
1561 33
1562 46
1563 32
1564 44
1565 28
1566 46
1567 42
1568 37
1569 37
1570 41
1571 35
1572 42
1573 44
1574 29
1575 31
1576 38
1577 32
1578 31
1579 34
1580 32
1581 32
1582 40
1583 41
1584 34
1585 21
1586 40
1587 28
1588 23
1589 32
1590 26
1591 30
1592 33
1593 21
1594 30
1595 28
1596 27
1597 34
1598 38
1599 30
1600 22
1601 32
1602 26
1603 16
1604 16
1605 30
1606 30
1607 24
1608 28
1609 33
1610 29
1611 24
1612 22
1613 41
1614 31
1615 30
1616 26
1617 32
1618 18
1619 19
1620 26
1621 24
1622 31
1623 29
1624 26
1625 26
1626 16
1627 26
1628 22
1629 16
1630 34
1631 21
1632 27
1633 27
1634 31
1635 29
1636 28
1637 24
1638 27
1639 30
1640 26
1641 21
1642 28
1643 21
1644 17
1645 15
1646 27
1647 22
1648 20
1649 18
1650 24
1651 24
1652 28
1653 21
1654 23
1655 16
1656 27
1657 21
1658 19
1659 20
1660 26
1661 20
1662 26
1663 21
1664 17
1665 22
1666 21
1667 30
1668 15
1669 15
1670 18
1671 18
1672 22
1673 17
1674 23
1675 20
1676 17
1677 14
1678 22
1679 21
1680 23
1681 30
1682 22
1683 21
1684 21
1685 23
1686 8
1687 16
1688 21
1689 23
1690 14
1691 19
1692 19
1693 19
1694 15
1695 12
1696 21
1697 16
1698 23
1699 12
1700 17
1701 19
1702 18
1703 17
1704 7
1705 17
1706 15
1707 19
1708 21
1709 20
1710 14
1711 16
1712 22
1713 17
1714 15
1715 19
1716 15
1717 8
1718 12
1719 15
1720 19
1721 18
1722 16
1723 15
1724 12
1725 14
1726 20
1727 21
1728 23
1729 14
1730 8
1731 13
1732 9
1733 12
1734 12
1735 15
1736 16
1737 11
1738 14
1739 17
1740 10
1741 16
1742 11
1743 16
1744 14
1745 12
1746 12
1747 21
1748 9
1749 11
1750 15
1751 7
1752 11
1753 16
1754 9
1755 14
1756 16
1757 10
1758 13
1759 9
1760 12
1761 12
1762 17
1763 17
1764 14
1765 8
1766 10
1767 19
1768 16
1769 7
1770 14
1771 11
1772 15
1773 10
1774 11
1775 6
1776 10
1777 17
1778 16
1779 12
1780 12
1781 10
1782 10
1783 13
1784 7
1785 10
1786 7
1787 9
1788 10
1789 10
1790 9
1791 7
1792 8
1793 11
1794 12
1795 7
1796 11
1797 10
1798 8
1799 10
1800 11
1801 9
1802 9
1803 5
1804 13
1805 7
1806 14
1807 4
1808 13
1809 7
1810 6
1811 13
1812 9
1813 10
1814 9
1815 7
1816 9
1817 8
1818 11
1819 9
1820 7
1821 8
1822 5
1823 5
1824 5
1825 4
1826 9
1827 5
1828 11
1829 9
1830 6
1831 3
1832 3
1833 7
1834 10
1835 10
1836 5
1837 6
1838 5
1839 11
1840 7
1841 7
1842 7
1843 4
1844 4
1845 9
1846 11
1847 6
1848 7
1849 9
1850 4
1851 6
1852 9
1853 10
1854 6
1855 12
1856 7
1857 2
1858 5
1859 6
1860 7
1861 5
1862 4
1863 6
1864 8
1865 6
1866 6
1867 8
1868 6
1869 7
1870 6
1871 8
1872 5
1873 8
1874 5
1875 3
1876 2
1877 5
1878 4
1879 6
1880 5
1881 2
1882 5
1883 3
1884 3
1885 2
1886 3
1887 4
1888 3
1889 3
1890 6
1891 5
1892 4
1893 5
1894 3
1895 6
1896 6
1897 5
1898 3
1899 11
1900 3
1901 4
1902 3
1903 7
1904 5
1905 3
1906 9
1907 1
1908 7
1909 3
1910 5
1911 4
1912 5
1913 4
1914 2
1915 4
1916 3
1917 5
1918 4
1919 3
1920 5
1921 5
1922 5
1923 1
1924 2
1925 1
1926 6
1927 6
1928 3
1929 8
1930 2
1931 1
1932 2
1933 0
1934 6
1935 3
1936 3
1937 2
1938 5
1939 4
1940 2
1941 7
1942 2
1943 2
1944 3
1945 5
1946 2
1947 3
1948 2
1949 1
1950 1
1951 2
1952 6
1953 3
1954 2
1955 3
1956 2
1957 1
1958 3
1959 3
1960 1
1961 0
1962 5
1963 3
1964 3
1965 3
1966 2
1967 4
1968 6
1969 0
1970 2
1971 7
1972 2
1973 2
1974 5
1975 1
1976 1
1977 7
1978 3
1979 2
1980 1
1981 3
1982 5
1983 1
1984 7
1985 2
1986 3
1987 2
1988 7
1989 2
1990 4
1991 2
1992 0
1993 3
1994 2
1995 1
1996 2
1997 3
1998 4
1999 2
2000 0
2001 1
2002 1
2003 2
2004 2
2005 1
2006 4
2007 3
2008 2
2009 2
2010 4
2011 3
2012 1
2013 2
2014 4
2015 3
2016 3
2017 2
2018 3
2019 4
2020 5
2021 3
2022 1
2023 2
2024 0
2025 1
2026 3
2027 3
2028 2
2029 1
2030 0
2031 3
2032 1
2033 2
2034 3
2035 1
2036 0
2037 4
2038 1
2039 1
2040 1
2041 2
2042 1
2043 1
2044 1
2045 3
2046 2
2047 1
2048 3
2049 1
2050 1
2051 0
2052 2
2053 0
2054 4
2055 1
2056 1
2057 0
2058 0
2059 1
2060 0
2061 3
2062 2
2063 1
2064 0
2065 4
2066 1
2067 1
2068 1
2069 1
2070 3
2071 1
2072 0
2073 2
2074 0
2075 1
2076 0
2077 2
2078 2
2079 0
2080 2
2081 2
2082 3
2083 1
2084 3
2085 0
2086 1
2087 1
2088 0
2089 2
2090 0
2091 1
2092 3
2093 0
2094 0
2095 2
2096 3
2097 0
2098 2
2099 0
2100 1
2101 0
2102 0
2103 1
2104 1
2105 3
2106 0
2107 2
2108 0
2109 2
2110 1
2111 1
2112 0
2113 0
2114 2
2115 2
2116 1
2117 0
2118 0
2119 0
2120 0
2121 1
2122 1
2123 0
2124 1
2125 0
2126 2
2127 0
2128 1
2129 2
2130 0
2131 0
2132 0
2133 0
2134 0
2135 1
2136 0
2137 0
2138 0
2139 0
2140 0
2141 0
2142 0
2143 2
2144 2
2145 0
2146 0
2147 0
2148 2
2149 0
2150 0
2151 2
2152 1
2153 0
2154 1
2155 2
2156 2
2157 0
2158 0
2159 0
2160 0
2161 1
2162 0
2163 0
2164 2
2165 0
2166 0
2167 2
2168 0
2169 1
2170 1
2171 1
2172 1
2173 0
2174 1
2175 1
2176 1
2177 1
2178 2
2179 1
2180 0
2181 2
2182 1
2183 1
2184 0
2185 1
2186 0
2187 1
2188 0
2189 2
2190 2
2191 1
2192 2
2193 0
2194 0
2195 0
2196 1
2197 3
2198 2
2199 2
2200 0
2201 0
2202 0
2203 1
2204 0
2205 1
2206 0
2207 0
2208 0
2209 0
2210 0
2211 1
2212 0
2213 1
2214 2
2215 0
2216 0
2217 0
2218 2
2219 1
2220 0
2221 0
2222 3
2223 0
2224 0
2225 1
2226 0
2227 0
2228 0
2229 1
2230 0
2231 2
2232 1
2233 0
2234 1
2235 2
2236 1
2237 1
2238 0
2239 2
2240 0
2241 1
2242 0
2243 0
2244 1
2245 0
2246 0
2247 1
2248 0
2249 3
2250 1
2251 0
2252 0
2253 0
2254 0
2255 1
2256 0
2257 0
2258 0
2259 0
2260 0
2261 0
2262 2
2263 0
2264 1
2265 0
2266 0
2267 1
2268 1
2269 1
2270 1
2271 0
2272 0
2273 0
2274 0
2275 1
2276 0
2277 0
2278 1
2279 1
2280 0
2281 1
2282 0
2283 1
2284 0
2285 0
2286 0
2287 3
2288 1
2289 0
2290 0
2291 0
2292 0
2293 0
2294 0
2295 0
2296 0
2297 1
2298 0
2299 0
2300 0
2301 1
2302 0
2303 0
2304 1
2305 1
2306 0
2307 1
2308 0
2309 0
2310 0
2311 0
2312 0
2313 0
2314 0
2315 0
2316 1
2317 3
2318 0
2319 0
2320 0
2321 0
2322 1
2323 1
2324 0
2325 0
2326 0
2327 0
2328 0
2329 1
2330 0
2331 0
2332 1
2333 0
2334 1
2335 0
2336 1
2337 0
2338 0
2339 0
2340 0
2341 0
2342 0
2343 0
2344 0
2345 0
2346 0
2347 0
2348 1
2349 0
2350 0
2351 0
2352 1
2353 0
2354 0
2355 1
2356 0
2357 1
2358 0
2359 1
2360 0
2361 0
2362 0
2363 0
2364 0
2365 0
2366 0
2367 0
2368 0
2369 1
2370 0
2371 0
2372 0
2373 0
2374 0
2375 0
2376 0
2377 0
2378 0
2379 0
2380 0
2381 0
2382 0
2383 0
2384 0
2385 0
2386 0
2387 0
2388 0
2389 0
2390 1
2391 1
2392 1
2393 1
2394 0
2395 1
2396 0
2397 0
2398 0
2399 0
2400 0
2401 0
2402 0
2403 0
2404 0
2405 1
2406 0
2407 0
2408 0
2409 0
2410 0
2411 0
2412 0
2413 0
2414 1
2415 0
2416 0
2417 0
2418 0
2419 0
2420 0
2421 0
2422 0
2423 0
2424 0
2425 1
2426 0
2427 0
2428 0
2429 0
2430 0
2431 0
2432 0
2433 0
2434 0
2435 0
2436 0
2437 0
2438 0
2439 0
2440 2
2441 0
2442 0
2443 0
2444 0
2445 0
2446 0
2447 1
2448 1
2449 0
2450 0
2451 1
2452 0
2453 0
2454 0
2455 0
2456 0
2457 1
2458 1
2459 0
2460 0
2461 0
2462 0
2463 0
2464 0
2465 0
2466 0
2467 0
2468 0
2469 0
2470 0
2471 0
2472 0
2473 0
2474 0
2475 0
2476 0
2477 0
2478 0
2479 0
2480 0
2481 0
2482 0
2483 0
2484 0
2485 0
2486 0
2487 1
2488 0
2489 0
2490 0
2491 0
2492 0
2493 0
2494 0
2495 0
2496 0
2497 1
2498 0
2499 0
2500 0
2501 0
2502 0
2503 0
2504 0
2505 0
2506 0
2507 0
2508 1
2509 0
2510 0
2511 0
2512 0
2513 0
2514 0
2515 0
2516 0
2517 0
2518 0
2519 0
2520 0
2521 0
2522 0
2523 0
2524 0
2525 0
2526 0
2527 0
2528 1
2529 0
2530 0
2531 0
2532 0
2533 1
2534 1
2535 0
2536 0
2537 0
2538 0
2539 0
2540 0
2541 0
2542 0
2543 0
2544 0
2545 0
2546 0
2547 0
2548 0
2549 0
2550 0
2551 0
2552 0
2553 0
2554 1
2555 0
2556 0
2557 0
2558 0
2559 0
2560 1
2561 0
2562 0
2563 0
2564 0
2565 0
2566 0
2567 0
2568 0
2569 1
2570 0
2571 0
2572 0
2573 0
2574 0
2575 0
2576 0
2577 0
2578 0
2579 0
2580 0
2581 1
2582 0
2583 0
2584 0
2585 0
2586 0
2587 0
2588 0
2589 1
2590 0
2591 0
2592 0
2593 0
2594 0
2595 0
2596 0
2597 0
2598 0
2599 0
2600 0
2601 0
2602 1
2603 0
2604 0
2605 0
2606 0
2607 0
2608 0
2609 0
2610 0
2611 0
2612 0
2613 0
2614 0
2615 0
2616 0
2617 0
2618 0
2619 0
2620 0
2621 0
2622 0
2623 0
2624 0
2625 0
2626 0
2627 0
2628 0
2629 0
2630 0
2631 0
2632 0
2633 0
2634 0
2635 0
2636 0
2637 0
2638 0
2639 0
2640 1
2641 0
2642 0
2643 0
2644 0
2645 0
2646 0
2647 0
2648 0
2649 0
2650 0
2651 0
2652 0
2653 0
2654 0
2655 0
2656 0
2657 0
2658 0
2659 0
2660 0
2661 0
2662 0
2663 0
2664 0
2665 0
2666 0
2667 0
2668 0
2669 0
2670 0
2671 0
2672 0
2673 0
2674 1
2675 1
2676 0
2677 0
2678 0
2679 0
2680 0
2681 0
2682 0
2683 0
2684 0
2685 0
2686 0
2687 0
2688 0
2689 0
2690 0
2691 0
2692 0
2693 0
2694 0
2695 0
2696 0
2697 0
2698 0
2699 0
2700 0
2701 0
2702 0
2703 1
2704 0
2705 0
2706 0
2707 0
2708 0
2709 0
2710 0
2711 0
2712 0
2713 0
2714 1
2715 0
2716 0
2717 0
2718 0
2719 0
2720 0
2721 0
2722 0
2723 0
2724 0
2725 0
2726 0
2727 0
2728 0
2729 0
2730 0
2731 2
2732 0
2733 0
2734 0
2735 0
2736 0
2737 0
2738 0
2739 0
2740 0
2741 0
2742 0
2743 0
2744 0
2745 0
2746 0
2747 0
2748 0
2749 0
2750 0
2751 0
2752 0
2753 1
2754 0
2755 1
2756 0
2757 0
2758 0
2759 0
2760 0
2761 0
2762 0
2763 0
2764 0
2765 0
2766 0
2767 0
2768 0
2769 1
2770 0
2771 0
2772 0
2773 0
2774 0
2775 0
2776 0
2777 0
2778 0
2779 0
2780 0
2781 0
2782 0
2783 0
2784 0
2785 0
2786 0
2787 0
2788 0
2789 0
2790 0
2791 0
2792 0
2793 0
2794 0
2795 0
2796 0
2797 0
2798 0
2799 0
2800 0
2801 0
2802 0
2803 0
2804 0
2805 0
2806 0
2807 0
2808 0
2809 0
2810 0
2811 0
2812 0
2813 0
2814 0
2815 0
2816 0
2817 0
2818 0
2819 0
2820 0
2821 0
2822 0
2823 0
2824 0
2825 0
2826 0
2827 0
2828 1
2829 0
2830 0
2831 0
2832 0
2833 0
2834 0
2835 0
2836 0
2837 0
2838 1
2839 0
2840 0
2841 0
2842 0
2843 0
2844 0
2845 0
2846 0
2847 0
2848 0
2849 0
2850 0
2851 0
2852 1
2853 0
2854 0
2855 0
2856 0
2857 0
2858 0
2859 1
2860 0
2861 0
2862 0
2863 0
2864 0
2865 0
2866 0
2867 0
2868 0
2869 0
2870 0
2871 0
2872 0
2873 0
2874 0
2875 0
2876 0
2877 0
2878 0
2879 0
2880 0
2881 0
2882 0
2883 0
2884 0
2885 0
2886 0
2887 0
2888 0
2889 0
2890 0
2891 0
2892 0
2893 0
2894 0
2895 0
2896 0
2897 0
2898 0
2899 0
2900 0
2901 0
2902 0
2903 0
2904 0
2905 0
2906 0
2907 0
2908 0
2909 0
2910 0
2911 0
2912 0
2913 0
2914 0
2915 0
2916 0
2917 1
2918 0
2919 0
2920 0
2921 0
2922 0
2923 0
2924 0
2925 0
2926 0
2927 0
2928 0
2929 0
2930 0
2931 0
2932 0
2933 0
2934 0
2935 0
2936 0
2937 0
2938 0
2939 0
2940 0
2941 0
2942 0
2943 0
2944 0
2945 0
2946 0
2947 0
2948 0
2949 0
2950 0
2951 0
2952 0
2953 0
2954 0
2955 0
2956 0
2957 0
2958 0
2959 0
2960 0
2961 0
2962 0
2963 0
2964 0
2965 0
2966 0
2967 0
2968 0
2969 0
2970 0
2971 0
2972 0
2973 0
2974 0
2975 0
2976 0
2977 0
2978 0
2979 0
2980 0
2981 0
2982 0
2983 0
2984 0
2985 0
2986 0
2987 0
2988 0
2989 0
2990 0
2991 0
2992 0
2993 0
2994 0
2995 0
2996 0
2997 0
2998 0
2999 0
3000 0
3001 0
3002 0
3003 0
3004 0
3005 0
3006 0
3007 0
3008 0
3009 0
3010 0
3011 0
3012 0
3013 0
3014 0
3015 0
3016 0
3017 0
3018 0
3019 0
3020 0
3021 0
3022 0
3023 0
3024 1
3025 0
3026 0
3027 0
3028 0
3029 0
3030 0
3031 0
3032 0
3033 0
3034 0
3035 0
3036 0
3037 0
3038 0
3039 0
3040 0
3041 0
3042 0
3043 0
3044 0
3045 0
3046 0
3047 0
3048 0
3049 0
3050 1
3051 0
3052 0
3053 0
3054 0
3055 0
3056 0
3057 0
3058 0
3059 0
3060 0
3061 0
3062 0
3063 0
3064 0
3065 0
3066 0
3067 0
3068 0
3069 0
3070 0
3071 0
3072 0
3073 0
3074 0
3075 0
3076 0
3077 0
3078 0
3079 0
3080 0
3081 0
3082 0
3083 0
3084 0
3085 0
3086 0
3087 0
3088 0
3089 0
3090 0
3091 0
3092 0
3093 0
3094 0
3095 0
3096 0
3097 0
3098 0
3099 0
3100 0
3101 0
3102 0
3103 0
3104 1
3105 0
3106 0
3107 0
3108 0
3109 0
3110 0
3111 0
3112 0
3113 0
3114 0
3115 0
3116 0
3117 0
3118 0
3119 0
3120 0
3121 0
3122 0
3123 0
3124 0
3125 0
3126 0
3127 0
3128 0
3129 0
3130 0
3131 0
3132 0
3133 0
3134 0
3135 0
3136 0
3137 0
3138 1
3139 0
3140 0
3141 0
3142 0
3143 0
3144 0
3145 0
3146 0
3147 0
3148 0
3149 0
3150 0
3151 0
3152 0
3153 0
3154 0
3155 0
3156 0
3157 0
3158 0
3159 0
3160 0
3161 0
3162 0
3163 0
3164 0
3165 0
3166 0
3167 0
3168 0
3169 0
3170 0
3171 0
3172 0
3173 0
3174 0
3175 0
3176 0
3177 0
3178 0
3179 0
3180 0
3181 0
3182 0
3183 0
3184 0
3185 0
3186 0
3187 0
3188 0
3189 0
3190 0
3191 0
3192 0
3193 0
3194 0
3195 0
3196 0
3197 0
3198 0
3199 0
3200 0
3201 0
3202 0
3203 0
3204 0
3205 0
3206 0
3207 0
3208 0
3209 0
3210 0
3211 0
3212 0
3213 0
3214 0
3215 0
3216 0
3217 0
3218 0
3219 0
3220 0
3221 0
3222 0
3223 0
3224 0
3225 0
3226 0
3227 0
3228 0
3229 0
3230 0
3231 0
3232 0
3233 0
3234 0
3235 0
3236 0
3237 0
3238 0
3239 0
3240 0
3241 0
3242 1
3243 0
3244 0
3245 0
3246 0
3247 0
3248 0
3249 0
3250 0
3251 0
3252 0
3253 0
3254 0
3255 0
3256 0
3257 1
3258 0
3259 0
3260 0
3261 0
3262 0
3263 0
3264 0
3265 0
3266 0
3267 0
3268 0
3269 0
3270 0
3271 0
3272 0
3273 0
3274 0
3275 0
3276 0
3277 0
3278 0
3279 0
3280 0
3281 0
3282 0
3283 0
3284 0
3285 0
3286 0
3287 0
3288 0
3289 0
3290 0
3291 0
3292 0
3293 0
3294 0
3295 0
3296 0
3297 0
3298 0
3299 0
3300 0
3301 0
3302 0
3303 0
3304 0
3305 0
3306 0
3307 0
3308 0
3309 0
3310 0
3311 0
3312 0
3313 0
3314 0
3315 0
3316 0
3317 0
3318 0
3319 0
3320 0
3321 0
3322 0
3323 1
3324 0
3325 0
3326 0
3327 0
3328 0
3329 0
3330 0
3331 0
3332 0
3333 0
3334 0
3335 0
3336 0
3337 0
3338 0
3339 0
3340 0
3341 0
3342 0
3343 1
3344 0
3345 0
3346 0
3347 0
3348 0
3349 0
3350 0
3351 0
3352 0
3353 0
3354 0
3355 0
3356 0
3357 0
3358 0
3359 0
3360 0
3361 0
3362 0
3363 0
3364 0
3365 0
3366 0
3367 0
3368 0
3369 0
3370 0
3371 0
3372 0
3373 0
3374 0
3375 0
3376 0
3377 0
3378 0
3379 0
3380 0
3381 0
3382 0
3383 0
3384 0
3385 0
3386 0
3387 0
3388 0
3389 0
3390 0
3391 0
3392 0
3393 0
3394 0
3395 0
3396 0
3397 0
3398 0
3399 0
3400 0
3401 0
3402 0
3403 0
3404 0
3405 0
3406 0
3407 0
3408 1
3409 0
3410 0
3411 0
3412 0
3413 0
3414 0
3415 0
3416 0
3417 0
3418 0
3419 0
3420 0
3421 0
3422 0
3423 0
3424 0
3425 0
3426 0
3427 0
3428 0
3429 0
3430 0
3431 0
3432 0
3433 0
3434 0
3435 0
3436 0
3437 0
3438 0
3439 0
3440 0
3441 0
3442 0
3443 0
3444 0
3445 0
3446 1
3447 0
3448 0
3449 0
3450 0
3451 0
3452 0
3453 0
3454 0
3455 0
3456 0
3457 0
3458 0
3459 0
3460 0
3461 0
3462 0
3463 0
3464 0
3465 0
3466 0
3467 0
3468 0
3469 0
3470 0
3471 0
3472 0
3473 0
3474 0
3475 0
3476 0
3477 0
3478 0
3479 0
3480 0
3481 0
3482 0
3483 0
3484 0
3485 0
3486 0
3487 0
3488 0
3489 1
3490 0
3491 0
3492 0
3493 0
3494 0
3495 0
3496 0
3497 0
3498 0
3499 0
3500 0
3501 0
3502 0
3503 0
3504 0
3505 0
3506 0
3507 0
3508 0
3509 0
3510 0
3511 0
3512 0
3513 0
3514 0
3515 0
3516 0
3517 0
3518 0
3519 0
3520 0
3521 0
3522 0
3523 0
3524 0
3525 0
3526 0
3527 0
3528 0
3529 0
3530 0
3531 0
3532 0
3533 0
3534 0
3535 0
3536 1
3537 0
3538 0
3539 0
3540 0
3541 0
3542 0
3543 1
3544 1
3545 0
3546 0
3547 0
3548 0
3549 0
3550 0
3551 0
3552 0
3553 0
3554 0
3555 0
3556 0
3557 0
3558 0
3559 0
3560 0
3561 0
3562 0
3563 0
3564 0
3565 0
3566 0
3567 0
3568 0
3569 0
3570 0
3571 0
3572 1
3573 0
3574 0
3575 0
3576 0
3577 0
3578 0
3579 0
3580 0
3581 0
3582 0
3583 0
3584 0
3585 0
3586 0
3587 0
3588 0
3589 0
3590 0
3591 0
3592 0
3593 0
3594 0
3595 0
3596 0
3597 0
3598 0
3599 0
3600 0
3601 0
3602 0
3603 0
3604 0
3605 0
3606 0
3607 0
3608 0
3609 0
3610 0
3611 0
3612 0
3613 0
3614 0
3615 0
3616 0
3617 0
3618 0
3619 0
3620 0
3621 0
3622 0
3623 0
3624 0
3625 0
3626 0
3627 0
3628 0
3629 0
3630 0
3631 0
3632 0
3633 0
3634 0
3635 0
3636 0
3637 0
3638 0
3639 0
3640 0
3641 0
3642 0
3643 0
3644 0
3645 0
3646 0
3647 0
3648 1
3649 0
3650 0
3651 0
3652 0
3653 0
3654 0
3655 0
3656 0
3657 0
3658 0
3659 0
3660 0
3661 0
3662 0
3663 0
3664 0
3665 0
3666 0
3667 0
3668 0
3669 0
3670 0
3671 0
3672 0
3673 1
3674 0
3675 0
3676 0
3677 0
3678 0
3679 0
3680 0
3681 0
3682 1
3683 0
3684 0
3685 0
3686 0
3687 0
3688 0
3689 0
3690 0
3691 0
3692 0
3693 0
3694 0
3695 0
3696 0
3697 0
3698 0
3699 0
3700 0
3701 0
3702 0
3703 0
3704 0
3705 0
3706 0
3707 0
3708 0
3709 0
3710 0
3711 0
3712 0
3713 0
3714 0
3715 0
3716 0
3717 0
3718 0
3719 0
3720 0
3721 0
3722 0
3723 0
3724 0
3725 0
3726 0
3727 0
3728 0
3729 0
3730 0
3731 0
3732 0
3733 0
3734 0
3735 0
3736 0
3737 0
3738 0
3739 0
3740 0
3741 0
3742 0
3743 0
3744 0
3745 0
3746 0
3747 0
3748 0
3749 0
3750 0
3751 0
3752 0
3753 0
3754 0
3755 0
3756 0
3757 0
3758 0
3759 0
3760 0
3761 0
3762 0
3763 0
3764 0
3765 0
3766 0
3767 0
3768 0
3769 0
3770 0
3771 0
3772 0
3773 0
3774 0
3775 0
3776 0
3777 0
3778 1
3779 0
3780 0
3781 0
3782 0
3783 0
3784 0
3785 0
3786 0
3787 0
3788 0
3789 0
3790 0
3791 0
3792 0
3793 0
3794 0
3795 0
3796 0
3797 0
3798 0
3799 0
3800 0
3801 0
3802 0
3803 0
3804 0
3805 0
3806 0
3807 0
3808 0
3809 0
3810 0
3811 0
3812 0
3813 0
3814 0
3815 0
3816 0
3817 0
3818 0
3819 0
3820 0
3821 0
3822 0
3823 0
3824 0
3825 0
3826 0
3827 0
3828 0
3829 0
3830 0
3831 0
3832 0
3833 0
3834 0
3835 0
3836 0
3837 0
3838 0
3839 0
3840 0
3841 0
3842 0
3843 0
3844 0
3845 0
3846 0
3847 0
3848 0
3849 0
3850 0
3851 0
3852 0
3853 0
3854 0
3855 0
3856 0
3857 0
3858 0
3859 0
3860 0
3861 0
3862 0
3863 0
3864 0
3865 0
3866 0
3867 0
3868 0
3869 0
3870 0
3871 1
3872 0
3873 0
3874 0
3875 1
3876 0
3877 0
3878 0
3879 0
3880 0
3881 0
3882 0
3883 0
3884 0
3885 0
3886 0
3887 0
3888 0
3889 0
3890 0
3891 0
3892 0
3893 0
3894 0
3895 0
3896 0
3897 0
3898 0
3899 0
3900 0
3901 0
3902 1
3903 0
3904 0
3905 0
3906 0
3907 0
3908 0
3909 0
3910 0
3911 0
3912 0
3913 0
3914 0
3915 0
3916 0
3917 0
3918 0
3919 0
3920 0
3921 0
3922 0
3923 0
3924 0
3925 0
3926 0
3927 0
3928 0
3929 1
3930 0
3931 0
3932 0
3933 0
3934 0
3935 0
3936 0
3937 0
3938 0
3939 0
3940 0
3941 0
3942 0
3943 0
3944 0
3945 0
3946 0
3947 0
3948 0
3949 0
3950 0
3951 0
3952 0
3953 0
3954 0
3955 0
3956 0
3957 0
3958 0
3959 0
3960 0
3961 0
3962 0
3963 0
3964 0
3965 0
3966 0
3967 0
3968 0
3969 0
3970 0
3971 0
3972 0
3973 0
3974 0
3975 0
3976 0
3977 0
3978 0
3979 0
3980 0
3981 0
3982 0
3983 0
3984 0
3985 0
3986 0
3987 0
3988 0
3989 0
3990 0
3991 0
3992 0
3993 0
3994 0
3995 0
3996 0
3997 0
3998 0
3999 0
4000 0
