0 0
1 0
2 0
3 0
4 0
5 0
6 0
7 0
8 0
9 0
10 0
11 0
12 0
13 0
14 0
15 0
16 0
17 0
18 0
19 0
20 0
21 0
22 0
23 0
24 0
25 0
26 0
27 0
28 0
29 0
30 0
31 0
32 0
33 0
34 0
35 0
36 0
37 0
38 0
39 0
40 0
41 0
42 0
43 0
44 0
45 0
46 0
47 0
48 0
49 0
50 0
51 0
52 0
53 0
54 0
55 0
56 0
57 0
58 0
59 0
60 0
61 0
62 0
63 0
64 0
65 0
66 0
67 0
68 0
69 0
70 0
71 0
72 0
73 0
74 0
75 0
76 0
77 0
78 0
79 0
80 0
81 0
82 0
83 0
84 0
85 0
86 0
87 0
88 0
89 0
90 0
91 0
92 0
93 0
94 0
95 0
96 0
97 0
98 0
99 0
100 0
101 0
102 0
103 0
104 0
105 0
106 0
107 0
108 0
109 0
110 0
111 0
112 0
113 0
114 0
115 0
116 0
117 0
118 0
119 0
120 0
121 0
122 0
123 0
124 0
125 0
126 0
127 0
128 0
129 0
130 0
131 0
132 0
133 0
134 0
135 0
136 0
137 0
138 0
139 0
140 0
141 0
142 0
143 0
144 0
145 0
146 0
147 0
148 0
149 0
150 0
151 4
152 4
153 12
154 6
155 11
156 9
157 8
158 6
159 2
160 4
161 8
162 3
163 6
164 5
165 4
166 8
167 7
168 4
169 9
170 10
171 16
172 40
173 71
174 127
175 169
176 256
177 346
178 392
179 443
180 515
181 708
182 989
183 1801
184 2866
185 4159
186 5418
187 6542
188 6953
189 7166
190 7095
191 6800
192 6290
193 5776
194 5262
195 4609
196 4211
197 3722
198 3350
199 3062
200 2609
201 2252
202 2008
203 1775
204 1593
205 1428
206 1360
207 1275
208 1176
209 1065
210 1025
211 986
212 1006
213 965
214 950
215 969
216 918
217 932
218 959
219 923
220 910
221 918
222 965
223 969
224 946
225 880
226 949
227 942
228 958
229 943
230 991
231 977
232 971
233 975
234 988
235 949
236 1023
237 973
238 936
239 1002
240 1013
241 989
242 978
243 1047
244 962
245 1017
246 1022
247 1049
248 993
249 998
250 1042
251 983
252 1021
253 960
254 1015
255 1031
256 1014
257 1062
258 1056
259 985
260 962
261 1043
262 1099
263 1046
264 1039
265 1004
266 1043
267 1049
268 979
269 959
270 1110
271 1055
272 1073
273 1061
274 1034
275 1112
276 1013
277 1093
278 1116
279 1041
280 1015
281 1090
282 1068
283 1023
284 1112
285 1041
286 1157
287 1115
288 1090
289 1085
290 1101
291 1071
292 1139
293 1123
294 1076
295 1141
296 1058
297 1108
298 1065
299 1130
300 1082
301 1135
302 1120
303 1111
304 1110
305 1123
306 1069
307 1097
308 1101
309 1102
310 1175
311 1089
312 1116
313 1117
314 1157
315 1094
316 1183
317 1130
318 1097
319 1100
320 1135
321 1061
322 1155
323 1113
324 1099
325 1147
326 1074
327 1053
328 1092
329 1187
330 1139
331 1141
332 1149
333 1145
334 1168
335 1102
336 1142
337 1098
338 1138
339 1136
340 1264
341 1188
342 1148
343 1196
344 1180
345 1226
346 1200
347 1147
348 1176
349 1219
350 1194
351 1201
352 1254
353 1252
354 1230
355 1197
356 1192
357 1219
358 1188
359 1125
360 1199
361 1230
362 1241
363 1219
364 1245
365 1244
366 1186
367 1199
368 1300
369 1214
370 1218
371 1224
372 1349
373 1193
374 1306
375 1248
376 1279
377 1280
378 1270
379 1322
380 1231
381 1223
382 1272
383 1308
384 1263
385 1271
386 1279
387 1289
388 1260
389 1334
390 1264
391 1305
392 1306
393 1352
394 1273
395 1340
396 1347
397 1385
398 1272
399 1276
400 1325
401 1374
402 1340
403 1415
404 1385
405 1330
406 1404
407 1338
408 1318
409 1486
410 1328
411 1406
412 1362
413 1361
414 1372
415 1319
416 1384
417 1407
418 1423
419 1378
420 1403
421 1480
422 1400
423 1479
424 1384
425 1395
426 1423
427 1468
428 1484
429 1445
430 1447
431 1421
432 1468
433 1410
434 1469
435 1441
436 1481
437 1439
438 1474
439 1520
440 1460
441 1447
442 1448
443 1480
444 1464
445 1519
446 1467
447 1478
448 1477
449 1536
450 1549
451 1476
452 1577
453 1536
454 1531
455 1480
456 1504
457 1486
458 1546
459 1582
460 1490
461 1491
462 1580
463 1577
464 1566
465 1512
466 1554
467 1586
468 1542
469 1569
470 1488
471 1541
472 1528
473 1635
474 1570
475 1553
476 1566
477 1518
478 1538
479 1551
480 1513
481 1554
482 1566
483 1562
484 1543
485 1549
486 1567
487 1527
488 1600
489 1560
490 1534
491 1519
492 1609
493 1555
494 1568
495 1533
496 1526
497 1513
498 1493
499 1492
500 1531
501 1461
502 1514
503 1569
504 1535
505 1517
506 1545
507 1498
508 1550
509 1608
510 1513
511 1527
512 1478
513 1506
514 1544
515 1524
516 1460
517 1463
518 1513
519 1479
520 1524
521 1526
522 1598
523 1510
524 1503
525 1475
526 1481
527 1469
528 1418
529 1534
530 1438
531 1445
532 1540
533 1451
534 1486
535 1389
536 1484
537 1382
538 1424
539 1398
540 1355
541 1464
542 1332
543 1387
544 1497
545 1352
546 1405
547 1351
548 1409
549 1407
550 1400
551 1376
552 1376
553 1341
554 1390
555 1363
556 1363
557 1350
558 1333
559 1341
560 1291
561 1314
562 1248
563 1278
564 1291
565 1260
566 1259
567 1282
568 1271
569 1329
570 1210
571 1264
572 1255
573 1239
574 1234
575 1180
576 1337
577 1180
578 1216
579 1218
580 1225
581 1139
582 1172
583 1182
584 1160
585 1151
586 1166
587 1134
588 1188
589 1148
590 1098
591 1146
592 1097
593 1115
594 1130
595 1115
596 1066
597 1130
598 1150
599 1120
600 1023
601 1047
602 1061
603 1075
604 1056
605 1072
606 991
607 1051
608 1029
609 939
610 977
611 1008
612 1033
613 1005
614 961
615 986
616 953
617 933
618 898
619 941
620 986
621 912
622 921
623 964
624 960
625 919
626 979
627 903
628 869
629 897
630 936
631 900
632 904
633 878
634 860
635 841
636 849
637 853
638 840
639 853
640 805
641 827
642 828
643 808
644 800
645 829
646 816
647 832
648 815
649 776
650 809
651 774
652 748
653 740
654 688
655 743
656 755
657 730
658 730
659 737
660 696
661 722
662 702
663 728
664 711
665 673
666 707
667 691
668 650
669 635
670 626
671 634
672 640
673 678
674 633
675 667
676 659
677 636
678 587
679 650
680 627
681 590
682 610
683 617
684 644
685 572
686 615
687 574
688 550
689 527
690 544
691 606
692 552
693 594
694 545
695 534
696 529
697 543
698 552
699 549
700 505
701 531
702 508
703 484
704 511
705 481
706 504
707 507
708 462
709 481
710 477
711 471
712 452
713 478
714 504
715 482
716 446
717 459
718 469
719 489
720 415
721 447
722 430
723 444
724 474
725 408
726 449
727 444
728 437
729 408
730 434
731 419
732 395
733 363
734 417
735 417
736 416
737 416
738 385
739 378
740 384
741 405
742 342
743 357
744 359
745 360
746 370
747 393
748 392
749 370
750 363
751 355
752 348
753 358
754 347
755 362
756 335
757 339
758 338
759 334
760 346
761 336
762 315
763 342
764 337
765 349
766 337
767 320
768 323
769 333
770 309
771 336
772 310
773 279
774 290
775 290
776 292
777 296
778 292
779 313
780 279
781 280
782 339
783 291
784 280
785 302
786 277
787 268
788 283
789 283
790 276
791 305
792 254
793 276
794 304
795 273
796 244
797 262
798 293
799 271
800 283
801 264
802 290
803 295
804 262
805 233
806 240
807 262
808 266
809 257
810 266
811 244
812 270
813 241
814 262
815 244
816 249
817 273
818 268
819 254
820 258
821 237
822 252
823 246
824 230
825 250
826 245
827 261
828 239
829 278
830 247
831 226
832 215
833 244
834 229
835 230
836 248
837 242
838 230
839 207
840 215
841 233
842 195
843 224
844 261
845 229
846 242
847 229
848 256
849 227
850 213
851 203
852 193
853 222
854 245
855 234
856 228
857 221
858 235
859 241
860 228
861 188
862 212
863 198
864 211
865 236
866 196
867 211
868 191
869 200
870 175
871 199
872 202
873 190
874 231
875 196
876 232
877 181
878 200
879 227
880 208
881 202
882 211
883 217
884 200
885 192
886 210
887 185
888 185
889 189
890 214
891 182
892 168
893 187
894 194
895 201
896 216
897 221
898 206
899 193
900 228
901 178
902 196
903 199
904 200
905 217
906 187
907 220
908 207
909 172
910 201
911 239
912 189
913 190
914 179
915 169
916 197
917 185
918 203
919 215
920 165
921 181
922 194
923 175
924 199
925 192
926 174
927 178
928 200
929 184
930 152
931 192
932 191
933 203
934 173
935 189
936 217
937 158
938 197
939 170
940 205
941 178
942 193
943 192
944 181
945 194
946 202
947 185
948 183
949 186
950 174
951 179
952 169
953 167
954 193
955 179
956 195
957 174
958 195
959 178
960 196
961 182
962 174
963 177
964 166
965 157
966 161
967 177
968 200
969 197
970 168
971 176
972 193
973 169
974 183
975 184
976 180
977 205
978 180
979 172
980 167
981 189
982 165
983 179
984 178
985 193
986 182
987 169
988 180
989 173
990 156
991 202
992 161
993 183
994 189
995 183
996 167
997 164
998 184
999 173
1000 179
1001 188
1002 174
1003 178
1004 155
1005 178
1006 179
1007 194
1008 170
1009 164
1010 162
1011 165
1012 172
1013 199
1014 179
1015 170
1016 177
1017 169
1018 164
1019 176
1020 181
1021 174
1022 186
1023 162
1024 171
1025 170
1026 172
1027 153
1028 181
1029 181
1030 177
1031 173
1032 168
1033 180
1034 169
1035 156
1036 154
1037 154
1038 170
1039 161
1040 164
1041 157
1042 194
1043 159
1044 177
1045 156
1046 170
1047 157
1048 161
1049 169
1050 154
1051 150
1052 180
1053 176
1054 177
1055 168
1056 176
1057 168
1058 178
1059 175
1060 154
1061 160
1062 157
1063 174
1064 147
1065 176
1066 144
1067 167
1068 155
1069 157
1070 153
1071 167
1072 161
1073 169
1074 181
1075 159
1076 143
1077 156
1078 161
1079 157
1080 144
1081 171
1082 145
1083 178
1084 166
1085 159
1086 174
1087 160
1088 173
1089 161
1090 162
1091 173
1092 171
1093 174
1094 135
1095 165
1096 173
1097 152
1098 173
1099 153
1100 166
1101 159
1102 141
1103 147
1104 165
1105 159
1106 142
1107 162
1108 158
1109 133
1110 179
1111 155
1112 170
1113 132
1114 153
1115 166
1116 176
1117 145
1118 159
1119 137
1120 143
1121 156
1122 133
1123 143
1124 151
1125 165
1126 138
1127 181
1128 157
1129 150
1130 161
1131 173
1132 147
1133 147
1134 140
1135 136
1136 162
1137 165
1138 141
1139 150
1140 158
1141 139
1142 151
1143 140
1144 159
1145 153
1146 172
1147 157
1148 133
1149 143
1150 142
1151 170
1152 148
1153 122
1154 141
1155 136
1156 145
1157 156
1158 130
1159 161
1160 153
1161 133
1162 140
1163 140
1164 116
1165 137
1166 149
1167 133
1168 120
1169 147
1170 155
1171 147
1172 145
1173 158
1174 144
1175 140
1176 122
1177 147
1178 122
1179 126
1180 149
1181 156
1182 146
1183 142
1184 137
1185 146
1186 124
1187 157
1188 123
1189 139
1190 122
1191 133
1192 135
1193 142
1194 139
1195 150
1196 145
1197 126
1198 142
1199 126
1200 126
1201 118
1202 134
1203 135
1204 131
1205 122
1206 131
1207 128
1208 131
1209 152
1210 129
1211 120
1212 141
1213 139
1214 147
1215 138
1216 107
1217 135
1218 152
1219 114
1220 126
1221 129
1222 115
1223 128
1224 132
1225 132
1226 119
1227 127
1228 137
1229 131
1230 109
1231 121
1232 134
1233 123
1234 130
1235 118
1236 129
1237 139
1238 127
1239 111
1240 103
1241 131
1242 125
1243 103
1244 131
1245 115
1246 100
1247 116
1248 108
1249 110
1250 111
1251 94
1252 129
1253 111
1254 104
1255 124
1256 108
1257 101
1258 113
1259 130
1260 122
1261 103
1262 106
1263 114
1264 97
1265 121
1266 107
1267 95
1268 112
1269 102
1270 109
1271 124
1272 113
1273 119
1274 109
1275 111
1276 115
1277 93
1278 106
1279 117
1280 101
1281 96
1282 117
1283 100
1284 116
1285 94
1286 94
1287 105
1288 104
1289 104
1290 129
1291 108
1292 87
1293 104
1294 101
1295 85
1296 101
1297 88
1298 106
1299 96
1300 103
1301 90
1302 94
1303 90
1304 111
1305 105
1306 102
1307 113
1308 117
1309 82
1310 104
1311 96
1312 89
1313 83
1314 107
1315 96
1316 95
1317 104
1318 85
1319 82
1320 70
1321 77
1322 103
1323 84
1324 98
1325 103
1326 77
1327 86
1328 76
1329 87
1330 65
1331 77
1332 123
1333 100
1334 102
1335 85
1336 82
1337 73
1338 99
1339 88
1340 79
1341 88
1342 64
1343 87
1344 96
1345 93
1346 85
1347 76
1348 82
1349 75
1350 85
1351 95
1352 97
1353 79
1354 84
1355 75
1356 99
1357 64
1358 97
1359 76
1360 84
1361 66
1362 86
1363 66
1364 105
1365 70
1366 77
1367 85
1368 75
1369 83
1370 74
1371 81
1372 78
1373 79
1374 81
1375 79
1376 69
1377 68
1378 70
1379 78
1380 76
1381 78
1382 69
1383 77
1384 72
1385 73
1386 66
1387 86
1388 62
1389 67
1390 83
1391 63
1392 75
1393 62
1394 69
1395 75
1396 74
1397 66
1398 79
1399 77
1400 62
1401 81
1402 69
1403 80
1404 65
1405 59
1406 66
1407 66
1408 69
1409 59
1410 64
1411 67
1412 76
1413 51
1414 76
1415 58
1416 75
1417 73
1418 70
1419 56
1420 62
1421 62
1422 62
1423 69
1424 68
1425 62
1426 62
1427 61
1428 55
1429 59
1430 57
1431 64
1432 58
1433 62
1434 59
1435 71
1436 64
1437 62
1438 47
1439 54
1440 58
1441 59
1442 56
1443 50
1444 54
1445 51
1446 52
1447 46
1448 50
1449 58
1450 53
1451 41
1452 50
1453 59
1454 49
1455 42
1456 55
1457 62
1458 61
1459 53
1460 59
1461 58
1462 55
1463 57
1464 40
1465 43
1466 44
1467 48
1468 52
1469 45
1470 47
1471 63
1472 49
1473 40
1474 40
1475 45
1476 50
1477 51
1478 49
1479 60
1480 46
1481 34
1482 45
1483 49
1484 40
1485 41
1486 50
1487 33
1488 52
1489 45
1490 36
1491 40
1492 64
1493 36
1494 51
1495 51
1496 35
1497 39
1498 37
1499 55
1500 43
1501 42
1502 48
1503 37
1504 50
1505 38
1506 48
1507 35
1508 46
1509 44
1510 39
1511 31
1512 50
1513 47
1514 46
1515 46
1516 47
1517 47
1518 47
1519 39
1520 43
1521 31
1522 35
1523 46
1524 41
1525 48
1526 19
1527 42
1528 48
1529 41
1530 42
1531 43
1532 40
1533 40
1534 26
1535 40
1536 36
1537 38
1538 33
1539 29
1540 38
1541 41
1542 28
1543 36
1544 30
1545 30
1546 35
1547 46
1548 31
1549 29
1550 36
1551 40
1552 38
1553 36
1554 28
1555 26
1556 32
1557 29
1558 37
1559 31
1560 25
1561 34
1562 33
1563 23
1564 32
1565 22
1566 23
1567 28
1568 35
1569 31
1570 27
1571 30
1572 28
1573 33
1574 35
1575 38
1576 24
1577 38
1578 27
1579 24
1580 28
1581 32
1582 36
1583 29
1584 23
1585 32
1586 38
1587 36
1588 29
1589 26
1590 24
1591 25
1592 23
1593 30
1594 37
1595 41
1596 31
1597 32
1598 36
1599 28
1600 20
1601 30
1602 24
1603 34
1604 33
1605 27
1606 31
1607 30
1608 25
1609 35
1610 33
1611 28
1612 35
1613 29
1614 20
1615 25
1616 28
1617 24
1618 21
1619 28
1620 26
1621 20
1622 22
1623 23
1624 18
1625 18
1626 29
1627 23
1628 26
1629 26
1630 26
1631 22
1632 16
1633 29
1634 32
1635 28
1636 12
1637 22
1638 25
1639 14
1640 27
1641 24
1642 27
1643 20
1644 19
1645 18
1646 20
1647 16
1648 28
1649 16
1650 15
1651 23
1652 22
1653 24
1654 21
1655 27
1656 22
1657 12
1658 23
1659 24
1660 19
1661 15
1662 21
1663 17
1664 22
1665 21
1666 17
1667 24
1668 17
1669 18
1670 26
1671 21
1672 18
1673 20
1674 21
1675 17
1676 21
1677 18
1678 13
1679 23
1680 17
1681 12
1682 16
1683 22
1684 13
1685 17
1686 21
1687 19
1688 23
1689 15
1690 18
1691 22
1692 15
1693 16
1694 25
1695 18
1696 20
1697 12
1698 15
1699 12
1700 20
1701 16
1702 14
1703 17
1704 14
1705 15
1706 14
1707 15
1708 13
1709 21
1710 14
1711 18
1712 17
1713 15
1714 14
1715 15
1716 19
1717 13
1718 10
1719 17
1720 12
1721 15
1722 15
1723 22
1724 13
1725 14
1726 13
1727 14
1728 13
1729 14
1730 11
1731 12
1732 23
1733 17
1734 13
1735 8
1736 14
1737 10
1738 15
1739 11
1740 14
1741 12
1742 12
1743 17
1744 19
1745 10
1746 10
1747 13
1748 9
1749 15
1750 19
1751 14
1752 11
1753 18
1754 18
1755 13
1756 12
1757 11
1758 8
1759 13
1760 20
1761 5
1762 12
1763 11
1764 13
1765 12
1766 13
1767 10
1768 8
1769 13
1770 10
1771 12
1772 12
1773 14
1774 9
1775 18
1776 15
1777 11
1778 15
1779 12
1780 11
1781 12
1782 5
1783 12
1784 14
1785 10
1786 9
1787 7
1788 12
1789 7
1790 14
1791 11
1792 9
1793 7
1794 9
1795 5
1796 9
1797 10
1798 6
1799 16
1800 7
1801 14
1802 9
1803 12
1804 10
1805 16
1806 11
1807 7
1808 7
1809 8
1810 12
1811 5
1812 7
1813 9
1814 6
1815 5
1816 15
1817 9
1818 8
1819 9
1820 16
1821 6
1822 11
1823 13
1824 11
1825 9
1826 11
1827 8
1828 12
1829 9
1830 9
1831 11
1832 9
1833 5
1834 4
1835 10
1836 9
1837 3
1838 7
1839 11
1840 6
1841 8
1842 5
1843 7
1844 3
1845 5
1846 5
1847 6
1848 6
1849 8
1850 7
1851 9
1852 12
1853 4
1854 7
1855 3
1856 8
1857 7
1858 5
1859 4
1860 8
1861 3
1862 2
1863 15
1864 5
1865 6
1866 6
1867 12
1868 9
1869 5
1870 4
1871 5
1872 7
1873 8
1874 5
1875 3
1876 8
1877 7
1878 7
1879 3
1880 6
1881 11
1882 5
1883 4
1884 4
1885 9
1886 2
1887 5
1888 4
1889 2
1890 9
1891 2
1892 6
1893 4
1894 7
1895 7
1896 8
1897 11
1898 5
1899 3
1900 2
1901 7
1902 6
1903 3
1904 2
1905 2
1906 4
1907 5
1908 7
1909 7
1910 4
1911 5
1912 6
1913 2
1914 6
1915 4
1916 5
1917 5
1918 5
1919 5
1920 6
1921 2
1922 1
1923 4
1924 3
1925 4
1926 3
1927 5
1928 6
1929 5
1930 4
1931 3
1932 3
1933 7
1934 4
1935 3
1936 7
1937 2
1938 5
1939 1
1940 1
1941 2
1942 5
1943 7
1944 2
1945 2
1946 8
1947 5
1948 7
1949 0
1950 6
1951 3
1952 5
1953 4
1954 5
1955 4
1956 2
1957 1
1958 0
1959 3
1960 5
1961 4
1962 6
1963 2
1964 6
1965 2
1966 3
1967 1
1968 3
1969 2
1970 5
1971 3
1972 2
1973 5
1974 4
1975 3
1976 5
1977 1
1978 2
1979 1
1980 0
1981 1
1982 3
1983 5
1984 2
1985 4
1986 4
1987 1
1988 7
1989 3
1990 5
1991 4
1992 0
1993 1
1994 4
1995 4
1996 7
1997 2
1998 4
1999 4
2000 3
2001 3
2002 4
2003 3
2004 4
2005 2
2006 3
2007 0
2008 2
2009 4
2010 5
2011 5
2012 1
2013 4
2014 1
2015 1
2016 1
2017 0
2018 4
2019 3
2020 2
2021 4
2022 2
2023 2
2024 4
2025 3
2026 1
2027 3
2028 1
2029 1
2030 4
2031 2
2032 0
2033 2
2034 0
2035 3
2036 1
2037 1
2038 2
2039 1
2040 3
2041 4
2042 1
2043 3
2044 1
2045 2
2046 3
2047 2
2048 3
2049 1
2050 2
2051 3
2052 2
2053 0
2054 0
2055 2
2056 2
2057 2
2058 1
2059 0
2060 1
2061 1
2062 2
2063 2
2064 1
2065 1
2066 3
2067 1
2068 1
2069 0
2070 4
2071 3
2072 0
2073 1
2074 3
2075 1
2076 1
2077 2
2078 0
2079 5
2080 2
2081 1
2082 0
2083 0
2084 1
2085 0
2086 1
2087 1
2088 1
2089 2
2090 2
2091 2
2092 2
2093 1
2094 1
2095 2
2096 2
2097 0
2098 4
2099 0
2100 3
2101 1
2102 1
2103 0
2104 2
2105 1
2106 4
2107 2
2108 0
2109 0
2110 1
2111 2
2112 5
2113 0
2114 3
2115 1
2116 1
2117 1
2118 2
2119 1
2120 2
2121 1
2122 0
2123 2
2124 2
2125 2
2126 2
2127 2
2128 0
2129 1
2130 2
2131 0
2132 0
2133 0
2134 2
2135 1
2136 1
2137 2
2138 0
2139 2
2140 2
2141 0
2142 0
2143 1
2144 1
2145 2
2146 2
2147 2
2148 1
2149 0
2150 1
2151 0
2152 1
2153 2
2154 0
2155 0
2156 2
2157 1
2158 3
2159 2
2160 0
2161 2
2162 1
2163 0
2164 0
2165 1
2166 0
2167 0
2168 1
2169 1
2170 1
2171 1
2172 0
2173 1
2174 0
2175 0
2176 0
2177 0
2178 2
2179 1
2180 0
2181 0
2182 0
2183 1
2184 1
2185 0
2186 0
2187 1
2188 0
2189 0
2190 2
2191 4
2192 0
2193 1
2194 0
2195 0
2196 0
2197 0
2198 0
2199 0
2200 0
2201 0
2202 0
2203 1
2204 0
2205 0
2206 2
2207 0
2208 0
2209 2
2210 2
2211 1
2212 0
2213 0
2214 1
2215 0
2216 0
2217 2
2218 2
2219 1
2220 1
2221 1
2222 2
2223 2
2224 0
2225 0
2226 1
2227 1
2228 1
2229 1
2230 2
2231 0
2232 2
2233 1
2234 0
2235 0
2236 0
2237 0
2238 0
2239 0
2240 0
2241 1
2242 3
2243 0
2244 0
2245 1
2246 1
2247 1
2248 0
2249 2
2250 2
2251 0
2252 0
2253 0
2254 0
2255 2
2256 2
2257 3
2258 0
2259 2
2260 0
2261 1
2262 0
2263 0
2264 1
2265 0
2266 3
2267 0
2268 0
2269 1
2270 1
2271 0
2272 0
2273 0
2274 0
2275 1
2276 0
2277 2
2278 1
2279 1
2280 0
2281 0
2282 1
2283 0
2284 1
2285 1
2286 1
2287 0
2288 1
2289 0
2290 0
2291 1
2292 1
2293 0
2294 0
2295 0
2296 0
2297 0
2298 1
2299 2
2300 1
2301 0
2302 1
2303 0
2304 0
2305 1
2306 1
2307 0
2308 1
2309 0
2310 0
2311 2
2312 0
2313 0
2314 1
2315 0
2316 0
2317 0
2318 0
2319 0
2320 0
2321 1
2322 0
2323 0
2324 0
2325 1
2326 0
2327 0
2328 0
2329 0
2330 0
2331 0
2332 0
2333 0
2334 0
2335 0
2336 0
2337 0
2338 1
2339 2
2340 0
2341 0
2342 1
2343 0
2344 0
2345 1
2346 0
2347 0
2348 0
2349 0
2350 0
2351 0
2352 0
2353 0
2354 0
2355 0
2356 1
2357 0
2358 1
2359 3
2360 0
2361 1
2362 1
2363 0
2364 0
2365 0
2366 1
2367 1
2368 0
2369 1
2370 0
2371 1
2372 0
2373 0
2374 0
2375 1
2376 0
2377 1
2378 1
2379 0
2380 0
2381 0
2382 1
2383 0
2384 0
2385 0
2386 0
2387 0
2388 0
2389 2
2390 0
2391 0
2392 1
2393 0
2394 0
2395 0
2396 1
2397 0
2398 0
2399 2
2400 0
2401 0
2402 1
2403 1
2404 1
2405 0
2406 1
2407 1
2408 0
2409 0
2410 0
2411 0
2412 0
2413 0
2414 0
2415 1
2416 0
2417 0
2418 0
2419 0
2420 0
2421 0
2422 0
2423 1
2424 0
2425 1
2426 0
2427 1
2428 0
2429 1
2430 0
2431 0
2432 0
2433 0
2434 0
2435 1
2436 0
2437 0
2438 0
2439 0
2440 1
2441 1
2442 1
2443 0
2444 0
2445 1
2446 0
2447 0
2448 0
2449 0
2450 0
2451 1
2452 0
2453 0
2454 0
2455 0
2456 0
2457 0
2458 1
2459 0
2460 0
2461 0
2462 1
2463 0
2464 0
2465 0
2466 0
2467 0
2468 0
2469 0
2470 0
2471 0
2472 0
2473 0
2474 1
2475 0
2476 0
2477 0
2478 0
2479 0
2480 1
2481 0
2482 0
2483 0
2484 1
2485 0
2486 0
2487 0
2488 0
2489 0
2490 0
2491 0
2492 0
2493 0
2494 0
2495 2
2496 1
2497 0
2498 0
2499 0
2500 0
2501 0
2502 0
2503 0
2504 1
2505 0
2506 1
2507 0
2508 0
2509 0
2510 0
2511 0
2512 0
2513 0
2514 1
2515 0
2516 0
2517 0
2518 0
2519 0
2520 0
2521 0
2522 0
2523 0
2524 0
2525 0
2526 0
2527 0
2528 0
2529 0
2530 0
2531 1
2532 0
2533 0
2534 0
2535 1
2536 0
2537 0
2538 0
2539 0
2540 0
2541 1
2542 0
2543 0
2544 0
2545 0
2546 0
2547 0
2548 0
2549 0
2550 0
2551 0
2552 0
2553 0
2554 0
2555 0
2556 0
2557 0
2558 0
2559 0
2560 1
2561 0
2562 0
2563 0
2564 0
2565 0
2566 0
2567 0
2568 0
2569 0
2570 2
2571 0
2572 0
2573 0
2574 0
2575 0
2576 0
2577 0
2578 0
2579 0
2580 0
2581 0
2582 0
2583 0
2584 0
2585 0
2586 0
2587 0
2588 0
2589 0
2590 0
2591 0
2592 0
2593 0
2594 0
2595 0
2596 0
2597 0
2598 0
2599 0
2600 0
2601 0
2602 0
2603 0
2604 0
2605 0
2606 0
2607 0
2608 0
2609 0
2610 0
2611 0
2612 1
2613 1
2614 0
2615 0
2616 1
2617 0
2618 0
2619 0
2620 0
2621 0
2622 0
2623 0
2624 0
2625 0
2626 0
2627 0
2628 0
2629 0
2630 0
2631 0
2632 0
2633 0
2634 0
2635 0
2636 0
2637 0
2638 0
2639 0
2640 0
2641 1
2642 0
2643 0
2644 0
2645 0
2646 0
2647 0
2648 0
2649 0
2650 0
2651 0
2652 0
2653 0
2654 0
2655 0
2656 0
2657 0
2658 0
2659 0
2660 0
2661 0
2662 0
2663 0
2664 0
2665 0
2666 0
2667 1
2668 0
2669 0
2670 0
2671 0
2672 0
2673 0
2674 0
2675 0
2676 0
2677 0
2678 0
2679 0
2680 0
2681 0
2682 0
2683 0
2684 0
2685 0
2686 0
2687 0
2688 0
2689 0
2690 0
2691 0
2692 0
2693 0
2694 0
2695 0
2696 0
2697 0
2698 0
2699 0
2700 0
2701 0
2702 0
2703 0
2704 0
2705 0
2706 0
2707 0
2708 0
2709 0
2710 0
2711 0
2712 0
2713 0
2714 0
2715 0
2716 0
2717 0
2718 0
2719 0
2720 0
2721 0
2722 0
2723 0
2724 0
2725 0
2726 0
2727 0
2728 0
2729 0
2730 0
2731 0
2732 0
2733 0
2734 0
2735 0
2736 0
2737 0
2738 0
2739 0
2740 1
2741 0
2742 0
2743 0
2744 0
2745 0
2746 0
2747 0
2748 0
2749 0
2750 0
2751 0
2752 0
2753 0
2754 0
2755 0
2756 1
2757 0
2758 0
2759 0
2760 0
2761 0
2762 0
2763 1
2764 0
2765 0
2766 0
2767 0
2768 0
2769 0
2770 0
2771 0
2772 0
2773 0
2774 0
2775 0
2776 0
2777 0
2778 0
2779 0
2780 1
2781 0
2782 0
2783 0
2784 0
2785 0
2786 0
2787 0
2788 0
2789 0
2790 0
2791 0
2792 0
2793 0
2794 0
2795 0
2796 0
2797 0
2798 0
2799 0
2800 0
2801 0
2802 0
2803 0
2804 0
2805 0
2806 0
2807 0
2808 0
2809 0
2810 0
2811 2
2812 0
2813 0
2814 0
2815 0
2816 0
2817 0
2818 0
2819 0
2820 0
2821 0
2822 0
2823 0
2824 0
2825 0
2826 0
2827 0
2828 0
2829 0
2830 0
2831 0
2832 0
2833 0
2834 0
2835 0
2836 0
2837 0
2838 1
2839 0
2840 0
2841 0
2842 0
2843 0
2844 0
2845 0
2846 0
2847 0
2848 0
2849 0
2850 0
2851 0
2852 0
2853 0
2854 0
2855 0
2856 0
2857 0
2858 0
2859 0
2860 0
2861 0
2862 0
2863 0
2864 0
2865 0
2866 0
2867 0
2868 0
2869 0
2870 0
2871 0
2872 1
2873 0
2874 0
2875 0
2876 1
2877 0
2878 0
2879 0
2880 0
2881 0
2882 0
2883 0
2884 0
2885 0
2886 0
2887 0
2888 0
2889 0
2890 0
2891 0
2892 0
2893 0
2894 0
2895 0
2896 0
2897 0
2898 0
2899 0
2900 0
2901 0
2902 1
2903 0
2904 0
2905 0
2906 0
2907 0
2908 0
2909 0
2910 1
2911 0
2912 0
2913 0
2914 0
2915 0
2916 0
2917 0
2918 0
2919 0
2920 0
2921 0
2922 0
2923 0
2924 0
2925 0
2926 0
2927 0
2928 0
2929 0
2930 0
2931 0
2932 0
2933 0
2934 0
2935 0
2936 0
2937 0
2938 0
2939 0
2940 0
2941 0
2942 0
2943 0
2944 0
2945 0
2946 0
2947 0
2948 0
2949 0
2950 0
2951 0
2952 0
2953 0
2954 0
2955 0
2956 0
2957 0
2958 0
2959 0
2960 0
2961 0
2962 0
2963 0
2964 0
2965 0
2966 0
2967 0
2968 0
2969 0
2970 0
2971 0
2972 0
2973 0
2974 0
2975 0
2976 0
2977 0
2978 0
2979 0
2980 0
2981 0
2982 0
2983 0
2984 0
2985 0
2986 0
2987 0
2988 0
2989 0
2990 0
2991 0
2992 0
2993 0
2994 0
2995 0
2996 0
2997 0
2998 0
2999 0
3000 0
3001 0
3002 0
3003 0
3004 0
3005 0
3006 1
3007 0
3008 0
3009 0
3010 0
3011 0
3012 0
3013 0
3014 0
3015 0
3016 0
3017 0
3018 0
3019 1
3020 0
3021 0
3022 0
3023 0
3024 0
3025 0
3026 0
3027 0
3028 0
3029 0
3030 1
3031 0
3032 0
3033 0
3034 0
3035 0
3036 0
3037 0
3038 0
3039 0
3040 0
3041 0
3042 0
3043 0
3044 0
3045 0
3046 0
3047 0
3048 0
3049 0
3050 0
3051 0
3052 0
3053 0
3054 0
3055 0
3056 0
3057 0
3058 0
3059 0
3060 1
3061 0
3062 0
3063 0
3064 0
3065 0
3066 0
3067 0
3068 0
3069 0
3070 0
3071 0
3072 0
3073 0
3074 0
3075 0
3076 0
3077 0
3078 0
3079 0
3080 0
3081 0
3082 0
3083 0
3084 0
3085 0
3086 0
3087 0
3088 0
3089 0
3090 0
3091 0
3092 0
3093 0
3094 0
3095 0
3096 0
3097 0
3098 0
3099 0
3100 0
3101 0
3102 0
3103 0
3104 0
3105 0
3106 0
3107 0
3108 0
3109 0
3110 0
3111 0
3112 0
3113 0
3114 0
3115 1
3116 0
3117 0
3118 0
3119 0
3120 0
3121 0
3122 0
3123 0
3124 0
3125 0
3126 0
3127 0
3128 0
3129 0
3130 0
3131 0
3132 0
3133 0
3134 0
3135 0
3136 0
3137 0
3138 0
3139 0
3140 0
3141 0
3142 0
3143 0
3144 0
3145 0
3146 0
3147 1
3148 0
3149 0
3150 0
3151 0
3152 0
3153 0
3154 0
3155 0
3156 0
3157 0
3158 0
3159 0
3160 0
3161 0
3162 0
3163 0
3164 0
3165 0
3166 0
3167 0
3168 0
3169 0
3170 0
3171 0
3172 0
3173 0
3174 0
3175 0
3176 0
3177 0
3178 0
3179 0
3180 0
3181 0
3182 0
3183 0
3184 0
3185 0
3186 0
3187 0
3188 0
3189 0
3190 0
3191 0
3192 0
3193 0
3194 0
3195 0
3196 0
3197 0
3198 0
3199 0
3200 0
3201 0
3202 0
3203 0
3204 1
3205 0
3206 0
3207 0
3208 0
3209 0
3210 0
3211 0
3212 0
3213 0
3214 0
3215 0
3216 0
3217 0
3218 0
3219 0
3220 0
3221 0
3222 0
3223 0
3224 0
3225 0
3226 0
3227 0
3228 0
3229 0
3230 0
3231 0
3232 0
3233 0
3234 0
3235 0
3236 0
3237 0
3238 0
3239 0
3240 0
3241 0
3242 0
3243 0
3244 0
3245 0
3246 0
3247 0
3248 0
3249 0
3250 0
3251 0
3252 0
3253 0
3254 0
3255 0
3256 0
3257 0
3258 0
3259 0
3260 0
3261 0
3262 0
3263 0
3264 0
3265 0
3266 0
3267 0
3268 0
3269 0
3270 0
3271 0
3272 0
3273 0
3274 0
3275 0
3276 0
3277 0
3278 0
3279 0
3280 0
3281 0
3282 0
3283 0
3284 0
3285 0
3286 0
3287 0
3288 0
3289 0
3290 0
3291 0
3292 0
3293 0
3294 0
3295 0
3296 0
3297 0
3298 0
3299 0
3300 1
3301 0
3302 0
3303 0
3304 0
3305 0
3306 0
3307 0
3308 0
3309 0
3310 0
3311 0
3312 0
3313 0
3314 0
3315 0
3316 0
3317 0
3318 0
3319 0
3320 0
3321 0
3322 0
3323 0
3324 0
3325 0
3326 0
3327 0
3328 0
3329 0
3330 0
3331 0
3332 0
3333 0
3334 0
3335 0
3336 0
3337 0
3338 1
3339 0
3340 0
3341 0
3342 1
3343 0
3344 0
3345 0
3346 0
3347 0
3348 0
3349 0
3350 0
3351 0
3352 0
3353 0
3354 0
3355 0
3356 0
3357 0
3358 0
3359 0
3360 0
3361 0
3362 0
3363 0
3364 0
3365 0
3366 0
3367 0
3368 0
3369 0
3370 0
3371 0
3372 0
3373 0
3374 0
3375 0
3376 0
3377 0
3378 0
3379 0
3380 0
3381 0
3382 1
3383 0
3384 0
3385 0
3386 0
3387 0
3388 0
3389 0
3390 0
3391 0
3392 0
3393 1
3394 0
3395 0
3396 0
3397 0
3398 0
3399 0
3400 0
3401 0
3402 0
3403 0
3404 0
3405 0
3406 0
3407 1
3408 0
3409 0
3410 0
3411 0
3412 0
3413 0
3414 0
3415 0
3416 0
3417 1
3418 0
3419 0
3420 0
3421 0
3422 0
3423 0
3424 0
3425 0
3426 0
3427 0
3428 0
3429 0
3430 0
3431 0
3432 0
3433 1
3434 0
3435 0
3436 0
3437 0
3438 0
3439 0
3440 0
3441 0
3442 0
3443 0
3444 0
3445 0
3446 0
3447 0
3448 0
3449 0
3450 1
3451 0
3452 0
3453 0
3454 0
3455 0
3456 1
3457 0
3458 0
3459 0
3460 0
3461 0
3462 0
3463 0
3464 0
3465 0
3466 0
3467 0
3468 0
3469 0
3470 0
3471 0
3472 0
3473 0
3474 0
3475 0
3476 0
3477 0
3478 0
3479 0
3480 0
3481 0
3482 0
3483 0
3484 0
3485 0
3486 0
3487 0
3488 0
3489 0
3490 0
3491 0
3492 0
3493 0
3494 0
3495 0
3496 0
3497 0
3498 0
3499 0
3500 0
3501 0
3502 0
3503 0
3504 0
3505 0
3506 0
3507 0
3508 0
3509 0
3510 0
3511 0
3512 0
3513 0
3514 0
3515 0
3516 0
3517 0
3518 0
3519 0
3520 0
3521 0
3522 0
3523 0
3524 0
3525 0
3526 0
3527 1
3528 0
3529 0
3530 0
3531 0
3532 1
3533 0
3534 0
3535 0
3536 0
3537 0
3538 0
3539 0
3540 0
3541 0
3542 0
3543 0
3544 0
3545 0
3546 0
3547 0
3548 0
3549 0
3550 0
3551 0
3552 0
3553 0
3554 0
3555 0
3556 0
3557 0
3558 0
3559 0
3560 0
3561 0
3562 0
3563 0
3564 0
3565 0
3566 0
3567 0
3568 0
3569 0
3570 0
3571 0
3572 0
3573 0
3574 0
3575 0
3576 0
3577 0
3578 1
3579 0
3580 0
3581 0
3582 0
3583 0
3584 0
3585 0
3586 0
3587 0
3588 0
3589 0
3590 0
3591 0
3592 0
3593 0
3594 0
3595 0
3596 0
3597 0
3598 0
3599 0
3600 0
3601 0
3602 0
3603 0
3604 0
3605 0
3606 0
3607 0
3608 0
3609 0
3610 0
3611 0
3612 0
3613 0
3614 0
3615 0
3616 0
3617 0
3618 0
3619 0
3620 0
3621 0
3622 0
3623 0
3624 0
3625 0
3626 0
3627 0
3628 0
3629 0
3630 0
3631 0
3632 0
3633 0
3634 0
3635 0
3636 0
3637 0
3638 0
3639 0
3640 0
3641 0
3642 0
3643 0
3644 0
3645 0
3646 0
3647 0
3648 0
3649 0
3650 0
3651 0
3652 0
3653 0
3654 0
3655 0
3656 0
3657 0
3658 0
3659 0
3660 0
3661 0
3662 0
3663 0
3664 0
3665 0
3666 0
3667 0
3668 0
3669 0
3670 0
3671 0
3672 0
3673 0
3674 0
3675 0
3676 0
3677 0
3678 0
3679 0
3680 0
3681 0
3682 0
3683 0
3684 0
3685 0
3686 0
3687 0
3688 0
3689 0
3690 0
3691 0
3692 0
3693 0
3694 0
3695 0
3696 0
3697 0
3698 0
3699 0
3700 0
3701 0
3702 0
3703 0
3704 0
3705 0
3706 0
3707 0
3708 0
3709 0
3710 0
3711 0
3712 0
3713 0
3714 0
3715 0
3716 0
3717 0
3718 0
3719 0
3720 0
3721 0
3722 0
3723 0
3724 0
3725 0
3726 0
3727 0
3728 0
3729 0
3730 0
3731 0
3732 0
3733 0
3734 1
3735 0
3736 1
3737 0
3738 0
3739 0
3740 0
3741 0
3742 0
3743 0
3744 0
3745 0
3746 0
3747 0
3748 0
3749 0
3750 1
3751 0
3752 0
3753 0
3754 0
3755 0
3756 0
3757 0
3758 0
3759 0
3760 0
3761 0
3762 0
3763 0
3764 0
3765 0
3766 0
3767 0
3768 0
3769 0
3770 0
3771 0
3772 0
3773 0
3774 0
3775 0
3776 0
3777 0
3778 0
3779 0
3780 0
3781 0
3782 0
3783 0
3784 0
3785 0
3786 0
3787 0
3788 0
3789 0
3790 0
3791 0
3792 0
3793 0
3794 0
3795 0
3796 0
3797 0
3798 0
3799 0
3800 0
3801 0
3802 0
3803 0
3804 0
3805 0
3806 0
3807 0
3808 0
3809 0
3810 0
3811 0
3812 0
3813 0
3814 0
3815 0
3816 0
3817 0
3818 1
3819 0
3820 0
3821 1
3822 1
3823 0
3824 0
3825 0
3826 0
3827 0
3828 0
3829 0
3830 0
3831 0
3832 0
3833 0
3834 0
3835 0
3836 0
3837 0
3838 0
3839 0
3840 0
3841 0
3842 0
3843 0
3844 0
3845 0
3846 0
3847 1
3848 0
3849 0
3850 0
3851 0
3852 0
3853 0
3854 0
3855 0
3856 0
3857 0
3858 0
3859 0
3860 0
3861 0
3862 0
3863 0
3864 0
3865 0
3866 0
3867 0
3868 0
3869 0
3870 0
3871 0
3872 0
3873 0
3874 0
3875 0
3876 0
3877 0
3878 0
3879 0
3880 0
3881 0
3882 0
3883 0
3884 0
3885 0
3886 0
3887 1
3888 0
3889 0
3890 0
3891 0
3892 0
3893 0
3894 0
3895 0
3896 0
3897 0
3898 0
3899 0
3900 0
3901 0
3902 0
3903 0
3904 0
3905 0
3906 0
3907 0
3908 0
3909 0
3910 0
3911 0
3912 0
3913 0
3914 0
3915 0
3916 0
3917 0
3918 0
3919 0
3920 0
3921 1
3922 0
3923 0
3924 0
3925 0
3926 0
3927 0
3928 0
3929 0
3930 0
3931 0
3932 0
3933 0
3934 0
3935 0
3936 0
3937 0
3938 0
3939 0
3940 0
3941 0
3942 0
3943 0
3944 0
3945 0
3946 0
3947 0
3948 0
3949 1
3950 0
3951 0
3952 0
3953 0
3954 0
3955 0
3956 0
3957 0
3958 0
3959 0
3960 0
3961 0
3962 0
3963 0
3964 0
3965 0
3966 0
3967 0
3968 0
3969 0
3970 0
3971 0
3972 0
3973 1
3974 0
3975 0
3976 0
3977 0
3978 0
3979 0
3980 0
3981 0
3982 0
3983 0
3984 0
3985 0
3986 0
3987 0
3988 0
3989 0
3990 0
3991 0
3992 0
3993 0
3994 0
3995 0
3996 0
3997 0
3998 0
3999 0
4000 0
