0 0
1 0
2 0
3 0
4 0
5 0
6 0
7 0
8 0
9 0
10 0
11 0
12 0
13 0
14 0
15 0
16 0
17 0
18 0
19 0
20 0
21 0
22 0
23 0
24 0
25 0
26 0
27 0
28 0
29 0
30 0
31 0
32 0
33 0
34 0
35 0
36 0
37 0
38 0
39 0
40 0
41 0
42 0
43 0
44 0
45 0
46 0
47 0
48 0
49 0
50 0
51 0
52 0
53 0
54 0
55 0
56 0
57 0
58 0
59 0
60 0
61 0
62 0
63 0
64 0
65 0
66 0
67 0
68 0
69 0
70 0
71 0
72 0
73 0
74 0
75 0
76 0
77 0
78 0
79 0
80 0
81 0
82 0
83 0
84 0
85 0
86 0
87 0
88 0
89 0
90 0
91 0
92 0
93 0
94 0
95 0
96 0
97 0
98 0
99 0
100 0
101 0
102 0
103 0
104 0
105 0
106 0
107 0
108 0
109 0
110 0
111 0
112 0
113 0
114 0
115 0
116 0
117 0
118 0
119 0
120 0
121 0
122 0
123 0
124 0
125 0
126 0
127 0
128 0
129 0
130 0
131 0
132 0
133 0
134 0
135 0
136 0
137 0
138 0
139 0
140 0
141 0
142 0
143 0
144 0
145 0
146 0
147 0
148 0
149 0
150 2
151 3
152 8
153 5
154 11
155 8
156 6
157 8
158 6
159 2
160 8
161 3
162 3
163 8
164 3
165 7
166 4
167 5
168 5
169 9
170 8
171 29
172 48
173 88
174 164
175 219
176 284
177 336
178 397
179 409
180 581
181 775
182 1165
183 2049
184 3124
185 4427
186 5547
187 6255
188 6782
189 6948
190 6559
191 6152
192 5760
193 5185
194 4772
195 4121
196 3850
197 3376
198 2846
199 2656
200 2310
201 2008
202 1777
203 1545
204 1501
205 1425
206 1148
207 1075
208 1040
209 985
210 893
211 856
212 873
213 862
214 839
215 853
216 808
217 792
218 822
219 807
220 829
221 768
222 841
223 827
224 805
225 801
226 818
227 765
228 834
229 841
230 819
231 848
232 809
233 819
234 872
235 867
236 837
237 895
238 834
239 828
240 868
241 849
242 852
243 875
244 888
245 887
246 870
247 889
248 847
249 868
250 885
251 848
252 885
253 825
254 867
255 881
256 848
257 953
258 889
259 882
260 864
261 805
262 931
263 963
264 919
265 851
266 859
267 917
268 858
269 859
270 907
271 917
272 895
273 899
274 901
275 932
276 914
277 925
278 904
279 932
280 886
281 912
282 916
283 928
284 914
285 964
286 894
287 918
288 889
289 945
290 927
291 892
292 883
293 896
294 890
295 933
296 934
297 930
298 912
299 923
300 931
301 886
302 902
303 971
304 960
305 892
306 916
307 919
308 948
309 934
310 958
311 904
312 944
313 919
314 908
315 924
316 959
317 874
318 881
319 930
320 907
321 911
322 982
323 917
324 888
325 905
326 891
327 910
328 946
329 914
330 935
331 927
332 910
333 949
334 899
335 943
336 909
337 874
338 826
339 925
340 908
341 922
342 881
343 909
344 906
345 908
346 871
347 908
348 875
349 913
350 935
351 915
352 952
353 889
354 916
355 957
356 857
357 937
358 921
359 892
360 935
361 863
362 939
363 883
364 904
365 903
366 916
367 850
368 910
369 912
370 881
371 897
372 909
373 944
374 927
375 921
376 912
377 897
378 933
379 839
380 960
381 953
382 910
383 888
384 900
385 920
386 945
387 944
388 882
389 909
390 896
391 959
392 860
393 1002
394 954
395 950
396 890
397 931
398 940
399 962
400 917
401 925
402 963
403 911
404 890
405 924
406 977
407 899
408 931
409 947
410 962
411 932
412 982
413 962
414 917
415 895
416 962
417 960
418 947
419 988
420 992
421 946
422 999
423 934
424 961
425 961
426 948
427 946
428 959
429 973
430 985
431 973
432 989
433 1039
434 1014
435 1065
436 1037
437 1027
438 1028
439 989
440 1055
441 988
442 1019
443 1063
444 1060
445 1030
446 1048
447 1031
448 1078
449 983
450 985
451 1045
452 1033
453 1071
454 1058
455 1068
456 1035
457 1048
458 1084
459 1035
460 1047
461 1066
462 1073
463 1089
464 1080
465 1092
466 1092
467 1094
468 1149
469 1118
470 1056
471 1115
472 1104
473 1103
474 1114
475 1048
476 1163
477 1107
478 1103
479 1115
480 1122
481 1082
482 1108
483 1114
484 1152
485 1133
486 1143
487 1176
488 1134
489 1106
490 1128
491 1189
492 1140
493 1200
494 1156
495 1171
496 1226
497 1158
498 1205
499 1199
500 1108
501 1208
502 1206
503 1161
504 1153
505 1182
506 1177
507 1242
508 1257
509 1214
510 1217
511 1257
512 1202
513 1235
514 1283
515 1195
516 1231
517 1223
518 1233
519 1200
520 1229
521 1167
522 1223
523 1338
524 1254
525 1328
526 1268
527 1249
528 1241
529 1216
530 1308
531 1316
532 1270
533 1307
534 1256
535 1286
536 1269
537 1277
538 1319
539 1322
540 1289
541 1294
542 1214
543 1284
544 1331
545 1345
546 1311
547 1315
548 1367
549 1358
550 1317
551 1224
552 1319
553 1281
554 1334
555 1313
556 1299
557 1265
558 1298
559 1285
560 1301
561 1349
562 1330
563 1346
564 1378
565 1286
566 1263
567 1347
568 1251
569 1297
570 1254
571 1387
572 1290
573 1338
574 1391
575 1299
576 1367
577 1333
578 1299
579 1333
580 1326
581 1291
582 1275
583 1281
584 1251
585 1412
586 1279
587 1240
588 1281
589 1298
590 1337
591 1288
592 1303
593 1342
594 1314
595 1293
596 1262
597 1302
598 1335
599 1329
600 1293
601 1326
602 1253
603 1304
604 1288
605 1268
606 1265
607 1217
608 1197
609 1313
610 1270
611 1243
612 1319
613 1285
614 1258
615 1224
616 1232
617 1231
618 1304
619 1243
620 1243
621 1223
622 1249
623 1247
624 1253
625 1247
626 1226
627 1203
628 1201
629 1223
630 1237
631 1279
632 1208
633 1156
634 1251
635 1181
636 1266
637 1240
638 1181
639 1188
640 1154
641 1188
642 1180
643 1147
644 1191
645 1174
646 1150
647 1167
648 1123
649 1156
650 1172
651 1087
652 1134
653 1169
654 1167
655 1144
656 1121
657 1147
658 1084
659 1091
660 1091
661 1149
662 1139
663 1035
664 1101
665 1072
666 1070
667 1060
668 1096
669 1086
670 1130
671 1041
672 1062
673 1114
674 964
675 1005
676 1042
677 964
678 1017
679 1007
680 1056
681 1005
682 1067
683 1033
684 1006
685 979
686 1009
687 1009
688 972
689 972
690 981
691 916
692 1008
693 950
694 917
695 962
696 910
697 974
698 963
699 943
700 937
701 942
702 902
703 907
704 881
705 935
706 910
707 903
708 896
709 830
710 895
711 825
712 832
713 893
714 867
715 846
716 861
717 850
718 839
719 803
720 836
721 776
722 819
723 818
724 785
725 763
726 815
727 816
728 776
729 742
730 784
731 814
732 743
733 793
734 751
735 746
736 768
737 712
738 735
739 742
740 697
741 685
742 705
743 734
744 707
745 747
746 734
747 642
748 676
749 631
750 674
751 712
752 618
753 707
754 650
755 614
756 673
757 687
758 684
759 665
760 579
761 617
762 606
763 639
764 567
765 628
766 587
767 600
768 659
769 649
770 576
771 600
772 555
773 530
774 557
775 614
776 523
777 560
778 589
779 526
780 533
781 530
782 562
783 551
784 533
785 582
786 485
787 525
788 509
789 515
790 495
791 512
792 533
793 508
794 490
795 480
796 479
797 454
798 451
799 497
800 499
801 476
802 433
803 470
804 434
805 486
806 473
807 444
808 446
809 405
810 436
811 443
812 397
813 449
814 407
815 458
816 397
817 395
818 425
819 409
820 399
821 406
822 426
823 383
824 400
825 402
826 398
827 354
828 392
829 394
830 384
831 362
832 389
833 377
834 356
835 368
836 376
837 408
838 340
839 369
840 365
841 355
842 365
843 351
844 337
845 336
846 369
847 310
848 337
849 337
850 326
851 366
852 329
853 370
854 336
855 346
856 339
857 352
858 346
859 318
860 342
861 312
862 314
863 268
864 285
865 311
866 300
867 260
868 308
869 293
870 297
871 274
872 299
873 308
874 286
875 290
876 255
877 242
878 267
879 285
880 276
881 288
882 258
883 271
884 277
885 288
886 265
887 257
888 274
889 236
890 281
891 280
892 265
893 254
894 256
895 254
896 251
897 236
898 221
899 252
900 237
901 242
902 241
903 246
904 234
905 214
906 262
907 250
908 236
909 194
910 231
911 231
912 210
913 215
914 234
915 225
916 233
917 209
918 201
919 221
920 242
921 237
922 218
923 207
924 178
925 202
926 205
927 221
928 244
929 219
930 203
931 213
932 215
933 216
934 197
935 223
936 232
937 223
938 174
939 200
940 201
941 210
942 228
943 210
944 215
945 182
946 181
947 201
948 213
949 186
950 206
951 204
952 192
953 202
954 179
955 201
956 171
957 205
958 199
959 186
960 163
961 196
962 144
963 164
964 180
965 189
966 190
967 171
968 183
969 185
970 184
971 170
972 178
973 187
974 158
975 173
976 170
977 188
978 181
979 179
980 180
981 184
982 187
983 159
984 185
985 187
986 169
987 130
988 189
989 179
990 174
991 156
992 186
993 190
994 177
995 177
996 176
997 156
998 190
999 177
1000 158
1001 166
1002 194
1003 183
1004 172
1005 144
1006 172
1007 182
1008 180
1009 145
1010 155
1011 179
1012 162
1013 173
1014 158
1015 172
1016 147
1017 178
1018 163
1019 167
1020 186
1021 160
1022 139
1023 154
1024 162
1025 166
1026 145
1027 162
1028 156
1029 161
1030 145
1031 171
1032 169
1033 155
1034 125
1035 161
1036 174
1037 165
1038 136
1039 167
1040 131
1041 154
1042 146
1043 132
1044 153
1045 174
1046 158
1047 155
1048 150
1049 153
1050 146
1051 146
1052 165
1053 164
1054 133
1055 148
1056 164
1057 141
1058 150
1059 144
1060 169
1061 160
1062 176
1063 140
1064 135
1065 154
1066 150
1067 160
1068 151
1069 144
1070 150
1071 140
1072 125
1073 156
1074 145
1075 149
1076 162
1077 134
1078 137
1079 154
1080 151
1081 162
1082 152
1083 143
1084 130
1085 153
1086 143
1087 133
1088 153
1089 144
1090 117
1091 144
1092 159
1093 172
1094 144
1095 150
1096 147
1097 165
1098 166
1099 141
1100 149
1101 154
1102 144
1103 138
1104 147
1105 132
1106 153
1107 127
1108 140
1109 136
1110 165
1111 173
1112 140
1113 154
1114 156
1115 155
1116 154
1117 178
1118 140
1119 149
1120 135
1121 160
1122 132
1123 130
1124 155
1125 136
1126 137
1127 133
1128 149
1129 150
1130 134
1131 145
1132 144
1133 150
1134 137
1135 133
1136 133
1137 124
1138 155
1139 142
1140 168
1141 164
1142 119
1143 118
1144 142
1145 119
1146 143
1147 163
1148 145
1149 127
1150 121
1151 148
1152 146
1153 144
1154 138
1155 131
1156 123
1157 176
1158 128
1159 120
1160 145
1161 156
1162 126
1163 150
1164 119
1165 118
1166 136
1167 127
1168 125
1169 120
1170 125
1171 157
1172 120
1173 118
1174 139
1175 143
1176 125
1177 146
1178 157
1179 145
1180 154
1181 130
1182 136
1183 131
1184 131
1185 140
1186 136
1187 134
1188 149
1189 142
1190 154
1191 144
1192 138
1193 131
1194 114
1195 160
1196 129
1197 121
1198 139
1199 136
1200 147
1201 152
1202 142
1203 138
1204 155
1205 137
1206 144
1207 133
1208 122
1209 125
1210 148
1211 117
1212 154
1213 133
1214 140
1215 124
1216 151
1217 138
1218 133
1219 137
1220 127
1221 133
1222 119
1223 127
1224 138
1225 118
1226 137
1227 134
1228 141
1229 113
1230 127
1231 133
1232 143
1233 138
1234 137
1235 121
1236 139
1237 110
1238 145
1239 137
1240 145
1241 141
1242 143
1243 151
1244 133
1245 143
1246 160
1247 128
1248 124
1249 130
1250 134
1251 117
1252 136
1253 136
1254 136
1255 137
1256 123
1257 150
1258 120
1259 163
1260 127
1261 127
1262 152
1263 161
1264 143
1265 130
1266 133
1267 149
1268 112
1269 139
1270 119
1271 127
1272 110
1273 154
1274 138
1275 125
1276 114
1277 123
1278 115
1279 132
1280 132
1281 123
1282 158
1283 127
1284 105
1285 110
1286 130
1287 118
1288 122
1289 135
1290 125
1291 130
1292 132
1293 105
1294 118
1295 137
1296 122
1297 123
1298 147
1299 157
1300 130
1301 121
1302 118
1303 122
1304 118
1305 140
1306 112
1307 133
1308 116
1309 104
1310 148
1311 135
1312 119
1313 124
1314 137
1315 132
1316 91
1317 123
1318 129
1319 137
1320 128
1321 141
1322 108
1323 116
1324 142
1325 128
1326 117
1327 135
1328 105
1329 146
1330 103
1331 134
1332 109
1333 115
1334 127
1335 127
1336 123
1337 120
1338 125
1339 107
1340 131
1341 121
1342 141
1343 111
1344 135
1345 118
1346 129
1347 108
1348 133
1349 117
1350 105
1351 116
1352 108
1353 110
1354 124
1355 122
1356 126
1357 107
1358 122
1359 127
1360 94
1361 123
1362 149
1363 114
1364 121
1365 119
1366 123
1367 123
1368 123
1369 125
1370 119
1371 121
1372 129
1373 115
1374 117
1375 125
1376 117
1377 97
1378 112
1379 143
1380 121
1381 107
1382 135
1383 130
1384 124
1385 127
1386 114
1387 111
1388 139
1389 111
1390 123
1391 104
1392 134
1393 119
1394 98
1395 115
1396 114
1397 127
1398 115
1399 133
1400 125
1401 104
1402 128
1403 115
1404 136
1405 103
1406 123
1407 103
1408 112
1409 117
1410 105
1411 119
1412 125
1413 94
1414 111
1415 101
1416 106
1417 112
1418 98
1419 100
1420 113
1421 116
1422 113
1423 102
1424 104
1425 91
1426 130
1427 118
1428 111
1429 117
1430 107
1431 99
1432 101
1433 115
1434 114
1435 115
1436 120
1437 112
1438 117
1439 104
1440 98
1441 87
1442 101
1443 117
1444 104
1445 114
1446 89
1447 95
1448 106
1449 117
1450 98
1451 73
1452 90
1453 105
1454 110
1455 106
1456 106
1457 106
1458 96
1459 108
1460 114
1461 116
1462 123
1463 96
1464 101
1465 106
1466 102
1467 82
1468 105
1469 97
1470 78
1471 94
1472 105
1473 99
1474 110
1475 87
1476 110
1477 85
1478 110
1479 102
1480 99
1481 91
1482 103
1483 80
1484 111
1485 95
1486 96
1487 90
1488 83
1489 90
1490 94
1491 116
1492 92
1493 71
1494 91
1495 109
1496 94
1497 76
1498 86
1499 88
1500 97
1501 88
1502 90
1503 87
1504 85
1505 120
1506 99
1507 91
1508 113
1509 73
1510 100
1511 88
1512 80
1513 107
1514 96
1515 91
1516 73
1517 80
1518 87
1519 78
1520 92
1521 83
1522 97
1523 102
1524 77
1525 80
1526 97
1527 93
1528 93
1529 94
1530 82
1531 89
1532 80
1533 78
1534 82
1535 90
1536 96
1537 87
1538 87
1539 86
1540 98
1541 90
1542 84
1543 95
1544 87
1545 83
1546 86
1547 84
1548 77
1549 87
1550 82
1551 85
1552 101
1553 93
1554 79
1555 91
1556 75
1557 80
1558 100
1559 71
1560 68
1561 80
1562 81
1563 72
1564 73
1565 86
1566 63
1567 83
1568 72
1569 76
1570 87
1571 85
1572 85
1573 62
1574 84
1575 71
1576 78
1577 85
1578 82
1579 82
1580 70
1581 59
1582 84
1583 69
1584 63
1585 75
1586 72
1587 87
1588 80
1589 65
1590 78
1591 73
1592 79
1593 86
1594 57
1595 87
1596 75
1597 81
1598 83
1599 75
1600 66
1601 62
1602 68
1603 71
1604 74
1605 71
1606 79
1607 58
1608 66
1609 62
1610 81
1611 63
1612 63
1613 67
1614 56
1615 62
1616 63
1617 64
1618 68
1619 65
1620 76
1621 62
1622 60
1623 69
1624 75
1625 66
1626 72
1627 52
1628 70
1629 57
1630 76
1631 61
1632 67
1633 62
1634 67
1635 61
1636 64
1637 59
1638 49
1639 62
1640 64
1641 58
1642 73
1643 55
1644 55
1645 63
1646 47
1647 53
1648 58
1649 58
1650 73
1651 57
1652 54
1653 57
1654 55
1655 75
1656 43
1657 52
1658 65
1659 45
1660 47
1661 54
1662 25
1663 70
1664 63
1665 53
1666 50
1667 47
1668 62
1669 55
1670 41
1671 56
1672 44
1673 48
1674 55
1675 44
1676 60
1677 54
1678 58
1679 70
1680 54
1681 36
1682 52
1683 56
1684 53
1685 55
1686 52
1687 41
1688 46
1689 52
1690 30
1691 48
1692 63
1693 50
1694 43
1695 41
1696 43
1697 46
1698 47
1699 50
1700 41
1701 54
1702 58
1703 37
1704 44
1705 52
1706 44
1707 37
1708 45
1709 43
1710 42
1711 56
1712 43
1713 56
1714 58
1715 39
1716 38
1717 44
1718 46
1719 43
1720 41
1721 39
1722 51
1723 44
1724 41
1725 60
1726 40
1727 43
1728 41
1729 34
1730 43
1731 40
1732 56
1733 42
1734 34
1735 46
1736 44
1737 42
1738 47
1739 34
1740 36
1741 39
1742 41
1743 50
1744 37
1745 41
1746 48
1747 36
1748 45
1749 41
1750 34
1751 40
1752 54
1753 31
1754 41
1755 40
1756 38
1757 41
1758 37
1759 42
1760 39
1761 45
1762 38
1763 45
1764 39
1765 34
1766 40
1767 32
1768 44
1769 45
1770 52
1771 33
1772 36
1773 39
1774 41
1775 34
1776 29
1777 28
1778 34
1779 35
1780 31
1781 31
1782 32
1783 35
1784 33
1785 34
1786 35
1787 36
1788 35
1789 37
1790 28
1791 31
1792 31
1793 31
1794 31
1795 37
1796 29
1797 35
1798 30
1799 29
1800 25
1801 27
1802 34
1803 27
1804 27
1805 22
1806 28
1807 21
1808 38
1809 31
1810 32
1811 27
1812 25
1813 33
1814 19
1815 24
1816 33
1817 38
1818 29
1819 30
1820 35
1821 34
1822 24
1823 34
1824 21
1825 21
1826 25
1827 22
1828 21
1829 31
1830 25
1831 22
1832 35
1833 33
1834 35
1835 27
1836 25
1837 30
1838 27
1839 25
1840 28
1841 44
1842 34
1843 25
1844 23
1845 32
1846 22
1847 27
1848 22
1849 35
1850 21
1851 14
1852 31
1853 23
1854 27
1855 27
1856 20
1857 25
1858 27
1859 24
1860 21
1861 33
1862 29
1863 11
1864 21
1865 21
1866 27
1867 20
1868 17
1869 29
1870 14
1871 23
1872 21
1873 25
1874 25
1875 21
1876 23
1877 16
1878 20
1879 24
1880 18
1881 27
1882 27
1883 20
1884 23
1885 24
1886 24
1887 20
1888 14
1889 24
1890 24
1891 25
1892 34
1893 24
1894 22
1895 24
1896 24
1897 22
1898 29
1899 17
1900 25
1901 18
1902 15
1903 29
1904 31
1905 13
1906 12
1907 23
1908 18
1909 17
1910 22
1911 22
1912 17
1913 25
1914 20
1915 18
1916 23
1917 18
1918 10
1919 16
1920 16
1921 25
1922 22
1923 15
1924 15
1925 24
1926 19
1927 23
1928 21
1929 15
1930 24
1931 17
1932 11
1933 19
1934 17
1935 17
1936 22
1937 8
1938 19
1939 20
1940 17
1941 14
1942 16
1943 19
1944 15
1945 31
1946 15
1947 13
1948 21
1949 17
1950 19
1951 25
1952 18
1953 15
1954 16
1955 14
1956 16
1957 17
1958 18
1959 22
1960 20
1961 20
1962 21
1963 21
1964 17
1965 16
1966 27
1967 24
1968 16
1969 22
1970 18
1971 17
1972 18
1973 24
1974 12
1975 12
1976 13
1977 17
1978 15
1979 12
1980 13
1981 8
1982 22
1983 17
1984 10
1985 13
1986 17
1987 15
1988 15
1989 18
1990 8
1991 13
1992 13
1993 22
1994 15
1995 15
1996 20
1997 10
1998 11
1999 9
2000 14
2001 12
2002 24
2003 14
2004 9
2005 9
2006 16
2007 19
2008 15
2009 14
2010 7
2011 8
2012 16
2013 15
2014 19
2015 11
2016 11
2017 19
2018 9
2019 9
2020 11
2021 12
2022 13
2023 8
2024 13
2025 14
2026 13
2027 16
2028 6
2029 8
2030 12
2031 10
2032 16
2033 10
2034 14
2035 13
2036 9
2037 8
2038 13
2039 18
2040 16
2041 12
2042 11
2043 15
2044 12
2045 11
2046 7
2047 8
2048 13
2049 14
2050 18
2051 8
2052 12
2053 12
2054 14
2055 12
2056 11
2057 8
2058 10
2059 10
2060 19
2061 9
2062 11
2063 16
2064 10
2065 3
2066 8
2067 14
2068 16
2069 10
2070 7
2071 11
2072 13
2073 15
2074 7
2075 8
2076 8
2077 12
2078 10
2079 16
2080 13
2081 3
2082 5
2083 9
2084 17
2085 10
2086 10
2087 9
2088 9
2089 11
2090 8
2091 6
2092 10
2093 5
2094 11
2095 9
2096 10
2097 6
2098 7
2099 9
2100 14
2101 9
2102 7
2103 3
2104 12
2105 11
2106 9
2107 10
2108 9
2109 8
2110 10
2111 8
2112 5
2113 4
2114 6
2115 13
2116 5
2117 6
2118 8
2119 9
2120 9
2121 4
2122 9
2123 4
2124 4
2125 5
2126 7
2127 9
2128 8
2129 13
2130 6
2131 3
2132 4
2133 6
2134 3
2135 6
2136 9
2137 2
2138 8
2139 12
2140 9
2141 6
2142 5
2143 8
2144 8
2145 7
2146 6
2147 8
2148 8
2149 8
2150 11
2151 3
2152 8
2153 9
2154 3
2155 6
2156 9
2157 4
2158 2
2159 12
2160 5
2161 8
2162 4
2163 5
2164 3
2165 3
2166 10
2167 7
2168 6
2169 5
2170 3
2171 7
2172 7
2173 10
2174 9
2175 6
2176 5
2177 5
2178 6
2179 6
2180 10
2181 8
2182 7
2183 4
2184 10
2185 11
2186 6
2187 6
2188 5
2189 7
2190 7
2191 4
2192 3
2193 8
2194 7
2195 5
2196 7
2197 9
2198 3
2199 4
2200 6
2201 6
2202 5
2203 8
2204 10
2205 2
2206 5
2207 3
2208 4
2209 6
2210 5
2211 9
2212 10
2213 7
2214 8
2215 5
2216 2
2217 3
2218 6
2219 3
2220 3
2221 6
2222 8
2223 4
2224 7
2225 2
2226 1
2227 2
2228 3
2229 6
2230 5
2231 2
2232 4
2233 6
2234 5
2235 4
2236 1
2237 6
2238 4
2239 2
2240 6
2241 10
2242 5
2243 5
2244 5
2245 7
2246 4
2247 3
2248 6
2249 4
2250 3
2251 4
2252 3
2253 3
2254 4
2255 7
2256 4
2257 7
2258 1
2259 6
2260 6
2261 7
2262 4
2263 4
2264 6
2265 3
2266 2
2267 2
2268 9
2269 3
2270 2
2271 4
2272 4
2273 4
2274 5
2275 1
2276 1
2277 3
2278 2
2279 2
2280 6
2281 0
2282 0
2283 3
2284 5
2285 5
2286 1
2287 6
2288 4
2289 2
2290 4
2291 4
2292 1
2293 1
2294 1
2295 3
2296 1
2297 3
2298 1
2299 1
2300 2
2301 1
2302 0
2303 2
2304 1
2305 3
2306 2
2307 5
2308 0
2309 1
2310 5
2311 2
2312 6
2313 4
2314 4
2315 2
2316 3
2317 1
2318 1
2319 1
2320 3
2321 2
2322 3
2323 3
2324 2
2325 3
2326 3
2327 1
2328 2
2329 1
2330 1
2331 4
2332 0
2333 6
2334 2
2335 1
2336 1
2337 3
2338 4
2339 4
2340 1
2341 0
2342 1
2343 3
2344 1
2345 4
2346 4
2347 6
2348 3
2349 6
2350 4
2351 3
2352 3
2353 3
2354 1
2355 2
2356 4
2357 3
2358 1
2359 6
2360 2
2361 2
2362 2
2363 0
2364 3
2365 5
2366 3
2367 2
2368 2
2369 4
2370 6
2371 0
2372 3
2373 1
2374 2
2375 2
2376 0
2377 0
2378 1
2379 4
2380 2
2381 1
2382 2
2383 4
2384 3
2385 5
2386 1
2387 3
2388 2
2389 4
2390 1
2391 1
2392 4
2393 0
2394 0
2395 1
2396 2
2397 5
2398 2
2399 1
2400 1
2401 0
2402 1
2403 0
2404 3
2405 1
2406 2
2407 2
2408 2
2409 2
2410 2
2411 2
2412 1
2413 0
2414 5
2415 5
2416 0
2417 2
2418 0
2419 0
2420 2
2421 2
2422 0
2423 2
2424 3
2425 0
2426 4
2427 4
2428 0
2429 2
2430 3
2431 2
2432 3
2433 0
2434 2
2435 0
2436 2
2437 1
2438 2
2439 1
2440 1
2441 0
2442 0
2443 2
2444 0
2445 1
2446 1
2447 2
2448 0
2449 1
2450 1
2451 2
2452 2
2453 1
2454 1
2455 1
2456 1
2457 0
2458 0
2459 2
2460 3
2461 2
2462 2
2463 1
2464 3
2465 0
2466 1
2467 2
2468 1
2469 1
2470 1
2471 0
2472 4
2473 0
2474 1
2475 1
2476 2
2477 0
2478 1
2479 1
2480 1
2481 1
2482 1
2483 2
2484 0
2485 0
2486 0
2487 4
2488 1
2489 0
2490 0
2491 0
2492 2
2493 0
2494 1
2495 0
2496 1
2497 1
2498 2
2499 1
2500 2
2501 1
2502 1
2503 1
2504 1
2505 0
2506 0
2507 2
2508 1
2509 3
2510 0
2511 2
2512 0
2513 0
2514 1
2515 2
2516 0
2517 0
2518 0
2519 0
2520 0
2521 0
2522 1
2523 1
2524 0
2525 2
2526 2
2527 2
2528 0
2529 0
2530 0
2531 0
2532 0
2533 1
2534 1
2535 0
2536 2
2537 0
2538 1
2539 0
2540 0
2541 1
2542 0
2543 0
2544 2
2545 1
2546 0
2547 0
2548 0
2549 1
2550 0
2551 2
2552 0
2553 0
2554 2
2555 1
2556 0
2557 1
2558 2
2559 1
2560 1
2561 0
2562 0
2563 0
2564 0
2565 0
2566 0
2567 0
2568 0
2569 1
2570 1
2571 1
2572 0
2573 0
2574 1
2575 0
2576 1
2577 1
2578 1
2579 0
2580 1
2581 0
2582 0
2583 0
2584 1
2585 1
2586 0
2587 0
2588 1
2589 0
2590 1
2591 0
2592 0
2593 0
2594 2
2595 0
2596 0
2597 0
2598 2
2599 0
2600 0
2601 1
2602 1
2603 0
2604 0
2605 0
2606 0
2607 1
2608 0
2609 1
2610 0
2611 0
2612 1
2613 0
2614 0
2615 1
2616 0
2617 0
2618 1
2619 1
2620 0
2621 0
2622 0
2623 0
2624 3
2625 0
2626 0
2627 0
2628 0
2629 2
2630 1
2631 1
2632 0
2633 0
2634 2
2635 0
2636 1
2637 0
2638 0
2639 1
2640 2
2641 0
2642 0
2643 0
2644 0
2645 0
2646 0
2647 0
2648 1
2649 0
2650 0
2651 1
2652 0
2653 1
2654 1
2655 1
2656 0
2657 1
2658 0
2659 0
2660 2
2661 0
2662 0
2663 0
2664 0
2665 0
2666 0
2667 0
2668 0
2669 0
2670 0
2671 0
2672 1
2673 0
2674 0
2675 0
2676 0
2677 0
2678 0
2679 0
2680 0
2681 0
2682 0
2683 1
2684 0
2685 0
2686 0
2687 2
2688 0
2689 0
2690 0
2691 1
2692 1
2693 0
2694 0
2695 0
2696 0
2697 1
2698 0
2699 0
2700 0
2701 0
2702 0
2703 1
2704 1
2705 0
2706 1
2707 0
2708 0
2709 0
2710 0
2711 0
2712 0
2713 1
2714 0
2715 1
2716 2
2717 0
2718 0
2719 0
2720 0
2721 1
2722 0
2723 0
2724 0
2725 0
2726 0
2727 0
2728 0
2729 1
2730 0
2731 0
2732 1
2733 0
2734 0
2735 0
2736 0
2737 0
2738 0
2739 0
2740 1
2741 0
2742 1
2743 0
2744 1
2745 0
2746 0
2747 0
2748 0
2749 2
2750 0
2751 0
2752 2
2753 0
2754 1
2755 0
2756 0
2757 1
2758 0
2759 0
2760 0
2761 0
2762 0
2763 0
2764 0
2765 0
2766 0
2767 0
2768 0
2769 0
2770 0
2771 0
2772 0
2773 0
2774 0
2775 0
2776 0
2777 0
2778 0
2779 0
2780 0
2781 0
2782 0
2783 0
2784 0
2785 0
2786 1
2787 1
2788 0
2789 0
2790 0
2791 0
2792 0
2793 2
2794 0
2795 0
2796 0
2797 2
2798 0
2799 0
2800 0
2801 0
2802 0
2803 0
2804 0
2805 0
2806 0
2807 0
2808 0
2809 1
2810 0
2811 0
2812 0
2813 0
2814 1
2815 0
2816 0
2817 0
2818 0
2819 0
2820 0
2821 0
2822 0
2823 1
2824 1
2825 0
2826 0
2827 0
2828 0
2829 0
2830 1
2831 0
2832 1
2833 0
2834 0
2835 0
2836 0
2837 0
2838 0
2839 0
2840 0
2841 0
2842 0
2843 0
2844 1
2845 1
2846 0
2847 0
2848 0
2849 0
2850 0
2851 1
2852 0
2853 1
2854 0
2855 0
2856 0
2857 0
2858 0
2859 0
2860 1
2861 0
2862 0
2863 0
2864 0
2865 0
2866 0
2867 1
2868 0
2869 0
2870 1
2871 0
2872 0
2873 1
2874 0
2875 0
2876 0
2877 0
2878 1
2879 0
2880 0
2881 0
2882 0
2883 0
2884 0
2885 0
2886 0
2887 0
2888 0
2889 0
2890 0
2891 1
2892 0
2893 0
2894 0
2895 1
2896 0
2897 0
2898 0
2899 0
2900 0
2901 0
2902 0
2903 0
2904 0
2905 0
2906 0
2907 0
2908 0
2909 0
2910 0
2911 0
2912 0
2913 0
2914 0
2915 1
2916 0
2917 0
2918 1
2919 0
2920 0
2921 0
2922 0
2923 0
2924 0
2925 0
2926 0
2927 0
2928 0
2929 0
2930 0
2931 0
2932 0
2933 1
2934 0
2935 0
2936 0
2937 0
2938 0
2939 0
2940 0
2941 0
2942 0
2943 0
2944 0
2945 0
2946 0
2947 0
2948 1
2949 0
2950 0
2951 0
2952 0
2953 0
2954 0
2955 0
2956 0
2957 0
2958 0
2959 1
2960 0
2961 0
2962 0
2963 0
2964 0
2965 1
2966 0
2967 0
2968 0
2969 0
2970 0
2971 0
2972 1
2973 0
2974 0
2975 0
2976 0
2977 0
2978 0
2979 0
2980 0
2981 0
2982 0
2983 0
2984 0
2985 0
2986 0
2987 0
2988 0
2989 0
2990 0
2991 0
2992 0
2993 0
2994 0
2995 0
2996 0
2997 1
2998 0
2999 0
3000 0
3001 0
3002 0
3003 0
3004 0
3005 0
3006 0
3007 0
3008 0
3009 0
3010 0
3011 0
3012 0
3013 0
3014 0
3015 0
3016 0
3017 0
3018 0
3019 0
3020 0
3021 0
3022 0
3023 0
3024 0
3025 0
3026 0
3027 0
3028 0
3029 0
3030 0
3031 0
3032 0
3033 0
3034 0
3035 0
3036 0
3037 0
3038 0
3039 0
3040 0
3041 0
3042 0
3043 0
3044 0
3045 0
3046 1
3047 0
3048 0
3049 1
3050 0
3051 0
3052 0
3053 0
3054 0
3055 0
3056 0
3057 0
3058 0
3059 0
3060 0
3061 0
3062 0
3063 0
3064 0
3065 0
3066 0
3067 0
3068 0
3069 0
3070 0
3071 0
3072 0
3073 0
3074 0
3075 0
3076 0
3077 0
3078 1
3079 0
3080 0
3081 0
3082 0
3083 0
3084 0
3085 1
3086 0
3087 0
3088 0
3089 0
3090 0
3091 0
3092 0
3093 0
3094 0
3095 0
3096 0
3097 0
3098 0
3099 1
3100 0
3101 0
3102 0
3103 0
3104 0
3105 0
3106 0
3107 0
3108 0
3109 0
3110 0
3111 0
3112 0
3113 0
3114 0
3115 0
3116 0
3117 0
3118 0
3119 0
3120 0
3121 0
3122 0
3123 0
3124 0
3125 0
3126 0
3127 0
3128 0
3129 0
3130 0
3131 0
3132 0
3133 0
3134 0
3135 0
3136 0
3137 0
3138 0
3139 0
3140 0
3141 0
3142 0
3143 0
3144 0
3145 0
3146 0
3147 0
3148 0
3149 0
3150 0
3151 0
3152 0
3153 0
3154 0
3155 0
3156 0
3157 0
3158 0
3159 0
3160 0
3161 0
3162 0
3163 0
3164 0
3165 1
3166 1
3167 0
3168 0
3169 0
3170 0
3171 0
3172 0
3173 0
3174 0
3175 0
3176 0
3177 0
3178 0
3179 1
3180 0
3181 0
3182 0
3183 0
3184 0
3185 0
3186 0
3187 0
3188 0
3189 0
3190 0
3191 0
3192 0
3193 0
3194 0
3195 0
3196 0
3197 0
3198 0
3199 0
3200 0
3201 0
3202 0
3203 0
3204 1
3205 0
3206 0
3207 0
3208 0
3209 0
3210 0
3211 0
3212 0
3213 0
3214 0
3215 0
3216 0
3217 0
3218 0
3219 0
3220 0
3221 0
3222 0
3223 0
3224 0
3225 0
3226 0
3227 0
3228 0
3229 0
3230 0
3231 0
3232 0
3233 1
3234 0
3235 0
3236 0
3237 0
3238 0
3239 0
3240 0
3241 0
3242 0
3243 0
3244 0
3245 0
3246 0
3247 0
3248 0
3249 0
3250 0
3251 0
3252 0
3253 0
3254 0
3255 0
3256 0
3257 0
3258 0
3259 0
3260 0
3261 0
3262 1
3263 0
3264 0
3265 0
3266 0
3267 0
3268 0
3269 0
3270 0
3271 0
3272 0
3273 0
3274 0
3275 0
3276 0
3277 0
3278 0
3279 0
3280 0
3281 0
3282 0
3283 0
3284 0
3285 0
3286 0
3287 0
3288 0
3289 0
3290 0
3291 0
3292 0
3293 0
3294 0
3295 0
3296 0
3297 0
3298 0
3299 0
3300 0
3301 0
3302 0
3303 0
3304 0
3305 1
3306 0
3307 0
3308 0
3309 0
3310 0
3311 0
3312 0
3313 0
3314 0
3315 0
3316 0
3317 0
3318 0
3319 0
3320 0
3321 0
3322 0
3323 0
3324 0
3325 0
3326 0
3327 0
3328 0
3329 0
3330 0
3331 0
3332 0
3333 1
3334 0
3335 0
3336 0
3337 0
3338 0
3339 0
3340 0
3341 0
3342 0
3343 0
3344 0
3345 0
3346 0
3347 0
3348 0
3349 0
3350 0
3351 0
3352 0
3353 0
3354 0
3355 0
3356 0
3357 0
3358 0
3359 0
3360 0
3361 0
3362 0
3363 0
3364 0
3365 0
3366 0
3367 0
3368 0
3369 0
3370 1
3371 0
3372 0
3373 0
3374 0
3375 0
3376 0
3377 0
3378 0
3379 0
3380 0
3381 0
3382 0
3383 0
3384 0
3385 0
3386 0
3387 0
3388 0
3389 0
3390 0
3391 0
3392 0
3393 0
3394 0
3395 0
3396 0
3397 0
3398 0
3399 0
3400 0
3401 0
3402 0
3403 0
3404 0
3405 0
3406 0
3407 0
3408 0
3409 0
3410 0
3411 0
3412 0
3413 0
3414 0
3415 0
3416 0
3417 0
3418 0
3419 0
3420 0
3421 0
3422 0
3423 0
3424 0
3425 0
3426 0
3427 0
3428 0
3429 0
3430 0
3431 0
3432 0
3433 0
3434 0
3435 0
3436 0
3437 0
3438 0
3439 0
3440 0
3441 0
3442 0
3443 0
3444 0
3445 0
3446 0
3447 0
3448 0
3449 0
3450 0
3451 0
3452 0
3453 0
3454 0
3455 0
3456 0
3457 0
3458 0
3459 0
3460 0
3461 0
3462 0
3463 0
3464 0
3465 0
3466 0
3467 0
3468 0
3469 0
3470 0
3471 0
3472 0
3473 0
3474 0
3475 0
3476 0
3477 0
3478 1
3479 1
3480 0
3481 0
3482 0
3483 0
3484 0
3485 0
3486 0
3487 0
3488 0
3489 0
3490 0
3491 0
3492 0
3493 0
3494 0
3495 0
3496 0
3497 0
3498 0
3499 0
3500 0
3501 0
3502 0
3503 0
3504 0
3505 0
3506 0
3507 0
3508 0
3509 1
3510 0
3511 0
3512 0
3513 1
3514 0
3515 0
3516 0
3517 0
3518 0
3519 0
3520 0
3521 0
3522 0
3523 0
3524 0
3525 0
3526 0
3527 0
3528 0
3529 0
3530 0
3531 0
3532 0
3533 0
3534 0
3535 0
3536 0
3537 0
3538 0
3539 0
3540 0
3541 0
3542 0
3543 0
3544 0
3545 1
3546 0
3547 0
3548 0
3549 1
3550 0
3551 0
3552 0
3553 0
3554 0
3555 0
3556 0
3557 0
3558 0
3559 0
3560 0
3561 0
3562 0
3563 0
3564 0
3565 0
3566 0
3567 0
3568 0
3569 0
3570 0
3571 0
3572 0
3573 0
3574 0
3575 0
3576 0
3577 1
3578 0
3579 1
3580 0
3581 0
3582 0
3583 0
3584 0
3585 0
3586 0
3587 0
3588 0
3589 0
3590 0
3591 0
3592 0
3593 0
3594 0
3595 0
3596 0
3597 0
3598 1
3599 0
3600 0
3601 0
3602 0
3603 0
3604 0
3605 0
3606 0
3607 0
3608 0
3609 1
3610 0
3611 0
3612 0
3613 0
3614 0
3615 0
3616 0
3617 0
3618 0
3619 0
3620 1
3621 0
3622 0
3623 0
3624 0
3625 0
3626 0
3627 0
3628 0
3629 0
3630 0
3631 0
3632 0
3633 0
3634 0
3635 0
3636 0
3637 0
3638 0
3639 0
3640 0
3641 0
3642 0
3643 0
3644 0
3645 0
3646 0
3647 0
3648 0
3649 0
3650 0
3651 0
3652 0
3653 0
3654 0
3655 0
3656 0
3657 0
3658 0
3659 0
3660 0
3661 0
3662 0
3663 0
3664 0
3665 0
3666 0
3667 0
3668 0
3669 0
3670 0
3671 0
3672 0
3673 0
3674 0
3675 0
3676 0
3677 0
3678 0
3679 0
3680 0
3681 0
3682 0
3683 0
3684 0
3685 0
3686 0
3687 0
3688 0
3689 0
3690 0
3691 0
3692 0
3693 0
3694 0
3695 0
3696 0
3697 0
3698 0
3699 0
3700 0
3701 0
3702 0
3703 0
3704 0
3705 0
3706 0
3707 0
3708 0
3709 0
3710 0
3711 0
3712 0
3713 0
3714 0
3715 0
3716 0
3717 0
3718 0
3719 0
3720 0
3721 0
3722 0
3723 0
3724 0
3725 0
3726 0
3727 0
3728 0
3729 0
3730 0
3731 0
3732 0
3733 0
3734 0
3735 0
3736 0
3737 0
3738 0
3739 0
3740 0
3741 0
3742 0
3743 0
3744 0
3745 0
3746 0
3747 0
3748 0
3749 0
3750 0
3751 0
3752 0
3753 0
3754 0
3755 0
3756 0
3757 0
3758 0
3759 0
3760 0
3761 0
3762 0
3763 0
3764 0
3765 0
3766 0
3767 0
3768 0
3769 0
3770 0
3771 0
3772 0
3773 0
3774 0
3775 1
3776 0
3777 0
3778 0
3779 0
3780 0
3781 0
3782 0
3783 0
3784 0
3785 0
3786 0
3787 0
3788 0
3789 0
3790 0
3791 0
3792 0
3793 0
3794 0
3795 0
3796 0
3797 0
3798 0
3799 0
3800 0
3801 0
3802 0
3803 0
3804 0
3805 0
3806 0
3807 0
3808 0
3809 0
3810 0
3811 0
3812 1
3813 0
3814 1
3815 0
3816 0
3817 0
3818 0
3819 0
3820 0
3821 0
3822 0
3823 0
3824 0
3825 0
3826 0
3827 0
3828 0
3829 0
3830 0
3831 0
3832 0
3833 0
3834 0
3835 0
3836 0
3837 0
3838 0
3839 0
3840 0
3841 0
3842 0
3843 0
3844 0
3845 0
3846 0
3847 0
3848 0
3849 0
3850 0
3851 0
3852 0
3853 0
3854 0
3855 0
3856 0
3857 0
3858 0
3859 0
3860 0
3861 0
3862 0
3863 0
3864 0
3865 0
3866 0
3867 0
3868 0
3869 0
3870 0
3871 0
3872 0
3873 0
3874 0
3875 0
3876 0
3877 0
3878 0
3879 0
3880 0
3881 0
3882 0
3883 0
3884 0
3885 0
3886 0
3887 0
3888 0
3889 0
3890 0
3891 0
3892 0
3893 0
3894 0
3895 0
3896 0
3897 0
3898 0
3899 0
3900 0
3901 0
3902 0
3903 0
3904 0
3905 0
3906 0
3907 0
3908 0
3909 0
3910 0
3911 0
3912 0
3913 0
3914 0
3915 1
3916 0
3917 0
3918 0
3919 0
3920 0
3921 0
3922 0
3923 0
3924 0
3925 0
3926 0
3927 0
3928 0
3929 0
3930 0
3931 0
3932 0
3933 0
3934 0
3935 0
3936 0
3937 0
3938 0
3939 0
3940 0
3941 0
3942 0
3943 0
3944 0
3945 0
3946 0
3947 0
3948 0
3949 0
3950 0
3951 0
3952 0
3953 0
3954 0
3955 0
3956 0
3957 0
3958 0
3959 0
3960 0
3961 0
3962 0
3963 0
3964 0
3965 0
3966 0
3967 0
3968 0
3969 0
3970 0
3971 0
3972 0
3973 0
3974 0
3975 0
3976 0
3977 0
3978 0
3979 0
3980 0
3981 0
3982 0
3983 0
3984 0
3985 0
3986 0
3987 0
3988 0
3989 0
3990 0
3991 0
3992 0
3993 0
3994 0
3995 0
3996 0
3997 0
3998 0
3999 0
4000 0
