0 0
1 0
2 0
3 0
4 0
5 0
6 0
7 0
8 0
9 0
10 0
11 0
12 0
13 0
14 0
15 0
16 0
17 0
18 0
19 0
20 0
21 0
22 0
23 0
24 0
25 0
26 0
27 0
28 0
29 0
30 0
31 0
32 0
33 0
34 0
35 0
36 0
37 0
38 0
39 0
40 0
41 0
42 0
43 0
44 0
45 0
46 0
47 0
48 0
49 0
50 0
51 0
52 0
53 0
54 0
55 0
56 0
57 0
58 0
59 0
60 0
61 0
62 0
63 0
64 0
65 0
66 0
67 0
68 0
69 0
70 0
71 0
72 0
73 0
74 0
75 0
76 0
77 0
78 0
79 0
80 0
81 0
82 0
83 0
84 0
85 0
86 0
87 0
88 0
89 0
90 0
91 0
92 0
93 0
94 0
95 0
96 0
97 0
98 0
99 0
100 0
101 0
102 0
103 0
104 0
105 0
106 0
107 0
108 0
109 0
110 0
111 0
112 0
113 0
114 0
115 0
116 0
117 0
118 0
119 0
120 0
121 0
122 0
123 0
124 0
125 0
126 0
127 0
128 0
129 0
130 0
131 0
132 0
133 0
134 0
135 0
136 0
137 0
138 0
139 0
140 0
141 0
142 0
143 0
144 0
145 0
146 0
147 0
148 0
149 1
150 0
151 0
152 3
153 2
154 2
155 1
156 3
157 5
158 8
159 7
160 4
161 3
162 2
163 5
164 1
165 4
166 1
167 3
168 2
169 5
170 9
171 4
172 5
173 4
174 5
175 21
176 32
177 54
178 77
179 101
180 134
181 154
182 187
183 201
184 287
185 399
186 630
187 1082
188 1663
189 2454
190 2959
191 3373
192 3503
193 3437
194 3224
195 3044
196 2706
197 2472
198 2173
199 2004
200 1683
201 1618
202 1326
203 1259
204 1022
205 957
206 920
207 780
208 742
209 702
210 673
211 643
212 569
213 614
214 576
215 611
216 568
217 587
218 576
219 589
220 538
221 589
222 571
223 622
224 591
225 620
226 654
227 619
228 644
229 622
230 623
231 633
232 640
233 644
234 635
235 640
236 644
237 692
238 699
239 732
240 658
241 680
242 739
243 711
244 664
245 732
246 748
247 722
248 771
249 764
250 786
251 771
252 753
253 748
254 771
255 801
256 790
257 734
258 769
259 757
260 762
261 792
262 775
263 886
264 773
265 828
266 814
267 863
268 868
269 865
270 861
271 864
272 850
273 828
274 821
275 901
276 848
277 909
278 897
279 843
280 941
281 883
282 894
283 981
284 904
285 948
286 934
287 984
288 948
289 1001
290 973
291 1023
292 936
293 1027
294 996
295 967
296 1017
297 1054
298 1010
299 934
300 1061
301 1046
302 1046
303 990
304 1019
305 1010
306 1052
307 972
308 1051
309 994
310 1022
311 1103
312 1003
313 1083
314 1101
315 1106
316 1062
317 1109
318 1094
319 1093
320 1112
321 1075
322 1109
323 1149
324 1125
325 1104
326 1112
327 1085
328 1147
329 1189
330 1126
331 1200
332 1099
333 1115
334 1182
335 1239
336 1168
337 1147
338 1175
339 1170
340 1156
341 1158
342 1152
343 1114
344 1164
345 1202
346 1175
347 1175
348 1235
349 1209
350 1255
351 1172
352 1188
353 1194
354 1157
355 1190
356 1195
357 1205
358 1234
359 1224
360 1156
361 1158
362 1184
363 1198
364 1172
365 1218
366 1238
367 1210
368 1129
369 1185
370 1204
371 1195
372 1182
373 1169
374 1199
375 1149
376 1187
377 1226
378 1140
379 1212
380 1167
381 1190
382 1179
383 1173
384 1161
385 1182
386 1159
387 1224
388 1174
389 1136
390 1187
391 1194
392 1155
393 1256
394 1158
395 1121
396 1156
397 1166
398 1113
399 1157
400 1210
401 1124
402 1088
403 1106
404 1153
405 1119
406 1102
407 1140
408 1093
409 1103
410 1133
411 1081
412 1122
413 1106
414 1126
415 1034
416 1095
417 1030
418 1072
419 1096
420 1114
421 1093
422 1097
423 993
424 1082
425 1032
426 1023
427 992
428 1082
429 1001
430 993
431 1016
432 1010
433 981
434 1003
435 1008
436 991
437 957
438 935
439 959
440 919
441 964
442 946
443 951
444 946
445 1003
446 905
447 945
448 920
449 878
450 952
451 863
452 940
453 916
454 874
455 872
456 913
457 863
458 869
459 912
460 869
461 791
462 829
463 811
464 810
465 839
466 838
467 832
468 847
469 765
470 776
471 800
472 795
473 787
474 766
475 821
476 730
477 742
478 751
479 735
480 719
481 767
482 697
483 676
484 704
485 684
486 711
487 679
488 701
489 665
490 690
491 666
492 667
493 690
494 679
495 707
496 625
497 657
498 693
499 674
500 662
501 641
502 609
503 604
504 614
505 586
506 567
507 563
508 605
509 582
510 565
511 595
512 553
513 539
514 549
515 525
516 553
517 520
518 546
519 522
520 483
521 514
522 524
523 510
524 496
525 522
526 516
527 470
528 465
529 447
530 459
531 503
532 529
533 494
534 437
535 443
536 451
537 491
538 430
539 460
540 420
541 422
542 447
543 418
544 406
545 394
546 453
547 392
548 427
549 381
550 382
551 405
552 370
553 397
554 357
555 351
556 358
557 377
558 387
559 389
560 372
561 350
562 369
563 350
564 366
565 353
566 362
567 340
568 315
569 359
570 321
571 326
572 362
573 336
574 355
575 351
576 321
577 329
578 303
579 327
580 343
581 304
582 300
583 327
584 310
585 315
586 312
587 295
588 294
589 280
590 299
591 267
592 294
593 251
594 248
595 254
596 272
597 264
598 259
599 260
600 258
601 256
602 283
603 271
604 270
605 261
606 259
607 254
608 238
609 229
610 250
611 237
612 231
613 234
614 250
615 223
616 245
617 228
618 227
619 253
620 235
621 225
622 217
623 211
624 238
625 259
626 218
627 226
628 232
629 218
630 238
631 209
632 206
633 223
634 241
635 169
636 215
637 219
638 204
639 196
640 208
641 218
642 207
643 196
644 203
645 219
646 200
647 206
648 187
649 177
650 221
651 196
652 190
653 195
654 200
655 217
656 188
657 170
658 203
659 187
660 194
661 195
662 174
663 177
664 196
665 187
666 182
667 168
668 177
669 162
670 186
671 200
672 193
673 173
674 177
675 185
676 186
677 193
678 173
679 186
680 187
681 177
682 181
683 176
684 182
685 192
686 168
687 168
688 140
689 154
690 158
691 190
692 173
693 163
694 154
695 158
696 163
697 186
698 156
699 179
700 169
701 164
702 155
703 164
704 150
705 155
706 179
707 166
708 172
709 142
710 156
711 148
712 155
713 166
714 151
715 152
716 180
717 163
718 144
719 163
720 177
721 156
722 162
723 168
724 161
725 165
726 143
727 168
728 140
729 132
730 135
731 158
732 152
733 158
734 156
735 133
736 166
737 139
738 153
739 176
740 137
741 152
742 147
743 124
744 156
745 149
746 156
747 158
748 163
749 157
750 153
751 165
752 165
753 156
754 152
755 154
756 131
757 137
758 157
759 152
760 131
761 138
762 140
763 131
764 170
765 133
766 160
767 149
768 113
769 153
770 155
771 151
772 137
773 154
774 134
775 149
776 149
777 141
778 114
779 130
780 109
781 134
782 132
783 142
784 156
785 139
786 158
787 138
788 149
789 135
790 136
791 143
792 146
793 147
794 133
795 123
796 130
797 139
798 135
799 132
800 125
801 113
802 119
803 131
804 111
805 120
806 150
807 134
808 126
809 126
810 127
811 117
812 118
813 150
814 127
815 124
816 118
817 113
818 130
819 132
820 114
821 112
822 132
823 122
824 134
825 131
826 119
827 117
828 125
829 120
830 137
831 119
832 128
833 133
834 131
835 101
836 130
837 118
838 129
839 99
840 115
841 111
842 115
843 124
844 100
845 94
846 126
847 117
848 123
849 100
850 119
851 93
852 99
853 128
854 109
855 114
856 136
857 111
858 109
859 104
860 116
861 126
862 98
863 94
864 107
865 96
866 108
867 114
868 103
869 135
870 108
871 113
872 112
873 113
874 102
875 104
876 108
877 96
878 104
879 101
880 92
881 114
882 99
883 118
884 109
885 103
886 104
887 76
888 99
889 104
890 88
891 90
892 83
893 119
894 89
895 103
896 92
897 100
898 108
899 109
900 90
901 110
902 111
903 84
904 90
905 94
906 89
907 87
908 113
909 87
910 107
911 91
912 100
913 108
914 120
915 98
916 91
917 87
918 104
919 93
920 96
921 97
922 98
923 88
924 101
925 88
926 86
927 83
928 92
929 94
930 90
931 80
932 68
933 80
934 96
935 81
936 70
937 100
938 88
939 75
940 92
941 107
942 88
943 89
944 64
945 66
946 81
947 71
948 98
949 91
950 82
951 85
952 83
953 74
954 67
955 79
956 83
957 92
958 90
959 77
960 72
961 71
962 70
963 84
964 71
965 86
966 87
967 81
968 63
969 76
970 71
971 78
972 82
973 39
974 87
975 53
976 63
977 71
978 66
979 68
980 52
981 73
982 76
983 69
984 71
985 75
986 76
987 72
988 71
989 62
990 57
991 69
992 63
993 68
994 71
995 60
996 65
997 69
998 52
999 68
1000 78
1001 60
1002 62
1003 51
1004 67
1005 47
1006 60
1007 51
1008 72
1009 69
1010 51
1011 57
1012 66
1013 64
1014 64
1015 79
1016 54
1017 58
1018 59
1019 50
1020 62
1021 57
1022 63
1023 58
1024 51
1025 56
1026 61
1027 59
1028 75
1029 51
1030 52
1031 50
1032 36
1033 71
1034 52
1035 68
1036 40
1037 53
1038 45
1039 57
1040 61
1041 49
1042 52
1043 59
1044 57
1045 50
1046 54
1047 54
1048 52
1049 37
1050 57
1051 46
1052 46
1053 50
1054 27
1055 35
1056 43
1057 49
1058 44
1059 42
1060 44
1061 38
1062 36
1063 38
1064 44
1065 49
1066 44
1067 41
1068 45
1069 34
1070 56
1071 37
1072 51
1073 37
1074 43
1075 72
1076 52
1077 37
1078 42
1079 43
1080 39
1081 40
1082 39
1083 38
1084 44
1085 41
1086 39
1087 46
1088 46
1089 39
1090 36
1091 40
1092 43
1093 42
1094 34
1095 35
1096 38
1097 41
1098 42
1099 44
1100 39
1101 33
1102 36
1103 29
1104 44
1105 37
1106 30
1107 36
1108 32
1109 39
1110 27
1111 37
1112 38
1113 54
1114 39
1115 45
1116 34
1117 22
1118 38
1119 42
1120 27
1121 29
1122 32
1123 36
1124 31
1125 40
1126 19
1127 31
1128 26
1129 30
1130 29
1131 36
1132 33
1133 25
1134 29
1135 43
1136 27
1137 23
1138 32
1139 34
1140 35
1141 26
1142 26
1143 34
1144 34
1145 42
1146 32
1147 26
1148 31
1149 23
1150 31
1151 31
1152 24
1153 20
1154 26
1155 25
1156 25
1157 21
1158 33
1159 27
1160 29
1161 27
1162 28
1163 34
1164 14
1165 25
1166 19
1167 28
1168 28
1169 24
1170 23
1171 25
1172 26
1173 27
1174 21
1175 35
1176 26
1177 19
1178 22
1179 24
1180 20
1181 19
1182 24
1183 29
1184 23
1185 21
1186 23
1187 16
1188 27
1189 22
1190 18
1191 27
1192 25
1193 19
1194 35
1195 24
1196 12
1197 23
1198 26
1199 20
1200 18
1201 22
1202 21
1203 22
1204 25
1205 23
1206 21
1207 15
1208 16
1209 25
1210 20
1211 14
1212 19
1213 13
1214 17
1215 18
1216 23
1217 17
1218 22
1219 18
1220 23
1221 24
1222 21
1223 24
1224 27
1225 21
1226 17
1227 15
1228 23
1229 17
1230 30
1231 18
1232 10
1233 14
1234 21
1235 13
1236 11
1237 28
1238 15
1239 25
1240 19
1241 17
1242 18
1243 17
1244 10
1245 21
1246 16
1247 12
1248 12
1249 13
1250 18
1251 20
1252 26
1253 10
1254 19
1255 7
1256 19
1257 8
1258 13
1259 22
1260 11
1261 16
1262 24
1263 18
1264 16
1265 13
1266 12
1267 18
1268 14
1269 11
1270 13
1271 10
1272 20
1273 19
1274 20
1275 13
1276 18
1277 11
1278 16
1279 15
1280 13
1281 13
1282 12
1283 10
1284 10
1285 11
1286 19
1287 8
1288 12
1289 10
1290 9
1291 10
1292 6
1293 16
1294 12
1295 9
1296 7
1297 8
1298 13
1299 13
1300 12
1301 10
1302 13
1303 12
1304 10
1305 14
1306 8
1307 10
1308 9
1309 10
1310 14
1311 8
1312 12
1313 11
1314 14
1315 12
1316 7
1317 10
1318 12
1319 12
1320 13
1321 8
1322 12
1323 13
1324 8
1325 11
1326 13
1327 15
1328 13
1329 12
1330 7
1331 10
1332 8
1333 9
1334 10
1335 6
1336 9
1337 6
1338 6
1339 7
1340 6
1341 10
1342 8
1343 5
1344 8
1345 7
1346 7
1347 7
1348 9
1349 8
1350 8
1351 5
1352 6
1353 9
1354 2
1355 5
1356 6
1357 9
1358 13
1359 7
1360 6
1361 11
1362 7
1363 5
1364 10
1365 9
1366 6
1367 6
1368 3
1369 7
1370 5
1371 5
1372 5
1373 8
1374 5
1375 2
1376 7
1377 7
1378 12
1379 12
1380 11
1381 6
1382 12
1383 0
1384 6
1385 6
1386 4
1387 9
1388 9
1389 6
1390 9
1391 2
1392 7
1393 2
1394 3
1395 10
1396 5
1397 11
1398 9
1399 4
1400 9
1401 6
1402 7
1403 6
1404 3
1405 5
1406 3
1407 6
1408 7
1409 5
1410 6
1411 4
1412 7
1413 5
1414 7
1415 8
1416 6
1417 4
1418 5
1419 9
1420 6
1421 7
1422 6
1423 7
1424 4
1425 6
1426 7
1427 3
1428 4
1429 3
1430 2
1431 6
1432 3
1433 7
1434 2
1435 6
1436 3
1437 6
1438 2
1439 8
1440 1
1441 5
1442 6
1443 2
1444 3
1445 4
1446 5
1447 1
1448 6
1449 9
1450 1
1451 4
1452 0
1453 2
1454 5
1455 3
1456 2
1457 3
1458 6
1459 2
1460 1
1461 4
1462 2
1463 3
1464 4
1465 3
1466 3
1467 4
1468 6
1469 5
1470 3
1471 3
1472 6
1473 4
1474 2
1475 5
1476 3
1477 1
1478 7
1479 6
1480 2
1481 3
1482 3
1483 0
1484 2
1485 3
1486 3
1487 6
1488 6
1489 6
1490 2
1491 3
1492 2
1493 6
1494 5
1495 6
1496 5
1497 2
1498 0
1499 6
1500 2
1501 2
1502 2
1503 4
1504 2
1505 4
1506 1
1507 1
1508 6
1509 4
1510 3
1511 5
1512 0
1513 1
1514 2
1515 2
1516 2
1517 5
1518 2
1519 1
1520 3
1521 3
1522 5
1523 3
1524 1
1525 2
1526 3
1527 2
1528 3
1529 4
1530 4
1531 1
1532 3
1533 1
1534 1
1535 2
1536 5
1537 3
1538 5
1539 1
1540 4
1541 1
1542 2
1543 2
1544 3
1545 1
1546 5
1547 1
1548 2
1549 3
1550 1
1551 1
1552 1
1553 3
1554 4
1555 1
1556 0
1557 2
1558 3
1559 2
1560 3
1561 5
1562 5
1563 1
1564 0
1565 5
1566 3
1567 1
1568 2
1569 5
1570 2
1571 1
1572 3
1573 0
1574 3
1575 2
1576 3
1577 1
1578 1
1579 2
1580 1
1581 0
1582 2
1583 3
1584 1
1585 3
1586 1
1587 1
1588 1
1589 1
1590 3
1591 2
1592 1
1593 1
1594 1
1595 3
1596 1
1597 3
1598 1
1599 1
1600 1
1601 3
1602 2
1603 3
1604 3
1605 1
1606 2
1607 2
1608 2
1609 6
1610 3
1611 2
1612 2
1613 1
1614 1
1615 1
1616 0
1617 2
1618 1
1619 0
1620 1
1621 0
1622 1
1623 1
1624 2
1625 2
1626 2
1627 1
1628 0
1629 2
1630 0
1631 1
1632 1
1633 0
1634 0
1635 2
1636 1
1637 0
1638 5
1639 2
1640 2
1641 4
1642 1
1643 2
1644 2
1645 1
1646 2
1647 2
1648 1
1649 1
1650 0
1651 0
1652 2
1653 0
1654 1
1655 1
1656 2
1657 3
1658 1
1659 2
1660 2
1661 1
1662 1
1663 2
1664 2
1665 2
1666 3
1667 0
1668 3
1669 0
1670 1
1671 0
1672 0
1673 1
1674 1
1675 0
1676 2
1677 0
1678 0
1679 1
1680 2
1681 0
1682 1
1683 1
1684 0
1685 2
1686 0
1687 1
1688 2
1689 2
1690 4
1691 1
1692 3
1693 0
1694 0
1695 1
1696 3
1697 1
1698 1
1699 1
1700 0
1701 0
1702 0
1703 0
1704 2
1705 0
1706 0
1707 0
1708 2
1709 1
1710 0
1711 1
1712 2
1713 0
1714 1
1715 2
1716 0
1717 2
1718 1
1719 0
1720 1
1721 1
1722 1
1723 0
1724 1
1725 0
1726 1
1727 1
1728 0
1729 0
1730 0
1731 2
1732 2
1733 1
1734 0
1735 1
1736 0
1737 4
1738 0
1739 1
1740 1
1741 0
1742 1
1743 0
1744 1
1745 1
1746 1
1747 0
1748 0
1749 0
1750 0
1751 0
1752 2
1753 1
1754 2
1755 1
1756 1
1757 1
1758 0
1759 1
1760 0
1761 1
1762 1
1763 0
1764 1
1765 1
1766 0
1767 0
1768 0
1769 0
1770 1
1771 1
1772 0
1773 3
1774 2
1775 0
1776 0
1777 0
1778 1
1779 2
1780 0
1781 1
1782 0
1783 0
1784 2
1785 2
1786 1
1787 0
1788 2
1789 0
1790 1
1791 0
1792 1
1793 2
1794 0
1795 0
1796 2
1797 1
1798 0
1799 1
1800 1
1801 0
1802 2
1803 0
1804 0
1805 3
1806 0
1807 0
1808 2
1809 1
1810 0
1811 1
1812 1
1813 0
1814 1
1815 0
1816 1
1817 0
1818 0
1819 0
1820 1
1821 1
1822 1
1823 0
1824 0
1825 0
1826 1
1827 0
1828 1
1829 1
1830 1
1831 0
1832 0
1833 1
1834 0
1835 0
1836 0
1837 0
1838 1
1839 1
1840 1
1841 0
1842 1
1843 0
1844 0
1845 1
1846 0
1847 0
1848 0
1849 0
1850 0
1851 1
1852 1
1853 0
1854 0
1855 1
1856 2
1857 0
1858 1
1859 0
1860 1
1861 0
1862 0
1863 0
1864 0
1865 1
1866 1
1867 0
1868 0
1869 0
1870 0
1871 1
1872 1
1873 0
1874 0
1875 0
1876 1
1877 0
1878 0
1879 0
1880 0
1881 0
1882 0
1883 0
1884 0
1885 1
1886 1
1887 0
1888 0
1889 0
1890 0
1891 0
1892 0
1893 0
1894 0
1895 0
1896 0
1897 0
1898 0
1899 0
1900 0
1901 0
1902 0
1903 0
1904 0
1905 0
1906 1
1907 0
1908 0
1909 0
1910 1
1911 1
1912 0
1913 0
1914 0
1915 0
1916 0
1917 0
1918 1
1919 1
1920 0
1921 1
1922 0
1923 0
1924 0
1925 0
1926 0
1927 0
1928 0
1929 0
1930 0
1931 0
1932 0
1933 0
1934 0
1935 1
1936 0
1937 0
1938 0
1939 0
1940 0
1941 1
1942 0
1943 0
1944 2
1945 0
1946 0
1947 0
1948 1
1949 0
1950 0
1951 2
1952 1
1953 0
1954 0
1955 0
1956 0
1957 0
1958 0
1959 0
1960 0
1961 0
1962 0
1963 0
1964 0
1965 0
1966 0
1967 0
1968 1
1969 0
1970 0
1971 1
1972 0
1973 0
1974 1
1975 0
1976 0
1977 0
1978 0
1979 0
1980 1
1981 1
1982 0
1983 0
1984 0
1985 0
1986 0
1987 0
1988 0
1989 0
1990 0
1991 0
1992 0
1993 0
1994 0
1995 0
1996 0
1997 0
1998 0
1999 0
2000 0
2001 0
2002 0
2003 0
2004 0
2005 0
2006 0
2007 0
2008 0
2009 0
2010 0
2011 0
2012 0
2013 0
2014 0
2015 0
2016 0
2017 0
2018 0
2019 0
2020 0
2021 0
2022 0
2023 0
2024 0
2025 0
2026 0
2027 0
2028 0
2029 1
2030 0
2031 0
2032 0
2033 0
2034 1
2035 0
2036 0
2037 0
2038 0
2039 2
2040 0
2041 0
2042 1
2043 0
2044 0
2045 0
2046 0
2047 0
2048 1
2049 0
2050 0
2051 0
2052 0
2053 1
2054 0
2055 0
2056 0
2057 0
2058 0
2059 1
2060 0
2061 0
2062 0
2063 0
2064 0
2065 0
2066 0
2067 1
2068 0
2069 0
2070 0
2071 0
2072 0
2073 0
2074 0
2075 0
2076 0
2077 0
2078 0
2079 0
2080 0
2081 0
2082 0
2083 0
2084 0
2085 0
2086 0
2087 0
2088 0
2089 0
2090 0
2091 0
2092 0
2093 0
2094 0
2095 0
2096 0
2097 0
2098 0
2099 0
2100 0
2101 0
2102 0
2103 1
2104 0
2105 1
2106 1
2107 0
2108 0
2109 1
2110 0
2111 0
2112 0
2113 0
2114 0
2115 0
2116 0
2117 0
2118 0
2119 0
2120 0
2121 0
2122 0
2123 0
2124 0
2125 0
2126 0
2127 0
2128 0
2129 0
2130 1
2131 0
2132 0
2133 0
2134 0
2135 0
2136 1
2137 0
2138 0
2139 0
2140 0
2141 0
2142 0
2143 0
2144 0
2145 0
2146 0
2147 0
2148 0
2149 0
2150 0
2151 0
2152 0
2153 0
2154 0
2155 0
2156 0
2157 0
2158 0
2159 0
2160 0
2161 0
2162 0
2163 0
2164 0
2165 0
2166 0
2167 0
2168 0
2169 0
2170 0
2171 0
2172 0
2173 0
2174 0
2175 0
2176 0
2177 0
2178 0
2179 0
2180 0
2181 0
2182 0
2183 0
2184 1
2185 0
2186 0
2187 0
2188 0
2189 0
2190 0
2191 0
2192 0
2193 0
2194 0
2195 0
2196 0
2197 0
2198 0
2199 0
2200 0
2201 0
2202 0
2203 0
2204 0
2205 0
2206 0
2207 0
2208 0
2209 0
2210 0
2211 0
2212 0
2213 0
2214 0
2215 0
2216 0
2217 0
2218 0
2219 0
2220 0
2221 0
2222 0
2223 0
2224 0
2225 0
2226 0
2227 0
2228 0
2229 0
2230 0
2231 0
2232 0
2233 0
2234 0
2235 0
2236 0
2237 0
2238 0
2239 0
2240 0
2241 0
2242 0
2243 1
2244 0
2245 1
2246 0
2247 0
2248 0
2249 0
2250 0
2251 0
2252 0
2253 0
2254 0
2255 0
2256 0
2257 1
2258 0
2259 0
2260 0
2261 0
2262 0
2263 0
2264 0
2265 0
2266 0
2267 0
2268 0
2269 0
2270 0
2271 0
2272 0
2273 0
2274 0
2275 0
2276 1
2277 0
2278 0
2279 0
2280 0
2281 0
2282 0
2283 0
2284 0
2285 0
2286 0
2287 1
2288 0
2289 0
2290 0
2291 0
2292 1
2293 0
2294 0
2295 0
2296 0
2297 0
2298 0
2299 0
2300 0
2301 0
2302 0
2303 0
2304 0
2305 0
2306 0
2307 0
2308 0
2309 0
2310 0
2311 0
2312 0
2313 0
2314 0
2315 0
2316 0
2317 0
2318 0
2319 0
2320 0
2321 0
2322 1
2323 0
2324 0
2325 0
2326 0
2327 0
2328 0
2329 0
2330 0
2331 0
2332 0
2333 0
2334 0
2335 0
2336 0
2337 0
2338 1
2339 0
2340 0
2341 0
2342 0
2343 0
2344 0
2345 0
2346 0
2347 0
2348 0
2349 0
2350 0
2351 0
2352 0
2353 0
2354 0
2355 0
2356 0
2357 1
2358 0
2359 0
2360 0
2361 1
2362 0
2363 0
2364 0
2365 0
2366 0
2367 0
2368 0
2369 0
2370 1
2371 0
2372 0
2373 0
2374 0
2375 0
2376 0
2377 0
2378 0
2379 0
2380 0
2381 0
2382 0
2383 0
2384 0
2385 0
2386 0
2387 0
2388 0
2389 0
2390 0
2391 0
2392 0
2393 0
2394 0
2395 0
2396 0
2397 0
2398 0
2399 0
2400 0
2401 0
2402 0
2403 0
2404 0
2405 0
2406 0
2407 0
2408 0
2409 0
2410 0
2411 0
2412 0
2413 0
2414 0
2415 0
2416 0
2417 0
2418 0
2419 0
2420 0
2421 0
2422 0
2423 0
2424 0
2425 0
2426 0
2427 0
2428 0
2429 0
2430 0
2431 0
2432 0
2433 0
2434 0
2435 0
2436 0
2437 0
2438 0
2439 0
2440 0
2441 0
2442 0
2443 0
2444 0
2445 0
2446 0
2447 0
2448 0
2449 0
2450 0
2451 0
2452 0
2453 0
2454 0
2455 0
2456 0
2457 0
2458 1
2459 0
2460 0
2461 0
2462 0
2463 0
2464 0
2465 0
2466 0
2467 0
2468 0
2469 0
2470 0
2471 0
2472 0
2473 0
2474 0
2475 0
2476 0
2477 0
2478 0
2479 0
2480 0
2481 0
2482 0
2483 0
2484 0
2485 0
2486 0
2487 0
2488 0
2489 0
2490 0
2491 0
2492 0
2493 0
2494 0
2495 0
2496 0
2497 0
2498 0
2499 0
2500 0
2501 0
2502 0
2503 0
2504 0
2505 0
2506 0
2507 0
2508 0
2509 0
2510 0
2511 0
2512 0
2513 0
2514 0
2515 0
2516 0
2517 0
2518 0
2519 0
2520 0
2521 0
2522 0
2523 0
2524 0
2525 0
2526 0
2527 0
2528 0
2529 0
2530 0
2531 0
2532 0
2533 0
2534 0
2535 0
2536 0
2537 0
2538 0
2539 0
2540 0
2541 0
2542 0
2543 0
2544 0
2545 0
2546 0
2547 0
2548 0
2549 0
2550 0
2551 0
2552 0
2553 0
2554 0
2555 0
2556 0
2557 0
2558 0
2559 0
2560 0
2561 0
2562 0
2563 0
2564 0
2565 0
2566 0
2567 0
2568 0
2569 0
2570 0
2571 0
2572 0
2573 0
2574 0
2575 0
2576 0
2577 0
2578 0
2579 0
2580 0
2581 0
2582 0
2583 0
2584 0
2585 0
2586 0
2587 0
2588 0
2589 0
2590 0
2591 0
2592 0
2593 0
2594 0
2595 0
2596 1
2597 0
2598 0
2599 0
2600 0
2601 0
2602 0
2603 0
2604 0
2605 0
2606 0
2607 0
2608 0
2609 0
2610 0
2611 0
2612 0
2613 0
2614 0
2615 0
2616 0
2617 0
2618 0
2619 0
2620 0
2621 0
2622 0
2623 0
2624 0
2625 0
2626 1
2627 0
2628 0
2629 0
2630 0
2631 0
2632 0
2633 0
2634 0
2635 0
2636 0
2637 0
2638 0
2639 0
2640 0
2641 0
2642 0
2643 0
2644 0
2645 0
2646 0
2647 0
2648 0
2649 0
2650 0
2651 0
2652 0
2653 0
2654 0
2655 0
2656 0
2657 0
2658 0
2659 0
2660 0
2661 0
2662 0
2663 0
2664 0
2665 0
2666 0
2667 0
2668 0
2669 0
2670 0
2671 0
2672 0
2673 0
2674 0
2675 0
2676 1
2677 0
2678 0
2679 0
2680 0
2681 0
2682 0
2683 0
2684 0
2685 0
2686 0
2687 0
2688 0
2689 0
2690 0
2691 0
2692 0
2693 0
2694 0
2695 0
2696 0
2697 0
2698 0
2699 0
2700 0
2701 0
2702 0
2703 0
2704 0
2705 0
2706 0
2707 0
2708 0
2709 0
2710 0
2711 0
2712 0
2713 0
2714 0
2715 0
2716 0
2717 0
2718 0
2719 0
2720 0
2721 0
2722 0
2723 0
2724 0
2725 0
2726 0
2727 0
2728 0
2729 0
2730 0
2731 0
2732 0
2733 0
2734 0
2735 0
2736 0
2737 0
2738 0
2739 0
2740 0
2741 0
2742 0
2743 0
2744 0
2745 1
2746 0
2747 0
2748 0
2749 0
2750 0
2751 0
2752 0
2753 0
2754 0
2755 0
2756 0
2757 0
2758 0
2759 0
2760 0
2761 0
2762 0
2763 0
2764 0
2765 0
2766 0
2767 0
2768 0
2769 0
2770 0
2771 0
2772 0
2773 0
2774 0
2775 0
2776 0
2777 0
2778 0
2779 0
2780 0
2781 0
2782 0
2783 0
2784 0
2785 0
2786 0
2787 0
2788 0
2789 0
2790 0
2791 0
2792 0
2793 0
2794 0
2795 0
2796 0
2797 0
2798 0
2799 0
2800 0
2801 0
2802 0
2803 0
2804 0
2805 0
2806 0
2807 0
2808 0
2809 0
2810 0
2811 0
2812 0
2813 0
2814 0
2815 0
2816 0
2817 0
2818 0
2819 0
2820 0
2821 0
2822 0
2823 0
2824 0
2825 0
2826 0
2827 0
2828 0
2829 0
2830 0
2831 0
2832 0
2833 0
2834 0
2835 0
2836 0
2837 0
2838 0
2839 0
2840 0
2841 0
2842 0
2843 0
2844 0
2845 0
2846 0
2847 0
2848 0
2849 0
2850 0
2851 0
2852 0
2853 0
2854 0
2855 0
2856 0
2857 0
2858 0
2859 0
2860 0
2861 0
2862 0
2863 0
2864 0
2865 0
2866 0
2867 0
2868 0
2869 0
2870 0
2871 0
2872 0
2873 0
2874 0
2875 0
2876 0
2877 0
2878 0
2879 0
2880 0
2881 0
2882 0
2883 0
2884 0
2885 0
2886 0
2887 0
2888 0
2889 0
2890 0
2891 0
2892 0
2893 0
2894 0
2895 0
2896 0
2897 0
2898 0
2899 0
2900 0
2901 0
2902 0
2903 0
2904 0
2905 0
2906 0
2907 0
2908 0
2909 0
2910 0
2911 0
2912 0
2913 1
2914 0
2915 0
2916 0
2917 0
2918 0
2919 0
2920 0
2921 0
2922 0
2923 0
2924 0
2925 0
2926 0
2927 0
2928 0
2929 0
2930 0
2931 0
2932 0
2933 0
2934 0
2935 0
2936 0
2937 0
2938 0
2939 0
2940 0
2941 0
2942 1
2943 0
2944 0
2945 0
2946 0
2947 0
2948 0
2949 0
2950 0
2951 0
2952 0
2953 0
2954 0
2955 0
2956 0
2957 0
2958 0
2959 0
2960 0
2961 0
2962 0
2963 0
2964 0
2965 0
2966 0
2967 0
2968 0
2969 0
2970 0
2971 0
2972 0
2973 0
2974 0
2975 0
2976 0
2977 0
2978 0
2979 0
2980 0
2981 0
2982 0
2983 0
2984 0
2985 0
2986 0
2987 0
2988 0
2989 0
2990 0
2991 0
2992 0
2993 0
2994 0
2995 1
2996 0
2997 0
2998 0
2999 0
3000 0
3001 0
3002 0
3003 0
3004 0
3005 0
3006 0
3007 0
3008 0
3009 0
3010 0
3011 0
3012 0
3013 0
3014 0
3015 0
3016 0
3017 0
3018 0
3019 0
3020 0
3021 0
3022 0
3023 0
3024 0
3025 0
3026 0
3027 0
3028 0
3029 0
3030 0
3031 0
3032 0
3033 0
3034 0
3035 0
3036 1
3037 0
3038 0
3039 0
3040 0
3041 0
3042 0
3043 0
3044 0
3045 0
3046 0
3047 0
3048 0
3049 0
3050 0
3051 0
3052 0
3053 0
3054 0
3055 0
3056 0
3057 0
3058 0
3059 1
3060 0
3061 0
3062 0
3063 0
3064 0
3065 0
3066 0
3067 1
3068 0
3069 0
3070 0
3071 0
3072 0
3073 0
3074 0
3075 0
3076 0
3077 0
3078 0
3079 0
3080 0
3081 0
3082 0
3083 0
3084 0
3085 0
3086 0
3087 0
3088 0
3089 0
3090 0
3091 0
3092 0
3093 0
3094 0
3095 0
3096 0
3097 0
3098 0
3099 0
3100 0
3101 0
3102 0
3103 0
3104 0
3105 0
3106 0
3107 0
3108 0
3109 0
3110 0
3111 0
3112 0
3113 0
3114 0
3115 0
3116 0
3117 0
3118 0
3119 0
3120 0
3121 0
3122 0
3123 0
3124 0
3125 0
3126 0
3127 0
3128 0
3129 0
3130 0
3131 0
3132 0
3133 0
3134 0
3135 0
3136 0
3137 0
3138 0
3139 0
3140 0
3141 0
3142 0
3143 0
3144 0
3145 0
3146 0
3147 0
3148 0
3149 0
3150 0
3151 0
3152 0
3153 0
3154 0
3155 0
3156 0
3157 0
3158 0
3159 0
3160 0
3161 0
3162 0
3163 0
3164 0
3165 0
3166 0
3167 0
3168 0
3169 0
3170 0
3171 0
3172 0
3173 0
3174 0
3175 0
3176 0
3177 0
3178 0
3179 1
3180 0
3181 0
3182 0
3183 0
3184 0
3185 0
3186 0
3187 0
3188 0
3189 0
3190 0
3191 0
3192 0
3193 0
3194 0
3195 0
3196 0
3197 0
3198 0
3199 0
3200 0
3201 0
3202 0
3203 0
3204 0
3205 0
3206 0
3207 0
3208 0
3209 0
3210 0
3211 0
3212 0
3213 0
3214 0
3215 0
3216 0
3217 0
3218 0
3219 0
3220 0
3221 0
3222 0
3223 0
3224 0
3225 0
3226 0
3227 0
3228 0
3229 0
3230 0
3231 0
3232 0
3233 0
3234 0
3235 0
3236 0
3237 0
3238 0
3239 0
3240 0
3241 0
3242 0
3243 0
3244 0
3245 0
3246 0
3247 0
3248 0
3249 0
3250 0
3251 0
3252 0
3253 0
3254 0
3255 0
3256 0
3257 0
3258 0
3259 0
3260 0
3261 0
3262 0
3263 0
3264 0
3265 0
3266 0
3267 0
3268 0
3269 0
3270 0
3271 0
3272 0
3273 0
3274 0
3275 0
3276 0
3277 0
3278 0
3279 0
3280 0
3281 0
3282 0
3283 0
3284 0
3285 0
3286 0
3287 0
3288 0
3289 0
3290 0
3291 1
3292 0
3293 0
3294 0
3295 1
3296 0
3297 0
3298 0
3299 0
3300 0
3301 0
3302 0
3303 0
3304 0
3305 0
3306 0
3307 0
3308 0
3309 0
3310 0
3311 0
3312 0
3313 0
3314 0
3315 0
3316 0
3317 0
3318 0
3319 0
3320 0
3321 0
3322 0
3323 0
3324 0
3325 0
3326 0
3327 0
3328 0
3329 0
3330 0
3331 0
3332 0
3333 0
3334 0
3335 0
3336 0
3337 0
3338 0
3339 0
3340 0
3341 0
3342 0
3343 0
3344 0
3345 0
3346 0
3347 0
3348 0
3349 0
3350 0
3351 0
3352 0
3353 0
3354 0
3355 0
3356 0
3357 0
3358 0
3359 0
3360 0
3361 0
3362 0
3363 0
3364 0
3365 0
3366 0
3367 0
3368 0
3369 0
3370 0
3371 0
3372 0
3373 0
3374 0
3375 0
3376 0
3377 0
3378 0
3379 0
3380 0
3381 0
3382 0
3383 0
3384 0
3385 0
3386 0
3387 0
3388 0
3389 0
3390 0
3391 0
3392 0
3393 0
3394 0
3395 0
3396 0
3397 0
3398 0
3399 0
3400 0
3401 0
3402 0
3403 0
3404 0
3405 0
3406 2
3407 0
3408 0
3409 0
3410 0
3411 0
3412 0
3413 0
3414 0
3415 0
3416 0
3417 0
3418 0
3419 0
3420 0
3421 0
3422 0
3423 0
3424 0
3425 0
3426 0
3427 0
3428 0
3429 0
3430 0
3431 0
3432 0
3433 0
3434 0
3435 0
3436 0
3437 0
3438 0
3439 0
3440 0
3441 0
3442 0
3443 0
3444 0
3445 0
3446 0
3447 0
3448 0
3449 0
3450 0
3451 0
3452 0
3453 0
3454 0
3455 0
3456 0
3457 0
3458 0
3459 0
3460 0
3461 0
3462 0
3463 0
3464 0
3465 0
3466 0
3467 0
3468 0
3469 0
3470 0
3471 0
3472 0
3473 0
3474 0
3475 0
3476 0
3477 0
3478 0
3479 0
3480 0
3481 0
3482 0
3483 0
3484 0
3485 0
3486 0
3487 0
3488 0
3489 0
3490 0
3491 0
3492 0
3493 0
3494 0
3495 0
3496 0
3497 0
3498 0
3499 0
3500 1
3501 0
3502 0
3503 0
3504 0
3505 0
3506 0
3507 0
3508 0
3509 0
3510 0
3511 0
3512 0
3513 0
3514 0
3515 0
3516 0
3517 0
3518 0
3519 0
3520 0
3521 0
3522 0
3523 0
3524 0
3525 0
3526 0
3527 0
3528 0
3529 0
3530 0
3531 0
3532 0
3533 0
3534 0
3535 0
3536 0
3537 0
3538 0
3539 0
3540 0
3541 1
3542 0
3543 0
3544 0
3545 0
3546 0
3547 0
3548 0
3549 0
3550 0
3551 0
3552 0
3553 0
3554 0
3555 0
3556 0
3557 0
3558 1
3559 0
3560 0
3561 0
3562 0
3563 0
3564 0
3565 0
3566 0
3567 0
3568 0
3569 0
3570 0
3571 0
3572 0
3573 0
3574 0
3575 0
3576 0
3577 0
3578 0
3579 0
3580 0
3581 0
3582 1
3583 0
3584 0
3585 0
3586 0
3587 0
3588 0
3589 0
3590 0
3591 0
3592 0
3593 0
3594 0
3595 0
3596 0
3597 0
3598 0
3599 0
3600 0
3601 0
3602 0
3603 0
3604 0
3605 0
3606 0
3607 0
3608 0
3609 0
3610 0
3611 0
3612 0
3613 0
3614 0
3615 0
3616 0
3617 0
3618 0
3619 0
3620 0
3621 0
3622 0
3623 0
3624 0
3625 0
3626 0
3627 0
3628 0
3629 0
3630 0
3631 0
3632 0
3633 0
3634 0
3635 0
3636 0
3637 0
3638 0
3639 0
3640 0
3641 0
3642 0
3643 0
3644 0
3645 0
3646 0
3647 0
3648 0
3649 0
3650 0
3651 0
3652 0
3653 0
3654 0
3655 0
3656 0
3657 0
3658 0
3659 0
3660 0
3661 0
3662 0
3663 0
3664 0
3665 0
3666 0
3667 0
3668 0
3669 0
3670 0
3671 0
3672 0
3673 0
3674 0
3675 0
3676 0
3677 0
3678 0
3679 0
3680 0
3681 0
3682 0
3683 0
3684 0
3685 0
3686 0
3687 0
3688 0
3689 0
3690 0
3691 0
3692 0
3693 0
3694 0
3695 0
3696 0
3697 0
3698 0
3699 0
3700 0
3701 0
3702 0
3703 0
3704 0
3705 0
3706 0
3707 0
3708 0
3709 0
3710 0
3711 0
3712 0
3713 0
3714 0
3715 0
3716 0
3717 0
3718 0
3719 0
3720 0
3721 0
3722 0
3723 0
3724 0
3725 0
3726 0
3727 0
3728 0
3729 0
3730 0
3731 1
3732 0
3733 0
3734 0
3735 0
3736 0
3737 0
3738 0
3739 0
3740 0
3741 0
3742 0
3743 0
3744 0
3745 0
3746 0
3747 0
3748 0
3749 0
3750 0
3751 0
3752 0
3753 0
3754 0
3755 0
3756 0
3757 0
3758 0
3759 0
3760 0
3761 0
3762 0
3763 0
3764 0
3765 0
3766 0
3767 0
3768 0
3769 0
3770 0
3771 0
3772 0
3773 0
3774 0
3775 0
3776 0
3777 0
3778 0
3779 0
3780 0
3781 0
3782 0
3783 0
3784 0
3785 0
3786 0
3787 0
3788 0
3789 0
3790 0
3791 0
3792 0
3793 0
3794 0
3795 0
3796 0
3797 0
3798 0
3799 0
3800 0
3801 0
3802 0
3803 0
3804 0
3805 0
3806 0
3807 0
3808 0
3809 0
3810 0
3811 0
3812 0
3813 0
3814 0
3815 0
3816 0
3817 0
3818 0
3819 0
3820 0
3821 0
3822 0
3823 0
3824 0
3825 0
3826 0
3827 0
3828 0
3829 0
3830 0
3831 0
3832 0
3833 0
3834 0
3835 0
3836 0
3837 0
3838 0
3839 0
3840 0
3841 0
3842 0
3843 0
3844 0
3845 0
3846 0
3847 0
3848 0
3849 0
3850 0
3851 0
3852 0
3853 1
3854 0
3855 0
3856 0
3857 0
3858 0
3859 0
3860 0
3861 0
3862 0
3863 0
3864 0
3865 0
3866 0
3867 0
3868 0
3869 0
3870 0
3871 0
3872 0
3873 0
3874 0
3875 0
3876 0
3877 0
3878 0
3879 0
3880 0
3881 0
3882 0
3883 0
3884 0
3885 0
3886 0
3887 0
3888 0
3889 0
3890 0
3891 0
3892 0
3893 0
3894 0
3895 0
3896 0
3897 0
3898 0
3899 0
3900 0
3901 0
3902 0
3903 0
3904 0
3905 0
3906 0
3907 0
3908 0
3909 0
3910 0
3911 0
3912 0
3913 0
3914 0
3915 0
3916 0
3917 0
3918 0
3919 0
3920 0
3921 0
3922 0
3923 0
3924 0
3925 0
3926 0
3927 0
3928 0
3929 0
3930 0
3931 0
3932 0
3933 0
3934 0
3935 0
3936 0
3937 0
3938 0
3939 0
3940 0
3941 0
3942 0
3943 0
3944 0
3945 0
3946 0
3947 0
3948 0
3949 0
3950 0
3951 0
3952 0
3953 0
3954 0
3955 0
3956 0
3957 0
3958 0
3959 0
3960 0
3961 0
3962 0
3963 0
3964 0
3965 0
3966 0
3967 0
3968 0
3969 0
3970 0
3971 0
3972 0
3973 0
3974 0
3975 0
3976 0
3977 0
3978 0
3979 0
3980 0
3981 0
3982 0
3983 0
3984 0
3985 0
3986 0
3987 0
3988 0
3989 0
3990 0
3991 0
3992 0
3993 0
3994 0
3995 0
3996 0
3997 0
3998 0
3999 0
4000 0
