0 0
1 0
2 0
3 0
4 0
5 0
6 0
7 0
8 0
9 0
10 0
11 0
12 0
13 0
14 0
15 0
16 0
17 0
18 0
19 0
20 0
21 0
22 0
23 0
24 0
25 0
26 0
27 0
28 0
29 0
30 0
31 0
32 0
33 0
34 0
35 0
36 0
37 0
38 0
39 0
40 0
41 0
42 0
43 0
44 0
45 0
46 0
47 0
48 0
49 0
50 0
51 0
52 0
53 0
54 0
55 0
56 0
57 0
58 0
59 0
60 0
61 0
62 0
63 0
64 0
65 0
66 0
67 0
68 0
69 0
70 0
71 0
72 0
73 0
74 0
75 0
76 0
77 0
78 0
79 0
80 0
81 0
82 0
83 0
84 0
85 0
86 0
87 0
88 0
89 0
90 0
91 0
92 0
93 0
94 0
95 0
96 0
97 0
98 0
99 0
100 0
101 0
102 0
103 0
104 0
105 0
106 0
107 0
108 0
109 0
110 0
111 0
112 0
113 0
114 0
115 0
116 0
117 0
118 0
119 0
120 0
121 0
122 0
123 0
124 0
125 0
126 0
127 0
128 0
129 0
130 0
131 0
132 0
133 0
134 0
135 0
136 0
137 0
138 0
139 0
140 0
141 0
142 0
143 0
144 0
145 0
146 0
147 0
148 0
149 0
150 0
151 0
152 1
153 3
154 3
155 8
156 7
157 1
158 1
159 6
160 4
161 8
162 2
163 5
164 5
165 7
166 6
167 3
168 13
169 10
170 7
171 6
172 10
173 12
174 8
175 20
176 30
177 57
178 92
179 119
180 135
181 211
182 212
183 250
184 288
185 451
186 705
187 1089
188 1693
189 2359
190 2915
191 3298
192 3449
193 3459
194 3220
195 3134
196 2863
197 2529
198 2321
199 2076
200 1892
201 1713
202 1496
203 1360
204 1235
205 1180
206 1028
207 910
208 886
209 866
210 745
211 731
212 788
213 737
214 750
215 696
216 706
217 677
218 710
219 685
220 675
221 720
222 712
223 677
224 731
225 796
226 770
227 822
228 779
229 764
230 771
231 775
232 732
233 784
234 767
235 793
236 771
237 806
238 832
239 835
240 833
241 824
242 817
243 825
244 849
245 864
246 820
247 813
248 863
249 851
250 868
251 884
252 854
253 835
254 841
255 923
256 961
257 891
258 873
259 902
260 941
261 946
262 871
263 918
264 922
265 952
266 914
267 963
268 983
269 976
270 924
271 962
272 969
273 932
274 913
275 966
276 1008
277 982
278 1017
279 969
280 1022
281 1002
282 1035
283 1056
284 1040
285 1038
286 1018
287 1054
288 1027
289 1059
290 1086
291 1062
292 1024
293 1026
294 1093
295 1045
296 971
297 1080
298 1071
299 1146
300 1105
301 1135
302 1138
303 1133
304 1129
305 1150
306 1133
307 1164
308 1210
309 1205
310 1141
311 1194
312 1224
313 1219
314 1210
315 1202
316 1185
317 1254
318 1281
319 1225
320 1349
321 1259
322 1279
323 1258
324 1265
325 1270
326 1271
327 1381
328 1318
329 1237
330 1362
331 1356
332 1354
333 1313
334 1361
335 1360
336 1382
337 1413
338 1437
339 1403
340 1436
341 1401
342 1452
343 1420
344 1468
345 1509
346 1417
347 1462
348 1488
349 1536
350 1436
351 1498
352 1627
353 1513
354 1504
355 1534
356 1531
357 1625
358 1551
359 1624
360 1581
361 1641
362 1589
363 1611
364 1651
365 1695
366 1691
367 1714
368 1658
369 1673
370 1733
371 1666
372 1784
373 1782
374 1674
375 1771
376 1699
377 1719
378 1753
379 1756
380 1743
381 1847
382 1815
383 1836
384 1833
385 1834
386 1835
387 1857
388 1779
389 1916
390 1841
391 1944
392 1824
393 1959
394 1830
395 1976
396 1968
397 1924
398 1888
399 1937
400 1951
401 1957
402 2001
403 2037
404 2013
405 2038
406 1991
407 2048
408 2091
409 1955
410 2078
411 2039
412 1988
413 1978
414 2074
415 2055
416 2128
417 2143
418 2108
419 2057
420 2078
421 2124
422 2055
423 2171
424 2181
425 2113
426 2194
427 2157
428 2137
429 2196
430 2190
431 2212
432 2077
433 2143
434 2089
435 2168
436 2107
437 2171
438 2249
439 2297
440 2226
441 2249
442 2197
443 2174
444 2195
445 2195
446 2217
447 2321
448 2298
449 2348
450 2221
451 2153
452 2183
453 2133
454 2269
455 2177
456 2217
457 2244
458 2227
459 2199
460 2171
461 2217
462 2225
463 2265
464 2175
465 2262
466 2215
467 2214
468 2159
469 2190
470 2208
471 2173
472 2294
473 2315
474 2298
475 2186
476 2138
477 2235
478 2180
479 2137
480 2132
481 2214
482 2254
483 2087
484 2292
485 2153
486 2146
487 2146
488 2224
489 2126
490 2136
491 2160
492 2125
493 2128
494 2108
495 2176
496 2193
497 2158
498 2127
499 2086
500 2002
501 2112
502 2107
503 2049
504 2150
505 2077
506 2062
507 2013
508 2089
509 2063
510 2023
511 2000
512 2008
513 2002
514 2014
515 2001
516 2023
517 2048
518 2022
519 1996
520 1925
521 1960
522 2021
523 1925
524 1878
525 1926
526 1882
527 1835
528 1901
529 1905
530 1856
531 1928
532 1888
533 1932
534 1847
535 1792
536 1746
537 1762
538 1756
539 1792
540 1834
541 1774
542 1673
543 1818
544 1696
545 1690
546 1773
547 1629
548 1737
549 1658
550 1677
551 1696
552 1668
553 1643
554 1674
555 1686
556 1629
557 1612
558 1612
559 1591
560 1604
561 1647
562 1571
563 1484
564 1495
565 1541
566 1557
567 1536
568 1583
569 1552
570 1580
571 1466
572 1503
573 1498
574 1397
575 1460
576 1465
577 1477
578 1328
579 1483
580 1335
581 1352
582 1397
583 1309
584 1371
585 1255
586 1312
587 1304
588 1265
589 1311
590 1298
591 1245
592 1266
593 1296
594 1301
595 1204
596 1244
597 1259
598 1177
599 1236
600 1154
601 1218
602 1178
603 1187
604 1177
605 1144
606 1133
607 1137
608 1131
609 1075
610 1080
611 1123
612 1059
613 1049
614 1067
615 1036
616 1047
617 1053
618 979
619 1027
620 1018
621 1040
622 973
623 1001
624 908
625 968
626 1039
627 995
628 961
629 909
630 922
631 915
632 889
633 879
634 873
635 931
636 833
637 839
638 810
639 909
640 876
641 894
642 849
643 800
644 828
645 805
646 801
647 794
648 784
649 821
650 766
651 797
652 764
653 781
654 785
655 766
656 735
657 754
658 738
659 697
660 702
661 723
662 700
663 730
664 636
665 662
666 650
667 707
668 679
669 618
670 638
671 676
672 626
673 640
674 647
675 615
676 675
677 628
678 595
679 624
680 636
681 568
682 579
683 565
684 607
685 603
686 600
687 563
688 576
689 590
690 586
691 581
692 551
693 563
694 526
695 527
696 515
697 537
698 529
699 520
700 519
701 494
702 483
703 542
704 508
705 523
706 502
707 510
708 486
709 510
710 498
711 481
712 486
713 405
714 465
715 478
716 485
717 442
718 471
719 392
720 476
721 449
722 483
723 410
724 451
725 450
726 446
727 415
728 455
729 377
730 434
731 431
732 433
733 402
734 408
735 406
736 422
737 426
738 417
739 401
740 403
741 423
742 407
743 416
744 395
745 380
746 349
747 371
748 416
749 361
750 356
751 397
752 358
753 354
754 377
755 370
756 387
757 350
758 363
759 371
760 385
761 395
762 353
763 376
764 363
765 350
766 371
767 343
768 355
769 356
770 289
771 350
772 356
773 350
774 320
775 342
776 334
777 304
778 314
779 336
780 333
781 311
782 321
783 342
784 314
785 341
786 329
787 325
788 329
789 303
790 342
791 355
792 311
793 340
794 352
795 293
796 308
797 304
798 306
799 296
800 306
801 293
802 312
803 309
804 289
805 307
806 302
807 288
808 308
809 311
810 304
811 307
812 280
813 313
814 302
815 309
816 304
817 264
818 300
819 287
820 321
821 313
822 311
823 296
824 297
825 307
826 296
827 273
828 273
829 271
830 274
831 296
832 285
833 310
834 300
835 261
836 316
837 288
838 288
839 298
840 286
841 302
842 284
843 288
844 314
845 288
846 297
847 278
848 277
849 299
850 298
851 290
852 267
853 279
854 288
855 263
856 269
857 325
858 288
859 306
860 295
861 280
862 282
863 294
864 303
865 261
866 249
867 287
868 293
869 271
870 283
871 248
872 241
873 242
874 298
875 273
876 278
877 280
878 265
879 269
880 278
881 261
882 269
883 292
884 276
885 256
886 288
887 279
888 279
889 270
890 286
891 290
892 286
893 281
894 313
895 256
896 238
897 271
898 312
899 287
900 261
901 286
902 262
903 263
904 259
905 274
906 270
907 290
908 285
909 258
910 282
911 267
912 270
913 268
914 276
915 270
916 267
917 236
918 266
919 285
920 270
921 266
922 270
923 264
924 262
925 243
926 275
927 251
928 266
929 290
930 314
931 265
932 268
933 254
934 283
935 257
936 289
937 260
938 286
939 257
940 281
941 286
942 244
943 253
944 299
945 263
946 267
947 251
948 285
949 271
950 280
951 293
952 272
953 278
954 252
955 245
956 256
957 271
958 276
959 228
960 249
961 271
962 269
963 259
964 236
965 279
966 283
967 271
968 266
969 264
970 241
971 228
972 252
973 276
974 247
975 275
976 283
977 253
978 260
979 242
980 251
981 268
982 257
983 256
984 248
985 275
986 239
987 253
988 249
989 264
990 292
991 250
992 267
993 263
994 251
995 256
996 234
997 287
998 267
999 241
1000 254
1001 282
1002 262
1003 234
1004 277
1005 247
1006 279
1007 257
1008 242
1009 240
1010 271
1011 247
1012 251
1013 253
1014 244
1015 252
1016 242
1017 261
1018 250
1019 270
1020 260
1021 265
1022 263
1023 255
1024 239
1025 271
1026 251
1027 237
1028 231
1029 229
1030 250
1031 244
1032 227
1033 229
1034 246
1035 261
1036 235
1037 288
1038 238
1039 261
1040 244
1041 239
1042 233
1043 249
1044 238
1045 247
1046 221
1047 256
1048 247
1049 245
1050 232
1051 246
1052 221
1053 231
1054 251
1055 236
1056 231
1057 253
1058 241
1059 203
1060 242
1061 207
1062 222
1063 239
1064 235
1065 247
1066 257
1067 236
1068 230
1069 213
1070 236
1071 245
1072 231
1073 225
1074 229
1075 241
1076 221
1077 237
1078 223
1079 204
1080 219
1081 204
1082 211
1083 241
1084 238
1085 216
1086 225
1087 209
1088 193
1089 209
1090 233
1091 218
1092 202
1093 224
1094 205
1095 213
1096 212
1097 223
1098 208
1099 203
1100 222
1101 225
1102 197
1103 202
1104 213
1105 200
1106 205
1107 214
1108 208
1109 232
1110 232
1111 201
1112 219
1113 220
1114 216
1115 205
1116 204
1117 197
1118 188
1119 211
1120 181
1121 215
1122 199
1123 195
1124 191
1125 187
1126 192
1127 188
1128 188
1129 171
1130 186
1131 211
1132 189
1133 181
1134 196
1135 201
1136 206
1137 192
1138 187
1139 196
1140 196
1141 160
1142 215
1143 196
1144 190
1145 187
1146 201
1147 176
1148 159
1149 196
1150 192
1151 203
1152 209
1153 190
1154 195
1155 198
1156 179
1157 199
1158 164
1159 170
1160 192
1161 159
1162 197
1163 187
1164 184
1165 160
1166 173
1167 183
1168 188
1169 198
1170 172
1171 189
1172 164
1173 189
1174 177
1175 164
1176 182
1177 160
1178 160
1179 167
1180 172
1181 188
1182 165
1183 176
1184 183
1185 164
1186 155
1187 169
1188 175
1189 173
1190 156
1191 154
1192 162
1193 182
1194 164
1195 148
1196 164
1197 157
1198 162
1199 174
1200 158
1201 155
1202 159
1203 160
1204 181
1205 185
1206 168
1207 149
1208 160
1209 180
1210 162
1211 164
1212 154
1213 157
1214 136
1215 147
1216 152
1217 163
1218 152
1219 144
1220 153
1221 155
1222 142
1223 144
1224 155
1225 153
1226 126
1227 172
1228 139
1229 148
1230 162
1231 130
1232 162
1233 152
1234 149
1235 151
1236 134
1237 154
1238 133
1239 135
1240 152
1241 139
1242 138
1243 139
1244 123
1245 144
1246 154
1247 118
1248 124
1249 117
1250 127
1251 133
1252 124
1253 132
1254 118
1255 149
1256 130
1257 127
1258 120
1259 134
1260 141
1261 132
1262 130
1263 119
1264 105
1265 110
1266 130
1267 118
1268 111
1269 114
1270 130
1271 125
1272 116
1273 94
1274 125
1275 118
1276 130
1277 123
1278 103
1279 147
1280 125
1281 132
1282 120
1283 131
1284 127
1285 133
1286 114
1287 103
1288 117
1289 132
1290 106
1291 112
1292 105
1293 123
1294 106
1295 117
1296 128
1297 137
1298 99
1299 116
1300 111
1301 101
1302 105
1303 108
1304 105
1305 107
1306 98
1307 83
1308 115
1309 101
1310 91
1311 122
1312 96
1313 101
1314 112
1315 89
1316 100
1317 101
1318 122
1319 96
1320 113
1321 89
1322 78
1323 119
1324 97
1325 101
1326 104
1327 100
1328 104
1329 117
1330 97
1331 83
1332 100
1333 103
1334 89
1335 101
1336 86
1337 104
1338 92
1339 86
1340 85
1341 90
1342 95
1343 78
1344 85
1345 86
1346 76
1347 89
1348 106
1349 92
1350 63
1351 76
1352 82
1353 86
1354 75
1355 93
1356 73
1357 112
1358 84
1359 76
1360 85
1361 92
1362 84
1363 84
1364 101
1365 86
1366 82
1367 88
1368 88
1369 105
1370 87
1371 77
1372 65
1373 82
1374 81
1375 82
1376 87
1377 80
1378 88
1379 83
1380 82
1381 92
1382 77
1383 62
1384 65
1385 75
1386 86
1387 58
1388 93
1389 79
1390 69
1391 82
1392 96
1393 53
1394 72
1395 74
1396 66
1397 89
1398 69
1399 62
1400 67
1401 68
1402 77
1403 73
1404 83
1405 69
1406 66
1407 66
1408 82
1409 75
1410 62
1411 56
1412 60
1413 70
1414 72
1415 61
1416 77
1417 68
1418 78
1419 54
1420 82
1421 78
1422 56
1423 65
1424 62
1425 65
1426 62
1427 58
1428 80
1429 70
1430 51
1431 75
1432 59
1433 57
1434 64
1435 63
1436 65
1437 62
1438 56
1439 65
1440 65
1441 60
1442 59
1443 58
1444 65
1445 63
1446 53
1447 59
1448 50
1449 65
1450 49
1451 47
1452 51
1453 56
1454 51
1455 45
1456 60
1457 52
1458 50
1459 47
1460 53
1461 53
1462 56
1463 47
1464 48
1465 67
1466 53
1467 59
1468 58
1469 47
1470 53
1471 40
1472 59
1473 43
1474 59
1475 48
1476 50
1477 36
1478 52
1479 59
1480 47
1481 43
1482 42
1483 65
1484 47
1485 55
1486 50
1487 35
1488 44
1489 36
1490 44
1491 43
1492 46
1493 48
1494 53
1495 40
1496 37
1497 46
1498 43
1499 44
1500 41
1501 52
1502 64
1503 50
1504 46
1505 33
1506 46
1507 45
1508 50
1509 43
1510 44
1511 40
1512 38
1513 39
1514 33
1515 54
1516 39
1517 48
1518 43
1519 42
1520 30
1521 39
1522 45
1523 41
1524 39
1525 46
1526 32
1527 50
1528 43
1529 44
1530 35
1531 28
1532 42
1533 32
1534 33
1535 31
1536 42
1537 35
1538 34
1539 58
1540 41
1541 40
1542 30
1543 46
1544 42
1545 49
1546 40
1547 38
1548 30
1549 39
1550 32
1551 36
1552 31
1553 34
1554 33
1555 22
1556 25
1557 22
1558 27
1559 38
1560 36
1561 27
1562 28
1563 31
1564 36
1565 25
1566 27
1567 27
1568 27
1569 27
1570 26
1571 30
1572 31
1573 30
1574 21
1575 28
1576 29
1577 29
1578 21
1579 24
1580 30
1581 35
1582 27
1583 22
1584 29
1585 22
1586 24
1587 33
1588 26
1589 27
1590 24
1591 40
1592 27
1593 30
1594 26
1595 25
1596 27
1597 25
1598 23
1599 24
1600 28
1601 25
1602 24
1603 17
1604 29
1605 18
1606 30
1607 28
1608 29
1609 17
1610 19
1611 21
1612 18
1613 30
1614 18
1615 28
1616 19
1617 30
1618 13
1619 30
1620 15
1621 25
1622 11
1623 17
1624 18
1625 22
1626 16
1627 22
1628 18
1629 19
1630 22
1631 21
1632 20
1633 19
1634 19
1635 22
1636 20
1637 23
1638 15
1639 16
1640 22
1641 13
1642 18
1643 26
1644 16
1645 15
1646 16
1647 23
1648 23
1649 24
1650 18
1651 22
1652 17
1653 19
1654 17
1655 25
1656 19
1657 19
1658 15
1659 19
1660 20
1661 16
1662 15
1663 13
1664 19
1665 14
1666 16
1667 22
1668 18
1669 17
1670 13
1671 18
1672 12
1673 11
1674 15
1675 20
1676 20
1677 13
1678 21
1679 16
1680 15
1681 20
1682 14
1683 12
1684 11
1685 25
1686 16
1687 15
1688 17
1689 19
1690 13
1691 17
1692 14
1693 16
1694 14
1695 16
1696 10
1697 15
1698 16
1699 7
1700 18
1701 9
1702 16
1703 18
1704 12
1705 13
1706 8
1707 11
1708 17
1709 13
1710 10
1711 10
1712 15
1713 7
1714 18
1715 18
1716 11
1717 19
1718 15
1719 13
1720 17
1721 14
1722 15
1723 12
1724 14
1725 8
1726 10
1727 8
1728 17
1729 11
1730 19
1731 11
1732 12
1733 18
1734 10
1735 13
1736 14
1737 13
1738 9
1739 15
1740 5
1741 11
1742 10
1743 10
1744 9
1745 13
1746 12
1747 10
1748 9
1749 8
1750 16
1751 19
1752 11
1753 7
1754 11
1755 12
1756 11
1757 11
1758 5
1759 10
1760 5
1761 8
1762 11
1763 9
1764 11
1765 13
1766 9
1767 8
1768 8
1769 7
1770 13
1771 8
1772 4
1773 7
1774 6
1775 8
1776 9
1777 13
1778 7
1779 9
1780 8
1781 5
1782 10
1783 12
1784 6
1785 5
1786 7
1787 5
1788 7
1789 2
1790 9
1791 5
1792 11
1793 9
1794 11
1795 10
1796 4
1797 4
1798 7
1799 11
1800 9
1801 5
1802 6
1803 5
1804 5
1805 6
1806 14
1807 7
1808 4
1809 8
1810 9
1811 7
1812 8
1813 11
1814 8
1815 6
1816 5
1817 4
1818 6
1819 6
1820 9
1821 10
1822 4
1823 9
1824 5
1825 7
1826 5
1827 6
1828 7
1829 7
1830 5
1831 7
1832 8
1833 9
1834 7
1835 1
1836 9
1837 7
1838 7
1839 6
1840 5
1841 7
1842 5
1843 8
1844 9
1845 4
1846 7
1847 4
1848 9
1849 3
1850 4
1851 2
1852 7
1853 7
1854 4
1855 5
1856 3
1857 4
1858 6
1859 4
1860 4
1861 6
1862 2
1863 3
1864 2
1865 4
1866 6
1867 7
1868 6
1869 3
1870 3
1871 5
1872 4
1873 9
1874 3
1875 4
1876 4
1877 6
1878 6
1879 2
1880 2
1881 6
1882 3
1883 4
1884 2
1885 7
1886 6
1887 7
1888 3
1889 4
1890 1
1891 4
1892 6
1893 3
1894 7
1895 4
1896 5
1897 2
1898 2
1899 1
1900 4
1901 0
1902 5
1903 5
1904 4
1905 3
1906 3
1907 3
1908 4
1909 3
1910 9
1911 5
1912 3
1913 1
1914 3
1915 3
1916 2
1917 3
1918 3
1919 5
1920 0
1921 6
1922 4
1923 5
1924 4
1925 2
1926 4
1927 3
1928 3
1929 1
1930 5
1931 4
1932 1
1933 3
1934 2
1935 2
1936 3
1937 5
1938 2
1939 3
1940 2
1941 1
1942 5
1943 3
1944 3
1945 3
1946 1
1947 4
1948 3
1949 1
1950 4
1951 2
1952 5
1953 1
1954 5
1955 3
1956 7
1957 1
1958 4
1959 1
1960 1
1961 2
1962 1
1963 2
1964 2
1965 1
1966 3
1967 3
1968 2
1969 2
1970 4
1971 1
1972 4
1973 4
1974 1
1975 2
1976 3
1977 1
1978 2
1979 2
1980 2
1981 2
1982 4
1983 2
1984 0
1985 1
1986 3
1987 1
1988 3
1989 0
1990 4
1991 0
1992 2
1993 1
1994 1
1995 1
1996 1
1997 1
1998 1
1999 2
2000 1
2001 2
2002 2
2003 1
2004 1
2005 2
2006 3
2007 0
2008 2
2009 2
2010 1
2011 2
2012 4
2013 5
2014 0
2015 1
2016 2
2017 1
2018 3
2019 0
2020 3
2021 2
2022 1
2023 1
2024 4
2025 2
2026 2
2027 0
2028 2
2029 0
2030 1
2031 3
2032 2
2033 0
2034 2
2035 0
2036 1
2037 0
2038 1
2039 0
2040 0
2041 2
2042 2
2043 0
2044 1
2045 1
2046 3
2047 1
2048 0
2049 2
2050 2
2051 2
2052 2
2053 1
2054 1
2055 1
2056 1
2057 1
2058 2
2059 1
2060 2
2061 2
2062 1
2063 0
2064 0
2065 0
2066 2
2067 1
2068 1
2069 0
2070 1
2071 1
2072 0
2073 0
2074 0
2075 1
2076 0
2077 0
2078 3
2079 1
2080 0
2081 1
2082 1
2083 2
2084 0
2085 2
2086 0
2087 0
2088 0
2089 1
2090 1
2091 0
2092 1
2093 1
2094 2
2095 0
2096 0
2097 2
2098 0
2099 0
2100 0
2101 0
2102 2
2103 1
2104 0
2105 0
2106 0
2107 2
2108 1
2109 1
2110 0
2111 3
2112 0
2113 0
2114 0
2115 0
2116 0
2117 0
2118 0
2119 2
2120 0
2121 1
2122 0
2123 0
2124 2
2125 0
2126 2
2127 1
2128 1
2129 0
2130 1
2131 1
2132 0
2133 1
2134 0
2135 1
2136 1
2137 1
2138 1
2139 0
2140 1
2141 1
2142 1
2143 0
2144 0
2145 0
2146 2
2147 0
2148 0
2149 0
2150 0
2151 1
2152 2
2153 1
2154 0
2155 0
2156 1
2157 0
2158 0
2159 2
2160 2
2161 0
2162 0
2163 0
2164 1
2165 0
2166 0
2167 1
2168 0
2169 0
2170 0
2171 1
2172 0
2173 2
2174 2
2175 0
2176 0
2177 0
2178 1
2179 0
2180 1
2181 0
2182 0
2183 0
2184 1
2185 0
2186 0
2187 0
2188 0
2189 0
2190 0
2191 0
2192 1
2193 0
2194 0
2195 2
2196 0
2197 2
2198 1
2199 0
2200 0
2201 1
2202 1
2203 1
2204 0
2205 0
2206 1
2207 1
2208 0
2209 0
2210 0
2211 0
2212 2
2213 1
2214 1
2215 1
2216 2
2217 0
2218 0
2219 1
2220 0
2221 1
2222 1
2223 0
2224 1
2225 1
2226 1
2227 0
2228 2
2229 1
2230 1
2231 0
2232 0
2233 1
2234 0
2235 2
2236 1
2237 0
2238 0
2239 1
2240 1
2241 0
2242 0
2243 2
2244 0
2245 1
2246 0
2247 0
2248 0
2249 0
2250 0
2251 1
2252 0
2253 1
2254 1
2255 1
2256 0
2257 2
2258 0
2259 1
2260 0
2261 1
2262 0
2263 0
2264 0
2265 1
2266 0
2267 0
2268 0
2269 0
2270 0
2271 1
2272 0
2273 0
2274 0
2275 1
2276 0
2277 0
2278 0
2279 0
2280 0
2281 0
2282 0
2283 0
2284 1
2285 1
2286 0
2287 0
2288 1
2289 0
2290 0
2291 1
2292 1
2293 0
2294 0
2295 0
2296 0
2297 0
2298 1
2299 0
2300 1
2301 2
2302 0
2303 1
2304 0
2305 0
2306 0
2307 0
2308 0
2309 0
2310 1
2311 0
2312 1
2313 0
2314 1
2315 0
2316 0
2317 0
2318 0
2319 0
2320 1
2321 0
2322 0
2323 0
2324 1
2325 0
2326 1
2327 0
2328 1
2329 0
2330 1
2331 1
2332 1
2333 0
2334 1
2335 0
2336 0
2337 2
2338 0
2339 2
2340 0
2341 0
2342 0
2343 1
2344 1
2345 0
2346 1
2347 0
2348 0
2349 0
2350 1
2351 0
2352 0
2353 1
2354 0
2355 0
2356 0
2357 0
2358 0
2359 0
2360 0
2361 0
2362 0
2363 0
2364 1
2365 1
2366 0
2367 0
2368 0
2369 0
2370 0
2371 0
2372 1
2373 0
2374 0
2375 0
2376 0
2377 0
2378 1
2379 0
2380 0
2381 0
2382 0
2383 0
2384 0
2385 0
2386 0
2387 0
2388 0
2389 0
2390 1
2391 0
2392 0
2393 0
2394 1
2395 0
2396 0
2397 0
2398 0
2399 0
2400 0
2401 0
2402 0
2403 0
2404 0
2405 0
2406 0
2407 0
2408 0
2409 0
2410 0
2411 0
2412 0
2413 1
2414 0
2415 0
2416 0
2417 0
2418 0
2419 0
2420 0
2421 0
2422 0
2423 0
2424 0
2425 0
2426 0
2427 0
2428 0
2429 0
2430 0
2431 0
2432 0
2433 0
2434 0
2435 0
2436 0
2437 0
2438 0
2439 0
2440 0
2441 0
2442 1
2443 0
2444 0
2445 0
2446 0
2447 0
2448 0
2449 0
2450 0
2451 0
2452 0
2453 0
2454 0
2455 0
2456 0
2457 0
2458 0
2459 0
2460 0
2461 0
2462 0
2463 0
2464 0
2465 0
2466 0
2467 0
2468 0
2469 0
2470 0
2471 1
2472 0
2473 0
2474 0
2475 0
2476 0
2477 0
2478 0
2479 0
2480 0
2481 0
2482 1
2483 0
2484 0
2485 0
2486 0
2487 1
2488 0
2489 0
2490 0
2491 1
2492 0
2493 0
2494 0
2495 0
2496 0
2497 1
2498 1
2499 0
2500 0
2501 0
2502 0
2503 1
2504 1
2505 0
2506 1
2507 0
2508 0
2509 0
2510 0
2511 0
2512 0
2513 0
2514 0
2515 0
2516 0
2517 1
2518 0
2519 0
2520 0
2521 0
2522 1
2523 1
2524 2
2525 0
2526 0
2527 0
2528 0
2529 0
2530 0
2531 0
2532 0
2533 0
2534 0
2535 0
2536 0
2537 1
2538 0
2539 0
2540 0
2541 0
2542 0
2543 1
2544 0
2545 0
2546 0
2547 1
2548 0
2549 0
2550 0
2551 0
2552 0
2553 0
2554 1
2555 0
2556 0
2557 0
2558 0
2559 0
2560 0
2561 0
2562 0
2563 1
2564 0
2565 1
2566 0
2567 0
2568 0
2569 0
2570 0
2571 0
2572 0
2573 0
2574 0
2575 0
2576 0
2577 0
2578 0
2579 0
2580 0
2581 0
2582 1
2583 0
2584 0
2585 0
2586 1
2587 0
2588 0
2589 0
2590 0
2591 0
2592 0
2593 0
2594 0
2595 0
2596 0
2597 0
2598 0
2599 0
2600 0
2601 0
2602 0
2603 0
2604 0
2605 0
2606 0
2607 0
2608 0
2609 0
2610 0
2611 0
2612 0
2613 0
2614 0
2615 0
2616 0
2617 1
2618 0
2619 0
2620 2
2621 0
2622 0
2623 0
2624 0
2625 0
2626 0
2627 0
2628 0
2629 0
2630 0
2631 0
2632 0
2633 0
2634 0
2635 1
2636 0
2637 0
2638 0
2639 0
2640 1
2641 0
2642 0
2643 0
2644 0
2645 0
2646 0
2647 0
2648 0
2649 0
2650 0
2651 0
2652 0
2653 0
2654 0
2655 0
2656 0
2657 0
2658 0
2659 0
2660 0
2661 0
2662 0
2663 0
2664 0
2665 0
2666 0
2667 0
2668 0
2669 0
2670 0
2671 0
2672 0
2673 0
2674 0
2675 0
2676 0
2677 0
2678 0
2679 0
2680 0
2681 0
2682 0
2683 0
2684 0
2685 0
2686 0
2687 0
2688 0
2689 0
2690 1
2691 0
2692 0
2693 0
2694 0
2695 0
2696 0
2697 0
2698 0
2699 0
2700 0
2701 0
2702 0
2703 0
2704 0
2705 0
2706 0
2707 0
2708 0
2709 0
2710 0
2711 0
2712 0
2713 0
2714 0
2715 0
2716 0
2717 0
2718 0
2719 0
2720 0
2721 0
2722 0
2723 0
2724 0
2725 0
2726 0
2727 0
2728 0
2729 0
2730 0
2731 0
2732 0
2733 0
2734 0
2735 0
2736 0
2737 0
2738 0
2739 0
2740 0
2741 0
2742 0
2743 1
2744 0
2745 1
2746 0
2747 0
2748 0
2749 0
2750 0
2751 0
2752 0
2753 0
2754 1
2755 0
2756 0
2757 0
2758 0
2759 0
2760 0
2761 0
2762 0
2763 0
2764 0
2765 0
2766 0
2767 0
2768 0
2769 0
2770 0
2771 0
2772 0
2773 0
2774 0
2775 0
2776 0
2777 0
2778 0
2779 0
2780 0
2781 1
2782 0
2783 0
2784 0
2785 0
2786 0
2787 0
2788 0
2789 0
2790 0
2791 1
2792 0
2793 0
2794 0
2795 0
2796 0
2797 0
2798 0
2799 0
2800 0
2801 0
2802 0
2803 0
2804 0
2805 0
2806 0
2807 0
2808 0
2809 0
2810 0
2811 0
2812 0
2813 0
2814 0
2815 0
2816 0
2817 0
2818 0
2819 0
2820 0
2821 0
2822 0
2823 0
2824 0
2825 0
2826 0
2827 0
2828 0
2829 0
2830 0
2831 0
2832 0
2833 0
2834 0
2835 0
2836 1
2837 0
2838 0
2839 0
2840 0
2841 0
2842 0
2843 0
2844 0
2845 0
2846 0
2847 0
2848 0
2849 0
2850 0
2851 0
2852 0
2853 0
2854 0
2855 0
2856 0
2857 0
2858 0
2859 0
2860 0
2861 0
2862 0
2863 0
2864 0
2865 0
2866 0
2867 0
2868 0
2869 1
2870 0
2871 0
2872 0
2873 0
2874 0
2875 0
2876 0
2877 1
2878 0
2879 0
2880 0
2881 0
2882 0
2883 0
2884 0
2885 0
2886 0
2887 0
2888 0
2889 0
2890 0
2891 0
2892 0
2893 0
2894 0
2895 0
2896 0
2897 0
2898 0
2899 0
2900 0
2901 0
2902 0
2903 0
2904 0
2905 0
2906 0
2907 0
2908 0
2909 0
2910 0
2911 0
2912 0
2913 1
2914 0
2915 0
2916 0
2917 0
2918 0
2919 0
2920 0
2921 0
2922 0
2923 0
2924 0
2925 0
2926 0
2927 0
2928 0
2929 0
2930 0
2931 0
2932 0
2933 0
2934 0
2935 0
2936 1
2937 0
2938 0
2939 0
2940 0
2941 0
2942 0
2943 0
2944 0
2945 0
2946 0
2947 0
2948 0
2949 0
2950 0
2951 0
2952 0
2953 0
2954 0
2955 0
2956 0
2957 0
2958 0
2959 0
2960 0
2961 0
2962 0
2963 0
2964 0
2965 0
2966 0
2967 0
2968 0
2969 0
2970 0
2971 0
2972 0
2973 0
2974 0
2975 0
2976 0
2977 0
2978 1
2979 0
2980 1
2981 0
2982 0
2983 0
2984 0
2985 0
2986 0
2987 0
2988 0
2989 0
2990 0
2991 0
2992 0
2993 0
2994 0
2995 0
2996 0
2997 0
2998 0
2999 0
3000 0
3001 0
3002 0
3003 0
3004 0
3005 0
3006 0
3007 0
3008 0
3009 0
3010 0
3011 0
3012 0
3013 0
3014 0
3015 0
3016 0
3017 0
3018 0
3019 0
3020 0
3021 0
3022 0
3023 0
3024 0
3025 0
3026 0
3027 0
3028 0
3029 0
3030 0
3031 0
3032 0
3033 0
3034 0
3035 0
3036 0
3037 0
3038 0
3039 0
3040 0
3041 0
3042 0
3043 0
3044 0
3045 0
3046 0
3047 0
3048 0
3049 0
3050 0
3051 0
3052 1
3053 0
3054 0
3055 0
3056 0
3057 0
3058 0
3059 0
3060 0
3061 0
3062 0
3063 0
3064 0
3065 0
3066 0
3067 0
3068 1
3069 0
3070 0
3071 0
3072 0
3073 0
3074 0
3075 0
3076 0
3077 0
3078 0
3079 0
3080 0
3081 0
3082 0
3083 0
3084 0
3085 0
3086 0
3087 1
3088 0
3089 0
3090 0
3091 0
3092 0
3093 0
3094 0
3095 0
3096 0
3097 0
3098 0
3099 0
3100 0
3101 0
3102 0
3103 0
3104 0
3105 0
3106 0
3107 0
3108 0
3109 0
3110 0
3111 0
3112 0
3113 0
3114 0
3115 0
3116 0
3117 0
3118 0
3119 0
3120 0
3121 0
3122 0
3123 0
3124 0
3125 0
3126 0
3127 0
3128 0
3129 0
3130 0
3131 0
3132 0
3133 0
3134 0
3135 0
3136 0
3137 0
3138 0
3139 0
3140 0
3141 0
3142 0
3143 0
3144 0
3145 0
3146 0
3147 0
3148 0
3149 0
3150 0
3151 0
3152 0
3153 0
3154 0
3155 0
3156 0
3157 0
3158 0
3159 0
3160 0
3161 0
3162 0
3163 0
3164 0
3165 0
3166 0
3167 0
3168 0
3169 0
3170 0
3171 0
3172 0
3173 0
3174 0
3175 0
3176 0
3177 0
3178 0
3179 0
3180 0
3181 1
3182 0
3183 0
3184 0
3185 1
3186 0
3187 0
3188 0
3189 0
3190 0
3191 0
3192 0
3193 0
3194 0
3195 0
3196 0
3197 0
3198 0
3199 0
3200 0
3201 0
3202 0
3203 0
3204 0
3205 0
3206 0
3207 0
3208 0
3209 0
3210 0
3211 0
3212 0
3213 0
3214 0
3215 0
3216 0
3217 0
3218 0
3219 0
3220 0
3221 0
3222 0
3223 0
3224 0
3225 0
3226 0
3227 0
3228 0
3229 0
3230 0
3231 0
3232 0
3233 1
3234 0
3235 0
3236 0
3237 0
3238 0
3239 0
3240 0
3241 0
3242 0
3243 0
3244 0
3245 0
3246 0
3247 0
3248 0
3249 0
3250 0
3251 0
3252 0
3253 0
3254 1
3255 0
3256 0
3257 0
3258 0
3259 0
3260 0
3261 0
3262 0
3263 0
3264 0
3265 0
3266 0
3267 0
3268 0
3269 0
3270 0
3271 0
3272 0
3273 0
3274 0
3275 0
3276 0
3277 0
3278 0
3279 0
3280 0
3281 0
3282 0
3283 0
3284 0
3285 0
3286 0
3287 0
3288 0
3289 0
3290 0
3291 0
3292 0
3293 0
3294 0
3295 0
3296 0
3297 0
3298 0
3299 0
3300 0
3301 0
3302 0
3303 0
3304 0
3305 0
3306 0
3307 0
3308 0
3309 0
3310 0
3311 1
3312 0
3313 0
3314 0
3315 0
3316 0
3317 0
3318 0
3319 0
3320 1
3321 0
3322 0
3323 0
3324 0
3325 0
3326 0
3327 0
3328 0
3329 0
3330 0
3331 0
3332 0
3333 0
3334 0
3335 0
3336 0
3337 0
3338 0
3339 0
3340 0
3341 0
3342 0
3343 0
3344 0
3345 0
3346 0
3347 0
3348 0
3349 0
3350 0
3351 0
3352 0
3353 0
3354 0
3355 0
3356 0
3357 0
3358 0
3359 0
3360 0
3361 0
3362 0
3363 0
3364 0
3365 0
3366 0
3367 0
3368 0
3369 0
3370 0
3371 0
3372 0
3373 0
3374 0
3375 0
3376 0
3377 0
3378 0
3379 0
3380 0
3381 0
3382 0
3383 0
3384 0
3385 1
3386 0
3387 0
3388 0
3389 0
3390 0
3391 0
3392 0
3393 0
3394 0
3395 0
3396 0
3397 0
3398 0
3399 0
3400 0
3401 0
3402 0
3403 0
3404 0
3405 0
3406 0
3407 0
3408 0
3409 0
3410 0
3411 0
3412 0
3413 1
3414 0
3415 0
3416 0
3417 0
3418 0
3419 0
3420 0
3421 0
3422 0
3423 0
3424 0
3425 0
3426 0
3427 0
3428 0
3429 0
3430 0
3431 0
3432 0
3433 0
3434 0
3435 0
3436 0
3437 0
3438 0
3439 0
3440 0
3441 0
3442 0
3443 0
3444 0
3445 0
3446 0
3447 0
3448 0
3449 0
3450 0
3451 0
3452 0
3453 0
3454 0
3455 0
3456 0
3457 0
3458 0
3459 1
3460 0
3461 0
3462 0
3463 0
3464 0
3465 0
3466 0
3467 0
3468 0
3469 0
3470 0
3471 0
3472 0
3473 0
3474 0
3475 0
3476 0
3477 0
3478 0
3479 0
3480 0
3481 0
3482 0
3483 0
3484 0
3485 0
3486 0
3487 0
3488 0
3489 0
3490 0
3491 0
3492 0
3493 0
3494 0
3495 0
3496 1
3497 0
3498 0
3499 0
3500 0
3501 0
3502 0
3503 0
3504 0
3505 0
3506 0
3507 0
3508 0
3509 0
3510 0
3511 0
3512 0
3513 0
3514 0
3515 0
3516 0
3517 0
3518 0
3519 0
3520 0
3521 0
3522 0
3523 0
3524 0
3525 0
3526 0
3527 0
3528 0
3529 0
3530 0
3531 0
3532 0
3533 0
3534 0
3535 0
3536 0
3537 0
3538 0
3539 0
3540 0
3541 0
3542 0
3543 0
3544 0
3545 0
3546 0
3547 0
3548 0
3549 0
3550 0
3551 0
3552 0
3553 0
3554 0
3555 0
3556 0
3557 0
3558 1
3559 0
3560 0
3561 0
3562 0
3563 0
3564 0
3565 0
3566 0
3567 0
3568 0
3569 0
3570 0
3571 0
3572 0
3573 0
3574 0
3575 0
3576 0
3577 0
3578 0
3579 0
3580 0
3581 0
3582 0
3583 0
3584 0
3585 0
3586 0
3587 0
3588 0
3589 0
3590 0
3591 0
3592 0
3593 0
3594 0
3595 0
3596 0
3597 0
3598 0
3599 0
3600 0
3601 0
3602 0
3603 0
3604 0
3605 0
3606 0
3607 0
3608 0
3609 0
3610 0
3611 0
3612 0
3613 0
3614 0
3615 0
3616 0
3617 0
3618 0
3619 0
3620 0
3621 0
3622 0
3623 0
3624 0
3625 0
3626 0
3627 0
3628 0
3629 0
3630 0
3631 0
3632 0
3633 0
3634 0
3635 0
3636 0
3637 0
3638 0
3639 0
3640 0
3641 0
3642 0
3643 0
3644 0
3645 0
3646 0
3647 1
3648 0
3649 1
3650 0
3651 0
3652 0
3653 0
3654 0
3655 0
3656 0
3657 0
3658 0
3659 0
3660 0
3661 0
3662 0
3663 0
3664 0
3665 0
3666 0
3667 0
3668 0
3669 0
3670 0
3671 0
3672 0
3673 0
3674 0
3675 0
3676 0
3677 0
3678 0
3679 0
3680 0
3681 0
3682 0
3683 0
3684 0
3685 0
3686 0
3687 0
3688 0
3689 0
3690 0
3691 0
3692 0
3693 0
3694 0
3695 0
3696 0
3697 0
3698 0
3699 0
3700 0
3701 1
3702 0
3703 0
3704 0
3705 0
3706 0
3707 0
3708 0
3709 0
3710 0
3711 0
3712 0
3713 0
3714 0
3715 0
3716 0
3717 0
3718 0
3719 1
3720 0
3721 0
3722 0
3723 0
3724 0
3725 0
3726 0
3727 0
3728 0
3729 0
3730 0
3731 0
3732 0
3733 0
3734 0
3735 0
3736 0
3737 0
3738 0
3739 0
3740 0
3741 0
3742 0
3743 0
3744 0
3745 0
3746 0
3747 0
3748 0
3749 0
3750 0
3751 0
3752 0
3753 0
3754 0
3755 0
3756 0
3757 0
3758 0
3759 0
3760 0
3761 0
3762 0
3763 0
3764 0
3765 0
3766 0
3767 1
3768 0
3769 0
3770 0
3771 0
3772 0
3773 0
3774 0
3775 0
3776 0
3777 0
3778 0
3779 0
3780 0
3781 0
3782 0
3783 0
3784 0
3785 0
3786 0
3787 0
3788 0
3789 0
3790 0
3791 0
3792 0
3793 0
3794 0
3795 0
3796 0
3797 0
3798 0
3799 0
3800 0
3801 0
3802 0
3803 0
3804 0
3805 0
3806 0
3807 0
3808 0
3809 0
3810 0
3811 0
3812 0
3813 0
3814 0
3815 0
3816 0
3817 0
3818 0
3819 0
3820 0
3821 0
3822 0
3823 0
3824 0
3825 0
3826 0
3827 0
3828 0
3829 0
3830 0
3831 0
3832 0
3833 0
3834 0
3835 0
3836 0
3837 0
3838 0
3839 0
3840 0
3841 0
3842 0
3843 0
3844 0
3845 0
3846 0
3847 0
3848 0
3849 0
3850 0
3851 0
3852 0
3853 0
3854 0
3855 0
3856 0
3857 0
3858 0
3859 0
3860 0
3861 0
3862 0
3863 0
3864 0
3865 0
3866 0
3867 0
3868 0
3869 0
3870 0
3871 0
3872 0
3873 0
3874 0
3875 0
3876 0
3877 0
3878 0
3879 0
3880 0
3881 0
3882 0
3883 0
3884 0
3885 0
3886 0
3887 0
3888 0
3889 0
3890 0
3891 0
3892 0
3893 0
3894 0
3895 0
3896 0
3897 0
3898 0
3899 0
3900 0
3901 0
3902 0
3903 0
3904 0
3905 0
3906 0
3907 0
3908 0
3909 0
3910 0
3911 0
3912 0
3913 0
3914 0
3915 0
3916 0
3917 0
3918 0
3919 0
3920 0
3921 0
3922 0
3923 0
3924 0
3925 0
3926 0
3927 0
3928 0
3929 0
3930 0
3931 0
3932 0
3933 0
3934 0
3935 0
3936 0
3937 0
3938 0
3939 0
3940 0
3941 0
3942 0
3943 0
3944 0
3945 0
3946 0
3947 0
3948 0
3949 0
3950 0
3951 0
3952 0
3953 0
3954 0
3955 0
3956 0
3957 0
3958 0
3959 0
3960 0
3961 0
3962 0
3963 0
3964 0
3965 0
3966 0
3967 0
3968 0
3969 0
3970 0
3971 0
3972 0
3973 0
3974 0
3975 0
3976 0
3977 0
3978 0
3979 0
3980 0
3981 0
3982 0
3983 0
3984 0
3985 0
3986 0
3987 0
3988 0
3989 0
3990 0
3991 0
3992 0
3993 0
3994 0
3995 0
3996 0
3997 0
3998 0
3999 0
4000 0
