0 0
1 0
2 0
3 0
4 0
5 0
6 0
7 0
8 0
9 0
10 0
11 0
12 0
13 0
14 0
15 0
16 0
17 0
18 0
19 0
20 0
21 0
22 0
23 0
24 0
25 0
26 0
27 0
28 0
29 0
30 0
31 0
32 0
33 0
34 0
35 0
36 0
37 0
38 0
39 0
40 0
41 0
42 0
43 0
44 0
45 0
46 0
47 0
48 0
49 0
50 0
51 0
52 0
53 0
54 0
55 0
56 0
57 0
58 0
59 0
60 0
61 0
62 0
63 0
64 0
65 0
66 0
67 0
68 0
69 0
70 0
71 0
72 0
73 0
74 0
75 0
76 0
77 0
78 0
79 0
80 0
81 0
82 0
83 0
84 0
85 0
86 0
87 0
88 0
89 0
90 0
91 0
92 0
93 0
94 0
95 0
96 0
97 0
98 0
99 0
100 0
101 0
102 0
103 0
104 0
105 0
106 0
107 0
108 0
109 0
110 0
111 0
112 0
113 0
114 0
115 0
116 0
117 0
118 0
119 0
120 0
121 0
122 0
123 0
124 0
125 0
126 0
127 0
128 0
129 0
130 0
131 0
132 0
133 0
134 0
135 0
136 0
137 0
138 0
139 0
140 0
141 0
142 0
143 0
144 0
145 0
146 0
147 0
148 1
149 0
150 2
151 6
152 3
153 12
154 13
155 11
156 6
157 3
158 6
159 13
160 8
161 9
162 4
163 8
164 5
165 7
166 8
167 9
168 5
169 12
170 13
171 33
172 62
173 132
174 225
175 306
176 428
177 506
178 581
179 681
180 792
181 1120
182 1613
183 2755
184 4321
185 6039
186 7721
187 8986
188 9804
189 9979
190 9474
191 9055
192 8389
193 7779
194 7039
195 6411
196 5557
197 4931
198 4395
199 3859
200 3262
201 2998
202 2693
203 2419
204 2199
205 1893
206 1783
207 1575
208 1408
209 1359
210 1281
211 1212
212 1183
213 1174
214 1142
215 1107
216 1132
217 1096
218 1079
219 1084
220 1041
221 1075
222 1076
223 1024
224 1050
225 1046
226 998
227 1020
228 1091
229 1035
230 984
231 1043
232 1002
233 998
234 1086
235 1017
236 1065
237 1012
238 1101
239 1027
240 1055
241 1074
242 1095
243 1077
244 1013
245 1049
246 1051
247 1090
248 1072
249 1075
250 1073
251 1084
252 997
253 1059
254 1106
255 1065
256 1075
257 1110
258 1094
259 1174
260 1110
261 1114
262 1100
263 1070
264 1031
265 1160
266 1099
267 1151
268 1102
269 1109
270 1107
271 1115
272 1096
273 1105
274 1068
275 1073
276 1179
277 1115
278 1155
279 1155
280 1154
281 1048
282 1091
283 1114
284 1165
285 1147
286 1136
287 1121
288 1154
289 1131
290 1178
291 1167
292 1105
293 1114
294 1134
295 1145
296 1094
297 1130
298 1129
299 1124
300 1127
301 1192
302 1092
303 1124
304 1142
305 1152
306 1117
307 1144
308 1140
309 1078
310 1163
311 1165
312 1096
313 1141
314 1101
315 1094
316 1136
317 1136
318 1142
319 1144
320 1178
321 1108
322 1050
323 1154
324 1204
325 1201
326 1180
327 1166
328 1163
329 1162
330 1198
331 1153
332 1218
333 1192
334 1176
335 1182
336 1183
337 1185
338 1228
339 1160
340 1249
341 1190
342 1288
343 1213
344 1204
345 1226
346 1248
347 1215
348 1258
349 1216
350 1240
351 1249
352 1234
353 1231
354 1198
355 1232
356 1238
357 1133
358 1284
359 1201
360 1217
361 1237
362 1287
363 1257
364 1217
365 1268
366 1271
367 1234
368 1255
369 1306
370 1275
371 1262
372 1239
373 1283
374 1225
375 1270
376 1338
377 1257
378 1289
379 1269
380 1235
381 1266
382 1291
383 1274
384 1280
385 1339
386 1342
387 1277
388 1357
389 1309
390 1413
391 1304
392 1305
393 1395
394 1407
395 1373
396 1309
397 1276
398 1309
399 1386
400 1337
401 1381
402 1440
403 1361
404 1449
405 1404
406 1392
407 1476
408 1371
409 1418
410 1418
411 1451
412 1429
413 1414
414 1404
415 1466
416 1443
417 1493
418 1361
419 1468
420 1385
421 1418
422 1424
423 1417
424 1476
425 1440
426 1480
427 1465
428 1455
429 1496
430 1461
431 1433
432 1493
433 1456
434 1542
435 1528
436 1510
437 1463
438 1486
439 1505
440 1563
441 1573
442 1500
443 1523
444 1459
445 1538
446 1527
447 1553
448 1500
449 1569
450 1565
451 1447
452 1534
453 1544
454 1563
455 1539
456 1534
457 1603
458 1564
459 1534
460 1637
461 1601
462 1546
463 1585
464 1551
465 1624
466 1563
467 1575
468 1610
469 1585
470 1586
471 1531
472 1683
473 1580
474 1504
475 1523
476 1592
477 1520
478 1482
479 1567
480 1625
481 1586
482 1545
483 1590
484 1634
485 1588
486 1610
487 1612
488 1576
489 1567
490 1619
491 1645
492 1512
493 1586
494 1557
495 1513
496 1609
497 1527
498 1568
499 1611
500 1508
501 1544
502 1486
503 1528
504 1575
505 1489
506 1559
507 1536
508 1553
509 1533
510 1564
511 1564
512 1561
513 1629
514 1614
515 1513
516 1521
517 1525
518 1549
519 1526
520 1490
521 1459
522 1531
523 1479
524 1448
525 1571
526 1402
527 1453
528 1467
529 1452
530 1476
531 1552
532 1519
533 1496
534 1467
535 1409
536 1445
537 1443
538 1367
539 1440
540 1418
541 1487
542 1470
543 1436
544 1497
545 1418
546 1408
547 1381
548 1421
549 1442
550 1440
551 1416
552 1352
553 1378
554 1377
555 1360
556 1307
557 1385
558 1364
559 1358
560 1360
561 1340
562 1268
563 1347
564 1332
565 1390
566 1349
567 1296
568 1335
569 1297
570 1257
571 1282
572 1309
573 1328
574 1252
575 1263
576 1211
577 1227
578 1278
579 1225
580 1249
581 1187
582 1219
583 1222
584 1193
585 1229
586 1163
587 1142
588 1169
589 1161
590 1107
591 1149
592 1147
593 1184
594 1162
595 1138
596 1161
597 1114
598 1084
599 1094
600 1202
601 1088
602 1104
603 1099
604 1056
605 1057
606 1052
607 1056
608 1081
609 1060
610 1006
611 989
612 1026
613 1025
614 1014
615 969
616 1018
617 978
618 1010
619 935
620 1007
621 941
622 912
623 947
624 937
625 937
626 989
627 941
628 938
629 914
630 940
631 954
632 876
633 875
634 877
635 850
636 884
637 843
638 927
639 851
640 841
641 809
642 820
643 814
644 845
645 853
646 859
647 762
648 783
649 809
650 800
651 752
652 764
653 776
654 770
655 820
656 799
657 712
658 756
659 749
660 765
661 752
662 718
663 703
664 725
665 716
666 696
667 758
668 697
669 624
670 660
671 638
672 608
673 679
674 665
675 629
676 626
677 665
678 627
679 625
680 687
681 586
682 613
683 617
684 641
685 627
686 645
687 554
688 591
689 609
690 571
691 558
692 609
693 566
694 568
695 525
696 535
697 554
698 527
699 554
700 509
701 556
702 516
703 501
704 522
705 526
706 547
707 520
708 479
709 487
710 487
711 499
712 506
713 442
714 459
715 507
716 519
717 479
718 485
719 470
720 480
721 453
722 447
723 436
724 423
725 433
726 427
727 461
728 424
729 445
730 411
731 440
732 390
733 399
734 418
735 373
736 447
737 382
738 394
739 424
740 406
741 407
742 392
743 393
744 359
745 407
746 379
747 393
748 376
749 366
750 380
751 354
752 337
753 359
754 404
755 384
756 385
757 359
758 319
759 361
760 354
761 359
762 307
763 360
764 341
765 305
766 337
767 353
768 348
769 337
770 324
771 331
772 327
773 325
774 322
775 316
776 319
777 309
778 294
779 301
780 300
781 298
782 297
783 280
784 282
785 301
786 264
787 283
788 295
789 285
790 299
791 267
792 299
793 286
794 280
795 281
796 297
797 256
798 281
799 296
800 259
801 262
802 251
803 286
804 249
805 266
806 265
807 282
808 275
809 250
810 261
811 282
812 286
813 255
814 262
815 247
816 251
817 255
818 266
819 233
820 269
821 256
822 279
823 236
824 267
825 220
826 238
827 235
828 230
829 234
830 251
831 230
832 245
833 243
834 243
835 243
836 242
837 221
838 226
839 247
840 237
841 219
842 233
843 214
844 237
845 204
846 226
847 237
848 241
849 231
850 210
851 225
852 208
853 190
854 201
855 224
856 228
857 219
858 218
859 216
860 207
861 210
862 231
863 188
864 208
865 234
866 206
867 226
868 203
869 191
870 220
871 205
872 219
873 226
874 194
875 208
876 227
877 211
878 221
879 194
880 184
881 214
882 212
883 229
884 183
885 206
886 218
887 227
888 192
889 207
890 204
891 205
892 214
893 187
894 182
895 197
896 191
897 188
898 205
899 194
900 185
901 190
902 206
903 203
904 191
905 205
906 221
907 205
908 212
909 210
910 195
911 195
912 179
913 199
914 206
915 177
916 185
917 205
918 212
919 171
920 165
921 203
922 209
923 191
924 194
925 206
926 209
927 175
928 217
929 185
930 183
931 182
932 203
933 195
934 199
935 160
936 175
937 182
938 178
939 183
940 198
941 187
942 177
943 185
944 191
945 192
946 185
947 196
948 190
949 177
950 211
951 177
952 161
953 213
954 211
955 178
956 185
957 157
958 168
959 185
960 194
961 206
962 181
963 169
964 193
965 165
966 204
967 171
968 173
969 170
970 161
971 179
972 184
973 182
974 165
975 167
976 202
977 173
978 161
979 204
980 175
981 168
982 204
983 182
984 164
985 186
986 184
987 160
988 180
989 180
990 176
991 164
992 183
993 194
994 193
995 179
996 156
997 153
998 187
999 149
1000 188
1001 187
1002 185
1003 164
1004 191
1005 195
1006 179
1007 175
1008 177
1009 167
1010 161
1011 166
1012 152
1013 190
1014 172
1015 164
1016 195
1017 190
1018 165
1019 187
1020 169
1021 174
1022 170
1023 175
1024 188
1025 160
1026 193
1027 169
1028 176
1029 169
1030 185
1031 185
1032 212
1033 162
1034 178
1035 173
1036 154
1037 166
1038 186
1039 167
1040 157
1041 169
1042 163
1043 194
1044 175
1045 167
1046 189
1047 172
1048 178
1049 178
1050 182
1051 162
1052 177
1053 167
1054 177
1055 169
1056 170
1057 170
1058 177
1059 157
1060 184
1061 167
1062 184
1063 166
1064 179
1065 156
1066 167
1067 180
1068 165
1069 177
1070 161
1071 176
1072 158
1073 186
1074 152
1075 162
1076 176
1077 154
1078 137
1079 185
1080 168
1081 162
1082 193
1083 177
1084 182
1085 152
1086 158
1087 162
1088 175
1089 185
1090 180
1091 153
1092 172
1093 163
1094 167
1095 188
1096 155
1097 160
1098 140
1099 154
1100 134
1101 182
1102 151
1103 172
1104 162
1105 160
1106 154
1107 158
1108 157
1109 162
1110 176
1111 160
1112 145
1113 156
1114 149
1115 169
1116 156
1117 169
1118 177
1119 143
1120 153
1121 146
1122 164
1123 149
1124 151
1125 160
1126 170
1127 148
1128 156
1129 159
1130 149
1131 160
1132 152
1133 156
1134 135
1135 149
1136 154
1137 151
1138 146
1139 121
1140 172
1141 141
1142 160
1143 172
1144 166
1145 154
1146 146
1147 138
1148 169
1149 143
1150 166
1151 134
1152 147
1153 125
1154 154
1155 151
1156 162
1157 130
1158 166
1159 147
1160 176
1161 144
1162 136
1163 151
1164 161
1165 150
1166 137
1167 146
1168 128
1169 148
1170 143
1171 143
1172 128
1173 153
1174 140
1175 148
1176 131
1177 138
1178 133
1179 159
1180 144
1181 151
1182 145
1183 123
1184 135
1185 128
1186 131
1187 160
1188 137
1189 132
1190 157
1191 133
1192 137
1193 143
1194 142
1195 132
1196 133
1197 125
1198 120
1199 123
1200 154
1201 155
1202 121
1203 146
1204 123
1205 134
1206 156
1207 119
1208 130
1209 140
1210 135
1211 123
1212 125
1213 129
1214 120
1215 135
1216 138
1217 126
1218 121
1219 122
1220 127
1221 146
1222 148
1223 118
1224 117
1225 127
1226 129
1227 148
1228 142
1229 129
1230 113
1231 112
1232 104
1233 111
1234 127
1235 122
1236 113
1237 125
1238 115
1239 109
1240 116
1241 124
1242 132
1243 133
1244 140
1245 128
1246 100
1247 108
1248 111
1249 110
1250 107
1251 117
1252 90
1253 110
1254 113
1255 115
1256 97
1257 111
1258 111
1259 126
1260 122
1261 113
1262 120
1263 107
1264 111
1265 97
1266 114
1267 107
1268 115
1269 101
1270 105
1271 106
1272 97
1273 105
1274 123
1275 107
1276 104
1277 111
1278 134
1279 123
1280 97
1281 127
1282 94
1283 123
1284 116
1285 106
1286 116
1287 92
1288 109
1289 109
1290 116
1291 110
1292 101
1293 103
1294 95
1295 104
1296 109
1297 103
1298 114
1299 103
1300 98
1301 95
1302 92
1303 100
1304 105
1305 107
1306 98
1307 112
1308 74
1309 108
1310 107
1311 88
1312 101
1313 105
1314 116
1315 90
1316 79
1317 93
1318 102
1319 75
1320 87
1321 93
1322 107
1323 95
1324 70
1325 108
1326 97
1327 94
1328 72
1329 94
1330 95
1331 100
1332 99
1333 108
1334 90
1335 91
1336 79
1337 72
1338 87
1339 77
1340 84
1341 95
1342 77
1343 94
1344 86
1345 90
1346 85
1347 77
1348 100
1349 103
1350 73
1351 85
1352 99
1353 93
1354 84
1355 69
1356 100
1357 82
1358 83
1359 76
1360 80
1361 84
1362 88
1363 79
1364 76
1365 82
1366 76
1367 83
1368 73
1369 61
1370 65
1371 78
1372 63
1373 73
1374 80
1375 71
1376 73
1377 75
1378 74
1379 72
1380 69
1381 76
1382 79
1383 66
1384 75
1385 85
1386 81
1387 71
1388 74
1389 59
1390 64
1391 75
1392 80
1393 80
1394 77
1395 70
1396 74
1397 75
1398 68
1399 69
1400 75
1401 71
1402 79
1403 69
1404 73
1405 60
1406 61
1407 74
1408 73
1409 60
1410 56
1411 52
1412 63
1413 54
1414 68
1415 65
1416 63
1417 64
1418 67
1419 64
1420 86
1421 66
1422 62
1423 58
1424 64
1425 73
1426 61
1427 62
1428 60
1429 58
1430 72
1431 53
1432 58
1433 62
1434 55
1435 68
1436 63
1437 55
1438 76
1439 60
1440 72
1441 47
1442 54
1443 52
1444 57
1445 56
1446 58
1447 52
1448 58
1449 47
1450 58
1451 58
1452 56
1453 60
1454 57
1455 45
1456 43
1457 65
1458 61
1459 56
1460 49
1461 55
1462 56
1463 57
1464 41
1465 61
1466 49
1467 51
1468 42
1469 51
1470 50
1471 64
1472 54
1473 63
1474 55
1475 59
1476 38
1477 58
1478 46
1479 43
1480 42
1481 51
1482 64
1483 49
1484 46
1485 53
1486 48
1487 44
1488 43
1489 43
1490 57
1491 44
1492 38
1493 57
1494 41
1495 47
1496 52
1497 43
1498 45
1499 44
1500 42
1501 38
1502 46
1503 55
1504 41
1505 52
1506 43
1507 42
1508 47
1509 44
1510 30
1511 38
1512 38
1513 46
1514 40
1515 37
1516 40
1517 39
1518 58
1519 40
1520 55
1521 35
1522 47
1523 35
1524 37
1525 35
1526 33
1527 36
1528 42
1529 38
1530 41
1531 49
1532 27
1533 30
1534 29
1535 32
1536 42
1537 42
1538 46
1539 45
1540 26
1541 37
1542 33
1543 22
1544 38
1545 33
1546 33
1547 34
1548 25
1549 38
1550 37
1551 28
1552 44
1553 32
1554 30
1555 34
1556 33
1557 34
1558 37
1559 36
1560 40
1561 35
1562 41
1563 26
1564 34
1565 35
1566 37
1567 23
1568 36
1569 31
1570 33
1571 33
1572 36
1573 24
1574 42
1575 34
1576 36
1577 38
1578 22
1579 25
1580 22
1581 37
1582 37
1583 42
1584 21
1585 30
1586 29
1587 23
1588 27
1589 31
1590 23
1591 27
1592 32
1593 38
1594 24
1595 31
1596 28
1597 26
1598 24
1599 23
1600 20
1601 28
1602 30
1603 33
1604 27
1605 27
1606 22
1607 28
1608 30
1609 32
1610 27
1611 24
1612 24
1613 20
1614 20
1615 27
1616 32
1617 20
1618 27
1619 20
1620 23
1621 31
1622 28
1623 16
1624 25
1625 24
1626 18
1627 27
1628 32
1629 32
1630 23
1631 17
1632 31
1633 27
1634 23
1635 17
1636 26
1637 28
1638 17
1639 17
1640 19
1641 12
1642 23
1643 25
1644 17
1645 24
1646 19
1647 24
1648 15
1649 29
1650 18
1651 18
1652 18
1653 23
1654 18
1655 18
1656 18
1657 26
1658 14
1659 23
1660 26
1661 26
1662 13
1663 25
1664 19
1665 17
1666 19
1667 23
1668 15
1669 19
1670 18
1671 19
1672 18
1673 21
1674 19
1675 15
1676 21
1677 18
1678 14
1679 16
1680 17
1681 15
1682 23
1683 17
1684 23
1685 14
1686 27
1687 15
1688 13
1689 26
1690 19
1691 17
1692 18
1693 15
1694 19
1695 24
1696 18
1697 21
1698 18
1699 23
1700 21
1701 13
1702 14
1703 21
1704 14
1705 10
1706 14
1707 19
1708 16
1709 18
1710 20
1711 18
1712 14
1713 8
1714 13
1715 15
1716 18
1717 9
1718 24
1719 16
1720 15
1721 20
1722 27
1723 16
1724 15
1725 16
1726 17
1727 16
1728 18
1729 7
1730 13
1731 14
1732 10
1733 12
1734 20
1735 10
1736 11
1737 20
1738 10
1739 17
1740 13
1741 10
1742 10
1743 12
1744 9
1745 12
1746 12
1747 10
1748 19
1749 13
1750 16
1751 14
1752 14
1753 16
1754 8
1755 12
1756 13
1757 9
1758 15
1759 12
1760 13
1761 13
1762 15
1763 11
1764 10
1765 5
1766 15
1767 11
1768 9
1769 11
1770 14
1771 15
1772 12
1773 8
1774 14
1775 11
1776 11
1777 11
1778 15
1779 8
1780 8
1781 5
1782 16
1783 13
1784 10
1785 7
1786 7
1787 14
1788 7
1789 8
1790 12
1791 10
1792 17
1793 8
1794 7
1795 7
1796 10
1797 10
1798 11
1799 11
1800 8
1801 15
1802 7
1803 10
1804 7
1805 9
1806 7
1807 9
1808 15
1809 8
1810 8
1811 7
1812 9
1813 10
1814 6
1815 6
1816 5
1817 9
1818 12
1819 7
1820 10
1821 13
1822 7
1823 16
1824 4
1825 11
1826 3
1827 8
1828 4
1829 11
1830 7
1831 8
1832 10
1833 11
1834 9
1835 9
1836 7
1837 6
1838 10
1839 6
1840 4
1841 6
1842 2
1843 5
1844 12
1845 13
1846 7
1847 6
1848 8
1849 6
1850 6
1851 6
1852 7
1853 2
1854 10
1855 6
1856 6
1857 9
1858 7
1859 3
1860 6
1861 4
1862 4
1863 8
1864 6
1865 7
1866 11
1867 13
1868 3
1869 8
1870 4
1871 7
1872 7
1873 6
1874 8
1875 6
1876 5
1877 4
1878 9
1879 7
1880 7
1881 5
1882 5
1883 5
1884 7
1885 4
1886 6
1887 7
1888 5
1889 6
1890 6
1891 3
1892 7
1893 5
1894 4
1895 3
1896 6
1897 4
1898 4
1899 6
1900 4
1901 2
1902 8
1903 4
1904 4
1905 6
1906 6
1907 4
1908 5
1909 1
1910 5
1911 5
1912 5
1913 7
1914 8
1915 4
1916 0
1917 1
1918 3
1919 3
1920 6
1921 1
1922 6
1923 3
1924 5
1925 6
1926 3
1927 6
1928 5
1929 4
1930 4
1931 3
1932 6
1933 5
1934 5
1935 2
1936 4
1937 1
1938 2
1939 4
1940 5
1941 3
1942 4
1943 3
1944 4
1945 3
1946 9
1947 6
1948 5
1949 6
1950 2
1951 6
1952 5
1953 3
1954 2
1955 5
1956 7
1957 4
1958 7
1959 3
1960 1
1961 6
1962 5
1963 3
1964 0
1965 4
1966 4
1967 3
1968 3
1969 0
1970 8
1971 3
1972 6
1973 5
1974 3
1975 1
1976 4
1977 3
1978 3
1979 2
1980 2
1981 3
1982 3
1983 1
1984 1
1985 3
1986 2
1987 6
1988 1
1989 5
1990 3
1991 2
1992 3
1993 2
1994 2
1995 3
1996 1
1997 0
1998 2
1999 6
2000 5
2001 1
2002 8
2003 1
2004 5
2005 2
2006 7
2007 4
2008 0
2009 3
2010 2
2011 2
2012 1
2013 3
2014 5
2015 2
2016 3
2017 2
2018 5
2019 2
2020 3
2021 3
2022 4
2023 1
2024 3
2025 4
2026 1
2027 3
2028 3
2029 1
2030 5
2031 3
2032 3
2033 3
2034 1
2035 4
2036 2
2037 2
2038 2
2039 3
2040 1
2041 3
2042 2
2043 2
2044 1
2045 1
2046 1
2047 2
2048 4
2049 0
2050 4
2051 3
2052 1
2053 0
2054 1
2055 0
2056 3
2057 1
2058 0
2059 1
2060 1
2061 3
2062 0
2063 4
2064 0
2065 2
2066 5
2067 5
2068 1
2069 1
2070 5
2071 3
2072 2
2073 4
2074 0
2075 1
2076 2
2077 1
2078 2
2079 2
2080 4
2081 1
2082 3
2083 1
2084 2
2085 2
2086 1
2087 0
2088 5
2089 3
2090 1
2091 0
2092 4
2093 1
2094 2
2095 0
2096 2
2097 4
2098 5
2099 0
2100 0
2101 4
2102 0
2103 1
2104 3
2105 1
2106 2
2107 2
2108 4
2109 2
2110 1
2111 1
2112 2
2113 0
2114 1
2115 3
2116 0
2117 2
2118 1
2119 2
2120 0
2121 2
2122 3
2123 1
2124 1
2125 1
2126 2
2127 0
2128 2
2129 1
2130 2
2131 2
2132 0
2133 1
2134 2
2135 0
2136 0
2137 3
2138 1
2139 1
2140 1
2141 0
2142 2
2143 0
2144 1
2145 1
2146 4
2147 1
2148 0
2149 2
2150 0
2151 1
2152 0
2153 3
2154 4
2155 2
2156 0
2157 1
2158 1
2159 1
2160 2
2161 1
2162 0
2163 1
2164 0
2165 0
2166 0
2167 0
2168 1
2169 0
2170 1
2171 0
2172 1
2173 1
2174 0
2175 1
2176 1
2177 0
2178 0
2179 1
2180 0
2181 2
2182 2
2183 1
2184 0
2185 1
2186 1
2187 1
2188 4
2189 3
2190 2
2191 1
2192 0
2193 0
2194 2
2195 3
2196 1
2197 2
2198 0
2199 2
2200 1
2201 0
2202 0
2203 0
2204 2
2205 2
2206 2
2207 1
2208 0
2209 2
2210 0
2211 0
2212 1
2213 1
2214 1
2215 0
2216 1
2217 1
2218 2
2219 0
2220 0
2221 1
2222 0
2223 1
2224 1
2225 0
2226 1
2227 0
2228 1
2229 2
2230 2
2231 1
2232 0
2233 1
2234 1
2235 0
2236 0
2237 0
2238 1
2239 0
2240 0
2241 2
2242 0
2243 1
2244 0
2245 0
2246 0
2247 0
2248 0
2249 1
2250 1
2251 0
2252 3
2253 0
2254 1
2255 0
2256 0
2257 0
2258 2
2259 0
2260 2
2261 0
2262 0
2263 1
2264 2
2265 0
2266 0
2267 2
2268 1
2269 1
2270 0
2271 0
2272 1
2273 0
2274 0
2275 0
2276 0
2277 0
2278 0
2279 1
2280 1
2281 1
2282 0
2283 0
2284 0
2285 1
2286 1
2287 0
2288 2
2289 0
2290 2
2291 0
2292 0
2293 0
2294 0
2295 0
2296 1
2297 2
2298 0
2299 1
2300 1
2301 1
2302 2
2303 0
2304 0
2305 1
2306 0
2307 0
2308 0
2309 0
2310 0
2311 0
2312 0
2313 0
2314 0
2315 0
2316 1
2317 0
2318 0
2319 0
2320 1
2321 0
2322 0
2323 0
2324 0
2325 0
2326 0
2327 0
2328 0
2329 0
2330 0
2331 0
2332 0
2333 0
2334 0
2335 0
2336 0
2337 1
2338 0
2339 0
2340 0
2341 0
2342 0
2343 0
2344 0
2345 0
2346 0
2347 0
2348 0
2349 0
2350 0
2351 0
2352 0
2353 0
2354 0
2355 1
2356 0
2357 1
2358 0
2359 0
2360 1
2361 0
2362 2
2363 1
2364 0
2365 0
2366 0
2367 0
2368 0
2369 1
2370 0
2371 0
2372 0
2373 0
2374 0
2375 0
2376 0
2377 0
2378 0
2379 2
2380 0
2381 0
2382 0
2383 0
2384 0
2385 0
2386 0
2387 0
2388 0
2389 1
2390 0
2391 0
2392 0
2393 0
2394 0
2395 0
2396 1
2397 0
2398 0
2399 0
2400 0
2401 1
2402 0
2403 1
2404 0
2405 0
2406 1
2407 0
2408 0
2409 0
2410 0
2411 0
2412 0
2413 1
2414 0
2415 0
2416 0
2417 0
2418 0
2419 0
2420 0
2421 0
2422 0
2423 0
2424 1
2425 0
2426 0
2427 2
2428 0
2429 0
2430 0
2431 0
2432 0
2433 0
2434 0
2435 1
2436 0
2437 0
2438 0
2439 0
2440 2
2441 1
2442 0
2443 1
2444 0
2445 1
2446 0
2447 0
2448 0
2449 0
2450 1
2451 1
2452 1
2453 0
2454 0
2455 0
2456 0
2457 0
2458 0
2459 1
2460 0
2461 1
2462 0
2463 0
2464 0
2465 0
2466 1
2467 0
2468 0
2469 0
2470 0
2471 0
2472 0
2473 0
2474 2
2475 0
2476 0
2477 0
2478 1
2479 0
2480 0
2481 1
2482 0
2483 1
2484 0
2485 1
2486 0
2487 0
2488 0
2489 0
2490 0
2491 0
2492 0
2493 0
2494 0
2495 0
2496 0
2497 0
2498 0
2499 0
2500 0
2501 1
2502 0
2503 0
2504 0
2505 0
2506 0
2507 0
2508 1
2509 0
2510 0
2511 0
2512 0
2513 0
2514 0
2515 0
2516 0
2517 2
2518 0
2519 0
2520 0
2521 0
2522 0
2523 1
2524 0
2525 0
2526 0
2527 0
2528 0
2529 0
2530 0
2531 0
2532 0
2533 0
2534 0
2535 0
2536 0
2537 0
2538 0
2539 0
2540 0
2541 0
2542 0
2543 0
2544 0
2545 0
2546 0
2547 0
2548 0
2549 0
2550 0
2551 0
2552 0
2553 0
2554 0
2555 0
2556 0
2557 0
2558 0
2559 0
2560 1
2561 0
2562 0
2563 0
2564 0
2565 0
2566 0
2567 0
2568 0
2569 0
2570 1
2571 0
2572 0
2573 0
2574 0
2575 0
2576 0
2577 0
2578 0
2579 0
2580 0
2581 0
2582 0
2583 0
2584 1
2585 0
2586 1
2587 0
2588 0
2589 0
2590 1
2591 0
2592 0
2593 2
2594 0
2595 0
2596 0
2597 0
2598 0
2599 0
2600 0
2601 0
2602 1
2603 0
2604 0
2605 0
2606 0
2607 0
2608 0
2609 0
2610 0
2611 0
2612 0
2613 0
2614 0
2615 0
2616 0
2617 0
2618 0
2619 0
2620 0
2621 0
2622 0
2623 0
2624 0
2625 0
2626 0
2627 0
2628 0
2629 1
2630 0
2631 0
2632 0
2633 0
2634 0
2635 0
2636 0
2637 0
2638 0
2639 0
2640 0
2641 1
2642 1
2643 0
2644 0
2645 1
2646 0
2647 0
2648 0
2649 0
2650 0
2651 0
2652 0
2653 0
2654 0
2655 0
2656 0
2657 0
2658 0
2659 0
2660 0
2661 1
2662 1
2663 1
2664 0
2665 0
2666 0
2667 0
2668 0
2669 0
2670 0
2671 0
2672 0
2673 0
2674 0
2675 0
2676 0
2677 0
2678 0
2679 0
2680 0
2681 0
2682 0
2683 0
2684 0
2685 0
2686 0
2687 0
2688 0
2689 0
2690 0
2691 0
2692 0
2693 0
2694 0
2695 0
2696 0
2697 0
2698 0
2699 0
2700 0
2701 0
2702 0
2703 0
2704 0
2705 0
2706 0
2707 0
2708 1
2709 0
2710 0
2711 0
2712 0
2713 0
2714 0
2715 0
2716 0
2717 0
2718 0
2719 0
2720 0
2721 0
2722 0
2723 0
2724 0
2725 1
2726 0
2727 0
2728 0
2729 0
2730 0
2731 1
2732 0
2733 0
2734 0
2735 0
2736 0
2737 0
2738 0
2739 0
2740 0
2741 0
2742 0
2743 0
2744 0
2745 0
2746 0
2747 0
2748 0
2749 0
2750 0
2751 0
2752 0
2753 0
2754 0
2755 0
2756 0
2757 0
2758 0
2759 0
2760 0
2761 0
2762 1
2763 0
2764 0
2765 0
2766 0
2767 0
2768 0
2769 0
2770 1
2771 0
2772 0
2773 0
2774 0
2775 0
2776 0
2777 0
2778 0
2779 0
2780 0
2781 0
2782 0
2783 0
2784 0
2785 0
2786 0
2787 0
2788 0
2789 0
2790 1
2791 0
2792 0
2793 0
2794 0
2795 0
2796 0
2797 0
2798 0
2799 0
2800 0
2801 1
2802 0
2803 0
2804 0
2805 0
2806 0
2807 0
2808 0
2809 0
2810 0
2811 0
2812 0
2813 0
2814 0
2815 0
2816 0
2817 0
2818 0
2819 0
2820 0
2821 0
2822 0
2823 0
2824 0
2825 0
2826 0
2827 0
2828 0
2829 0
2830 1
2831 0
2832 0
2833 0
2834 0
2835 0
2836 0
2837 0
2838 0
2839 0
2840 0
2841 0
2842 0
2843 0
2844 0
2845 1
2846 0
2847 0
2848 0
2849 0
2850 0
2851 0
2852 0
2853 0
2854 0
2855 0
2856 0
2857 0
2858 0
2859 0
2860 0
2861 0
2862 0
2863 0
2864 0
2865 0
2866 0
2867 0
2868 0
2869 0
2870 1
2871 0
2872 0
2873 1
2874 0
2875 0
2876 0
2877 0
2878 0
2879 0
2880 0
2881 0
2882 0
2883 0
2884 0
2885 0
2886 0
2887 0
2888 0
2889 0
2890 0
2891 0
2892 0
2893 0
2894 0
2895 0
2896 0
2897 0
2898 0
2899 0
2900 0
2901 0
2902 0
2903 0
2904 0
2905 0
2906 0
2907 0
2908 0
2909 0
2910 0
2911 0
2912 0
2913 0
2914 0
2915 0
2916 0
2917 0
2918 0
2919 0
2920 0
2921 0
2922 0
2923 0
2924 0
2925 0
2926 1
2927 0
2928 0
2929 1
2930 0
2931 0
2932 0
2933 0
2934 0
2935 0
2936 0
2937 0
2938 0
2939 0
2940 0
2941 0
2942 0
2943 0
2944 0
2945 0
2946 0
2947 0
2948 0
2949 0
2950 0
2951 0
2952 0
2953 0
2954 0
2955 0
2956 0
2957 0
2958 0
2959 0
2960 0
2961 0
2962 0
2963 0
2964 0
2965 0
2966 0
2967 1
2968 0
2969 0
2970 0
2971 0
2972 0
2973 0
2974 0
2975 0
2976 0
2977 0
2978 0
2979 0
2980 0
2981 0
2982 0
2983 0
2984 0
2985 0
2986 0
2987 0
2988 0
2989 0
2990 0
2991 0
2992 0
2993 0
2994 0
2995 0
2996 1
2997 0
2998 0
2999 0
3000 0
3001 0
3002 0
3003 0
3004 0
3005 0
3006 0
3007 0
3008 0
3009 0
3010 0
3011 1
3012 0
3013 0
3014 0
3015 0
3016 0
3017 0
3018 0
3019 0
3020 0
3021 0
3022 0
3023 0
3024 0
3025 0
3026 0
3027 0
3028 0
3029 0
3030 0
3031 0
3032 0
3033 0
3034 0
3035 0
3036 0
3037 0
3038 0
3039 0
3040 0
3041 0
3042 0
3043 0
3044 0
3045 0
3046 0
3047 0
3048 0
3049 0
3050 0
3051 0
3052 0
3053 0
3054 0
3055 0
3056 0
3057 0
3058 0
3059 0
3060 0
3061 0
3062 0
3063 0
3064 0
3065 0
3066 0
3067 0
3068 0
3069 0
3070 0
3071 0
3072 0
3073 0
3074 0
3075 0
3076 0
3077 0
3078 0
3079 0
3080 0
3081 0
3082 0
3083 0
3084 0
3085 0
3086 0
3087 0
3088 0
3089 0
3090 0
3091 0
3092 0
3093 0
3094 0
3095 0
3096 0
3097 0
3098 0
3099 0
3100 0
3101 0
3102 0
3103 0
3104 0
3105 0
3106 0
3107 0
3108 0
3109 0
3110 0
3111 0
3112 0
3113 0
3114 0
3115 0
3116 0
3117 0
3118 0
3119 0
3120 0
3121 0
3122 0
3123 0
3124 0
3125 0
3126 0
3127 0
3128 0
3129 0
3130 0
3131 0
3132 0
3133 0
3134 0
3135 0
3136 0
3137 0
3138 0
3139 0
3140 0
3141 0
3142 0
3143 0
3144 0
3145 0
3146 0
3147 0
3148 0
3149 0
3150 0
3151 1
3152 0
3153 0
3154 0
3155 0
3156 0
3157 0
3158 0
3159 0
3160 0
3161 0
3162 0
3163 0
3164 0
3165 0
3166 0
3167 0
3168 0
3169 0
3170 0
3171 0
3172 0
3173 0
3174 0
3175 0
3176 0
3177 0
3178 0
3179 0
3180 0
3181 0
3182 0
3183 0
3184 0
3185 0
3186 0
3187 0
3188 0
3189 0
3190 0
3191 0
3192 0
3193 0
3194 0
3195 0
3196 0
3197 0
3198 0
3199 0
3200 0
3201 0
3202 1
3203 0
3204 0
3205 0
3206 0
3207 0
3208 0
3209 0
3210 0
3211 0
3212 0
3213 0
3214 0
3215 0
3216 0
3217 0
3218 0
3219 0
3220 0
3221 0
3222 0
3223 0
3224 0
3225 0
3226 0
3227 0
3228 0
3229 0
3230 0
3231 0
3232 0
3233 0
3234 0
3235 0
3236 0
3237 0
3238 0
3239 0
3240 0
3241 0
3242 0
3243 0
3244 0
3245 0
3246 0
3247 0
3248 0
3249 1
3250 0
3251 0
3252 0
3253 0
3254 0
3255 0
3256 0
3257 0
3258 0
3259 0
3260 0
3261 0
3262 0
3263 0
3264 0
3265 0
3266 0
3267 0
3268 0
3269 0
3270 0
3271 0
3272 0
3273 0
3274 0
3275 0
3276 0
3277 0
3278 0
3279 0
3280 0
3281 0
3282 0
3283 0
3284 0
3285 0
3286 0
3287 0
3288 0
3289 0
3290 0
3291 0
3292 0
3293 0
3294 0
3295 0
3296 0
3297 0
3298 0
3299 0
3300 0
3301 0
3302 0
3303 0
3304 0
3305 0
3306 0
3307 0
3308 0
3309 0
3310 0
3311 0
3312 0
3313 0
3314 0
3315 0
3316 0
3317 0
3318 0
3319 0
3320 0
3321 0
3322 0
3323 0
3324 0
3325 0
3326 0
3327 0
3328 0
3329 0
3330 0
3331 0
3332 0
3333 0
3334 0
3335 0
3336 0
3337 0
3338 0
3339 0
3340 0
3341 0
3342 0
3343 0
3344 0
3345 0
3346 0
3347 0
3348 0
3349 0
3350 0
3351 0
3352 0
3353 0
3354 0
3355 0
3356 1
3357 0
3358 0
3359 0
3360 1
3361 0
3362 0
3363 0
3364 0
3365 0
3366 0
3367 0
3368 0
3369 0
3370 0
3371 0
3372 0
3373 0
3374 0
3375 0
3376 0
3377 0
3378 0
3379 0
3380 0
3381 0
3382 0
3383 0
3384 0
3385 0
3386 0
3387 0
3388 0
3389 0
3390 0
3391 1
3392 0
3393 0
3394 0
3395 0
3396 0
3397 0
3398 0
3399 0
3400 0
3401 0
3402 0
3403 0
3404 0
3405 0
3406 0
3407 0
3408 0
3409 0
3410 0
3411 0
3412 0
3413 0
3414 0
3415 0
3416 0
3417 0
3418 0
3419 0
3420 0
3421 0
3422 0
3423 0
3424 0
3425 0
3426 0
3427 0
3428 0
3429 0
3430 0
3431 0
3432 0
3433 0
3434 0
3435 0
3436 0
3437 0
3438 0
3439 0
3440 0
3441 0
3442 0
3443 0
3444 0
3445 0
3446 0
3447 0
3448 0
3449 0
3450 0
3451 0
3452 0
3453 0
3454 0
3455 0
3456 0
3457 0
3458 0
3459 0
3460 0
3461 0
3462 0
3463 0
3464 0
3465 0
3466 0
3467 0
3468 0
3469 0
3470 0
3471 1
3472 0
3473 0
3474 0
3475 0
3476 0
3477 0
3478 0
3479 0
3480 0
3481 0
3482 0
3483 0
3484 0
3485 1
3486 0
3487 0
3488 0
3489 0
3490 0
3491 0
3492 0
3493 0
3494 0
3495 0
3496 0
3497 0
3498 0
3499 0
3500 0
3501 0
3502 0
3503 0
3504 0
3505 0
3506 0
3507 1
3508 0
3509 0
3510 0
3511 0
3512 1
3513 0
3514 1
3515 0
3516 0
3517 0
3518 0
3519 0
3520 0
3521 0
3522 0
3523 0
3524 0
3525 0
3526 0
3527 0
3528 0
3529 0
3530 0
3531 0
3532 0
3533 1
3534 0
3535 0
3536 0
3537 0
3538 0
3539 0
3540 0
3541 0
3542 0
3543 0
3544 0
3545 0
3546 0
3547 0
3548 1
3549 0
3550 0
3551 0
3552 0
3553 0
3554 0
3555 0
3556 0
3557 0
3558 0
3559 0
3560 0
3561 0
3562 0
3563 0
3564 1
3565 0
3566 0
3567 0
3568 0
3569 0
3570 0
3571 0
3572 0
3573 0
3574 0
3575 0
3576 0
3577 0
3578 0
3579 0
3580 0
3581 0
3582 0
3583 0
3584 0
3585 0
3586 0
3587 0
3588 0
3589 0
3590 0
3591 0
3592 0
3593 0
3594 0
3595 0
3596 0
3597 0
3598 0
3599 0
3600 0
3601 0
3602 0
3603 0
3604 0
3605 0
3606 0
3607 0
3608 0
3609 0
3610 0
3611 0
3612 0
3613 0
3614 0
3615 0
3616 0
3617 0
3618 0
3619 0
3620 0
3621 0
3622 0
3623 0
3624 0
3625 1
3626 0
3627 0
3628 0
3629 0
3630 0
3631 0
3632 0
3633 0
3634 0
3635 0
3636 0
3637 0
3638 0
3639 0
3640 0
3641 0
3642 0
3643 0
3644 0
3645 0
3646 0
3647 0
3648 0
3649 0
3650 0
3651 0
3652 0
3653 0
3654 0
3655 0
3656 0
3657 0
3658 0
3659 0
3660 0
3661 0
3662 0
3663 0
3664 0
3665 0
3666 0
3667 0
3668 0
3669 0
3670 0
3671 0
3672 0
3673 0
3674 0
3675 0
3676 0
3677 0
3678 0
3679 0
3680 0
3681 0
3682 0
3683 0
3684 0
3685 0
3686 0
3687 0
3688 0
3689 0
3690 0
3691 0
3692 0
3693 0
3694 0
3695 0
3696 0
3697 0
3698 0
3699 0
3700 0
3701 0
3702 0
3703 0
3704 0
3705 0
3706 0
3707 0
3708 0
3709 0
3710 0
3711 0
3712 0
3713 0
3714 0
3715 0
3716 0
3717 0
3718 0
3719 0
3720 0
3721 0
3722 0
3723 0
3724 0
3725 0
3726 0
3727 0
3728 0
3729 0
3730 0
3731 0
3732 0
3733 0
3734 0
3735 0
3736 0
3737 0
3738 0
3739 0
3740 0
3741 0
3742 0
3743 0
3744 0
3745 0
3746 0
3747 0
3748 0
3749 0
3750 0
3751 0
3752 0
3753 0
3754 0
3755 0
3756 0
3757 0
3758 0
3759 0
3760 0
3761 0
3762 0
3763 0
3764 0
3765 0
3766 0
3767 0
3768 0
3769 0
3770 0
3771 0
3772 0
3773 0
3774 0
3775 0
3776 0
3777 0
3778 0
3779 0
3780 0
3781 0
3782 0
3783 0
3784 0
3785 0
3786 0
3787 0
3788 0
3789 0
3790 0
3791 0
3792 0
3793 0
3794 0
3795 0
3796 0
3797 0
3798 0
3799 0
3800 0
3801 0
3802 0
3803 0
3804 0
3805 0
3806 0
3807 0
3808 0
3809 0
3810 0
3811 0
3812 0
3813 0
3814 0
3815 1
3816 0
3817 0
3818 0
3819 0
3820 0
3821 0
3822 0
3823 0
3824 0
3825 0
3826 0
3827 0
3828 0
3829 0
3830 0
3831 0
3832 0
3833 0
3834 0
3835 0
3836 0
3837 0
3838 0
3839 0
3840 0
3841 0
3842 0
3843 0
3844 0
3845 0
3846 0
3847 0
3848 0
3849 0
3850 0
3851 0
3852 0
3853 0
3854 0
3855 0
3856 0
3857 0
3858 0
3859 0
3860 0
3861 0
3862 0
3863 0
3864 0
3865 1
3866 0
3867 0
3868 0
3869 0
3870 0
3871 0
3872 0
3873 0
3874 0
3875 0
3876 0
3877 0
3878 0
3879 0
3880 0
3881 0
3882 0
3883 0
3884 0
3885 0
3886 0
3887 0
3888 0
3889 0
3890 0
3891 0
3892 0
3893 0
3894 0
3895 0
3896 0
3897 0
3898 0
3899 0
3900 0
3901 0
3902 0
3903 0
3904 0
3905 0
3906 0
3907 0
3908 0
3909 0
3910 0
3911 0
3912 0
3913 0
3914 0
3915 0
3916 0
3917 0
3918 0
3919 0
3920 0
3921 1
3922 0
3923 0
3924 0
3925 0
3926 0
3927 0
3928 0
3929 0
3930 0
3931 0
3932 0
3933 0
3934 0
3935 0
3936 0
3937 0
3938 0
3939 0
3940 0
3941 0
3942 0
3943 0
3944 0
3945 0
3946 0
3947 0
3948 0
3949 0
3950 0
3951 0
3952 0
3953 0
3954 0
3955 0
3956 0
3957 0
3958 0
3959 0
3960 0
3961 0
3962 0
3963 0
3964 0
3965 0
3966 0
3967 0
3968 0
3969 0
3970 0
3971 0
3972 0
3973 0
3974 0
3975 0
3976 0
3977 0
3978 0
3979 0
3980 0
3981 0
3982 0
3983 0
3984 0
3985 0
3986 0
3987 0
3988 0
3989 0
3990 0
3991 1
3992 0
3993 0
3994 0
3995 0
3996 0
3997 0
3998 0
3999 0
4000 0
