0 0
1 0
2 0
3 0
4 0
5 0
6 0
7 0
8 0
9 0
10 0
11 0
12 0
13 0
14 0
15 0
16 0
17 0
18 0
19 0
20 0
21 0
22 0
23 0
24 0
25 0
26 0
27 0
28 0
29 0
30 0
31 0
32 0
33 0
34 0
35 0
36 0
37 0
38 0
39 0
40 0
41 0
42 0
43 0
44 0
45 0
46 0
47 0
48 0
49 0
50 0
51 0
52 0
53 0
54 0
55 0
56 0
57 0
58 0
59 0
60 0
61 0
62 0
63 0
64 0
65 0
66 0
67 0
68 0
69 0
70 0
71 0
72 0
73 0
74 0
75 0
76 0
77 0
78 0
79 0
80 0
81 0
82 0
83 0
84 0
85 0
86 0
87 0
88 0
89 0
90 0
91 0
92 0
93 0
94 0
95 0
96 0
97 0
98 0
99 0
100 0
101 0
102 0
103 0
104 0
105 0
106 0
107 0
108 0
109 0
110 0
111 0
112 0
113 0
114 0
115 0
116 0
117 0
118 0
119 0
120 0
121 0
122 0
123 0
124 0
125 0
126 0
127 0
128 0
129 0
130 0
131 0
132 0
133 0
134 0
135 0
136 0
137 0
138 0
139 0
140 0
141 0
142 0
143 0
144 0
145 0
146 0
147 0
148 1
149 2
150 2
151 1
152 3
153 6
154 8
155 15
156 15
157 18
158 12
159 8
160 11
161 9
162 11
163 9
164 16
165 14
166 5
167 7
168 6
169 11
170 8
171 8
172 9
173 17
174 30
175 25
176 67
177 125
178 228
179 341
180 490
181 629
182 723
183 868
184 1016
185 1225
186 1886
187 2969
188 4843
189 7146
190 9126
191 10709
192 11745
193 11680
194 11414
195 10725
196 9664
197 8695
198 7747
199 6828
200 5912
201 5292
202 4532
203 3955
204 3510
205 2957
206 2608
207 2291
208 1976
209 1849
210 1579
211 1549
212 1430
213 1263
214 1226
215 1206
216 1149
217 1217
218 1202
219 1099
220 1080
221 1056
222 1040
223 1029
224 1047
225 1072
226 1080
227 1090
228 1026
229 1132
230 1107
231 1058
232 1160
233 1101
234 1127
235 1123
236 1120
237 1125
238 1191
239 1184
240 1063
241 1098
242 1142
243 1181
244 1140
245 1158
246 1169
247 1195
248 1148
249 1163
250 1175
251 1242
252 1232
253 1189
254 1227
255 1252
256 1283
257 1242
258 1261
259 1230
260 1283
261 1239
262 1248
263 1354
264 1231
265 1213
266 1269
267 1293
268 1268
269 1294
270 1319
271 1295
272 1260
273 1256
274 1231
275 1269
276 1332
277 1347
278 1293
279 1266
280 1237
281 1321
282 1315
283 1329
284 1263
285 1272
286 1424
287 1319
288 1394
289 1337
290 1352
291 1359
292 1341
293 1271
294 1356
295 1404
296 1389
297 1373
298 1399
299 1424
300 1397
301 1411
302 1404
303 1445
304 1384
305 1419
306 1390
307 1423
308 1461
309 1495
310 1455
311 1484
312 1426
313 1448
314 1449
315 1556
316 1459
317 1517
318 1480
319 1446
320 1516
321 1389
322 1455
323 1420
324 1547
325 1462
326 1461
327 1515
328 1464
329 1531
330 1522
331 1503
332 1440
333 1521
334 1455
335 1573
336 1494
337 1545
338 1553
339 1608
340 1566
341 1579
342 1534
343 1551
344 1522
345 1540
346 1627
347 1619
348 1574
349 1526
350 1562
351 1635
352 1634
353 1633
354 1543
355 1617
356 1610
357 1697
358 1694
359 1631
360 1583
361 1631
362 1665
363 1653
364 1705
365 1674
366 1653
367 1752
368 1663
369 1666
370 1694
371 1647
372 1708
373 1729
374 1699
375 1687
376 1763
377 1723
378 1736
379 1703
380 1693
381 1785
382 1756
383 1744
384 1732
385 1699
386 1697
387 1711
388 1773
389 1716
390 1776
391 1779
392 1714
393 1719
394 1780
395 1803
396 1747
397 1737
398 1775
399 1785
400 1791
401 1818
402 1725
403 1806
404 1780
405 1701
406 1717
407 1748
408 1834
409 1800
410 1828
411 1775
412 1745
413 1760
414 1807
415 1792
416 1797
417 1684
418 1806
419 1820
420 1687
421 1749
422 1786
423 1772
424 1821
425 1814
426 1788
427 1817
428 1769
429 1695
430 1748
431 1737
432 1776
433 1726
434 1744
435 1828
436 1805
437 1723
438 1693
439 1760
440 1778
441 1775
442 1789
443 1692
444 1788
445 1742
446 1705
447 1728
448 1689
449 1734
450 1771
451 1672
452 1765
453 1665
454 1674
455 1733
456 1726
457 1702
458 1699
459 1637
460 1739
461 1651
462 1722
463 1696
464 1696
465 1631
466 1686
467 1666
468 1565
469 1614
470 1636
471 1666
472 1642
473 1565
474 1596
475 1600
476 1577
477 1626
478 1567
479 1610
480 1514
481 1475
482 1569
483 1568
484 1585
485 1517
486 1566
487 1461
488 1516
489 1485
490 1519
491 1556
492 1475
493 1541
494 1477
495 1453
496 1462
497 1442
498 1417
499 1501
500 1448
501 1404
502 1454
503 1457
504 1312
505 1385
506 1394
507 1359
508 1290
509 1329
510 1417
511 1385
512 1298
513 1335
514 1312
515 1341
516 1375
517 1306
518 1355
519 1280
520 1281
521 1297
522 1220
523 1265
524 1350
525 1225
526 1223
527 1229
528 1256
529 1172
530 1153
531 1150
532 1114
533 1143
534 1152
535 1160
536 1140
537 1158
538 1172
539 1168
540 1122
541 1110
542 1131
543 1094
544 1107
545 1053
546 1043
547 1098
548 1039
549 1016
550 1044
551 1052
552 1032
553 1001
554 936
555 1047
556 1009
557 943
558 966
559 1027
560 1019
561 931
562 935
563 964
564 880
565 938
566 1004
567 873
568 912
569 860
570 904
571 948
572 797
573 868
574 835
575 856
576 819
577 861
578 837
579 837
580 810
581 830
582 801
583 836
584 777
585 752
586 796
587 750
588 795
589 760
590 730
591 774
592 743
593 748
594 727
595 703
596 726
597 713
598 714
599 668
600 691
601 686
602 716
603 684
604 680
605 696
606 681
607 702
608 688
609 624
610 656
611 607
612 652
613 595
614 610
615 622
616 605
617 668
618 587
619 573
620 587
621 583
622 594
623 588
624 583
625 579
626 530
627 538
628 568
629 550
630 540
631 540
632 555
633 527
634 499
635 542
636 508
637 493
638 460
639 547
640 517
641 521
642 500
643 494
644 509
645 458
646 513
647 474
648 511
649 479
650 477
651 447
652 475
653 477
654 446
655 404
656 450
657 425
658 426
659 406
660 420
661 398
662 386
663 428
664 422
665 440
666 419
667 460
668 428
669 399
670 385
671 406
672 366
673 414
674 399
675 394
676 396
677 366
678 399
679 388
680 374
681 346
682 384
683 303
684 411
685 344
686 361
687 365
688 337
689 361
690 356
691 380
692 369
693 337
694 344
695 370
696 318
697 331
698 305
699 336
700 347
701 317
702 352
703 338
704 317
705 320
706 281
707 320
708 308
709 318
710 290
711 313
712 326
713 317
714 303
715 301
716 323
717 292
718 285
719 300
720 310
721 302
722 272
723 308
724 317
725 295
726 287
727 273
728 295
729 278
730 306
731 281
732 279
733 265
734 289
735 269
736 287
737 287
738 289
739 278
740 283
741 247
742 274
743 253
744 283
745 263
746 286
747 249
748 273
749 264
750 254
751 251
752 263
753 251
754 265
755 252
756 284
757 281
758 262
759 265
760 267
761 283
762 246
763 252
764 230
765 261
766 218
767 261
768 243
769 272
770 250
771 265
772 225
773 252
774 276
775 235
776 244
777 242
778 254
779 244
780 241
781 252
782 255
783 234
784 210
785 248
786 209
787 222
788 224
789 263
790 213
791 248
792 259
793 229
794 231
795 236
796 221
797 212
798 239
799 228
800 251
801 215
802 236
803 228
804 200
805 231
806 220
807 243
808 218
809 217
810 201
811 232
812 233
813 216
814 239
815 258
816 218
817 240
818 226
819 223
820 224
821 197
822 239
823 236
824 207
825 240
826 211
827 216
828 238
829 225
830 240
831 222
832 197
833 209
834 197
835 221
836 216
837 230
838 216
839 220
840 231
841 220
842 238
843 229
844 217
845 226
846 234
847 237
848 210
849 239
850 236
851 204
852 248
853 205
854 220
855 212
856 212
857 204
858 214
859 221
860 229
861 203
862 208
863 207
864 235
865 203
866 205
867 237
868 228
869 212
870 205
871 226
872 213
873 225
874 223
875 223
876 197
877 211
878 199
879 206
880 194
881 245
882 228
883 210
884 206
885 186
886 204
887 211
888 183
889 189
890 201
891 213
892 191
893 200
894 207
895 234
896 200
897 220
898 206
899 205
900 202
901 206
902 216
903 202
904 208
905 203
906 167
907 194
908 222
909 215
910 208
911 197
912 189
913 215
914 188
915 188
916 192
917 201
918 188
919 220
920 201
921 205
922 193
923 195
924 180
925 197
926 198
927 206
928 212
929 219
930 197
931 194
932 199
933 192
934 236
935 157
936 216
937 219
938 197
939 218
940 201
941 190
942 168
943 191
944 208
945 194
946 206
947 193
948 197
949 187
950 186
951 201
952 168
953 160
954 183
955 177
956 157
957 187
958 172
959 196
960 189
961 180
962 197
963 186
964 167
965 165
966 194
967 193
968 181
969 188
970 195
971 200
972 196
973 191
974 148
975 192
976 189
977 182
978 178
979 163
980 202
981 181
982 165
983 187
984 174
985 184
986 192
987 174
988 187
989 161
990 169
991 169
992 187
993 160
994 167
995 156
996 157
997 192
998 175
999 178
1000 186
1001 173
1002 174
1003 164
1004 180
1005 170
1006 158
1007 170
1008 185
1009 162
1010 156
1011 159
1012 161
1013 178
1014 149
1015 159
1016 160
1017 172
1018 144
1019 169
1020 192
1021 159
1022 165
1023 154
1024 164
1025 175
1026 167
1027 171
1028 183
1029 163
1030 169
1031 164
1032 159
1033 160
1034 179
1035 155
1036 156
1037 156
1038 169
1039 151
1040 150
1041 144
1042 147
1043 147
1044 135
1045 152
1046 134
1047 170
1048 154
1049 169
1050 166
1051 141
1052 138
1053 148
1054 140
1055 154
1056 150
1057 161
1058 156
1059 159
1060 120
1061 143
1062 140
1063 159
1064 138
1065 149
1066 164
1067 147
1068 165
1069 144
1070 129
1071 147
1072 121
1073 128
1074 157
1075 134
1076 130
1077 149
1078 148
1079 127
1080 151
1081 133
1082 131
1083 144
1084 135
1085 130
1086 147
1087 141
1088 136
1089 124
1090 114
1091 135
1092 126
1093 135
1094 124
1095 144
1096 133
1097 133
1098 129
1099 131
1100 135
1101 133
1102 135
1103 130
1104 124
1105 114
1106 121
1107 128
1108 141
1109 128
1110 128
1111 130
1112 136
1113 125
1114 127
1115 114
1116 136
1117 108
1118 106
1119 118
1120 110
1121 109
1122 124
1123 118
1124 134
1125 119
1126 114
1127 117
1128 122
1129 113
1130 132
1131 92
1132 117
1133 109
1134 108
1135 97
1136 116
1137 124
1138 89
1139 95
1140 127
1141 95
1142 109
1143 117
1144 103
1145 103
1146 122
1147 105
1148 93
1149 106
1150 104
1151 108
1152 109
1153 87
1154 96
1155 112
1156 103
1157 106
1158 99
1159 99
1160 102
1161 82
1162 87
1163 100
1164 86
1165 112
1166 106
1167 92
1168 95
1169 112
1170 102
1171 91
1172 105
1173 91
1174 98
1175 105
1176 93
1177 95
1178 87
1179 91
1180 78
1181 86
1182 91
1183 84
1184 100
1185 89
1186 76
1187 110
1188 97
1189 92
1190 87
1191 93
1192 87
1193 91
1194 80
1195 81
1196 78
1197 84
1198 90
1199 66
1200 86
1201 95
1202 93
1203 73
1204 71
1205 89
1206 75
1207 98
1208 76
1209 78
1210 67
1211 85
1212 84
1213 78
1214 80
1215 73
1216 70
1217 78
1218 76
1219 79
1220 80
1221 75
1222 61
1223 67
1224 64
1225 70
1226 55
1227 75
1228 85
1229 71
1230 83
1231 83
1232 65
1233 77
1234 76
1235 62
1236 68
1237 88
1238 72
1239 85
1240 66
1241 84
1242 68
1243 61
1244 66
1245 75
1246 57
1247 66
1248 63
1249 53
1250 53
1251 70
1252 62
1253 66
1254 48
1255 70
1256 63
1257 51
1258 71
1259 70
1260 62
1261 68
1262 59
1263 50
1264 56
1265 64
1266 48
1267 65
1268 58
1269 57
1270 62
1271 52
1272 58
1273 46
1274 64
1275 54
1276 66
1277 51
1278 51
1279 45
1280 59
1281 58
1282 53
1283 60
1284 57
1285 68
1286 68
1287 66
1288 60
1289 45
1290 48
1291 51
1292 49
1293 54
1294 54
1295 45
1296 44
1297 54
1298 44
1299 56
1300 47
1301 55
1302 42
1303 47
1304 49
1305 46
1306 56
1307 52
1308 59
1309 51
1310 45
1311 40
1312 51
1313 30
1314 56
1315 51
1316 56
1317 48
1318 46
1319 54
1320 44
1321 52
1322 47
1323 29
1324 34
1325 48
1326 38
1327 39
1328 39
1329 37
1330 48
1331 45
1332 44
1333 43
1334 54
1335 50
1336 32
1337 37
1338 49
1339 30
1340 46
1341 48
1342 49
1343 40
1344 37
1345 35
1346 31
1347 32
1348 45
1349 42
1350 55
1351 38
1352 46
1353 40
1354 38
1355 45
1356 41
1357 36
1358 41
1359 31
1360 34
1361 42
1362 39
1363 35
1364 31
1365 38
1366 28
1367 31
1368 35
1369 38
1370 31
1371 31
1372 30
1373 37
1374 28
1375 39
1376 28
1377 27
1378 45
1379 29
1380 28
1381 35
1382 33
1383 31
1384 28
1385 28
1386 38
1387 37
1388 31
1389 20
1390 35
1391 34
1392 31
1393 41
1394 24
1395 26
1396 22
1397 43
1398 23
1399 34
1400 29
1401 36
1402 20
1403 28
1404 36
1405 29
1406 20
1407 34
1408 22
1409 35
1410 28
1411 31
1412 24
1413 24
1414 23
1415 27
1416 28
1417 27
1418 28
1419 30
1420 25
1421 24
1422 19
1423 28
1424 32
1425 16
1426 33
1427 20
1428 17
1429 30
1430 23
1431 21
1432 31
1433 24
1434 29
1435 35
1436 27
1437 19
1438 25
1439 23
1440 24
1441 29
1442 31
1443 25
1444 24
1445 19
1446 25
1447 21
1448 25
1449 26
1450 22
1451 20
1452 12
1453 17
1454 12
1455 26
1456 26
1457 20
1458 25
1459 30
1460 26
1461 21
1462 30
1463 25
1464 11
1465 26
1466 27
1467 25
1468 20
1469 20
1470 12
1471 27
1472 19
1473 18
1474 21
1475 23
1476 23
1477 15
1478 18
1479 25
1480 19
1481 20
1482 22
1483 27
1484 24
1485 33
1486 16
1487 23
1488 20
1489 18
1490 17
1491 19
1492 13
1493 17
1494 17
1495 21
1496 18
1497 20
1498 20
1499 18
1500 18
1501 13
1502 15
1503 13
1504 15
1505 11
1506 27
1507 16
1508 16
1509 14
1510 18
1511 9
1512 18
1513 26
1514 13
1515 11
1516 12
1517 20
1518 16
1519 16
1520 12
1521 19
1522 23
1523 21
1524 9
1525 19
1526 19
1527 18
1528 23
1529 16
1530 9
1531 18
1532 14
1533 14
1534 10
1535 15
1536 24
1537 22
1538 8
1539 18
1540 14
1541 14
1542 11
1543 13
1544 22
1545 14
1546 18
1547 14
1548 14
1549 8
1550 13
1551 17
1552 14
1553 17
1554 11
1555 13
1556 15
1557 19
1558 6
1559 17
1560 11
1561 7
1562 13
1563 10
1564 12
1565 11
1566 11
1567 17
1568 14
1569 10
1570 8
1571 13
1572 9
1573 15
1574 9
1575 8
1576 7
1577 14
1578 12
1579 13
1580 18
1581 6
1582 18
1583 7
1584 8
1585 12
1586 6
1587 9
1588 7
1589 3
1590 5
1591 4
1592 8
1593 10
1594 10
1595 11
1596 10
1597 8
1598 6
1599 11
1600 6
1601 16
1602 10
1603 5
1604 8
1605 11
1606 6
1607 8
1608 8
1609 12
1610 12
1611 9
1612 12
1613 6
1614 8
1615 9
1616 2
1617 10
1618 8
1619 3
1620 5
1621 8
1622 9
1623 6
1624 11
1625 7
1626 7
1627 7
1628 9
1629 10
1630 6
1631 13
1632 5
1633 11
1634 7
1635 8
1636 7
1637 8
1638 8
1639 4
1640 11
1641 9
1642 10
1643 10
1644 11
1645 9
1646 6
1647 9
1648 13
1649 4
1650 14
1651 9
1652 9
1653 7
1654 5
1655 7
1656 9
1657 5
1658 5
1659 10
1660 11
1661 5
1662 4
1663 12
1664 6
1665 9
1666 2
1667 5
1668 2
1669 3
1670 6
1671 8
1672 3
1673 7
1674 6
1675 7
1676 8
1677 9
1678 2
1679 5
1680 7
1681 4
1682 4
1683 9
1684 6
1685 8
1686 6
1687 1
1688 6
1689 7
1690 7
1691 7
1692 4
1693 5
1694 6
1695 5
1696 6
1697 7
1698 9
1699 9
1700 2
1701 1
1702 7
1703 5
1704 10
1705 5
1706 5
1707 6
1708 5
1709 4
1710 4
1711 5
1712 3
1713 2
1714 2
1715 5
1716 4
1717 2
1718 6
1719 4
1720 2
1721 5
1722 3
1723 6
1724 5
1725 5
1726 7
1727 5
1728 6
1729 4
1730 6
1731 7
1732 4
1733 5
1734 6
1735 4
1736 0
1737 4
1738 4
1739 8
1740 2
1741 4
1742 4
1743 4
1744 4
1745 4
1746 7
1747 4
1748 4
1749 2
1750 2
1751 5
1752 2
1753 3
1754 7
1755 1
1756 3
1757 6
1758 4
1759 1
1760 3
1761 3
1762 2
1763 1
1764 2
1765 1
1766 2
1767 3
1768 0
1769 4
1770 4
1771 3
1772 9
1773 5
1774 3
1775 6
1776 2
1777 3
1778 3
1779 2
1780 3
1781 3
1782 3
1783 4
1784 2
1785 2
1786 6
1787 1
1788 5
1789 3
1790 5
1791 7
1792 0
1793 2
1794 1
1795 2
1796 2
1797 3
1798 3
1799 3
1800 2
1801 1
1802 3
1803 1
1804 3
1805 5
1806 3
1807 2
1808 0
1809 6
1810 1
1811 3
1812 2
1813 0
1814 3
1815 3
1816 4
1817 2
1818 0
1819 1
1820 2
1821 4
1822 4
1823 1
1824 1
1825 1
1826 1
1827 1
1828 4
1829 3
1830 2
1831 0
1832 4
1833 2
1834 1
1835 1
1836 1
1837 5
1838 3
1839 2
1840 4
1841 3
1842 2
1843 4
1844 1
1845 2
1846 3
1847 2
1848 1
1849 4
1850 3
1851 1
1852 1
1853 2
1854 2
1855 3
1856 1
1857 2
1858 3
1859 5
1860 0
1861 3
1862 4
1863 2
1864 5
1865 3
1866 1
1867 3
1868 2
1869 1
1870 5
1871 1
1872 1
1873 2
1874 2
1875 3
1876 3
1877 3
1878 0
1879 1
1880 1
1881 1
1882 1
1883 2
1884 1
1885 3
1886 0
1887 1
1888 0
1889 1
1890 2
1891 1
1892 2
1893 0
1894 0
1895 3
1896 1
1897 1
1898 0
1899 1
1900 2
1901 3
1902 2
1903 2
1904 0
1905 0
1906 4
1907 2
1908 3
1909 2
1910 1
1911 0
1912 1
1913 0
1914 1
1915 2
1916 1
1917 3
1918 0
1919 1
1920 0
1921 5
1922 3
1923 1
1924 2
1925 1
1926 2
1927 0
1928 0
1929 1
1930 1
1931 1
1932 0
1933 1
1934 3
1935 1
1936 2
1937 0
1938 1
1939 1
1940 1
1941 3
1942 1
1943 3
1944 2
1945 0
1946 0
1947 1
1948 1
1949 2
1950 0
1951 1
1952 0
1953 0
1954 2
1955 0
1956 1
1957 0
1958 1
1959 2
1960 1
1961 0
1962 1
1963 1
1964 2
1965 1
1966 2
1967 3
1968 0
1969 2
1970 0
1971 0
1972 1
1973 2
1974 3
1975 1
1976 2
1977 0
1978 0
1979 2
1980 1
1981 1
1982 1
1983 2
1984 1
1985 0
1986 0
1987 1
1988 2
1989 1
1990 1
1991 1
1992 2
1993 1
1994 1
1995 0
1996 3
1997 0
1998 1
1999 0
2000 1
2001 1
2002 0
2003 0
2004 0
2005 1
2006 1
2007 1
2008 0
2009 0
2010 0
2011 1
2012 0
2013 0
2014 0
2015 0
2016 1
2017 1
2018 0
2019 0
2020 0
2021 2
2022 0
2023 1
2024 1
2025 0
2026 0
2027 0
2028 0
2029 0
2030 0
2031 1
2032 0
2033 0
2034 1
2035 1
2036 0
2037 1
2038 2
2039 0
2040 0
2041 0
2042 0
2043 1
2044 0
2045 0
2046 0
2047 0
2048 1
2049 1
2050 1
2051 1
2052 0
2053 0
2054 0
2055 1
2056 0
2057 1
2058 0
2059 0
2060 1
2061 0
2062 2
2063 0
2064 0
2065 0
2066 0
2067 1
2068 1
2069 1
2070 2
2071 0
2072 0
2073 0
2074 0
2075 0
2076 1
2077 1
2078 0
2079 0
2080 0
2081 0
2082 0
2083 1
2084 1
2085 0
2086 0
2087 2
2088 1
2089 0
2090 2
2091 1
2092 0
2093 0
2094 0
2095 0
2096 1
2097 0
2098 1
2099 0
2100 0
2101 1
2102 0
2103 1
2104 0
2105 1
2106 0
2107 0
2108 1
2109 1
2110 0
2111 0
2112 0
2113 2
2114 2
2115 0
2116 0
2117 0
2118 0
2119 0
2120 0
2121 1
2122 0
2123 0
2124 0
2125 0
2126 0
2127 1
2128 0
2129 0
2130 0
2131 0
2132 0
2133 0
2134 1
2135 0
2136 0
2137 0
2138 0
2139 1
2140 0
2141 1
2142 0
2143 0
2144 0
2145 0
2146 0
2147 1
2148 1
2149 0
2150 0
2151 0
2152 0
2153 0
2154 0
2155 0
2156 0
2157 0
2158 0
2159 1
2160 0
2161 1
2162 0
2163 0
2164 0
2165 0
2166 0
2167 0
2168 0
2169 1
2170 0
2171 0
2172 1
2173 1
2174 0
2175 0
2176 1
2177 2
2178 0
2179 0
2180 0
2181 0
2182 0
2183 0
2184 0
2185 1
2186 0
2187 0
2188 0
2189 0
2190 1
2191 0
2192 1
2193 0
2194 1
2195 0
2196 0
2197 0
2198 0
2199 0
2200 0
2201 0
2202 0
2203 0
2204 0
2205 0
2206 0
2207 1
2208 2
2209 0
2210 0
2211 0
2212 0
2213 0
2214 0
2215 0
2216 0
2217 1
2218 0
2219 0
2220 0
2221 0
2222 1
2223 0
2224 1
2225 0
2226 0
2227 0
2228 1
2229 0
2230 0
2231 0
2232 0
2233 0
2234 1
2235 0
2236 0
2237 0
2238 0
2239 1
2240 0
2241 1
2242 0
2243 1
2244 1
2245 1
2246 0
2247 0
2248 0
2249 0
2250 0
2251 0
2252 0
2253 1
2254 0
2255 0
2256 1
2257 0
2258 0
2259 0
2260 1
2261 0
2262 0
2263 0
2264 0
2265 1
2266 1
2267 0
2268 1
2269 0
2270 0
2271 0
2272 0
2273 0
2274 0
2275 0
2276 0
2277 0
2278 0
2279 0
2280 1
2281 1
2282 0
2283 0
2284 0
2285 0
2286 0
2287 0
2288 0
2289 0
2290 0
2291 0
2292 0
2293 0
2294 0
2295 0
2296 0
2297 0
2298 0
2299 0
2300 0
2301 0
2302 0
2303 0
2304 0
2305 0
2306 0
2307 0
2308 0
2309 0
2310 1
2311 0
2312 0
2313 2
2314 0
2315 0
2316 1
2317 0
2318 0
2319 0
2320 0
2321 0
2322 0
2323 1
2324 1
2325 0
2326 0
2327 0
2328 0
2329 0
2330 0
2331 0
2332 0
2333 0
2334 0
2335 0
2336 0
2337 0
2338 0
2339 0
2340 0
2341 0
2342 0
2343 0
2344 0
2345 0
2346 0
2347 0
2348 1
2349 0
2350 0
2351 0
2352 0
2353 0
2354 0
2355 0
2356 0
2357 0
2358 0
2359 0
2360 0
2361 0
2362 0
2363 0
2364 0
2365 0
2366 0
2367 0
2368 0
2369 0
2370 1
2371 0
2372 0
2373 0
2374 0
2375 0
2376 0
2377 0
2378 0
2379 0
2380 1
2381 0
2382 0
2383 0
2384 0
2385 0
2386 0
2387 0
2388 1
2389 0
2390 0
2391 0
2392 0
2393 0
2394 0
2395 0
2396 0
2397 1
2398 0
2399 0
2400 0
2401 0
2402 0
2403 0
2404 0
2405 0
2406 0
2407 0
2408 0
2409 0
2410 0
2411 0
2412 0
2413 0
2414 0
2415 0
2416 1
2417 0
2418 0
2419 0
2420 0
2421 0
2422 0
2423 0
2424 0
2425 0
2426 0
2427 0
2428 0
2429 1
2430 0
2431 0
2432 0
2433 0
2434 0
2435 0
2436 0
2437 0
2438 0
2439 0
2440 0
2441 0
2442 0
2443 0
2444 0
2445 0
2446 0
2447 0
2448 0
2449 0
2450 0
2451 0
2452 0
2453 0
2454 0
2455 1
2456 0
2457 0
2458 0
2459 1
2460 0
2461 0
2462 0
2463 0
2464 0
2465 0
2466 0
2467 0
2468 0
2469 0
2470 0
2471 0
2472 0
2473 0
2474 0
2475 0
2476 0
2477 0
2478 0
2479 0
2480 0
2481 0
2482 0
2483 0
2484 0
2485 0
2486 0
2487 0
2488 0
2489 0
2490 0
2491 0
2492 0
2493 0
2494 0
2495 0
2496 0
2497 0
2498 0
2499 0
2500 0
2501 0
2502 0
2503 0
2504 0
2505 0
2506 0
2507 0
2508 0
2509 0
2510 0
2511 0
2512 0
2513 0
2514 0
2515 0
2516 0
2517 0
2518 0
2519 0
2520 0
2521 0
2522 0
2523 1
2524 0
2525 0
2526 0
2527 0
2528 0
2529 0
2530 0
2531 0
2532 0
2533 0
2534 0
2535 0
2536 0
2537 0
2538 0
2539 0
2540 0
2541 0
2542 0
2543 0
2544 0
2545 0
2546 0
2547 0
2548 0
2549 0
2550 0
2551 0
2552 0
2553 1
2554 0
2555 0
2556 0
2557 0
2558 0
2559 0
2560 0
2561 0
2562 0
2563 0
2564 0
2565 0
2566 0
2567 0
2568 1
2569 0
2570 0
2571 0
2572 0
2573 0
2574 0
2575 1
2576 0
2577 0
2578 0
2579 0
2580 0
2581 0
2582 0
2583 0
2584 0
2585 0
2586 0
2587 0
2588 0
2589 0
2590 0
2591 0
2592 0
2593 0
2594 0
2595 0
2596 0
2597 0
2598 0
2599 0
2600 0
2601 0
2602 0
2603 0
2604 0
2605 0
2606 0
2607 0
2608 0
2609 1
2610 0
2611 0
2612 0
2613 0
2614 0
2615 0
2616 0
2617 0
2618 0
2619 0
2620 0
2621 0
2622 0
2623 0
2624 0
2625 0
2626 0
2627 0
2628 0
2629 0
2630 0
2631 0
2632 0
2633 0
2634 0
2635 0
2636 0
2637 0
2638 0
2639 0
2640 0
2641 0
2642 0
2643 0
2644 0
2645 0
2646 0
2647 0
2648 0
2649 0
2650 0
2651 0
2652 0
2653 0
2654 0
2655 0
2656 0
2657 0
2658 0
2659 0
2660 0
2661 0
2662 0
2663 0
2664 0
2665 0
2666 0
2667 0
2668 0
2669 0
2670 0
2671 0
2672 0
2673 0
2674 0
2675 0
2676 0
2677 0
2678 0
2679 0
2680 0
2681 0
2682 0
2683 0
2684 1
2685 0
2686 0
2687 0
2688 0
2689 0
2690 0
2691 0
2692 0
2693 0
2694 0
2695 0
2696 0
2697 0
2698 1
2699 0
2700 0
2701 0
2702 1
2703 0
2704 0
2705 0
2706 1
2707 0
2708 0
2709 0
2710 0
2711 0
2712 0
2713 0
2714 0
2715 0
2716 0
2717 0
2718 0
2719 1
2720 0
2721 0
2722 0
2723 0
2724 0
2725 0
2726 0
2727 0
2728 0
2729 0
2730 0
2731 0
2732 0
2733 0
2734 0
2735 0
2736 1
2737 0
2738 0
2739 0
2740 0
2741 0
2742 0
2743 0
2744 0
2745 0
2746 0
2747 0
2748 0
2749 0
2750 0
2751 0
2752 0
2753 0
2754 0
2755 0
2756 0
2757 0
2758 0
2759 0
2760 0
2761 0
2762 0
2763 0
2764 0
2765 0
2766 0
2767 0
2768 0
2769 0
2770 0
2771 0
2772 0
2773 0
2774 0
2775 0
2776 0
2777 0
2778 0
2779 0
2780 0
2781 1
2782 0
2783 0
2784 0
2785 0
2786 0
2787 0
2788 1
2789 0
2790 0
2791 0
2792 0
2793 0
2794 0
2795 0
2796 0
2797 0
2798 0
2799 0
2800 0
2801 0
2802 0
2803 0
2804 0
2805 0
2806 0
2807 0
2808 0
2809 0
2810 0
2811 0
2812 0
2813 0
2814 0
2815 0
2816 0
2817 0
2818 0
2819 0
2820 0
2821 0
2822 0
2823 0
2824 0
2825 0
2826 0
2827 0
2828 0
2829 0
2830 0
2831 0
2832 0
2833 0
2834 0
2835 0
2836 0
2837 0
2838 0
2839 0
2840 0
2841 0
2842 0
2843 0
2844 0
2845 0
2846 0
2847 0
2848 0
2849 0
2850 0
2851 0
2852 0
2853 0
2854 0
2855 0
2856 0
2857 0
2858 0
2859 0
2860 0
2861 0
2862 0
2863 0
2864 0
2865 0
2866 0
2867 0
2868 0
2869 0
2870 0
2871 0
2872 0
2873 0
2874 0
2875 0
2876 0
2877 0
2878 0
2879 0
2880 0
2881 0
2882 0
2883 1
2884 0
2885 1
2886 0
2887 0
2888 0
2889 0
2890 0
2891 0
2892 0
2893 0
2894 0
2895 0
2896 0
2897 0
2898 0
2899 0
2900 0
2901 0
2902 0
2903 0
2904 0
2905 0
2906 0
2907 0
2908 0
2909 0
2910 0
2911 0
2912 0
2913 0
2914 0
2915 0
2916 0
2917 0
2918 0
2919 0
2920 0
2921 0
2922 0
2923 0
2924 0
2925 0
2926 0
2927 0
2928 0
2929 0
2930 0
2931 0
2932 0
2933 0
2934 0
2935 0
2936 0
2937 0
2938 0
2939 0
2940 0
2941 0
2942 0
2943 0
2944 0
2945 0
2946 0
2947 0
2948 0
2949 0
2950 0
2951 0
2952 0
2953 0
2954 0
2955 0
2956 0
2957 0
2958 0
2959 0
2960 0
2961 0
2962 0
2963 0
2964 0
2965 0
2966 0
2967 1
2968 0
2969 0
2970 0
2971 0
2972 0
2973 0
2974 0
2975 0
2976 0
2977 0
2978 0
2979 0
2980 0
2981 0
2982 0
2983 0
2984 0
2985 0
2986 0
2987 0
2988 0
2989 0
2990 0
2991 0
2992 0
2993 0
2994 0
2995 0
2996 0
2997 0
2998 0
2999 0
3000 0
3001 0
3002 0
3003 0
3004 0
3005 0
3006 0
3007 0
3008 0
3009 0
3010 0
3011 0
3012 0
3013 0
3014 0
3015 0
3016 0
3017 0
3018 0
3019 0
3020 0
3021 0
3022 0
3023 0
3024 0
3025 0
3026 0
3027 0
3028 0
3029 0
3030 0
3031 0
3032 0
3033 0
3034 0
3035 0
3036 0
3037 0
3038 0
3039 0
3040 0
3041 0
3042 0
3043 0
3044 0
3045 0
3046 0
3047 0
3048 0
3049 0
3050 0
3051 0
3052 0
3053 0
3054 0
3055 0
3056 1
3057 0
3058 0
3059 0
3060 0
3061 0
3062 0
3063 0
3064 0
3065 0
3066 0
3067 0
3068 0
3069 0
3070 0
3071 0
3072 0
3073 0
3074 0
3075 0
3076 0
3077 0
3078 0
3079 0
3080 0
3081 0
3082 0
3083 0
3084 0
3085 0
3086 0
3087 0
3088 0
3089 0
3090 1
3091 0
3092 0
3093 0
3094 0
3095 0
3096 0
3097 0
3098 0
3099 0
3100 0
3101 0
3102 0
3103 0
3104 0
3105 0
3106 0
3107 0
3108 0
3109 0
3110 0
3111 0
3112 0
3113 0
3114 0
3115 0
3116 0
3117 0
3118 0
3119 0
3120 0
3121 0
3122 0
3123 0
3124 0
3125 0
3126 0
3127 0
3128 0
3129 0
3130 0
3131 0
3132 0
3133 0
3134 0
3135 0
3136 0
3137 0
3138 0
3139 0
3140 0
3141 0
3142 0
3143 0
3144 0
3145 0
3146 0
3147 0
3148 0
3149 0
3150 0
3151 0
3152 0
3153 0
3154 0
3155 0
3156 0
3157 0
3158 0
3159 0
3160 0
3161 0
3162 0
3163 0
3164 0
3165 0
3166 0
3167 0
3168 0
3169 0
3170 0
3171 0
3172 0
3173 0
3174 0
3175 0
3176 0
3177 0
3178 0
3179 0
3180 0
3181 0
3182 0
3183 0
3184 0
3185 0
3186 0
3187 0
3188 0
3189 0
3190 0
3191 1
3192 0
3193 0
3194 0
3195 0
3196 0
3197 0
3198 0
3199 0
3200 0
3201 0
3202 0
3203 0
3204 0
3205 0
3206 0
3207 0
3208 0
3209 0
3210 0
3211 0
3212 0
3213 0
3214 0
3215 0
3216 0
3217 0
3218 0
3219 0
3220 0
3221 1
3222 0
3223 0
3224 0
3225 0
3226 0
3227 0
3228 0
3229 0
3230 0
3231 0
3232 0
3233 1
3234 0
3235 0
3236 0
3237 0
3238 0
3239 0
3240 0
3241 0
3242 0
3243 0
3244 0
3245 0
3246 0
3247 0
3248 0
3249 0
3250 0
3251 0
3252 0
3253 0
3254 0
3255 1
3256 0
3257 0
3258 0
3259 0
3260 0
3261 0
3262 0
3263 0
3264 0
3265 0
3266 0
3267 0
3268 0
3269 0
3270 0
3271 0
3272 0
3273 0
3274 0
3275 0
3276 1
3277 0
3278 0
3279 0
3280 0
3281 0
3282 0
3283 0
3284 0
3285 0
3286 0
3287 0
3288 0
3289 0
3290 0
3291 1
3292 0
3293 0
3294 0
3295 0
3296 0
3297 0
3298 0
3299 0
3300 0
3301 0
3302 0
3303 0
3304 0
3305 0
3306 0
3307 0
3308 0
3309 0
3310 0
3311 0
3312 0
3313 1
3314 0
3315 0
3316 0
3317 1
3318 0
3319 0
3320 0
3321 0
3322 0
3323 0
3324 0
3325 0
3326 0
3327 0
3328 0
3329 0
3330 0
3331 0
3332 0
3333 0
3334 0
3335 0
3336 0
3337 0
3338 0
3339 0
3340 0
3341 0
3342 0
3343 0
3344 0
3345 0
3346 0
3347 0
3348 0
3349 0
3350 0
3351 0
3352 0
3353 0
3354 0
3355 1
3356 0
3357 0
3358 0
3359 0
3360 0
3361 0
3362 0
3363 0
3364 0
3365 0
3366 0
3367 0
3368 0
3369 0
3370 0
3371 0
3372 0
3373 0
3374 0
3375 0
3376 0
3377 0
3378 0
3379 0
3380 0
3381 0
3382 0
3383 0
3384 0
3385 0
3386 0
3387 0
3388 0
3389 0
3390 0
3391 0
3392 0
3393 0
3394 0
3395 0
3396 0
3397 0
3398 0
3399 0
3400 0
3401 0
3402 0
3403 0
3404 0
3405 0
3406 0
3407 0
3408 0
3409 0
3410 0
3411 0
3412 0
3413 0
3414 0
3415 0
3416 0
3417 0
3418 0
3419 0
3420 0
3421 0
3422 0
3423 0
3424 0
3425 0
3426 0
3427 0
3428 0
3429 0
3430 0
3431 0
3432 0
3433 0
3434 0
3435 0
3436 0
3437 0
3438 0
3439 0
3440 0
3441 0
3442 0
3443 1
3444 0
3445 0
3446 0
3447 0
3448 1
3449 0
3450 1
3451 0
3452 0
3453 0
3454 0
3455 0
3456 0
3457 0
3458 0
3459 0
3460 0
3461 0
3462 0
3463 0
3464 0
3465 0
3466 0
3467 0
3468 0
3469 0
3470 0
3471 0
3472 0
3473 0
3474 0
3475 0
3476 0
3477 0
3478 1
3479 0
3480 0
3481 0
3482 0
3483 0
3484 1
3485 0
3486 0
3487 0
3488 0
3489 0
3490 0
3491 0
3492 0
3493 0
3494 0
3495 0
3496 0
3497 0
3498 0
3499 0
3500 0
3501 0
3502 0
3503 0
3504 0
3505 0
3506 0
3507 0
3508 0
3509 0
3510 0
3511 0
3512 0
3513 0
3514 0
3515 0
3516 0
3517 0
3518 1
3519 0
3520 0
3521 0
3522 0
3523 0
3524 0
3525 0
3526 0
3527 0
3528 0
3529 0
3530 0
3531 0
3532 0
3533 0
3534 0
3535 0
3536 0
3537 0
3538 0
3539 0
3540 0
3541 0
3542 0
3543 0
3544 0
3545 0
3546 0
3547 0
3548 0
3549 0
3550 0
3551 0
3552 0
3553 0
3554 0
3555 0
3556 0
3557 0
3558 0
3559 0
3560 0
3561 0
3562 0
3563 0
3564 0
3565 0
3566 0
3567 0
3568 0
3569 0
3570 0
3571 0
3572 0
3573 0
3574 0
3575 0
3576 0
3577 0
3578 0
3579 0
3580 0
3581 0
3582 0
3583 0
3584 0
3585 0
3586 0
3587 0
3588 0
3589 0
3590 0
3591 0
3592 0
3593 0
3594 0
3595 0
3596 0
3597 0
3598 0
3599 0
3600 0
3601 0
3602 0
3603 0
3604 0
3605 0
3606 0
3607 0
3608 0
3609 0
3610 0
3611 0
3612 0
3613 0
3614 0
3615 0
3616 0
3617 0
3618 0
3619 0
3620 0
3621 0
3622 0
3623 0
3624 0
3625 0
3626 0
3627 0
3628 0
3629 0
3630 0
3631 0
3632 0
3633 0
3634 1
3635 0
3636 0
3637 0
3638 0
3639 0
3640 0
3641 0
3642 0
3643 0
3644 0
3645 0
3646 0
3647 0
3648 0
3649 0
3650 0
3651 0
3652 0
3653 0
3654 0
3655 0
3656 0
3657 0
3658 0
3659 0
3660 0
3661 0
3662 0
3663 2
3664 0
3665 0
3666 0
3667 0
3668 0
3669 0
3670 0
3671 0
3672 0
3673 0
3674 0
3675 0
3676 0
3677 0
3678 0
3679 0
3680 0
3681 0
3682 0
3683 0
3684 1
3685 0
3686 0
3687 0
3688 0
3689 0
3690 0
3691 0
3692 0
3693 0
3694 0
3695 0
3696 0
3697 0
3698 0
3699 0
3700 0
3701 0
3702 0
3703 0
3704 0
3705 0
3706 0
3707 0
3708 0
3709 0
3710 0
3711 0
3712 0
3713 0
3714 0
3715 0
3716 0
3717 0
3718 0
3719 0
3720 1
3721 1
3722 0
3723 0
3724 0
3725 0
3726 0
3727 0
3728 0
3729 0
3730 0
3731 0
3732 0
3733 0
3734 0
3735 0
3736 0
3737 0
3738 0
3739 0
3740 0
3741 0
3742 0
3743 0
3744 0
3745 0
3746 0
3747 0
3748 0
3749 0
3750 0
3751 0
3752 1
3753 0
3754 0
3755 0
3756 0
3757 0
3758 0
3759 0
3760 0
3761 0
3762 0
3763 1
3764 0
3765 0
3766 0
3767 0
3768 0
3769 0
3770 0
3771 0
3772 0
3773 0
3774 0
3775 0
3776 0
3777 0
3778 0
3779 0
3780 0
3781 0
3782 0
3783 0
3784 0
3785 0
3786 0
3787 0
3788 0
3789 0
3790 0
3791 0
3792 0
3793 0
3794 0
3795 0
3796 0
3797 0
3798 0
3799 0
3800 0
3801 0
3802 0
3803 0
3804 0
3805 0
3806 0
3807 0
3808 0
3809 0
3810 0
3811 0
3812 0
3813 0
3814 0
3815 0
3816 0
3817 1
3818 0
3819 0
3820 0
3821 0
3822 0
3823 0
3824 0
3825 0
3826 0
3827 1
3828 0
3829 0
3830 0
3831 0
3832 0
3833 0
3834 0
3835 0
3836 0
3837 0
3838 0
3839 0
3840 0
3841 0
3842 0
3843 0
3844 0
3845 0
3846 0
3847 0
3848 0
3849 0
3850 0
3851 0
3852 0
3853 0
3854 0
3855 0
3856 0
3857 0
3858 0
3859 0
3860 0
3861 0
3862 0
3863 0
3864 0
3865 0
3866 0
3867 0
3868 0
3869 0
3870 0
3871 0
3872 0
3873 0
3874 0
3875 0
3876 0
3877 0
3878 0
3879 0
3880 0
3881 0
3882 0
3883 0
3884 0
3885 0
3886 0
3887 0
3888 0
3889 1
3890 0
3891 0
3892 0
3893 0
3894 0
3895 0
3896 0
3897 0
3898 0
3899 0
3900 0
3901 0
3902 0
3903 0
3904 1
3905 0
3906 0
3907 0
3908 0
3909 0
3910 0
3911 0
3912 0
3913 0
3914 0
3915 0
3916 0
3917 0
3918 0
3919 0
3920 0
3921 0
3922 0
3923 0
3924 0
3925 0
3926 0
3927 0
3928 0
3929 0
3930 0
3931 0
3932 0
3933 0
3934 0
3935 0
3936 0
3937 0
3938 0
3939 0
3940 0
3941 0
3942 0
3943 0
3944 0
3945 0
3946 0
3947 0
3948 0
3949 0
3950 0
3951 0
3952 0
3953 0
3954 0
3955 0
3956 0
3957 0
3958 0
3959 0
3960 0
3961 0
3962 0
3963 0
3964 0
3965 0
3966 0
3967 0
3968 0
3969 0
3970 0
3971 0
3972 0
3973 0
3974 0
3975 0
3976 0
3977 0
3978 0
3979 0
3980 0
3981 0
3982 0
3983 0
3984 0
3985 0
3986 0
3987 0
3988 0
3989 0
3990 0
3991 0
3992 0
3993 0
3994 0
3995 0
3996 0
3997 0
3998 0
3999 0
4000 0
