0 0
1 0
2 0
3 0
4 0
5 0
6 0
7 0
8 0
9 0
10 0
11 0
12 0
13 0
14 0
15 0
16 0
17 0
18 0
19 0
20 0
21 0
22 0
23 0
24 0
25 0
26 0
27 0
28 0
29 0
30 0
31 0
32 0
33 0
34 0
35 0
36 0
37 0
38 0
39 0
40 0
41 0
42 0
43 0
44 0
45 0
46 0
47 0
48 0
49 0
50 0
51 0
52 0
53 0
54 0
55 0
56 0
57 0
58 0
59 0
60 0
61 0
62 0
63 0
64 0
65 0
66 0
67 0
68 0
69 0
70 0
71 0
72 0
73 0
74 0
75 0
76 0
77 0
78 0
79 0
80 0
81 0
82 0
83 0
84 0
85 0
86 0
87 0
88 0
89 0
90 0
91 0
92 0
93 0
94 0
95 0
96 0
97 0
98 0
99 0
100 0
101 0
102 0
103 0
104 0
105 0
106 0
107 0
108 0
109 0
110 0
111 0
112 0
113 0
114 0
115 0
116 0
117 0
118 0
119 0
120 0
121 0
122 0
123 0
124 0
125 0
126 0
127 0
128 0
129 0
130 0
131 0
132 0
133 0
134 0
135 0
136 0
137 0
138 0
139 0
140 0
141 0
142 0
143 0
144 0
145 0
146 1
147 0
148 0
149 0
150 0
151 0
152 1
153 2
154 1
155 1
156 3
157 6
158 2
159 2
160 0
161 0
162 2
163 0
164 2
165 2
166 2
167 4
168 1
169 8
170 4
171 7
172 9
173 3
174 15
175 12
176 20
177 21
178 27
179 24
180 37
181 49
182 70
183 78
184 91
185 104
186 160
187 243
188 390
189 549
190 843
191 927
192 1115
193 1078
194 1178
195 1091
196 1021
197 920
198 875
199 870
200 741
201 785
202 707
203 634
204 585
205 595
206 576
207 538
208 532
209 531
210 545
211 596
212 505
213 515
214 506
215 561
216 537
217 556
218 567
219 592
220 530
221 568
222 560
223 598
224 573
225 561
226 581
227 596
228 624
229 635
230 623
231 619
232 648
233 643
234 657
235 700
236 684
237 646
238 717
239 758
240 679
241 724
242 748
243 726
244 707
245 688
246 758
247 730
248 801
249 803
250 778
251 809
252 805
253 728
254 782
255 799
256 828
257 849
258 790
259 870
260 877
261 867
262 832
263 844
264 851
265 854
266 878
267 899
268 935
269 877
270 925
271 863
272 882
273 897
274 925
275 874
276 1004
277 915
278 980
279 919
280 928
281 944
282 895
283 962
284 1002
285 981
286 944
287 964
288 955
289 1038
290 920
291 955
292 958
293 991
294 1009
295 1015
296 992
297 1010
298 973
299 1011
300 988
301 973
302 892
303 1031
304 977
305 1021
306 1006
307 992
308 1090
309 988
310 1046
311 1025
312 1004
313 1016
314 1002
315 1006
316 1028
317 1004
318 1045
319 936
320 1016
321 1092
322 1043
323 999
324 1056
325 992
326 972
327 984
328 956
329 1014
330 1022
331 975
332 994
333 968
334 1042
335 1003
336 1015
337 998
338 1010
339 971
340 1021
341 982
342 987
343 946
344 973
345 928
346 992
347 1014
348 965
349 939
350 954
351 946
352 947
353 917
354 932
355 930
356 948
357 947
358 861
359 977
360 962
361 913
362 865
363 862
364 892
365 915
366 903
367 872
368 842
369 848
370 908
371 870
372 875
373 825
374 777
375 834
376 907
377 902
378 834
379 834
380 774
381 813
382 852
383 788
384 797
385 745
386 735
387 772
388 749
389 721
390 749
391 758
392 707
393 726
394 764
395 724
396 768
397 728
398 731
399 768
400 706
401 732
402 730
403 672
404 663
405 637
406 697
407 628
408 667
409 636
410 667
411 668
412 615
413 629
414 665
415 661
416 631
417 638
418 610
419 570
420 592
421 612
422 577
423 600
424 573
425 556
426 583
427 505
428 556
429 537
430 562
431 590
432 549
433 518
434 509
435 490
436 487
437 510
438 513
439 506
440 484
441 478
442 509
443 477
444 481
445 475
446 465
447 488
448 427
449 426
450 478
451 439
452 437
453 429
454 468
455 424
456 464
457 430
458 421
459 411
460 409
461 393
462 341
463 388
464 407
465 388
466 374
467 350
468 374
469 370
470 396
471 389
472 342
473 356
474 369
475 365
476 358
477 366
478 326
479 360
480 329
481 387
482 347
483 375
484 353
485 326
486 324
487 321
488 312
489 335
490 267
491 336
492 307
493 284
494 306
495 288
496 293
497 295
498 282
499 294
500 307
501 285
502 246
503 293
504 276
505 258
506 237
507 267
508 264
509 269
510 253
511 247
512 230
513 234
514 245
515 239
516 232
517 239
518 235
519 225
520 221
521 230
522 208
523 253
524 220
525 200
526 215
527 225
528 234
529 205
530 220
531 260
532 177
533 192
534 213
535 191
536 192
537 171
538 199
539 187
540 192
541 197
542 188
543 196
544 217
545 212
546 187
547 184
548 194
549 192
550 190
551 193
552 183
553 168
554 192
555 181
556 154
557 176
558 176
559 171
560 165
561 172
562 162
563 173
564 149
565 174
566 172
567 162
568 151
569 164
570 177
571 184
572 172
573 142
574 169
575 162
576 169
577 158
578 160
579 172
580 148
581 144
582 144
583 144
584 159
585 142
586 157
587 142
588 153
589 155
590 173
591 159
592 120
593 165
594 143
595 144
596 158
597 126
598 141
599 166
600 167
601 180
602 155
603 132
604 133
605 135
606 141
607 134
608 143
609 149
610 134
611 138
612 134
613 131
614 137
615 128
616 138
617 142
618 148
619 116
620 122
621 137
622 139
623 107
624 117
625 145
626 131
627 123
628 137
629 131
630 132
631 125
632 142
633 113
634 138
635 117
636 138
637 133
638 123
639 113
640 114
641 142
642 117
643 131
644 105
645 125
646 119
647 122
648 119
649 108
650 96
651 110
652 113
653 152
654 124
655 125
656 119
657 111
658 122
659 115
660 112
661 90
662 111
663 116
664 121
665 110
666 122
667 137
668 119
669 107
670 128
671 110
672 126
673 114
674 131
675 108
676 107
677 116
678 121
679 106
680 99
681 91
682 99
683 92
684 116
685 104
686 106
687 105
688 115
689 114
690 101
691 99
692 70
693 116
694 92
695 115
696 96
697 101
698 111
699 114
700 100
701 96
702 125
703 92
704 94
705 109
706 111
707 98
708 101
709 96
710 108
711 85
712 83
713 91
714 79
715 83
716 102
717 91
718 103
719 87
720 83
721 100
722 102
723 94
724 82
725 78
726 94
727 94
728 88
729 95
730 83
731 98
732 79
733 96
734 99
735 90
736 85
737 96
738 88
739 69
740 78
741 100
742 95
743 84
744 78
745 74
746 92
747 106
748 82
749 87
750 81
751 93
752 78
753 90
754 74
755 75
756 80
757 87
758 74
759 77
760 71
761 74
762 79
763 74
764 100
765 80
766 69
767 93
768 81
769 88
770 80
771 82
772 64
773 76
774 79
775 72
776 70
777 66
778 62
779 71
780 60
781 81
782 71
783 71
784 64
785 61
786 63
787 69
788 56
789 63
790 72
791 65
792 69
793 72
794 75
795 60
796 66
797 59
798 70
799 65
800 73
801 67
802 77
803 74
804 72
805 63
806 76
807 42
808 62
809 71
810 65
811 67
812 72
813 60
814 56
815 66
816 59
817 58
818 58
819 73
820 64
821 56
822 64
823 57
824 77
825 51
826 62
827 55
828 62
829 55
830 55
831 61
832 54
833 58
834 57
835 56
836 65
837 46
838 52
839 51
840 54
841 52
842 73
843 61
844 53
845 54
846 61
847 53
848 53
849 58
850 38
851 49
852 47
853 50
854 65
855 40
856 46
857 39
858 53
859 51
860 40
861 35
862 41
863 42
864 46
865 40
866 43
867 45
868 48
869 47
870 40
871 36
872 45
873 41
874 41
875 40
876 45
877 40
878 33
879 46
880 33
881 48
882 42
883 43
884 36
885 38
886 39
887 38
888 36
889 33
890 39
891 27
892 40
893 38
894 32
895 32
896 42
897 37
898 35
899 34
900 35
901 32
902 41
903 40
904 37
905 32
906 37
907 38
908 41
909 33
910 30
911 39
912 33
913 40
914 35
915 34
916 29
917 36
918 34
919 34
920 27
921 40
922 33
923 27
924 26
925 35
926 33
927 29
928 28
929 36
930 24
931 31
932 32
933 27
934 35
935 32
936 30
937 23
938 24
939 40
940 32
941 33
942 29
943 38
944 27
945 17
946 23
947 25
948 33
949 19
950 24
951 29
952 28
953 26
954 22
955 29
956 25
957 27
958 18
959 27
960 33
961 39
962 26
963 21
964 25
965 24
966 22
967 28
968 25
969 21
970 26
971 18
972 27
973 18
974 26
975 26
976 25
977 24
978 28
979 20
980 19
981 22
982 26
983 24
984 18
985 24
986 24
987 22
988 21
989 22
990 22
991 21
992 23
993 24
994 21
995 22
996 17
997 20
998 11
999 24
1000 22
1001 20
1002 22
1003 17
1004 27
1005 18
1006 23
1007 19
1008 20
1009 26
1010 28
1011 23
1012 10
1013 20
1014 20
1015 19
1016 25
1017 32
1018 20
1019 14
1020 17
1021 16
1022 19
1023 21
1024 24
1025 21
1026 18
1027 17
1028 21
1029 14
1030 18
1031 24
1032 15
1033 18
1034 15
1035 25
1036 22
1037 21
1038 11
1039 12
1040 20
1041 11
1042 15
1043 16
1044 17
1045 11
1046 17
1047 14
1048 17
1049 17
1050 24
1051 9
1052 12
1053 14
1054 24
1055 10
1056 13
1057 16
1058 16
1059 13
1060 11
1061 15
1062 9
1063 11
1064 14
1065 15
1066 18
1067 15
1068 9
1069 14
1070 14
1071 14
1072 10
1073 15
1074 14
1075 15
1076 13
1077 14
1078 13
1079 14
1080 11
1081 10
1082 16
1083 6
1084 11
1085 11
1086 9
1087 11
1088 13
1089 8
1090 9
1091 19
1092 14
1093 11
1094 9
1095 11
1096 11
1097 11
1098 9
1099 14
1100 13
1101 10
1102 14
1103 15
1104 5
1105 18
1106 10
1107 13
1108 8
1109 10
1110 17
1111 9
1112 13
1113 9
1114 8
1115 14
1116 18
1117 8
1118 15
1119 11
1120 8
1121 9
1122 11
1123 6
1124 17
1125 7
1126 11
1127 5
1128 13
1129 8
1130 10
1131 10
1132 4
1133 14
1134 8
1135 8
1136 5
1137 13
1138 8
1139 7
1140 8
1141 11
1142 12
1143 10
1144 7
1145 8
1146 2
1147 3
1148 6
1149 5
1150 6
1151 4
1152 10
1153 9
1154 10
1155 8
1156 10
1157 9
1158 8
1159 7
1160 8
1161 4
1162 4
1163 6
1164 4
1165 5
1166 6
1167 6
1168 5
1169 10
1170 4
1171 7
1172 4
1173 8
1174 6
1175 3
1176 6
1177 8
1178 6
1179 8
1180 7
1181 11
1182 10
1183 2
1184 6
1185 8
1186 4
1187 8
1188 6
1189 4
1190 6
1191 4
1192 11
1193 8
1194 7
1195 5
1196 5
1197 14
1198 4
1199 6
1200 3
1201 8
1202 10
1203 7
1204 7
1205 6
1206 5
1207 8
1208 3
1209 4
1210 5
1211 7
1212 5
1213 2
1214 7
1215 2
1216 7
1217 3
1218 3
1219 2
1220 8
1221 1
1222 4
1223 7
1224 7
1225 6
1226 5
1227 7
1228 9
1229 5
1230 5
1231 7
1232 5
1233 2
1234 4
1235 5
1236 5
1237 4
1238 4
1239 9
1240 7
1241 6
1242 3
1243 3
1244 5
1245 6
1246 4
1247 6
1248 8
1249 6
1250 9
1251 4
1252 7
1253 10
1254 3
1255 4
1256 3
1257 4
1258 5
1259 5
1260 2
1261 6
1262 0
1263 1
1264 4
1265 2
1266 4
1267 7
1268 5
1269 5
1270 5
1271 3
1272 3
1273 5
1274 1
1275 4
1276 4
1277 3
1278 4
1279 3
1280 2
1281 9
1282 6
1283 2
1284 5
1285 4
1286 3
1287 4
1288 5
1289 6
1290 7
1291 9
1292 8
1293 6
1294 3
1295 4
1296 3
1297 7
1298 3
1299 5
1300 3
1301 3
1302 2
1303 0
1304 4
1305 5
1306 2
1307 3
1308 2
1309 7
1310 6
1311 4
1312 4
1313 3
1314 0
1315 5
1316 2
1317 6
1318 5
1319 4
1320 4
1321 4
1322 1
1323 2
1324 3
1325 2
1326 2
1327 2
1328 2
1329 4
1330 8
1331 2
1332 3
1333 5
1334 2
1335 2
1336 0
1337 2
1338 1
1339 1
1340 5
1341 5
1342 3
1343 3
1344 3
1345 3
1346 2
1347 2
1348 3
1349 2
1350 3
1351 3
1352 4
1353 3
1354 4
1355 4
1356 3
1357 4
1358 3
1359 6
1360 0
1361 2
1362 4
1363 1
1364 3
1365 0
1366 4
1367 4
1368 4
1369 1
1370 1
1371 4
1372 4
1373 1
1374 4
1375 4
1376 4
1377 5
1378 4
1379 2
1380 5
1381 6
1382 4
1383 2
1384 3
1385 2
1386 5
1387 3
1388 3
1389 3
1390 1
1391 1
1392 4
1393 3
1394 2
1395 5
1396 0
1397 2
1398 0
1399 2
1400 1
1401 6
1402 4
1403 3
1404 3
1405 1
1406 4
1407 3
1408 0
1409 2
1410 4
1411 1
1412 2
1413 5
1414 2
1415 1
1416 1
1417 3
1418 2
1419 1
1420 1
1421 4
1422 2
1423 0
1424 4
1425 4
1426 2
1427 2
1428 3
1429 2
1430 3
1431 1
1432 1
1433 0
1434 4
1435 1
1436 2
1437 4
1438 2
1439 3
1440 0
1441 1
1442 2
1443 1
1444 1
1445 1
1446 3
1447 1
1448 0
1449 2
1450 2
1451 1
1452 2
1453 0
1454 2
1455 3
1456 1
1457 3
1458 2
1459 2
1460 2
1461 2
1462 3
1463 1
1464 2
1465 6
1466 2
1467 1
1468 3
1469 2
1470 1
1471 3
1472 1
1473 2
1474 2
1475 2
1476 0
1477 2
1478 1
1479 0
1480 3
1481 0
1482 0
1483 0
1484 2
1485 2
1486 5
1487 1
1488 1
1489 1
1490 1
1491 1
1492 2
1493 2
1494 4
1495 1
1496 1
1497 2
1498 3
1499 0
1500 1
1501 0
1502 2
1503 1
1504 1
1505 2
1506 2
1507 1
1508 3
1509 2
1510 1
1511 2
1512 3
1513 3
1514 1
1515 0
1516 1
1517 0
1518 1
1519 2
1520 1
1521 1
1522 0
1523 1
1524 1
1525 1
1526 0
1527 1
1528 2
1529 0
1530 0
1531 0
1532 0
1533 2
1534 2
1535 1
1536 1
1537 1
1538 1
1539 1
1540 2
1541 0
1542 1
1543 0
1544 2
1545 1
1546 1
1547 0
1548 0
1549 2
1550 1
1551 0
1552 3
1553 1
1554 0
1555 2
1556 0
1557 0
1558 1
1559 1
1560 2
1561 0
1562 2
1563 2
1564 2
1565 1
1566 2
1567 1
1568 1
1569 1
1570 0
1571 1
1572 0
1573 0
1574 3
1575 1
1576 1
1577 1
1578 1
1579 0
1580 1
1581 1
1582 0
1583 3
1584 1
1585 0
1586 0
1587 1
1588 0
1589 3
1590 1
1591 0
1592 1
1593 1
1594 0
1595 3
1596 2
1597 0
1598 1
1599 0
1600 2
1601 1
1602 2
1603 1
1604 1
1605 2
1606 1
1607 0
1608 0
1609 0
1610 2
1611 1
1612 1
1613 2
1614 2
1615 2
1616 1
1617 0
1618 0
1619 0
1620 1
1621 1
1622 0
1623 0
1624 1
1625 1
1626 0
1627 4
1628 1
1629 1
1630 0
1631 0
1632 1
1633 0
1634 0
1635 1
1636 0
1637 1
1638 1
1639 1
1640 2
1641 1
1642 0
1643 1
1644 1
1645 0
1646 0
1647 1
1648 0
1649 0
1650 0
1651 0
1652 1
1653 1
1654 1
1655 1
1656 1
1657 1
1658 0
1659 1
1660 0
1661 0
1662 1
1663 0
1664 0
1665 0
1666 0
1667 0
1668 0
1669 1
1670 1
1671 0
1672 2
1673 0
1674 1
1675 1
1676 1
1677 1
1678 1
1679 0
1680 0
1681 0
1682 0
1683 3
1684 0
1685 1
1686 0
1687 0
1688 0
1689 2
1690 0
1691 0
1692 0
1693 1
1694 3
1695 0
1696 0
1697 0
1698 1
1699 0
1700 0
1701 1
1702 1
1703 0
1704 0
1705 0
1706 2
1707 1
1708 1
1709 0
1710 0
1711 0
1712 0
1713 1
1714 0
1715 0
1716 2
1717 0
1718 0
1719 0
1720 0
1721 0
1722 1
1723 0
1724 1
1725 1
1726 1
1727 0
1728 2
1729 1
1730 1
1731 1
1732 0
1733 1
1734 0
1735 0
1736 0
1737 0
1738 0
1739 1
1740 0
1741 0
1742 1
1743 0
1744 0
1745 1
1746 2
1747 0
1748 0
1749 0
1750 0
1751 0
1752 0
1753 1
1754 0
1755 1
1756 0
1757 1
1758 0
1759 1
1760 0
1761 0
1762 0
1763 0
1764 0
1765 0
1766 0
1767 0
1768 0
1769 0
1770 0
1771 0
1772 0
1773 0
1774 0
1775 0
1776 0
1777 1
1778 1
1779 0
1780 0
1781 0
1782 0
1783 0
1784 1
1785 0
1786 2
1787 0
1788 1
1789 0
1790 0
1791 0
1792 0
1793 1
1794 0
1795 0
1796 0
1797 0
1798 0
1799 2
1800 0
1801 0
1802 1
1803 1
1804 1
1805 0
1806 0
1807 0
1808 1
1809 0
1810 0
1811 0
1812 0
1813 0
1814 0
1815 0
1816 0
1817 1
1818 0
1819 0
1820 0
1821 0
1822 0
1823 0
1824 0
1825 0
1826 0
1827 0
1828 0
1829 1
1830 0
1831 0
1832 0
1833 0
1834 0
1835 0
1836 0
1837 0
1838 1
1839 0
1840 0
1841 0
1842 0
1843 0
1844 0
1845 1
1846 1
1847 0
1848 0
1849 0
1850 0
1851 2
1852 0
1853 0
1854 0
1855 0
1856 0
1857 0
1858 0
1859 2
1860 0
1861 0
1862 0
1863 1
1864 1
1865 0
1866 0
1867 0
1868 0
1869 0
1870 1
1871 0
1872 0
1873 1
1874 0
1875 0
1876 0
1877 0
1878 0
1879 0
1880 0
1881 0
1882 0
1883 0
1884 0
1885 0
1886 0
1887 1
1888 1
1889 0
1890 0
1891 1
1892 0
1893 0
1894 1
1895 0
1896 0
1897 0
1898 0
1899 0
1900 0
1901 0
1902 0
1903 0
1904 1
1905 0
1906 1
1907 0
1908 0
1909 0
1910 0
1911 0
1912 1
1913 1
1914 0
1915 0
1916 0
1917 0
1918 1
1919 0
1920 0
1921 0
1922 0
1923 0
1924 0
1925 0
1926 0
1927 0
1928 0
1929 0
1930 0
1931 0
1932 1
1933 0
1934 0
1935 0
1936 1
1937 1
1938 0
1939 0
1940 0
1941 1
1942 0
1943 0
1944 0
1945 0
1946 0
1947 0
1948 0
1949 0
1950 0
1951 0
1952 0
1953 0
1954 0
1955 0
1956 0
1957 0
1958 0
1959 0
1960 0
1961 1
1962 0
1963 0
1964 0
1965 0
1966 1
1967 1
1968 0
1969 0
1970 0
1971 0
1972 0
1973 0
1974 0
1975 0
1976 0
1977 1
1978 0
1979 0
1980 1
1981 0
1982 0
1983 0
1984 0
1985 0
1986 0
1987 0
1988 0
1989 0
1990 0
1991 0
1992 0
1993 0
1994 0
1995 0
1996 0
1997 0
1998 0
1999 1
2000 0
2001 0
2002 0
2003 0
2004 0
2005 0
2006 0
2007 0
2008 0
2009 0
2010 0
2011 0
2012 0
2013 0
2014 0
2015 0
2016 0
2017 0
2018 0
2019 0
2020 0
2021 0
2022 0
2023 0
2024 0
2025 0
2026 0
2027 0
2028 0
2029 0
2030 0
2031 1
2032 0
2033 0
2034 0
2035 0
2036 0
2037 0
2038 0
2039 0
2040 0
2041 0
2042 0
2043 0
2044 0
2045 0
2046 0
2047 0
2048 0
2049 1
2050 0
2051 0
2052 0
2053 0
2054 0
2055 0
2056 0
2057 0
2058 0
2059 0
2060 0
2061 0
2062 0
2063 0
2064 0
2065 0
2066 0
2067 0
2068 0
2069 0
2070 0
2071 0
2072 0
2073 0
2074 0
2075 0
2076 0
2077 0
2078 0
2079 0
2080 0
2081 0
2082 0
2083 0
2084 0
2085 0
2086 0
2087 0
2088 0
2089 0
2090 0
2091 0
2092 0
2093 0
2094 0
2095 0
2096 0
2097 0
2098 0
2099 0
2100 0
2101 0
2102 0
2103 0
2104 0
2105 0
2106 0
2107 0
2108 0
2109 0
2110 1
2111 0
2112 0
2113 0
2114 0
2115 0
2116 0
2117 0
2118 1
2119 1
2120 0
2121 0
2122 0
2123 0
2124 0
2125 0
2126 0
2127 0
2128 0
2129 0
2130 0
2131 0
2132 0
2133 1
2134 0
2135 1
2136 0
2137 0
2138 0
2139 0
2140 0
2141 0
2142 0
2143 0
2144 0
2145 1
2146 0
2147 0
2148 0
2149 0
2150 0
2151 0
2152 0
2153 0
2154 0
2155 0
2156 0
2157 0
2158 0
2159 0
2160 0
2161 0
2162 0
2163 0
2164 0
2165 0
2166 0
2167 0
2168 0
2169 0
2170 0
2171 0
2172 0
2173 0
2174 0
2175 0
2176 0
2177 0
2178 0
2179 0
2180 0
2181 1
2182 0
2183 0
2184 0
2185 0
2186 0
2187 0
2188 0
2189 0
2190 0
2191 0
2192 0
2193 0
2194 0
2195 0
2196 0
2197 0
2198 0
2199 0
2200 0
2201 0
2202 0
2203 0
2204 0
2205 0
2206 0
2207 0
2208 0
2209 0
2210 0
2211 0
2212 0
2213 0
2214 0
2215 0
2216 0
2217 0
2218 0
2219 0
2220 0
2221 0
2222 0
2223 0
2224 0
2225 0
2226 0
2227 0
2228 0
2229 0
2230 0
2231 0
2232 0
2233 0
2234 0
2235 0
2236 0
2237 0
2238 0
2239 0
2240 0
2241 0
2242 0
2243 0
2244 0
2245 0
2246 0
2247 0
2248 0
2249 0
2250 0
2251 0
2252 0
2253 0
2254 0
2255 0
2256 0
2257 0
2258 0
2259 0
2260 0
2261 0
2262 0
2263 0
2264 0
2265 0
2266 0
2267 0
2268 0
2269 0
2270 0
2271 0
2272 0
2273 0
2274 0
2275 0
2276 0
2277 0
2278 0
2279 0
2280 0
2281 0
2282 0
2283 0
2284 0
2285 0
2286 0
2287 0
2288 0
2289 0
2290 0
2291 0
2292 0
2293 0
2294 0
2295 0
2296 0
2297 0
2298 0
2299 0
2300 0
2301 0
2302 0
2303 0
2304 1
2305 0
2306 0
2307 0
2308 0
2309 0
2310 0
2311 0
2312 0
2313 0
2314 0
2315 0
2316 0
2317 0
2318 0
2319 0
2320 0
2321 0
2322 0
2323 0
2324 0
2325 0
2326 0
2327 0
2328 0
2329 0
2330 0
2331 0
2332 0
2333 0
2334 0
2335 0
2336 0
2337 0
2338 0
2339 0
2340 0
2341 0
2342 0
2343 0
2344 0
2345 0
2346 0
2347 0
2348 0
2349 0
2350 0
2351 0
2352 1
2353 0
2354 0
2355 0
2356 0
2357 0
2358 0
2359 0
2360 0
2361 1
2362 0
2363 0
2364 0
2365 0
2366 0
2367 0
2368 0
2369 0
2370 0
2371 0
2372 1
2373 0
2374 0
2375 0
2376 0
2377 0
2378 0
2379 0
2380 0
2381 0
2382 0
2383 0
2384 0
2385 0
2386 0
2387 0
2388 0
2389 0
2390 0
2391 0
2392 0
2393 0
2394 0
2395 0
2396 0
2397 0
2398 0
2399 0
2400 0
2401 0
2402 0
2403 0
2404 0
2405 0
2406 0
2407 0
2408 0
2409 0
2410 0
2411 0
2412 0
2413 0
2414 0
2415 0
2416 0
2417 0
2418 0
2419 0
2420 0
2421 0
2422 0
2423 0
2424 0
2425 0
2426 0
2427 0
2428 0
2429 0
2430 0
2431 0
2432 0
2433 0
2434 0
2435 0
2436 0
2437 0
2438 0
2439 0
2440 0
2441 0
2442 0
2443 0
2444 0
2445 0
2446 0
2447 0
2448 0
2449 0
2450 0
2451 0
2452 0
2453 0
2454 0
2455 0
2456 0
2457 0
2458 0
2459 0
2460 0
2461 0
2462 0
2463 0
2464 0
2465 0
2466 0
2467 0
2468 0
2469 0
2470 0
2471 0
2472 0
2473 0
2474 0
2475 0
2476 0
2477 0
2478 0
2479 0
2480 0
2481 0
2482 0
2483 0
2484 0
2485 0
2486 0
2487 0
2488 0
2489 0
2490 0
2491 0
2492 0
2493 0
2494 0
2495 0
2496 0
2497 0
2498 0
2499 0
2500 0
2501 0
2502 0
2503 0
2504 0
2505 0
2506 0
2507 0
2508 1
2509 0
2510 0
2511 0
2512 0
2513 0
2514 0
2515 0
2516 0
2517 0
2518 0
2519 0
2520 0
2521 0
2522 0
2523 0
2524 0
2525 0
2526 0
2527 0
2528 0
2529 0
2530 0
2531 0
2532 0
2533 0
2534 0
2535 0
2536 0
2537 0
2538 1
2539 0
2540 0
2541 0
2542 0
2543 0
2544 0
2545 0
2546 0
2547 0
2548 0
2549 0
2550 0
2551 0
2552 0
2553 0
2554 0
2555 0
2556 0
2557 0
2558 0
2559 0
2560 0
2561 0
2562 0
2563 0
2564 0
2565 0
2566 0
2567 0
2568 0
2569 0
2570 0
2571 0
2572 0
2573 0
2574 0
2575 0
2576 0
2577 0
2578 0
2579 0
2580 0
2581 0
2582 0
2583 0
2584 0
2585 0
2586 0
2587 0
2588 0
2589 0
2590 0
2591 0
2592 0
2593 0
2594 0
2595 0
2596 0
2597 0
2598 0
2599 0
2600 0
2601 0
2602 0
2603 0
2604 0
2605 0
2606 0
2607 0
2608 0
2609 0
2610 0
2611 0
2612 0
2613 0
2614 0
2615 0
2616 0
2617 0
2618 0
2619 0
2620 0
2621 0
2622 0
2623 0
2624 0
2625 0
2626 0
2627 0
2628 0
2629 0
2630 0
2631 0
2632 0
2633 0
2634 0
2635 0
2636 0
2637 0
2638 0
2639 0
2640 0
2641 0
2642 0
2643 0
2644 0
2645 0
2646 0
2647 0
2648 0
2649 0
2650 0
2651 0
2652 0
2653 0
2654 0
2655 0
2656 0
2657 0
2658 0
2659 0
2660 0
2661 0
2662 0
2663 0
2664 0
2665 0
2666 0
2667 0
2668 0
2669 0
2670 0
2671 0
2672 0
2673 0
2674 0
2675 0
2676 0
2677 0
2678 0
2679 0
2680 0
2681 0
2682 0
2683 0
2684 0
2685 0
2686 0
2687 0
2688 0
2689 0
2690 0
2691 0
2692 0
2693 0
2694 0
2695 0
2696 1
2697 0
2698 0
2699 0
2700 0
2701 0
2702 0
2703 0
2704 0
2705 0
2706 0
2707 0
2708 0
2709 0
2710 0
2711 0
2712 0
2713 0
2714 0
2715 0
2716 0
2717 0
2718 0
2719 0
2720 0
2721 0
2722 0
2723 1
2724 0
2725 0
2726 0
2727 0
2728 0
2729 0
2730 0
2731 0
2732 0
2733 0
2734 0
2735 0
2736 0
2737 0
2738 0
2739 0
2740 0
2741 0
2742 0
2743 0
2744 0
2745 0
2746 0
2747 0
2748 0
2749 0
2750 0
2751 1
2752 0
2753 0
2754 0
2755 0
2756 0
2757 0
2758 0
2759 0
2760 0
2761 0
2762 0
2763 0
2764 0
2765 0
2766 0
2767 0
2768 0
2769 0
2770 0
2771 0
2772 0
2773 0
2774 0
2775 0
2776 0
2777 0
2778 0
2779 0
2780 0
2781 0
2782 0
2783 0
2784 0
2785 0
2786 0
2787 0
2788 0
2789 0
2790 0
2791 0
2792 0
2793 0
2794 0
2795 0
2796 0
2797 0
2798 0
2799 0
2800 0
2801 0
2802 0
2803 0
2804 0
2805 0
2806 0
2807 0
2808 0
2809 0
2810 0
2811 0
2812 0
2813 0
2814 0
2815 0
2816 0
2817 0
2818 0
2819 0
2820 0
2821 0
2822 0
2823 0
2824 0
2825 0
2826 0
2827 0
2828 0
2829 0
2830 0
2831 0
2832 0
2833 0
2834 0
2835 0
2836 0
2837 0
2838 0
2839 0
2840 0
2841 0
2842 0
2843 0
2844 0
2845 0
2846 0
2847 0
2848 0
2849 0
2850 0
2851 0
2852 0
2853 0
2854 0
2855 0
2856 0
2857 0
2858 0
2859 0
2860 0
2861 0
2862 0
2863 0
2864 0
2865 0
2866 0
2867 0
2868 0
2869 0
2870 0
2871 0
2872 0
2873 0
2874 0
2875 0
2876 0
2877 0
2878 0
2879 0
2880 0
2881 0
2882 0
2883 0
2884 0
2885 0
2886 0
2887 0
2888 0
2889 0
2890 0
2891 0
2892 0
2893 0
2894 0
2895 0
2896 0
2897 0
2898 0
2899 0
2900 0
2901 0
2902 0
2903 0
2904 0
2905 0
2906 0
2907 0
2908 0
2909 0
2910 0
2911 0
2912 0
2913 0
2914 0
2915 0
2916 0
2917 0
2918 0
2919 0
2920 0
2921 0
2922 0
2923 0
2924 0
2925 0
2926 0
2927 0
2928 0
2929 0
2930 0
2931 0
2932 0
2933 0
2934 0
2935 0
2936 0
2937 0
2938 0
2939 0
2940 0
2941 0
2942 0
2943 0
2944 0
2945 0
2946 0
2947 0
2948 0
2949 0
2950 0
2951 0
2952 0
2953 0
2954 0
2955 0
2956 0
2957 0
2958 0
2959 0
2960 0
2961 0
2962 0
2963 0
2964 0
2965 0
2966 0
2967 0
2968 0
2969 0
2970 0
2971 0
2972 0
2973 0
2974 0
2975 0
2976 0
2977 0
2978 0
2979 0
2980 0
2981 0
2982 0
2983 0
2984 0
2985 0
2986 0
2987 0
2988 0
2989 0
2990 0
2991 0
2992 0
2993 0
2994 0
2995 0
2996 0
2997 0
2998 0
2999 0
3000 0
3001 0
3002 0
3003 0
3004 0
3005 0
3006 0
3007 0
3008 0
3009 0
3010 0
3011 0
3012 0
3013 0
3014 0
3015 0
3016 0
3017 0
3018 0
3019 0
3020 0
3021 0
3022 0
3023 0
3024 0
3025 0
3026 0
3027 0
3028 0
3029 0
3030 0
3031 0
3032 0
3033 0
3034 0
3035 0
3036 0
3037 0
3038 0
3039 0
3040 0
3041 0
3042 0
3043 0
3044 0
3045 0
3046 0
3047 0
3048 0
3049 0
3050 0
3051 0
3052 0
3053 0
3054 0
3055 0
3056 0
3057 0
3058 0
3059 0
3060 0
3061 0
3062 0
3063 0
3064 0
3065 0
3066 0
3067 0
3068 0
3069 0
3070 0
3071 0
3072 0
3073 0
3074 0
3075 0
3076 0
3077 0
3078 0
3079 0
3080 0
3081 0
3082 0
3083 0
3084 0
3085 0
3086 0
3087 0
3088 0
3089 0
3090 0
3091 0
3092 0
3093 0
3094 0
3095 0
3096 0
3097 0
3098 0
3099 0
3100 0
3101 0
3102 0
3103 0
3104 0
3105 0
3106 0
3107 0
3108 0
3109 0
3110 0
3111 0
3112 0
3113 0
3114 0
3115 0
3116 0
3117 0
3118 0
3119 0
3120 0
3121 0
3122 0
3123 0
3124 1
3125 0
3126 0
3127 0
3128 0
3129 0
3130 0
3131 0
3132 0
3133 0
3134 0
3135 0
3136 0
3137 0
3138 0
3139 0
3140 0
3141 0
3142 0
3143 0
3144 0
3145 0
3146 0
3147 0
3148 0
3149 0
3150 0
3151 0
3152 0
3153 0
3154 0
3155 0
3156 0
3157 0
3158 0
3159 0
3160 0
3161 0
3162 0
3163 0
3164 0
3165 0
3166 0
3167 0
3168 0
3169 0
3170 0
3171 0
3172 0
3173 0
3174 0
3175 0
3176 0
3177 0
3178 0
3179 0
3180 0
3181 0
3182 0
3183 0
3184 0
3185 0
3186 0
3187 0
3188 0
3189 0
3190 0
3191 0
3192 0
3193 0
3194 0
3195 0
3196 0
3197 0
3198 0
3199 0
3200 0
3201 0
3202 0
3203 0
3204 0
3205 0
3206 0
3207 0
3208 0
3209 0
3210 0
3211 0
3212 0
3213 0
3214 0
3215 0
3216 0
3217 0
3218 0
3219 0
3220 0
3221 0
3222 0
3223 0
3224 0
3225 0
3226 0
3227 0
3228 0
3229 0
3230 0
3231 0
3232 0
3233 0
3234 0
3235 0
3236 0
3237 0
3238 0
3239 0
3240 0
3241 0
3242 0
3243 0
3244 0
3245 0
3246 0
3247 0
3248 0
3249 0
3250 0
3251 0
3252 0
3253 0
3254 0
3255 0
3256 0
3257 0
3258 0
3259 0
3260 0
3261 0
3262 0
3263 0
3264 0
3265 0
3266 0
3267 0
3268 0
3269 0
3270 0
3271 0
3272 0
3273 0
3274 0
3275 0
3276 0
3277 0
3278 0
3279 0
3280 0
3281 0
3282 0
3283 0
3284 0
3285 0
3286 0
3287 0
3288 0
3289 0
3290 0
3291 0
3292 0
3293 0
3294 0
3295 0
3296 0
3297 0
3298 0
3299 0
3300 0
3301 0
3302 0
3303 0
3304 0
3305 0
3306 0
3307 0
3308 0
3309 0
3310 0
3311 0
3312 0
3313 0
3314 0
3315 0
3316 0
3317 0
3318 0
3319 0
3320 0
3321 0
3322 0
3323 0
3324 0
3325 0
3326 0
3327 0
3328 0
3329 0
3330 0
3331 0
3332 0
3333 0
3334 0
3335 0
3336 0
3337 0
3338 0
3339 0
3340 0
3341 0
3342 0
3343 0
3344 0
3345 0
3346 0
3347 0
3348 0
3349 0
3350 0
3351 0
3352 0
3353 0
3354 0
3355 0
3356 0
3357 0
3358 0
3359 0
3360 0
3361 0
3362 0
3363 0
3364 0
3365 0
3366 0
3367 0
3368 0
3369 0
3370 0
3371 0
3372 0
3373 0
3374 0
3375 0
3376 0
3377 0
3378 0
3379 0
3380 0
3381 0
3382 0
3383 0
3384 0
3385 0
3386 0
3387 0
3388 0
3389 0
3390 0
3391 0
3392 0
3393 0
3394 0
3395 0
3396 0
3397 0
3398 0
3399 0
3400 0
3401 0
3402 0
3403 0
3404 0
3405 0
3406 0
3407 0
3408 0
3409 0
3410 0
3411 0
3412 0
3413 0
3414 0
3415 0
3416 0
3417 0
3418 0
3419 0
3420 0
3421 0
3422 0
3423 0
3424 0
3425 0
3426 0
3427 0
3428 0
3429 0
3430 0
3431 0
3432 0
3433 0
3434 0
3435 0
3436 0
3437 0
3438 0
3439 0
3440 0
3441 0
3442 0
3443 0
3444 0
3445 0
3446 0
3447 0
3448 0
3449 0
3450 0
3451 0
3452 0
3453 0
3454 0
3455 0
3456 0
3457 0
3458 0
3459 0
3460 0
3461 0
3462 0
3463 0
3464 0
3465 0
3466 0
3467 0
3468 0
3469 0
3470 0
3471 0
3472 0
3473 0
3474 0
3475 0
3476 0
3477 0
3478 0
3479 0
3480 0
3481 0
3482 0
3483 0
3484 0
3485 0
3486 0
3487 0
3488 0
3489 0
3490 0
3491 0
3492 0
3493 0
3494 0
3495 0
3496 0
3497 0
3498 0
3499 0
3500 0
3501 0
3502 0
3503 0
3504 0
3505 0
3506 0
3507 0
3508 0
3509 0
3510 0
3511 0
3512 0
3513 0
3514 0
3515 0
3516 0
3517 0
3518 0
3519 0
3520 0
3521 0
3522 0
3523 0
3524 0
3525 0
3526 0
3527 0
3528 0
3529 0
3530 0
3531 0
3532 0
3533 0
3534 0
3535 0
3536 0
3537 0
3538 0
3539 0
3540 0
3541 0
3542 0
3543 0
3544 0
3545 0
3546 0
3547 0
3548 0
3549 1
3550 0
3551 0
3552 0
3553 0
3554 0
3555 0
3556 0
3557 0
3558 0
3559 0
3560 0
3561 0
3562 0
3563 0
3564 0
3565 0
3566 0
3567 0
3568 0
3569 0
3570 0
3571 0
3572 0
3573 0
3574 0
3575 0
3576 0
3577 0
3578 0
3579 0
3580 0
3581 0
3582 1
3583 0
3584 0
3585 0
3586 0
3587 0
3588 0
3589 0
3590 0
3591 0
3592 0
3593 0
3594 0
3595 0
3596 0
3597 0
3598 0
3599 0
3600 0
3601 0
3602 0
3603 0
3604 0
3605 0
3606 0
3607 0
3608 0
3609 0
3610 0
3611 0
3612 0
3613 0
3614 0
3615 0
3616 0
3617 0
3618 0
3619 0
3620 0
3621 0
3622 0
3623 0
3624 0
3625 0
3626 0
3627 0
3628 0
3629 0
3630 0
3631 0
3632 0
3633 0
3634 0
3635 0
3636 0
3637 0
3638 0
3639 0
3640 0
3641 0
3642 0
3643 0
3644 0
3645 0
3646 0
3647 0
3648 0
3649 0
3650 0
3651 0
3652 0
3653 0
3654 0
3655 0
3656 0
3657 0
3658 0
3659 0
3660 0
3661 0
3662 0
3663 0
3664 0
3665 0
3666 0
3667 0
3668 0
3669 0
3670 0
3671 0
3672 0
3673 0
3674 0
3675 0
3676 0
3677 0
3678 0
3679 0
3680 0
3681 0
3682 0
3683 0
3684 0
3685 0
3686 0
3687 0
3688 0
3689 0
3690 0
3691 0
3692 0
3693 0
3694 0
3695 0
3696 0
3697 0
3698 0
3699 0
3700 0
3701 0
3702 0
3703 0
3704 0
3705 0
3706 0
3707 0
3708 0
3709 0
3710 0
3711 0
3712 0
3713 0
3714 0
3715 0
3716 0
3717 0
3718 0
3719 0
3720 0
3721 0
3722 0
3723 0
3724 0
3725 0
3726 0
3727 0
3728 0
3729 0
3730 0
3731 0
3732 0
3733 0
3734 0
3735 0
3736 0
3737 0
3738 0
3739 0
3740 0
3741 0
3742 0
3743 1
3744 0
3745 0
3746 0
3747 0
3748 0
3749 0
3750 0
3751 0
3752 0
3753 0
3754 0
3755 0
3756 0
3757 0
3758 0
3759 0
3760 0
3761 0
3762 0
3763 0
3764 0
3765 0
3766 0
3767 0
3768 0
3769 0
3770 0
3771 0
3772 0
3773 0
3774 0
3775 0
3776 0
3777 0
3778 0
3779 0
3780 0
3781 0
3782 0
3783 0
3784 0
3785 0
3786 0
3787 0
3788 0
3789 0
3790 0
3791 0
3792 0
3793 0
3794 0
3795 0
3796 0
3797 0
3798 0
3799 0
3800 0
3801 0
3802 0
3803 0
3804 0
3805 0
3806 0
3807 1
3808 0
3809 0
3810 0
3811 0
3812 0
3813 0
3814 0
3815 0
3816 0
3817 0
3818 0
3819 0
3820 0
3821 0
3822 0
3823 0
3824 0
3825 0
3826 0
3827 0
3828 0
3829 0
3830 0
3831 1
3832 0
3833 0
3834 0
3835 0
3836 0
3837 0
3838 0
3839 0
3840 0
3841 0
3842 0
3843 0
3844 0
3845 0
3846 0
3847 0
3848 0
3849 0
3850 0
3851 0
3852 0
3853 0
3854 0
3855 0
3856 0
3857 0
3858 0
3859 0
3860 0
3861 0
3862 0
3863 0
3864 0
3865 0
3866 0
3867 0
3868 0
3869 0
3870 0
3871 0
3872 0
3873 0
3874 0
3875 0
3876 0
3877 0
3878 0
3879 0
3880 0
3881 0
3882 0
3883 0
3884 0
3885 0
3886 0
3887 0
3888 0
3889 0
3890 0
3891 0
3892 0
3893 0
3894 0
3895 1
3896 0
3897 0
3898 0
3899 0
3900 0
3901 0
3902 0
3903 0
3904 0
3905 0
3906 0
3907 0
3908 0
3909 0
3910 0
3911 0
3912 0
3913 0
3914 0
3915 0
3916 0
3917 0
3918 0
3919 0
3920 0
3921 0
3922 0
3923 0
3924 0
3925 0
3926 0
3927 0
3928 0
3929 0
3930 0
3931 0
3932 0
3933 0
3934 0
3935 0
3936 0
3937 0
3938 0
3939 0
3940 0
3941 0
3942 0
3943 0
3944 0
3945 0
3946 0
3947 0
3948 0
3949 0
3950 0
3951 0
3952 0
3953 0
3954 0
3955 0
3956 0
3957 0
3958 0
3959 0
3960 0
3961 0
3962 0
3963 0
3964 0
3965 0
3966 0
3967 0
3968 0
3969 0
3970 0
3971 0
3972 0
3973 0
3974 0
3975 0
3976 0
3977 0
3978 0
3979 0
3980 0
3981 0
3982 0
3983 0
3984 0
3985 0
3986 0
3987 0
3988 0
3989 0
3990 0
3991 0
3992 0
3993 0
3994 0
3995 0
3996 0
3997 0
3998 0
3999 0
4000 0
