0 0
1 0
2 0
3 0
4 0
5 0
6 0
7 0
8 0
9 0
10 0
11 0
12 0
13 0
14 0
15 0
16 0
17 0
18 0
19 0
20 0
21 0
22 0
23 0
24 0
25 0
26 0
27 0
28 0
29 0
30 0
31 0
32 0
33 0
34 0
35 0
36 0
37 0
38 0
39 0
40 0
41 0
42 0
43 0
44 0
45 0
46 0
47 0
48 0
49 0
50 0
51 0
52 0
53 0
54 0
55 0
56 0
57 0
58 0
59 0
60 0
61 0
62 0
63 0
64 0
65 0
66 0
67 0
68 0
69 0
70 0
71 0
72 0
73 0
74 0
75 0
76 0
77 0
78 0
79 0
80 0
81 0
82 0
83 0
84 0
85 0
86 0
87 0
88 0
89 0
90 0
91 0
92 0
93 0
94 0
95 0
96 0
97 0
98 0
99 0
100 0
101 0
102 0
103 0
104 0
105 0
106 0
107 0
108 0
109 0
110 0
111 0
112 0
113 0
114 0
115 0
116 0
117 0
118 0
119 0
120 0
121 0
122 0
123 0
124 0
125 0
126 0
127 0
128 0
129 0
130 0
131 0
132 0
133 0
134 0
135 0
136 0
137 0
138 0
139 0
140 0
141 0
142 0
143 0
144 0
145 0
146 1
147 0
148 1
149 0
150 0
151 1
152 2
153 7
154 8
155 5
156 2
157 2
158 4
159 5
160 4
161 13
162 6
163 6
164 3
165 5
166 15
167 6
168 6
169 7
170 5
171 18
172 43
173 64
174 87
175 168
176 188
177 244
178 272
179 325
180 375
181 524
182 729
183 1128
184 1737
185 2330
186 3062
187 3459
188 3706
189 3911
190 3652
191 3479
192 3267
193 3048
194 2792
195 2478
196 2315
197 1979
198 1822
199 1650
200 1478
201 1382
202 1167
203 1107
204 1029
205 926
206 883
207 829
208 846
209 708
210 768
211 718
212 659
213 662
214 703
215 748
216 716
217 725
218 729
219 716
220 701
221 723
222 693
223 738
224 721
225 763
226 723
227 761
228 668
229 732
230 741
231 708
232 737
233 756
234 776
235 731
236 765
237 806
238 786
239 755
240 734
241 735
242 759
243 757
244 743
245 789
246 812
247 823
248 781
249 788
250 784
251 797
252 871
253 795
254 802
255 783
256 824
257 812
258 837
259 820
260 839
261 839
262 835
263 840
264 847
265 854
266 831
267 841
268 818
269 891
270 859
271 907
272 837
273 846
274 831
275 912
276 906
277 907
278 893
279 865
280 884
281 821
282 875
283 886
284 882
285 851
286 891
287 908
288 916
289 869
290 904
291 909
292 876
293 914
294 882
295 851
296 913
297 879
298 875
299 864
300 870
301 956
302 881
303 916
304 935
305 888
306 894
307 948
308 895
309 882
310 916
311 874
312 942
313 989
314 853
315 897
316 943
317 874
318 927
319 931
320 955
321 873
322 924
323 895
324 976
325 909
326 910
327 939
328 955
329 945
330 856
331 884
332 918
333 924
334 963
335 928
336 928
337 837
338 882
339 931
340 926
341 942
342 984
343 972
344 950
345 955
346 957
347 916
348 981
349 962
350 967
351 972
352 945
353 970
354 989
355 892
356 995
357 978
358 950
359 1011
360 1018
361 951
362 961
363 940
364 993
365 984
366 890
367 924
368 1004
369 973
370 951
371 1036
372 988
373 993
374 1038
375 1014
376 1036
377 1004
378 1022
379 1068
380 1015
381 1029
382 996
383 1003
384 1043
385 1037
386 1002
387 1031
388 1063
389 1020
390 1087
391 986
392 1012
393 1069
394 1090
395 1018
396 1070
397 1046
398 1094
399 1058
400 1037
401 1133
402 1031
403 1017
404 1057
405 1140
406 1122
407 1059
408 1096
409 1050
410 1107
411 1119
412 1138
413 1138
414 1140
415 1153
416 1132
417 1126
418 1153
419 1122
420 1198
421 1167
422 1137
423 1130
424 1165
425 1162
426 1137
427 1225
428 1202
429 1196
430 1174
431 1168
432 1149
433 1245
434 1237
435 1198
436 1256
437 1298
438 1209
439 1277
440 1315
441 1289
442 1255
443 1251
444 1318
445 1264
446 1267
447 1290
448 1254
449 1297
450 1282
451 1347
452 1312
453 1282
454 1305
455 1424
456 1373
457 1365
458 1345
459 1421
460 1347
461 1454
462 1379
463 1353
464 1367
465 1377
466 1403
467 1384
468 1362
469 1410
470 1402
471 1350
472 1463
473 1429
474 1409
475 1397
476 1421
477 1451
478 1436
479 1482
480 1460
481 1457
482 1531
483 1390
484 1458
485 1476
486 1507
487 1566
488 1581
489 1485
490 1478
491 1536
492 1535
493 1478
494 1558
495 1526
496 1609
497 1562
498 1655
499 1491
500 1596
501 1551
502 1592
503 1589
504 1598
505 1608
506 1648
507 1677
508 1602
509 1664
510 1593
511 1623
512 1622
513 1672
514 1583
515 1623
516 1641
517 1728
518 1639
519 1608
520 1693
521 1729
522 1666
523 1741
524 1716
525 1696
526 1636
527 1646
528 1678
529 1643
530 1635
531 1698
532 1708
533 1692
534 1716
535 1717
536 1663
537 1734
538 1744
539 1780
540 1716
541 1735
542 1742
543 1740
544 1695
545 1803
546 1776
547 1721
548 1727
549 1735
550 1776
551 1738
552 1818
553 1793
554 1740
555 1751
556 1735
557 1738
558 1797
559 1720
560 1792
561 1802
562 1760
563 1807
564 1725
565 1767
566 1724
567 1696
568 1729
569 1852
570 1800
571 1784
572 1759
573 1758
574 1760
575 1779
576 1755
577 1726
578 1771
579 1791
580 1764
581 1722
582 1850
583 1799
584 1704
585 1701
586 1844
587 1810
588 1764
589 1729
590 1719
591 1677
592 1701
593 1721
594 1724
595 1737
596 1709
597 1701
598 1742
599 1738
600 1770
601 1644
602 1719
603 1713
604 1738
605 1659
606 1654
607 1732
608 1646
609 1713
610 1665
611 1732
612 1660
613 1574
614 1667
615 1585
616 1575
617 1654
618 1669
619 1656
620 1666
621 1623
622 1620
623 1505
624 1606
625 1615
626 1639
627 1569
628 1627
629 1518
630 1674
631 1515
632 1651
633 1564
634 1492
635 1575
636 1592
637 1562
638 1572
639 1568
640 1473
641 1477
642 1447
643 1515
644 1569
645 1541
646 1491
647 1476
648 1507
649 1447
650 1408
651 1468
652 1447
653 1442
654 1416
655 1357
656 1410
657 1413
658 1496
659 1462
660 1411
661 1393
662 1413
663 1346
664 1438
665 1348
666 1389
667 1372
668 1370
669 1316
670 1308
671 1351
672 1300
673 1352
674 1299
675 1270
676 1283
677 1258
678 1284
679 1328
680 1282
681 1276
682 1229
683 1236
684 1213
685 1219
686 1240
687 1249
688 1217
689 1238
690 1222
691 1241
692 1220
693 1168
694 1189
695 1213
696 1192
697 1125
698 1133
699 1117
700 1091
701 1131
702 1108
703 1066
704 1098
705 1149
706 1001
707 1138
708 1028
709 1097
710 1112
711 1062
712 1078
713 1060
714 996
715 1045
716 1028
717 1056
718 1057
719 1010
720 962
721 958
722 993
723 968
724 1009
725 964
726 956
727 927
728 906
729 915
730 904
731 874
732 973
733 972
734 924
735 850
736 902
737 919
738 920
739 894
740 892
741 820
742 861
743 831
744 823
745 823
746 803
747 821
748 789
749 839
750 832
751 843
752 820
753 809
754 822
755 828
756 779
757 807
758 780
759 789
760 696
761 713
762 750
763 743
764 688
765 690
766 728
767 691
768 739
769 733
770 665
771 669
772 655
773 662
774 721
775 660
776 636
777 728
778 635
779 648
780 619
781 613
782 660
783 610
784 621
785 636
786 626
787 626
788 605
789 614
790 598
791 558
792 598
793 572
794 594
795 575
796 554
797 533
798 533
799 564
800 542
801 525
802 553
803 539
804 514
805 470
806 535
807 515
808 489
809 503
810 496
811 513
812 537
813 484
814 470
815 485
816 510
817 517
818 479
819 476
820 454
821 482
822 476
823 494
824 466
825 452
826 445
827 433
828 467
829 453
830 451
831 451
832 432
833 425
834 452
835 441
836 441
837 412
838 420
839 428
840 404
841 426
842 408
843 392
844 371
845 355
846 378
847 386
848 408
849 373
850 369
851 393
852 390
853 377
854 377
855 353
856 367
857 350
858 409
859 381
860 354
861 357
862 363
863 324
864 306
865 343
866 361
867 370
868 347
869 350
870 332
871 350
872 357
873 328
874 302
875 340
876 306
877 307
878 311
879 352
880 296
881 300
882 315
883 329
884 311
885 343
886 311
887 323
888 327
889 314
890 324
891 286
892 291
893 284
894 288
895 284
896 269
897 299
898 299
899 322
900 268
901 273
902 276
903 261
904 258
905 280
906 283
907 272
908 269
909 271
910 279
911 276
912 257
913 272
914 291
915 299
916 256
917 259
918 282
919 281
920 260
921 246
922 258
923 262
924 247
925 282
926 248
927 265
928 244
929 257
930 233
931 236
932 253
933 239
934 253
935 224
936 211
937 231
938 251
939 269
940 243
941 229
942 251
943 211
944 246
945 239
946 218
947 238
948 225
949 231
950 231
951 240
952 214
953 231
954 243
955 253
956 220
957 225
958 255
959 239
960 222
961 233
962 218
963 200
964 235
965 228
966 243
967 231
968 229
969 211
970 228
971 226
972 214
973 224
974 255
975 214
976 231
977 231
978 229
979 215
980 226
981 224
982 235
983 219
984 239
985 200
986 219
987 216
988 217
989 205
990 224
991 220
992 204
993 218
994 215
995 206
996 213
997 223
998 223
999 221
1000 201
1001 216
1002 195
1003 199
1004 187
1005 208
1006 217
1007 235
1008 219
1009 182
1010 204
1011 220
1012 200
1013 186
1014 215
1015 196
1016 196
1017 220
1018 194
1019 192
1020 191
1021 201
1022 201
1023 243
1024 209
1025 188
1026 223
1027 203
1028 193
1029 200
1030 201
1031 212
1032 195
1033 213
1034 189
1035 208
1036 192
1037 192
1038 227
1039 180
1040 205
1041 206
1042 183
1043 215
1044 180
1045 184
1046 179
1047 215
1048 178
1049 190
1050 176
1051 207
1052 183
1053 198
1054 208
1055 173
1056 191
1057 208
1058 199
1059 178
1060 204
1061 201
1062 205
1063 199
1064 225
1065 195
1066 186
1067 208
1068 201
1069 185
1070 219
1071 175
1072 191
1073 202
1074 222
1075 195
1076 216
1077 227
1078 181
1079 190
1080 194
1081 204
1082 184
1083 212
1084 173
1085 177
1086 187
1087 205
1088 202
1089 182
1090 187
1091 186
1092 182
1093 193
1094 183
1095 185
1096 190
1097 205
1098 196
1099 197
1100 222
1101 188
1102 201
1103 173
1104 184
1105 177
1106 194
1107 184
1108 187
1109 174
1110 189
1111 191
1112 192
1113 196
1114 205
1115 210
1116 205
1117 203
1118 193
1119 174
1120 194
1121 168
1122 168
1123 198
1124 183
1125 197
1126 177
1127 174
1128 201
1129 179
1130 213
1131 163
1132 203
1133 169
1134 188
1135 197
1136 190
1137 201
1138 161
1139 202
1140 186
1141 185
1142 220
1143 205
1144 189
1145 169
1146 183
1147 167
1148 165
1149 200
1150 181
1151 189
1152 196
1153 179
1154 196
1155 187
1156 185
1157 193
1158 199
1159 186
1160 204
1161 167
1162 175
1163 170
1164 169
1165 191
1166 204
1167 169
1168 199
1169 207
1170 219
1171 178
1172 185
1173 190
1174 210
1175 201
1176 176
1177 205
1178 192
1179 207
1180 178
1181 167
1182 187
1183 187
1184 188
1185 200
1186 199
1187 179
1188 186
1189 173
1190 170
1191 178
1192 194
1193 180
1194 176
1195 187
1196 187
1197 190
1198 174
1199 184
1200 190
1201 193
1202 177
1203 176
1204 187
1205 174
1206 217
1207 162
1208 177
1209 162
1210 193
1211 184
1212 195
1213 178
1214 208
1215 183
1216 173
1217 192
1218 188
1219 178
1220 190
1221 174
1222 202
1223 176
1224 188
1225 177
1226 187
1227 166
1228 187
1229 176
1230 186
1231 201
1232 205
1233 196
1234 181
1235 196
1236 180
1237 181
1238 191
1239 191
1240 189
1241 158
1242 178
1243 190
1244 195
1245 177
1246 152
1247 185
1248 177
1249 188
1250 192
1251 189
1252 186
1253 186
1254 168
1255 206
1256 198
1257 185
1258 188
1259 183
1260 185
1261 188
1262 203
1263 212
1264 204
1265 192
1266 221
1267 194
1268 204
1269 194
1270 191
1271 191
1272 153
1273 182
1274 199
1275 181
1276 183
1277 188
1278 179
1279 192
1280 186
1281 179
1282 173
1283 175
1284 194
1285 178
1286 172
1287 183
1288 180
1289 186
1290 192
1291 184
1292 174
1293 209
1294 189
1295 189
1296 179
1297 197
1298 191
1299 184
1300 191
1301 173
1302 180
1303 193
1304 194
1305 157
1306 171
1307 163
1308 179
1309 183
1310 165
1311 181
1312 185
1313 188
1314 196
1315 200
1316 196
1317 191
1318 184
1319 168
1320 182
1321 205
1322 191
1323 160
1324 174
1325 174
1326 186
1327 168
1328 175
1329 187
1330 173
1331 167
1332 190
1333 179
1334 188
1335 173
1336 181
1337 175
1338 197
1339 154
1340 188
1341 156
1342 183
1343 165
1344 187
1345 183
1346 184
1347 153
1348 178
1349 168
1350 193
1351 185
1352 164
1353 180
1354 157
1355 185
1356 173
1357 185
1358 179
1359 167
1360 185
1361 188
1362 146
1363 162
1364 170
1365 149
1366 171
1367 157
1368 177
1369 174
1370 174
1371 157
1372 150
1373 165
1374 182
1375 168
1376 167
1377 150
1378 165
1379 168
1380 148
1381 158
1382 179
1383 157
1384 177
1385 171
1386 184
1387 157
1388 191
1389 160
1390 182
1391 166
1392 172
1393 164
1394 166
1395 160
1396 187
1397 187
1398 170
1399 170
1400 172
1401 170
1402 138
1403 155
1404 145
1405 154
1406 159
1407 129
1408 144
1409 186
1410 150
1411 191
1412 159
1413 153
1414 161
1415 180
1416 156
1417 149
1418 127
1419 158
1420 133
1421 147
1422 145
1423 172
1424 169
1425 143
1426 131
1427 145
1428 127
1429 154
1430 166
1431 155
1432 151
1433 163
1434 146
1435 144
1436 148
1437 152
1438 166
1439 149
1440 137
1441 129
1442 134
1443 143
1444 148
1445 153
1446 168
1447 133
1448 146
1449 119
1450 155
1451 162
1452 147
1453 142
1454 167
1455 150
1456 146
1457 147
1458 139
1459 150
1460 140
1461 142
1462 153
1463 154
1464 145
1465 128
1466 148
1467 141
1468 134
1469 125
1470 131
1471 134
1472 150
1473 135
1474 137
1475 135
1476 120
1477 163
1478 137
1479 137
1480 146
1481 128
1482 157
1483 134
1484 165
1485 169
1486 132
1487 130
1488 132
1489 143
1490 143
1491 117
1492 122
1493 137
1494 132
1495 136
1496 131
1497 128
1498 122
1499 132
1500 128
1501 110
1502 125
1503 126
1504 141
1505 108
1506 128
1507 118
1508 122
1509 110
1510 132
1511 125
1512 118
1513 155
1514 117
1515 131
1516 127
1517 112
1518 134
1519 130
1520 118
1521 108
1522 104
1523 108
1524 129
1525 97
1526 141
1527 139
1528 104
1529 139
1530 116
1531 123
1532 108
1533 132
1534 133
1535 120
1536 120
1537 123
1538 109
1539 116
1540 100
1541 124
1542 127
1543 112
1544 106
1545 113
1546 111
1547 112
1548 103
1549 119
1550 104
1551 117
1552 99
1553 111
1554 132
1555 101
1556 99
1557 126
1558 109
1559 112
1560 102
1561 102
1562 125
1563 106
1564 94
1565 98
1566 121
1567 107
1568 99
1569 125
1570 118
1571 106
1572 99
1573 99
1574 123
1575 100
1576 89
1577 110
1578 99
1579 111
1580 115
1581 110
1582 105
1583 103
1584 105
1585 116
1586 105
1587 95
1588 100
1589 106
1590 125
1591 106
1592 75
1593 101
1594 96
1595 113
1596 118
1597 113
1598 74
1599 109
1600 89
1601 96
1602 100
1603 99
1604 100
1605 94
1606 95
1607 104
1608 95
1609 89
1610 93
1611 99
1612 89
1613 98
1614 88
1615 107
1616 79
1617 107
1618 110
1619 97
1620 97
1621 90
1622 93
1623 98
1624 85
1625 93
1626 101
1627 89
1628 103
1629 96
1630 84
1631 99
1632 94
1633 72
1634 100
1635 85
1636 95
1637 87
1638 99
1639 97
1640 81
1641 80
1642 92
1643 84
1644 110
1645 82
1646 80
1647 88
1648 80
1649 73
1650 98
1651 74
1652 95
1653 88
1654 75
1655 85
1656 72
1657 94
1658 77
1659 71
1660 89
1661 72
1662 101
1663 82
1664 78
1665 66
1666 77
1667 85
1668 76
1669 91
1670 74
1671 84
1672 81
1673 81
1674 80
1675 76
1676 72
1677 76
1678 89
1679 80
1680 88
1681 88
1682 55
1683 99
1684 71
1685 80
1686 80
1687 60
1688 80
1689 92
1690 90
1691 65
1692 69
1693 92
1694 67
1695 72
1696 60
1697 85
1698 65
1699 67
1700 68
1701 63
1702 51
1703 68
1704 49
1705 73
1706 72
1707 76
1708 65
1709 87
1710 66
1711 77
1712 63
1713 62
1714 85
1715 55
1716 60
1717 65
1718 69
1719 72
1720 69
1721 77
1722 65
1723 62
1724 63
1725 59
1726 68
1727 66
1728 60
1729 56
1730 56
1731 58
1732 59
1733 61
1734 56
1735 72
1736 70
1737 62
1738 54
1739 58
1740 70
1741 71
1742 60
1743 65
1744 57
1745 58
1746 62
1747 59
1748 71
1749 71
1750 58
1751 56
1752 65
1753 57
1754 57
1755 54
1756 49
1757 46
1758 58
1759 69
1760 50
1761 65
1762 53
1763 47
1764 59
1765 54
1766 46
1767 54
1768 54
1769 57
1770 43
1771 60
1772 64
1773 71
1774 54
1775 46
1776 56
1777 67
1778 57
1779 48
1780 59
1781 57
1782 50
1783 69
1784 50
1785 62
1786 53
1787 42
1788 63
1789 55
1790 54
1791 51
1792 47
1793 31
1794 47
1795 67
1796 54
1797 51
1798 38
1799 54
1800 50
1801 46
1802 62
1803 58
1804 44
1805 52
1806 43
1807 39
1808 56
1809 53
1810 51
1811 47
1812 45
1813 43
1814 46
1815 57
1816 42
1817 51
1818 55
1819 45
1820 45
1821 58
1822 40
1823 43
1824 51
1825 50
1826 60
1827 43
1828 46
1829 39
1830 36
1831 47
1832 53
1833 43
1834 44
1835 39
1836 47
1837 38
1838 47
1839 46
1840 46
1841 42
1842 40
1843 42
1844 49
1845 42
1846 39
1847 33
1848 39
1849 39
1850 47
1851 50
1852 38
1853 54
1854 46
1855 34
1856 51
1857 39
1858 42
1859 49
1860 37
1861 42
1862 36
1863 40
1864 34
1865 46
1866 46
1867 39
1868 48
1869 36
1870 34
1871 43
1872 48
1873 45
1874 46
1875 35
1876 48
1877 33
1878 50
1879 40
1880 31
1881 37
1882 40
1883 56
1884 35
1885 33
1886 40
1887 41
1888 40
1889 36
1890 29
1891 36
1892 39
1893 36
1894 29
1895 40
1896 33
1897 43
1898 34
1899 36
1900 35
1901 32
1902 34
1903 41
1904 23
1905 31
1906 31
1907 36
1908 38
1909 33
1910 32
1911 39
1912 22
1913 38
1914 38
1915 29
1916 34
1917 30
1918 23
1919 39
1920 30
1921 28
1922 34
1923 24
1924 29
1925 38
1926 34
1927 33
1928 32
1929 22
1930 29
1931 35
1932 32
1933 36
1934 39
1935 25
1936 38
1937 32
1938 26
1939 36
1940 26
1941 39
1942 26
1943 33
1944 42
1945 31
1946 31
1947 27
1948 26
1949 37
1950 26
1951 34
1952 35
1953 30
1954 35
1955 26
1956 27
1957 28
1958 26
1959 37
1960 24
1961 23
1962 32
1963 38
1964 28
1965 25
1966 24
1967 33
1968 24
1969 30
1970 38
1971 30
1972 25
1973 28
1974 27
1975 30
1976 26
1977 27
1978 24
1979 19
1980 25
1981 23
1982 31
1983 25
1984 15
1985 26
1986 22
1987 23
1988 29
1989 24
1990 24
1991 12
1992 21
1993 19
1994 28
1995 24
1996 24
1997 22
1998 25
1999 20
2000 28
2001 21
2002 16
2003 25
2004 27
2005 20
2006 24
2007 19
2008 24
2009 33
2010 22
2011 22
2012 21
2013 27
2014 31
2015 27
2016 19
2017 22
2018 30
2019 28
2020 21
2021 19
2022 21
2023 23
2024 16
2025 15
2026 24
2027 18
2028 17
2029 21
2030 13
2031 17
2032 22
2033 18
2034 25
2035 24
2036 21
2037 26
2038 26
2039 17
2040 16
2041 21
2042 15
2043 21
2044 14
2045 17
2046 20
2047 19
2048 26
2049 21
2050 20
2051 17
2052 27
2053 14
2054 11
2055 17
2056 18
2057 10
2058 18
2059 12
2060 16
2061 19
2062 17
2063 12
2064 24
2065 17
2066 22
2067 23
2068 15
2069 15
2070 19
2071 14
2072 15
2073 10
2074 14
2075 21
2076 14
2077 17
2078 18
2079 16
2080 18
2081 10
2082 15
2083 9
2084 21
2085 14
2086 17
2087 14
2088 18
2089 12
2090 17
2091 18
2092 17
2093 17
2094 13
2095 24
2096 12
2097 18
2098 12
2099 17
2100 16
2101 11
2102 13
2103 12
2104 16
2105 12
2106 24
2107 22
2108 13
2109 13
2110 12
2111 22
2112 19
2113 11
2114 14
2115 13
2116 8
2117 13
2118 11
2119 10
2120 10
2121 14
2122 13
2123 11
2124 4
2125 17
2126 19
2127 12
2128 16
2129 13
2130 13
2131 8
2132 13
2133 13
2134 10
2135 17
2136 16
2137 16
2138 16
2139 11
2140 12
2141 15
2142 15
2143 11
2144 14
2145 16
2146 10
2147 10
2148 12
2149 6
2150 8
2151 14
2152 15
2153 11
2154 19
2155 8
2156 11
2157 8
2158 10
2159 7
2160 9
2161 8
2162 17
2163 10
2164 12
2165 7
2166 15
2167 13
2168 13
2169 10
2170 14
2171 11
2172 7
2173 9
2174 6
2175 11
2176 13
2177 8
2178 10
2179 10
2180 6
2181 6
2182 6
2183 10
2184 13
2185 8
2186 13
2187 16
2188 8
2189 12
2190 13
2191 12
2192 12
2193 12
2194 9
2195 10
2196 9
2197 7
2198 6
2199 6
2200 5
2201 9
2202 7
2203 7
2204 12
2205 6
2206 11
2207 6
2208 15
2209 11
2210 5
2211 7
2212 17
2213 7
2214 4
2215 12
2216 5
2217 8
2218 7
2219 12
2220 13
2221 8
2222 8
2223 9
2224 7
2225 7
2226 4
2227 4
2228 10
2229 5
2230 4
2231 12
2232 6
2233 6
2234 8
2235 7
2236 7
2237 5
2238 2
2239 7
2240 7
2241 11
2242 9
2243 6
2244 7
2245 5
2246 4
2247 8
2248 8
2249 7
2250 6
2251 5
2252 8
2253 5
2254 3
2255 9
2256 4
2257 12
2258 7
2259 5
2260 5
2261 4
2262 4
2263 7
2264 10
2265 7
2266 3
2267 6
2268 7
2269 7
2270 3
2271 3
2272 7
2273 6
2274 3
2275 6
2276 3
2277 5
2278 6
2279 3
2280 5
2281 4
2282 6
2283 6
2284 5
2285 8
2286 4
2287 7
2288 6
2289 6
2290 5
2291 2
2292 6
2293 4
2294 5
2295 4
2296 4
2297 5
2298 8
2299 5
2300 2
2301 5
2302 9
2303 2
2304 2
2305 4
2306 8
2307 6
2308 6
2309 4
2310 2
2311 2
2312 2
2313 5
2314 4
2315 8
2316 4
2317 4
2318 5
2319 9
2320 3
2321 5
2322 3
2323 3
2324 4
2325 4
2326 4
2327 3
2328 1
2329 10
2330 3
2331 4
2332 3
2333 3
2334 6
2335 2
2336 4
2337 9
2338 4
2339 4
2340 4
2341 4
2342 3
2343 4
2344 6
2345 4
2346 1
2347 4
2348 4
2349 6
2350 3
2351 7
2352 2
2353 6
2354 3
2355 3
2356 1
2357 3
2358 5
2359 4
2360 0
2361 8
2362 2
2363 3
2364 1
2365 2
2366 1
2367 1
2368 0
2369 3
2370 4
2371 6
2372 0
2373 6
2374 8
2375 3
2376 8
2377 2
2378 1
2379 4
2380 3
2381 1
2382 3
2383 3
2384 4
2385 4
2386 3
2387 1
2388 2
2389 5
2390 2
2391 3
2392 3
2393 5
2394 3
2395 2
2396 4
2397 4
2398 2
2399 0
2400 5
2401 3
2402 4
2403 3
2404 6
2405 5
2406 2
2407 3
2408 4
2409 1
2410 5
2411 2
2412 2
2413 2
2414 5
2415 3
2416 3
2417 6
2418 1
2419 4
2420 1
2421 1
2422 2
2423 3
2424 2
2425 2
2426 2
2427 0
2428 0
2429 2
2430 2
2431 0
2432 4
2433 2
2434 0
2435 1
2436 1
2437 1
2438 5
2439 0
2440 4
2441 3
2442 3
2443 1
2444 1
2445 0
2446 2
2447 4
2448 1
2449 3
2450 0
2451 0
2452 2
2453 0
2454 5
2455 3
2456 2
2457 4
2458 1
2459 3
2460 1
2461 3
2462 0
2463 1
2464 2
2465 2
2466 0
2467 1
2468 2
2469 2
2470 0
2471 2
2472 1
2473 3
2474 1
2475 0
2476 2
2477 2
2478 0
2479 1
2480 2
2481 0
2482 2
2483 3
2484 1
2485 4
2486 1
2487 4
2488 2
2489 1
2490 0
2491 3
2492 2
2493 1
2494 0
2495 0
2496 0
2497 2
2498 4
2499 2
2500 4
2501 1
2502 2
2503 3
2504 1
2505 2
2506 1
2507 0
2508 0
2509 0
2510 0
2511 0
2512 1
2513 2
2514 3
2515 0
2516 0
2517 0
2518 0
2519 0
2520 3
2521 2
2522 0
2523 1
2524 1
2525 2
2526 0
2527 1
2528 1
2529 1
2530 1
2531 1
2532 1
2533 0
2534 0
2535 4
2536 1
2537 0
2538 0
2539 4
2540 0
2541 1
2542 2
2543 1
2544 1
2545 0
2546 1
2547 1
2548 0
2549 0
2550 0
2551 4
2552 1
2553 3
2554 0
2555 1
2556 3
2557 2
2558 1
2559 1
2560 2
2561 0
2562 1
2563 1
2564 1
2565 1
2566 0
2567 2
2568 0
2569 0
2570 1
2571 0
2572 0
2573 0
2574 1
2575 1
2576 1
2577 0
2578 3
2579 0
2580 0
2581 1
2582 0
2583 1
2584 1
2585 0
2586 0
2587 1
2588 0
2589 1
2590 2
2591 2
2592 0
2593 0
2594 0
2595 1
2596 2
2597 1
2598 0
2599 0
2600 0
2601 3
2602 0
2603 0
2604 0
2605 2
2606 0
2607 0
2608 0
2609 0
2610 1
2611 0
2612 0
2613 2
2614 0
2615 2
2616 1
2617 2
2618 1
2619 1
2620 1
2621 0
2622 1
2623 0
2624 1
2625 2
2626 0
2627 0
2628 1
2629 2
2630 1
2631 0
2632 1
2633 0
2634 2
2635 0
2636 1
2637 0
2638 0
2639 0
2640 0
2641 1
2642 2
2643 0
2644 0
2645 1
2646 0
2647 0
2648 1
2649 0
2650 0
2651 0
2652 1
2653 0
2654 1
2655 0
2656 4
2657 0
2658 1
2659 1
2660 0
2661 0
2662 0
2663 0
2664 0
2665 2
2666 0
2667 0
2668 0
2669 0
2670 1
2671 1
2672 4
2673 0
2674 2
2675 1
2676 1
2677 0
2678 0
2679 1
2680 1
2681 1
2682 1
2683 0
2684 0
2685 1
2686 0
2687 0
2688 0
2689 0
2690 1
2691 1
2692 1
2693 3
2694 1
2695 0
2696 0
2697 0
2698 0
2699 0
2700 0
2701 2
2702 0
2703 1
2704 1
2705 0
2706 1
2707 0
2708 1
2709 0
2710 0
2711 0
2712 0
2713 0
2714 1
2715 1
2716 1
2717 0
2718 0
2719 0
2720 2
2721 0
2722 0
2723 0
2724 1
2725 0
2726 0
2727 1
2728 0
2729 0
2730 0
2731 0
2732 0
2733 0
2734 0
2735 0
2736 0
2737 0
2738 0
2739 1
2740 1
2741 0
2742 0
2743 0
2744 0
2745 1
2746 0
2747 0
2748 0
2749 0
2750 0
2751 0
2752 1
2753 0
2754 0
2755 0
2756 0
2757 0
2758 0
2759 0
2760 0
2761 0
2762 0
2763 0
2764 0
2765 0
2766 0
2767 0
2768 1
2769 0
2770 0
2771 0
2772 1
2773 1
2774 0
2775 0
2776 0
2777 0
2778 0
2779 0
2780 0
2781 0
2782 1
2783 1
2784 0
2785 1
2786 0
2787 0
2788 0
2789 0
2790 0
2791 1
2792 0
2793 0
2794 1
2795 0
2796 0
2797 0
2798 0
2799 1
2800 0
2801 0
2802 1
2803 0
2804 0
2805 1
2806 0
2807 0
2808 0
2809 0
2810 0
2811 1
2812 0
2813 0
2814 1
2815 0
2816 0
2817 0
2818 0
2819 0
2820 0
2821 0
2822 0
2823 0
2824 0
2825 0
2826 0
2827 2
2828 0
2829 0
2830 0
2831 0
2832 0
2833 0
2834 1
2835 0
2836 0
2837 0
2838 0
2839 0
2840 1
2841 0
2842 0
2843 0
2844 0
2845 0
2846 0
2847 2
2848 0
2849 0
2850 0
2851 0
2852 0
2853 0
2854 2
2855 0
2856 0
2857 0
2858 0
2859 0
2860 0
2861 0
2862 0
2863 1
2864 0
2865 0
2866 0
2867 1
2868 0
2869 0
2870 0
2871 0
2872 0
2873 0
2874 0
2875 0
2876 0
2877 1
2878 1
2879 0
2880 1
2881 0
2882 0
2883 0
2884 0
2885 0
2886 0
2887 1
2888 0
2889 0
2890 0
2891 0
2892 0
2893 0
2894 1
2895 0
2896 1
2897 0
2898 0
2899 1
2900 0
2901 0
2902 0
2903 0
2904 0
2905 0
2906 0
2907 0
2908 0
2909 0
2910 1
2911 0
2912 0
2913 0
2914 0
2915 0
2916 0
2917 0
2918 0
2919 0
2920 1
2921 0
2922 0
2923 0
2924 0
2925 1
2926 1
2927 0
2928 0
2929 0
2930 0
2931 0
2932 0
2933 0
2934 0
2935 0
2936 0
2937 0
2938 0
2939 0
2940 0
2941 0
2942 0
2943 0
2944 0
2945 0
2946 0
2947 0
2948 0
2949 0
2950 0
2951 2
2952 0
2953 0
2954 0
2955 0
2956 0
2957 0
2958 0
2959 0
2960 0
2961 0
2962 0
2963 0
2964 0
2965 0
2966 0
2967 0
2968 0
2969 0
2970 0
2971 0
2972 0
2973 0
2974 1
2975 0
2976 0
2977 0
2978 0
2979 0
2980 0
2981 0
2982 0
2983 0
2984 0
2985 0
2986 0
2987 0
2988 0
2989 0
2990 0
2991 0
2992 0
2993 0
2994 0
2995 1
2996 0
2997 0
2998 0
2999 0
3000 0
3001 0
3002 0
3003 0
3004 0
3005 1
3006 0
3007 0
3008 0
3009 0
3010 0
3011 0
3012 0
3013 1
3014 1
3015 0
3016 0
3017 0
3018 0
3019 0
3020 0
3021 0
3022 0
3023 0
3024 0
3025 0
3026 0
3027 0
3028 0
3029 0
3030 0
3031 0
3032 0
3033 0
3034 0
3035 1
3036 0
3037 0
3038 0
3039 0
3040 0
3041 0
3042 0
3043 0
3044 0
3045 0
3046 0
3047 0
3048 1
3049 0
3050 0
3051 0
3052 0
3053 0
3054 0
3055 1
3056 0
3057 0
3058 0
3059 0
3060 0
3061 0
3062 0
3063 0
3064 0
3065 0
3066 0
3067 0
3068 0
3069 0
3070 0
3071 0
3072 0
3073 0
3074 0
3075 0
3076 0
3077 0
3078 0
3079 0
3080 0
3081 0
3082 0
3083 0
3084 0
3085 0
3086 0
3087 0
3088 0
3089 0
3090 0
3091 0
3092 0
3093 0
3094 0
3095 0
3096 0
3097 0
3098 0
3099 0
3100 0
3101 0
3102 0
3103 0
3104 0
3105 1
3106 0
3107 0
3108 0
3109 0
3110 0
3111 0
3112 0
3113 0
3114 0
3115 0
3116 0
3117 0
3118 0
3119 1
3120 0
3121 0
3122 0
3123 0
3124 1
3125 0
3126 0
3127 0
3128 0
3129 0
3130 0
3131 0
3132 0
3133 0
3134 0
3135 0
3136 0
3137 0
3138 0
3139 0
3140 0
3141 0
3142 0
3143 0
3144 0
3145 0
3146 0
3147 0
3148 0
3149 0
3150 0
3151 0
3152 0
3153 0
3154 0
3155 0
3156 0
3157 0
3158 0
3159 0
3160 1
3161 0
3162 0
3163 0
3164 0
3165 0
3166 0
3167 0
3168 0
3169 0
3170 0
3171 0
3172 0
3173 0
3174 0
3175 0
3176 0
3177 0
3178 0
3179 0
3180 0
3181 0
3182 0
3183 0
3184 1
3185 0
3186 0
3187 0
3188 0
3189 0
3190 0
3191 0
3192 0
3193 0
3194 0
3195 0
3196 0
3197 0
3198 0
3199 0
3200 0
3201 0
3202 0
3203 0
3204 0
3205 0
3206 0
3207 0
3208 0
3209 0
3210 0
3211 0
3212 0
3213 0
3214 0
3215 0
3216 0
3217 1
3218 0
3219 0
3220 0
3221 0
3222 0
3223 0
3224 0
3225 0
3226 0
3227 0
3228 1
3229 0
3230 0
3231 0
3232 0
3233 0
3234 0
3235 0
3236 0
3237 0
3238 0
3239 0
3240 0
3241 0
3242 0
3243 0
3244 0
3245 0
3246 0
3247 0
3248 0
3249 0
3250 0
3251 0
3252 0
3253 0
3254 0
3255 0
3256 0
3257 0
3258 0
3259 0
3260 1
3261 0
3262 0
3263 0
3264 0
3265 0
3266 0
3267 0
3268 0
3269 0
3270 0
3271 0
3272 0
3273 0
3274 0
3275 0
3276 0
3277 0
3278 0
3279 0
3280 0
3281 0
3282 0
3283 0
3284 0
3285 0
3286 0
3287 0
3288 0
3289 0
3290 0
3291 0
3292 0
3293 0
3294 0
3295 0
3296 0
3297 0
3298 0
3299 0
3300 0
3301 0
3302 0
3303 0
3304 0
3305 0
3306 0
3307 0
3308 0
3309 0
3310 0
3311 0
3312 0
3313 0
3314 0
3315 0
3316 0
3317 0
3318 0
3319 0
3320 0
3321 0
3322 0
3323 0
3324 0
3325 0
3326 0
3327 0
3328 0
3329 1
3330 0
3331 0
3332 0
3333 1
3334 0
3335 0
3336 0
3337 0
3338 0
3339 0
3340 0
3341 0
3342 0
3343 0
3344 0
3345 0
3346 0
3347 0
3348 0
3349 1
3350 0
3351 0
3352 0
3353 0
3354 0
3355 0
3356 0
3357 0
3358 0
3359 0
3360 0
3361 0
3362 0
3363 0
3364 0
3365 0
3366 0
3367 0
3368 0
3369 0
3370 0
3371 0
3372 0
3373 0
3374 0
3375 0
3376 0
3377 0
3378 0
3379 0
3380 0
3381 0
3382 0
3383 0
3384 0
3385 0
3386 0
3387 0
3388 0
3389 0
3390 0
3391 0
3392 0
3393 0
3394 0
3395 0
3396 0
3397 0
3398 0
3399 0
3400 0
3401 0
3402 0
3403 0
3404 0
3405 0
3406 0
3407 0
3408 0
3409 0
3410 0
3411 0
3412 0
3413 0
3414 0
3415 0
3416 0
3417 0
3418 0
3419 0
3420 0
3421 0
3422 0
3423 0
3424 0
3425 0
3426 0
3427 0
3428 0
3429 0
3430 1
3431 0
3432 0
3433 0
3434 1
3435 0
3436 0
3437 0
3438 0
3439 0
3440 0
3441 0
3442 0
3443 0
3444 0
3445 0
3446 0
3447 0
3448 0
3449 0
3450 0
3451 0
3452 0
3453 0
3454 0
3455 0
3456 0
3457 0
3458 0
3459 0
3460 0
3461 0
3462 0
3463 0
3464 0
3465 0
3466 0
3467 0
3468 0
3469 0
3470 0
3471 0
3472 0
3473 0
3474 0
3475 0
3476 0
3477 0
3478 0
3479 0
3480 0
3481 0
3482 0
3483 0
3484 0
3485 0
3486 0
3487 0
3488 0
3489 0
3490 0
3491 0
3492 0
3493 0
3494 0
3495 0
3496 0
3497 0
3498 0
3499 0
3500 0
3501 0
3502 0
3503 0
3504 0
3505 0
3506 0
3507 0
3508 0
3509 0
3510 0
3511 0
3512 0
3513 0
3514 0
3515 0
3516 0
3517 0
3518 0
3519 0
3520 0
3521 0
3522 0
3523 0
3524 0
3525 0
3526 0
3527 0
3528 0
3529 0
3530 0
3531 0
3532 0
3533 0
3534 0
3535 0
3536 0
3537 0
3538 0
3539 0
3540 0
3541 0
3542 0
3543 0
3544 0
3545 0
3546 0
3547 0
3548 0
3549 0
3550 0
3551 0
3552 0
3553 0
3554 0
3555 0
3556 0
3557 0
3558 0
3559 0
3560 0
3561 0
3562 0
3563 0
3564 0
3565 0
3566 0
3567 0
3568 0
3569 0
3570 0
3571 0
3572 0
3573 0
3574 0
3575 0
3576 0
3577 0
3578 0
3579 0
3580 0
3581 0
3582 0
3583 0
3584 0
3585 0
3586 0
3587 0
3588 0
3589 0
3590 0
3591 0
3592 0
3593 0
3594 0
3595 0
3596 0
3597 0
3598 0
3599 0
3600 0
3601 0
3602 0
3603 0
3604 0
3605 0
3606 0
3607 0
3608 0
3609 0
3610 0
3611 0
3612 0
3613 0
3614 0
3615 0
3616 0
3617 0
3618 0
3619 0
3620 0
3621 0
3622 0
3623 0
3624 0
3625 0
3626 0
3627 0
3628 0
3629 0
3630 0
3631 0
3632 0
3633 0
3634 0
3635 0
3636 0
3637 0
3638 0
3639 0
3640 0
3641 1
3642 0
3643 0
3644 0
3645 0
3646 0
3647 0
3648 0
3649 0
3650 0
3651 0
3652 0
3653 0
3654 0
3655 0
3656 0
3657 0
3658 0
3659 0
3660 0
3661 0
3662 0
3663 0
3664 0
3665 0
3666 0
3667 0
3668 0
3669 0
3670 0
3671 0
3672 0
3673 0
3674 0
3675 0
3676 0
3677 0
3678 0
3679 0
3680 0
3681 0
3682 0
3683 0
3684 0
3685 0
3686 0
3687 0
3688 0
3689 0
3690 0
3691 0
3692 0
3693 0
3694 0
3695 0
3696 0
3697 0
3698 0
3699 0
3700 0
3701 0
3702 0
3703 0
3704 0
3705 0
3706 0
3707 0
3708 0
3709 0
3710 0
3711 0
3712 0
3713 0
3714 0
3715 0
3716 0
3717 0
3718 0
3719 0
3720 0
3721 0
3722 0
3723 0
3724 0
3725 0
3726 0
3727 0
3728 0
3729 0
3730 0
3731 0
3732 0
3733 0
3734 0
3735 0
3736 0
3737 0
3738 0
3739 0
3740 0
3741 0
3742 0
3743 0
3744 0
3745 0
3746 0
3747 0
3748 0
3749 0
3750 0
3751 0
3752 0
3753 0
3754 0
3755 0
3756 0
3757 0
3758 0
3759 0
3760 0
3761 0
3762 0
3763 0
3764 0
3765 0
3766 0
3767 0
3768 0
3769 0
3770 0
3771 0
3772 0
3773 0
3774 1
3775 0
3776 0
3777 0
3778 0
3779 0
3780 0
3781 0
3782 0
3783 0
3784 0
3785 0
3786 0
3787 0
3788 0
3789 0
3790 0
3791 0
3792 0
3793 0
3794 0
3795 0
3796 0
3797 0
3798 0
3799 0
3800 0
3801 0
3802 0
3803 0
3804 0
3805 0
3806 0
3807 0
3808 0
3809 0
3810 0
3811 0
3812 0
3813 1
3814 0
3815 0
3816 1
3817 0
3818 0
3819 0
3820 0
3821 0
3822 0
3823 0
3824 0
3825 0
3826 0
3827 0
3828 0
3829 0
3830 0
3831 0
3832 0
3833 0
3834 0
3835 0
3836 0
3837 0
3838 0
3839 0
3840 0
3841 0
3842 0
3843 0
3844 0
3845 0
3846 0
3847 0
3848 0
3849 0
3850 0
3851 0
3852 0
3853 0
3854 0
3855 0
3856 0
3857 0
3858 0
3859 0
3860 0
3861 0
3862 0
3863 0
3864 0
3865 0
3866 0
3867 0
3868 0
3869 0
3870 0
3871 0
3872 0
3873 0
3874 0
3875 0
3876 0
3877 0
3878 0
3879 0
3880 0
3881 0
3882 0
3883 0
3884 0
3885 0
3886 0
3887 0
3888 0
3889 0
3890 0
3891 0
3892 0
3893 0
3894 0
3895 0
3896 0
3897 0
3898 0
3899 0
3900 0
3901 0
3902 0
3903 0
3904 0
3905 0
3906 0
3907 0
3908 0
3909 0
3910 0
3911 0
3912 0
3913 0
3914 0
3915 0
3916 0
3917 0
3918 0
3919 0
3920 1
3921 0
3922 0
3923 0
3924 0
3925 0
3926 0
3927 0
3928 0
3929 0
3930 0
3931 0
3932 0
3933 0
3934 0
3935 0
3936 0
3937 0
3938 0
3939 0
3940 0
3941 0
3942 0
3943 0
3944 0
3945 0
3946 0
3947 0
3948 0
3949 0
3950 0
3951 0
3952 0
3953 0
3954 0
3955 0
3956 0
3957 0
3958 0
3959 0
3960 0
3961 0
3962 0
3963 0
3964 0
3965 0
3966 0
3967 0
3968 0
3969 0
3970 0
3971 0
3972 0
3973 0
3974 0
3975 0
3976 0
3977 0
3978 0
3979 0
3980 0
3981 0
3982 0
3983 0
3984 0
3985 0
3986 0
3987 0
3988 0
3989 0
3990 0
3991 0
3992 0
3993 0
3994 0
3995 0
3996 0
3997 0
3998 0
3999 0
4000 0
