0 0
1 0
2 0
3 0
4 0
5 0
6 0
7 0
8 0
9 0
10 0
11 0
12 0
13 0
14 0
15 0
16 0
17 0
18 0
19 0
20 0
21 0
22 0
23 0
24 0
25 0
26 0
27 0
28 0
29 0
30 0
31 0
32 0
33 0
34 0
35 0
36 0
37 0
38 0
39 0
40 0
41 0
42 0
43 0
44 0
45 0
46 0
47 0
48 0
49 0
50 0
51 0
52 0
53 0
54 0
55 0
56 0
57 0
58 0
59 0
60 0
61 0
62 0
63 0
64 0
65 0
66 0
67 0
68 0
69 0
70 0
71 0
72 0
73 0
74 0
75 0
76 0
77 0
78 0
79 0
80 0
81 0
82 0
83 0
84 0
85 0
86 0
87 0
88 0
89 0
90 0
91 0
92 0
93 0
94 0
95 0
96 0
97 0
98 0
99 0
100 0
101 0
102 0
103 0
104 0
105 0
106 0
107 0
108 0
109 0
110 0
111 0
112 0
113 0
114 0
115 0
116 0
117 0
118 0
119 0
120 0
121 0
122 0
123 0
124 0
125 0
126 0
127 0
128 0
129 0
130 0
131 0
132 0
133 0
134 0
135 0
136 0
137 0
138 0
139 0
140 0
141 0
142 0
143 0
144 0
145 0
146 1
147 0
148 1
149 0
150 0
151 0
152 1
153 8
154 7
155 3
156 3
157 6
158 6
159 1
160 4
161 10
162 7
163 6
164 5
165 4
166 6
167 7
168 3
169 5
170 12
171 15
172 42
173 83
174 111
175 167
176 196
177 288
178 304
179 368
180 392
181 617
182 873
183 1333
184 2132
185 2878
186 3660
187 4183
188 4371
189 4513
190 4295
191 4137
192 3780
193 3570
194 3108
195 2857
196 2687
197 2349
198 2110
199 1908
200 1658
201 1473
202 1235
203 1182
204 1096
205 995
206 924
207 842
208 854
209 780
210 717
211 731
212 748
213 684
214 709
215 739
216 688
217 667
218 668
219 718
220 682
221 745
222 736
223 668
224 708
225 718
226 706
227 699
228 745
229 714
230 703
231 696
232 684
233 740
234 741
235 762
236 774
237 710
238 734
239 771
240 783
241 720
242 768
243 709
244 725
245 764
246 746
247 809
248 718
249 765
250 768
251 750
252 798
253 849
254 784
255 706
256 742
257 755
258 774
259 790
260 824
261 708
262 824
263 812
264 801
265 796
266 820
267 816
268 827
269 857
270 816
271 858
272 751
273 881
274 834
275 835
276 836
277 827
278 800
279 853
280 864
281 864
282 864
283 872
284 859
285 862
286 821
287 868
288 830
289 798
290 882
291 807
292 841
293 846
294 842
295 933
296 884
297 858
298 854
299 863
300 873
301 876
302 858
303 876
304 866
305 910
306 876
307 884
308 822
309 858
310 872
311 847
312 889
313 835
314 896
315 788
316 865
317 859
318 920
319 870
320 841
321 921
322 909
323 924
324 905
325 956
326 918
327 871
328 898
329 888
330 915
331 892
332 892
333 916
334 953
335 886
336 916
337 908
338 881
339 927
340 901
341 939
342 867
343 916
344 834
345 907
346 833
347 851
348 907
349 916
350 940
351 917
352 958
353 867
354 953
355 889
356 940
357 917
358 885
359 948
360 903
361 916
362 943
363 899
364 965
365 912
366 935
367 961
368 921
369 922
370 939
371 927
372 927
373 957
374 1030
375 930
376 933
377 951
378 957
379 956
380 951
381 983
382 886
383 971
384 926
385 956
386 907
387 976
388 973
389 963
390 999
391 980
392 987
393 987
394 864
395 978
396 962
397 1002
398 972
399 994
400 995
401 1067
402 977
403 1018
404 976
405 1019
406 951
407 983
408 1086
409 1001
410 975
411 999
412 972
413 977
414 1014
415 1110
416 1005
417 1069
418 1064
419 1050
420 1069
421 1031
422 1073
423 1060
424 1085
425 1065
426 1100
427 1082
428 1047
429 1047
430 1026
431 1109
432 1085
433 1120
434 1133
435 1127
436 1168
437 1148
438 1165
439 1152
440 1094
441 1143
442 1135
443 1106
444 1141
445 1162
446 1161
447 1163
448 1164
449 1210
450 1177
451 1210
452 1151
453 1188
454 1164
455 1229
456 1187
457 1181
458 1223
459 1228
460 1193
461 1227
462 1273
463 1224
464 1189
465 1277
466 1273
467 1209
468 1221
469 1225
470 1178
471 1299
472 1282
473 1311
474 1315
475 1307
476 1310
477 1308
478 1330
479 1313
480 1335
481 1363
482 1340
483 1323
484 1312
485 1325
486 1353
487 1379
488 1348
489 1322
490 1359
491 1364
492 1299
493 1404
494 1437
495 1449
496 1375
497 1388
498 1449
499 1440
500 1427
501 1382
502 1478
503 1424
504 1461
505 1426
506 1457
507 1450
508 1472
509 1470
510 1429
511 1488
512 1472
513 1534
514 1559
515 1470
516 1527
517 1556
518 1468
519 1509
520 1535
521 1553
522 1541
523 1563
524 1618
525 1563
526 1517
527 1594
528 1546
529 1561
530 1610
531 1547
532 1542
533 1558
534 1583
535 1532
536 1569
537 1659
538 1574
539 1586
540 1578
541 1602
542 1643
543 1707
544 1590
545 1592
546 1615
547 1665
548 1603
549 1577
550 1688
551 1723
552 1619
553 1577
554 1626
555 1630
556 1713
557 1631
558 1696
559 1693
560 1648
561 1718
562 1748
563 1684
564 1621
565 1574
566 1732
567 1663
568 1672
569 1678
570 1678
571 1682
572 1649
573 1665
574 1705
575 1672
576 1697
577 1682
578 1636
579 1682
580 1699
581 1777
582 1785
583 1654
584 1707
585 1658
586 1694
587 1704
588 1671
589 1726
590 1734
591 1683
592 1796
593 1727
594 1670
595 1761
596 1695
597 1672
598 1665
599 1740
600 1757
601 1717
602 1677
603 1714
604 1732
605 1675
606 1643
607 1646
608 1722
609 1666
610 1652
611 1636
612 1665
613 1650
614 1659
615 1757
616 1604
617 1676
618 1640
619 1592
620 1675
621 1689
622 1660
623 1598
624 1701
625 1576
626 1613
627 1659
628 1601
629 1717
630 1602
631 1626
632 1565
633 1568
634 1646
635 1518
636 1540
637 1597
638 1560
639 1630
640 1620
641 1612
642 1551
643 1619
644 1600
645 1579
646 1538
647 1533
648 1585
649 1524
650 1480
651 1560
652 1493
653 1496
654 1465
655 1509
656 1538
657 1534
658 1481
659 1466
660 1406
661 1472
662 1428
663 1518
664 1543
665 1440
666 1421
667 1524
668 1439
669 1467
670 1519
671 1439
672 1418
673 1433
674 1429
675 1448
676 1340
677 1383
678 1374
679 1350
680 1332
681 1363
682 1324
683 1318
684 1323
685 1294
686 1324
687 1327
688 1324
689 1292
690 1306
691 1271
692 1258
693 1353
694 1312
695 1346
696 1259
697 1285
698 1246
699 1264
700 1294
701 1169
702 1261
703 1236
704 1194
705 1211
706 1209
707 1204
708 1180
709 1180
710 1186
711 1179
712 1155
713 1145
714 1146
715 1190
716 1126
717 1096
718 1141
719 1081
720 1123
721 1128
722 1105
723 1120
724 1038
725 1055
726 1056
727 1134
728 1076
729 1095
730 1060
731 1067
732 1071
733 964
734 1057
735 1040
736 994
737 1010
738 974
739 1026
740 896
741 960
742 1014
743 984
744 1022
745 934
746 981
747 911
748 989
749 961
750 968
751 900
752 896
753 872
754 936
755 879
756 842
757 924
758 881
759 829
760 895
761 870
762 810
763 870
764 829
765 853
766 811
767 824
768 812
769 817
770 820
771 759
772 809
773 751
774 767
775 822
776 761
777 759
778 757
779 712
780 779
781 678
782 697
783 757
784 706
785 713
786 724
787 692
788 732
789 741
790 697
791 674
792 698
793 702
794 629
795 648
796 702
797 671
798 653
799 694
800 662
801 680
802 660
803 635
804 639
805 607
806 646
807 603
808 629
809 598
810 576
811 586
812 580
813 567
814 576
815 605
816 582
817 560
818 537
819 556
820 559
821 545
822 563
823 491
824 498
825 524
826 569
827 533
828 512
829 535
830 511
831 488
832 518
833 492
834 492
835 477
836 482
837 482
838 482
839 478
840 433
841 462
842 512
843 428
844 477
845 451
846 485
847 464
848 441
849 462
850 427
851 472
852 405
853 428
854 433
855 419
856 433
857 379
858 438
859 391
860 379
861 387
862 423
863 370
864 362
865 416
866 403
867 416
868 372
869 398
870 423
871 405
872 358
873 378
874 391
875 370
876 353
877 351
878 352
879 360
880 400
881 376
882 350
883 346
884 341
885 370
886 354
887 314
888 326
889 389
890 351
891 336
892 339
893 349
894 330
895 324
896 325
897 311
898 310
899 332
900 307
901 318
902 328
903 307
904 316
905 328
906 318
907 302
908 304
909 279
910 293
911 343
912 290
913 304
914 306
915 293
916 288
917 292
918 320
919 286
920 281
921 260
922 310
923 311
924 263
925 278
926 257
927 275
928 269
929 261
930 267
931 246
932 257
933 279
934 293
935 276
936 245
937 267
938 275
939 274
940 253
941 250
942 258
943 236
944 261
945 251
946 273
947 239
948 248
949 241
950 237
951 232
952 275
953 258
954 237
955 227
956 239
957 235
958 229
959 245
960 240
961 241
962 215
963 228
964 231
965 249
966 254
967 237
968 223
969 256
970 218
971 231
972 233
973 214
974 217
975 202
976 236
977 252
978 207
979 231
980 222
981 208
982 208
983 197
984 199
985 248
986 207
987 190
988 210
989 214
990 241
991 235
992 229
993 190
994 186
995 198
996 180
997 209
998 211
999 182
1000 202
1001 230
1002 197
1003 213
1004 197
1005 223
1006 220
1007 203
1008 190
1009 208
1010 196
1011 188
1012 223
1013 218
1014 192
1015 183
1016 194
1017 188
1018 236
1019 227
1020 212
1021 226
1022 205
1023 192
1024 178
1025 188
1026 195
1027 192
1028 205
1029 202
1030 196
1031 188
1032 197
1033 178
1034 191
1035 175
1036 195
1037 203
1038 203
1039 221
1040 177
1041 153
1042 177
1043 171
1044 163
1045 214
1046 178
1047 183
1048 186
1049 207
1050 216
1051 197
1052 187
1053 193
1054 210
1055 195
1056 182
1057 174
1058 161
1059 178
1060 214
1061 181
1062 176
1063 190
1064 159
1065 190
1066 226
1067 159
1068 180
1069 183
1070 180
1071 194
1072 214
1073 183
1074 207
1075 181
1076 177
1077 215
1078 193
1079 175
1080 187
1081 201
1082 197
1083 176
1084 191
1085 183
1086 169
1087 162
1088 207
1089 196
1090 172
1091 178
1092 174
1093 189
1094 152
1095 174
1096 176
1097 168
1098 187
1099 170
1100 186
1101 175
1102 193
1103 188
1104 152
1105 153
1106 188
1107 185
1108 187
1109 187
1110 193
1111 165
1112 162
1113 164
1114 182
1115 173
1116 165
1117 198
1118 171
1119 179
1120 152
1121 180
1122 162
1123 159
1124 186
1125 173
1126 203
1127 182
1128 182
1129 175
1130 196
1131 177
1132 191
1133 191
1134 194
1135 156
1136 170
1137 179
1138 162
1139 170
1140 157
1141 180
1142 201
1143 189
1144 175
1145 159
1146 172
1147 190
1148 173
1149 167
1150 178
1151 167
1152 188
1153 166
1154 174
1155 188
1156 167
1157 158
1158 161
1159 189
1160 161
1161 192
1162 170
1163 182
1164 184
1165 166
1166 157
1167 162
1168 195
1169 155
1170 193
1171 172
1172 162
1173 182
1174 189
1175 208
1176 184
1177 178
1178 188
1179 157
1180 186
1181 189
1182 174
1183 185
1184 147
1185 169
1186 180
1187 194
1188 181
1189 195
1190 167
1191 174
1192 172
1193 160
1194 190
1195 177
1196 185
1197 180
1198 180
1199 182
1200 174
1201 187
1202 157
1203 181
1204 168
1205 174
1206 169
1207 197
1208 175
1209 167
1210 190
1211 154
1212 170
1213 169
1214 161
1215 177
1216 187
1217 201
1218 182
1219 180
1220 167
1221 182
1222 199
1223 170
1224 156
1225 180
1226 199
1227 175
1228 173
1229 168
1230 159
1231 189
1232 199
1233 184
1234 190
1235 149
1236 169
1237 157
1238 159
1239 195
1240 186
1241 183
1242 207
1243 157
1244 176
1245 199
1246 163
1247 200
1248 188
1249 162
1250 163
1251 155
1252 148
1253 160
1254 168
1255 171
1256 193
1257 201
1258 188
1259 163
1260 157
1261 184
1262 172
1263 198
1264 174
1265 167
1266 159
1267 176
1268 166
1269 193
1270 184
1271 174
1272 153
1273 159
1274 168
1275 192
1276 166
1277 188
1278 162
1279 183
1280 198
1281 166
1282 161
1283 190
1284 185
1285 189
1286 169
1287 179
1288 189
1289 164
1290 178
1291 185
1292 152
1293 144
1294 160
1295 164
1296 193
1297 183
1298 184
1299 181
1300 185
1301 157
1302 145
1303 171
1304 172
1305 161
1306 166
1307 172
1308 177
1309 184
1310 169
1311 179
1312 160
1313 172
1314 189
1315 159
1316 173
1317 193
1318 160
1319 185
1320 185
1321 151
1322 164
1323 170
1324 164
1325 177
1326 158
1327 171
1328 173
1329 158
1330 189
1331 162
1332 184
1333 170
1334 198
1335 173
1336 174
1337 155
1338 191
1339 179
1340 159
1341 185
1342 161
1343 174
1344 160
1345 169
1346 167
1347 185
1348 160
1349 168
1350 162
1351 174
1352 163
1353 178
1354 166
1355 185
1356 176
1357 160
1358 174
1359 159
1360 164
1361 181
1362 168
1363 170
1364 161
1365 176
1366 189
1367 162
1368 176
1369 170
1370 178
1371 146
1372 164
1373 154
1374 180
1375 165
1376 165
1377 166
1378 151
1379 167
1380 182
1381 178
1382 160
1383 160
1384 180
1385 168
1386 149
1387 149
1388 174
1389 154
1390 163
1391 151
1392 154
1393 172
1394 179
1395 158
1396 154
1397 169
1398 196
1399 137
1400 165
1401 173
1402 160
1403 163
1404 152
1405 161
1406 169
1407 178
1408 171
1409 141
1410 176
1411 165
1412 159
1413 171
1414 159
1415 150
1416 165
1417 163
1418 176
1419 173
1420 173
1421 192
1422 176
1423 170
1424 164
1425 157
1426 152
1427 157
1428 184
1429 148
1430 158
1431 164
1432 150
1433 163
1434 150
1435 173
1436 172
1437 151
1438 124
1439 149
1440 191
1441 145
1442 168
1443 164
1444 164
1445 154
1446 140
1447 156
1448 151
1449 151
1450 162
1451 157
1452 162
1453 157
1454 147
1455 172
1456 147
1457 134
1458 152
1459 147
1460 166
1461 142
1462 155
1463 157
1464 139
1465 167
1466 162
1467 164
1468 142
1469 157
1470 147
1471 151
1472 157
1473 141
1474 160
1475 138
1476 132
1477 136
1478 136
1479 149
1480 128
1481 124
1482 135
1483 150
1484 158
1485 153
1486 150
1487 146
1488 149
1489 128
1490 146
1491 143
1492 144
1493 144
1494 153
1495 122
1496 139
1497 142
1498 126
1499 124
1500 122
1501 155
1502 112
1503 137
1504 141
1505 136
1506 129
1507 119
1508 141
1509 128
1510 140
1511 146
1512 150
1513 153
1514 129
1515 147
1516 124
1517 133
1518 150
1519 131
1520 134
1521 136
1522 114
1523 125
1524 140
1525 133
1526 132
1527 150
1528 127
1529 136
1530 119
1531 129
1532 142
1533 129
1534 126
1535 122
1536 126
1537 125
1538 129
1539 121
1540 120
1541 140
1542 121
1543 118
1544 113
1545 132
1546 136
1547 120
1548 127
1549 131
1550 122
1551 122
1552 110
1553 129
1554 137
1555 134
1556 118
1557 133
1558 122
1559 124
1560 126
1561 108
1562 136
1563 133
1564 106
1565 99
1566 120
1567 107
1568 120
1569 95
1570 117
1571 120
1572 124
1573 111
1574 129
1575 113
1576 100
1577 94
1578 113
1579 118
1580 121
1581 120
1582 119
1583 109
1584 129
1585 115
1586 99
1587 95
1588 126
1589 114
1590 121
1591 112
1592 125
1593 110
1594 98
1595 122
1596 117
1597 120
1598 126
1599 114
1600 94
1601 123
1602 124
1603 91
1604 98
1605 129
1606 113
1607 107
1608 112
1609 91
1610 105
1611 103
1612 116
1613 98
1614 88
1615 96
1616 118
1617 92
1618 118
1619 103
1620 97
1621 96
1622 106
1623 97
1624 113
1625 88
1626 88
1627 113
1628 118
1629 119
1630 109
1631 96
1632 97
1633 97
1634 95
1635 99
1636 124
1637 92
1638 86
1639 93
1640 90
1641 105
1642 116
1643 100
1644 114
1645 102
1646 108
1647 85
1648 76
1649 96
1650 94
1651 109
1652 91
1653 105
1654 95
1655 100
1656 103
1657 119
1658 75
1659 108
1660 97
1661 86
1662 83
1663 87
1664 96
1665 89
1666 93
1667 78
1668 92
1669 89
1670 106
1671 105
1672 91
1673 87
1674 96
1675 79
1676 88
1677 96
1678 88
1679 90
1680 75
1681 86
1682 100
1683 106
1684 67
1685 99
1686 78
1687 89
1688 95
1689 92
1690 77
1691 85
1692 87
1693 76
1694 93
1695 87
1696 87
1697 79
1698 62
1699 87
1700 68
1701 90
1702 95
1703 71
1704 69
1705 77
1706 70
1707 75
1708 84
1709 70
1710 82
1711 91
1712 67
1713 78
1714 74
1715 77
1716 84
1717 82
1718 61
1719 71
1720 75
1721 84
1722 77
1723 87
1724 63
1725 82
1726 77
1727 74
1728 78
1729 76
1730 74
1731 84
1732 51
1733 76
1734 69
1735 79
1736 60
1737 82
1738 64
1739 63
1740 63
1741 54
1742 91
1743 53
1744 65
1745 71
1746 58
1747 75
1748 77
1749 66
1750 77
1751 71
1752 68
1753 73
1754 65
1755 78
1756 79
1757 61
1758 67
1759 44
1760 55
1761 59
1762 60
1763 65
1764 57
1765 72
1766 71
1767 70
1768 71
1769 65
1770 55
1771 57
1772 50
1773 48
1774 58
1775 70
1776 66
1777 64
1778 73
1779 63
1780 65
1781 65
1782 76
1783 54
1784 82
1785 62
1786 46
1787 72
1788 51
1789 54
1790 60
1791 60
1792 61
1793 50
1794 54
1795 65
1796 50
1797 67
1798 57
1799 56
1800 78
1801 61
1802 69
1803 45
1804 61
1805 45
1806 39
1807 47
1808 60
1809 51
1810 43
1811 71
1812 46
1813 57
1814 63
1815 58
1816 53
1817 50
1818 63
1819 56
1820 49
1821 50
1822 59
1823 55
1824 49
1825 54
1826 49
1827 59
1828 44
1829 60
1830 61
1831 44
1832 49
1833 48
1834 55
1835 60
1836 55
1837 49
1838 53
1839 51
1840 55
1841 57
1842 40
1843 52
1844 52
1845 56
1846 43
1847 55
1848 48
1849 52
1850 55
1851 31
1852 50
1853 48
1854 39
1855 41
1856 51
1857 49
1858 48
1859 45
1860 47
1861 39
1862 49
1863 46
1864 50
1865 37
1866 60
1867 49
1868 47
1869 68
1870 54
1871 50
1872 42
1873 55
1874 46
1875 41
1876 41
1877 53
1878 39
1879 34
1880 41
1881 45
1882 44
1883 43
1884 49
1885 50
1886 51
1887 39
1888 41
1889 47
1890 46
1891 45
1892 50
1893 38
1894 54
1895 41
1896 29
1897 48
1898 45
1899 44
1900 47
1901 34
1902 39
1903 55
1904 42
1905 55
1906 43
1907 46
1908 41
1909 36
1910 24
1911 36
1912 44
1913 50
1914 22
1915 34
1916 36
1917 47
1918 36
1919 56
1920 46
1921 34
1922 36
1923 45
1924 32
1925 35
1926 48
1927 41
1928 35
1929 52
1930 32
1931 35
1932 32
1933 32
1934 33
1935 39
1936 43
1937 31
1938 34
1939 37
1940 42
1941 33
1942 46
1943 38
1944 48
1945 46
1946 20
1947 34
1948 36
1949 35
1950 30
1951 31
1952 35
1953 41
1954 30
1955 35
1956 42
1957 32
1958 21
1959 39
1960 38
1961 23
1962 34
1963 32
1964 35
1965 32
1966 41
1967 44
1968 29
1969 25
1970 42
1971 42
1972 23
1973 36
1974 41
1975 23
1976 32
1977 27
1978 26
1979 24
1980 22
1981 36
1982 30
1983 34
1984 27
1985 29
1986 29
1987 38
1988 33
1989 43
1990 34
1991 29
1992 20
1993 29
1994 27
1995 34
1996 39
1997 34
1998 27
1999 35
2000 27
2001 33
2002 33
2003 26
2004 21
2005 22
2006 34
2007 21
2008 29
2009 30
2010 28
2011 26
2012 28
2013 35
2014 28
2015 30
2016 36
2017 28
2018 31
2019 32
2020 35
2021 32
2022 24
2023 20
2024 23
2025 22
2026 25
2027 25
2028 33
2029 22
2030 32
2031 27
2032 25
2033 36
2034 26
2035 21
2036 35
2037 26
2038 23
2039 24
2040 20
2041 31
2042 25
2043 20
2044 25
2045 21
2046 26
2047 25
2048 25
2049 27
2050 22
2051 15
2052 21
2053 18
2054 26
2055 27
2056 27
2057 24
2058 31
2059 18
2060 32
2061 24
2062 32
2063 21
2064 18
2065 20
2066 16
2067 18
2068 20
2069 19
2070 22
2071 20
2072 24
2073 28
2074 24
2075 20
2076 31
2077 26
2078 24
2079 21
2080 26
2081 24
2082 18
2083 24
2084 25
2085 31
2086 21
2087 28
2088 27
2089 17
2090 25
2091 22
2092 22
2093 25
2094 18
2095 17
2096 28
2097 16
2098 11
2099 15
2100 14
2101 19
2102 13
2103 30
2104 23
2105 17
2106 18
2107 16
2108 23
2109 15
2110 10
2111 15
2112 19
2113 23
2114 19
2115 14
2116 15
2117 24
2118 22
2119 14
2120 15
2121 16
2122 16
2123 30
2124 19
2125 13
2126 12
2127 13
2128 19
2129 13
2130 10
2131 12
2132 17
2133 12
2134 17
2135 18
2136 11
2137 18
2138 16
2139 13
2140 11
2141 5
2142 20
2143 17
2144 12
2145 23
2146 11
2147 14
2148 15
2149 21
2150 13
2151 19
2152 19
2153 12
2154 16
2155 18
2156 14
2157 14
2158 16
2159 14
2160 17
2161 14
2162 15
2163 18
2164 10
2165 18
2166 17
2167 11
2168 16
2169 10
2170 9
2171 10
2172 6
2173 10
2174 22
2175 12
2176 16
2177 18
2178 13
2179 9
2180 16
2181 16
2182 9
2183 14
2184 11
2185 12
2186 12
2187 19
2188 14
2189 19
2190 12
2191 10
2192 16
2193 11
2194 10
2195 10
2196 16
2197 7
2198 9
2199 7
2200 13
2201 10
2202 13
2203 9
2204 10
2205 19
2206 18
2207 7
2208 15
2209 7
2210 10
2211 12
2212 11
2213 9
2214 16
2215 6
2216 9
2217 10
2218 10
2219 12
2220 11
2221 12
2222 9
2223 9
2224 8
2225 6
2226 15
2227 10
2228 19
2229 15
2230 10
2231 11
2232 9
2233 5
2234 5
2235 11
2236 13
2237 13
2238 11
2239 9
2240 8
2241 10
2242 7
2243 14
2244 8
2245 8
2246 17
2247 12
2248 10
2249 12
2250 15
2251 10
2252 9
2253 6
2254 14
2255 11
2256 5
2257 8
2258 6
2259 8
2260 7
2261 13
2262 9
2263 2
2264 9
2265 11
2266 9
2267 8
2268 6
2269 5
2270 5
2271 4
2272 14
2273 6
2274 10
2275 7
2276 10
2277 6
2278 7
2279 11
2280 12
2281 7
2282 7
2283 8
2284 6
2285 10
2286 5
2287 8
2288 3
2289 12
2290 6
2291 6
2292 4
2293 11
2294 4
2295 5
2296 7
2297 5
2298 8
2299 10
2300 9
2301 4
2302 6
2303 3
2304 5
2305 7
2306 8
2307 7
2308 6
2309 6
2310 11
2311 4
2312 10
2313 5
2314 5
2315 7
2316 4
2317 3
2318 6
2319 7
2320 10
2321 8
2322 6
2323 5
2324 10
2325 3
2326 6
2327 6
2328 11
2329 8
2330 2
2331 5
2332 6
2333 2
2334 5
2335 5
2336 1
2337 12
2338 1
2339 7
2340 10
2341 8
2342 3
2343 3
2344 6
2345 9
2346 9
2347 8
2348 4
2349 3
2350 4
2351 1
2352 2
2353 6
2354 5
2355 6
2356 6
2357 5
2358 2
2359 5
2360 5
2361 2
2362 3
2363 3
2364 1
2365 8
2366 9
2367 6
2368 5
2369 4
2370 3
2371 7
2372 4
2373 2
2374 7
2375 1
2376 1
2377 5
2378 6
2379 3
2380 3
2381 3
2382 2
2383 3
2384 9
2385 8
2386 6
2387 5
2388 6
2389 9
2390 4
2391 4
2392 3
2393 4
2394 5
2395 1
2396 2
2397 2
2398 2
2399 3
2400 7
2401 3
2402 2
2403 4
2404 5
2405 2
2406 3
2407 4
2408 10
2409 2
2410 5
2411 4
2412 7
2413 4
2414 2
2415 1
2416 5
2417 5
2418 6
2419 1
2420 5
2421 5
2422 6
2423 2
2424 3
2425 1
2426 5
2427 3
2428 8
2429 2
2430 1
2431 3
2432 5
2433 5
2434 7
2435 0
2436 4
2437 3
2438 2
2439 5
2440 1
2441 3
2442 4
2443 5
2444 4
2445 6
2446 2
2447 1
2448 3
2449 2
2450 3
2451 5
2452 4
2453 4
2454 2
2455 6
2456 2
2457 4
2458 4
2459 4
2460 3
2461 1
2462 1
2463 0
2464 1
2465 4
2466 1
2467 3
2468 6
2469 1
2470 7
2471 3
2472 5
2473 3
2474 6
2475 4
2476 0
2477 1
2478 2
2479 4
2480 3
2481 1
2482 3
2483 3
2484 3
2485 2
2486 4
2487 1
2488 3
2489 2
2490 3
2491 2
2492 1
2493 1
2494 4
2495 2
2496 1
2497 3
2498 2
2499 1
2500 1
2501 2
2502 6
2503 3
2504 2
2505 4
2506 3
2507 5
2508 1
2509 0
2510 2
2511 0
2512 5
2513 2
2514 1
2515 0
2516 1
2517 2
2518 0
2519 0
2520 2
2521 1
2522 0
2523 0
2524 1
2525 3
2526 0
2527 4
2528 0
2529 2
2530 1
2531 1
2532 4
2533 3
2534 2
2535 0
2536 0
2537 5
2538 3
2539 2
2540 0
2541 1
2542 1
2543 2
2544 4
2545 1
2546 1
2547 1
2548 0
2549 3
2550 0
2551 3
2552 0
2553 0
2554 0
2555 4
2556 1
2557 0
2558 4
2559 0
2560 1
2561 0
2562 1
2563 0
2564 4
2565 2
2566 1
2567 1
2568 1
2569 1
2570 1
2571 0
2572 3
2573 1
2574 2
2575 1
2576 0
2577 3
2578 1
2579 0
2580 0
2581 2
2582 1
2583 2
2584 1
2585 5
2586 1
2587 0
2588 0
2589 0
2590 0
2591 0
2592 1
2593 0
2594 3
2595 0
2596 2
2597 1
2598 2
2599 2
2600 1
2601 3
2602 0
2603 1
2604 3
2605 2
2606 3
2607 1
2608 1
2609 1
2610 2
2611 0
2612 0
2613 1
2614 1
2615 1
2616 2
2617 0
2618 0
2619 0
2620 1
2621 4
2622 1
2623 1
2624 1
2625 1
2626 4
2627 3
2628 0
2629 1
2630 0
2631 2
2632 0
2633 0
2634 0
2635 1
2636 2
2637 3
2638 0
2639 0
2640 1
2641 0
2642 1
2643 1
2644 3
2645 2
2646 0
2647 2
2648 1
2649 2
2650 1
2651 2
2652 1
2653 1
2654 0
2655 2
2656 1
2657 3
2658 1
2659 0
2660 0
2661 0
2662 0
2663 0
2664 0
2665 0
2666 2
2667 1
2668 0
2669 0
2670 0
2671 1
2672 0
2673 1
2674 1
2675 1
2676 1
2677 0
2678 0
2679 1
2680 0
2681 0
2682 1
2683 2
2684 0
2685 0
2686 1
2687 0
2688 1
2689 2
2690 0
2691 0
2692 1
2693 2
2694 3
2695 2
2696 0
2697 0
2698 1
2699 2
2700 1
2701 2
2702 2
2703 1
2704 2
2705 2
2706 0
2707 0
2708 0
2709 0
2710 0
2711 0
2712 0
2713 0
2714 0
2715 0
2716 0
2717 1
2718 0
2719 1
2720 0
2721 0
2722 0
2723 1
2724 0
2725 1
2726 0
2727 0
2728 3
2729 0
2730 0
2731 0
2732 0
2733 1
2734 0
2735 0
2736 0
2737 0
2738 1
2739 1
2740 0
2741 0
2742 0
2743 1
2744 3
2745 1
2746 0
2747 0
2748 2
2749 0
2750 2
2751 0
2752 0
2753 0
2754 1
2755 0
2756 0
2757 0
2758 0
2759 0
2760 0
2761 0
2762 2
2763 1
2764 1
2765 1
2766 0
2767 0
2768 1
2769 1
2770 1
2771 0
2772 1
2773 0
2774 0
2775 1
2776 0
2777 2
2778 1
2779 1
2780 0
2781 1
2782 2
2783 1
2784 1
2785 0
2786 1
2787 2
2788 0
2789 0
2790 0
2791 0
2792 1
2793 0
2794 0
2795 1
2796 0
2797 2
2798 0
2799 0
2800 0
2801 0
2802 0
2803 0
2804 1
2805 1
2806 1
2807 0
2808 0
2809 0
2810 0
2811 0
2812 1
2813 0
2814 0
2815 0
2816 0
2817 0
2818 0
2819 0
2820 0
2821 1
2822 1
2823 0
2824 0
2825 1
2826 0
2827 0
2828 0
2829 0
2830 0
2831 0
2832 0
2833 1
2834 1
2835 1
2836 0
2837 0
2838 0
2839 0
2840 1
2841 0
2842 0
2843 0
2844 0
2845 0
2846 1
2847 0
2848 1
2849 0
2850 1
2851 0
2852 2
2853 0
2854 0
2855 1
2856 0
2857 1
2858 0
2859 1
2860 1
2861 0
2862 0
2863 0
2864 0
2865 0
2866 0
2867 1
2868 0
2869 1
2870 0
2871 1
2872 1
2873 0
2874 1
2875 0
2876 1
2877 0
2878 1
2879 0
2880 0
2881 1
2882 0
2883 0
2884 1
2885 0
2886 0
2887 0
2888 0
2889 0
2890 1
2891 0
2892 1
2893 0
2894 1
2895 1
2896 0
2897 0
2898 0
2899 1
2900 0
2901 0
2902 0
2903 0
2904 1
2905 0
2906 0
2907 0
2908 0
2909 0
2910 0
2911 0
2912 0
2913 0
2914 0
2915 0
2916 0
2917 0
2918 0
2919 1
2920 0
2921 0
2922 0
2923 0
2924 0
2925 0
2926 0
2927 1
2928 0
2929 0
2930 0
2931 0
2932 0
2933 0
2934 0
2935 0
2936 0
2937 0
2938 1
2939 0
2940 0
2941 0
2942 1
2943 1
2944 0
2945 0
2946 1
2947 0
2948 0
2949 0
2950 0
2951 0
2952 0
2953 0
2954 0
2955 1
2956 0
2957 0
2958 0
2959 0
2960 0
2961 0
2962 0
2963 0
2964 0
2965 0
2966 0
2967 0
2968 0
2969 0
2970 1
2971 1
2972 0
2973 0
2974 1
2975 0
2976 1
2977 0
2978 0
2979 0
2980 0
2981 0
2982 0
2983 0
2984 0
2985 0
2986 1
2987 0
2988 1
2989 0
2990 0
2991 1
2992 0
2993 0
2994 0
2995 0
2996 0
2997 0
2998 0
2999 0
3000 0
3001 0
3002 0
3003 1
3004 0
3005 1
3006 0
3007 0
3008 0
3009 0
3010 0
3011 0
3012 0
3013 0
3014 0
3015 0
3016 0
3017 0
3018 0
3019 0
3020 0
3021 0
3022 0
3023 0
3024 0
3025 0
3026 0
3027 0
3028 0
3029 0
3030 0
3031 1
3032 0
3033 1
3034 0
3035 0
3036 0
3037 0
3038 0
3039 0
3040 1
3041 0
3042 0
3043 0
3044 0
3045 0
3046 0
3047 1
3048 0
3049 0
3050 1
3051 0
3052 0
3053 0
3054 0
3055 1
3056 1
3057 0
3058 0
3059 0
3060 1
3061 0
3062 0
3063 0
3064 0
3065 0
3066 0
3067 0
3068 0
3069 0
3070 0
3071 1
3072 0
3073 0
3074 0
3075 0
3076 0
3077 0
3078 0
3079 0
3080 0
3081 1
3082 0
3083 0
3084 0
3085 0
3086 1
3087 0
3088 0
3089 0
3090 0
3091 0
3092 0
3093 0
3094 0
3095 0
3096 0
3097 0
3098 0
3099 0
3100 0
3101 0
3102 0
3103 0
3104 0
3105 1
3106 0
3107 0
3108 0
3109 0
3110 0
3111 0
3112 0
3113 0
3114 0
3115 0
3116 0
3117 0
3118 0
3119 0
3120 0
3121 0
3122 0
3123 0
3124 0
3125 0
3126 0
3127 0
3128 0
3129 0
3130 0
3131 0
3132 0
3133 0
3134 0
3135 0
3136 1
3137 1
3138 0
3139 0
3140 0
3141 0
3142 0
3143 0
3144 0
3145 0
3146 0
3147 0
3148 1
3149 0
3150 0
3151 0
3152 0
3153 0
3154 0
3155 0
3156 0
3157 0
3158 1
3159 1
3160 0
3161 0
3162 0
3163 0
3164 1
3165 0
3166 0
3167 0
3168 0
3169 1
3170 0
3171 0
3172 0
3173 0
3174 0
3175 0
3176 0
3177 0
3178 0
3179 1
3180 0
3181 0
3182 0
3183 0
3184 0
3185 0
3186 0
3187 0
3188 0
3189 0
3190 1
3191 0
3192 0
3193 0
3194 0
3195 0
3196 1
3197 0
3198 0
3199 0
3200 0
3201 0
3202 0
3203 0
3204 0
3205 0
3206 0
3207 0
3208 0
3209 0
3210 0
3211 0
3212 0
3213 0
3214 0
3215 0
3216 0
3217 0
3218 0
3219 0
3220 0
3221 0
3222 0
3223 0
3224 2
3225 0
3226 0
3227 1
3228 0
3229 0
3230 0
3231 0
3232 0
3233 0
3234 0
3235 0
3236 0
3237 0
3238 0
3239 0
3240 0
3241 0
3242 0
3243 1
3244 0
3245 1
3246 0
3247 0
3248 0
3249 0
3250 0
3251 0
3252 0
3253 0
3254 0
3255 0
3256 0
3257 1
3258 0
3259 0
3260 0
3261 0
3262 0
3263 0
3264 0
3265 0
3266 0
3267 0
3268 0
3269 0
3270 0
3271 0
3272 0
3273 0
3274 0
3275 0
3276 0
3277 0
3278 0
3279 0
3280 0
3281 0
3282 0
3283 0
3284 0
3285 0
3286 0
3287 0
3288 0
3289 0
3290 0
3291 0
3292 0
3293 0
3294 0
3295 0
3296 0
3297 0
3298 0
3299 0
3300 0
3301 0
3302 0
3303 0
3304 0
3305 0
3306 0
3307 0
3308 0
3309 0
3310 0
3311 0
3312 0
3313 0
3314 0
3315 0
3316 0
3317 0
3318 0
3319 0
3320 0
3321 0
3322 0
3323 0
3324 0
3325 0
3326 0
3327 0
3328 0
3329 0
3330 0
3331 0
3332 0
3333 0
3334 0
3335 0
3336 0
3337 0
3338 0
3339 0
3340 0
3341 0
3342 0
3343 0
3344 0
3345 0
3346 0
3347 0
3348 0
3349 0
3350 0
3351 0
3352 0
3353 0
3354 0
3355 0
3356 0
3357 0
3358 0
3359 0
3360 0
3361 0
3362 0
3363 1
3364 0
3365 0
3366 0
3367 0
3368 0
3369 0
3370 0
3371 0
3372 0
3373 0
3374 0
3375 0
3376 0
3377 0
3378 0
3379 0
3380 0
3381 0
3382 0
3383 0
3384 0
3385 0
3386 0
3387 0
3388 0
3389 0
3390 0
3391 0
3392 0
3393 0
3394 0
3395 0
3396 0
3397 0
3398 0
3399 0
3400 0
3401 0
3402 0
3403 0
3404 0
3405 0
3406 0
3407 0
3408 0
3409 0
3410 0
3411 0
3412 0
3413 0
3414 0
3415 0
3416 0
3417 0
3418 0
3419 0
3420 0
3421 0
3422 0
3423 0
3424 0
3425 0
3426 0
3427 0
3428 0
3429 0
3430 0
3431 0
3432 0
3433 0
3434 0
3435 0
3436 0
3437 0
3438 0
3439 0
3440 0
3441 0
3442 0
3443 0
3444 0
3445 0
3446 0
3447 1
3448 0
3449 0
3450 0
3451 0
3452 0
3453 0
3454 0
3455 0
3456 0
3457 0
3458 0
3459 0
3460 0
3461 0
3462 0
3463 0
3464 0
3465 0
3466 0
3467 0
3468 0
3469 0
3470 0
3471 0
3472 1
3473 0
3474 0
3475 0
3476 0
3477 0
3478 0
3479 0
3480 0
3481 0
3482 0
3483 0
3484 0
3485 0
3486 0
3487 0
3488 0
3489 0
3490 0
3491 0
3492 0
3493 0
3494 0
3495 0
3496 0
3497 0
3498 0
3499 0
3500 0
3501 0
3502 0
3503 0
3504 0
3505 0
3506 1
3507 0
3508 0
3509 0
3510 0
3511 0
3512 0
3513 0
3514 0
3515 0
3516 0
3517 0
3518 0
3519 0
3520 0
3521 0
3522 0
3523 0
3524 0
3525 0
3526 0
3527 0
3528 0
3529 0
3530 0
3531 0
3532 0
3533 0
3534 0
3535 0
3536 0
3537 0
3538 0
3539 0
3540 0
3541 0
3542 0
3543 0
3544 0
3545 0
3546 0
3547 0
3548 0
3549 0
3550 0
3551 0
3552 0
3553 0
3554 0
3555 0
3556 0
3557 0
3558 0
3559 0
3560 0
3561 0
3562 0
3563 0
3564 0
3565 0
3566 0
3567 0
3568 0
3569 0
3570 0
3571 0
3572 0
3573 0
3574 0
3575 0
3576 0
3577 1
3578 0
3579 0
3580 0
3581 0
3582 0
3583 0
3584 0
3585 0
3586 0
3587 0
3588 0
3589 0
3590 0
3591 0
3592 0
3593 0
3594 0
3595 0
3596 0
3597 0
3598 0
3599 0
3600 0
3601 0
3602 0
3603 0
3604 0
3605 0
3606 0
3607 0
3608 0
3609 0
3610 0
3611 0
3612 0
3613 0
3614 0
3615 0
3616 0
3617 0
3618 0
3619 0
3620 0
3621 0
3622 0
3623 0
3624 0
3625 0
3626 0
3627 0
3628 0
3629 0
3630 0
3631 0
3632 0
3633 0
3634 0
3635 0
3636 0
3637 0
3638 0
3639 0
3640 0
3641 0
3642 0
3643 0
3644 0
3645 0
3646 0
3647 0
3648 0
3649 0
3650 0
3651 0
3652 0
3653 0
3654 0
3655 0
3656 0
3657 0
3658 0
3659 0
3660 0
3661 0
3662 0
3663 0
3664 0
3665 0
3666 0
3667 0
3668 0
3669 0
3670 0
3671 0
3672 0
3673 0
3674 0
3675 0
3676 0
3677 0
3678 0
3679 0
3680 0
3681 0
3682 0
3683 0
3684 0
3685 0
3686 0
3687 0
3688 0
3689 0
3690 0
3691 0
3692 0
3693 0
3694 0
3695 0
3696 0
3697 0
3698 0
3699 0
3700 0
3701 0
3702 0
3703 0
3704 0
3705 0
3706 0
3707 0
3708 0
3709 0
3710 0
3711 0
3712 0
3713 0
3714 0
3715 0
3716 0
3717 0
3718 0
3719 0
3720 0
3721 0
3722 0
3723 0
3724 0
3725 0
3726 0
3727 0
3728 0
3729 0
3730 0
3731 0
3732 1
3733 0
3734 0
3735 0
3736 0
3737 0
3738 0
3739 0
3740 0
3741 0
3742 0
3743 0
3744 0
3745 0
3746 0
3747 0
3748 0
3749 0
3750 0
3751 0
3752 0
3753 0
3754 0
3755 0
3756 0
3757 0
3758 0
3759 0
3760 0
3761 0
3762 0
3763 0
3764 0
3765 0
3766 0
3767 0
3768 0
3769 0
3770 0
3771 0
3772 0
3773 0
3774 0
3775 0
3776 0
3777 0
3778 0
3779 0
3780 0
3781 0
3782 0
3783 0
3784 0
3785 0
3786 0
3787 1
3788 0
3789 0
3790 0
3791 0
3792 0
3793 0
3794 0
3795 0
3796 0
3797 0
3798 0
3799 0
3800 0
3801 0
3802 0
3803 0
3804 0
3805 0
3806 0
3807 0
3808 0
3809 0
3810 0
3811 0
3812 0
3813 0
3814 0
3815 0
3816 0
3817 0
3818 0
3819 0
3820 0
3821 0
3822 0
3823 0
3824 0
3825 0
3826 0
3827 0
3828 0
3829 0
3830 0
3831 0
3832 0
3833 0
3834 0
3835 0
3836 0
3837 0
3838 0
3839 0
3840 0
3841 0
3842 0
3843 0
3844 0
3845 0
3846 0
3847 0
3848 0
3849 0
3850 0
3851 0
3852 0
3853 0
3854 0
3855 0
3856 0
3857 0
3858 0
3859 0
3860 0
3861 0
3862 0
3863 0
3864 0
3865 0
3866 0
3867 0
3868 0
3869 0
3870 0
3871 0
3872 0
3873 0
3874 0
3875 0
3876 0
3877 0
3878 0
3879 0
3880 0
3881 0
3882 0
3883 0
3884 0
3885 0
3886 0
3887 0
3888 0
3889 0
3890 0
3891 0
3892 0
3893 0
3894 0
3895 0
3896 0
3897 0
3898 0
3899 0
3900 0
3901 0
3902 0
3903 0
3904 0
3905 0
3906 0
3907 0
3908 0
3909 0
3910 0
3911 0
3912 0
3913 0
3914 0
3915 0
3916 0
3917 0
3918 0
3919 0
3920 0
3921 0
3922 0
3923 0
3924 0
3925 0
3926 0
3927 0
3928 0
3929 0
3930 0
3931 0
3932 0
3933 0
3934 0
3935 0
3936 0
3937 0
3938 0
3939 0
3940 0
3941 0
3942 0
3943 0
3944 0
3945 0
3946 0
3947 0
3948 0
3949 0
3950 0
3951 0
3952 0
3953 0
3954 0
3955 0
3956 0
3957 0
3958 0
3959 0
3960 0
3961 0
3962 0
3963 0
3964 0
3965 0
3966 0
3967 0
3968 0
3969 0
3970 0
3971 0
3972 0
3973 0
3974 0
3975 0
3976 0
3977 0
3978 0
3979 0
3980 0
3981 0
3982 0
3983 0
3984 0
3985 0
3986 0
3987 0
3988 0
3989 0
3990 0
3991 0
3992 0
3993 0
3994 0
3995 0
3996 0
3997 0
3998 0
3999 0
4000 0
