0 0
1 0
2 0
3 0
4 0
5 0
6 0
7 0
8 0
9 0
10 0
11 0
12 0
13 0
14 0
15 0
16 0
17 0
18 0
19 0
20 0
21 0
22 0
23 0
24 0
25 0
26 0
27 0
28 0
29 0
30 0
31 0
32 0
33 0
34 0
35 0
36 0
37 0
38 0
39 0
40 0
41 0
42 0
43 0
44 0
45 0
46 0
47 0
48 0
49 0
50 0
51 0
52 0
53 0
54 0
55 0
56 0
57 0
58 0
59 0
60 0
61 0
62 0
63 0
64 0
65 0
66 0
67 0
68 0
69 0
70 0
71 0
72 0
73 0
74 0
75 0
76 0
77 0
78 0
79 0
80 0
81 0
82 0
83 0
84 0
85 0
86 0
87 0
88 0
89 0
90 0
91 0
92 0
93 0
94 0
95 0
96 0
97 0
98 0
99 0
100 0
101 0
102 0
103 0
104 0
105 0
106 0
107 0
108 0
109 0
110 0
111 0
112 0
113 0
114 0
115 0
116 0
117 0
118 0
119 0
120 0
121 0
122 0
123 0
124 0
125 0
126 0
127 0
128 0
129 0
130 0
131 0
132 0
133 0
134 0
135 0
136 0
137 0
138 0
139 0
140 0
141 0
142 0
143 0
144 0
145 0
146 0
147 0
148 0
149 0
150 0
151 0
152 0
153 2
154 1
155 0
156 2
157 3
158 2
159 1
160 2
161 3
162 1
163 0
164 3
165 3
166 2
167 1
168 2
169 2
170 3
171 4
172 2
173 2
174 5
175 3
176 8
177 28
178 24
179 27
180 45
181 54
182 50
183 78
184 102
185 150
186 291
187 520
188 875
189 1178
190 1633
191 1846
192 1845
193 1897
194 1803
195 1738
196 1528
197 1434
198 1275
199 1230
200 1068
201 1012
202 862
203 807
204 743
205 700
206 662
207 588
208 613
209 565
210 556
211 543
212 509
213 475
214 554
215 523
216 503
217 518
218 514
219 529
220 526
221 507
222 555
223 550
224 527
225 527
226 538
227 492
228 486
229 550
230 569
231 555
232 541
233 535
234 553
235 552
236 522
237 526
238 571
239 560
240 553
241 556
242 589
243 550
244 563
245 595
246 546
247 562
248 537
249 581
250 574
251 602
252 628
253 579
254 596
255 575
256 569
257 563
258 599
259 575
260 593
261 595
262 590
263 578
264 634
265 574
266 601
267 602
268 606
269 597
270 603
271 566
272 610
273 606
274 622
275 608
276 587
277 597
278 605
279 622
280 599
281 638
282 626
283 626
284 647
285 610
286 629
287 578
288 675
289 675
290 623
291 680
292 617
293 621
294 683
295 630
296 618
297 671
298 678
299 675
300 692
301 631
302 674
303 624
304 677
305 641
306 704
307 639
308 681
309 685
310 640
311 671
312 684
313 735
314 658
315 713
316 760
317 693
318 722
319 694
320 733
321 783
322 742
323 742
324 741
325 746
326 760
327 703
328 771
329 729
330 781
331 724
332 774
333 728
334 770
335 753
336 742
337 820
338 788
339 754
340 717
341 782
342 772
343 760
344 781
345 792
346 798
347 800
348 851
349 776
350 784
351 796
352 802
353 826
354 806
355 840
356 829
357 814
358 845
359 842
360 803
361 839
362 872
363 842
364 829
365 872
366 867
367 862
368 887
369 848
370 879
371 852
372 925
373 817
374 882
375 863
376 908
377 920
378 845
379 943
380 932
381 947
382 924
383 956
384 986
385 897
386 940
387 887
388 1005
389 977
390 970
391 969
392 1000
393 939
394 947
395 956
396 994
397 950
398 997
399 980
400 939
401 1004
402 994
403 980
404 965
405 978
406 999
407 1036
408 986
409 976
410 1010
411 1002
412 1027
413 1057
414 1100
415 1006
416 1002
417 1033
418 952
419 1062
420 1028
421 1042
422 1052
423 1094
424 1065
425 1038
426 1051
427 1049
428 1048
429 1032
430 1082
431 1031
432 1115
433 1102
434 1041
435 1086
436 1110
437 1115
438 1078
439 1031
440 1034
441 1030
442 1054
443 1082
444 1063
445 1069
446 1058
447 1101
448 1062
449 1079
450 1082
451 1071
452 1044
453 1059
454 1080
455 1044
456 1079
457 1125
458 1014
459 1049
460 1083
461 1060
462 1116
463 1086
464 1091
465 1113
466 1077
467 1098
468 1063
469 1096
470 1108
471 1140
472 1091
473 1025
474 1023
475 1036
476 1093
477 1071
478 1059
479 1064
480 1113
481 1025
482 1081
483 1069
484 1122
485 1035
486 1042
487 1079
488 1043
489 1053
490 1081
491 1020
492 1076
493 1064
494 1063
495 1050
496 1061
497 1071
498 1060
499 1032
500 988
501 1007
502 1001
503 1054
504 1072
505 1034
506 1007
507 1029
508 1036
509 996
510 996
511 1028
512 1066
513 1036
514 986
515 987
516 959
517 979
518 995
519 948
520 929
521 971
522 947
523 986
524 956
525 925
526 962
527 937
528 942
529 915
530 901
531 932
532 965
533 944
534 963
535 906
536 886
537 890
538 831
539 885
540 899
541 866
542 902
543 926
544 859
545 837
546 855
547 855
548 877
549 839
550 871
551 833
552 841
553 853
554 797
555 826
556 773
557 765
558 817
559 786
560 791
561 805
562 779
563 822
564 739
565 801
566 825
567 709
568 832
569 703
570 741
571 760
572 730
573 717
574 772
575 742
576 754
577 761
578 715
579 689
580 679
581 681
582 714
583 696
584 656
585 775
586 658
587 648
588 632
589 618
590 591
591 642
592 673
593 663
594 624
595 631
596 618
597 605
598 631
599 635
600 582
601 597
602 617
603 580
604 630
605 563
606 570
607 634
608 546
609 571
610 633
611 534
612 599
613 576
614 568
615 553
616 543
617 583
618 521
619 519
620 555
621 507
622 559
623 483
624 515
625 530
626 493
627 509
628 489
629 527
630 482
631 515
632 467
633 458
634 464
635 498
636 455
637 470
638 424
639 428
640 448
641 464
642 440
643 470
644 432
645 421
646 415
647 432
648 431
649 415
650 397
651 413
652 420
653 403
654 407
655 383
656 402
657 401
658 393
659 377
660 396
661 359
662 369
663 395
664 381
665 381
666 373
667 398
668 373
669 330
670 371
671 328
672 365
673 369
674 335
675 349
676 303
677 363
678 343
679 321
680 343
681 330
682 319
683 289
684 310
685 327
686 340
687 310
688 312
689 324
690 318
691 292
692 291
693 288
694 313
695 315
696 292
697 270
698 290
699 272
700 293
701 270
702 280
703 287
704 295
705 293
706 292
707 268
708 235
709 247
710 266
711 267
712 263
713 273
714 271
715 230
716 268
717 243
718 273
719 265
720 223
721 246
722 237
723 229
724 239
725 227
726 263
727 205
728 238
729 239
730 246
731 238
732 247
733 247
734 235
735 230
736 238
737 225
738 249
739 235
740 222
741 241
742 208
743 238
744 219
745 217
746 196
747 221
748 200
749 212
750 208
751 217
752 188
753 218
754 214
755 190
756 196
757 199
758 206
759 216
760 203
761 196
762 207
763 202
764 181
765 184
766 213
767 191
768 216
769 196
770 209
771 201
772 211
773 209
774 203
775 179
776 205
777 212
778 185
779 206
780 175
781 185
782 223
783 200
784 171
785 175
786 188
787 168
788 215
789 159
790 204
791 170
792 165
793 166
794 205
795 183
796 190
797 158
798 168
799 177
800 171
801 181
802 177
803 169
804 157
805 172
806 167
807 169
808 174
809 174
810 183
811 145
812 175
813 169
814 182
815 195
816 176
817 177
818 147
819 204
820 171
821 180
822 170
823 180
824 172
825 156
826 164
827 193
828 183
829 171
830 190
831 155
832 168
833 152
834 159
835 160
836 173
837 169
838 178
839 170
840 159
841 161
842 158
843 171
844 180
845 151
846 163
847 169
848 157
849 177
850 140
851 166
852 169
853 157
854 179
855 151
856 159
857 142
858 174
859 178
860 151
861 156
862 130
863 163
864 152
865 162
866 170
867 154
868 151
869 156
870 155
871 169
872 170
873 167
874 149
875 144
876 167
877 168
878 163
879 154
880 141
881 161
882 160
883 162
884 125
885 172
886 164
887 153
888 176
889 163
890 164
891 161
892 134
893 182
894 165
895 155
896 153
897 147
898 164
899 161
900 162
901 144
902 174
903 146
904 155
905 173
906 159
907 176
908 154
909 161
910 148
911 151
912 148
913 179
914 152
915 124
916 166
917 160
918 160
919 148
920 176
921 152
922 163
923 167
924 125
925 164
926 142
927 161
928 150
929 160
930 130
931 158
932 158
933 147
934 157
935 159
936 152
937 151
938 162
939 167
940 157
941 164
942 151
943 150
944 123
945 177
946 164
947 149
948 155
949 150
950 145
951 137
952 145
953 136
954 159
955 144
956 148
957 139
958 150
959 146
960 130
961 146
962 155
963 128
964 154
965 179
966 158
967 124
968 137
969 143
970 148
971 160
972 159
973 163
974 142
975 147
976 164
977 137
978 149
979 146
980 153
981 171
982 131
983 173
984 134
985 161
986 157
987 150
988 164
989 140
990 144
991 142
992 157
993 154
994 152
995 159
996 138
997 149
998 141
999 163
1000 140
1001 149
1002 129
1003 150
1004 144
1005 139
1006 128
1007 150
1008 129
1009 151
1010 130
1011 129
1012 130
1013 138
1014 143
1015 148
1016 130
1017 144
1018 140
1019 134
1020 150
1021 157
1022 155
1023 125
1024 150
1025 149
1026 125
1027 109
1028 123
1029 112
1030 132
1031 127
1032 138
1033 138
1034 137
1035 135
1036 151
1037 124
1038 144
1039 131
1040 119
1041 138
1042 126
1043 141
1044 156
1045 112
1046 125
1047 121
1048 136
1049 132
1050 148
1051 133
1052 123
1053 135
1054 134
1055 114
1056 130
1057 131
1058 139
1059 148
1060 142
1061 152
1062 122
1063 136
1064 128
1065 122
1066 135
1067 138
1068 126
1069 127
1070 118
1071 121
1072 150
1073 110
1074 126
1075 124
1076 115
1077 117
1078 137
1079 139
1080 105
1081 111
1082 118
1083 127
1084 124
1085 124
1086 119
1087 138
1088 122
1089 125
1090 123
1091 118
1092 133
1093 131
1094 100
1095 136
1096 130
1097 128
1098 127
1099 118
1100 117
1101 128
1102 119
1103 109
1104 107
1105 123
1106 120
1107 119
1108 117
1109 113
1110 115
1111 123
1112 106
1113 117
1114 117
1115 113
1116 108
1117 120
1118 112
1119 108
1120 103
1121 115
1122 110
1123 104
1124 101
1125 111
1126 114
1127 106
1128 95
1129 115
1130 119
1131 109
1132 112
1133 104
1134 95
1135 101
1136 94
1137 111
1138 106
1139 105
1140 112
1141 109
1142 124
1143 114
1144 101
1145 104
1146 91
1147 112
1148 98
1149 98
1150 87
1151 88
1152 112
1153 116
1154 113
1155 126
1156 113
1157 105
1158 95
1159 103
1160 103
1161 104
1162 95
1163 84
1164 104
1165 103
1166 107
1167 106
1168 101
1169 82
1170 95
1171 99
1172 115
1173 110
1174 96
1175 90
1176 92
1177 86
1178 89
1179 100
1180 102
1181 92
1182 99
1183 96
1184 79
1185 109
1186 85
1187 87
1188 99
1189 96
1190 85
1191 109
1192 95
1193 90
1194 89
1195 91
1196 79
1197 89
1198 90
1199 77
1200 88
1201 89
1202 93
1203 87
1204 76
1205 84
1206 81
1207 91
1208 94
1209 102
1210 87
1211 92
1212 77
1213 87
1214 88
1215 89
1216 77
1217 93
1218 86
1219 81
1220 73
1221 77
1222 78
1223 80
1224 74
1225 65
1226 78
1227 72
1228 80
1229 99
1230 96
1231 76
1232 64
1233 79
1234 79
1235 64
1236 65
1237 56
1238 65
1239 70
1240 67
1241 79
1242 86
1243 82
1244 83
1245 70
1246 83
1247 70
1248 79
1249 80
1250 81
1251 73
1252 55
1253 79
1254 63
1255 54
1256 66
1257 66
1258 63
1259 64
1260 51
1261 73
1262 68
1263 73
1264 73
1265 78
1266 68
1267 74
1268 79
1269 63
1270 57
1271 47
1272 50
1273 56
1274 64
1275 59
1276 59
1277 67
1278 64
1279 60
1280 67
1281 60
1282 64
1283 57
1284 59
1285 57
1286 61
1287 63
1288 59
1289 51
1290 50
1291 48
1292 54
1293 63
1294 74
1295 53
1296 68
1297 64
1298 55
1299 66
1300 57
1301 50
1302 38
1303 62
1304 52
1305 42
1306 55
1307 67
1308 60
1309 55
1310 47
1311 51
1312 80
1313 68
1314 41
1315 56
1316 53
1317 55
1318 56
1319 51
1320 48
1321 47
1322 53
1323 53
1324 47
1325 54
1326 42
1327 57
1328 42
1329 53
1330 44
1331 48
1332 55
1333 47
1334 37
1335 52
1336 56
1337 54
1338 41
1339 38
1340 43
1341 59
1342 41
1343 46
1344 42
1345 34
1346 45
1347 36
1348 41
1349 44
1350 55
1351 34
1352 54
1353 29
1354 47
1355 41
1356 42
1357 38
1358 38
1359 46
1360 42
1361 41
1362 59
1363 42
1364 34
1365 47
1366 34
1367 55
1368 44
1369 46
1370 47
1371 30
1372 42
1373 30
1374 42
1375 43
1376 36
1377 29
1378 32
1379 41
1380 38
1381 42
1382 43
1383 35
1384 35
1385 40
1386 41
1387 34
1388 33
1389 35
1390 26
1391 35
1392 31
1393 40
1394 23
1395 35
1396 30
1397 24
1398 32
1399 31
1400 37
1401 34
1402 32
1403 24
1404 27
1405 37
1406 21
1407 35
1408 30
1409 32
1410 25
1411 25
1412 27
1413 25
1414 20
1415 33
1416 20
1417 27
1418 26
1419 32
1420 26
1421 35
1422 25
1423 34
1424 29
1425 28
1426 23
1427 29
1428 28
1429 25
1430 22
1431 22
1432 22
1433 26
1434 36
1435 24
1436 20
1437 23
1438 35
1439 33
1440 21
1441 27
1442 27
1443 21
1444 25
1445 26
1446 15
1447 25
1448 25
1449 29
1450 30
1451 26
1452 23
1453 18
1454 23
1455 16
1456 20
1457 31
1458 23
1459 19
1460 18
1461 14
1462 18
1463 19
1464 18
1465 27
1466 24
1467 16
1468 24
1469 18
1470 22
1471 26
1472 18
1473 19
1474 23
1475 20
1476 23
1477 19
1478 19
1479 28
1480 27
1481 27
1482 16
1483 19
1484 15
1485 18
1486 17
1487 17
1488 21
1489 13
1490 15
1491 15
1492 18
1493 23
1494 15
1495 17
1496 21
1497 18
1498 20
1499 20
1500 30
1501 15
1502 20
1503 12
1504 14
1505 20
1506 14
1507 16
1508 11
1509 18
1510 18
1511 17
1512 21
1513 12
1514 15
1515 14
1516 23
1517 10
1518 16
1519 15
1520 19
1521 20
1522 16
1523 16
1524 11
1525 14
1526 18
1527 16
1528 11
1529 13
1530 17
1531 13
1532 20
1533 9
1534 18
1535 14
1536 18
1537 20
1538 11
1539 16
1540 19
1541 15
1542 17
1543 13
1544 17
1545 13
1546 17
1547 11
1548 10
1549 15
1550 9
1551 16
1552 13
1553 17
1554 15
1555 18
1556 9
1557 9
1558 11
1559 7
1560 13
1561 18
1562 18
1563 20
1564 9
1565 12
1566 5
1567 11
1568 17
1569 10
1570 17
1571 13
1572 8
1573 6
1574 11
1575 10
1576 10
1577 16
1578 12
1579 12
1580 16
1581 14
1582 14
1583 13
1584 16
1585 11
1586 11
1587 8
1588 9
1589 8
1590 8
1591 6
1592 9
1593 11
1594 5
1595 10
1596 6
1597 12
1598 7
1599 11
1600 5
1601 9
1602 13
1603 10
1604 12
1605 11
1606 7
1607 3
1608 4
1609 11
1610 10
1611 5
1612 6
1613 8
1614 8
1615 7
1616 6
1617 7
1618 13
1619 8
1620 8
1621 11
1622 7
1623 9
1624 11
1625 6
1626 7
1627 8
1628 6
1629 5
1630 3
1631 3
1632 7
1633 4
1634 5
1635 10
1636 13
1637 10
1638 8
1639 11
1640 5
1641 5
1642 6
1643 9
1644 10
1645 4
1646 11
1647 8
1648 10
1649 7
1650 9
1651 7
1652 10
1653 9
1654 6
1655 14
1656 10
1657 6
1658 5
1659 7
1660 12
1661 5
1662 6
1663 7
1664 8
1665 5
1666 6
1667 7
1668 14
1669 5
1670 10
1671 6
1672 4
1673 7
1674 5
1675 8
1676 6
1677 5
1678 1
1679 4
1680 4
1681 2
1682 5
1683 4
1684 6
1685 7
1686 5
1687 5
1688 5
1689 11
1690 5
1691 8
1692 2
1693 5
1694 3
1695 5
1696 8
1697 2
1698 7
1699 9
1700 7
1701 8
1702 6
1703 1
1704 4
1705 3
1706 3
1707 7
1708 2
1709 6
1710 2
1711 7
1712 1
1713 7
1714 8
1715 7
1716 3
1717 4
1718 4
1719 4
1720 3
1721 2
1722 4
1723 4
1724 5
1725 6
1726 1
1727 5
1728 4
1729 5
1730 3
1731 3
1732 6
1733 2
1734 3
1735 1
1736 9
1737 6
1738 3
1739 5
1740 7
1741 3
1742 2
1743 4
1744 6
1745 1
1746 3
1747 3
1748 2
1749 5
1750 3
1751 2
1752 3
1753 3
1754 3
1755 0
1756 3
1757 3
1758 2
1759 4
1760 5
1761 3
1762 4
1763 1
1764 0
1765 2
1766 3
1767 3
1768 4
1769 3
1770 3
1771 5
1772 2
1773 3
1774 5
1775 3
1776 7
1777 0
1778 6
1779 5
1780 3
1781 1
1782 3
1783 3
1784 5
1785 2
1786 4
1787 2
1788 2
1789 6
1790 4
1791 3
1792 1
1793 3
1794 4
1795 0
1796 2
1797 4
1798 0
1799 2
1800 8
1801 1
1802 2
1803 2
1804 2
1805 0
1806 1
1807 2
1808 1
1809 0
1810 4
1811 3
1812 4
1813 1
1814 1
1815 1
1816 3
1817 3
1818 5
1819 3
1820 2
1821 2
1822 3
1823 0
1824 4
1825 7
1826 4
1827 4
1828 4
1829 2
1830 2
1831 3
1832 0
1833 5
1834 1
1835 2
1836 1
1837 0
1838 1
1839 2
1840 2
1841 1
1842 3
1843 4
1844 2
1845 5
1846 2
1847 1
1848 1
1849 3
1850 1
1851 2
1852 1
1853 1
1854 3
1855 1
1856 7
1857 0
1858 1
1859 0
1860 2
1861 2
1862 2
1863 1
1864 0
1865 0
1866 2
1867 4
1868 0
1869 2
1870 5
1871 2
1872 1
1873 2
1874 0
1875 3
1876 1
1877 0
1878 1
1879 4
1880 1
1881 0
1882 2
1883 0
1884 2
1885 0
1886 2
1887 3
1888 1
1889 2
1890 2
1891 3
1892 1
1893 0
1894 3
1895 1
1896 1
1897 2
1898 2
1899 2
1900 1
1901 1
1902 2
1903 1
1904 1
1905 2
1906 2
1907 2
1908 3
1909 2
1910 0
1911 0
1912 2
1913 0
1914 0
1915 0
1916 0
1917 2
1918 0
1919 1
1920 0
1921 2
1922 1
1923 1
1924 0
1925 0
1926 1
1927 2
1928 1
1929 2
1930 0
1931 0
1932 2
1933 4
1934 1
1935 2
1936 0
1937 2
1938 0
1939 0
1940 0
1941 0
1942 2
1943 0
1944 1
1945 1
1946 0
1947 1
1948 2
1949 1
1950 0
1951 0
1952 1
1953 0
1954 1
1955 1
1956 0
1957 2
1958 1
1959 1
1960 0
1961 2
1962 2
1963 0
1964 2
1965 0
1966 0
1967 3
1968 1
1969 0
1970 0
1971 0
1972 3
1973 1
1974 0
1975 3
1976 2
1977 3
1978 0
1979 0
1980 2
1981 0
1982 2
1983 1
1984 0
1985 4
1986 1
1987 1
1988 0
1989 0
1990 2
1991 1
1992 1
1993 2
1994 0
1995 2
1996 1
1997 0
1998 0
1999 1
2000 0
2001 0
2002 1
2003 0
2004 2
2005 0
2006 1
2007 2
2008 0
2009 0
2010 0
2011 1
2012 0
2013 0
2014 1
2015 3
2016 0
2017 0
2018 2
2019 1
2020 0
2021 0
2022 0
2023 0
2024 3
2025 0
2026 0
2027 1
2028 0
2029 0
2030 0
2031 0
2032 0
2033 1
2034 1
2035 0
2036 1
2037 0
2038 1
2039 0
2040 0
2041 0
2042 2
2043 0
2044 1
2045 0
2046 1
2047 1
2048 1
2049 0
2050 1
2051 0
2052 0
2053 2
2054 0
2055 0
2056 2
2057 3
2058 0
2059 2
2060 0
2061 1
2062 2
2063 1
2064 0
2065 1
2066 0
2067 1
2068 0
2069 1
2070 0
2071 0
2072 0
2073 0
2074 1
2075 1
2076 0
2077 1
2078 0
2079 1
2080 0
2081 2
2082 0
2083 0
2084 1
2085 0
2086 0
2087 0
2088 2
2089 0
2090 0
2091 1
2092 0
2093 0
2094 1
2095 1
2096 0
2097 1
2098 0
2099 0
2100 0
2101 0
2102 0
2103 0
2104 1
2105 1
2106 0
2107 0
2108 1
2109 0
2110 0
2111 0
2112 1
2113 1
2114 0
2115 2
2116 1
2117 0
2118 1
2119 0
2120 0
2121 0
2122 0
2123 0
2124 0
2125 0
2126 1
2127 1
2128 0
2129 1
2130 0
2131 1
2132 0
2133 0
2134 0
2135 0
2136 0
2137 1
2138 0
2139 0
2140 1
2141 0
2142 0
2143 0
2144 0
2145 1
2146 0
2147 0
2148 0
2149 1
2150 0
2151 1
2152 0
2153 0
2154 0
2155 0
2156 0
2157 0
2158 0
2159 0
2160 0
2161 0
2162 0
2163 0
2164 0
2165 0
2166 1
2167 0
2168 0
2169 0
2170 1
2171 1
2172 0
2173 1
2174 0
2175 0
2176 0
2177 0
2178 1
2179 0
2180 0
2181 0
2182 0
2183 1
2184 0
2185 0
2186 0
2187 0
2188 0
2189 0
2190 1
2191 0
2192 0
2193 1
2194 0
2195 0
2196 0
2197 0
2198 0
2199 0
2200 0
2201 0
2202 0
2203 0
2204 0
2205 0
2206 0
2207 0
2208 0
2209 0
2210 0
2211 0
2212 0
2213 0
2214 0
2215 0
2216 0
2217 0
2218 1
2219 0
2220 0
2221 1
2222 0
2223 0
2224 0
2225 0
2226 0
2227 0
2228 0
2229 0
2230 0
2231 0
2232 0
2233 1
2234 0
2235 0
2236 1
2237 0
2238 0
2239 0
2240 0
2241 0
2242 0
2243 0
2244 0
2245 0
2246 0
2247 0
2248 0
2249 2
2250 0
2251 0
2252 0
2253 1
2254 0
2255 1
2256 0
2257 0
2258 0
2259 0
2260 0
2261 0
2262 0
2263 0
2264 0
2265 0
2266 0
2267 1
2268 0
2269 1
2270 0
2271 1
2272 0
2273 0
2274 0
2275 0
2276 0
2277 0
2278 1
2279 0
2280 0
2281 1
2282 0
2283 0
2284 0
2285 0
2286 0
2287 1
2288 0
2289 1
2290 1
2291 0
2292 0
2293 0
2294 1
2295 1
2296 0
2297 1
2298 0
2299 0
2300 0
2301 0
2302 0
2303 0
2304 0
2305 0
2306 0
2307 0
2308 0
2309 0
2310 0
2311 0
2312 0
2313 0
2314 0
2315 0
2316 0
2317 0
2318 0
2319 0
2320 0
2321 0
2322 1
2323 0
2324 0
2325 1
2326 0
2327 1
2328 0
2329 0
2330 0
2331 0
2332 0
2333 0
2334 0
2335 0
2336 0
2337 0
2338 0
2339 0
2340 1
2341 0
2342 0
2343 0
2344 0
2345 0
2346 0
2347 0
2348 0
2349 0
2350 0
2351 1
2352 0
2353 0
2354 0
2355 0
2356 0
2357 0
2358 0
2359 1
2360 0
2361 0
2362 0
2363 0
2364 0
2365 0
2366 1
2367 0
2368 0
2369 0
2370 0
2371 0
2372 0
2373 0
2374 0
2375 0
2376 0
2377 0
2378 0
2379 0
2380 0
2381 0
2382 0
2383 0
2384 0
2385 1
2386 0
2387 0
2388 1
2389 0
2390 0
2391 1
2392 0
2393 0
2394 0
2395 1
2396 0
2397 0
2398 1
2399 0
2400 0
2401 0
2402 0
2403 0
2404 0
2405 0
2406 0
2407 1
2408 0
2409 0
2410 1
2411 0
2412 0
2413 0
2414 0
2415 0
2416 0
2417 0
2418 0
2419 0
2420 0
2421 0
2422 0
2423 1
2424 0
2425 0
2426 0
2427 0
2428 0
2429 0
2430 0
2431 0
2432 0
2433 0
2434 0
2435 0
2436 0
2437 0
2438 0
2439 0
2440 0
2441 0
2442 0
2443 0
2444 0
2445 0
2446 0
2447 0
2448 1
2449 0
2450 0
2451 0
2452 0
2453 0
2454 1
2455 0
2456 0
2457 0
2458 0
2459 0
2460 0
2461 0
2462 0
2463 0
2464 0
2465 0
2466 0
2467 0
2468 0
2469 0
2470 0
2471 0
2472 0
2473 0
2474 0
2475 0
2476 1
2477 0
2478 0
2479 0
2480 0
2481 0
2482 0
2483 0
2484 0
2485 0
2486 0
2487 0
2488 0
2489 0
2490 0
2491 0
2492 0
2493 0
2494 0
2495 0
2496 0
2497 0
2498 0
2499 0
2500 0
2501 0
2502 0
2503 0
2504 0
2505 0
2506 0
2507 0
2508 0
2509 0
2510 0
2511 0
2512 0
2513 0
2514 0
2515 0
2516 0
2517 0
2518 0
2519 0
2520 0
2521 0
2522 0
2523 0
2524 0
2525 0
2526 1
2527 0
2528 0
2529 0
2530 0
2531 1
2532 0
2533 0
2534 0
2535 0
2536 0
2537 0
2538 0
2539 0
2540 0
2541 0
2542 0
2543 0
2544 0
2545 0
2546 0
2547 0
2548 0
2549 0
2550 0
2551 0
2552 0
2553 0
2554 0
2555 0
2556 0
2557 0
2558 0
2559 0
2560 0
2561 0
2562 0
2563 0
2564 0
2565 0
2566 0
2567 0
2568 0
2569 0
2570 0
2571 0
2572 0
2573 0
2574 0
2575 0
2576 0
2577 0
2578 0
2579 0
2580 0
2581 0
2582 0
2583 0
2584 0
2585 0
2586 0
2587 0
2588 0
2589 0
2590 0
2591 0
2592 1
2593 0
2594 0
2595 0
2596 0
2597 0
2598 0
2599 0
2600 0
2601 0
2602 0
2603 0
2604 0
2605 0
2606 0
2607 0
2608 0
2609 0
2610 0
2611 0
2612 0
2613 0
2614 0
2615 1
2616 0
2617 0
2618 2
2619 0
2620 0
2621 0
2622 0
2623 0
2624 0
2625 0
2626 0
2627 0
2628 0
2629 0
2630 0
2631 0
2632 1
2633 1
2634 0
2635 0
2636 0
2637 0
2638 0
2639 1
2640 0
2641 0
2642 0
2643 0
2644 1
2645 0
2646 0
2647 0
2648 0
2649 0
2650 0
2651 0
2652 0
2653 0
2654 0
2655 0
2656 0
2657 0
2658 1
2659 0
2660 0
2661 0
2662 1
2663 0
2664 0
2665 0
2666 0
2667 0
2668 0
2669 0
2670 0
2671 0
2672 0
2673 0
2674 0
2675 0
2676 0
2677 0
2678 0
2679 0
2680 0
2681 0
2682 0
2683 0
2684 0
2685 0
2686 0
2687 0
2688 0
2689 0
2690 0
2691 0
2692 0
2693 0
2694 0
2695 0
2696 0
2697 0
2698 0
2699 0
2700 0
2701 0
2702 0
2703 1
2704 0
2705 0
2706 0
2707 0
2708 0
2709 0
2710 0
2711 0
2712 0
2713 0
2714 0
2715 0
2716 0
2717 0
2718 0
2719 0
2720 0
2721 0
2722 0
2723 0
2724 0
2725 0
2726 0
2727 0
2728 0
2729 0
2730 0
2731 0
2732 1
2733 0
2734 0
2735 1
2736 0
2737 0
2738 0
2739 0
2740 0
2741 0
2742 0
2743 0
2744 0
2745 0
2746 0
2747 0
2748 0
2749 0
2750 0
2751 0
2752 0
2753 0
2754 0
2755 0
2756 0
2757 0
2758 1
2759 0
2760 0
2761 0
2762 0
2763 0
2764 0
2765 0
2766 0
2767 0
2768 1
2769 0
2770 0
2771 0
2772 0
2773 0
2774 0
2775 0
2776 0
2777 0
2778 0
2779 0
2780 0
2781 0
2782 0
2783 0
2784 0
2785 0
2786 0
2787 0
2788 0
2789 0
2790 0
2791 0
2792 0
2793 0
2794 0
2795 0
2796 0
2797 0
2798 0
2799 0
2800 0
2801 0
2802 0
2803 0
2804 0
2805 0
2806 0
2807 0
2808 0
2809 0
2810 0
2811 0
2812 0
2813 0
2814 0
2815 0
2816 0
2817 0
2818 0
2819 1
2820 0
2821 0
2822 0
2823 0
2824 0
2825 0
2826 0
2827 0
2828 0
2829 0
2830 0
2831 1
2832 0
2833 0
2834 0
2835 0
2836 0
2837 0
2838 0
2839 0
2840 0
2841 0
2842 0
2843 0
2844 1
2845 0
2846 0
2847 0
2848 0
2849 0
2850 0
2851 0
2852 0
2853 0
2854 0
2855 0
2856 0
2857 0
2858 0
2859 0
2860 0
2861 0
2862 0
2863 0
2864 0
2865 0
2866 0
2867 0
2868 0
2869 0
2870 0
2871 0
2872 0
2873 0
2874 0
2875 0
2876 0
2877 0
2878 0
2879 0
2880 0
2881 0
2882 0
2883 0
2884 0
2885 0
2886 0
2887 0
2888 0
2889 0
2890 0
2891 0
2892 1
2893 0
2894 0
2895 0
2896 0
2897 0
2898 0
2899 0
2900 0
2901 0
2902 0
2903 0
2904 0
2905 0
2906 0
2907 0
2908 0
2909 0
2910 0
2911 0
2912 0
2913 0
2914 1
2915 0
2916 0
2917 0
2918 0
2919 0
2920 0
2921 0
2922 0
2923 0
2924 0
2925 0
2926 0
2927 0
2928 0
2929 0
2930 0
2931 0
2932 0
2933 1
2934 0
2935 0
2936 0
2937 0
2938 0
2939 0
2940 0
2941 0
2942 0
2943 0
2944 0
2945 0
2946 0
2947 0
2948 0
2949 0
2950 0
2951 0
2952 0
2953 0
2954 0
2955 0
2956 0
2957 0
2958 0
2959 0
2960 0
2961 1
2962 0
2963 0
2964 0
2965 1
2966 0
2967 0
2968 0
2969 0
2970 0
2971 0
2972 0
2973 0
2974 0
2975 0
2976 0
2977 0
2978 1
2979 0
2980 0
2981 0
2982 0
2983 0
2984 0
2985 0
2986 0
2987 0
2988 0
2989 0
2990 0
2991 0
2992 0
2993 0
2994 0
2995 0
2996 0
2997 0
2998 0
2999 0
3000 1
3001 0
3002 0
3003 0
3004 0
3005 0
3006 0
3007 0
3008 0
3009 0
3010 0
3011 1
3012 0
3013 0
3014 0
3015 0
3016 0
3017 0
3018 0
3019 0
3020 0
3021 0
3022 0
3023 0
3024 0
3025 0
3026 0
3027 1
3028 0
3029 0
3030 0
3031 0
3032 0
3033 0
3034 0
3035 0
3036 0
3037 0
3038 0
3039 0
3040 0
3041 0
3042 0
3043 0
3044 0
3045 0
3046 0
3047 0
3048 0
3049 1
3050 0
3051 0
3052 0
3053 0
3054 0
3055 0
3056 0
3057 0
3058 0
3059 0
3060 0
3061 0
3062 0
3063 0
3064 0
3065 0
3066 0
3067 0
3068 0
3069 0
3070 0
3071 0
3072 0
3073 0
3074 0
3075 0
3076 0
3077 0
3078 0
3079 0
3080 0
3081 0
3082 0
3083 0
3084 0
3085 0
3086 1
3087 0
3088 0
3089 0
3090 0
3091 0
3092 0
3093 0
3094 0
3095 0
3096 0
3097 0
3098 0
3099 0
3100 0
3101 0
3102 0
3103 0
3104 0
3105 0
3106 0
3107 0
3108 0
3109 0
3110 0
3111 0
3112 0
3113 0
3114 0
3115 0
3116 0
3117 0
3118 0
3119 0
3120 0
3121 0
3122 0
3123 0
3124 0
3125 0
3126 0
3127 0
3128 0
3129 0
3130 0
3131 0
3132 0
3133 0
3134 0
3135 0
3136 0
3137 0
3138 0
3139 0
3140 0
3141 0
3142 0
3143 0
3144 0
3145 0
3146 0
3147 0
3148 0
3149 0
3150 0
3151 0
3152 0
3153 0
3154 0
3155 0
3156 0
3157 0
3158 0
3159 0
3160 0
3161 0
3162 0
3163 0
3164 0
3165 0
3166 0
3167 0
3168 0
3169 0
3170 0
3171 0
3172 0
3173 0
3174 0
3175 0
3176 0
3177 0
3178 0
3179 0
3180 0
3181 0
3182 0
3183 0
3184 0
3185 1
3186 0
3187 0
3188 0
3189 0
3190 0
3191 0
3192 0
3193 0
3194 0
3195 0
3196 0
3197 0
3198 0
3199 0
3200 0
3201 0
3202 0
3203 0
3204 0
3205 0
3206 0
3207 0
3208 0
3209 0
3210 0
3211 0
3212 0
3213 0
3214 0
3215 0
3216 0
3217 0
3218 0
3219 0
3220 1
3221 0
3222 0
3223 0
3224 0
3225 0
3226 0
3227 0
3228 0
3229 0
3230 0
3231 0
3232 0
3233 0
3234 0
3235 0
3236 0
3237 0
3238 0
3239 0
3240 0
3241 0
3242 0
3243 0
3244 0
3245 0
3246 0
3247 0
3248 0
3249 0
3250 1
3251 0
3252 0
3253 0
3254 0
3255 0
3256 0
3257 0
3258 0
3259 0
3260 0
3261 0
3262 0
3263 0
3264 0
3265 0
3266 0
3267 0
3268 0
3269 0
3270 0
3271 0
3272 0
3273 0
3274 0
3275 0
3276 0
3277 0
3278 0
3279 0
3280 0
3281 0
3282 0
3283 0
3284 0
3285 0
3286 0
3287 0
3288 0
3289 0
3290 0
3291 0
3292 0
3293 0
3294 0
3295 0
3296 0
3297 0
3298 0
3299 0
3300 0
3301 0
3302 0
3303 0
3304 0
3305 0
3306 0
3307 1
3308 0
3309 0
3310 0
3311 1
3312 0
3313 0
3314 0
3315 0
3316 0
3317 0
3318 0
3319 0
3320 0
3321 0
3322 0
3323 0
3324 0
3325 0
3326 0
3327 0
3328 0
3329 0
3330 0
3331 0
3332 0
3333 0
3334 0
3335 0
3336 0
3337 0
3338 0
3339 0
3340 0
3341 0
3342 0
3343 0
3344 0
3345 0
3346 0
3347 0
3348 0
3349 0
3350 0
3351 0
3352 0
3353 0
3354 0
3355 0
3356 0
3357 0
3358 0
3359 0
3360 0
3361 0
3362 0
3363 0
3364 0
3365 0
3366 0
3367 0
3368 0
3369 0
3370 0
3371 0
3372 0
3373 0
3374 0
3375 0
3376 0
3377 1
3378 0
3379 0
3380 0
3381 0
3382 0
3383 0
3384 0
3385 0
3386 0
3387 0
3388 0
3389 0
3390 0
3391 0
3392 0
3393 0
3394 0
3395 0
3396 0
3397 0
3398 0
3399 0
3400 0
3401 0
3402 0
3403 0
3404 0
3405 0
3406 0
3407 0
3408 0
3409 0
3410 0
3411 0
3412 0
3413 0
3414 0
3415 0
3416 0
3417 0
3418 0
3419 0
3420 0
3421 0
3422 0
3423 0
3424 0
3425 0
3426 0
3427 0
3428 0
3429 0
3430 0
3431 0
3432 0
3433 0
3434 0
3435 0
3436 1
3437 0
3438 0
3439 0
3440 0
3441 0
3442 0
3443 0
3444 0
3445 1
3446 0
3447 0
3448 0
3449 0
3450 0
3451 0
3452 0
3453 0
3454 0
3455 0
3456 0
3457 0
3458 0
3459 0
3460 0
3461 0
3462 0
3463 0
3464 0
3465 0
3466 0
3467 0
3468 0
3469 0
3470 0
3471 0
3472 0
3473 0
3474 0
3475 0
3476 0
3477 0
3478 0
3479 0
3480 0
3481 0
3482 0
3483 0
3484 0
3485 0
3486 0
3487 0
3488 0
3489 0
3490 0
3491 0
3492 0
3493 0
3494 0
3495 0
3496 0
3497 0
3498 0
3499 0
3500 0
3501 0
3502 0
3503 0
3504 0
3505 0
3506 0
3507 0
3508 0
3509 0
3510 0
3511 0
3512 0
3513 0
3514 0
3515 0
3516 0
3517 1
3518 0
3519 0
3520 0
3521 0
3522 0
3523 0
3524 0
3525 0
3526 0
3527 0
3528 0
3529 0
3530 0
3531 0
3532 0
3533 0
3534 0
3535 0
3536 0
3537 0
3538 0
3539 0
3540 0
3541 0
3542 0
3543 0
3544 0
3545 0
3546 0
3547 0
3548 0
3549 0
3550 0
3551 0
3552 0
3553 0
3554 0
3555 0
3556 0
3557 0
3558 0
3559 0
3560 0
3561 0
3562 0
3563 0
3564 0
3565 0
3566 0
3567 0
3568 0
3569 0
3570 0
3571 0
3572 0
3573 0
3574 0
3575 0
3576 0
3577 0
3578 0
3579 0
3580 0
3581 0
3582 0
3583 0
3584 0
3585 0
3586 0
3587 0
3588 0
3589 0
3590 0
3591 0
3592 0
3593 0
3594 0
3595 0
3596 0
3597 0
3598 0
3599 0
3600 0
3601 0
3602 0
3603 0
3604 0
3605 0
3606 0
3607 0
3608 0
3609 0
3610 0
3611 0
3612 0
3613 0
3614 0
3615 0
3616 0
3617 0
3618 0
3619 0
3620 0
3621 0
3622 0
3623 0
3624 0
3625 0
3626 0
3627 0
3628 0
3629 0
3630 0
3631 0
3632 0
3633 0
3634 0
3635 0
3636 0
3637 0
3638 0
3639 0
3640 0
3641 0
3642 0
3643 0
3644 0
3645 0
3646 0
3647 0
3648 0
3649 0
3650 0
3651 0
3652 0
3653 0
3654 0
3655 0
3656 1
3657 0
3658 0
3659 0
3660 0
3661 0
3662 0
3663 0
3664 0
3665 0
3666 0
3667 0
3668 0
3669 0
3670 0
3671 0
3672 0
3673 0
3674 0
3675 0
3676 0
3677 0
3678 0
3679 0
3680 0
3681 0
3682 0
3683 0
3684 0
3685 0
3686 0
3687 0
3688 0
3689 0
3690 0
3691 0
3692 0
3693 0
3694 0
3695 0
3696 0
3697 0
3698 0
3699 0
3700 0
3701 0
3702 0
3703 0
3704 0
3705 0
3706 0
3707 0
3708 0
3709 0
3710 0
3711 0
3712 0
3713 0
3714 0
3715 0
3716 0
3717 0
3718 0
3719 0
3720 0
3721 0
3722 0
3723 0
3724 0
3725 0
3726 0
3727 0
3728 0
3729 0
3730 0
3731 0
3732 0
3733 0
3734 0
3735 0
3736 0
3737 0
3738 0
3739 0
3740 0
3741 0
3742 0
3743 0
3744 0
3745 0
3746 0
3747 0
3748 0
3749 0
3750 0
3751 0
3752 0
3753 0
3754 0
3755 0
3756 0
3757 0
3758 0
3759 0
3760 0
3761 0
3762 0
3763 0
3764 0
3765 0
3766 0
3767 0
3768 0
3769 0
3770 0
3771 0
3772 0
3773 0
3774 0
3775 0
3776 0
3777 0
3778 0
3779 0
3780 0
3781 0
3782 0
3783 0
3784 0
3785 0
3786 0
3787 0
3788 0
3789 0
3790 0
3791 0
3792 0
3793 0
3794 0
3795 0
3796 0
3797 0
3798 0
3799 0
3800 0
3801 0
3802 0
3803 0
3804 1
3805 0
3806 0
3807 0
3808 0
3809 0
3810 0
3811 0
3812 0
3813 0
3814 1
3815 0
3816 0
3817 0
3818 0
3819 0
3820 0
3821 0
3822 0
3823 0
3824 0
3825 0
3826 1
3827 0
3828 0
3829 1
3830 0
3831 0
3832 0
3833 0
3834 0
3835 0
3836 0
3837 1
3838 0
3839 0
3840 0
3841 0
3842 0
3843 0
3844 0
3845 0
3846 0
3847 0
3848 0
3849 0
3850 0
3851 0
3852 0
3853 0
3854 0
3855 0
3856 0
3857 0
3858 0
3859 0
3860 0
3861 0
3862 0
3863 0
3864 0
3865 0
3866 0
3867 0
3868 0
3869 0
3870 0
3871 0
3872 0
3873 0
3874 0
3875 0
3876 0
3877 0
3878 0
3879 0
3880 0
3881 0
3882 0
3883 0
3884 0
3885 0
3886 0
3887 0
3888 0
3889 0
3890 0
3891 0
3892 0
3893 0
3894 0
3895 0
3896 0
3897 0
3898 0
3899 0
3900 0
3901 0
3902 0
3903 0
3904 0
3905 0
3906 0
3907 0
3908 0
3909 0
3910 0
3911 0
3912 0
3913 0
3914 0
3915 0
3916 0
3917 0
3918 0
3919 0
3920 0
3921 0
3922 0
3923 0
3924 0
3925 0
3926 0
3927 0
3928 0
3929 0
3930 0
3931 0
3932 0
3933 0
3934 0
3935 0
3936 0
3937 0
3938 0
3939 0
3940 0
3941 0
3942 0
3943 0
3944 0
3945 0
3946 0
3947 0
3948 0
3949 0
3950 0
3951 0
3952 0
3953 0
3954 0
3955 0
3956 0
3957 0
3958 0
3959 0
3960 0
3961 0
3962 0
3963 0
3964 0
3965 0
3966 0
3967 0
3968 0
3969 0
3970 0
3971 0
3972 0
3973 0
3974 0
3975 0
3976 0
3977 0
3978 0
3979 0
3980 0
3981 0
3982 0
3983 0
3984 0
3985 1
3986 0
3987 0
3988 0
3989 0
3990 0
3991 0
3992 0
3993 0
3994 0
3995 0
3996 0
3997 0
3998 0
3999 0
4000 0
