0 0
1 0
2 0
3 0
4 0
5 0
6 0
7 0
8 0
9 0
10 0
11 0
12 0
13 0
14 0
15 0
16 0
17 0
18 0
19 0
20 0
21 0
22 0
23 0
24 0
25 0
26 0
27 0
28 0
29 0
30 0
31 0
32 0
33 0
34 0
35 0
36 0
37 0
38 0
39 0
40 0
41 0
42 0
43 0
44 0
45 0
46 0
47 0
48 0
49 0
50 0
51 0
52 0
53 0
54 0
55 0
56 0
57 0
58 0
59 0
60 0
61 0
62 0
63 0
64 0
65 0
66 0
67 0
68 0
69 0
70 0
71 0
72 0
73 0
74 0
75 0
76 0
77 0
78 0
79 0
80 0
81 0
82 0
83 0
84 0
85 0
86 0
87 0
88 0
89 0
90 0
91 0
92 0
93 0
94 0
95 0
96 0
97 0
98 0
99 0
100 0
101 0
102 0
103 0
104 0
105 0
106 0
107 0
108 0
109 0
110 0
111 0
112 0
113 0
114 0
115 0
116 0
117 0
118 0
119 0
120 0
121 0
122 0
123 0
124 0
125 0
126 0
127 0
128 0
129 0
130 0
131 0
132 0
133 0
134 0
135 0
136 0
137 0
138 0
139 0
140 0
141 0
142 0
143 0
144 0
145 0
146 0
147 0
148 0
149 1
150 0
151 2
152 1
153 1
154 3
155 1
156 2
157 2
158 2
159 6
160 6
161 3
162 5
163 4
164 4
165 7
166 7
167 4
168 4
169 8
170 4
171 12
172 8
173 6
174 19
175 20
176 32
177 61
178 90
179 116
180 132
181 164
182 182
183 246
184 288
185 410
186 613
187 1007
188 1483
189 1981
190 2294
191 2578
192 2735
193 2612
194 2427
195 2232
196 2111
197 1919
198 1769
199 1652
200 1435
201 1371
202 1201
203 1098
204 974
205 879
206 815
207 783
208 728
209 703
210 680
211 696
212 670
213 646
214 646
215 613
216 645
217 627
218 613
219 615
220 631
221 633
222 620
223 692
224 603
225 680
226 673
227 698
228 683
229 723
230 652
231 660
232 716
233 691
234 668
235 741
236 712
237 728
238 692
239 734
240 726
241 738
242 742
243 735
244 801
245 754
246 791
247 801
248 742
249 790
250 772
251 801
252 761
253 788
254 751
255 801
256 819
257 787
258 794
259 866
260 826
261 806
262 868
263 891
264 827
265 858
266 817
267 894
268 875
269 827
270 857
271 954
272 912
273 876
274 849
275 937
276 868
277 905
278 923
279 877
280 894
281 926
282 884
283 908
284 929
285 916
286 966
287 924
288 913
289 903
290 914
291 898
292 952
293 998
294 892
295 999
296 914
297 1002
298 985
299 968
300 1027
301 982
302 980
303 990
304 972
305 1031
306 949
307 1043
308 1004
309 1013
310 1056
311 1066
312 983
313 1049
314 1073
315 985
316 1019
317 1106
318 1104
319 1091
320 1090
321 1127
322 1155
323 1089
324 1072
325 1080
326 1145
327 1106
328 1190
329 1146
330 1170
331 1200
332 1184
333 1170
334 1183
335 1157
336 1185
337 1177
338 1218
339 1259
340 1219
341 1187
342 1213
343 1249
344 1239
345 1301
346 1282
347 1266
348 1327
349 1305
350 1302
351 1312
352 1321
353 1320
354 1307
355 1252
356 1367
357 1374
358 1343
359 1356
360 1369
361 1392
362 1465
363 1347
364 1439
365 1334
366 1357
367 1425
368 1383
369 1456
370 1505
371 1455
372 1498
373 1445
374 1541
375 1519
376 1518
377 1442
378 1597
379 1567
380 1536
381 1532
382 1560
383 1551
384 1617
385 1539
386 1526
387 1641
388 1611
389 1583
390 1639
391 1596
392 1612
393 1641
394 1669
395 1735
396 1578
397 1719
398 1773
399 1671
400 1732
401 1726
402 1776
403 1716
404 1782
405 1698
406 1770
407 1741
408 1734
409 1765
410 1758
411 1843
412 1822
413 1907
414 1842
415 1908
416 1814
417 1789
418 1878
419 1917
420 1891
421 1907
422 1922
423 1896
424 1870
425 1920
426 1941
427 1870
428 1811
429 1859
430 1962
431 1936
432 1944
433 1924
434 1975
435 1897
436 1999
437 2036
438 1962
439 2009
440 2006
441 2070
442 2036
443 2083
444 1997
445 2004
446 2113
447 2008
448 2027
449 2078
450 2077
451 2014
452 2124
453 2038
454 2123
455 2081
456 2090
457 2093
458 2073
459 2101
460 2116
461 2075
462 2050
463 2102
464 2149
465 2107
466 2046
467 2078
468 2136
469 2058
470 2057
471 2063
472 2115
473 2159
474 2105
475 2105
476 2025
477 2017
478 2180
479 2087
480 2174
481 2174
482 2105
483 2176
484 2007
485 2068
486 2105
487 2085
488 2090
489 2193
490 2203
491 2160
492 2077
493 2118
494 2025
495 2111
496 2083
497 2124
498 2049
499 2069
500 2086
501 2090
502 2062
503 2106
504 2123
505 2048
506 2034
507 2055
508 2013
509 2079
510 2036
511 2133
512 1979
513 2037
514 2132
515 2017
516 1998
517 2005
518 2098
519 1976
520 2033
521 1971
522 2008
523 1993
524 1972
525 2039
526 1990
527 2004
528 1952
529 1953
530 1995
531 1948
532 1982
533 1826
534 1904
535 1911
536 1879
537 1967
538 1993
539 1895
540 1806
541 1806
542 1803
543 1832
544 1893
545 1799
546 1878
547 1818
548 1810
549 1743
550 1849
551 1776
552 1840
553 1810
554 1808
555 1726
556 1682
557 1761
558 1690
559 1765
560 1703
561 1743
562 1662
563 1659
564 1728
565 1615
566 1690
567 1645
568 1622
569 1668
570 1616
571 1612
572 1583
573 1546
574 1670
575 1594
576 1613
577 1602
578 1608
579 1524
580 1482
581 1549
582 1515
583 1523
584 1563
585 1473
586 1442
587 1479
588 1471
589 1547
590 1447
591 1488
592 1416
593 1365
594 1428
595 1396
596 1335
597 1332
598 1436
599 1401
600 1338
601 1362
602 1302
603 1422
604 1318
605 1325
606 1258
607 1280
608 1226
609 1328
610 1271
611 1219
612 1336
613 1204
614 1242
615 1208
616 1197
617 1227
618 1128
619 1155
620 1183
621 1152
622 1127
623 1094
624 1110
625 1145
626 1087
627 1118
628 1076
629 1058
630 1090
631 1104
632 1056
633 1080
634 1041
635 998
636 1090
637 1006
638 1008
639 1034
640 967
641 1064
642 995
643 998
644 1003
645 953
646 930
647 957
648 933
649 931
650 911
651 919
652 940
653 932
654 937
655 879
656 888
657 892
658 901
659 834
660 872
661 823
662 838
663 801
664 883
665 796
666 845
667 793
668 780
669 743
670 764
671 764
672 781
673 713
674 752
675 726
676 735
677 722
678 728
679 755
680 730
681 756
682 761
683 744
684 694
685 683
686 709
687 677
688 686
689 677
690 660
691 684
692 640
693 625
694 625
695 646
696 643
697 587
698 637
699 648
700 602
701 604
702 608
703 595
704 621
705 597
706 561
707 560
708 575
709 577
710 545
711 531
712 497
713 588
714 530
715 536
716 547
717 531
718 537
719 538
720 482
721 566
722 491
723 481
724 476
725 500
726 484
727 510
728 484
729 462
730 480
731 468
732 480
733 495
734 469
735 446
736 476
737 427
738 463
739 506
740 443
741 452
742 420
743 408
744 462
745 413
746 423
747 435
748 451
749 448
750 431
751 429
752 397
753 420
754 439
755 396
756 417
757 386
758 411
759 401
760 375
761 393
762 401
763 395
764 381
765 436
766 400
767 360
768 374
769 376
770 375
771 374
772 361
773 349
774 369
775 388
776 385
777 371
778 348
779 381
780 329
781 336
782 359
783 343
784 343
785 331
786 373
787 337
788 304
789 340
790 328
791 317
792 311
793 343
794 346
795 347
796 294
797 323
798 305
799 340
800 300
801 309
802 364
803 315
804 306
805 304
806 320
807 320
808 308
809 328
810 307
811 293
812 320
813 306
814 309
815 268
816 279
817 284
818 299
819 301
820 289
821 283
822 313
823 270
824 262
825 283
826 298
827 288
828 300
829 302
830 281
831 287
832 325
833 298
834 261
835 311
836 319
837 277
838 284
839 303
840 303
841 303
842 259
843 288
844 276
845 283
846 261
847 277
848 284
849 285
850 265
851 247
852 296
853 301
854 265
855 268
856 261
857 311
858 278
859 269
860 267
861 266
862 299
863 260
864 283
865 288
866 294
867 279
868 281
869 266
870 252
871 259
872 260
873 271
874 262
875 273
876 248
877 241
878 267
879 262
880 251
881 255
882 260
883 255
884 256
885 259
886 261
887 261
888 262
889 268
890 247
891 279
892 280
893 279
894 270
895 253
896 274
897 265
898 257
899 230
900 272
901 293
902 239
903 264
904 274
905 263
906 232
907 260
908 244
909 271
910 243
911 253
912 263
913 251
914 260
915 248
916 279
917 265
918 251
919 279
920 261
921 245
922 279
923 250
924 239
925 259
926 254
927 263
928 276
929 220
930 253
931 254
932 248
933 266
934 270
935 256
936 234
937 262
938 251
939 248
940 266
941 254
942 263
943 227
944 254
945 240
946 270
947 259
948 227
949 235
950 294
951 230
952 238
953 246
954 296
955 273
956 266
957 259
958 239
959 253
960 256
961 233
962 258
963 272
964 256
965 273
966 257
967 250
968 241
969 218
970 262
971 239
972 255
973 247
974 285
975 288
976 266
977 239
978 257
979 227
980 246
981 252
982 271
983 279
984 229
985 259
986 268
987 242
988 261
989 250
990 237
991 237
992 239
993 231
994 261
995 204
996 246
997 257
998 238
999 213
1000 246
1001 229
1002 232
1003 246
1004 260
1005 234
1006 239
1007 232
1008 251
1009 251
1010 261
1011 243
1012 234
1013 240
1014 223
1015 239
1016 247
1017 235
1018 283
1019 232
1020 219
1021 248
1022 227
1023 247
1024 236
1025 242
1026 214
1027 240
1028 237
1029 240
1030 222
1031 248
1032 247
1033 232
1034 261
1035 279
1036 229
1037 250
1038 214
1039 256
1040 249
1041 230
1042 225
1043 196
1044 225
1045 269
1046 256
1047 224
1048 226
1049 264
1050 239
1051 246
1052 244
1053 225
1054 250
1055 234
1056 231
1057 222
1058 203
1059 217
1060 211
1061 235
1062 221
1063 224
1064 244
1065 259
1066 217
1067 218
1068 247
1069 227
1070 209
1071 229
1072 236
1073 223
1074 221
1075 253
1076 210
1077 225
1078 232
1079 226
1080 255
1081 213
1082 212
1083 238
1084 215
1085 241
1086 239
1087 199
1088 238
1089 227
1090 222
1091 231
1092 241
1093 210
1094 243
1095 222
1096 217
1097 219
1098 216
1099 200
1100 227
1101 221
1102 226
1103 228
1104 232
1105 213
1106 209
1107 215
1108 234
1109 217
1110 223
1111 216
1112 226
1113 236
1114 207
1115 217
1116 238
1117 208
1118 205
1119 245
1120 249
1121 229
1122 213
1123 211
1124 231
1125 198
1126 232
1127 187
1128 185
1129 229
1130 207
1131 228
1132 195
1133 224
1134 218
1135 216
1136 211
1137 208
1138 212
1139 232
1140 216
1141 203
1142 245
1143 207
1144 210
1145 202
1146 216
1147 212
1148 224
1149 210
1150 207
1151 188
1152 233
1153 230
1154 179
1155 204
1156 237
1157 193
1158 205
1159 214
1160 199
1161 208
1162 214
1163 214
1164 201
1165 169
1166 210
1167 182
1168 182
1169 195
1170 188
1171 208
1172 186
1173 182
1174 184
1175 184
1176 215
1177 184
1178 198
1179 196
1180 183
1181 198
1182 172
1183 166
1184 177
1185 189
1186 209
1187 195
1188 193
1189 189
1190 191
1191 209
1192 172
1193 206
1194 177
1195 178
1196 171
1197 189
1198 195
1199 187
1200 192
1201 197
1202 191
1203 173
1204 176
1205 197
1206 189
1207 219
1208 188
1209 209
1210 183
1211 160
1212 189
1213 171
1214 162
1215 171
1216 170
1217 181
1218 175
1219 151
1220 180
1221 145
1222 161
1223 182
1224 182
1225 191
1226 161
1227 180
1228 180
1229 167
1230 178
1231 162
1232 155
1233 173
1234 153
1235 169
1236 167
1237 170
1238 170
1239 179
1240 167
1241 162
1242 171
1243 186
1244 185
1245 173
1246 180
1247 174
1248 154
1249 161
1250 175
1251 166
1252 166
1253 158
1254 172
1255 156
1256 167
1257 161
1258 165
1259 162
1260 147
1261 156
1262 156
1263 128
1264 166
1265 152
1266 149
1267 157
1268 152
1269 157
1270 169
1271 154
1272 174
1273 112
1274 162
1275 164
1276 168
1277 136
1278 145
1279 168
1280 147
1281 154
1282 138
1283 158
1284 139
1285 144
1286 154
1287 153
1288 147
1289 125
1290 173
1291 138
1292 136
1293 131
1294 121
1295 137
1296 147
1297 142
1298 121
1299 154
1300 122
1301 127
1302 136
1303 126
1304 133
1305 133
1306 141
1307 129
1308 113
1309 114
1310 130
1311 131
1312 111
1313 116
1314 141
1315 121
1316 128
1317 131
1318 118
1319 112
1320 141
1321 134
1322 131
1323 104
1324 139
1325 133
1326 157
1327 138
1328 124
1329 109
1330 109
1331 108
1332 111
1333 122
1334 122
1335 126
1336 117
1337 106
1338 137
1339 125
1340 129
1341 143
1342 103
1343 106
1344 115
1345 114
1346 110
1347 129
1348 115
1349 112
1350 108
1351 113
1352 108
1353 121
1354 109
1355 106
1356 102
1357 96
1358 105
1359 103
1360 125
1361 110
1362 101
1363 104
1364 102
1365 116
1366 91
1367 116
1368 112
1369 114
1370 110
1371 94
1372 120
1373 115
1374 113
1375 98
1376 108
1377 104
1378 101
1379 94
1380 105
1381 102
1382 108
1383 89
1384 97
1385 103
1386 84
1387 93
1388 103
1389 88
1390 86
1391 107
1392 90
1393 102
1394 87
1395 98
1396 85
1397 94
1398 93
1399 101
1400 118
1401 78
1402 116
1403 91
1404 96
1405 74
1406 95
1407 81
1408 83
1409 91
1410 79
1411 86
1412 91
1413 87
1414 86
1415 93
1416 106
1417 81
1418 83
1419 89
1420 86
1421 81
1422 95
1423 95
1424 95
1425 85
1426 86
1427 81
1428 86
1429 78
1430 80
1431 67
1432 95
1433 78
1434 68
1435 73
1436 79
1437 75
1438 85
1439 92
1440 76
1441 76
1442 79
1443 80
1444 81
1445 75
1446 74
1447 66
1448 74
1449 72
1450 67
1451 74
1452 67
1453 86
1454 64
1455 66
1456 85
1457 69
1458 78
1459 61
1460 73
1461 71
1462 76
1463 85
1464 62
1465 85
1466 76
1467 74
1468 66
1469 63
1470 61
1471 70
1472 77
1473 88
1474 74
1475 79
1476 71
1477 63
1478 64
1479 60
1480 62
1481 51
1482 74
1483 65
1484 48
1485 70
1486 75
1487 81
1488 58
1489 64
1490 61
1491 72
1492 73
1493 62
1494 69
1495 69
1496 62
1497 68
1498 65
1499 64
1500 50
1501 55
1502 57
1503 71
1504 58
1505 59
1506 55
1507 56
1508 56
1509 65
1510 59
1511 52
1512 58
1513 52
1514 58
1515 49
1516 52
1517 57
1518 47
1519 53
1520 48
1521 52
1522 48
1523 59
1524 59
1525 65
1526 38
1527 55
1528 50
1529 66
1530 64
1531 44
1532 41
1533 67
1534 47
1535 53
1536 59
1537 55
1538 65
1539 43
1540 51
1541 49
1542 46
1543 58
1544 56
1545 50
1546 53
1547 50
1548 37
1549 49
1550 53
1551 60
1552 44
1553 51
1554 52
1555 46
1556 48
1557 58
1558 43
1559 49
1560 41
1561 39
1562 40
1563 45
1564 41
1565 50
1566 42
1567 46
1568 45
1569 43
1570 51
1571 55
1572 51
1573 40
1574 48
1575 40
1576 41
1577 34
1578 42
1579 36
1580 50
1581 38
1582 40
1583 33
1584 38
1585 39
1586 40
1587 39
1588 45
1589 42
1590 38
1591 33
1592 34
1593 52
1594 39
1595 39
1596 47
1597 41
1598 43
1599 50
1600 32
1601 31
1602 27
1603 31
1604 37
1605 36
1606 37
1607 30
1608 38
1609 48
1610 33
1611 40
1612 40
1613 36
1614 42
1615 33
1616 42
1617 27
1618 41
1619 29
1620 28
1621 30
1622 36
1623 45
1624 40
1625 37
1626 31
1627 37
1628 36
1629 30
1630 25
1631 48
1632 28
1633 36
1634 25
1635 37
1636 25
1637 34
1638 27
1639 35
1640 33
1641 34
1642 31
1643 30
1644 31
1645 34
1646 28
1647 25
1648 19
1649 30
1650 30
1651 22
1652 33
1653 31
1654 31
1655 39
1656 25
1657 26
1658 27
1659 39
1660 26
1661 29
1662 30
1663 27
1664 30
1665 30
1666 24
1667 26
1668 14
1669 30
1670 24
1671 26
1672 38
1673 27
1674 25
1675 19
1676 23
1677 25
1678 23
1679 27
1680 23
1681 20
1682 23
1683 19
1684 24
1685 26
1686 25
1687 22
1688 25
1689 21
1690 23
1691 22
1692 26
1693 21
1694 20
1695 28
1696 31
1697 23
1698 32
1699 27
1700 20
1701 30
1702 14
1703 26
1704 29
1705 21
1706 15
1707 23
1708 12
1709 17
1710 29
1711 27
1712 16
1713 16
1714 16
1715 24
1716 12
1717 21
1718 30
1719 19
1720 23
1721 15
1722 26
1723 17
1724 27
1725 16
1726 22
1727 18
1728 25
1729 16
1730 16
1731 18
1732 23
1733 13
1734 18
1735 12
1736 27
1737 20
1738 22
1739 15
1740 17
1741 21
1742 23
1743 13
1744 14
1745 23
1746 15
1747 10
1748 27
1749 8
1750 21
1751 19
1752 8
1753 17
1754 18
1755 18
1756 15
1757 15
1758 21
1759 15
1760 12
1761 19
1762 21
1763 14
1764 18
1765 16
1766 13
1767 15
1768 20
1769 16
1770 13
1771 10
1772 19
1773 11
1774 10
1775 14
1776 23
1777 19
1778 12
1779 19
1780 18
1781 12
1782 15
1783 17
1784 12
1785 7
1786 10
1787 14
1788 10
1789 12
1790 19
1791 11
1792 12
1793 14
1794 10
1795 8
1796 15
1797 10
1798 7
1799 12
1800 12
1801 12
1802 10
1803 10
1804 11
1805 10
1806 12
1807 10
1808 8
1809 9
1810 11
1811 7
1812 10
1813 6
1814 10
1815 14
1816 13
1817 13
1818 12
1819 17
1820 12
1821 12
1822 9
1823 7
1824 10
1825 12
1826 7
1827 13
1828 9
1829 6
1830 11
1831 8
1832 17
1833 14
1834 12
1835 15
1836 8
1837 11
1838 12
1839 6
1840 8
1841 3
1842 8
1843 8
1844 10
1845 10
1846 9
1847 16
1848 10
1849 16
1850 6
1851 14
1852 8
1853 5
1854 9
1855 9
1856 3
1857 8
1858 12
1859 6
1860 7
1861 3
1862 5
1863 7
1864 4
1865 5
1866 7
1867 5
1868 10
1869 8
1870 4
1871 11
1872 8
1873 10
1874 7
1875 2
1876 6
1877 12
1878 8
1879 3
1880 5
1881 8
1882 5
1883 4
1884 6
1885 5
1886 4
1887 7
1888 7
1889 4
1890 10
1891 7
1892 5
1893 5
1894 7
1895 5
1896 9
1897 9
1898 6
1899 3
1900 4
1901 3
1902 5
1903 12
1904 9
1905 8
1906 4
1907 8
1908 11
1909 4
1910 5
1911 6
1912 4
1913 7
1914 8
1915 9
1916 8
1917 4
1918 7
1919 7
1920 3
1921 6
1922 5
1923 3
1924 7
1925 5
1926 6
1927 3
1928 2
1929 5
1930 3
1931 5
1932 3
1933 5
1934 5
1935 1
1936 5
1937 2
1938 7
1939 4
1940 5
1941 3
1942 2
1943 3
1944 4
1945 4
1946 9
1947 4
1948 2
1949 2
1950 5
1951 2
1952 2
1953 1
1954 4
1955 3
1956 6
1957 4
1958 1
1959 2
1960 3
1961 9
1962 5
1963 4
1964 6
1965 2
1966 2
1967 3
1968 3
1969 4
1970 4
1971 6
1972 1
1973 2
1974 2
1975 3
1976 2
1977 1
1978 3
1979 7
1980 4
1981 6
1982 6
1983 3
1984 7
1985 9
1986 3
1987 3
1988 5
1989 5
1990 5
1991 2
1992 2
1993 2
1994 3
1995 2
1996 4
1997 5
1998 5
1999 2
2000 3
2001 4
2002 2
2003 1
2004 2
2005 3
2006 1
2007 4
2008 0
2009 0
2010 4
2011 1
2012 5
2013 3
2014 4
2015 5
2016 4
2017 1
2018 1
2019 4
2020 5
2021 2
2022 1
2023 2
2024 3
2025 4
2026 2
2027 3
2028 3
2029 2
2030 0
2031 2
2032 1
2033 0
2034 3
2035 1
2036 2
2037 2
2038 3
2039 2
2040 1
2041 1
2042 1
2043 1
2044 4
2045 4
2046 2
2047 3
2048 1
2049 1
2050 0
2051 2
2052 0
2053 3
2054 1
2055 1
2056 1
2057 2
2058 8
2059 0
2060 1
2061 1
2062 3
2063 2
2064 3
2065 2
2066 2
2067 1
2068 2
2069 6
2070 0
2071 1
2072 1
2073 4
2074 0
2075 2
2076 2
2077 2
2078 4
2079 2
2080 2
2081 2
2082 3
2083 1
2084 0
2085 1
2086 1
2087 3
2088 0
2089 2
2090 2
2091 4
2092 3
2093 4
2094 2
2095 2
2096 0
2097 1
2098 1
2099 0
2100 1
2101 3
2102 1
2103 1
2104 0
2105 2
2106 0
2107 0
2108 0
2109 0
2110 1
2111 1
2112 2
2113 2
2114 2
2115 0
2116 1
2117 0
2118 0
2119 1
2120 2
2121 2
2122 3
2123 0
2124 1
2125 1
2126 2
2127 0
2128 2
2129 0
2130 2
2131 0
2132 3
2133 1
2134 2
2135 2
2136 1
2137 2
2138 3
2139 2
2140 0
2141 2
2142 3
2143 1
2144 0
2145 0
2146 3
2147 0
2148 0
2149 2
2150 0
2151 0
2152 0
2153 0
2154 1
2155 1
2156 2
2157 0
2158 5
2159 2
2160 0
2161 1
2162 1
2163 1
2164 2
2165 2
2166 0
2167 2
2168 1
2169 1
2170 2
2171 0
2172 1
2173 0
2174 0
2175 0
2176 0
2177 0
2178 0
2179 2
2180 1
2181 0
2182 1
2183 0
2184 2
2185 1
2186 4
2187 1
2188 0
2189 1
2190 2
2191 2
2192 0
2193 1
2194 2
2195 0
2196 0
2197 2
2198 0
2199 0
2200 0
2201 1
2202 2
2203 1
2204 0
2205 0
2206 0
2207 0
2208 0
2209 0
2210 1
2211 0
2212 1
2213 2
2214 1
2215 1
2216 0
2217 1
2218 1
2219 1
2220 1
2221 1
2222 0
2223 3
2224 0
2225 0
2226 0
2227 0
2228 0
2229 1
2230 1
2231 0
2232 0
2233 1
2234 0
2235 2
2236 1
2237 1
2238 1
2239 0
2240 0
2241 0
2242 2
2243 0
2244 0
2245 1
2246 1
2247 0
2248 0
2249 0
2250 0
2251 0
2252 1
2253 0
2254 0
2255 0
2256 0
2257 1
2258 0
2259 1
2260 1
2261 2
2262 1
2263 0
2264 1
2265 0
2266 0
2267 1
2268 1
2269 2
2270 1
2271 0
2272 1
2273 0
2274 0
2275 1
2276 0
2277 0
2278 0
2279 0
2280 0
2281 1
2282 0
2283 1
2284 2
2285 0
2286 1
2287 0
2288 0
2289 0
2290 0
2291 1
2292 0
2293 0
2294 0
2295 0
2296 0
2297 1
2298 0
2299 0
2300 0
2301 0
2302 0
2303 0
2304 0
2305 0
2306 1
2307 0
2308 0
2309 3
2310 1
2311 0
2312 0
2313 0
2314 1
2315 0
2316 0
2317 0
2318 0
2319 0
2320 0
2321 1
2322 0
2323 1
2324 0
2325 0
2326 1
2327 1
2328 0
2329 0
2330 0
2331 0
2332 0
2333 0
2334 0
2335 0
2336 0
2337 0
2338 0
2339 0
2340 0
2341 1
2342 0
2343 1
2344 1
2345 0
2346 0
2347 1
2348 0
2349 0
2350 1
2351 0
2352 0
2353 0
2354 0
2355 0
2356 0
2357 0
2358 0
2359 1
2360 0
2361 1
2362 1
2363 0
2364 0
2365 0
2366 1
2367 0
2368 0
2369 0
2370 0
2371 1
2372 1
2373 0
2374 0
2375 1
2376 0
2377 0
2378 0
2379 0
2380 1
2381 0
2382 0
2383 2
2384 2
2385 1
2386 1
2387 0
2388 0
2389 0
2390 0
2391 0
2392 0
2393 0
2394 0
2395 0
2396 0
2397 0
2398 0
2399 0
2400 0
2401 0
2402 0
2403 0
2404 0
2405 0
2406 0
2407 0
2408 0
2409 1
2410 0
2411 0
2412 0
2413 1
2414 1
2415 0
2416 0
2417 0
2418 0
2419 2
2420 0
2421 0
2422 0
2423 0
2424 0
2425 0
2426 0
2427 1
2428 0
2429 0
2430 0
2431 0
2432 0
2433 1
2434 1
2435 0
2436 1
2437 1
2438 0
2439 1
2440 1
2441 0
2442 0
2443 0
2444 1
2445 0
2446 0
2447 0
2448 0
2449 0
2450 0
2451 0
2452 0
2453 0
2454 0
2455 0
2456 0
2457 0
2458 0
2459 0
2460 1
2461 0
2462 0
2463 0
2464 0
2465 0
2466 2
2467 0
2468 0
2469 0
2470 0
2471 0
2472 0
2473 1
2474 0
2475 0
2476 0
2477 0
2478 0
2479 0
2480 0
2481 0
2482 0
2483 0
2484 1
2485 0
2486 0
2487 0
2488 0
2489 0
2490 0
2491 0
2492 0
2493 0
2494 0
2495 0
2496 0
2497 0
2498 0
2499 0
2500 0
2501 0
2502 0
2503 0
2504 0
2505 0
2506 0
2507 0
2508 1
2509 0
2510 0
2511 0
2512 0
2513 1
2514 0
2515 0
2516 0
2517 0
2518 0
2519 0
2520 0
2521 0
2522 0
2523 0
2524 0
2525 0
2526 0
2527 0
2528 0
2529 0
2530 0
2531 0
2532 0
2533 1
2534 0
2535 0
2536 0
2537 0
2538 0
2539 0
2540 0
2541 0
2542 1
2543 0
2544 2
2545 1
2546 1
2547 0
2548 0
2549 0
2550 0
2551 0
2552 1
2553 0
2554 0
2555 1
2556 0
2557 0
2558 0
2559 0
2560 0
2561 0
2562 0
2563 0
2564 0
2565 0
2566 0
2567 0
2568 0
2569 0
2570 0
2571 0
2572 0
2573 0
2574 0
2575 0
2576 1
2577 0
2578 0
2579 1
2580 0
2581 0
2582 0
2583 0
2584 0
2585 1
2586 0
2587 0
2588 0
2589 0
2590 0
2591 0
2592 0
2593 0
2594 0
2595 0
2596 0
2597 0
2598 2
2599 0
2600 0
2601 0
2602 0
2603 0
2604 0
2605 0
2606 0
2607 0
2608 0
2609 0
2610 0
2611 0
2612 0
2613 0
2614 0
2615 0
2616 0
2617 0
2618 0
2619 0
2620 0
2621 0
2622 0
2623 1
2624 0
2625 0
2626 0
2627 0
2628 0
2629 0
2630 0
2631 0
2632 0
2633 0
2634 0
2635 0
2636 0
2637 0
2638 0
2639 0
2640 0
2641 0
2642 0
2643 0
2644 0
2645 0
2646 0
2647 0
2648 0
2649 0
2650 0
2651 0
2652 0
2653 0
2654 0
2655 0
2656 0
2657 0
2658 0
2659 0
2660 0
2661 0
2662 0
2663 0
2664 0
2665 0
2666 0
2667 0
2668 0
2669 0
2670 0
2671 0
2672 0
2673 1
2674 0
2675 0
2676 0
2677 0
2678 0
2679 0
2680 0
2681 0
2682 0
2683 0
2684 0
2685 0
2686 0
2687 0
2688 0
2689 0
2690 0
2691 0
2692 0
2693 0
2694 0
2695 0
2696 0
2697 0
2698 0
2699 0
2700 0
2701 0
2702 0
2703 0
2704 0
2705 0
2706 0
2707 0
2708 0
2709 0
2710 1
2711 0
2712 0
2713 0
2714 1
2715 0
2716 0
2717 0
2718 0
2719 0
2720 0
2721 0
2722 0
2723 0
2724 0
2725 0
2726 0
2727 0
2728 0
2729 0
2730 0
2731 1
2732 0
2733 0
2734 0
2735 1
2736 0
2737 0
2738 0
2739 0
2740 0
2741 0
2742 0
2743 0
2744 0
2745 0
2746 0
2747 0
2748 0
2749 0
2750 0
2751 0
2752 0
2753 0
2754 0
2755 0
2756 0
2757 0
2758 0
2759 0
2760 0
2761 0
2762 0
2763 0
2764 0
2765 0
2766 0
2767 0
2768 0
2769 0
2770 0
2771 0
2772 0
2773 0
2774 0
2775 0
2776 0
2777 0
2778 0
2779 0
2780 0
2781 0
2782 0
2783 0
2784 0
2785 0
2786 0
2787 0
2788 0
2789 0
2790 1
2791 0
2792 0
2793 0
2794 0
2795 0
2796 0
2797 0
2798 0
2799 0
2800 0
2801 0
2802 0
2803 0
2804 0
2805 0
2806 0
2807 0
2808 0
2809 0
2810 0
2811 0
2812 0
2813 0
2814 0
2815 0
2816 0
2817 1
2818 0
2819 0
2820 0
2821 0
2822 0
2823 0
2824 0
2825 0
2826 0
2827 0
2828 0
2829 0
2830 0
2831 0
2832 0
2833 0
2834 1
2835 0
2836 0
2837 1
2838 0
2839 0
2840 0
2841 1
2842 0
2843 0
2844 0
2845 0
2846 0
2847 0
2848 0
2849 0
2850 0
2851 0
2852 0
2853 0
2854 0
2855 0
2856 0
2857 0
2858 0
2859 0
2860 0
2861 0
2862 0
2863 0
2864 0
2865 0
2866 1
2867 0
2868 0
2869 0
2870 0
2871 0
2872 0
2873 0
2874 0
2875 0
2876 0
2877 0
2878 0
2879 0
2880 1
2881 0
2882 0
2883 0
2884 0
2885 0
2886 0
2887 0
2888 0
2889 0
2890 0
2891 0
2892 0
2893 0
2894 0
2895 0
2896 0
2897 0
2898 0
2899 0
2900 0
2901 0
2902 0
2903 0
2904 0
2905 0
2906 0
2907 0
2908 0
2909 0
2910 0
2911 0
2912 0
2913 0
2914 0
2915 0
2916 0
2917 0
2918 0
2919 0
2920 0
2921 0
2922 0
2923 0
2924 0
2925 0
2926 0
2927 0
2928 0
2929 0
2930 0
2931 1
2932 0
2933 0
2934 0
2935 0
2936 1
2937 1
2938 0
2939 0
2940 0
2941 0
2942 0
2943 0
2944 0
2945 0
2946 0
2947 0
2948 0
2949 0
2950 0
2951 0
2952 0
2953 0
2954 0
2955 0
2956 0
2957 0
2958 0
2959 0
2960 0
2961 0
2962 0
2963 0
2964 0
2965 0
2966 0
2967 0
2968 0
2969 0
2970 0
2971 0
2972 0
2973 0
2974 0
2975 0
2976 0
2977 0
2978 0
2979 0
2980 0
2981 0
2982 1
2983 0
2984 1
2985 0
2986 0
2987 0
2988 0
2989 0
2990 0
2991 0
2992 0
2993 0
2994 0
2995 0
2996 0
2997 0
2998 0
2999 0
3000 0
3001 0
3002 0
3003 0
3004 0
3005 0
3006 0
3007 0
3008 0
3009 0
3010 1
3011 0
3012 0
3013 0
3014 0
3015 0
3016 0
3017 0
3018 0
3019 0
3020 0
3021 0
3022 0
3023 0
3024 0
3025 0
3026 0
3027 0
3028 0
3029 0
3030 0
3031 1
3032 0
3033 0
3034 0
3035 0
3036 0
3037 0
3038 0
3039 0
3040 0
3041 0
3042 0
3043 0
3044 0
3045 0
3046 0
3047 0
3048 0
3049 0
3050 0
3051 0
3052 0
3053 0
3054 0
3055 1
3056 0
3057 0
3058 0
3059 0
3060 0
3061 0
3062 0
3063 0
3064 0
3065 1
3066 0
3067 0
3068 0
3069 0
3070 0
3071 0
3072 0
3073 0
3074 0
3075 0
3076 0
3077 0
3078 0
3079 0
3080 0
3081 0
3082 0
3083 0
3084 0
3085 0
3086 0
3087 0
3088 0
3089 0
3090 0
3091 0
3092 0
3093 0
3094 0
3095 0
3096 0
3097 0
3098 0
3099 0
3100 0
3101 0
3102 0
3103 0
3104 0
3105 0
3106 0
3107 0
3108 0
3109 0
3110 0
3111 0
3112 0
3113 0
3114 0
3115 0
3116 0
3117 0
3118 0
3119 0
3120 0
3121 0
3122 0
3123 0
3124 0
3125 0
3126 0
3127 0
3128 0
3129 0
3130 0
3131 0
3132 0
3133 0
3134 0
3135 0
3136 0
3137 0
3138 0
3139 0
3140 0
3141 0
3142 0
3143 0
3144 0
3145 0
3146 0
3147 0
3148 0
3149 1
3150 0
3151 0
3152 0
3153 0
3154 0
3155 0
3156 0
3157 0
3158 0
3159 0
3160 0
3161 0
3162 0
3163 0
3164 0
3165 0
3166 0
3167 0
3168 0
3169 0
3170 0
3171 0
3172 0
3173 0
3174 0
3175 0
3176 0
3177 0
3178 0
3179 0
3180 0
3181 1
3182 0
3183 0
3184 0
3185 0
3186 0
3187 0
3188 0
3189 0
3190 0
3191 0
3192 0
3193 0
3194 0
3195 0
3196 0
3197 0
3198 0
3199 0
3200 0
3201 0
3202 0
3203 0
3204 0
3205 0
3206 0
3207 0
3208 0
3209 0
3210 0
3211 0
3212 0
3213 0
3214 0
3215 0
3216 0
3217 0
3218 0
3219 0
3220 0
3221 0
3222 0
3223 0
3224 0
3225 0
3226 0
3227 0
3228 0
3229 0
3230 0
3231 0
3232 0
3233 0
3234 0
3235 0
3236 0
3237 0
3238 0
3239 0
3240 0
3241 0
3242 0
3243 0
3244 0
3245 0
3246 0
3247 0
3248 0
3249 0
3250 0
3251 0
3252 0
3253 0
3254 0
3255 0
3256 0
3257 0
3258 0
3259 0
3260 0
3261 0
3262 0
3263 0
3264 0
3265 0
3266 0
3267 0
3268 0
3269 0
3270 0
3271 0
3272 0
3273 0
3274 0
3275 0
3276 0
3277 0
3278 0
3279 0
3280 0
3281 0
3282 0
3283 0
3284 0
3285 0
3286 0
3287 0
3288 0
3289 0
3290 0
3291 0
3292 0
3293 0
3294 0
3295 0
3296 0
3297 0
3298 0
3299 0
3300 0
3301 0
3302 0
3303 0
3304 0
3305 0
3306 0
3307 0
3308 0
3309 0
3310 0
3311 0
3312 0
3313 0
3314 0
3315 0
3316 0
3317 0
3318 0
3319 0
3320 0
3321 0
3322 0
3323 0
3324 0
3325 0
3326 0
3327 0
3328 0
3329 0
3330 0
3331 0
3332 0
3333 0
3334 0
3335 0
3336 0
3337 0
3338 0
3339 0
3340 0
3341 0
3342 0
3343 0
3344 0
3345 0
3346 0
3347 0
3348 0
3349 0
3350 0
3351 0
3352 0
3353 0
3354 0
3355 0
3356 0
3357 0
3358 0
3359 0
3360 0
3361 0
3362 0
3363 0
3364 0
3365 0
3366 0
3367 0
3368 0
3369 0
3370 0
3371 0
3372 0
3373 0
3374 0
3375 0
3376 0
3377 0
3378 0
3379 0
3380 0
3381 1
3382 0
3383 0
3384 0
3385 0
3386 0
3387 0
3388 0
3389 0
3390 0
3391 0
3392 0
3393 0
3394 0
3395 0
3396 0
3397 0
3398 0
3399 0
3400 0
3401 0
3402 0
3403 0
3404 0
3405 0
3406 0
3407 0
3408 0
3409 0
3410 0
3411 1
3412 0
3413 0
3414 0
3415 0
3416 0
3417 0
3418 0
3419 0
3420 0
3421 0
3422 0
3423 1
3424 0
3425 0
3426 0
3427 0
3428 0
3429 0
3430 0
3431 0
3432 0
3433 0
3434 0
3435 0
3436 0
3437 0
3438 0
3439 0
3440 0
3441 0
3442 0
3443 0
3444 0
3445 0
3446 0
3447 0
3448 0
3449 0
3450 0
3451 0
3452 0
3453 0
3454 0
3455 0
3456 0
3457 0
3458 0
3459 0
3460 0
3461 0
3462 0
3463 0
3464 0
3465 0
3466 0
3467 0
3468 0
3469 0
3470 0
3471 0
3472 0
3473 0
3474 0
3475 0
3476 0
3477 0
3478 0
3479 0
3480 0
3481 0
3482 0
3483 0
3484 0
3485 0
3486 0
3487 0
3488 0
3489 0
3490 0
3491 0
3492 0
3493 0
3494 0
3495 0
3496 0
3497 0
3498 0
3499 0
3500 0
3501 0
3502 0
3503 0
3504 0
3505 0
3506 0
3507 0
3508 0
3509 0
3510 0
3511 0
3512 0
3513 0
3514 0
3515 0
3516 0
3517 0
3518 0
3519 0
3520 0
3521 0
3522 0
3523 0
3524 0
3525 0
3526 0
3527 0
3528 0
3529 1
3530 0
3531 0
3532 0
3533 0
3534 0
3535 0
3536 0
3537 0
3538 0
3539 0
3540 0
3541 0
3542 0
3543 0
3544 0
3545 0
3546 0
3547 0
3548 0
3549 0
3550 0
3551 0
3552 0
3553 0
3554 0
3555 0
3556 0
3557 0
3558 0
3559 0
3560 0
3561 0
3562 0
3563 0
3564 0
3565 0
3566 0
3567 0
3568 0
3569 0
3570 0
3571 0
3572 0
3573 0
3574 0
3575 0
3576 0
3577 0
3578 0
3579 0
3580 0
3581 0
3582 0
3583 0
3584 0
3585 0
3586 0
3587 0
3588 0
3589 0
3590 0
3591 0
3592 0
3593 0
3594 0
3595 0
3596 0
3597 0
3598 0
3599 0
3600 0
3601 0
3602 0
3603 0
3604 0
3605 0
3606 0
3607 0
3608 0
3609 0
3610 0
3611 0
3612 0
3613 1
3614 0
3615 0
3616 0
3617 0
3618 0
3619 0
3620 0
3621 0
3622 0
3623 0
3624 0
3625 0
3626 0
3627 0
3628 0
3629 0
3630 0
3631 0
3632 0
3633 0
3634 0
3635 0
3636 0
3637 0
3638 0
3639 0
3640 0
3641 0
3642 0
3643 0
3644 0
3645 0
3646 0
3647 0
3648 0
3649 0
3650 0
3651 0
3652 0
3653 0
3654 0
3655 0
3656 0
3657 0
3658 0
3659 0
3660 0
3661 0
3662 0
3663 0
3664 0
3665 0
3666 0
3667 0
3668 0
3669 0
3670 0
3671 0
3672 0
3673 0
3674 0
3675 0
3676 0
3677 0
3678 1
3679 0
3680 0
3681 0
3682 0
3683 0
3684 0
3685 0
3686 0
3687 0
3688 0
3689 0
3690 0
3691 0
3692 0
3693 0
3694 0
3695 0
3696 0
3697 0
3698 0
3699 0
3700 0
3701 0
3702 0
3703 0
3704 0
3705 0
3706 0
3707 0
3708 0
3709 0
3710 0
3711 0
3712 0
3713 0
3714 0
3715 0
3716 0
3717 0
3718 0
3719 0
3720 0
3721 0
3722 0
3723 0
3724 0
3725 0
3726 0
3727 0
3728 0
3729 0
3730 0
3731 0
3732 0
3733 1
3734 0
3735 0
3736 1
3737 0
3738 0
3739 0
3740 0
3741 0
3742 0
3743 0
3744 0
3745 0
3746 0
3747 0
3748 0
3749 0
3750 0
3751 0
3752 0
3753 0
3754 0
3755 0
3756 0
3757 0
3758 0
3759 0
3760 0
3761 0
3762 0
3763 0
3764 0
3765 0
3766 0
3767 0
3768 0
3769 0
3770 0
3771 0
3772 0
3773 0
3774 0
3775 0
3776 0
3777 0
3778 0
3779 0
3780 0
3781 0
3782 0
3783 0
3784 0
3785 0
3786 0
3787 0
3788 0
3789 1
3790 0
3791 0
3792 0
3793 0
3794 0
3795 0
3796 1
3797 0
3798 0
3799 0
3800 0
3801 0
3802 0
3803 0
3804 0
3805 0
3806 0
3807 0
3808 0
3809 0
3810 0
3811 0
3812 0
3813 0
3814 0
3815 0
3816 0
3817 0
3818 0
3819 0
3820 0
3821 0
3822 0
3823 0
3824 0
3825 0
3826 0
3827 0
3828 0
3829 0
3830 0
3831 0
3832 0
3833 0
3834 0
3835 0
3836 0
3837 0
3838 0
3839 0
3840 0
3841 0
3842 0
3843 0
3844 0
3845 0
3846 0
3847 0
3848 0
3849 0
3850 0
3851 0
3852 0
3853 0
3854 0
3855 0
3856 0
3857 0
3858 0
3859 0
3860 0
3861 0
3862 0
3863 0
3864 0
3865 0
3866 0
3867 0
3868 0
3869 0
3870 0
3871 0
3872 0
3873 0
3874 0
3875 0
3876 0
3877 0
3878 0
3879 0
3880 0
3881 0
3882 0
3883 0
3884 0
3885 0
3886 0
3887 0
3888 0
3889 0
3890 0
3891 0
3892 0
3893 0
3894 0
3895 0
3896 0
3897 0
3898 0
3899 0
3900 0
3901 0
3902 0
3903 0
3904 0
3905 0
3906 0
3907 0
3908 0
3909 0
3910 0
3911 0
3912 0
3913 0
3914 0
3915 0
3916 0
3917 0
3918 0
3919 0
3920 0
3921 0
3922 0
3923 0
3924 0
3925 0
3926 0
3927 0
3928 0
3929 0
3930 0
3931 0
3932 0
3933 0
3934 0
3935 0
3936 0
3937 0
3938 0
3939 0
3940 0
3941 0
3942 0
3943 0
3944 0
3945 0
3946 0
3947 0
3948 0
3949 0
3950 0
3951 0
3952 0
3953 0
3954 0
3955 0
3956 0
3957 0
3958 0
3959 0
3960 0
3961 0
3962 0
3963 0
3964 0
3965 0
3966 0
3967 0
3968 0
3969 0
3970 0
3971 0
3972 0
3973 0
3974 0
3975 0
3976 0
3977 0
3978 0
3979 0
3980 0
3981 0
3982 0
3983 0
3984 0
3985 0
3986 0
3987 0
3988 0
3989 0
3990 0
3991 0
3992 0
3993 0
3994 0
3995 0
3996 0
3997 0
3998 0
3999 0
4000 0
