0 0
1 0
2 0
3 0
4 0
5 0
6 0
7 0
8 0
9 0
10 0
11 0
12 0
13 0
14 0
15 0
16 0
17 0
18 0
19 0
20 0
21 0
22 0
23 0
24 0
25 0
26 0
27 0
28 0
29 0
30 0
31 0
32 0
33 0
34 0
35 0
36 0
37 0
38 0
39 0
40 0
41 0
42 0
43 0
44 0
45 0
46 0
47 0
48 0
49 0
50 0
51 0
52 0
53 0
54 0
55 0
56 0
57 0
58 0
59 0
60 0
61 0
62 0
63 0
64 0
65 0
66 0
67 0
68 0
69 0
70 0
71 0
72 0
73 0
74 0
75 0
76 0
77 0
78 0
79 0
80 0
81 0
82 0
83 0
84 0
85 0
86 0
87 0
88 0
89 0
90 0
91 0
92 0
93 0
94 0
95 0
96 0
97 0
98 0
99 0
100 0
101 0
102 0
103 0
104 0
105 0
106 0
107 0
108 0
109 0
110 0
111 0
112 0
113 0
114 0
115 0
116 0
117 0
118 0
119 0
120 0
121 0
122 0
123 0
124 0
125 0
126 0
127 0
128 0
129 0
130 0
131 0
132 0
133 0
134 0
135 0
136 0
137 0
138 0
139 0
140 0
141 0
142 0
143 0
144 0
145 0
146 0
147 0
148 2
149 0
150 1
151 1
152 0
153 2
154 1
155 2
156 5
157 3
158 1
159 3
160 2
161 5
162 2
163 3
164 0
165 4
166 3
167 5
168 7
169 4
170 9
171 9
172 8
173 16
174 27
175 60
176 62
177 79
178 113
179 115
180 135
181 178
182 202
183 307
184 508
185 745
186 988
187 1250
188 1436
189 1464
190 1452
191 1399
192 1414
193 1305
194 1204
195 1132
196 1076
197 972
198 930
199 851
200 836
201 784
202 705
203 683
204 697
205 686
206 646
207 615
208 619
209 613
210 633
211 642
212 667
213 651
214 625
215 615
216 636
217 663
218 625
219 669
220 621
221 673
222 656
223 659
224 678
225 660
226 687
227 685
228 729
229 650
230 666
231 676
232 717
233 630
234 666
235 669
236 685
237 679
238 719
239 708
240 734
241 725
242 727
243 690
244 751
245 774
246 765
247 707
248 746
249 733
250 757
251 743
252 739
253 724
254 762
255 777
256 756
257 803
258 750
259 698
260 859
261 832
262 821
263 770
264 727
265 755
266 772
267 736
268 785
269 775
270 785
271 800
272 814
273 798
274 778
275 793
276 814
277 750
278 786
279 792
280 814
281 826
282 842
283 823
284 738
285 801
286 857
287 815
288 787
289 835
290 813
291 782
292 823
293 815
294 777
295 855
296 880
297 868
298 793
299 809
300 831
301 794
302 808
303 820
304 796
305 815
306 838
307 902
308 810
309 810
310 894
311 821
312 866
313 884
314 885
315 885
316 836
317 827
318 851
319 865
320 826
321 853
322 854
323 876
324 902
325 853
326 882
327 895
328 885
329 905
330 886
331 873
332 864
333 861
334 878
335 833
336 937
337 845
338 831
339 897
340 910
341 955
342 902
343 907
344 851
345 855
346 849
347 899
348 923
349 916
350 890
351 974
352 902
353 859
354 850
355 864
356 882
357 879
358 922
359 934
360 847
361 929
362 873
363 927
364 932
365 913
366 915
367 922
368 870
369 879
370 928
371 923
372 898
373 928
374 951
375 926
376 970
377 884
378 889
379 951
380 991
381 995
382 925
383 924
384 989
385 934
386 944
387 918
388 973
389 954
390 986
391 925
392 1016
393 980
394 990
395 970
396 957
397 976
398 995
399 1008
400 965
401 1052
402 983
403 1031
404 1056
405 985
406 943
407 1014
408 1038
409 1032
410 1034
411 1065
412 1079
413 1074
414 1047
415 1071
416 1028
417 1110
418 1037
419 1064
420 1076
421 1074
422 1093
423 1103
424 1049
425 1134
426 1145
427 1118
428 1066
429 1109
430 1134
431 1090
432 1126
433 1123
434 1123
435 1177
436 1177
437 1129
438 1112
439 1189
440 1150
441 1112
442 1159
443 1152
444 1166
445 1181
446 1133
447 1198
448 1200
449 1254
450 1220
451 1207
452 1222
453 1246
454 1265
455 1160
456 1246
457 1239
458 1252
459 1345
460 1253
461 1311
462 1232
463 1226
464 1336
465 1297
466 1258
467 1284
468 1364
469 1323
470 1259
471 1327
472 1361
473 1406
474 1432
475 1293
476 1322
477 1350
478 1368
479 1347
480 1366
481 1297
482 1435
483 1332
484 1396
485 1458
486 1386
487 1355
488 1364
489 1381
490 1391
491 1401
492 1422
493 1449
494 1524
495 1462
496 1509
497 1402
498 1461
499 1386
500 1492
501 1460
502 1469
503 1495
504 1547
505 1611
506 1548
507 1553
508 1501
509 1510
510 1512
511 1529
512 1516
513 1508
514 1496
515 1520
516 1493
517 1594
518 1500
519 1549
520 1566
521 1599
522 1563
523 1560
524 1501
525 1641
526 1619
527 1642
528 1586
529 1640
530 1616
531 1604
532 1551
533 1653
534 1616
535 1714
536 1549
537 1573
538 1658
539 1605
540 1689
541 1574
542 1602
543 1622
544 1688
545 1628
546 1672
547 1612
548 1671
549 1626
550 1687
551 1638
552 1628
553 1601
554 1633
555 1628
556 1649
557 1630
558 1668
559 1634
560 1610
561 1665
562 1681
563 1662
564 1693
565 1540
566 1637
567 1573
568 1626
569 1724
570 1603
571 1736
572 1607
573 1621
574 1600
575 1657
576 1725
577 1647
578 1744
579 1691
580 1636
581 1726
582 1584
583 1653
584 1597
585 1663
586 1598
587 1668
588 1652
589 1636
590 1685
591 1600
592 1612
593 1650
594 1707
595 1615
596 1560
597 1638
598 1542
599 1620
600 1600
601 1611
602 1581
603 1601
604 1562
605 1614
606 1558
607 1644
608 1604
609 1559
610 1584
611 1532
612 1617
613 1582
614 1530
615 1610
616 1549
617 1615
618 1495
619 1618
620 1571
621 1473
622 1534
623 1581
624 1489
625 1498
626 1530
627 1564
628 1564
629 1451
630 1474
631 1542
632 1483
633 1508
634 1449
635 1486
636 1494
637 1442
638 1486
639 1433
640 1422
641 1465
642 1436
643 1451
644 1444
645 1452
646 1403
647 1408
648 1358
649 1417
650 1379
651 1397
652 1392
653 1403
654 1322
655 1309
656 1311
657 1326
658 1353
659 1323
660 1311
661 1295
662 1342
663 1283
664 1307
665 1315
666 1259
667 1248
668 1271
669 1291
670 1246
671 1336
672 1214
673 1235
674 1185
675 1220
676 1225
677 1223
678 1270
679 1227
680 1228
681 1178
682 1212
683 1144
684 1197
685 1195
686 1108
687 1174
688 1175
689 1224
690 1123
691 1121
692 1101
693 1137
694 1149
695 1076
696 1092
697 1112
698 1098
699 1105
700 1084
701 1051
702 1053
703 1036
704 1047
705 1070
706 1052
707 1019
708 1057
709 1022
710 1041
711 1005
712 990
713 1034
714 966
715 996
716 948
717 963
718 947
719 927
720 911
721 942
722 913
723 917
724 916
725 912
726 912
727 928
728 845
729 908
730 892
731 909
732 885
733 850
734 839
735 878
736 878
737 813
738 840
739 823
740 812
741 795
742 821
743 776
744 818
745 795
746 766
747 798
748 769
749 711
750 740
751 770
752 779
753 729
754 748
755 809
756 761
757 718
758 709
759 683
760 713
761 668
762 733
763 712
764 706
765 740
766 737
767 663
768 699
769 643
770 671
771 693
772 619
773 684
774 625
775 682
776 651
777 620
778 646
779 638
780 602
781 582
782 576
783 592
784 582
785 585
786 566
787 595
788 547
789 568
790 556
791 584
792 560
793 535
794 561
795 514
796 570
797 525
798 577
799 517
800 509
801 498
802 505
803 511
804 484
805 474
806 515
807 480
808 525
809 514
810 475
811 528
812 485
813 473
814 453
815 451
816 448
817 427
818 449
819 415
820 447
821 481
822 453
823 417
824 423
825 429
826 405
827 406
828 422
829 427
830 410
831 407
832 431
833 434
834 429
835 390
836 385
837 392
838 435
839 365
840 367
841 358
842 374
843 382
844 359
845 374
846 405
847 354
848 354
849 373
850 377
851 351
852 339
853 321
854 352
855 370
856 336
857 347
858 352
859 379
860 330
861 339
862 358
863 329
864 316
865 346
866 311
867 308
868 314
869 338
870 320
871 311
872 332
873 323
874 294
875 331
876 308
877 292
878 309
879 275
880 281
881 292
882 287
883 333
884 300
885 294
886 316
887 300
888 283
889 260
890 293
891 286
892 303
893 294
894 256
895 268
896 261
897 273
898 302
899 308
900 266
901 266
902 249
903 269
904 287
905 243
906 237
907 248
908 253
909 273
910 233
911 247
912 234
913 256
914 252
915 241
916 253
917 249
918 258
919 262
920 236
921 217
922 236
923 242
924 234
925 227
926 251
927 256
928 250
929 222
930 222
931 219
932 223
933 210
934 234
935 250
936 185
937 215
938 224
939 259
940 227
941 260
942 234
943 213
944 219
945 185
946 225
947 253
948 221
949 211
950 219
951 240
952 201
953 221
954 230
955 235
956 214
957 179
958 194
959 244
960 216
961 196
962 227
963 197
964 200
965 202
966 190
967 214
968 225
969 199
970 176
971 182
972 216
973 187
974 211
975 202
976 213
977 188
978 181
979 212
980 187
981 206
982 208
983 182
984 184
985 207
986 190
987 217
988 192
989 179
990 192
991 218
992 216
993 183
994 201
995 200
996 200
997 168
998 196
999 195
1000 206
1001 210
1002 173
1003 209
1004 208
1005 210
1006 172
1007 207
1008 195
1009 221
1010 207
1011 198
1012 166
1013 215
1014 193
1015 186
1016 203
1017 204
1018 205
1019 194
1020 183
1021 201
1022 203
1023 195
1024 188
1025 190
1026 175
1027 181
1028 187
1029 203
1030 194
1031 178
1032 179
1033 201
1034 184
1035 192
1036 196
1037 193
1038 170
1039 174
1040 216
1041 178
1042 167
1043 223
1044 196
1045 181
1046 174
1047 175
1048 168
1049 168
1050 176
1051 160
1052 191
1053 180
1054 191
1055 213
1056 177
1057 194
1058 186
1059 184
1060 166
1061 185
1062 174
1063 187
1064 194
1065 187
1066 186
1067 199
1068 165
1069 174
1070 213
1071 185
1072 171
1073 192
1074 193
1075 198
1076 195
1077 181
1078 161
1079 189
1080 180
1081 177
1082 192
1083 171
1084 169
1085 184
1086 193
1087 198
1088 179
1089 156
1090 176
1091 181
1092 167
1093 191
1094 184
1095 176
1096 179
1097 161
1098 179
1099 207
1100 171
1101 192
1102 168
1103 179
1104 203
1105 169
1106 198
1107 144
1108 194
1109 183
1110 180
1111 170
1112 192
1113 202
1114 170
1115 168
1116 182
1117 180
1118 189
1119 179
1120 174
1121 163
1122 174
1123 177
1124 192
1125 145
1126 202
1127 195
1128 187
1129 181
1130 201
1131 165
1132 194
1133 173
1134 171
1135 166
1136 187
1137 174
1138 206
1139 175
1140 158
1141 178
1142 195
1143 171
1144 187
1145 190
1146 177
1147 183
1148 187
1149 195
1150 191
1151 206
1152 176
1153 197
1154 188
1155 202
1156 152
1157 173
1158 181
1159 173
1160 157
1161 192
1162 172
1163 184
1164 175
1165 202
1166 177
1167 178
1168 171
1169 204
1170 188
1171 170
1172 176
1173 186
1174 167
1175 168
1176 206
1177 178
1178 165
1179 179
1180 184
1181 187
1182 180
1183 166
1184 183
1185 181
1186 180
1187 192
1188 175
1189 171
1190 175
1191 190
1192 205
1193 175
1194 180
1195 207
1196 179
1197 176
1198 161
1199 192
1200 170
1201 159
1202 154
1203 146
1204 195
1205 175
1206 192
1207 172
1208 177
1209 179
1210 170
1211 188
1212 204
1213 194
1214 167
1215 170
1216 178
1217 182
1218 147
1219 170
1220 144
1221 160
1222 169
1223 187
1224 195
1225 181
1226 179
1227 175
1228 172
1229 187
1230 193
1231 176
1232 197
1233 183
1234 165
1235 161
1236 157
1237 183
1238 178
1239 178
1240 183
1241 167
1242 164
1243 183
1244 158
1245 147
1246 173
1247 175
1248 179
1249 215
1250 165
1251 172
1252 159
1253 150
1254 161
1255 164
1256 180
1257 168
1258 159
1259 167
1260 186
1261 200
1262 152
1263 187
1264 152
1265 168
1266 186
1267 176
1268 164
1269 158
1270 170
1271 145
1272 179
1273 187
1274 172
1275 161
1276 139
1277 149
1278 190
1279 201
1280 164
1281 171
1282 176
1283 165
1284 200
1285 172
1286 168
1287 175
1288 196
1289 174
1290 190
1291 180
1292 173
1293 151
1294 193
1295 150
1296 163
1297 197
1298 160
1299 174
1300 177
1301 185
1302 185
1303 176
1304 160
1305 154
1306 176
1307 178
1308 152
1309 169
1310 184
1311 179
1312 177
1313 159
1314 162
1315 167
1316 163
1317 167
1318 159
1319 162
1320 168
1321 175
1322 165
1323 176
1324 178
1325 170
1326 175
1327 142
1328 179
1329 178
1330 177
1331 160
1332 156
1333 189
1334 175
1335 194
1336 161
1337 148
1338 152
1339 176
1340 167
1341 157
1342 163
1343 163
1344 156
1345 153
1346 159
1347 170
1348 205
1349 163
1350 163
1351 158
1352 153
1353 157
1354 155
1355 154
1356 145
1357 162
1358 202
1359 146
1360 162
1361 172
1362 173
1363 163
1364 154
1365 152
1366 168
1367 172
1368 156
1369 158
1370 173
1371 123
1372 191
1373 169
1374 159
1375 148
1376 161
1377 143
1378 168
1379 150
1380 160
1381 157
1382 169
1383 138
1384 162
1385 155
1386 161
1387 164
1388 171
1389 118
1390 162
1391 154
1392 143
1393 139
1394 157
1395 151
1396 162
1397 145
1398 146
1399 137
1400 155
1401 132
1402 176
1403 156
1404 137
1405 136
1406 152
1407 172
1408 143
1409 169
1410 162
1411 159
1412 136
1413 182
1414 145
1415 133
1416 147
1417 138
1418 154
1419 144
1420 151
1421 139
1422 151
1423 124
1424 153
1425 135
1426 117
1427 146
1428 134
1429 148
1430 127
1431 152
1432 141
1433 141
1434 122
1435 140
1436 165
1437 159
1438 138
1439 142
1440 146
1441 151
1442 151
1443 145
1444 141
1445 151
1446 140
1447 108
1448 136
1449 114
1450 133
1451 154
1452 130
1453 132
1454 124
1455 150
1456 148
1457 119
1458 130
1459 110
1460 153
1461 132
1462 148
1463 129
1464 138
1465 140
1466 106
1467 128
1468 113
1469 128
1470 105
1471 143
1472 131
1473 116
1474 138
1475 133
1476 142
1477 127
1478 112
1479 147
1480 127
1481 116
1482 130
1483 137
1484 108
1485 134
1486 136
1487 144
1488 133
1489 108
1490 150
1491 100
1492 111
1493 130
1494 129
1495 115
1496 120
1497 112
1498 121
1499 149
1500 129
1501 125
1502 108
1503 113
1504 98
1505 131
1506 133
1507 121
1508 126
1509 110
1510 119
1511 125
1512 104
1513 100
1514 112
1515 119
1516 111
1517 112
1518 104
1519 138
1520 106
1521 135
1522 121
1523 110
1524 105
1525 128
1526 103
1527 108
1528 108
1529 109
1530 94
1531 138
1532 116
1533 122
1534 118
1535 120
1536 119
1537 98
1538 124
1539 114
1540 127
1541 103
1542 117
1543 113
1544 113
1545 105
1546 100
1547 118
1548 104
1549 134
1550 99
1551 122
1552 114
1553 111
1554 105
1555 117
1556 102
1557 110
1558 93
1559 106
1560 110
1561 127
1562 113
1563 99
1564 104
1565 119
1566 101
1567 106
1568 92
1569 91
1570 101
1571 109
1572 104
1573 92
1574 97
1575 98
1576 88
1577 88
1578 91
1579 89
1580 95
1581 96
1582 110
1583 110
1584 108
1585 101
1586 109
1587 87
1588 99
1589 95
1590 100
1591 98
1592 101
1593 109
1594 114
1595 94
1596 90
1597 103
1598 65
1599 78
1600 90
1601 74
1602 88
1603 76
1604 106
1605 105
1606 114
1607 87
1608 101
1609 92
1610 88
1611 94
1612 110
1613 85
1614 102
1615 100
1616 84
1617 85
1618 92
1619 79
1620 102
1621 104
1622 91
1623 79
1624 87
1625 84
1626 84
1627 74
1628 76
1629 100
1630 99
1631 83
1632 78
1633 87
1634 78
1635 102
1636 76
1637 74
1638 78
1639 85
1640 91
1641 75
1642 76
1643 78
1644 76
1645 72
1646 70
1647 83
1648 89
1649 91
1650 81
1651 67
1652 62
1653 90
1654 86
1655 72
1656 93
1657 69
1658 74
1659 76
1660 91
1661 76
1662 82
1663 82
1664 77
1665 94
1666 75
1667 82
1668 73
1669 77
1670 83
1671 69
1672 73
1673 66
1674 64
1675 77
1676 83
1677 84
1678 78
1679 74
1680 71
1681 80
1682 70
1683 71
1684 59
1685 74
1686 60
1687 80
1688 69
1689 83
1690 76
1691 78
1692 54
1693 66
1694 64
1695 64
1696 76
1697 72
1698 72
1699 70
1700 60
1701 76
1702 58
1703 67
1704 74
1705 69
1706 59
1707 71
1708 74
1709 70
1710 58
1711 64
1712 78
1713 66
1714 70
1715 62
1716 71
1717 52
1718 60
1719 61
1720 53
1721 71
1722 62
1723 63
1724 64
1725 55
1726 62
1727 60
1728 60
1729 73
1730 67
1731 57
1732 51
1733 69
1734 57
1735 68
1736 53
1737 52
1738 59
1739 56
1740 55
1741 52
1742 63
1743 59
1744 53
1745 57
1746 52
1747 52
1748 50
1749 48
1750 55
1751 48
1752 60
1753 56
1754 57
1755 60
1756 62
1757 67
1758 60
1759 59
1760 56
1761 47
1762 54
1763 60
1764 64
1765 58
1766 45
1767 53
1768 67
1769 53
1770 60
1771 54
1772 51
1773 61
1774 59
1775 51
1776 47
1777 49
1778 54
1779 52
1780 52
1781 44
1782 60
1783 46
1784 62
1785 52
1786 47
1787 46
1788 62
1789 45
1790 46
1791 51
1792 58
1793 49
1794 50
1795 49
1796 40
1797 47
1798 49
1799 38
1800 77
1801 41
1802 43
1803 49
1804 42
1805 51
1806 44
1807 49
1808 41
1809 43
1810 37
1811 47
1812 56
1813 45
1814 52
1815 40
1816 39
1817 54
1818 53
1819 54
1820 38
1821 43
1822 56
1823 52
1824 39
1825 44
1826 50
1827 45
1828 42
1829 48
1830 58
1831 42
1832 46
1833 44
1834 45
1835 47
1836 58
1837 42
1838 41
1839 44
1840 32
1841 40
1842 27
1843 44
1844 41
1845 49
1846 36
1847 41
1848 35
1849 45
1850 31
1851 44
1852 41
1853 44
1854 39
1855 39
1856 39
1857 28
1858 47
1859 41
1860 38
1861 38
1862 45
1863 42
1864 36
1865 36
1866 36
1867 45
1868 33
1869 36
1870 28
1871 42
1872 39
1873 35
1874 34
1875 33
1876 43
1877 42
1878 48
1879 43
1880 35
1881 36
1882 29
1883 30
1884 40
1885 37
1886 42
1887 31
1888 35
1889 38
1890 32
1891 30
1892 39
1893 31
1894 42
1895 27
1896 31
1897 43
1898 39
1899 34
1900 35
1901 37
1902 33
1903 24
1904 39
1905 38
1906 37
1907 39
1908 27
1909 37
1910 34
1911 25
1912 28
1913 23
1914 29
1915 33
1916 26
1917 26
1918 27
1919 26
1920 23
1921 30
1922 38
1923 28
1924 33
1925 38
1926 35
1927 34
1928 44
1929 25
1930 30
1931 28
1932 33
1933 22
1934 30
1935 26
1936 26
1937 29
1938 31
1939 34
1940 23
1941 25
1942 25
1943 34
1944 27
1945 29
1946 35
1947 36
1948 27
1949 19
1950 22
1951 41
1952 25
1953 26
1954 26
1955 39
1956 22
1957 25
1958 32
1959 28
1960 26
1961 22
1962 24
1963 21
1964 23
1965 29
1966 28
1967 22
1968 29
1969 23
1970 26
1971 19
1972 29
1973 34
1974 30
1975 33
1976 20
1977 23
1978 26
1979 25
1980 22
1981 27
1982 24
1983 31
1984 19
1985 22
1986 21
1987 22
1988 24
1989 21
1990 20
1991 23
1992 17
1993 20
1994 21
1995 21
1996 18
1997 26
1998 24
1999 13
2000 27
2001 16
2002 26
2003 25
2004 18
2005 21
2006 26
2007 16
2008 19
2009 24
2010 18
2011 19
2012 20
2013 11
2014 19
2015 22
2016 17
2017 15
2018 13
2019 22
2020 17
2021 22
2022 22
2023 24
2024 24
2025 14
2026 24
2027 24
2028 18
2029 15
2030 23
2031 16
2032 18
2033 12
2034 12
2035 18
2036 20
2037 17
2038 15
2039 25
2040 14
2041 26
2042 14
2043 15
2044 14
2045 21
2046 22
2047 18
2048 22
2049 18
2050 16
2051 20
2052 16
2053 21
2054 15
2055 21
2056 16
2057 11
2058 12
2059 20
2060 14
2061 14
2062 13
2063 18
2064 17
2065 18
2066 10
2067 13
2068 18
2069 19
2070 15
2071 15
2072 9
2073 11
2074 10
2075 19
2076 17
2077 16
2078 10
2079 14
2080 14
2081 24
2082 12
2083 9
2084 16
2085 9
2086 8
2087 17
2088 11
2089 18
2090 13
2091 12
2092 14
2093 20
2094 20
2095 17
2096 16
2097 23
2098 13
2099 15
2100 11
2101 17
2102 15
2103 10
2104 12
2105 10
2106 22
2107 11
2108 8
2109 10
2110 10
2111 9
2112 11
2113 7
2114 14
2115 10
2116 12
2117 8
2118 19
2119 10
2120 8
2121 10
2122 8
2123 11
2124 11
2125 10
2126 10
2127 13
2128 8
2129 12
2130 10
2131 10
2132 14
2133 8
2134 14
2135 10
2136 8
2137 16
2138 18
2139 13
2140 14
2141 13
2142 11
2143 16
2144 13
2145 13
2146 11
2147 8
2148 15
2149 15
2150 11
2151 12
2152 11
2153 12
2154 9
2155 10
2156 12
2157 10
2158 8
2159 11
2160 7
2161 7
2162 10
2163 17
2164 9
2165 13
2166 7
2167 12
2168 9
2169 13
2170 13
2171 5
2172 12
2173 5
2174 8
2175 6
2176 9
2177 14
2178 10
2179 3
2180 9
2181 13
2182 7
2183 9
2184 14
2185 10
2186 9
2187 7
2188 6
2189 9
2190 10
2191 9
2192 6
2193 12
2194 13
2195 6
2196 5
2197 8
2198 6
2199 9
2200 6
2201 10
2202 9
2203 4
2204 5
2205 6
2206 8
2207 5
2208 8
2209 9
2210 5
2211 11
2212 8
2213 6
2214 13
2215 7
2216 17
2217 8
2218 9
2219 7
2220 6
2221 6
2222 6
2223 7
2224 3
2225 13
2226 10
2227 2
2228 7
2229 11
2230 9
2231 7
2232 9
2233 9
2234 5
2235 6
2236 7
2237 7
2238 4
2239 7
2240 5
2241 7
2242 5
2243 6
2244 3
2245 6
2246 5
2247 5
2248 11
2249 6
2250 8
2251 4
2252 5
2253 5
2254 7
2255 9
2256 4
2257 6
2258 6
2259 8
2260 5
2261 6
2262 2
2263 8
2264 5
2265 4
2266 8
2267 5
2268 6
2269 11
2270 5
2271 4
2272 2
2273 10
2274 5
2275 2
2276 3
2277 5
2278 3
2279 2
2280 2
2281 4
2282 3
2283 7
2284 4
2285 7
2286 4
2287 4
2288 4
2289 4
2290 6
2291 6
2292 5
2293 2
2294 6
2295 7
2296 6
2297 4
2298 2
2299 4
2300 3
2301 5
2302 5
2303 3
2304 5
2305 2
2306 4
2307 4
2308 4
2309 5
2310 3
2311 1
2312 4
2313 2
2314 3
2315 8
2316 6
2317 2
2318 5
2319 10
2320 6
2321 3
2322 3
2323 3
2324 3
2325 8
2326 10
2327 6
2328 4
2329 2
2330 6
2331 5
2332 4
2333 5
2334 2
2335 5
2336 5
2337 4
2338 7
2339 9
2340 2
2341 5
2342 8
2343 2
2344 4
2345 4
2346 1
2347 6
2348 4
2349 6
2350 1
2351 4
2352 0
2353 3
2354 8
2355 5
2356 2
2357 4
2358 5
2359 4
2360 3
2361 4
2362 5
2363 3
2364 0
2365 3
2366 1
2367 2
2368 2
2369 3
2370 0
2371 3
2372 2
2373 2
2374 3
2375 2
2376 7
2377 2
2378 3
2379 2
2380 6
2381 2
2382 2
2383 4
2384 1
2385 3
2386 3
2387 4
2388 3
2389 5
2390 0
2391 1
2392 2
2393 4
2394 2
2395 2
2396 1
2397 3
2398 0
2399 2
2400 1
2401 4
2402 5
2403 1
2404 3
2405 2
2406 7
2407 4
2408 0
2409 1
2410 4
2411 3
2412 0
2413 2
2414 2
2415 2
2416 1
2417 0
2418 1
2419 3
2420 2
2421 3
2422 3
2423 2
2424 2
2425 1
2426 3
2427 4
2428 1
2429 2
2430 2
2431 0
2432 4
2433 6
2434 2
2435 3
2436 1
2437 1
2438 2
2439 2
2440 0
2441 4
2442 0
2443 3
2444 1
2445 2
2446 2
2447 1
2448 3
2449 1
2450 2
2451 3
2452 3
2453 2
2454 6
2455 2
2456 3
2457 2
2458 2
2459 1
2460 2
2461 1
2462 1
2463 3
2464 1
2465 3
2466 3
2467 1
2468 1
2469 1
2470 1
2471 1
2472 1
2473 2
2474 2
2475 1
2476 2
2477 1
2478 0
2479 3
2480 4
2481 1
2482 0
2483 0
2484 3
2485 1
2486 2
2487 2
2488 2
2489 0
2490 0
2491 2
2492 2
2493 1
2494 2
2495 1
2496 3
2497 1
2498 0
2499 0
2500 3
2501 1
2502 1
2503 0
2504 2
2505 0
2506 2
2507 3
2508 1
2509 1
2510 2
2511 0
2512 0
2513 2
2514 0
2515 1
2516 1
2517 0
2518 1
2519 1
2520 1
2521 1
2522 0
2523 2
2524 1
2525 1
2526 2
2527 0
2528 1
2529 0
2530 1
2531 1
2532 2
2533 1
2534 1
2535 0
2536 0
2537 1
2538 0
2539 2
2540 0
2541 2
2542 0
2543 0
2544 0
2545 1
2546 0
2547 0
2548 2
2549 1
2550 1
2551 0
2552 2
2553 0
2554 0
2555 0
2556 1
2557 0
2558 1
2559 3
2560 0
2561 0
2562 0
2563 1
2564 1
2565 0
2566 3
2567 0
2568 2
2569 0
2570 1
2571 0
2572 0
2573 1
2574 3
2575 0
2576 0
2577 1
2578 0
2579 1
2580 1
2581 1
2582 2
2583 0
2584 0
2585 0
2586 2
2587 1
2588 0
2589 1
2590 1
2591 0
2592 0
2593 1
2594 1
2595 0
2596 0
2597 0
2598 2
2599 0
2600 1
2601 0
2602 1
2603 0
2604 0
2605 0
2606 0
2607 0
2608 2
2609 1
2610 0
2611 0
2612 0
2613 0
2614 0
2615 0
2616 2
2617 0
2618 0
2619 1
2620 1
2621 1
2622 1
2623 0
2624 1
2625 1
2626 0
2627 0
2628 1
2629 1
2630 3
2631 0
2632 1
2633 0
2634 0
2635 1
2636 0
2637 1
2638 0
2639 0
2640 0
2641 0
2642 2
2643 1
2644 1
2645 1
2646 0
2647 0
2648 2
2649 0
2650 1
2651 1
2652 0
2653 0
2654 1
2655 0
2656 1
2657 1
2658 0
2659 0
2660 0
2661 1
2662 2
2663 1
2664 0
2665 1
2666 0
2667 1
2668 0
2669 1
2670 0
2671 0
2672 0
2673 0
2674 0
2675 1
2676 0
2677 0
2678 0
2679 0
2680 0
2681 0
2682 0
2683 1
2684 0
2685 1
2686 0
2687 0
2688 0
2689 0
2690 0
2691 1
2692 1
2693 0
2694 0
2695 1
2696 0
2697 2
2698 0
2699 0
2700 0
2701 0
2702 0
2703 0
2704 1
2705 1
2706 0
2707 0
2708 0
2709 0
2710 0
2711 0
2712 0
2713 0
2714 0
2715 0
2716 1
2717 0
2718 0
2719 0
2720 0
2721 0
2722 1
2723 0
2724 0
2725 0
2726 2
2727 0
2728 0
2729 0
2730 0
2731 1
2732 3
2733 0
2734 1
2735 0
2736 0
2737 1
2738 0
2739 0
2740 0
2741 0
2742 0
2743 1
2744 0
2745 0
2746 2
2747 0
2748 0
2749 0
2750 0
2751 0
2752 1
2753 1
2754 1
2755 0
2756 0
2757 0
2758 0
2759 0
2760 0
2761 0
2762 0
2763 1
2764 1
2765 0
2766 0
2767 0
2768 0
2769 1
2770 0
2771 1
2772 1
2773 1
2774 0
2775 0
2776 0
2777 0
2778 1
2779 0
2780 1
2781 1
2782 1
2783 0
2784 1
2785 0
2786 1
2787 0
2788 1
2789 0
2790 0
2791 0
2792 0
2793 0
2794 0
2795 0
2796 0
2797 0
2798 0
2799 0
2800 0
2801 0
2802 0
2803 0
2804 0
2805 0
2806 0
2807 0
2808 0
2809 0
2810 0
2811 0
2812 0
2813 0
2814 1
2815 0
2816 0
2817 0
2818 0
2819 1
2820 0
2821 1
2822 0
2823 0
2824 1
2825 0
2826 1
2827 0
2828 0
2829 0
2830 0
2831 0
2832 0
2833 0
2834 0
2835 1
2836 0
2837 0
2838 0
2839 0
2840 0
2841 0
2842 0
2843 0
2844 0
2845 1
2846 0
2847 0
2848 0
2849 1
2850 0
2851 0
2852 0
2853 0
2854 0
2855 0
2856 0
2857 0
2858 0
2859 0
2860 0
2861 0
2862 0
2863 0
2864 1
2865 1
2866 0
2867 0
2868 1
2869 0
2870 0
2871 0
2872 0
2873 0
2874 0
2875 1
2876 0
2877 0
2878 0
2879 0
2880 0
2881 0
2882 0
2883 0
2884 0
2885 0
2886 1
2887 0
2888 0
2889 0
2890 1
2891 0
2892 1
2893 0
2894 0
2895 0
2896 0
2897 0
2898 0
2899 1
2900 1
2901 0
2902 0
2903 0
2904 0
2905 0
2906 0
2907 0
2908 0
2909 0
2910 0
2911 0
2912 0
2913 0
2914 1
2915 0
2916 0
2917 0
2918 0
2919 1
2920 0
2921 0
2922 0
2923 0
2924 0
2925 0
2926 1
2927 0
2928 0
2929 0
2930 0
2931 0
2932 0
2933 0
2934 0
2935 0
2936 0
2937 0
2938 0
2939 0
2940 1
2941 0
2942 0
2943 0
2944 0
2945 0
2946 0
2947 0
2948 1
2949 0
2950 0
2951 0
2952 0
2953 0
2954 0
2955 0
2956 0
2957 0
2958 0
2959 0
2960 0
2961 0
2962 0
2963 0
2964 0
2965 0
2966 0
2967 0
2968 0
2969 0
2970 0
2971 0
2972 0
2973 0
2974 0
2975 0
2976 1
2977 1
2978 0
2979 0
2980 0
2981 0
2982 0
2983 0
2984 0
2985 0
2986 1
2987 0
2988 0
2989 0
2990 0
2991 1
2992 1
2993 0
2994 0
2995 0
2996 0
2997 0
2998 1
2999 0
3000 0
3001 0
3002 0
3003 0
3004 0
3005 0
3006 0
3007 0
3008 0
3009 0
3010 0
3011 0
3012 0
3013 1
3014 0
3015 0
3016 0
3017 0
3018 0
3019 0
3020 0
3021 0
3022 0
3023 0
3024 0
3025 0
3026 0
3027 0
3028 0
3029 0
3030 0
3031 0
3032 0
3033 1
3034 0
3035 0
3036 0
3037 0
3038 0
3039 0
3040 0
3041 2
3042 0
3043 0
3044 0
3045 0
3046 0
3047 0
3048 0
3049 0
3050 0
3051 0
3052 0
3053 0
3054 0
3055 0
3056 0
3057 0
3058 0
3059 0
3060 0
3061 0
3062 1
3063 0
3064 0
3065 1
3066 0
3067 0
3068 0
3069 0
3070 0
3071 0
3072 0
3073 0
3074 0
3075 0
3076 0
3077 0
3078 0
3079 0
3080 0
3081 0
3082 0
3083 0
3084 0
3085 0
3086 0
3087 0
3088 1
3089 0
3090 0
3091 0
3092 0
3093 0
3094 0
3095 0
3096 0
3097 0
3098 0
3099 0
3100 0
3101 0
3102 0
3103 0
3104 0
3105 0
3106 0
3107 0
3108 0
3109 0
3110 1
3111 0
3112 0
3113 0
3114 1
3115 0
3116 0
3117 1
3118 0
3119 0
3120 0
3121 0
3122 0
3123 0
3124 0
3125 0
3126 0
3127 0
3128 0
3129 0
3130 0
3131 0
3132 0
3133 0
3134 1
3135 0
3136 0
3137 0
3138 0
3139 0
3140 0
3141 0
3142 0
3143 0
3144 0
3145 1
3146 0
3147 0
3148 0
3149 0
3150 0
3151 0
3152 0
3153 0
3154 0
3155 0
3156 1
3157 0
3158 0
3159 0
3160 0
3161 0
3162 0
3163 0
3164 0
3165 0
3166 0
3167 0
3168 0
3169 0
3170 0
3171 0
3172 0
3173 0
3174 0
3175 0
3176 0
3177 0
3178 0
3179 0
3180 0
3181 0
3182 0
3183 0
3184 0
3185 0
3186 0
3187 0
3188 0
3189 0
3190 0
3191 0
3192 0
3193 0
3194 0
3195 1
3196 0
3197 0
3198 0
3199 0
3200 0
3201 0
3202 1
3203 0
3204 0
3205 0
3206 0
3207 0
3208 0
3209 0
3210 0
3211 0
3212 0
3213 0
3214 0
3215 0
3216 0
3217 0
3218 0
3219 0
3220 0
3221 0
3222 0
3223 0
3224 0
3225 0
3226 0
3227 0
3228 0
3229 0
3230 0
3231 0
3232 0
3233 0
3234 0
3235 0
3236 0
3237 0
3238 0
3239 0
3240 0
3241 0
3242 0
3243 0
3244 0
3245 0
3246 0
3247 0
3248 0
3249 1
3250 0
3251 0
3252 0
3253 0
3254 0
3255 0
3256 0
3257 0
3258 0
3259 0
3260 0
3261 0
3262 0
3263 0
3264 0
3265 0
3266 0
3267 0
3268 0
3269 0
3270 0
3271 0
3272 0
3273 0
3274 0
3275 0
3276 0
3277 0
3278 0
3279 0
3280 0
3281 0
3282 0
3283 0
3284 0
3285 1
3286 0
3287 0
3288 0
3289 0
3290 0
3291 0
3292 0
3293 0
3294 0
3295 0
3296 0
3297 0
3298 0
3299 1
3300 0
3301 1
3302 0
3303 1
3304 0
3305 0
3306 0
3307 0
3308 0
3309 0
3310 0
3311 1
3312 0
3313 0
3314 0
3315 0
3316 0
3317 0
3318 0
3319 0
3320 0
3321 0
3322 0
3323 0
3324 0
3325 0
3326 0
3327 0
3328 0
3329 0
3330 0
3331 0
3332 0
3333 0
3334 0
3335 0
3336 0
3337 0
3338 0
3339 0
3340 0
3341 0
3342 0
3343 0
3344 0
3345 1
3346 1
3347 0
3348 0
3349 0
3350 0
3351 0
3352 0
3353 0
3354 0
3355 0
3356 0
3357 0
3358 0
3359 0
3360 0
3361 0
3362 0
3363 0
3364 0
3365 0
3366 0
3367 0
3368 0
3369 0
3370 0
3371 0
3372 0
3373 0
3374 0
3375 0
3376 0
3377 0
3378 0
3379 0
3380 0
3381 0
3382 0
3383 0
3384 0
3385 0
3386 0
3387 0
3388 0
3389 0
3390 0
3391 0
3392 0
3393 1
3394 0
3395 0
3396 0
3397 0
3398 0
3399 0
3400 0
3401 0
3402 0
3403 0
3404 0
3405 0
3406 0
3407 0
3408 0
3409 0
3410 0
3411 0
3412 0
3413 0
3414 0
3415 0
3416 0
3417 0
3418 0
3419 0
3420 0
3421 0
3422 0
3423 0
3424 0
3425 0
3426 0
3427 0
3428 0
3429 0
3430 0
3431 0
3432 0
3433 0
3434 0
3435 0
3436 0
3437 0
3438 0
3439 0
3440 0
3441 0
3442 0
3443 0
3444 0
3445 0
3446 0
3447 0
3448 0
3449 0
3450 0
3451 0
3452 0
3453 0
3454 0
3455 0
3456 0
3457 0
3458 0
3459 0
3460 0
3461 0
3462 0
3463 0
3464 0
3465 0
3466 0
3467 0
3468 0
3469 0
3470 0
3471 0
3472 0
3473 0
3474 0
3475 0
3476 0
3477 0
3478 0
3479 0
3480 0
3481 0
3482 0
3483 0
3484 0
3485 0
3486 0
3487 0
3488 0
3489 0
3490 0
3491 0
3492 0
3493 0
3494 0
3495 0
3496 0
3497 0
3498 0
3499 1
3500 0
3501 0
3502 0
3503 0
3504 0
3505 0
3506 0
3507 0
3508 0
3509 0
3510 0
3511 0
3512 0
3513 0
3514 0
3515 0
3516 0
3517 0
3518 0
3519 0
3520 0
3521 0
3522 0
3523 0
3524 0
3525 0
3526 0
3527 0
3528 0
3529 0
3530 0
3531 0
3532 0
3533 0
3534 0
3535 0
3536 0
3537 0
3538 0
3539 0
3540 0
3541 0
3542 0
3543 0
3544 0
3545 0
3546 0
3547 0
3548 0
3549 0
3550 0
3551 0
3552 0
3553 0
3554 0
3555 0
3556 0
3557 0
3558 0
3559 0
3560 0
3561 0
3562 1
3563 0
3564 0
3565 0
3566 0
3567 1
3568 0
3569 0
3570 0
3571 0
3572 0
3573 0
3574 0
3575 0
3576 0
3577 0
3578 0
3579 0
3580 0
3581 0
3582 0
3583 0
3584 0
3585 0
3586 0
3587 0
3588 0
3589 0
3590 0
3591 0
3592 0
3593 0
3594 0
3595 0
3596 0
3597 0
3598 0
3599 0
3600 0
3601 0
3602 0
3603 0
3604 0
3605 0
3606 0
3607 0
3608 0
3609 0
3610 0
3611 0
3612 0
3613 1
3614 0
3615 0
3616 0
3617 0
3618 0
3619 0
3620 0
3621 0
3622 0
3623 0
3624 0
3625 0
3626 0
3627 0
3628 0
3629 0
3630 0
3631 0
3632 0
3633 0
3634 0
3635 0
3636 0
3637 1
3638 0
3639 0
3640 0
3641 0
3642 0
3643 0
3644 0
3645 0
3646 0
3647 0
3648 0
3649 0
3650 0
3651 0
3652 0
3653 0
3654 0
3655 0
3656 0
3657 0
3658 0
3659 0
3660 0
3661 0
3662 0
3663 0
3664 0
3665 0
3666 0
3667 0
3668 0
3669 0
3670 0
3671 0
3672 0
3673 0
3674 0
3675 0
3676 0
3677 0
3678 0
3679 0
3680 0
3681 0
3682 0
3683 0
3684 0
3685 0
3686 0
3687 0
3688 0
3689 0
3690 0
3691 0
3692 0
3693 0
3694 0
3695 0
3696 0
3697 0
3698 0
3699 0
3700 0
3701 0
3702 0
3703 0
3704 0
3705 0
3706 1
3707 0
3708 0
3709 0
3710 0
3711 0
3712 0
3713 0
3714 0
3715 0
3716 0
3717 0
3718 0
3719 0
3720 0
3721 1
3722 0
3723 0
3724 0
3725 0
3726 0
3727 0
3728 0
3729 0
3730 0
3731 0
3732 0
3733 0
3734 0
3735 0
3736 1
3737 0
3738 0
3739 0
3740 0
3741 0
3742 0
3743 0
3744 0
3745 0
3746 0
3747 0
3748 0
3749 0
3750 0
3751 0
3752 0
3753 0
3754 0
3755 0
3756 0
3757 0
3758 0
3759 0
3760 0
3761 0
3762 0
3763 0
3764 0
3765 0
3766 0
3767 0
3768 0
3769 0
3770 0
3771 0
3772 0
3773 0
3774 0
3775 0
3776 0
3777 0
3778 0
3779 0
3780 0
3781 0
3782 0
3783 0
3784 0
3785 0
3786 0
3787 0
3788 0
3789 0
3790 0
3791 0
3792 0
3793 0
3794 0
3795 0
3796 0
3797 0
3798 0
3799 0
3800 0
3801 0
3802 0
3803 0
3804 0
3805 0
3806 0
3807 0
3808 0
3809 0
3810 0
3811 0
3812 0
3813 0
3814 0
3815 0
3816 0
3817 0
3818 0
3819 0
3820 0
3821 0
3822 0
3823 0
3824 0
3825 0
3826 0
3827 0
3828 0
3829 0
3830 0
3831 0
3832 0
3833 0
3834 0
3835 0
3836 0
3837 0
3838 0
3839 0
3840 0
3841 0
3842 0
3843 0
3844 0
3845 0
3846 0
3847 0
3848 0
3849 0
3850 0
3851 0
3852 0
3853 0
3854 0
3855 0
3856 0
3857 0
3858 0
3859 0
3860 0
3861 0
3862 0
3863 0
3864 0
3865 0
3866 0
3867 0
3868 1
3869 0
3870 0
3871 0
3872 0
3873 0
3874 0
3875 0
3876 0
3877 0
3878 0
3879 0
3880 0
3881 0
3882 0
3883 0
3884 0
3885 0
3886 0
3887 0
3888 0
3889 0
3890 0
3891 0
3892 0
3893 0
3894 0
3895 0
3896 0
3897 0
3898 0
3899 0
3900 0
3901 0
3902 0
3903 0
3904 0
3905 0
3906 0
3907 0
3908 0
3909 0
3910 0
3911 0
3912 0
3913 0
3914 0
3915 0
3916 0
3917 0
3918 0
3919 0
3920 0
3921 0
3922 0
3923 0
3924 0
3925 0
3926 0
3927 0
3928 0
3929 0
3930 0
3931 0
3932 0
3933 0
3934 0
3935 0
3936 0
3937 0
3938 0
3939 0
3940 0
3941 0
3942 0
3943 0
3944 0
3945 0
3946 0
3947 0
3948 0
3949 0
3950 0
3951 0
3952 0
3953 0
3954 0
3955 0
3956 0
3957 0
3958 0
3959 0
3960 0
3961 0
3962 0
3963 0
3964 0
3965 0
3966 0
3967 0
3968 0
3969 0
3970 0
3971 0
3972 0
3973 0
3974 0
3975 0
3976 0
3977 0
3978 0
3979 0
3980 0
3981 0
3982 0
3983 0
3984 0
3985 0
3986 0
3987 0
3988 0
3989 0
3990 0
3991 0
3992 0
3993 0
3994 0
3995 0
3996 0
3997 0
3998 0
3999 0
4000 0
