0 0
1 0
2 0
3 0
4 0
5 0
6 0
7 0
8 0
9 0
10 0
11 0
12 0
13 0
14 0
15 0
16 0
17 0
18 0
19 0
20 0
21 0
22 0
23 0
24 0
25 0
26 0
27 0
28 0
29 0
30 0
31 0
32 0
33 0
34 0
35 0
36 0
37 0
38 0
39 0
40 0
41 0
42 0
43 0
44 0
45 0
46 0
47 0
48 0
49 0
50 0
51 0
52 0
53 0
54 0
55 0
56 0
57 0
58 0
59 0
60 0
61 0
62 0
63 0
64 0
65 0
66 0
67 0
68 0
69 0
70 0
71 0
72 0
73 0
74 0
75 0
76 0
77 0
78 0
79 0
80 0
81 0
82 0
83 0
84 0
85 0
86 0
87 0
88 0
89 0
90 0
91 0
92 0
93 0
94 0
95 0
96 0
97 0
98 0
99 0
100 0
101 0
102 0
103 0
104 0
105 0
106 0
107 0
108 0
109 0
110 0
111 0
112 0
113 0
114 0
115 0
116 0
117 0
118 0
119 0
120 0
121 0
122 0
123 0
124 0
125 0
126 0
127 0
128 0
129 0
130 0
131 0
132 0
133 0
134 0
135 0
136 0
137 0
138 0
139 0
140 0
141 0
142 0
143 0
144 0
145 0
146 0
147 0
148 0
149 0
150 0
151 0
152 2
153 4
154 5
155 5
156 4
157 2
158 4
159 9
160 6
161 6
162 3
163 4
164 3
165 11
166 5
167 8
168 4
169 8
170 5
171 7
172 5
173 7
174 11
175 15
176 20
177 31
178 51
179 82
180 89
181 116
182 123
183 153
184 173
185 291
186 457
187 851
188 1345
189 1740
190 2159
191 2354
192 2526
193 2525
194 2460
195 2267
196 2188
197 2011
198 1875
199 1727
200 1729
201 1576
202 1517
203 1445
204 1418
205 1380
206 1377
207 1299
208 1307
209 1311
210 1262
211 1329
212 1297
213 1330
214 1341
215 1287
216 1305
217 1433
218 1386
219 1457
220 1453
221 1454
222 1499
223 1472
224 1495
225 1495
226 1598
227 1542
228 1595
229 1612
230 1607
231 1540
232 1675
233 1664
234 1706
235 1736
236 1765
237 1780
238 1734
239 1843
240 1788
241 1885
242 1905
243 1855
244 1900
245 1913
246 1890
247 1850
248 2009
249 1977
250 2027
251 1987
252 2025
253 2016
254 2073
255 2085
256 2117
257 2082
258 2173
259 2063
260 2139
261 2188
262 2164
263 2237
264 2236
265 2196
266 2152
267 2153
268 2216
269 2275
270 2211
271 2251
272 2276
273 2370
274 2337
275 2389
276 2254
277 2359
278 2326
279 2376
280 2423
281 2248
282 2438
283 2344
284 2347
285 2450
286 2380
287 2479
288 2485
289 2440
290 2390
291 2433
292 2481
293 2426
294 2568
295 2499
296 2527
297 2492
298 2544
299 2408
300 2541
301 2481
302 2603
303 2571
304 2494
305 2556
306 2524
307 2500
308 2467
309 2537
310 2521
311 2515
312 2553
313 2659
314 2476
315 2532
316 2599
317 2507
318 2497
319 2454
320 2501
321 2526
322 2544
323 2388
324 2514
325 2463
326 2500
327 2622
328 2435
329 2615
330 2453
331 2584
332 2491
333 2357
334 2435
335 2427
336 2385
337 2426
338 2438
339 2403
340 2504
341 2431
342 2424
343 2386
344 2366
345 2351
346 2382
347 2386
348 2263
349 2298
350 2282
351 2342
352 2288
353 2323
354 2225
355 2235
356 2279
357 2261
358 2187
359 2217
360 2167
361 2169
362 2134
363 2171
364 2270
365 2140
366 2124
367 2107
368 2191
369 2080
370 2023
371 2119
372 2053
373 2055
374 2040
375 1973
376 1988
377 1996
378 1966
379 1889
380 1925
381 1908
382 1884
383 1931
384 1922
385 1868
386 1862
387 1894
388 1933
389 1813
390 1812
391 1752
392 1792
393 1757
394 1797
395 1772
396 1723
397 1747
398 1742
399 1695
400 1782
401 1675
402 1664
403 1588
404 1563
405 1568
406 1554
407 1579
408 1584
409 1552
410 1560
411 1463
412 1519
413 1498
414 1512
415 1488
416 1496
417 1425
418 1386
419 1463
420 1412
421 1401
422 1372
423 1342
424 1363
425 1305
426 1367
427 1292
428 1330
429 1284
430 1268
431 1307
432 1335
433 1210
434 1182
435 1234
436 1225
437 1203
438 1250
439 1150
440 1210
441 1211
442 1153
443 1095
444 1090
445 1128
446 1130
447 1108
448 1087
449 1064
450 1064
451 1037
452 1014
453 977
454 1031
455 1002
456 981
457 944
458 959
459 978
460 1007
461 961
462 957
463 906
464 916
465 946
466 907
467 857
468 910
469 854
470 863
471 829
472 834
473 834
474 833
475 750
476 801
477 800
478 792
479 780
480 737
481 735
482 810
483 736
484 747
485 730
486 726
487 686
488 690
489 714
490 686
491 696
492 679
493 730
494 657
495 657
496 647
497 667
498 691
499 631
500 628
501 623
502 674
503 640
504 675
505 624
506 596
507 606
508 622
509 605
510 570
511 605
512 558
513 595
514 564
515 542
516 555
517 561
518 533
519 561
520 575
521 530
522 534
523 536
524 499
525 517
526 506
527 520
528 522
529 508
530 517
531 475
532 501
533 524
534 505
535 506
536 457
537 514
538 447
539 453
540 488
541 446
542 454
543 482
544 472
545 480
546 465
547 479
548 465
549 449
550 471
551 414
552 436
553 414
554 435
555 404
556 391
557 423
558 417
559 394
560 433
561 439
562 383
563 432
564 412
565 460
566 450
567 405
568 432
569 407
570 412
571 401
572 432
573 407
574 405
575 406
576 412
577 406
578 381
579 392
580 397
581 377
582 364
583 396
584 362
585 382
586 316
587 397
588 375
589 349
590 365
591 379
592 363
593 369
594 366
595 332
596 350
597 364
598 339
599 363
600 339
601 358
602 381
603 339
604 375
605 351
606 342
607 361
608 318
609 308
610 336
611 346
612 294
613 351
614 347
615 357
616 363
617 300
618 336
619 317
620 375
621 312
622 344
623 311
624 335
625 317
626 331
627 353
628 318
629 333
630 292
631 291
632 339
633 331
634 296
635 337
636 363
637 295
638 351
639 296
640 325
641 309
642 300
643 312
644 334
645 300
646 280
647 278
648 320
649 308
650 317
651 298
652 284
653 293
654 300
655 284
656 291
657 290
658 283
659 286
660 285
661 279
662 304
663 282
664 295
665 266
666 302
667 268
668 295
669 257
670 271
671 300
672 270
673 243
674 273
675 278
676 283
677 285
678 262
679 278
680 251
681 261
682 278
683 255
684 249
685 274
686 256
687 260
688 245
689 260
690 262
691 271
692 290
693 220
694 245
695 261
696 232
697 230
698 260
699 238
700 245
701 247
702 252
703 228
704 227
705 222
706 259
707 235
708 242
709 234
710 204
711 223
712 265
713 273
714 227
715 220
716 232
717 230
718 227
719 250
720 244
721 204
722 222
723 212
724 237
725 214
726 239
727 238
728 223
729 233
730 215
731 217
732 222
733 197
734 217
735 222
736 196
737 221
738 214
739 211
740 188
741 196
742 206
743 172
744 217
745 204
746 210
747 207
748 193
749 193
750 200
751 221
752 190
753 202
754 190
755 196
756 180
757 204
758 182
759 214
760 207
761 204
762 198
763 174
764 168
765 191
766 195
767 168
768 181
769 189
770 194
771 191
772 188
773 172
774 165
775 172
776 187
777 193
778 153
779 160
780 153
781 156
782 154
783 179
784 187
785 164
786 159
787 164
788 190
789 178
790 160
791 167
792 146
793 166
794 157
795 147
796 157
797 174
798 157
799 164
800 148
801 162
802 147
803 165
804 153
805 148
806 146
807 140
808 132
809 156
810 144
811 139
812 135
813 152
814 151
815 153
816 148
817 144
818 149
819 134
820 118
821 134
822 125
823 145
824 148
825 118
826 118
827 121
828 138
829 128
830 128
831 122
832 128
833 137
834 123
835 141
836 122
837 103
838 120
839 125
840 130
841 138
842 106
843 118
844 128
845 113
846 119
847 112
848 113
849 91
850 102
851 112
852 121
853 102
854 112
855 122
856 93
857 120
858 114
859 107
860 105
861 84
862 93
863 103
864 113
865 102
866 90
867 98
868 89
869 107
870 93
871 93
872 109
873 90
874 107
875 88
876 101
877 117
878 103
879 99
880 94
881 112
882 98
883 94
884 92
885 81
886 84
887 96
888 115
889 118
890 87
891 95
892 70
893 87
894 76
895 97
896 79
897 88
898 85
899 92
900 92
901 94
902 82
903 74
904 81
905 99
906 87
907 91
908 90
909 81
910 95
911 68
912 85
913 68
914 88
915 73
916 78
917 77
918 80
919 86
920 63
921 69
922 66
923 79
924 69
925 74
926 84
927 62
928 67
929 70
930 72
931 65
932 65
933 74
934 70
935 79
936 82
937 84
938 66
939 79
940 55
941 73
942 53
943 70
944 49
945 58
946 52
947 73
948 69
949 71
950 54
951 62
952 54
953 75
954 70
955 73
956 61
957 62
958 58
959 45
960 65
961 60
962 58
963 54
964 59
965 70
966 65
967 53
968 49
969 40
970 57
971 47
972 56
973 39
974 51
975 53
976 52
977 57
978 44
979 53
980 51
981 52
982 44
983 49
984 54
985 50
986 37
987 48
988 52
989 46
990 61
991 46
992 48
993 47
994 54
995 49
996 54
997 53
998 37
999 52
1000 46
1001 52
1002 48
1003 47
1004 39
1005 56
1006 47
1007 47
1008 48
1009 47
1010 47
1011 29
1012 50
1013 42
1014 53
1015 46
1016 50
1017 46
1018 48
1019 46
1020 33
1021 42
1022 33
1023 43
1024 46
1025 39
1026 45
1027 39
1028 37
1029 32
1030 30
1031 47
1032 38
1033 39
1034 30
1035 51
1036 39
1037 40
1038 44
1039 29
1040 33
1041 27
1042 35
1043 36
1044 30
1045 40
1046 41
1047 36
1048 43
1049 39
1050 43
1051 40
1052 40
1053 37
1054 32
1055 29
1056 34
1057 32
1058 35
1059 31
1060 29
1061 30
1062 27
1063 27
1064 25
1065 36
1066 34
1067 21
1068 29
1069 25
1070 19
1071 30
1072 28
1073 30
1074 26
1075 27
1076 34
1077 25
1078 33
1079 26
1080 26
1081 29
1082 29
1083 31
1084 40
1085 30
1086 30
1087 23
1088 30
1089 35
1090 23
1091 17
1092 36
1093 24
1094 26
1095 28
1096 23
1097 30
1098 29
1099 35
1100 19
1101 17
1102 31
1103 22
1104 26
1105 31
1106 25
1107 30
1108 25
1109 18
1110 20
1111 13
1112 34
1113 29
1114 19
1115 17
1116 31
1117 24
1118 26
1119 22
1120 20
1121 23
1122 21
1123 21
1124 32
1125 18
1126 24
1127 24
1128 21
1129 19
1130 22
1131 19
1132 19
1133 23
1134 19
1135 18
1136 17
1137 18
1138 19
1139 24
1140 20
1141 15
1142 18
1143 20
1144 14
1145 20
1146 18
1147 16
1148 24
1149 21
1150 28
1151 24
1152 18
1153 28
1154 19
1155 24
1156 22
1157 18
1158 18
1159 17
1160 20
1161 11
1162 26
1163 12
1164 18
1165 20
1166 12
1167 20
1168 17
1169 19
1170 21
1171 22
1172 14
1173 14
1174 19
1175 20
1176 17
1177 17
1178 23
1179 18
1180 16
1181 12
1182 21
1183 19
1184 15
1185 9
1186 14
1187 17
1188 20
1189 19
1190 12
1191 16
1192 19
1193 11
1194 22
1195 11
1196 15
1197 12
1198 19
1199 14
1200 16
1201 12
1202 24
1203 17
1204 16
1205 18
1206 11
1207 10
1208 16
1209 10
1210 17
1211 12
1212 11
1213 17
1214 19
1215 14
1216 13
1217 13
1218 7
1219 9
1220 18
1221 18
1222 13
1223 10
1224 9
1225 18
1226 16
1227 13
1228 9
1229 24
1230 14
1231 15
1232 15
1233 10
1234 10
1235 16
1236 10
1237 14
1238 15
1239 9
1240 15
1241 11
1242 10
1243 18
1244 10
1245 9
1246 6
1247 9
1248 15
1249 15
1250 14
1251 10
1252 17
1253 11
1254 19
1255 12
1256 10
1257 10
1258 10
1259 9
1260 15
1261 10
1262 10
1263 11
1264 16
1265 14
1266 12
1267 14
1268 8
1269 13
1270 11
1271 10
1272 15
1273 13
1274 11
1275 12
1276 10
1277 9
1278 14
1279 13
1280 7
1281 8
1282 9
1283 13
1284 6
1285 8
1286 13
1287 9
1288 13
1289 13
1290 5
1291 16
1292 11
1293 10
1294 14
1295 10
1296 14
1297 9
1298 12
1299 5
1300 16
1301 8
1302 5
1303 10
1304 9
1305 4
1306 14
1307 9
1308 6
1309 9
1310 12
1311 11
1312 10
1313 14
1314 9
1315 11
1316 18
1317 5
1318 10
1319 7
1320 6
1321 7
1322 11
1323 13
1324 10
1325 10
1326 11
1327 11
1328 8
1329 11
1330 11
1331 9
1332 12
1333 7
1334 8
1335 9
1336 6
1337 7
1338 7
1339 7
1340 5
1341 6
1342 12
1343 10
1344 8
1345 12
1346 8
1347 5
1348 8
1349 5
1350 5
1351 7
1352 5
1353 4
1354 2
1355 6
1356 10
1357 3
1358 9
1359 10
1360 7
1361 5
1362 5
1363 14
1364 6
1365 10
1366 7
1367 10
1368 7
1369 8
1370 5
1371 10
1372 6
1373 9
1374 8
1375 6
1376 3
1377 9
1378 3
1379 7
1380 5
1381 0
1382 5
1383 5
1384 3
1385 6
1386 7
1387 12
1388 5
1389 6
1390 8
1391 9
1392 8
1393 8
1394 6
1395 6
1396 8
1397 3
1398 2
1399 3
1400 8
1401 3
1402 7
1403 4
1404 6
1405 3
1406 6
1407 5
1408 8
1409 6
1410 1
1411 10
1412 7
1413 7
1414 6
1415 6
1416 2
1417 4
1418 9
1419 5
1420 6
1421 3
1422 5
1423 4
1424 6
1425 5
1426 4
1427 7
1428 8
1429 8
1430 6
1431 5
1432 3
1433 5
1434 5
1435 6
1436 2
1437 5
1438 4
1439 3
1440 7
1441 2
1442 7
1443 1
1444 7
1445 3
1446 7
1447 6
1448 0
1449 3
1450 7
1451 3
1452 1
1453 4
1454 5
1455 1
1456 4
1457 5
1458 6
1459 2
1460 6
1461 4
1462 4
1463 3
1464 5
1465 4
1466 6
1467 1
1468 6
1469 5
1470 1
1471 4
1472 4
1473 5
1474 5
1475 2
1476 3
1477 2
1478 3
1479 5
1480 2
1481 6
1482 8
1483 1
1484 1
1485 4
1486 2
1487 3
1488 4
1489 4
1490 3
1491 5
1492 1
1493 7
1494 4
1495 1
1496 3
1497 4
1498 2
1499 2
1500 2
1501 2
1502 4
1503 0
1504 2
1505 4
1506 5
1507 1
1508 2
1509 2
1510 0
1511 4
1512 3
1513 3
1514 3
1515 2
1516 2
1517 3
1518 3
1519 3
1520 0
1521 4
1522 2
1523 2
1524 1
1525 5
1526 6
1527 2
1528 3
1529 3
1530 4
1531 3
1532 4
1533 3
1534 3
1535 2
1536 2
1537 3
1538 2
1539 5
1540 3
1541 2
1542 2
1543 4
1544 2
1545 2
1546 2
1547 3
1548 5
1549 3
1550 1
1551 3
1552 3
1553 1
1554 1
1555 4
1556 3
1557 4
1558 0
1559 3
1560 2
1561 1
1562 5
1563 4
1564 7
1565 4
1566 2
1567 0
1568 5
1569 4
1570 2
1571 2
1572 0
1573 3
1574 2
1575 2
1576 3
1577 2
1578 2
1579 1
1580 3
1581 2
1582 5
1583 0
1584 1
1585 3
1586 2
1587 2
1588 5
1589 4
1590 1
1591 0
1592 3
1593 2
1594 1
1595 1
1596 3
1597 2
1598 1
1599 2
1600 5
1601 3
1602 3
1603 1
1604 2
1605 4
1606 1
1607 2
1608 2
1609 0
1610 1
1611 1
1612 1
1613 2
1614 3
1615 3
1616 0
1617 2
1618 0
1619 1
1620 2
1621 1
1622 3
1623 1
1624 4
1625 2
1626 2
1627 1
1628 1
1629 2
1630 0
1631 2
1632 1
1633 1
1634 5
1635 1
1636 1
1637 3
1638 3
1639 2
1640 2
1641 4
1642 4
1643 3
1644 1
1645 0
1646 0
1647 2
1648 0
1649 2
1650 1
1651 2
1652 1
1653 5
1654 5
1655 0
1656 2
1657 5
1658 2
1659 2
1660 1
1661 0
1662 3
1663 2
1664 1
1665 1
1666 1
1667 3
1668 2
1669 4
1670 1
1671 0
1672 3
1673 1
1674 0
1675 0
1676 3
1677 3
1678 1
1679 2
1680 1
1681 1
1682 0
1683 1
1684 2
1685 1
1686 0
1687 3
1688 2
1689 2
1690 0
1691 2
1692 2
1693 0
1694 2
1695 3
1696 0
1697 1
1698 2
1699 1
1700 1
1701 1
1702 0
1703 2
1704 3
1705 2
1706 1
1707 1
1708 3
1709 1
1710 3
1711 1
1712 0
1713 1
1714 1
1715 2
1716 0
1717 3
1718 1
1719 2
1720 3
1721 4
1722 1
1723 4
1724 2
1725 1
1726 0
1727 3
1728 2
1729 0
1730 0
1731 1
1732 0
1733 0
1734 1
1735 2
1736 1
1737 4
1738 1
1739 0
1740 1
1741 0
1742 2
1743 2
1744 1
1745 1
1746 0
1747 2
1748 1
1749 2
1750 1
1751 1
1752 2
1753 1
1754 2
1755 0
1756 1
1757 0
1758 2
1759 0
1760 1
1761 1
1762 0
1763 1
1764 1
1765 0
1766 0
1767 0
1768 2
1769 5
1770 1
1771 2
1772 0
1773 0
1774 1
1775 2
1776 3
1777 0
1778 1
1779 1
1780 0
1781 0
1782 0
1783 2
1784 1
1785 0
1786 0
1787 0
1788 0
1789 1
1790 2
1791 2
1792 1
1793 0
1794 0
1795 0
1796 1
1797 0
1798 2
1799 0
1800 1
1801 0
1802 0
1803 0
1804 0
1805 0
1806 0
1807 0
1808 0
1809 0
1810 1
1811 0
1812 1
1813 1
1814 0
1815 1
1816 2
1817 1
1818 0
1819 0
1820 0
1821 1
1822 1
1823 1
1824 1
1825 0
1826 0
1827 1
1828 0
1829 1
1830 1
1831 1
1832 3
1833 0
1834 2
1835 0
1836 0
1837 0
1838 0
1839 0
1840 2
1841 2
1842 0
1843 0
1844 1
1845 2
1846 1
1847 0
1848 1
1849 0
1850 1
1851 0
1852 1
1853 1
1854 1
1855 2
1856 0
1857 2
1858 0
1859 0
1860 0
1861 0
1862 0
1863 1
1864 1
1865 0
1866 3
1867 1
1868 0
1869 0
1870 1
1871 0
1872 0
1873 0
1874 0
1875 1
1876 0
1877 2
1878 0
1879 0
1880 0
1881 1
1882 1
1883 0
1884 1
1885 1
1886 0
1887 1
1888 2
1889 0
1890 0
1891 1
1892 0
1893 0
1894 0
1895 1
1896 1
1897 0
1898 0
1899 0
1900 1
1901 0
1902 0
1903 0
1904 0
1905 3
1906 1
1907 0
1908 1
1909 0
1910 0
1911 0
1912 0
1913 1
1914 1
1915 0
1916 0
1917 2
1918 0
1919 0
1920 0
1921 0
1922 0
1923 1
1924 0
1925 0
1926 0
1927 0
1928 1
1929 0
1930 0
1931 0
1932 0
1933 0
1934 0
1935 1
1936 0
1937 0
1938 0
1939 2
1940 0
1941 0
1942 0
1943 0
1944 0
1945 0
1946 0
1947 0
1948 1
1949 0
1950 1
1951 0
1952 0
1953 0
1954 0
1955 0
1956 0
1957 0
1958 1
1959 2
1960 0
1961 0
1962 1
1963 1
1964 0
1965 0
1966 0
1967 0
1968 0
1969 0
1970 0
1971 0
1972 0
1973 1
1974 0
1975 0
1976 0
1977 0
1978 0
1979 0
1980 0
1981 0
1982 0
1983 0
1984 0
1985 2
1986 2
1987 0
1988 1
1989 0
1990 0
1991 0
1992 0
1993 1
1994 0
1995 1
1996 0
1997 0
1998 0
1999 0
2000 1
2001 1
2002 1
2003 0
2004 0
2005 1
2006 0
2007 0
2008 0
2009 1
2010 0
2011 0
2012 0
2013 1
2014 0
2015 0
2016 0
2017 0
2018 0
2019 0
2020 0
2021 0
2022 1
2023 1
2024 0
2025 0
2026 0
2027 0
2028 0
2029 1
2030 0
2031 1
2032 0
2033 1
2034 0
2035 0
2036 0
2037 0
2038 0
2039 1
2040 0
2041 0
2042 1
2043 1
2044 0
2045 0
2046 0
2047 1
2048 0
2049 0
2050 0
2051 0
2052 1
2053 0
2054 0
2055 0
2056 0
2057 1
2058 1
2059 0
2060 0
2061 0
2062 0
2063 0
2064 0
2065 0
2066 0
2067 0
2068 0
2069 0
2070 0
2071 1
2072 0
2073 0
2074 0
2075 0
2076 0
2077 0
2078 0
2079 0
2080 0
2081 0
2082 0
2083 0
2084 0
2085 0
2086 0
2087 0
2088 0
2089 0
2090 0
2091 0
2092 0
2093 0
2094 0
2095 0
2096 0
2097 0
2098 0
2099 1
2100 0
2101 0
2102 0
2103 1
2104 0
2105 1
2106 0
2107 0
2108 0
2109 0
2110 0
2111 0
2112 0
2113 0
2114 0
2115 0
2116 0
2117 1
2118 0
2119 0
2120 0
2121 0
2122 0
2123 0
2124 0
2125 0
2126 0
2127 0
2128 0
2129 0
2130 1
2131 0
2132 0
2133 0
2134 0
2135 0
2136 0
2137 0
2138 1
2139 0
2140 0
2141 0
2142 0
2143 0
2144 0
2145 0
2146 0
2147 0
2148 0
2149 0
2150 0
2151 0
2152 0
2153 0
2154 0
2155 0
2156 0
2157 0
2158 0
2159 0
2160 0
2161 0
2162 0
2163 0
2164 0
2165 0
2166 0
2167 0
2168 0
2169 0
2170 0
2171 0
2172 0
2173 0
2174 1
2175 0
2176 0
2177 0
2178 0
2179 0
2180 0
2181 0
2182 0
2183 0
2184 0
2185 0
2186 0
2187 0
2188 0
2189 0
2190 0
2191 0
2192 0
2193 0
2194 0
2195 0
2196 0
2197 0
2198 0
2199 0
2200 0
2201 0
2202 0
2203 0
2204 1
2205 0
2206 0
2207 1
2208 0
2209 1
2210 0
2211 0
2212 0
2213 0
2214 0
2215 0
2216 0
2217 0
2218 0
2219 0
2220 0
2221 0
2222 0
2223 0
2224 0
2225 0
2226 0
2227 0
2228 0
2229 0
2230 0
2231 0
2232 0
2233 0
2234 0
2235 0
2236 0
2237 0
2238 0
2239 0
2240 1
2241 0
2242 0
2243 0
2244 0
2245 0
2246 0
2247 0
2248 0
2249 0
2250 0
2251 0
2252 0
2253 0
2254 0
2255 1
2256 0
2257 0
2258 0
2259 0
2260 0
2261 0
2262 0
2263 0
2264 0
2265 1
2266 0
2267 0
2268 0
2269 0
2270 0
2271 0
2272 0
2273 0
2274 0
2275 0
2276 0
2277 0
2278 0
2279 0
2280 0
2281 0
2282 0
2283 0
2284 0
2285 0
2286 0
2287 0
2288 0
2289 0
2290 0
2291 0
2292 0
2293 0
2294 0
2295 0
2296 0
2297 0
2298 0
2299 0
2300 0
2301 0
2302 0
2303 0
2304 0
2305 0
2306 0
2307 0
2308 0
2309 0
2310 0
2311 0
2312 0
2313 0
2314 0
2315 0
2316 0
2317 0
2318 1
2319 0
2320 0
2321 0
2322 0
2323 0
2324 0
2325 0
2326 0
2327 0
2328 0
2329 0
2330 0
2331 0
2332 0
2333 0
2334 0
2335 0
2336 0
2337 0
2338 0
2339 0
2340 1
2341 0
2342 0
2343 0
2344 0
2345 0
2346 1
2347 0
2348 0
2349 0
2350 0
2351 0
2352 0
2353 0
2354 0
2355 0
2356 0
2357 0
2358 0
2359 0
2360 0
2361 0
2362 0
2363 0
2364 0
2365 0
2366 0
2367 0
2368 0
2369 0
2370 0
2371 0
2372 0
2373 0
2374 0
2375 0
2376 0
2377 0
2378 0
2379 0
2380 0
2381 0
2382 0
2383 0
2384 0
2385 0
2386 0
2387 0
2388 0
2389 0
2390 0
2391 0
2392 0
2393 0
2394 0
2395 0
2396 0
2397 0
2398 0
2399 0
2400 0
2401 0
2402 0
2403 0
2404 0
2405 0
2406 0
2407 0
2408 0
2409 0
2410 0
2411 0
2412 0
2413 0
2414 0
2415 0
2416 0
2417 0
2418 0
2419 0
2420 1
2421 0
2422 0
2423 0
2424 0
2425 0
2426 0
2427 0
2428 1
2429 0
2430 0
2431 0
2432 0
2433 0
2434 0
2435 0
2436 0
2437 0
2438 0
2439 0
2440 0
2441 0
2442 0
2443 0
2444 1
2445 1
2446 0
2447 0
2448 0
2449 0
2450 0
2451 0
2452 0
2453 0
2454 0
2455 0
2456 0
2457 0
2458 0
2459 0
2460 0
2461 0
2462 0
2463 0
2464 0
2465 0
2466 0
2467 0
2468 0
2469 0
2470 0
2471 0
2472 0
2473 0
2474 0
2475 0
2476 0
2477 0
2478 0
2479 0
2480 0
2481 0
2482 0
2483 0
2484 0
2485 0
2486 0
2487 0
2488 0
2489 0
2490 0
2491 0
2492 0
2493 0
2494 0
2495 0
2496 0
2497 0
2498 0
2499 0
2500 0
2501 0
2502 0
2503 0
2504 0
2505 0
2506 0
2507 0
2508 0
2509 0
2510 0
2511 1
2512 0
2513 0
2514 0
2515 0
2516 0
2517 0
2518 0
2519 0
2520 0
2521 0
2522 0
2523 0
2524 0
2525 0
2526 0
2527 0
2528 0
2529 0
2530 0
2531 0
2532 0
2533 0
2534 0
2535 0
2536 0
2537 0
2538 0
2539 0
2540 0
2541 0
2542 0
2543 0
2544 0
2545 0
2546 0
2547 1
2548 0
2549 0
2550 0
2551 0
2552 1
2553 0
2554 0
2555 0
2556 1
2557 0
2558 0
2559 0
2560 0
2561 0
2562 0
2563 0
2564 0
2565 0
2566 0
2567 0
2568 0
2569 0
2570 0
2571 0
2572 0
2573 0
2574 0
2575 0
2576 0
2577 0
2578 0
2579 0
2580 0
2581 0
2582 0
2583 0
2584 0
2585 0
2586 0
2587 0
2588 0
2589 0
2590 0
2591 0
2592 0
2593 0
2594 0
2595 0
2596 0
2597 0
2598 0
2599 0
2600 0
2601 0
2602 0
2603 0
2604 0
2605 0
2606 0
2607 0
2608 0
2609 0
2610 0
2611 0
2612 0
2613 0
2614 0
2615 0
2616 0
2617 0
2618 0
2619 0
2620 0
2621 0
2622 0
2623 0
2624 0
2625 0
2626 0
2627 0
2628 0
2629 0
2630 0
2631 0
2632 0
2633 0
2634 0
2635 0
2636 0
2637 0
2638 0
2639 0
2640 0
2641 0
2642 0
2643 0
2644 0
2645 0
2646 0
2647 0
2648 0
2649 0
2650 0
2651 0
2652 0
2653 0
2654 0
2655 0
2656 1
2657 0
2658 0
2659 0
2660 0
2661 0
2662 0
2663 0
2664 0
2665 0
2666 0
2667 0
2668 0
2669 0
2670 0
2671 0
2672 0
2673 0
2674 0
2675 0
2676 0
2677 0
2678 0
2679 0
2680 0
2681 0
2682 0
2683 0
2684 0
2685 0
2686 0
2687 0
2688 0
2689 0
2690 0
2691 0
2692 0
2693 0
2694 0
2695 0
2696 0
2697 1
2698 0
2699 0
2700 0
2701 0
2702 0
2703 0
2704 0
2705 0
2706 0
2707 0
2708 0
2709 1
2710 0
2711 0
2712 0
2713 0
2714 0
2715 0
2716 0
2717 0
2718 0
2719 0
2720 0
2721 0
2722 0
2723 0
2724 0
2725 0
2726 0
2727 0
2728 0
2729 0
2730 0
2731 0
2732 0
2733 0
2734 0
2735 0
2736 0
2737 0
2738 0
2739 0
2740 0
2741 0
2742 0
2743 0
2744 0
2745 0
2746 0
2747 0
2748 0
2749 0
2750 0
2751 0
2752 0
2753 0
2754 0
2755 0
2756 0
2757 0
2758 0
2759 0
2760 0
2761 0
2762 0
2763 0
2764 0
2765 0
2766 0
2767 0
2768 0
2769 0
2770 0
2771 0
2772 0
2773 0
2774 0
2775 0
2776 0
2777 0
2778 0
2779 0
2780 0
2781 0
2782 0
2783 0
2784 0
2785 0
2786 0
2787 0
2788 1
2789 0
2790 0
2791 0
2792 0
2793 0
2794 0
2795 0
2796 0
2797 0
2798 0
2799 0
2800 0
2801 0
2802 0
2803 0
2804 0
2805 0
2806 0
2807 1
2808 0
2809 0
2810 0
2811 0
2812 0
2813 0
2814 0
2815 0
2816 0
2817 0
2818 0
2819 0
2820 0
2821 0
2822 0
2823 0
2824 0
2825 0
2826 0
2827 0
2828 0
2829 0
2830 0
2831 0
2832 0
2833 0
2834 0
2835 0
2836 0
2837 0
2838 0
2839 0
2840 0
2841 0
2842 0
2843 0
2844 0
2845 0
2846 0
2847 0
2848 0
2849 0
2850 0
2851 0
2852 0
2853 0
2854 0
2855 0
2856 1
2857 0
2858 0
2859 0
2860 0
2861 0
2862 0
2863 0
2864 0
2865 0
2866 0
2867 0
2868 0
2869 0
2870 0
2871 0
2872 0
2873 0
2874 0
2875 0
2876 0
2877 0
2878 0
2879 0
2880 0
2881 0
2882 0
2883 0
2884 0
2885 0
2886 0
2887 0
2888 0
2889 0
2890 0
2891 0
2892 0
2893 0
2894 0
2895 0
2896 0
2897 0
2898 0
2899 0
2900 0
2901 0
2902 0
2903 0
2904 0
2905 0
2906 0
2907 0
2908 0
2909 0
2910 0
2911 0
2912 0
2913 0
2914 0
2915 0
2916 0
2917 0
2918 0
2919 0
2920 0
2921 0
2922 0
2923 0
2924 0
2925 0
2926 0
2927 0
2928 0
2929 0
2930 0
2931 0
2932 0
2933 0
2934 0
2935 0
2936 0
2937 0
2938 0
2939 0
2940 0
2941 0
2942 0
2943 0
2944 0
2945 0
2946 0
2947 0
2948 1
2949 0
2950 0
2951 0
2952 0
2953 0
2954 0
2955 0
2956 0
2957 0
2958 0
2959 0
2960 0
2961 0
2962 0
2963 0
2964 0
2965 0
2966 0
2967 0
2968 0
2969 0
2970 0
2971 0
2972 0
2973 0
2974 0
2975 0
2976 0
2977 0
2978 0
2979 0
2980 0
2981 0
2982 0
2983 0
2984 0
2985 0
2986 0
2987 0
2988 0
2989 0
2990 0
2991 0
2992 0
2993 0
2994 0
2995 0
2996 0
2997 0
2998 0
2999 0
3000 0
3001 0
3002 0
3003 0
3004 0
3005 0
3006 0
3007 0
3008 0
3009 0
3010 0
3011 1
3012 0
3013 0
3014 0
3015 0
3016 0
3017 0
3018 0
3019 0
3020 0
3021 0
3022 0
3023 0
3024 0
3025 0
3026 0
3027 0
3028 0
3029 0
3030 0
3031 0
3032 0
3033 0
3034 0
3035 0
3036 0
3037 0
3038 0
3039 0
3040 0
3041 0
3042 0
3043 0
3044 0
3045 0
3046 0
3047 0
3048 0
3049 0
3050 0
3051 0
3052 0
3053 0
3054 0
3055 0
3056 0
3057 0
3058 1
3059 0
3060 0
3061 0
3062 0
3063 0
3064 0
3065 0
3066 0
3067 0
3068 0
3069 0
3070 0
3071 0
3072 0
3073 0
3074 0
3075 0
3076 0
3077 0
3078 0
3079 0
3080 0
3081 0
3082 0
3083 0
3084 0
3085 0
3086 0
3087 0
3088 0
3089 0
3090 0
3091 0
3092 0
3093 0
3094 0
3095 0
3096 0
3097 0
3098 0
3099 0
3100 0
3101 0
3102 0
3103 0
3104 0
3105 0
3106 0
3107 0
3108 0
3109 0
3110 0
3111 0
3112 0
3113 0
3114 0
3115 0
3116 0
3117 0
3118 0
3119 0
3120 0
3121 0
3122 0
3123 0
3124 1
3125 0
3126 0
3127 0
3128 0
3129 0
3130 0
3131 0
3132 0
3133 0
3134 0
3135 0
3136 0
3137 0
3138 0
3139 0
3140 0
3141 0
3142 0
3143 0
3144 0
3145 0
3146 0
3147 0
3148 0
3149 0
3150 0
3151 0
3152 0
3153 0
3154 0
3155 1
3156 0
3157 0
3158 0
3159 0
3160 0
3161 0
3162 0
3163 0
3164 0
3165 1
3166 0
3167 0
3168 0
3169 0
3170 0
3171 0
3172 0
3173 0
3174 0
3175 0
3176 0
3177 0
3178 0
3179 0
3180 0
3181 0
3182 0
3183 0
3184 0
3185 0
3186 0
3187 0
3188 0
3189 0
3190 0
3191 0
3192 0
3193 0
3194 0
3195 0
3196 0
3197 0
3198 0
3199 0
3200 0
3201 0
3202 0
3203 0
3204 0
3205 0
3206 0
3207 0
3208 0
3209 0
3210 0
3211 0
3212 0
3213 0
3214 0
3215 0
3216 0
3217 0
3218 0
3219 0
3220 0
3221 0
3222 0
3223 1
3224 0
3225 0
3226 0
3227 0
3228 0
3229 0
3230 0
3231 0
3232 0
3233 0
3234 0
3235 0
3236 0
3237 0
3238 0
3239 0
3240 0
3241 0
3242 0
3243 0
3244 0
3245 0
3246 0
3247 0
3248 0
3249 0
3250 0
3251 0
3252 0
3253 0
3254 0
3255 0
3256 0
3257 0
3258 0
3259 0
3260 0
3261 0
3262 0
3263 0
3264 0
3265 0
3266 0
3267 0
3268 0
3269 0
3270 0
3271 0
3272 0
3273 0
3274 0
3275 0
3276 0
3277 0
3278 0
3279 0
3280 0
3281 0
3282 0
3283 0
3284 0
3285 0
3286 0
3287 0
3288 0
3289 0
3290 0
3291 0
3292 0
3293 0
3294 0
3295 0
3296 0
3297 0
3298 0
3299 0
3300 0
3301 0
3302 0
3303 0
3304 0
3305 0
3306 0
3307 0
3308 0
3309 0
3310 0
3311 0
3312 0
3313 0
3314 0
3315 0
3316 0
3317 0
3318 0
3319 0
3320 0
3321 0
3322 0
3323 0
3324 0
3325 0
3326 0
3327 0
3328 0
3329 0
3330 0
3331 0
3332 0
3333 0
3334 0
3335 0
3336 0
3337 0
3338 0
3339 0
3340 0
3341 0
3342 0
3343 0
3344 0
3345 0
3346 0
3347 0
3348 0
3349 0
3350 0
3351 0
3352 0
3353 0
3354 0
3355 0
3356 0
3357 0
3358 0
3359 0
3360 0
3361 0
3362 0
3363 0
3364 0
3365 0
3366 0
3367 0
3368 0
3369 0
3370 0
3371 0
3372 0
3373 0
3374 0
3375 0
3376 0
3377 0
3378 0
3379 0
3380 0
3381 0
3382 0
3383 0
3384 0
3385 0
3386 0
3387 0
3388 0
3389 0
3390 0
3391 0
3392 0
3393 0
3394 0
3395 0
3396 0
3397 0
3398 0
3399 0
3400 0
3401 0
3402 0
3403 0
3404 0
3405 0
3406 0
3407 0
3408 0
3409 0
3410 0
3411 0
3412 0
3413 0
3414 0
3415 0
3416 0
3417 0
3418 0
3419 0
3420 0
3421 0
3422 0
3423 0
3424 0
3425 0
3426 0
3427 0
3428 0
3429 0
3430 0
3431 0
3432 0
3433 0
3434 0
3435 0
3436 0
3437 0
3438 0
3439 0
3440 0
3441 0
3442 0
3443 0
3444 0
3445 0
3446 0
3447 0
3448 0
3449 0
3450 1
3451 0
3452 0
3453 0
3454 0
3455 0
3456 0
3457 0
3458 0
3459 0
3460 0
3461 0
3462 0
3463 0
3464 0
3465 0
3466 0
3467 0
3468 0
3469 0
3470 0
3471 0
3472 0
3473 0
3474 0
3475 0
3476 0
3477 0
3478 0
3479 0
3480 0
3481 0
3482 0
3483 0
3484 0
3485 0
3486 0
3487 0
3488 0
3489 0
3490 0
3491 0
3492 0
3493 0
3494 0
3495 1
3496 0
3497 0
3498 0
3499 0
3500 0
3501 0
3502 0
3503 0
3504 0
3505 0
3506 0
3507 0
3508 0
3509 0
3510 0
3511 0
3512 0
3513 0
3514 0
3515 0
3516 0
3517 0
3518 0
3519 0
3520 0
3521 0
3522 0
3523 0
3524 0
3525 0
3526 0
3527 0
3528 0
3529 0
3530 0
3531 0
3532 0
3533 0
3534 0
3535 0
3536 0
3537 0
3538 0
3539 0
3540 0
3541 0
3542 0
3543 0
3544 0
3545 0
3546 0
3547 0
3548 0
3549 0
3550 0
3551 0
3552 0
3553 0
3554 0
3555 0
3556 0
3557 0
3558 0
3559 0
3560 0
3561 0
3562 0
3563 0
3564 0
3565 0
3566 0
3567 0
3568 0
3569 0
3570 0
3571 0
3572 0
3573 0
3574 0
3575 0
3576 0
3577 0
3578 0
3579 0
3580 0
3581 0
3582 0
3583 0
3584 0
3585 0
3586 0
3587 0
3588 0
3589 0
3590 0
3591 0
3592 0
3593 0
3594 0
3595 0
3596 0
3597 0
3598 0
3599 0
3600 0
3601 0
3602 0
3603 1
3604 0
3605 0
3606 0
3607 0
3608 0
3609 0
3610 0
3611 0
3612 0
3613 0
3614 0
3615 0
3616 0
3617 0
3618 0
3619 0
3620 0
3621 0
3622 0
3623 0
3624 0
3625 0
3626 0
3627 0
3628 0
3629 0
3630 0
3631 0
3632 0
3633 0
3634 0
3635 0
3636 0
3637 0
3638 0
3639 0
3640 0
3641 0
3642 0
3643 0
3644 0
3645 0
3646 0
3647 0
3648 0
3649 0
3650 0
3651 0
3652 0
3653 0
3654 0
3655 0
3656 0
3657 0
3658 0
3659 0
3660 0
3661 0
3662 0
3663 0
3664 0
3665 0
3666 0
3667 0
3668 0
3669 0
3670 0
3671 0
3672 0
3673 0
3674 0
3675 0
3676 0
3677 0
3678 0
3679 0
3680 0
3681 0
3682 0
3683 0
3684 0
3685 0
3686 0
3687 0
3688 0
3689 0
3690 0
3691 0
3692 0
3693 0
3694 0
3695 0
3696 0
3697 1
3698 0
3699 0
3700 0
3701 0
3702 0
3703 1
3704 0
3705 0
3706 0
3707 0
3708 0
3709 0
3710 0
3711 0
3712 0
3713 0
3714 1
3715 0
3716 0
3717 0
3718 0
3719 0
3720 0
3721 0
3722 0
3723 0
3724 0
3725 0
3726 0
3727 0
3728 0
3729 0
3730 0
3731 0
3732 0
3733 0
3734 0
3735 0
3736 0
3737 0
3738 1
3739 0
3740 0
3741 0
3742 0
3743 0
3744 0
3745 0
3746 0
3747 0
3748 0
3749 0
3750 0
3751 0
3752 0
3753 0
3754 0
3755 0
3756 0
3757 0
3758 0
3759 0
3760 0
3761 0
3762 0
3763 0
3764 0
3765 0
3766 0
3767 0
3768 0
3769 0
3770 0
3771 0
3772 0
3773 0
3774 0
3775 0
3776 0
3777 0
3778 0
3779 0
3780 0
3781 0
3782 0
3783 0
3784 0
3785 0
3786 0
3787 0
3788 0
3789 0
3790 0
3791 0
3792 0
3793 0
3794 0
3795 1
3796 0
3797 0
3798 0
3799 0
3800 0
3801 0
3802 0
3803 0
3804 0
3805 0
3806 0
3807 0
3808 0
3809 0
3810 0
3811 0
3812 0
3813 0
3814 0
3815 0
3816 0
3817 0
3818 0
3819 0
3820 0
3821 0
3822 0
3823 0
3824 0
3825 0
3826 0
3827 0
3828 0
3829 0
3830 0
3831 0
3832 0
3833 0
3834 0
3835 0
3836 0
3837 0
3838 0
3839 0
3840 0
3841 0
3842 0
3843 0
3844 0
3845 0
3846 0
3847 0
3848 0
3849 0
3850 0
3851 0
3852 0
3853 0
3854 0
3855 0
3856 0
3857 0
3858 0
3859 0
3860 0
3861 0
3862 0
3863 0
3864 0
3865 0
3866 0
3867 0
3868 0
3869 0
3870 0
3871 0
3872 0
3873 0
3874 0
3875 0
3876 0
3877 0
3878 0
3879 0
3880 0
3881 0
3882 0
3883 0
3884 0
3885 0
3886 1
3887 0
3888 0
3889 0
3890 0
3891 0
3892 0
3893 0
3894 0
3895 0
3896 0
3897 0
3898 0
3899 0
3900 0
3901 0
3902 0
3903 0
3904 0
3905 0
3906 0
3907 0
3908 0
3909 0
3910 0
3911 0
3912 0
3913 0
3914 0
3915 0
3916 0
3917 0
3918 0
3919 1
3920 0
3921 0
3922 0
3923 0
3924 0
3925 0
3926 0
3927 0
3928 0
3929 0
3930 0
3931 0
3932 0
3933 0
3934 0
3935 0
3936 0
3937 0
3938 0
3939 0
3940 0
3941 0
3942 0
3943 0
3944 0
3945 0
3946 0
3947 0
3948 0
3949 0
3950 0
3951 0
3952 0
3953 0
3954 0
3955 0
3956 0
3957 0
3958 0
3959 0
3960 1
3961 0
3962 0
3963 0
3964 0
3965 0
3966 0
3967 0
3968 0
3969 0
3970 0
3971 0
3972 0
3973 0
3974 0
3975 0
3976 1
3977 0
3978 0
3979 0
3980 0
3981 0
3982 0
3983 0
3984 0
3985 0
3986 0
3987 0
3988 0
3989 0
3990 0
3991 0
3992 0
3993 0
3994 0
3995 0
3996 0
3997 0
3998 0
3999 0
4000 0
