0 0
1 0
2 0
3 0
4 0
5 0
6 0
7 0
8 0
9 0
10 0
11 0
12 0
13 0
14 0
15 0
16 0
17 0
18 0
19 0
20 0
21 0
22 0
23 0
24 0
25 0
26 0
27 0
28 0
29 0
30 0
31 0
32 0
33 0
34 0
35 0
36 0
37 0
38 0
39 0
40 0
41 0
42 0
43 0
44 0
45 0
46 0
47 0
48 0
49 0
50 0
51 0
52 0
53 0
54 0
55 0
56 0
57 0
58 0
59 0
60 0
61 0
62 0
63 0
64 0
65 0
66 0
67 0
68 0
69 0
70 0
71 0
72 0
73 0
74 0
75 0
76 0
77 0
78 0
79 0
80 0
81 0
82 0
83 0
84 0
85 0
86 0
87 0
88 0
89 0
90 0
91 0
92 0
93 0
94 0
95 0
96 0
97 0
98 0
99 0
100 0
101 0
102 0
103 0
104 0
105 0
106 0
107 0
108 0
109 0
110 0
111 0
112 0
113 0
114 0
115 0
116 0
117 0
118 0
119 0
120 0
121 0
122 0
123 0
124 0
125 0
126 0
127 0
128 0
129 0
130 0
131 0
132 0
133 0
134 0
135 0
136 0
137 0
138 0
139 0
140 0
141 0
142 0
143 0
144 0
145 0
146 0
147 1
148 0
149 0
150 0
151 0
152 2
153 2
154 0
155 6
156 5
157 1
158 0
159 8
160 9
161 2
162 7
163 3
164 2
165 3
166 4
167 9
168 7
169 5
170 7
171 6
172 7
173 7
174 4
175 12
176 26
177 33
178 69
179 92
180 102
181 140
182 145
183 173
184 234
185 344
186 565
187 995
188 1670
189 2487
190 3170
191 3679
192 3872
193 3946
194 3799
195 3503
196 3342
197 3045
198 2712
199 2414
200 2219
201 1945
202 1793
203 1633
204 1513
205 1453
206 1266
207 1301
208 1203
209 1221
210 1132
211 1084
212 1087
213 1157
214 1098
215 1139
216 1119
217 1113
218 1152
219 1197
220 1146
221 1284
222 1277
223 1216
224 1280
225 1192
226 1307
227 1363
228 1350
229 1361
230 1358
231 1361
232 1422
233 1412
234 1451
235 1484
236 1518
237 1544
238 1490
239 1576
240 1594
241 1576
242 1517
243 1752
244 1666
245 1653
246 1657
247 1694
248 1683
249 1756
250 1741
251 1786
252 1812
253 1859
254 1753
255 1791
256 1771
257 1820
258 1875
259 1878
260 1905
261 1872
262 1931
263 1955
264 1961
265 1901
266 1988
267 2017
268 2019
269 2077
270 2116
271 2030
272 2122
273 2109
274 2042
275 2082
276 2105
277 2031
278 2170
279 2103
280 2076
281 2136
282 2117
283 2206
284 2149
285 2175
286 2215
287 2143
288 2237
289 2224
290 2187
291 2265
292 2178
293 2255
294 2242
295 2200
296 2312
297 2244
298 2207
299 2263
300 2193
301 2242
302 2231
303 2277
304 2177
305 2239
306 2267
307 2383
308 2215
309 2252
310 2256
311 2242
312 2263
313 2213
314 2168
315 2280
316 2249
317 2250
318 2122
319 2232
320 2190
321 2284
322 2209
323 2229
324 2239
325 2197
326 2097
327 2237
328 2158
329 2178
330 2214
331 2155
332 2150
333 2113
334 2171
335 2109
336 2078
337 2119
338 2061
339 2088
340 2136
341 2087
342 2078
343 2006
344 1998
345 2015
346 2049
347 2007
348 1975
349 1986
350 1977
351 1891
352 1879
353 1867
354 1911
355 1957
356 1939
357 1943
358 1830
359 1839
360 1813
361 1813
362 1868
363 1838
364 1785
365 1781
366 1766
367 1730
368 1669
369 1635
370 1736
371 1777
372 1674
373 1660
374 1705
375 1705
376 1591
377 1651
378 1695
379 1650
380 1641
381 1571
382 1603
383 1455
384 1523
385 1509
386 1531
387 1484
388 1486
389 1406
390 1478
391 1489
392 1426
393 1431
394 1397
395 1385
396 1361
397 1316
398 1406
399 1350
400 1348
401 1344
402 1283
403 1349
404 1318
405 1293
406 1294
407 1247
408 1217
409 1145
410 1165
411 1151
412 1179
413 1213
414 1189
415 1151
416 1187
417 1116
418 1158
419 1069
420 1070
421 1085
422 1070
423 1107
424 1067
425 1087
426 977
427 1072
428 1056
429 1056
430 998
431 1016
432 996
433 944
434 942
435 958
436 958
437 999
438 969
439 944
440 914
441 938
442 923
443 866
444 888
445 892
446 852
447 851
448 887
449 841
450 859
451 822
452 812
453 813
454 821
455 804
456 860
457 757
458 815
459 744
460 780
461 741
462 769
463 747
464 793
465 785
466 689
467 748
468 748
469 706
470 686
471 696
472 697
473 685
474 681
475 681
476 705
477 661
478 657
479 650
480 660
481 654
482 645
483 709
484 662
485 628
486 591
487 666
488 619
489 667
490 628
491 610
492 580
493 619
494 603
495 582
496 610
497 633
498 624
499 597
500 621
501 576
502 562
503 584
504 605
505 601
506 547
507 573
508 537
509 602
510 603
511 552
512 620
513 531
514 569
515 544
516 543
517 545
518 527
519 540
520 540
521 555
522 517
523 515
524 515
525 554
526 523
527 500
528 488
529 494
530 492
531 498
532 494
533 487
534 526
535 489
536 476
537 462
538 485
539 467
540 496
541 503
542 443
543 441
544 480
545 456
546 465
547 476
548 473
549 499
550 474
551 470
552 448
553 457
554 458
555 470
556 473
557 457
558 471
559 479
560 466
561 449
562 480
563 448
564 455
565 464
566 423
567 467
568 427
569 434
570 475
571 435
572 456
573 390
574 457
575 408
576 397
577 429
578 465
579 417
580 388
581 404
582 421
583 434
584 453
585 430
586 444
587 419
588 426
589 433
590 416
591 414
592 441
593 442
594 404
595 416
596 368
597 402
598 381
599 373
600 401
601 394
602 401
603 387
604 389
605 423
606 373
607 387
608 382
609 388
610 400
611 395
612 370
613 381
614 370
615 406
616 363
617 391
618 355
619 390
620 360
621 369
622 360
623 361
624 352
625 354
626 374
627 382
628 358
629 334
630 346
631 312
632 357
633 380
634 328
635 323
636 338
637 380
638 343
639 339
640 338
641 335
642 350
643 312
644 365
645 344
646 319
647 320
648 304
649 297
650 316
651 321
652 350
653 309
654 318
655 328
656 290
657 332
658 291
659 309
660 308
661 291
662 325
663 296
664 288
665 315
666 308
667 309
668 301
669 308
670 280
671 280
672 284
673 257
674 280
675 266
676 296
677 274
678 264
679 298
680 271
681 292
682 283
683 268
684 260
685 252
686 266
687 254
688 266
689 263
690 244
691 249
692 267
693 275
694 276
695 263
696 257
697 244
698 272
699 238
700 275
701 242
702 241
703 245
704 246
705 217
706 236
707 232
708 220
709 235
710 227
711 260
712 253
713 233
714 194
715 229
716 223
717 224
718 213
719 188
720 241
721 219
722 208
723 217
724 237
725 227
726 217
727 213
728 217
729 206
730 212
731 202
732 196
733 196
734 202
735 194
736 199
737 233
738 176
739 178
740 211
741 177
742 203
743 196
744 208
745 180
746 176
747 179
748 185
749 184
750 185
751 177
752 205
753 174
754 154
755 153
756 153
757 181
758 161
759 158
760 201
761 164
762 177
763 157
764 166
765 176
766 157
767 169
768 159
769 161
770 130
771 164
772 163
773 159
774 158
775 158
776 136
777 134
778 151
779 146
780 160
781 151
782 132
783 146
784 133
785 140
786 120
787 149
788 136
789 134
790 155
791 136
792 133
793 119
794 127
795 133
796 134
797 130
798 124
799 114
800 150
801 118
802 113
803 141
804 124
805 120
806 115
807 114
808 129
809 99
810 118
811 126
812 136
813 103
814 124
815 119
816 103
817 114
818 130
819 102
820 122
821 118
822 108
823 109
824 114
825 103
826 112
827 111
828 120
829 100
830 97
831 83
832 91
833 113
834 95
835 103
836 87
837 107
838 84
839 93
840 85
841 105
842 95
843 95
844 97
845 89
846 91
847 81
848 100
849 94
850 90
851 100
852 93
853 89
854 81
855 71
856 88
857 85
858 88
859 69
860 93
861 82
862 86
863 80
864 78
865 61
866 77
867 79
868 76
869 99
870 78
871 77
872 84
873 85
874 68
875 73
876 71
877 56
878 77
879 67
880 71
881 87
882 80
883 71
884 82
885 77
886 70
887 65
888 69
889 86
890 70
891 58
892 59
893 62
894 66
895 79
896 61
897 92
898 47
899 65
900 57
901 57
902 57
903 53
904 62
905 67
906 57
907 59
908 58
909 71
910 61
911 54
912 61
913 49
914 45
915 60
916 67
917 62
918 53
919 60
920 56
921 39
922 56
923 57
924 46
925 44
926 53
927 59
928 53
929 50
930 44
931 39
932 43
933 51
934 55
935 43
936 57
937 54
938 49
939 47
940 58
941 50
942 55
943 40
944 43
945 45
946 48
947 58
948 46
949 41
950 43
951 52
952 49
953 45
954 40
955 38
956 40
957 54
958 45
959 43
960 32
961 43
962 41
963 45
964 53
965 52
966 42
967 34
968 35
969 40
970 43
971 40
972 50
973 28
974 41
975 45
976 47
977 37
978 43
979 30
980 33
981 44
982 38
983 33
984 45
985 32
986 42
987 40
988 45
989 24
990 39
991 39
992 26
993 38
994 28
995 29
996 34
997 42
998 23
999 37
1000 30
1001 27
1002 41
1003 29
1004 26
1005 40
1006 11
1007 28
1008 31
1009 40
1010 25
1011 42
1012 23
1013 34
1014 34
1015 37
1016 26
1017 32
1018 35
1019 33
1020 32
1021 23
1022 30
1023 24
1024 27
1025 38
1026 35
1027 30
1028 28
1029 24
1030 27
1031 29
1032 27
1033 26
1034 30
1035 21
1036 36
1037 19
1038 26
1039 18
1040 21
1041 31
1042 24
1043 29
1044 26
1045 26
1046 31
1047 27
1048 20
1049 21
1050 25
1051 28
1052 31
1053 24
1054 26
1055 19
1056 18
1057 28
1058 26
1059 29
1060 32
1061 33
1062 28
1063 26
1064 20
1065 20
1066 14
1067 13
1068 30
1069 13
1070 17
1071 17
1072 23
1073 21
1074 27
1075 21
1076 15
1077 17
1078 23
1079 19
1080 18
1081 18
1082 20
1083 24
1084 20
1085 19
1086 17
1087 23
1088 20
1089 18
1090 17
1091 16
1092 20
1093 21
1094 22
1095 26
1096 15
1097 17
1098 21
1099 22
1100 19
1101 23
1102 21
1103 16
1104 21
1105 9
1106 17
1107 25
1108 25
1109 20
1110 22
1111 14
1112 22
1113 24
1114 18
1115 17
1116 16
1117 16
1118 19
1119 19
1120 15
1121 11
1122 18
1123 20
1124 15
1125 16
1126 23
1127 21
1128 20
1129 20
1130 18
1131 20
1132 11
1133 20
1134 21
1135 14
1136 15
1137 14
1138 16
1139 20
1140 14
1141 14
1142 11
1143 17
1144 15
1145 19
1146 19
1147 16
1148 15
1149 20
1150 14
1151 19
1152 16
1153 17
1154 21
1155 16
1156 15
1157 16
1158 15
1159 16
1160 20
1161 18
1162 14
1163 19
1164 19
1165 19
1166 14
1167 15
1168 15
1169 14
1170 14
1171 14
1172 17
1173 8
1174 9
1175 13
1176 11
1177 14
1178 22
1179 11
1180 13
1181 18
1182 13
1183 13
1184 14
1185 14
1186 15
1187 20
1188 12
1189 9
1190 11
1191 16
1192 17
1193 16
1194 11
1195 12
1196 17
1197 17
1198 11
1199 19
1200 12
1201 12
1202 10
1203 12
1204 10
1205 16
1206 12
1207 12
1208 9
1209 9
1210 15
1211 9
1212 16
1213 12
1214 16
1215 9
1216 13
1217 12
1218 7
1219 6
1220 22
1221 16
1222 14
1223 9
1224 10
1225 3
1226 14
1227 8
1228 16
1229 13
1230 12
1231 13
1232 11
1233 11
1234 14
1235 14
1236 13
1237 8
1238 14
1239 15
1240 11
1241 10
1242 7
1243 8
1244 13
1245 12
1246 10
1247 13
1248 14
1249 10
1250 8
1251 12
1252 9
1253 10
1254 10
1255 14
1256 11
1257 7
1258 12
1259 12
1260 12
1261 15
1262 13
1263 10
1264 8
1265 12
1266 9
1267 10
1268 14
1269 8
1270 13
1271 7
1272 8
1273 10
1274 10
1275 5
1276 13
1277 10
1278 10
1279 4
1280 11
1281 5
1282 11
1283 12
1284 9
1285 9
1286 10
1287 6
1288 5
1289 9
1290 11
1291 8
1292 11
1293 4
1294 10
1295 5
1296 9
1297 8
1298 11
1299 10
1300 12
1301 8
1302 9
1303 7
1304 11
1305 6
1306 7
1307 8
1308 7
1309 11
1310 9
1311 5
1312 7
1313 8
1314 15
1315 11
1316 6
1317 7
1318 10
1319 6
1320 6
1321 7
1322 15
1323 11
1324 5
1325 5
1326 14
1327 2
1328 11
1329 6
1330 5
1331 6
1332 11
1333 9
1334 5
1335 4
1336 6
1337 4
1338 10
1339 11
1340 10
1341 8
1342 8
1343 7
1344 8
1345 8
1346 7
1347 9
1348 9
1349 12
1350 12
1351 5
1352 6
1353 6
1354 8
1355 9
1356 9
1357 5
1358 10
1359 7
1360 8
1361 7
1362 7
1363 9
1364 9
1365 4
1366 6
1367 6
1368 7
1369 8
1370 9
1371 7
1372 13
1373 5
1374 8
1375 6
1376 4
1377 7
1378 8
1379 6
1380 4
1381 6
1382 4
1383 7
1384 9
1385 4
1386 6
1387 2
1388 3
1389 4
1390 8
1391 5
1392 12
1393 5
1394 5
1395 5
1396 6
1397 10
1398 3
1399 7
1400 5
1401 7
1402 7
1403 6
1404 6
1405 7
1406 5
1407 6
1408 7
1409 1
1410 5
1411 5
1412 7
1413 4
1414 9
1415 2
1416 5
1417 6
1418 4
1419 7
1420 8
1421 7
1422 3
1423 4
1424 4
1425 5
1426 7
1427 2
1428 8
1429 4
1430 5
1431 5
1432 2
1433 3
1434 2
1435 5
1436 2
1437 6
1438 3
1439 10
1440 4
1441 4
1442 3
1443 3
1444 6
1445 4
1446 2
1447 7
1448 1
1449 9
1450 3
1451 4
1452 4
1453 4
1454 8
1455 2
1456 5
1457 3
1458 2
1459 3
1460 9
1461 3
1462 2
1463 3
1464 2
1465 9
1466 5
1467 8
1468 1
1469 5
1470 8
1471 3
1472 3
1473 4
1474 3
1475 4
1476 4
1477 4
1478 5
1479 7
1480 4
1481 4
1482 4
1483 6
1484 3
1485 2
1486 2
1487 6
1488 4
1489 9
1490 3
1491 2
1492 4
1493 2
1494 4
1495 7
1496 2
1497 6
1498 2
1499 4
1500 0
1501 4
1502 4
1503 0
1504 1
1505 2
1506 5
1507 4
1508 3
1509 5
1510 5
1511 3
1512 5
1513 1
1514 4
1515 6
1516 2
1517 2
1518 5
1519 1
1520 2
1521 0
1522 3
1523 7
1524 5
1525 4
1526 3
1527 1
1528 3
1529 4
1530 2
1531 0
1532 4
1533 5
1534 2
1535 1
1536 5
1537 1
1538 2
1539 1
1540 4
1541 0
1542 4
1543 3
1544 1
1545 2
1546 2
1547 2
1548 1
1549 2
1550 6
1551 1
1552 6
1553 0
1554 4
1555 5
1556 1
1557 0
1558 1
1559 3
1560 3
1561 2
1562 1
1563 3
1564 5
1565 2
1566 1
1567 2
1568 2
1569 1
1570 2
1571 3
1572 0
1573 5
1574 5
1575 2
1576 2
1577 5
1578 3
1579 0
1580 1
1581 0
1582 1
1583 2
1584 4
1585 3
1586 4
1587 1
1588 4
1589 4
1590 1
1591 5
1592 2
1593 3
1594 3
1595 4
1596 1
1597 3
1598 1
1599 2
1600 4
1601 2
1602 3
1603 4
1604 3
1605 2
1606 2
1607 1
1608 4
1609 0
1610 4
1611 3
1612 4
1613 0
1614 3
1615 3
1616 1
1617 0
1618 1
1619 3
1620 3
1621 1
1622 0
1623 1
1624 3
1625 1
1626 2
1627 3
1628 3
1629 1
1630 0
1631 3
1632 1
1633 6
1634 2
1635 3
1636 1
1637 1
1638 2
1639 4
1640 2
1641 3
1642 4
1643 1
1644 0
1645 3
1646 2
1647 2
1648 0
1649 2
1650 2
1651 2
1652 2
1653 1
1654 2
1655 2
1656 3
1657 2
1658 4
1659 3
1660 0
1661 0
1662 1
1663 4
1664 2
1665 3
1666 1
1667 1
1668 2
1669 0
1670 3
1671 3
1672 1
1673 1
1674 1
1675 1
1676 0
1677 1
1678 0
1679 3
1680 1
1681 3
1682 1
1683 1
1684 2
1685 1
1686 1
1687 5
1688 2
1689 3
1690 1
1691 1
1692 0
1693 1
1694 3
1695 1
1696 1
1697 1
1698 1
1699 0
1700 2
1701 2
1702 1
1703 2
1704 2
1705 0
1706 2
1707 2
1708 1
1709 2
1710 1
1711 1
1712 2
1713 1
1714 1
1715 0
1716 1
1717 0
1718 2
1719 4
1720 1
1721 1
1722 2
1723 0
1724 1
1725 1
1726 1
1727 1
1728 2
1729 1
1730 2
1731 1
1732 2
1733 1
1734 1
1735 1
1736 0
1737 2
1738 1
1739 0
1740 1
1741 1
1742 1
1743 0
1744 0
1745 1
1746 1
1747 1
1748 1
1749 2
1750 0
1751 2
1752 0
1753 0
1754 0
1755 1
1756 3
1757 1
1758 1
1759 1
1760 3
1761 1
1762 1
1763 0
1764 1
1765 1
1766 0
1767 0
1768 0
1769 1
1770 0
1771 1
1772 1
1773 1
1774 2
1775 1
1776 0
1777 0
1778 0
1779 0
1780 0
1781 0
1782 1
1783 0
1784 1
1785 1
1786 1
1787 0
1788 1
1789 0
1790 0
1791 0
1792 1
1793 1
1794 1
1795 3
1796 2
1797 0
1798 2
1799 1
1800 1
1801 0
1802 1
1803 0
1804 1
1805 1
1806 2
1807 0
1808 3
1809 1
1810 1
1811 0
1812 1
1813 0
1814 0
1815 0
1816 0
1817 2
1818 0
1819 0
1820 0
1821 1
1822 1
1823 1
1824 0
1825 0
1826 1
1827 0
1828 1
1829 0
1830 1
1831 2
1832 3
1833 1
1834 2
1835 0
1836 2
1837 0
1838 2
1839 0
1840 1
1841 0
1842 0
1843 3
1844 0
1845 1
1846 0
1847 0
1848 0
1849 1
1850 1
1851 2
1852 1
1853 1
1854 0
1855 0
1856 1
1857 0
1858 1
1859 1
1860 0
1861 2
1862 0
1863 1
1864 0
1865 0
1866 2
1867 1
1868 0
1869 1
1870 1
1871 1
1872 1
1873 1
1874 0
1875 0
1876 2
1877 0
1878 3
1879 0
1880 1
1881 0
1882 1
1883 0
1884 0
1885 0
1886 0
1887 0
1888 0
1889 0
1890 0
1891 0
1892 0
1893 1
1894 0
1895 0
1896 2
1897 0
1898 0
1899 0
1900 0
1901 1
1902 2
1903 0
1904 0
1905 0
1906 0
1907 0
1908 0
1909 0
1910 0
1911 0
1912 0
1913 0
1914 0
1915 0
1916 2
1917 0
1918 1
1919 0
1920 0
1921 0
1922 1
1923 0
1924 0
1925 1
1926 1
1927 0
1928 0
1929 0
1930 1
1931 1
1932 0
1933 0
1934 0
1935 0
1936 0
1937 1
1938 1
1939 0
1940 0
1941 0
1942 0
1943 0
1944 0
1945 1
1946 0
1947 0
1948 0
1949 0
1950 0
1951 1
1952 1
1953 1
1954 2
1955 0
1956 0
1957 0
1958 1
1959 0
1960 1
1961 1
1962 0
1963 1
1964 1
1965 0
1966 0
1967 0
1968 1
1969 0
1970 1
1971 1
1972 0
1973 1
1974 1
1975 1
1976 0
1977 1
1978 0
1979 0
1980 0
1981 0
1982 1
1983 0
1984 2
1985 0
1986 0
1987 0
1988 1
1989 0
1990 1
1991 1
1992 0
1993 1
1994 0
1995 0
1996 0
1997 0
1998 0
1999 0
2000 0
2001 0
2002 0
2003 0
2004 0
2005 0
2006 0
2007 0
2008 0
2009 1
2010 0
2011 0
2012 1
2013 0
2014 0
2015 0
2016 1
2017 1
2018 0
2019 0
2020 0
2021 0
2022 0
2023 0
2024 0
2025 1
2026 0
2027 0
2028 0
2029 0
2030 0
2031 0
2032 0
2033 0
2034 0
2035 0
2036 0
2037 0
2038 0
2039 1
2040 0
2041 0
2042 0
2043 0
2044 0
2045 1
2046 0
2047 1
2048 0
2049 0
2050 0
2051 0
2052 1
2053 1
2054 0
2055 0
2056 1
2057 0
2058 0
2059 0
2060 0
2061 0
2062 0
2063 0
2064 0
2065 0
2066 0
2067 0
2068 0
2069 1
2070 1
2071 0
2072 0
2073 0
2074 0
2075 0
2076 0
2077 0
2078 0
2079 1
2080 0
2081 0
2082 0
2083 1
2084 0
2085 0
2086 0
2087 0
2088 0
2089 0
2090 0
2091 0
2092 0
2093 0
2094 0
2095 0
2096 0
2097 0
2098 0
2099 0
2100 0
2101 0
2102 0
2103 1
2104 0
2105 0
2106 0
2107 0
2108 0
2109 0
2110 0
2111 1
2112 1
2113 1
2114 0
2115 1
2116 0
2117 0
2118 0
2119 0
2120 0
2121 0
2122 0
2123 0
2124 0
2125 0
2126 0
2127 0
2128 0
2129 0
2130 0
2131 0
2132 0
2133 0
2134 1
2135 0
2136 0
2137 0
2138 0
2139 0
2140 0
2141 0
2142 0
2143 0
2144 0
2145 0
2146 0
2147 0
2148 1
2149 0
2150 0
2151 0
2152 0
2153 0
2154 0
2155 0
2156 0
2157 0
2158 1
2159 0
2160 0
2161 1
2162 1
2163 0
2164 0
2165 0
2166 0
2167 0
2168 0
2169 0
2170 0
2171 0
2172 0
2173 1
2174 0
2175 0
2176 0
2177 1
2178 0
2179 0
2180 0
2181 0
2182 0
2183 0
2184 0
2185 0
2186 0
2187 0
2188 1
2189 1
2190 0
2191 0
2192 0
2193 0
2194 0
2195 0
2196 0
2197 0
2198 0
2199 0
2200 0
2201 0
2202 1
2203 0
2204 0
2205 0
2206 0
2207 0
2208 0
2209 0
2210 0
2211 0
2212 0
2213 0
2214 0
2215 0
2216 0
2217 0
2218 0
2219 0
2220 0
2221 0
2222 0
2223 0
2224 0
2225 0
2226 0
2227 0
2228 0
2229 0
2230 0
2231 0
2232 0
2233 0
2234 0
2235 0
2236 1
2237 0
2238 0
2239 0
2240 0
2241 0
2242 0
2243 0
2244 0
2245 0
2246 0
2247 0
2248 0
2249 0
2250 0
2251 0
2252 0
2253 0
2254 0
2255 0
2256 0
2257 0
2258 0
2259 0
2260 0
2261 1
2262 0
2263 0
2264 0
2265 0
2266 0
2267 0
2268 0
2269 0
2270 0
2271 0
2272 0
2273 0
2274 0
2275 0
2276 0
2277 0
2278 0
2279 0
2280 0
2281 0
2282 0
2283 0
2284 0
2285 0
2286 0
2287 0
2288 0
2289 0
2290 0
2291 0
2292 0
2293 1
2294 0
2295 0
2296 1
2297 0
2298 0
2299 0
2300 0
2301 0
2302 0
2303 0
2304 0
2305 0
2306 0
2307 0
2308 0
2309 0
2310 0
2311 0
2312 0
2313 0
2314 0
2315 0
2316 0
2317 0
2318 0
2319 0
2320 0
2321 1
2322 0
2323 0
2324 0
2325 0
2326 0
2327 0
2328 0
2329 0
2330 0
2331 0
2332 0
2333 0
2334 0
2335 0
2336 0
2337 0
2338 0
2339 0
2340 0
2341 0
2342 0
2343 0
2344 0
2345 0
2346 0
2347 0
2348 0
2349 1
2350 0
2351 0
2352 0
2353 0
2354 0
2355 0
2356 0
2357 0
2358 0
2359 1
2360 0
2361 0
2362 0
2363 1
2364 0
2365 0
2366 0
2367 0
2368 0
2369 2
2370 0
2371 0
2372 0
2373 0
2374 0
2375 0
2376 0
2377 0
2378 0
2379 0
2380 0
2381 0
2382 0
2383 0
2384 0
2385 0
2386 0
2387 0
2388 0
2389 0
2390 0
2391 0
2392 0
2393 0
2394 0
2395 0
2396 0
2397 0
2398 0
2399 0
2400 0
2401 0
2402 0
2403 0
2404 0
2405 0
2406 0
2407 0
2408 0
2409 0
2410 0
2411 0
2412 0
2413 0
2414 0
2415 0
2416 0
2417 0
2418 0
2419 1
2420 0
2421 0
2422 0
2423 0
2424 0
2425 0
2426 0
2427 1
2428 0
2429 0
2430 0
2431 0
2432 0
2433 0
2434 0
2435 0
2436 0
2437 0
2438 0
2439 0
2440 0
2441 0
2442 1
2443 0
2444 0
2445 0
2446 0
2447 0
2448 0
2449 0
2450 0
2451 2
2452 0
2453 0
2454 0
2455 0
2456 0
2457 0
2458 0
2459 0
2460 0
2461 0
2462 0
2463 0
2464 1
2465 0
2466 0
2467 0
2468 0
2469 0
2470 0
2471 0
2472 0
2473 0
2474 0
2475 0
2476 0
2477 0
2478 0
2479 0
2480 0
2481 0
2482 0
2483 0
2484 0
2485 0
2486 0
2487 0
2488 0
2489 0
2490 0
2491 0
2492 0
2493 0
2494 0
2495 0
2496 0
2497 0
2498 0
2499 0
2500 0
2501 0
2502 0
2503 0
2504 0
2505 0
2506 0
2507 0
2508 0
2509 0
2510 0
2511 0
2512 0
2513 0
2514 0
2515 0
2516 0
2517 0
2518 0
2519 0
2520 0
2521 0
2522 0
2523 0
2524 0
2525 0
2526 0
2527 0
2528 0
2529 0
2530 0
2531 0
2532 0
2533 0
2534 0
2535 0
2536 0
2537 0
2538 0
2539 0
2540 0
2541 0
2542 0
2543 0
2544 0
2545 0
2546 0
2547 0
2548 0
2549 0
2550 0
2551 0
2552 0
2553 0
2554 0
2555 0
2556 0
2557 0
2558 0
2559 0
2560 0
2561 0
2562 0
2563 0
2564 0
2565 1
2566 0
2567 0
2568 0
2569 0
2570 0
2571 0
2572 0
2573 0
2574 0
2575 0
2576 0
2577 0
2578 0
2579 0
2580 0
2581 0
2582 0
2583 0
2584 0
2585 0
2586 0
2587 0
2588 0
2589 0
2590 0
2591 0
2592 0
2593 0
2594 0
2595 0
2596 0
2597 0
2598 0
2599 0
2600 0
2601 0
2602 0
2603 1
2604 0
2605 0
2606 0
2607 0
2608 0
2609 0
2610 0
2611 0
2612 0
2613 0
2614 0
2615 0
2616 0
2617 0
2618 0
2619 0
2620 0
2621 0
2622 0
2623 0
2624 0
2625 0
2626 0
2627 0
2628 0
2629 0
2630 0
2631 0
2632 0
2633 0
2634 0
2635 0
2636 0
2637 0
2638 0
2639 0
2640 0
2641 0
2642 0
2643 0
2644 0
2645 0
2646 0
2647 0
2648 0
2649 0
2650 0
2651 0
2652 0
2653 0
2654 0
2655 0
2656 0
2657 0
2658 0
2659 0
2660 0
2661 0
2662 0
2663 0
2664 0
2665 0
2666 0
2667 0
2668 0
2669 0
2670 0
2671 0
2672 0
2673 0
2674 0
2675 0
2676 0
2677 0
2678 0
2679 0
2680 0
2681 0
2682 0
2683 0
2684 0
2685 0
2686 0
2687 0
2688 0
2689 0
2690 1
2691 0
2692 0
2693 0
2694 0
2695 0
2696 0
2697 0
2698 0
2699 0
2700 0
2701 0
2702 0
2703 0
2704 0
2705 0
2706 0
2707 0
2708 0
2709 0
2710 0
2711 0
2712 0
2713 0
2714 0
2715 0
2716 0
2717 0
2718 0
2719 0
2720 0
2721 0
2722 0
2723 0
2724 0
2725 0
2726 0
2727 0
2728 0
2729 0
2730 0
2731 0
2732 0
2733 0
2734 0
2735 0
2736 0
2737 0
2738 0
2739 0
2740 0
2741 0
2742 0
2743 0
2744 0
2745 0
2746 0
2747 0
2748 0
2749 0
2750 0
2751 0
2752 0
2753 0
2754 0
2755 0
2756 0
2757 0
2758 0
2759 0
2760 0
2761 0
2762 0
2763 0
2764 0
2765 0
2766 0
2767 0
2768 0
2769 0
2770 0
2771 0
2772 0
2773 0
2774 0
2775 0
2776 0
2777 0
2778 0
2779 0
2780 0
2781 0
2782 0
2783 0
2784 0
2785 0
2786 0
2787 0
2788 0
2789 0
2790 0
2791 0
2792 0
2793 0
2794 0
2795 0
2796 0
2797 0
2798 0
2799 0
2800 0
2801 0
2802 0
2803 0
2804 0
2805 0
2806 1
2807 0
2808 0
2809 0
2810 0
2811 0
2812 0
2813 0
2814 0
2815 0
2816 0
2817 0
2818 0
2819 0
2820 0
2821 0
2822 0
2823 0
2824 0
2825 0
2826 0
2827 0
2828 0
2829 0
2830 0
2831 0
2832 0
2833 0
2834 0
2835 0
2836 0
2837 0
2838 0
2839 0
2840 0
2841 0
2842 0
2843 0
2844 0
2845 0
2846 0
2847 0
2848 0
2849 0
2850 0
2851 0
2852 0
2853 0
2854 0
2855 1
2856 0
2857 0
2858 0
2859 0
2860 0
2861 0
2862 0
2863 0
2864 0
2865 0
2866 0
2867 0
2868 0
2869 0
2870 0
2871 0
2872 0
2873 0
2874 0
2875 0
2876 0
2877 0
2878 0
2879 0
2880 0
2881 0
2882 0
2883 0
2884 0
2885 0
2886 0
2887 0
2888 0
2889 0
2890 0
2891 0
2892 0
2893 0
2894 0
2895 0
2896 0
2897 0
2898 0
2899 0
2900 0
2901 0
2902 0
2903 0
2904 0
2905 0
2906 0
2907 0
2908 0
2909 0
2910 0
2911 0
2912 0
2913 0
2914 0
2915 0
2916 0
2917 0
2918 0
2919 0
2920 0
2921 0
2922 0
2923 0
2924 0
2925 0
2926 0
2927 1
2928 0
2929 0
2930 0
2931 0
2932 0
2933 0
2934 0
2935 0
2936 0
2937 0
2938 0
2939 0
2940 0
2941 0
2942 0
2943 0
2944 0
2945 0
2946 0
2947 0
2948 0
2949 0
2950 0
2951 0
2952 0
2953 0
2954 0
2955 0
2956 0
2957 0
2958 0
2959 0
2960 0
2961 0
2962 0
2963 0
2964 0
2965 0
2966 0
2967 0
2968 0
2969 0
2970 0
2971 0
2972 0
2973 0
2974 0
2975 0
2976 0
2977 0
2978 0
2979 0
2980 0
2981 0
2982 0
2983 0
2984 0
2985 0
2986 0
2987 0
2988 0
2989 0
2990 0
2991 0
2992 0
2993 0
2994 0
2995 0
2996 1
2997 0
2998 0
2999 0
3000 0
3001 0
3002 0
3003 0
3004 0
3005 0
3006 0
3007 0
3008 0
3009 0
3010 0
3011 1
3012 0
3013 0
3014 0
3015 0
3016 0
3017 0
3018 0
3019 0
3020 0
3021 0
3022 0
3023 0
3024 0
3025 0
3026 0
3027 0
3028 0
3029 0
3030 0
3031 0
3032 0
3033 0
3034 0
3035 0
3036 0
3037 1
3038 0
3039 0
3040 0
3041 0
3042 0
3043 0
3044 0
3045 0
3046 0
3047 0
3048 0
3049 0
3050 1
3051 0
3052 0
3053 0
3054 0
3055 0
3056 0
3057 0
3058 0
3059 0
3060 0
3061 0
3062 0
3063 0
3064 0
3065 0
3066 0
3067 0
3068 0
3069 0
3070 0
3071 0
3072 0
3073 0
3074 0
3075 0
3076 0
3077 0
3078 0
3079 0
3080 0
3081 0
3082 0
3083 0
3084 0
3085 0
3086 0
3087 0
3088 0
3089 0
3090 0
3091 0
3092 0
3093 0
3094 0
3095 0
3096 0
3097 0
3098 0
3099 0
3100 0
3101 0
3102 0
3103 0
3104 0
3105 0
3106 0
3107 0
3108 0
3109 0
3110 0
3111 0
3112 0
3113 0
3114 0
3115 0
3116 0
3117 0
3118 0
3119 0
3120 0
3121 0
3122 0
3123 0
3124 0
3125 0
3126 0
3127 0
3128 0
3129 1
3130 0
3131 0
3132 0
3133 0
3134 0
3135 0
3136 0
3137 0
3138 0
3139 0
3140 0
3141 0
3142 0
3143 0
3144 0
3145 0
3146 0
3147 1
3148 0
3149 0
3150 0
3151 0
3152 0
3153 0
3154 0
3155 0
3156 0
3157 0
3158 0
3159 0
3160 0
3161 0
3162 0
3163 0
3164 0
3165 0
3166 0
3167 0
3168 0
3169 0
3170 0
3171 0
3172 0
3173 0
3174 0
3175 0
3176 0
3177 0
3178 0
3179 0
3180 0
3181 0
3182 0
3183 0
3184 0
3185 0
3186 0
3187 0
3188 0
3189 0
3190 0
3191 0
3192 0
3193 0
3194 0
3195 0
3196 0
3197 0
3198 0
3199 0
3200 0
3201 0
3202 0
3203 0
3204 0
3205 0
3206 0
3207 0
3208 0
3209 0
3210 0
3211 0
3212 0
3213 0
3214 0
3215 0
3216 0
3217 0
3218 0
3219 0
3220 0
3221 0
3222 0
3223 0
3224 0
3225 0
3226 0
3227 0
3228 0
3229 0
3230 0
3231 0
3232 0
3233 0
3234 0
3235 0
3236 0
3237 0
3238 0
3239 0
3240 0
3241 0
3242 0
3243 0
3244 0
3245 0
3246 0
3247 0
3248 0
3249 0
3250 0
3251 0
3252 0
3253 0
3254 0
3255 0
3256 0
3257 0
3258 0
3259 0
3260 0
3261 0
3262 0
3263 0
3264 0
3265 0
3266 0
3267 0
3268 0
3269 0
3270 0
3271 0
3272 0
3273 0
3274 0
3275 0
3276 0
3277 0
3278 0
3279 0
3280 0
3281 0
3282 0
3283 0
3284 0
3285 0
3286 0
3287 0
3288 0
3289 0
3290 0
3291 0
3292 0
3293 0
3294 0
3295 0
3296 0
3297 0
3298 0
3299 0
3300 0
3301 0
3302 0
3303 0
3304 0
3305 0
3306 0
3307 0
3308 0
3309 0
3310 0
3311 0
3312 0
3313 0
3314 0
3315 0
3316 0
3317 0
3318 0
3319 0
3320 0
3321 0
3322 0
3323 0
3324 0
3325 0
3326 0
3327 0
3328 0
3329 0
3330 0
3331 0
3332 0
3333 0
3334 0
3335 0
3336 0
3337 0
3338 0
3339 0
3340 0
3341 0
3342 0
3343 0
3344 0
3345 0
3346 0
3347 0
3348 0
3349 0
3350 0
3351 0
3352 0
3353 0
3354 0
3355 0
3356 0
3357 0
3358 0
3359 0
3360 0
3361 0
3362 0
3363 0
3364 0
3365 0
3366 0
3367 0
3368 0
3369 0
3370 0
3371 0
3372 0
3373 0
3374 1
3375 0
3376 0
3377 0
3378 0
3379 0
3380 0
3381 0
3382 0
3383 0
3384 0
3385 0
3386 0
3387 0
3388 0
3389 0
3390 0
3391 0
3392 0
3393 0
3394 0
3395 0
3396 0
3397 0
3398 0
3399 0
3400 0
3401 0
3402 0
3403 0
3404 0
3405 0
3406 0
3407 0
3408 0
3409 0
3410 0
3411 0
3412 0
3413 0
3414 0
3415 0
3416 1
3417 0
3418 0
3419 0
3420 0
3421 0
3422 0
3423 0
3424 0
3425 0
3426 0
3427 0
3428 0
3429 0
3430 0
3431 0
3432 0
3433 0
3434 0
3435 1
3436 0
3437 0
3438 0
3439 0
3440 0
3441 0
3442 0
3443 0
3444 0
3445 0
3446 0
3447 0
3448 0
3449 0
3450 0
3451 0
3452 0
3453 0
3454 0
3455 0
3456 0
3457 0
3458 0
3459 0
3460 0
3461 0
3462 0
3463 0
3464 0
3465 0
3466 0
3467 0
3468 0
3469 0
3470 0
3471 0
3472 0
3473 0
3474 0
3475 0
3476 0
3477 0
3478 0
3479 0
3480 0
3481 0
3482 0
3483 0
3484 0
3485 0
3486 0
3487 0
3488 0
3489 0
3490 0
3491 0
3492 0
3493 0
3494 0
3495 0
3496 0
3497 0
3498 0
3499 0
3500 0
3501 0
3502 0
3503 0
3504 0
3505 0
3506 0
3507 0
3508 0
3509 0
3510 0
3511 0
3512 0
3513 0
3514 0
3515 0
3516 0
3517 0
3518 0
3519 0
3520 0
3521 0
3522 0
3523 0
3524 0
3525 0
3526 0
3527 0
3528 0
3529 0
3530 0
3531 0
3532 0
3533 0
3534 0
3535 0
3536 0
3537 0
3538 0
3539 0
3540 0
3541 0
3542 0
3543 0
3544 0
3545 0
3546 0
3547 0
3548 0
3549 0
3550 0
3551 0
3552 0
3553 0
3554 0
3555 0
3556 0
3557 0
3558 0
3559 0
3560 0
3561 0
3562 0
3563 0
3564 0
3565 0
3566 0
3567 0
3568 0
3569 0
3570 0
3571 0
3572 0
3573 0
3574 0
3575 0
3576 0
3577 0
3578 0
3579 0
3580 0
3581 0
3582 0
3583 0
3584 0
3585 0
3586 0
3587 0
3588 0
3589 0
3590 0
3591 0
3592 0
3593 0
3594 0
3595 0
3596 0
3597 0
3598 0
3599 0
3600 0
3601 0
3602 0
3603 0
3604 0
3605 0
3606 0
3607 0
3608 0
3609 0
3610 0
3611 0
3612 0
3613 0
3614 1
3615 0
3616 0
3617 0
3618 0
3619 0
3620 0
3621 0
3622 0
3623 0
3624 0
3625 0
3626 0
3627 0
3628 0
3629 0
3630 0
3631 0
3632 0
3633 0
3634 0
3635 0
3636 0
3637 0
3638 0
3639 0
3640 0
3641 0
3642 0
3643 0
3644 0
3645 0
3646 0
3647 0
3648 0
3649 1
3650 0
3651 0
3652 0
3653 0
3654 0
3655 0
3656 0
3657 0
3658 0
3659 0
3660 0
3661 0
3662 0
3663 0
3664 0
3665 0
3666 0
3667 0
3668 0
3669 0
3670 0
3671 0
3672 0
3673 0
3674 0
3675 0
3676 0
3677 0
3678 0
3679 0
3680 0
3681 0
3682 0
3683 0
3684 0
3685 0
3686 0
3687 1
3688 0
3689 0
3690 0
3691 0
3692 0
3693 0
3694 0
3695 0
3696 0
3697 0
3698 0
3699 0
3700 0
3701 0
3702 0
3703 0
3704 0
3705 0
3706 0
3707 0
3708 0
3709 0
3710 0
3711 0
3712 0
3713 0
3714 0
3715 0
3716 0
3717 0
3718 0
3719 0
3720 0
3721 0
3722 0
3723 0
3724 0
3725 0
3726 0
3727 0
3728 0
3729 0
3730 0
3731 0
3732 0
3733 0
3734 0
3735 0
3736 0
3737 0
3738 0
3739 0
3740 0
3741 0
3742 0
3743 0
3744 0
3745 0
3746 0
3747 0
3748 0
3749 0
3750 0
3751 0
3752 0
3753 0
3754 0
3755 0
3756 0
3757 0
3758 0
3759 0
3760 0
3761 0
3762 0
3763 0
3764 0
3765 0
3766 0
3767 0
3768 0
3769 0
3770 0
3771 0
3772 0
3773 0
3774 0
3775 0
3776 0
3777 0
3778 0
3779 0
3780 0
3781 0
3782 0
3783 0
3784 0
3785 0
3786 0
3787 0
3788 0
3789 0
3790 0
3791 0
3792 0
3793 0
3794 0
3795 0
3796 0
3797 0
3798 0
3799 0
3800 0
3801 0
3802 0
3803 0
3804 0
3805 0
3806 0
3807 0
3808 0
3809 0
3810 0
3811 0
3812 0
3813 0
3814 0
3815 0
3816 0
3817 0
3818 0
3819 0
3820 0
3821 0
3822 0
3823 0
3824 0
3825 0
3826 0
3827 0
3828 0
3829 0
3830 0
3831 0
3832 0
3833 0
3834 0
3835 0
3836 0
3837 0
3838 0
3839 0
3840 0
3841 0
3842 0
3843 0
3844 0
3845 0
3846 0
3847 0
3848 0
3849 0
3850 0
3851 0
3852 0
3853 0
3854 0
3855 0
3856 0
3857 0
3858 0
3859 0
3860 0
3861 0
3862 0
3863 0
3864 0
3865 0
3866 0
3867 0
3868 0
3869 0
3870 0
3871 0
3872 0
3873 0
3874 0
3875 0
3876 0
3877 0
3878 0
3879 0
3880 0
3881 0
3882 0
3883 0
3884 0
3885 0
3886 0
3887 0
3888 0
3889 0
3890 0
3891 0
3892 0
3893 0
3894 0
3895 0
3896 0
3897 0
3898 0
3899 0
3900 0
3901 0
3902 0
3903 0
3904 0
3905 0
3906 0
3907 0
3908 0
3909 0
3910 0
3911 0
3912 0
3913 0
3914 0
3915 0
3916 0
3917 0
3918 0
3919 0
3920 0
3921 0
3922 0
3923 0
3924 0
3925 0
3926 0
3927 0
3928 0
3929 0
3930 0
3931 0
3932 0
3933 0
3934 0
3935 0
3936 0
3937 0
3938 0
3939 0
3940 0
3941 0
3942 0
3943 0
3944 0
3945 0
3946 0
3947 0
3948 0
3949 0
3950 0
3951 0
3952 0
3953 0
3954 0
3955 0
3956 0
3957 0
3958 0
3959 0
3960 0
3961 0
3962 0
3963 0
3964 0
3965 0
3966 0
3967 0
3968 0
3969 0
3970 0
3971 0
3972 0
3973 0
3974 0
3975 0
3976 0
3977 0
3978 0
3979 0
3980 0
3981 0
3982 0
3983 0
3984 0
3985 0
3986 0
3987 0
3988 0
3989 0
3990 0
3991 0
3992 0
3993 0
3994 0
3995 0
3996 0
3997 0
3998 0
3999 0
4000 0
