0 0
1 0
2 0
3 0
4 0
5 0
6 0
7 0
8 0
9 0
10 0
11 0
12 0
13 0
14 0
15 0
16 0
17 0
18 0
19 0
20 0
21 0
22 0
23 0
24 0
25 0
26 0
27 0
28 0
29 0
30 0
31 0
32 0
33 0
34 0
35 0
36 0
37 0
38 0
39 0
40 0
41 0
42 0
43 0
44 0
45 0
46 0
47 0
48 0
49 0
50 0
51 0
52 0
53 0
54 0
55 0
56 0
57 0
58 0
59 0
60 0
61 0
62 0
63 0
64 0
65 0
66 0
67 0
68 0
69 0
70 0
71 0
72 0
73 0
74 0
75 0
76 0
77 0
78 0
79 0
80 0
81 0
82 0
83 0
84 0
85 0
86 0
87 0
88 0
89 0
90 0
91 0
92 0
93 0
94 0
95 0
96 0
97 0
98 0
99 0
100 0
101 0
102 0
103 0
104 0
105 0
106 0
107 0
108 0
109 0
110 0
111 0
112 0
113 0
114 0
115 0
116 0
117 0
118 0
119 0
120 0
121 0
122 0
123 0
124 0
125 0
126 0
127 0
128 0
129 0
130 0
131 0
132 0
133 0
134 0
135 0
136 0
137 0
138 0
139 0
140 0
141 0
142 0
143 0
144 0
145 0
146 0
147 0
148 0
149 0
150 0
151 0
152 1
153 1
154 2
155 6
156 6
157 5
158 3
159 2
160 2
161 1
162 5
163 4
164 2
165 10
166 6
167 1
168 8
169 4
170 2
171 6
172 8
173 10
174 6
175 7
176 21
177 46
178 87
179 133
180 158
181 168
182 211
183 254
184 310
185 466
186 630
187 1035
188 1731
189 2411
190 3225
191 3669
192 3863
193 3986
194 3870
195 3537
196 3206
197 2997
198 2677
199 2288
200 2096
201 1847
202 1699
203 1449
204 1354
205 1171
206 1115
207 996
208 964
209 887
210 784
211 748
212 738
213 737
214 661
215 653
216 638
217 574
218 672
219 692
220 685
221 716
222 679
223 690
224 686
225 684
226 723
227 721
228 739
229 715
230 734
231 738
232 675
233 733
234 681
235 732
236 735
237 740
238 769
239 738
240 779
241 746
242 823
243 774
244 747
245 758
246 807
247 754
248 830
249 802
250 803
251 781
252 788
253 795
254 776
255 822
256 853
257 816
258 881
259 800
260 836
261 804
262 817
263 815
264 851
265 859
266 850
267 900
268 856
269 821
270 834
271 874
272 882
273 852
274 881
275 915
276 867
277 889
278 951
279 842
280 885
281 903
282 825
283 886
284 865
285 844
286 858
287 896
288 872
289 899
290 843
291 887
292 910
293 908
294 910
295 910
296 922
297 949
298 935
299 900
300 920
301 914
302 926
303 971
304 921
305 922
306 915
307 926
308 976
309 944
310 973
311 909
312 924
313 935
314 953
315 1008
316 948
317 940
318 924
319 961
320 932
321 925
322 989
323 1005
324 946
325 1012
326 959
327 956
328 995
329 1067
330 1018
331 1020
332 985
333 1054
334 1004
335 1024
336 1020
337 1037
338 1009
339 978
340 985
341 1057
342 1002
343 1046
344 1049
345 1047
346 1023
347 1030
348 1076
349 1051
350 1061
351 1070
352 1026
353 1020
354 1064
355 1036
356 1108
357 1043
358 1060
359 1030
360 1073
361 1058
362 1084
363 1078
364 1082
365 1108
366 1099
367 1085
368 1090
369 1083
370 1071
371 1149
372 1085
373 1129
374 1109
375 1053
376 1121
377 1158
378 1104
379 1094
380 1131
381 1145
382 1113
383 1105
384 1135
385 1199
386 1197
387 1156
388 1126
389 1152
390 1232
391 1081
392 1246
393 1207
394 1134
395 1172
396 1106
397 1144
398 1199
399 1222
400 1201
401 1154
402 1247
403 1138
404 1237
405 1191
406 1230
407 1179
408 1250
409 1234
410 1264
411 1323
412 1171
413 1203
414 1225
415 1254
416 1248
417 1214
418 1265
419 1224
420 1243
421 1265
422 1282
423 1322
424 1246
425 1262
426 1278
427 1266
428 1318
429 1256
430 1255
431 1299
432 1270
433 1298
434 1269
435 1263
436 1298
437 1280
438 1187
439 1330
440 1334
441 1234
442 1335
443 1301
444 1288
445 1321
446 1272
447 1307
448 1368
449 1264
450 1310
451 1328
452 1314
453 1305
454 1293
455 1259
456 1272
457 1340
458 1306
459 1340
460 1338
461 1340
462 1264
463 1358
464 1256
465 1330
466 1323
467 1373
468 1292
469 1266
470 1338
471 1289
472 1289
473 1289
474 1308
475 1287
476 1343
477 1281
478 1316
479 1342
480 1338
481 1341
482 1335
483 1278
484 1278
485 1273
486 1272
487 1266
488 1333
489 1290
490 1291
491 1301
492 1353
493 1259
494 1302
495 1281
496 1217
497 1201
498 1274
499 1309
500 1267
501 1290
502 1244
503 1259
504 1287
505 1243
506 1309
507 1224
508 1187
509 1240
510 1271
511 1225
512 1236
513 1237
514 1259
515 1186
516 1178
517 1186
518 1184
519 1194
520 1169
521 1201
522 1243
523 1159
524 1242
525 1169
526 1184
527 1210
528 1159
529 1201
530 1189
531 1185
532 1168
533 1166
534 1143
535 1134
536 1134
537 1120
538 1146
539 1189
540 1098
541 1134
542 1143
543 1082
544 1058
545 1091
546 1147
547 1119
548 1088
549 1082
550 1050
551 1140
552 1012
553 1040
554 1063
555 1065
556 1015
557 1010
558 997
559 1058
560 1016
561 1045
562 1027
563 1034
564 990
565 1004
566 994
567 1006
568 940
569 1001
570 1002
571 1002
572 958
573 973
574 982
575 905
576 917
577 943
578 959
579 909
580 921
581 946
582 871
583 885
584 902
585 855
586 882
587 846
588 832
589 845
590 863
591 933
592 869
593 844
594 818
595 812
596 864
597 791
598 862
599 788
600 824
601 782
602 818
603 789
604 781
605 806
606 808
607 767
608 772
609 722
610 739
611 714
612 747
613 755
614 752
615 729
616 735
617 726
618 752
619 660
620 729
621 699
622 650
623 700
624 647
625 679
626 648
627 636
628 666
629 663
630 646
631 672
632 653
633 630
634 585
635 665
636 593
637 631
638 583
639 604
640 588
641 605
642 594
643 610
644 593
645 561
646 598
647 535
648 586
649 552
650 550
651 563
652 524
653 523
654 563
655 531
656 555
657 525
658 514
659 518
660 523
661 493
662 503
663 462
664 493
665 504
666 503
667 499
668 478
669 509
670 495
671 479
672 498
673 433
674 472
675 443
676 484
677 442
678 449
679 434
680 448
681 403
682 429
683 439
684 443
685 413
686 391
687 464
688 401
689 416
690 414
691 403
692 380
693 365
694 382
695 370
696 360
697 411
698 368
699 355
700 351
701 375
702 377
703 378
704 342
705 351
706 349
707 351
708 332
709 354
710 335
711 325
712 329
713 356
714 338
715 326
716 325
717 338
718 329
719 314
720 334
721 303
722 311
723 306
724 322
725 309
726 292
727 303
728 266
729 298
730 333
731 259
732 300
733 286
734 282
735 276
736 253
737 307
738 282
739 279
740 270
741 273
742 292
743 297
744 278
745 284
746 281
747 224
748 247
749 244
750 239
751 277
752 252
753 269
754 252
755 243
756 286
757 238
758 238
759 232
760 247
761 253
762 252
763 245
764 243
765 247
766 253
767 237
768 245
769 245
770 220
771 252
772 255
773 205
774 205
775 219
776 214
777 225
778 229
779 236
780 223
781 203
782 195
783 204
784 230
785 201
786 218
787 239
788 218
789 227
790 212
791 226
792 230
793 221
794 195
795 196
796 204
797 187
798 194
799 198
800 219
801 204
802 216
803 222
804 185
805 188
806 196
807 196
808 185
809 207
810 220
811 183
812 186
813 185
814 187
815 195
816 193
817 190
818 205
819 208
820 201
821 164
822 169
823 193
824 168
825 197
826 170
827 164
828 190
829 201
830 169
831 182
832 184
833 162
834 168
835 174
836 164
837 207
838 172
839 191
840 180
841 191
842 170
843 172
844 211
845 191
846 201
847 191
848 200
849 180
850 158
851 176
852 184
853 151
854 181
855 154
856 161
857 172
858 179
859 177
860 166
861 176
862 139
863 177
864 171
865 158
866 173
867 150
868 151
869 168
870 150
871 147
872 166
873 163
874 160
875 176
876 206
877 156
878 170
879 180
880 155
881 164
882 157
883 169
884 144
885 171
886 165
887 168
888 166
889 167
890 171
891 165
892 142
893 147
894 160
895 189
896 155
897 154
898 160
899 180
900 162
901 157
902 158
903 169
904 169
905 161
906 153
907 172
908 174
909 197
910 151
911 151
912 158
913 176
914 152
915 143
916 158
917 145
918 169
919 158
920 160
921 140
922 145
923 170
924 182
925 161
926 139
927 151
928 139
929 191
930 169
931 147
932 160
933 146
934 163
935 163
936 164
937 158
938 146
939 161
940 138
941 140
942 142
943 161
944 145
945 132
946 166
947 147
948 135
949 140
950 170
951 162
952 152
953 147
954 146
955 159
956 172
957 149
958 149
959 157
960 152
961 161
962 165
963 139
964 149
965 153
966 151
967 175
968 148
969 144
970 138
971 156
972 143
973 154
974 160
975 155
976 162
977 133
978 174
979 134
980 158
981 164
982 156
983 154
984 178
985 142
986 150
987 155
988 152
989 131
990 137
991 139
992 180
993 146
994 133
995 133
996 131
997 140
998 142
999 129
1000 164
1001 145
1002 133
1003 154
1004 153
1005 152
1006 147
1007 157
1008 134
1009 149
1010 145
1011 142
1012 136
1013 128
1014 173
1015 142
1016 150
1017 158
1018 154
1019 141
1020 149
1021 123
1022 124
1023 142
1024 135
1025 136
1026 157
1027 136
1028 136
1029 143
1030 138
1031 168
1032 134
1033 151
1034 135
1035 138
1036 139
1037 133
1038 136
1039 172
1040 139
1041 156
1042 144
1043 119
1044 150
1045 127
1046 143
1047 138
1048 142
1049 152
1050 151
1051 136
1052 131
1053 123
1054 135
1055 134
1056 130
1057 154
1058 127
1059 136
1060 126
1061 135
1062 140
1063 128
1064 131
1065 136
1066 129
1067 147
1068 145
1069 141
1070 136
1071 150
1072 131
1073 137
1074 122
1075 151
1076 133
1077 128
1078 141
1079 164
1080 148
1081 132
1082 143
1083 136
1084 137
1085 137
1086 148
1087 132
1088 126
1089 129
1090 142
1091 153
1092 129
1093 137
1094 128
1095 143
1096 130
1097 118
1098 114
1099 122
1100 128
1101 125
1102 122
1103 112
1104 140
1105 127
1106 129
1107 112
1108 120
1109 143
1110 125
1111 138
1112 137
1113 137
1114 137
1115 111
1116 141
1117 122
1118 124
1119 126
1120 117
1121 138
1122 128
1123 102
1124 119
1125 113
1126 133
1127 127
1128 123
1129 106
1130 124
1131 95
1132 139
1133 120
1134 111
1135 121
1136 131
1137 104
1138 115
1139 109
1140 118
1141 100
1142 120
1143 118
1144 111
1145 117
1146 124
1147 119
1148 134
1149 101
1150 119
1151 121
1152 112
1153 103
1154 122
1155 119
1156 122
1157 113
1158 118
1159 132
1160 119
1161 138
1162 109
1163 101
1164 99
1165 116
1166 112
1167 113
1168 114
1169 116
1170 110
1171 101
1172 131
1173 105
1174 105
1175 107
1176 120
1177 100
1178 121
1179 113
1180 108
1181 106
1182 117
1183 94
1184 101
1185 91
1186 111
1187 113
1188 114
1189 94
1190 109
1191 91
1192 105
1193 86
1194 99
1195 86
1196 104
1197 109
1198 91
1199 108
1200 109
1201 111
1202 103
1203 109
1204 109
1205 87
1206 86
1207 92
1208 105
1209 91
1210 97
1211 108
1212 115
1213 101
1214 72
1215 98
1216 80
1217 91
1218 98
1219 95
1220 107
1221 99
1222 94
1223 92
1224 99
1225 93
1226 85
1227 79
1228 85
1229 102
1230 102
1231 78
1232 96
1233 106
1234 99
1235 95
1236 79
1237 92
1238 84
1239 94
1240 82
1241 91
1242 81
1243 82
1244 90
1245 98
1246 76
1247 84
1248 79
1249 74
1250 79
1251 78
1252 102
1253 101
1254 75
1255 98
1256 63
1257 92
1258 100
1259 88
1260 86
1261 84
1262 96
1263 73
1264 74
1265 88
1266 83
1267 58
1268 75
1269 69
1270 78
1271 79
1272 87
1273 67
1274 82
1275 77
1276 61
1277 77
1278 86
1279 73
1280 80
1281 82
1282 97
1283 69
1284 69
1285 80
1286 70
1287 65
1288 74
1289 67
1290 67
1291 64
1292 76
1293 77
1294 78
1295 84
1296 74
1297 54
1298 66
1299 74
1300 80
1301 78
1302 71
1303 72
1304 64
1305 69
1306 64
1307 72
1308 57
1309 70
1310 55
1311 65
1312 78
1313 72
1314 66
1315 65
1316 83
1317 57
1318 57
1319 68
1320 65
1321 55
1322 63
1323 48
1324 77
1325 52
1326 53
1327 64
1328 69
1329 66
1330 54
1331 54
1332 50
1333 62
1334 53
1335 62
1336 60
1337 67
1338 57
1339 64
1340 62
1341 66
1342 67
1343 71
1344 58
1345 46
1346 69
1347 69
1348 72
1349 54
1350 57
1351 48
1352 57
1353 52
1354 53
1355 57
1356 57
1357 48
1358 42
1359 60
1360 47
1361 46
1362 63
1363 61
1364 43
1365 45
1366 38
1367 48
1368 48
1369 49
1370 53
1371 61
1372 47
1373 50
1374 52
1375 50
1376 40
1377 62
1378 57
1379 45
1380 47
1381 52
1382 49
1383 50
1384 42
1385 39
1386 52
1387 60
1388 41
1389 48
1390 39
1391 45
1392 50
1393 53
1394 37
1395 42
1396 51
1397 56
1398 43
1399 53
1400 49
1401 46
1402 53
1403 56
1404 34
1405 43
1406 45
1407 46
1408 42
1409 54
1410 34
1411 40
1412 53
1413 30
1414 43
1415 37
1416 41
1417 31
1418 42
1419 40
1420 36
1421 31
1422 36
1423 40
1424 36
1425 39
1426 43
1427 44
1428 26
1429 41
1430 38
1431 42
1432 41
1433 29
1434 32
1435 37
1436 40
1437 38
1438 43
1439 35
1440 43
1441 41
1442 28
1443 38
1444 30
1445 44
1446 38
1447 40
1448 27
1449 40
1450 38
1451 29
1452 40
1453 34
1454 30
1455 25
1456 41
1457 33
1458 30
1459 38
1460 32
1461 39
1462 35
1463 46
1464 30
1465 36
1466 35
1467 27
1468 39
1469 38
1470 31
1471 39
1472 28
1473 32
1474 27
1475 42
1476 37
1477 30
1478 46
1479 32
1480 41
1481 31
1482 34
1483 35
1484 37
1485 27
1486 29
1487 22
1488 25
1489 35
1490 36
1491 36
1492 23
1493 32
1494 29
1495 31
1496 31
1497 27
1498 33
1499 26
1500 36
1501 28
1502 23
1503 35
1504 34
1505 28
1506 27
1507 33
1508 24
1509 28
1510 18
1511 25
1512 27
1513 30
1514 36
1515 32
1516 19
1517 27
1518 32
1519 29
1520 25
1521 25
1522 37
1523 25
1524 33
1525 32
1526 25
1527 27
1528 27
1529 30
1530 23
1531 22
1532 15
1533 33
1534 25
1535 30
1536 16
1537 30
1538 29
1539 21
1540 26
1541 21
1542 22
1543 24
1544 33
1545 31
1546 20
1547 27
1548 26
1549 22
1550 18
1551 27
1552 20
1553 24
1554 22
1555 17
1556 20
1557 10
1558 18
1559 19
1560 18
1561 18
1562 25
1563 22
1564 24
1565 20
1566 21
1567 25
1568 16
1569 23
1570 25
1571 15
1572 17
1573 21
1574 28
1575 21
1576 15
1577 19
1578 24
1579 21
1580 13
1581 16
1582 19
1583 16
1584 22
1585 20
1586 15
1587 11
1588 18
1589 15
1590 17
1591 12
1592 17
1593 17
1594 24
1595 12
1596 19
1597 15
1598 15
1599 13
1600 25
1601 14
1602 16
1603 21
1604 15
1605 16
1606 9
1607 15
1608 16
1609 14
1610 22
1611 22
1612 21
1613 25
1614 14
1615 20
1616 22
1617 22
1618 15
1619 14
1620 19
1621 9
1622 19
1623 21
1624 15
1625 10
1626 21
1627 14
1628 17
1629 11
1630 15
1631 19
1632 20
1633 18
1634 17
1635 20
1636 7
1637 18
1638 19
1639 10
1640 16
1641 19
1642 12
1643 15
1644 18
1645 10
1646 12
1647 14
1648 18
1649 15
1650 14
1651 17
1652 11
1653 15
1654 17
1655 13
1656 18
1657 18
1658 19
1659 16
1660 8
1661 20
1662 18
1663 13
1664 13
1665 9
1666 9
1667 9
1668 12
1669 10
1670 7
1671 11
1672 17
1673 8
1674 11
1675 9
1676 10
1677 10
1678 14
1679 7
1680 13
1681 11
1682 13
1683 8
1684 10
1685 15
1686 13
1687 11
1688 12
1689 6
1690 11
1691 10
1692 11
1693 13
1694 13
1695 7
1696 11
1697 14
1698 7
1699 11
1700 11
1701 5
1702 12
1703 6
1704 9
1705 9
1706 16
1707 8
1708 10
1709 10
1710 10
1711 10
1712 6
1713 12
1714 8
1715 9
1716 7
1717 8
1718 7
1719 7
1720 8
1721 11
1722 15
1723 13
1724 11
1725 8
1726 5
1727 7
1728 10
1729 6
1730 10
1731 9
1732 11
1733 13
1734 7
1735 9
1736 8
1737 11
1738 4
1739 7
1740 8
1741 7
1742 8
1743 7
1744 3
1745 6
1746 11
1747 8
1748 6
1749 11
1750 11
1751 5
1752 7
1753 10
1754 6
1755 7
1756 13
1757 4
1758 10
1759 7
1760 7
1761 4
1762 5
1763 8
1764 7
1765 5
1766 4
1767 6
1768 10
1769 6
1770 9
1771 8
1772 5
1773 9
1774 9
1775 4
1776 8
1777 9
1778 8
1779 6
1780 9
1781 3
1782 8
1783 7
1784 10
1785 4
1786 4
1787 7
1788 4
1789 6
1790 6
1791 7
1792 7
1793 3
1794 6
1795 8
1796 11
1797 7
1798 7
1799 10
1800 4
1801 2
1802 7
1803 1
1804 7
1805 3
1806 4
1807 3
1808 1
1809 8
1810 4
1811 6
1812 3
1813 1
1814 6
1815 8
1816 10
1817 11
1818 5
1819 7
1820 3
1821 4
1822 10
1823 6
1824 4
1825 6
1826 7
1827 6
1828 4
1829 7
1830 2
1831 5
1832 3
1833 1
1834 6
1835 7
1836 6
1837 4
1838 4
1839 2
1840 6
1841 3
1842 3
1843 5
1844 1
1845 4
1846 3
1847 7
1848 5
1849 5
1850 2
1851 2
1852 3
1853 3
1854 2
1855 3
1856 3
1857 2
1858 4
1859 5
1860 1
1861 3
1862 3
1863 5
1864 10
1865 4
1866 5
1867 0
1868 3
1869 4
1870 2
1871 0
1872 4
1873 4
1874 3
1875 3
1876 1
1877 2
1878 3
1879 4
1880 0
1881 5
1882 1
1883 4
1884 4
1885 5
1886 4
1887 5
1888 3
1889 5
1890 0
1891 0
1892 5
1893 4
1894 2
1895 2
1896 1
1897 4
1898 3
1899 2
1900 1
1901 3
1902 5
1903 5
1904 2
1905 4
1906 2
1907 1
1908 1
1909 2
1910 4
1911 3
1912 1
1913 2
1914 1
1915 4
1916 3
1917 1
1918 6
1919 1
1920 0
1921 5
1922 4
1923 3
1924 4
1925 3
1926 1
1927 3
1928 2
1929 4
1930 2
1931 1
1932 5
1933 0
1934 1
1935 1
1936 1
1937 6
1938 2
1939 3
1940 3
1941 2
1942 1
1943 2
1944 1
1945 3
1946 3
1947 2
1948 1
1949 2
1950 4
1951 0
1952 2
1953 4
1954 1
1955 1
1956 4
1957 1
1958 6
1959 1
1960 1
1961 1
1962 2
1963 3
1964 2
1965 1
1966 2
1967 3
1968 2
1969 2
1970 2
1971 3
1972 1
1973 2
1974 1
1975 2
1976 0
1977 2
1978 0
1979 3
1980 0
1981 0
1982 1
1983 2
1984 3
1985 1
1986 3
1987 3
1988 2
1989 1
1990 1
1991 2
1992 0
1993 3
1994 3
1995 1
1996 1
1997 1
1998 2
1999 2
2000 1
2001 2
2002 1
2003 1
2004 0
2005 2
2006 2
2007 2
2008 1
2009 3
2010 1
2011 2
2012 1
2013 1
2014 1
2015 0
2016 0
2017 0
2018 1
2019 3
2020 0
2021 4
2022 0
2023 3
2024 0
2025 3
2026 0
2027 2
2028 1
2029 3
2030 2
2031 3
2032 1
2033 1
2034 0
2035 0
2036 0
2037 1
2038 0
2039 2
2040 2
2041 3
2042 3
2043 3
2044 1
2045 1
2046 1
2047 3
2048 0
2049 1
2050 0
2051 2
2052 3
2053 2
2054 4
2055 1
2056 0
2057 1
2058 0
2059 1
2060 2
2061 1
2062 4
2063 1
2064 0
2065 2
2066 1
2067 0
2068 1
2069 2
2070 0
2071 1
2072 0
2073 0
2074 0
2075 0
2076 2
2077 0
2078 1
2079 1
2080 3
2081 1
2082 0
2083 3
2084 1
2085 0
2086 1
2087 1
2088 2
2089 0
2090 1
2091 0
2092 2
2093 0
2094 3
2095 1
2096 1
2097 0
2098 0
2099 0
2100 3
2101 1
2102 0
2103 2
2104 4
2105 0
2106 3
2107 1
2108 0
2109 0
2110 0
2111 1
2112 2
2113 0
2114 1
2115 1
2116 0
2117 0
2118 1
2119 1
2120 1
2121 0
2122 1
2123 1
2124 0
2125 2
2126 0
2127 0
2128 1
2129 0
2130 2
2131 0
2132 2
2133 0
2134 1
2135 2
2136 1
2137 0
2138 0
2139 0
2140 1
2141 0
2142 1
2143 0
2144 1
2145 0
2146 0
2147 0
2148 0
2149 0
2150 2
2151 0
2152 0
2153 0
2154 0
2155 3
2156 0
2157 1
2158 0
2159 0
2160 0
2161 0
2162 0
2163 0
2164 0
2165 1
2166 0
2167 1
2168 0
2169 0
2170 0
2171 0
2172 1
2173 1
2174 0
2175 0
2176 1
2177 1
2178 0
2179 1
2180 2
2181 1
2182 1
2183 2
2184 0
2185 0
2186 1
2187 0
2188 0
2189 0
2190 0
2191 0
2192 2
2193 0
2194 0
2195 1
2196 1
2197 1
2198 0
2199 0
2200 0
2201 0
2202 0
2203 0
2204 1
2205 0
2206 1
2207 0
2208 0
2209 1
2210 1
2211 0
2212 0
2213 0
2214 0
2215 0
2216 0
2217 0
2218 0
2219 0
2220 0
2221 0
2222 0
2223 1
2224 1
2225 1
2226 0
2227 1
2228 0
2229 0
2230 0
2231 0
2232 0
2233 0
2234 0
2235 0
2236 0
2237 0
2238 0
2239 0
2240 0
2241 1
2242 0
2243 1
2244 0
2245 1
2246 1
2247 1
2248 1
2249 0
2250 0
2251 0
2252 1
2253 0
2254 0
2255 0
2256 0
2257 0
2258 1
2259 0
2260 1
2261 0
2262 0
2263 1
2264 1
2265 1
2266 0
2267 0
2268 0
2269 1
2270 0
2271 1
2272 0
2273 0
2274 0
2275 0
2276 0
2277 1
2278 1
2279 1
2280 1
2281 0
2282 0
2283 0
2284 0
2285 0
2286 0
2287 0
2288 0
2289 0
2290 0
2291 1
2292 1
2293 0
2294 1
2295 0
2296 0
2297 0
2298 1
2299 0
2300 0
2301 0
2302 0
2303 0
2304 0
2305 0
2306 0
2307 0
2308 0
2309 0
2310 0
2311 0
2312 0
2313 0
2314 0
2315 0
2316 0
2317 0
2318 1
2319 1
2320 0
2321 0
2322 0
2323 2
2324 1
2325 1
2326 0
2327 0
2328 0
2329 0
2330 1
2331 0
2332 1
2333 0
2334 1
2335 0
2336 0
2337 0
2338 0
2339 0
2340 0
2341 0
2342 0
2343 0
2344 0
2345 0
2346 1
2347 0
2348 0
2349 1
2350 0
2351 0
2352 0
2353 1
2354 0
2355 1
2356 1
2357 0
2358 0
2359 0
2360 0
2361 0
2362 0
2363 0
2364 0
2365 0
2366 0
2367 1
2368 0
2369 0
2370 0
2371 0
2372 2
2373 0
2374 0
2375 0
2376 0
2377 0
2378 0
2379 0
2380 0
2381 0
2382 0
2383 0
2384 0
2385 0
2386 2
2387 1
2388 1
2389 1
2390 0
2391 0
2392 0
2393 1
2394 0
2395 0
2396 0
2397 0
2398 0
2399 0
2400 0
2401 0
2402 0
2403 0
2404 0
2405 0
2406 0
2407 0
2408 0
2409 0
2410 1
2411 0
2412 0
2413 0
2414 0
2415 0
2416 0
2417 0
2418 0
2419 1
2420 0
2421 1
2422 0
2423 0
2424 0
2425 0
2426 0
2427 0
2428 1
2429 0
2430 0
2431 0
2432 0
2433 0
2434 0
2435 0
2436 0
2437 0
2438 0
2439 0
2440 0
2441 0
2442 0
2443 0
2444 0
2445 0
2446 0
2447 1
2448 0
2449 0
2450 0
2451 0
2452 0
2453 0
2454 0
2455 2
2456 1
2457 0
2458 0
2459 0
2460 0
2461 0
2462 0
2463 1
2464 0
2465 1
2466 0
2467 0
2468 0
2469 0
2470 0
2471 0
2472 0
2473 0
2474 0
2475 0
2476 0
2477 0
2478 1
2479 0
2480 0
2481 0
2482 0
2483 0
2484 0
2485 0
2486 0
2487 0
2488 1
2489 0
2490 0
2491 0
2492 0
2493 0
2494 0
2495 0
2496 0
2497 0
2498 0
2499 0
2500 0
2501 0
2502 0
2503 0
2504 0
2505 0
2506 0
2507 0
2508 0
2509 0
2510 0
2511 0
2512 0
2513 0
2514 0
2515 0
2516 0
2517 0
2518 0
2519 0
2520 0
2521 0
2522 0
2523 0
2524 1
2525 0
2526 0
2527 1
2528 0
2529 0
2530 0
2531 0
2532 0
2533 0
2534 0
2535 0
2536 0
2537 0
2538 0
2539 0
2540 0
2541 0
2542 0
2543 0
2544 0
2545 0
2546 0
2547 0
2548 0
2549 0
2550 0
2551 0
2552 0
2553 0
2554 0
2555 0
2556 0
2557 0
2558 1
2559 0
2560 0
2561 0
2562 0
2563 0
2564 0
2565 0
2566 0
2567 0
2568 0
2569 0
2570 0
2571 0
2572 1
2573 1
2574 0
2575 0
2576 0
2577 0
2578 0
2579 0
2580 1
2581 0
2582 0
2583 0
2584 0
2585 0
2586 0
2587 0
2588 0
2589 0
2590 0
2591 0
2592 0
2593 0
2594 0
2595 0
2596 0
2597 0
2598 0
2599 0
2600 0
2601 0
2602 0
2603 0
2604 0
2605 0
2606 0
2607 0
2608 0
2609 0
2610 0
2611 0
2612 0
2613 2
2614 0
2615 0
2616 0
2617 0
2618 0
2619 0
2620 0
2621 0
2622 0
2623 0
2624 0
2625 0
2626 0
2627 0
2628 0
2629 0
2630 0
2631 0
2632 0
2633 0
2634 0
2635 0
2636 0
2637 0
2638 0
2639 0
2640 0
2641 0
2642 0
2643 0
2644 0
2645 0
2646 0
2647 0
2648 0
2649 0
2650 0
2651 0
2652 0
2653 0
2654 0
2655 0
2656 0
2657 0
2658 0
2659 0
2660 0
2661 0
2662 0
2663 0
2664 0
2665 1
2666 0
2667 0
2668 0
2669 0
2670 0
2671 0
2672 0
2673 0
2674 0
2675 0
2676 0
2677 0
2678 0
2679 1
2680 0
2681 0
2682 0
2683 0
2684 0
2685 0
2686 0
2687 0
2688 0
2689 0
2690 0
2691 0
2692 0
2693 0
2694 0
2695 0
2696 0
2697 0
2698 0
2699 0
2700 0
2701 0
2702 0
2703 0
2704 0
2705 0
2706 0
2707 0
2708 0
2709 0
2710 0
2711 0
2712 0
2713 0
2714 0
2715 0
2716 0
2717 0
2718 0
2719 0
2720 0
2721 0
2722 0
2723 0
2724 0
2725 1
2726 0
2727 0
2728 0
2729 0
2730 0
2731 0
2732 0
2733 0
2734 0
2735 0
2736 0
2737 0
2738 0
2739 0
2740 0
2741 0
2742 0
2743 0
2744 0
2745 0
2746 0
2747 0
2748 0
2749 0
2750 0
2751 0
2752 0
2753 0
2754 0
2755 0
2756 0
2757 0
2758 0
2759 0
2760 0
2761 0
2762 0
2763 0
2764 0
2765 0
2766 0
2767 0
2768 0
2769 0
2770 0
2771 0
2772 0
2773 0
2774 0
2775 0
2776 0
2777 0
2778 0
2779 1
2780 0
2781 0
2782 0
2783 0
2784 0
2785 0
2786 0
2787 0
2788 0
2789 0
2790 0
2791 0
2792 0
2793 0
2794 0
2795 0
2796 0
2797 0
2798 0
2799 0
2800 0
2801 0
2802 0
2803 0
2804 0
2805 0
2806 0
2807 0
2808 0
2809 0
2810 0
2811 0
2812 0
2813 0
2814 0
2815 0
2816 0
2817 0
2818 0
2819 0
2820 0
2821 0
2822 0
2823 0
2824 0
2825 0
2826 0
2827 0
2828 0
2829 0
2830 0
2831 0
2832 0
2833 0
2834 0
2835 0
2836 0
2837 0
2838 0
2839 0
2840 0
2841 0
2842 0
2843 0
2844 0
2845 1
2846 0
2847 0
2848 0
2849 0
2850 0
2851 0
2852 0
2853 0
2854 0
2855 0
2856 0
2857 0
2858 0
2859 0
2860 0
2861 0
2862 0
2863 0
2864 0
2865 0
2866 0
2867 0
2868 0
2869 0
2870 0
2871 0
2872 0
2873 0
2874 0
2875 0
2876 0
2877 0
2878 0
2879 0
2880 0
2881 0
2882 0
2883 0
2884 0
2885 0
2886 0
2887 0
2888 0
2889 0
2890 0
2891 0
2892 0
2893 0
2894 0
2895 0
2896 0
2897 0
2898 0
2899 0
2900 0
2901 0
2902 0
2903 0
2904 1
2905 0
2906 0
2907 0
2908 0
2909 0
2910 0
2911 0
2912 0
2913 0
2914 0
2915 0
2916 0
2917 0
2918 0
2919 0
2920 0
2921 0
2922 0
2923 0
2924 0
2925 1
2926 0
2927 0
2928 0
2929 0
2930 0
2931 0
2932 0
2933 0
2934 0
2935 0
2936 0
2937 0
2938 0
2939 0
2940 0
2941 0
2942 0
2943 0
2944 0
2945 0
2946 0
2947 0
2948 0
2949 0
2950 0
2951 0
2952 0
2953 0
2954 0
2955 0
2956 0
2957 0
2958 0
2959 0
2960 0
2961 0
2962 0
2963 0
2964 0
2965 0
2966 0
2967 0
2968 0
2969 0
2970 0
2971 0
2972 0
2973 0
2974 0
2975 0
2976 0
2977 0
2978 0
2979 0
2980 0
2981 0
2982 0
2983 0
2984 0
2985 0
2986 0
2987 0
2988 0
2989 0
2990 0
2991 0
2992 0
2993 0
2994 0
2995 0
2996 0
2997 0
2998 0
2999 0
3000 0
3001 0
3002 0
3003 0
3004 0
3005 0
3006 0
3007 0
3008 0
3009 0
3010 0
3011 0
3012 0
3013 0
3014 0
3015 0
3016 0
3017 0
3018 0
3019 0
3020 0
3021 0
3022 0
3023 0
3024 0
3025 0
3026 0
3027 0
3028 0
3029 0
3030 0
3031 0
3032 0
3033 0
3034 0
3035 0
3036 0
3037 0
3038 0
3039 0
3040 0
3041 0
3042 0
3043 0
3044 0
3045 0
3046 0
3047 0
3048 0
3049 0
3050 0
3051 0
3052 0
3053 0
3054 0
3055 0
3056 0
3057 0
3058 0
3059 0
3060 0
3061 0
3062 0
3063 0
3064 0
3065 0
3066 0
3067 0
3068 0
3069 0
3070 0
3071 0
3072 0
3073 0
3074 0
3075 0
3076 0
3077 0
3078 0
3079 0
3080 0
3081 0
3082 0
3083 0
3084 0
3085 0
3086 0
3087 0
3088 0
3089 0
3090 0
3091 0
3092 0
3093 0
3094 0
3095 0
3096 0
3097 0
3098 0
3099 0
3100 0
3101 0
3102 0
3103 0
3104 0
3105 0
3106 0
3107 0
3108 0
3109 0
3110 0
3111 0
3112 0
3113 0
3114 0
3115 0
3116 0
3117 0
3118 0
3119 0
3120 0
3121 0
3122 0
3123 0
3124 0
3125 0
3126 0
3127 0
3128 0
3129 0
3130 0
3131 0
3132 0
3133 0
3134 0
3135 0
3136 0
3137 0
3138 0
3139 0
3140 0
3141 0
3142 0
3143 0
3144 0
3145 0
3146 0
3147 0
3148 1
3149 0
3150 0
3151 0
3152 0
3153 0
3154 0
3155 0
3156 0
3157 0
3158 0
3159 0
3160 0
3161 0
3162 0
3163 0
3164 0
3165 0
3166 0
3167 0
3168 0
3169 0
3170 0
3171 0
3172 0
3173 0
3174 0
3175 0
3176 0
3177 0
3178 0
3179 0
3180 0
3181 0
3182 0
3183 0
3184 0
3185 0
3186 0
3187 0
3188 0
3189 0
3190 0
3191 0
3192 0
3193 0
3194 0
3195 0
3196 0
3197 0
3198 0
3199 0
3200 0
3201 0
3202 0
3203 0
3204 0
3205 0
3206 0
3207 0
3208 0
3209 0
3210 0
3211 0
3212 0
3213 0
3214 0
3215 0
3216 0
3217 0
3218 0
3219 0
3220 0
3221 0
3222 0
3223 0
3224 0
3225 0
3226 0
3227 0
3228 0
3229 0
3230 0
3231 0
3232 0
3233 0
3234 0
3235 0
3236 0
3237 0
3238 0
3239 0
3240 0
3241 0
3242 0
3243 0
3244 0
3245 0
3246 0
3247 0
3248 0
3249 0
3250 0
3251 0
3252 0
3253 0
3254 0
3255 0
3256 0
3257 0
3258 0
3259 0
3260 0
3261 0
3262 0
3263 0
3264 0
3265 0
3266 0
3267 0
3268 0
3269 0
3270 0
3271 0
3272 0
3273 0
3274 0
3275 0
3276 0
3277 0
3278 0
3279 0
3280 0
3281 0
3282 1
3283 0
3284 0
3285 0
3286 0
3287 0
3288 0
3289 0
3290 0
3291 1
3292 0
3293 0
3294 0
3295 0
3296 0
3297 0
3298 0
3299 0
3300 0
3301 0
3302 0
3303 0
3304 0
3305 0
3306 0
3307 0
3308 0
3309 0
3310 0
3311 0
3312 0
3313 0
3314 0
3315 0
3316 0
3317 0
3318 0
3319 0
3320 0
3321 0
3322 1
3323 0
3324 0
3325 0
3326 0
3327 0
3328 0
3329 0
3330 0
3331 0
3332 0
3333 0
3334 0
3335 0
3336 0
3337 0
3338 0
3339 0
3340 0
3341 0
3342 0
3343 0
3344 0
3345 0
3346 0
3347 0
3348 0
3349 0
3350 0
3351 0
3352 0
3353 0
3354 0
3355 0
3356 0
3357 0
3358 0
3359 0
3360 0
3361 0
3362 0
3363 0
3364 0
3365 0
3366 0
3367 0
3368 0
3369 0
3370 0
3371 0
3372 0
3373 0
3374 0
3375 0
3376 0
3377 0
3378 0
3379 0
3380 0
3381 0
3382 0
3383 0
3384 0
3385 0
3386 0
3387 0
3388 0
3389 0
3390 0
3391 0
3392 0
3393 0
3394 0
3395 0
3396 0
3397 0
3398 0
3399 0
3400 0
3401 0
3402 0
3403 0
3404 0
3405 0
3406 0
3407 0
3408 0
3409 0
3410 0
3411 0
3412 0
3413 0
3414 0
3415 0
3416 0
3417 0
3418 0
3419 0
3420 0
3421 0
3422 0
3423 0
3424 0
3425 0
3426 0
3427 0
3428 0
3429 0
3430 0
3431 0
3432 0
3433 0
3434 0
3435 0
3436 0
3437 0
3438 0
3439 0
3440 0
3441 0
3442 0
3443 0
3444 0
3445 0
3446 0
3447 0
3448 0
3449 0
3450 0
3451 0
3452 0
3453 0
3454 0
3455 0
3456 0
3457 0
3458 0
3459 0
3460 0
3461 0
3462 0
3463 0
3464 0
3465 0
3466 0
3467 0
3468 0
3469 0
3470 0
3471 0
3472 0
3473 0
3474 0
3475 0
3476 0
3477 0
3478 0
3479 0
3480 0
3481 0
3482 0
3483 0
3484 0
3485 0
3486 0
3487 0
3488 0
3489 0
3490 0
3491 0
3492 0
3493 0
3494 0
3495 0
3496 0
3497 0
3498 0
3499 0
3500 0
3501 0
3502 0
3503 0
3504 0
3505 0
3506 0
3507 0
3508 0
3509 0
3510 0
3511 0
3512 0
3513 0
3514 0
3515 0
3516 0
3517 0
3518 0
3519 0
3520 0
3521 0
3522 0
3523 0
3524 0
3525 0
3526 0
3527 0
3528 0
3529 0
3530 0
3531 0
3532 0
3533 0
3534 0
3535 0
3536 0
3537 0
3538 0
3539 0
3540 0
3541 0
3542 0
3543 0
3544 0
3545 0
3546 0
3547 0
3548 0
3549 0
3550 0
3551 0
3552 0
3553 0
3554 0
3555 0
3556 0
3557 1
3558 0
3559 0
3560 0
3561 0
3562 0
3563 0
3564 0
3565 0
3566 0
3567 0
3568 0
3569 0
3570 0
3571 0
3572 0
3573 0
3574 0
3575 0
3576 0
3577 0
3578 0
3579 0
3580 0
3581 0
3582 0
3583 0
3584 0
3585 0
3586 0
3587 0
3588 0
3589 0
3590 0
3591 0
3592 0
3593 0
3594 0
3595 0
3596 0
3597 0
3598 0
3599 0
3600 1
3601 0
3602 0
3603 0
3604 0
3605 0
3606 0
3607 0
3608 0
3609 0
3610 0
3611 0
3612 0
3613 0
3614 0
3615 0
3616 0
3617 0
3618 0
3619 0
3620 0
3621 0
3622 0
3623 0
3624 0
3625 0
3626 0
3627 0
3628 0
3629 0
3630 0
3631 0
3632 0
3633 0
3634 0
3635 0
3636 0
3637 0
3638 0
3639 0
3640 0
3641 0
3642 0
3643 1
3644 0
3645 0
3646 0
3647 0
3648 0
3649 1
3650 0
3651 0
3652 0
3653 0
3654 0
3655 0
3656 0
3657 0
3658 0
3659 0
3660 0
3661 0
3662 0
3663 0
3664 0
3665 0
3666 0
3667 1
3668 0
3669 0
3670 0
3671 0
3672 0
3673 0
3674 0
3675 0
3676 0
3677 0
3678 0
3679 0
3680 0
3681 0
3682 0
3683 0
3684 0
3685 0
3686 0
3687 0
3688 0
3689 0
3690 0
3691 0
3692 0
3693 0
3694 0
3695 0
3696 0
3697 0
3698 0
3699 0
3700 0
3701 0
3702 0
3703 0
3704 0
3705 0
3706 0
3707 0
3708 0
3709 0
3710 0
3711 0
3712 0
3713 0
3714 0
3715 0
3716 0
3717 0
3718 0
3719 0
3720 0
3721 0
3722 0
3723 0
3724 0
3725 0
3726 0
3727 0
3728 0
3729 0
3730 0
3731 0
3732 0
3733 0
3734 0
3735 0
3736 0
3737 0
3738 0
3739 0
3740 0
3741 0
3742 0
3743 0
3744 0
3745 0
3746 0
3747 0
3748 0
3749 0
3750 0
3751 0
3752 0
3753 0
3754 1
3755 0
3756 0
3757 0
3758 0
3759 0
3760 0
3761 0
3762 0
3763 0
3764 0
3765 0
3766 0
3767 0
3768 0
3769 0
3770 0
3771 0
3772 0
3773 0
3774 0
3775 0
3776 0
3777 0
3778 0
3779 0
3780 0
3781 0
3782 0
3783 0
3784 0
3785 0
3786 0
3787 0
3788 0
3789 0
3790 0
3791 0
3792 0
3793 1
3794 0
3795 0
3796 0
3797 0
3798 0
3799 0
3800 0
3801 0
3802 0
3803 0
3804 0
3805 0
3806 0
3807 0
3808 0
3809 0
3810 0
3811 0
3812 0
3813 0
3814 0
3815 0
3816 0
3817 0
3818 0
3819 0
3820 0
3821 0
3822 0
3823 0
3824 0
3825 0
3826 0
3827 0
3828 0
3829 0
3830 0
3831 0
3832 0
3833 0
3834 0
3835 0
3836 0
3837 0
3838 0
3839 0
3840 0
3841 0
3842 0
3843 0
3844 0
3845 0
3846 1
3847 1
3848 0
3849 0
3850 1
3851 0
3852 0
3853 0
3854 0
3855 1
3856 0
3857 0
3858 0
3859 0
3860 0
3861 0
3862 0
3863 0
3864 0
3865 0
3866 0
3867 0
3868 0
3869 0
3870 0
3871 0
3872 0
3873 0
3874 0
3875 0
3876 0
3877 0
3878 0
3879 0
3880 0
3881 0
3882 0
3883 0
3884 0
3885 0
3886 0
3887 0
3888 0
3889 1
3890 0
3891 0
3892 0
3893 0
3894 0
3895 0
3896 0
3897 0
3898 0
3899 0
3900 0
3901 0
3902 0
3903 0
3904 0
3905 0
3906 0
3907 0
3908 0
3909 0
3910 0
3911 0
3912 0
3913 0
3914 0
3915 0
3916 0
3917 0
3918 0
3919 0
3920 0
3921 0
3922 0
3923 0
3924 0
3925 0
3926 0
3927 0
3928 0
3929 0
3930 0
3931 0
3932 0
3933 0
3934 0
3935 0
3936 0
3937 0
3938 0
3939 0
3940 0
3941 0
3942 0
3943 0
3944 0
3945 0
3946 0
3947 0
3948 0
3949 0
3950 0
3951 0
3952 0
3953 0
3954 0
3955 0
3956 0
3957 0
3958 0
3959 0
3960 0
3961 0
3962 0
3963 0
3964 0
3965 0
3966 0
3967 1
3968 0
3969 0
3970 0
3971 0
3972 0
3973 0
3974 0
3975 0
3976 0
3977 0
3978 0
3979 0
3980 0
3981 0
3982 0
3983 0
3984 0
3985 0
3986 0
3987 0
3988 0
3989 0
3990 0
3991 0
3992 0
3993 0
3994 0
3995 0
3996 0
3997 0
3998 0
3999 0
4000 0
