0 0
1 0
2 0
3 0
4 0
5 0
6 0
7 0
8 0
9 0
10 0
11 0
12 0
13 0
14 0
15 0
16 0
17 0
18 0
19 0
20 0
21 0
22 0
23 0
24 0
25 0
26 0
27 0
28 0
29 0
30 0
31 0
32 0
33 0
34 0
35 0
36 0
37 0
38 0
39 0
40 0
41 0
42 0
43 0
44 0
45 0
46 0
47 0
48 0
49 0
50 0
51 0
52 0
53 0
54 0
55 0
56 0
57 0
58 0
59 0
60 0
61 0
62 0
63 0
64 0
65 0
66 0
67 0
68 0
69 0
70 0
71 0
72 0
73 0
74 0
75 0
76 0
77 0
78 0
79 0
80 0
81 0
82 0
83 0
84 0
85 0
86 0
87 0
88 0
89 0
90 0
91 0
92 0
93 0
94 0
95 0
96 0
97 0
98 0
99 0
100 0
101 0
102 0
103 0
104 0
105 0
106 0
107 0
108 0
109 0
110 0
111 0
112 0
113 0
114 0
115 0
116 0
117 0
118 0
119 0
120 0
121 0
122 0
123 0
124 0
125 0
126 0
127 0
128 0
129 0
130 0
131 0
132 0
133 0
134 0
135 0
136 0
137 0
138 0
139 0
140 0
141 0
142 0
143 0
144 0
145 0
146 0
147 1
148 1
149 0
150 1
151 4
152 4
153 10
154 9
155 8
156 14
157 7
158 10
159 10
160 7
161 8
162 6
163 9
164 10
165 9
166 2
167 1
168 6
169 6
170 7
171 21
172 43
173 69
174 152
175 203
176 355
177 409
178 487
179 618
180 685
181 923
182 1293
183 1994
184 3275
185 4925
186 6617
187 7912
188 9014
189 9351
190 8973
191 8886
192 8058
193 7531
194 6773
195 6172
196 5354
197 4817
198 4322
199 3761
200 3318
201 2821
202 2461
203 2184
204 1924
205 1693
206 1529
207 1370
208 1265
209 1156
210 1083
211 1058
212 1093
213 952
214 955
215 911
216 944
217 932
218 872
219 907
220 904
221 842
222 884
223 872
224 912
225 846
226 904
227 853
228 915
229 858
230 855
231 911
232 917
233 892
234 898
235 920
236 884
237 854
238 915
239 902
240 875
241 885
242 899
243 899
244 923
245 930
246 946
247 916
248 908
249 939
250 886
251 939
252 936
253 922
254 960
255 932
256 993
257 893
258 971
259 933
260 976
261 1021
262 942
263 951
264 977
265 972
266 1005
267 940
268 920
269 984
270 966
271 1001
272 964
273 931
274 961
275 956
276 970
277 1005
278 963
279 1008
280 995
281 996
282 968
283 1015
284 942
285 990
286 1002
287 982
288 973
289 1001
290 1013
291 941
292 998
293 1025
294 1034
295 991
296 1046
297 1033
298 989
299 1021
300 997
301 958
302 962
303 998
304 1038
305 1013
306 956
307 1055
308 924
309 991
310 1006
311 996
312 971
313 1011
314 1019
315 1020
316 1021
317 1014
318 1013
319 991
320 1052
321 1072
322 1006
323 1031
324 986
325 1004
326 1016
327 1038
328 1085
329 1008
330 1053
331 1074
332 1006
333 1090
334 1060
335 1071
336 1039
337 978
338 1100
339 1017
340 1080
341 1079
342 1053
343 1025
344 1083
345 1140
346 1013
347 1030
348 1124
349 1069
350 1080
351 1062
352 1065
353 1092
354 1095
355 1116
356 1117
357 1081
358 1060
359 1122
360 1077
361 1119
362 1105
363 1077
364 1075
365 1110
366 1138
367 1104
368 1053
369 1126
370 1111
371 1027
372 1104
373 1123
374 1149
375 1186
376 1125
377 1159
378 1216
379 1114
380 1113
381 1184
382 1216
383 1168
384 1206
385 1173
386 1194
387 1174
388 1182
389 1279
390 1107
391 1224
392 1234
393 1151
394 1223
395 1283
396 1225
397 1212
398 1125
399 1156
400 1229
401 1200
402 1122
403 1228
404 1235
405 1237
406 1202
407 1257
408 1215
409 1234
410 1235
411 1223
412 1214
413 1244
414 1253
415 1255
416 1317
417 1265
418 1261
419 1226
420 1293
421 1251
422 1246
423 1307
424 1219
425 1297
426 1304
427 1260
428 1333
429 1362
430 1255
431 1276
432 1355
433 1348
434 1328
435 1387
436 1303
437 1316
438 1365
439 1363
440 1329
441 1370
442 1357
443 1293
444 1354
445 1396
446 1317
447 1365
448 1326
449 1383
450 1396
451 1431
452 1350
453 1380
454 1339
455 1359
456 1361
457 1377
458 1373
459 1441
460 1378
461 1406
462 1377
463 1339
464 1423
465 1408
466 1458
467 1501
468 1399
469 1372
470 1433
471 1395
472 1396
473 1398
474 1437
475 1473
476 1413
477 1457
478 1441
479 1436
480 1355
481 1471
482 1379
483 1404
484 1426
485 1471
486 1466
487 1440
488 1422
489 1421
490 1397
491 1451
492 1491
493 1414
494 1458
495 1477
496 1420
497 1468
498 1527
499 1376
500 1519
501 1492
502 1436
503 1460
504 1458
505 1428
506 1526
507 1482
508 1463
509 1479
510 1478
511 1451
512 1523
513 1478
514 1425
515 1394
516 1382
517 1460
518 1418
519 1370
520 1455
521 1433
522 1420
523 1379
524 1452
525 1421
526 1442
527 1405
528 1454
529 1369
530 1429
531 1388
532 1447
533 1449
534 1388
535 1498
536 1379
537 1410
538 1428
539 1406
540 1410
541 1351
542 1505
543 1359
544 1436
545 1400
546 1375
547 1343
548 1432
549 1368
550 1368
551 1359
552 1418
553 1360
554 1364
555 1348
556 1333
557 1333
558 1364
559 1369
560 1333
561 1279
562 1386
563 1341
564 1309
565 1328
566 1193
567 1337
568 1313
569 1243
570 1243
571 1282
572 1278
573 1275
574 1236
575 1273
576 1316
577 1261
578 1280
579 1273
580 1215
581 1200
582 1199
583 1208
584 1228
585 1233
586 1211
587 1254
588 1190
589 1183
590 1201
591 1176
592 1135
593 1109
594 1157
595 1189
596 1127
597 1093
598 1150
599 1148
600 1158
601 1072
602 1105
603 1149
604 1066
605 1123
606 1021
607 1077
608 1096
609 1058
610 1084
611 1063
612 1095
613 1046
614 1066
615 1001
616 1026
617 1054
618 1045
619 1006
620 1062
621 1034
622 987
623 1009
624 986
625 980
626 959
627 943
628 972
629 951
630 931
631 923
632 951
633 945
634 954
635 958
636 885
637 883
638 874
639 888
640 884
641 889
642 912
643 875
644 863
645 873
646 860
647 825
648 837
649 834
650 817
651 784
652 870
653 811
654 828
655 784
656 800
657 781
658 735
659 763
660 769
661 729
662 738
663 745
664 708
665 737
666 735
667 770
668 713
669 745
670 720
671 746
672 707
673 697
674 729
675 764
676 727
677 667
678 730
679 713
680 675
681 647
682 668
683 690
684 694
685 670
686 685
687 633
688 634
689 602
690 598
691 616
692 547
693 598
694 596
695 627
696 562
697 552
698 564
699 595
700 564
701 547
702 582
703 557
704 556
705 531
706 505
707 534
708 546
709 490
710 550
711 541
712 495
713 523
714 506
715 536
716 518
717 461
718 496
719 465
720 524
721 487
722 488
723 459
724 504
725 474
726 458
727 491
728 450
729 438
730 483
731 432
732 448
733 473
734 440
735 465
736 433
737 452
738 440
739 433
740 394
741 414
742 427
743 389
744 408
745 425
746 389
747 440
748 437
749 386
750 390
751 370
752 365
753 361
754 374
755 369
756 400
757 393
758 394
759 371
760 364
761 354
762 403
763 387
764 351
765 336
766 345
767 348
768 354
769 325
770 346
771 319
772 302
773 292
774 311
775 325
776 317
777 355
778 314
779 314
780 323
781 317
782 288
783 343
784 286
785 301
786 313
787 269
788 303
789 301
790 314
791 294
792 300
793 313
794 294
795 295
796 304
797 289
798 299
799 301
800 301
801 251
802 274
803 308
804 253
805 257
806 305
807 248
808 245
809 268
810 283
811 259
812 285
813 259
814 276
815 290
816 235
817 292
818 235
819 229
820 286
821 244
822 280
823 227
824 232
825 234
826 268
827 228
828 251
829 239
830 233
831 250
832 229
833 232
834 216
835 256
836 227
837 211
838 210
839 240
840 264
841 230
842 222
843 253
844 210
845 208
846 207
847 221
848 228
849 219
850 241
851 200
852 252
853 212
854 222
855 223
856 230
857 214
858 212
859 198
860 205
861 205
862 219
863 224
864 215
865 200
866 194
867 187
868 220
869 210
870 198
871 166
872 210
873 234
874 216
875 188
876 201
877 166
878 204
879 178
880 183
881 202
882 198
883 173
884 189
885 196
886 220
887 197
888 205
889 172
890 209
891 164
892 190
893 203
894 185
895 153
896 195
897 166
898 190
899 175
900 193
901 186
902 218
903 203
904 199
905 209
906 162
907 177
908 227
909 194
910 182
911 188
912 202
913 165
914 210
915 215
916 160
917 196
918 196
919 183
920 203
921 171
922 170
923 207
924 194
925 181
926 204
927 180
928 173
929 199
930 209
931 183
932 176
933 161
934 171
935 173
936 171
937 162
938 161
939 202
940 175
941 186
942 181
943 162
944 173
945 160
946 179
947 157
948 183
949 176
950 183
951 177
952 183
953 162
954 175
955 164
956 192
957 138
958 191
959 183
960 167
961 195
962 179
963 173
964 178
965 169
966 177
967 160
968 173
969 162
970 175
971 205
972 185
973 157
974 157
975 178
976 192
977 158
978 144
979 169
980 176
981 181
982 163
983 185
984 178
985 171
986 187
987 178
988 171
989 194
990 148
991 164
992 178
993 176
994 145
995 157
996 189
997 171
998 200
999 182
1000 178
1001 158
1002 161
1003 169
1004 154
1005 151
1006 175
1007 170
1008 181
1009 157
1010 160
1011 165
1012 147
1013 176
1014 185
1015 143
1016 163
1017 158
1018 163
1019 177
1020 176
1021 168
1022 180
1023 177
1024 159
1025 161
1026 142
1027 164
1028 159
1029 139
1030 158
1031 159
1032 167
1033 145
1034 175
1035 155
1036 149
1037 164
1038 165
1039 174
1040 172
1041 150
1042 151
1043 171
1044 181
1045 166
1046 150
1047 179
1048 165
1049 185
1050 131
1051 177
1052 180
1053 158
1054 151
1055 159
1056 139
1057 159
1058 154
1059 171
1060 153
1061 160
1062 161
1063 145
1064 149
1065 159
1066 149
1067 176
1068 147
1069 167
1070 142
1071 152
1072 174
1073 170
1074 145
1075 144
1076 146
1077 167
1078 149
1079 139
1080 151
1081 172
1082 164
1083 154
1084 163
1085 147
1086 134
1087 163
1088 171
1089 155
1090 171
1091 134
1092 163
1093 151
1094 185
1095 146
1096 163
1097 169
1098 172
1099 154
1100 161
1101 152
1102 140
1103 151
1104 146
1105 151
1106 153
1107 152
1108 145
1109 137
1110 164
1111 168
1112 159
1113 176
1114 146
1115 158
1116 163
1117 138
1118 152
1119 155
1120 156
1121 151
1122 138
1123 145
1124 161
1125 147
1126 147
1127 142
1128 177
1129 150
1130 151
1131 129
1132 154
1133 145
1134 143
1135 132
1136 151
1137 144
1138 173
1139 169
1140 162
1141 131
1142 134
1143 130
1144 165
1145 134
1146 135
1147 159
1148 167
1149 164
1150 136
1151 168
1152 143
1153 149
1154 143
1155 136
1156 152
1157 144
1158 135
1159 135
1160 131
1161 147
1162 131
1163 146
1164 146
1165 108
1166 120
1167 133
1168 141
1169 136
1170 129
1171 150
1172 121
1173 153
1174 138
1175 143
1176 128
1177 114
1178 135
1179 136
1180 154
1181 121
1182 155
1183 131
1184 120
1185 147
1186 123
1187 128
1188 129
1189 148
1190 152
1191 137
1192 131
1193 122
1194 142
1195 127
1196 147
1197 134
1198 148
1199 142
1200 122
1201 141
1202 125
1203 132
1204 125
1205 133
1206 155
1207 154
1208 113
1209 135
1210 147
1211 146
1212 138
1213 130
1214 137
1215 133
1216 130
1217 150
1218 135
1219 123
1220 129
1221 102
1222 111
1223 131
1224 125
1225 130
1226 130
1227 131
1228 124
1229 123
1230 124
1231 124
1232 129
1233 131
1234 116
1235 129
1236 133
1237 127
1238 132
1239 131
1240 115
1241 127
1242 117
1243 126
1244 136
1245 112
1246 122
1247 110
1248 122
1249 123
1250 116
1251 130
1252 112
1253 134
1254 90
1255 108
1256 109
1257 113
1258 114
1259 131
1260 136
1261 117
1262 127
1263 112
1264 134
1265 127
1266 122
1267 111
1268 124
1269 103
1270 108
1271 101
1272 118
1273 117
1274 118
1275 120
1276 123
1277 97
1278 105
1279 136
1280 119
1281 105
1282 125
1283 120
1284 114
1285 114
1286 123
1287 115
1288 111
1289 119
1290 96
1291 120
1292 100
1293 121
1294 105
1295 85
1296 123
1297 105
1298 118
1299 109
1300 127
1301 124
1302 90
1303 105
1304 107
1305 98
1306 104
1307 107
1308 90
1309 116
1310 94
1311 103
1312 90
1313 109
1314 106
1315 113
1316 111
1317 107
1318 93
1319 91
1320 101
1321 81
1322 96
1323 94
1324 100
1325 103
1326 99
1327 84
1328 106
1329 101
1330 91
1331 107
1332 88
1333 77
1334 104
1335 87
1336 95
1337 113
1338 98
1339 88
1340 111
1341 101
1342 95
1343 105
1344 99
1345 74
1346 103
1347 85
1348 101
1349 97
1350 81
1351 89
1352 95
1353 103
1354 106
1355 75
1356 113
1357 81
1358 85
1359 74
1360 88
1361 92
1362 97
1363 92
1364 61
1365 91
1366 88
1367 76
1368 83
1369 82
1370 76
1371 79
1372 93
1373 85
1374 73
1375 85
1376 83
1377 78
1378 91
1379 95
1380 68
1381 85
1382 73
1383 100
1384 67
1385 70
1386 76
1387 77
1388 65
1389 67
1390 91
1391 89
1392 63
1393 72
1394 88
1395 89
1396 79
1397 84
1398 87
1399 78
1400 77
1401 78
1402 86
1403 67
1404 74
1405 65
1406 64
1407 77
1408 73
1409 68
1410 64
1411 74
1412 70
1413 66
1414 79
1415 80
1416 67
1417 78
1418 68
1419 65
1420 76
1421 78
1422 73
1423 71
1424 85
1425 79
1426 66
1427 57
1428 45
1429 58
1430 74
1431 71
1432 74
1433 46
1434 64
1435 67
1436 77
1437 79
1438 62
1439 73
1440 78
1441 72
1442 87
1443 50
1444 54
1445 66
1446 58
1447 53
1448 57
1449 72
1450 67
1451 51
1452 71
1453 64
1454 71
1455 53
1456 72
1457 73
1458 64
1459 65
1460 71
1461 53
1462 61
1463 50
1464 70
1465 62
1466 52
1467 69
1468 66
1469 56
1470 61
1471 46
1472 61
1473 67
1474 54
1475 61
1476 58
1477 55
1478 61
1479 52
1480 54
1481 51
1482 51
1483 59
1484 46
1485 47
1486 62
1487 46
1488 60
1489 56
1490 54
1491 54
1492 66
1493 57
1494 47
1495 58
1496 53
1497 56
1498 45
1499 45
1500 57
1501 52
1502 42
1503 38
1504 46
1505 45
1506 49
1507 42
1508 52
1509 48
1510 40
1511 48
1512 55
1513 46
1514 58
1515 56
1516 43
1517 50
1518 44
1519 51
1520 48
1521 55
1522 43
1523 45
1524 44
1525 41
1526 52
1527 33
1528 50
1529 53
1530 44
1531 49
1532 43
1533 54
1534 46
1535 26
1536 43
1537 53
1538 41
1539 34
1540 41
1541 32
1542 42
1543 36
1544 50
1545 25
1546 49
1547 48
1548 42
1549 39
1550 50
1551 43
1552 37
1553 36
1554 37
1555 51
1556 41
1557 41
1558 35
1559 44
1560 28
1561 41
1562 29
1563 38
1564 34
1565 37
1566 26
1567 33
1568 42
1569 33
1570 39
1571 34
1572 37
1573 36
1574 31
1575 38
1576 35
1577 30
1578 35
1579 39
1580 29
1581 47
1582 27
1583 34
1584 31
1585 31
1586 33
1587 49
1588 23
1589 38
1590 46
1591 33
1592 36
1593 31
1594 35
1595 33
1596 42
1597 33
1598 26
1599 31
1600 23
1601 42
1602 32
1603 33
1604 38
1605 26
1606 25
1607 27
1608 25
1609 29
1610 29
1611 38
1612 31
1613 27
1614 33
1615 30
1616 34
1617 35
1618 38
1619 31
1620 30
1621 33
1622 28
1623 37
1624 29
1625 32
1626 32
1627 24
1628 22
1629 32
1630 37
1631 22
1632 28
1633 35
1634 31
1635 27
1636 28
1637 21
1638 21
1639 27
1640 28
1641 21
1642 25
1643 32
1644 26
1645 36
1646 30
1647 29
1648 22
1649 29
1650 23
1651 33
1652 27
1653 24
1654 21
1655 26
1656 34
1657 27
1658 20
1659 28
1660 24
1661 22
1662 23
1663 19
1664 30
1665 26
1666 21
1667 24
1668 20
1669 10
1670 24
1671 22
1672 22
1673 27
1674 22
1675 26
1676 18
1677 24
1678 22
1679 24
1680 28
1681 16
1682 21
1683 16
1684 28
1685 30
1686 21
1687 27
1688 19
1689 17
1690 30
1691 22
1692 19
1693 18
1694 23
1695 23
1696 21
1697 21
1698 19
1699 20
1700 23
1701 14
1702 18
1703 27
1704 21
1705 17
1706 23
1707 23
1708 18
1709 32
1710 11
1711 16
1712 17
1713 18
1714 10
1715 20
1716 13
1717 21
1718 16
1719 22
1720 16
1721 24
1722 25
1723 15
1724 19
1725 24
1726 25
1727 14
1728 19
1729 12
1730 18
1731 18
1732 14
1733 16
1734 18
1735 30
1736 13
1737 18
1738 19
1739 12
1740 17
1741 23
1742 15
1743 8
1744 16
1745 19
1746 17
1747 15
1748 12
1749 20
1750 14
1751 11
1752 12
1753 17
1754 16
1755 15
1756 15
1757 15
1758 15
1759 18
1760 11
1761 18
1762 15
1763 11
1764 20
1765 14
1766 16
1767 14
1768 15
1769 14
1770 17
1771 13
1772 13
1773 20
1774 13
1775 15
1776 20
1777 16
1778 16
1779 16
1780 12
1781 24
1782 10
1783 13
1784 9
1785 16
1786 20
1787 9
1788 14
1789 14
1790 16
1791 14
1792 12
1793 11
1794 12
1795 17
1796 8
1797 13
1798 12
1799 19
1800 11
1801 13
1802 12
1803 11
1804 7
1805 14
1806 7
1807 10
1808 13
1809 9
1810 12
1811 10
1812 5
1813 10
1814 15
1815 12
1816 14
1817 11
1818 9
1819 13
1820 8
1821 8
1822 4
1823 7
1824 13
1825 11
1826 14
1827 11
1828 14
1829 8
1830 13
1831 8
1832 11
1833 9
1834 10
1835 11
1836 7
1837 5
1838 6
1839 11
1840 6
1841 9
1842 12
1843 8
1844 12
1845 11
1846 6
1847 13
1848 8
1849 6
1850 13
1851 9
1852 10
1853 8
1854 14
1855 4
1856 8
1857 9
1858 3
1859 14
1860 7
1861 5
1862 10
1863 7
1864 11
1865 12
1866 5
1867 6
1868 9
1869 9
1870 12
1871 12
1872 8
1873 8
1874 6
1875 10
1876 14
1877 13
1878 9
1879 12
1880 11
1881 8
1882 9
1883 11
1884 5
1885 8
1886 7
1887 5
1888 3
1889 5
1890 11
1891 6
1892 8
1893 6
1894 11
1895 7
1896 8
1897 4
1898 6
1899 10
1900 6
1901 7
1902 4
1903 4
1904 5
1905 12
1906 7
1907 4
1908 5
1909 2
1910 5
1911 2
1912 6
1913 7
1914 3
1915 6
1916 8
1917 5
1918 8
1919 4
1920 9
1921 6
1922 5
1923 8
1924 7
1925 7
1926 5
1927 4
1928 6
1929 5
1930 5
1931 5
1932 10
1933 8
1934 10
1935 5
1936 4
1937 3
1938 8
1939 7
1940 8
1941 6
1942 4
1943 5
1944 8
1945 1
1946 3
1947 7
1948 4
1949 9
1950 8
1951 3
1952 6
1953 3
1954 5
1955 6
1956 9
1957 3
1958 3
1959 3
1960 5
1961 5
1962 5
1963 7
1964 2
1965 3
1966 2
1967 7
1968 1
1969 6
1970 4
1971 3
1972 2
1973 7
1974 10
1975 4
1976 4
1977 2
1978 2
1979 6
1980 8
1981 4
1982 6
1983 4
1984 7
1985 2
1986 6
1987 4
1988 3
1989 6
1990 1
1991 7
1992 3
1993 5
1994 3
1995 5
1996 4
1997 4
1998 5
1999 4
2000 1
2001 2
2002 4
2003 5
2004 2
2005 6
2006 4
2007 0
2008 2
2009 0
2010 9
2011 2
2012 4
2013 4
2014 4
2015 4
2016 5
2017 1
2018 2
2019 5
2020 4
2021 6
2022 5
2023 7
2024 1
2025 3
2026 3
2027 5
2028 2
2029 1
2030 4
2031 7
2032 3
2033 3
2034 2
2035 5
2036 7
2037 4
2038 2
2039 4
2040 3
2041 3
2042 4
2043 5
2044 4
2045 3
2046 4
2047 1
2048 6
2049 4
2050 2
2051 4
2052 1
2053 6
2054 3
2055 1
2056 2
2057 0
2058 1
2059 5
2060 5
2061 2
2062 3
2063 5
2064 5
2065 2
2066 4
2067 3
2068 2
2069 1
2070 2
2071 2
2072 2
2073 3
2074 1
2075 4
2076 2
2077 4
2078 5
2079 1
2080 2
2081 1
2082 3
2083 3
2084 7
2085 2
2086 1
2087 1
2088 0
2089 2
2090 4
2091 4
2092 4
2093 4
2094 2
2095 0
2096 4
2097 2
2098 1
2099 2
2100 3
2101 0
2102 0
2103 2
2104 3
2105 3
2106 4
2107 5
2108 2
2109 4
2110 4
2111 2
2112 4
2113 3
2114 4
2115 3
2116 4
2117 1
2118 0
2119 0
2120 3
2121 1
2122 2
2123 4
2124 3
2125 0
2126 3
2127 1
2128 1
2129 2
2130 1
2131 3
2132 1
2133 2
2134 1
2135 5
2136 3
2137 3
2138 3
2139 2
2140 2
2141 3
2142 2
2143 1
2144 1
2145 0
2146 0
2147 0
2148 1
2149 3
2150 2
2151 0
2152 2
2153 2
2154 5
2155 1
2156 2
2157 0
2158 1
2159 1
2160 1
2161 1
2162 0
2163 0
2164 0
2165 2
2166 3
2167 3
2168 2
2169 1
2170 4
2171 2
2172 1
2173 1
2174 1
2175 0
2176 1
2177 2
2178 1
2179 1
2180 0
2181 1
2182 2
2183 0
2184 3
2185 0
2186 2
2187 3
2188 0
2189 3
2190 4
2191 2
2192 1
2193 2
2194 2
2195 1
2196 1
2197 2
2198 2
2199 1
2200 1
2201 2
2202 1
2203 1
2204 2
2205 1
2206 1
2207 1
2208 0
2209 2
2210 1
2211 1
2212 0
2213 4
2214 2
2215 1
2216 2
2217 0
2218 1
2219 3
2220 2
2221 0
2222 1
2223 0
2224 1
2225 1
2226 2
2227 2
2228 0
2229 0
2230 0
2231 1
2232 2
2233 1
2234 2
2235 0
2236 0
2237 0
2238 2
2239 0
2240 0
2241 0
2242 0
2243 2
2244 1
2245 0
2246 0
2247 1
2248 0
2249 2
2250 2
2251 0
2252 1
2253 0
2254 1
2255 0
2256 0
2257 1
2258 0
2259 0
2260 1
2261 1
2262 1
2263 1
2264 1
2265 1
2266 1
2267 2
2268 1
2269 2
2270 0
2271 0
2272 0
2273 1
2274 0
2275 1
2276 0
2277 1
2278 0
2279 0
2280 0
2281 1
2282 0
2283 1
2284 0
2285 0
2286 0
2287 1
2288 1
2289 0
2290 0
2291 1
2292 2
2293 0
2294 1
2295 1
2296 2
2297 0
2298 0
2299 0
2300 0
2301 1
2302 1
2303 1
2304 1
2305 2
2306 0
2307 0
2308 1
2309 0
2310 0
2311 0
2312 1
2313 0
2314 1
2315 1
2316 0
2317 0
2318 0
2319 0
2320 1
2321 1
2322 0
2323 0
2324 2
2325 0
2326 3
2327 0
2328 0
2329 0
2330 0
2331 1
2332 0
2333 1
2334 0
2335 0
2336 0
2337 1
2338 0
2339 0
2340 1
2341 1
2342 2
2343 0
2344 1
2345 1
2346 0
2347 1
2348 0
2349 0
2350 3
2351 0
2352 1
2353 1
2354 0
2355 0
2356 0
2357 0
2358 0
2359 0
2360 0
2361 0
2362 1
2363 0
2364 0
2365 0
2366 1
2367 0
2368 0
2369 0
2370 1
2371 1
2372 0
2373 0
2374 0
2375 1
2376 0
2377 0
2378 0
2379 1
2380 1
2381 0
2382 0
2383 0
2384 0
2385 0
2386 2
2387 0
2388 0
2389 0
2390 2
2391 1
2392 0
2393 2
2394 2
2395 0
2396 2
2397 1
2398 0
2399 0
2400 0
2401 0
2402 0
2403 0
2404 0
2405 0
2406 1
2407 0
2408 0
2409 0
2410 0
2411 0
2412 0
2413 0
2414 0
2415 1
2416 0
2417 2
2418 0
2419 0
2420 0
2421 3
2422 0
2423 0
2424 1
2425 0
2426 1
2427 0
2428 0
2429 0
2430 0
2431 1
2432 0
2433 0
2434 0
2435 1
2436 0
2437 1
2438 0
2439 0
2440 0
2441 1
2442 1
2443 0
2444 0
2445 0
2446 2
2447 0
2448 0
2449 0
2450 0
2451 0
2452 0
2453 0
2454 0
2455 0
2456 0
2457 0
2458 0
2459 1
2460 2
2461 0
2462 0
2463 0
2464 0
2465 0
2466 0
2467 0
2468 1
2469 0
2470 0
2471 0
2472 0
2473 0
2474 0
2475 1
2476 0
2477 0
2478 0
2479 0
2480 0
2481 0
2482 0
2483 0
2484 0
2485 0
2486 0
2487 0
2488 1
2489 0
2490 0
2491 0
2492 0
2493 0
2494 0
2495 0
2496 0
2497 1
2498 0
2499 0
2500 0
2501 0
2502 0
2503 0
2504 0
2505 1
2506 0
2507 0
2508 0
2509 0
2510 0
2511 0
2512 0
2513 0
2514 1
2515 0
2516 0
2517 0
2518 0
2519 0
2520 0
2521 2
2522 0
2523 1
2524 1
2525 0
2526 0
2527 0
2528 0
2529 0
2530 0
2531 0
2532 1
2533 0
2534 0
2535 0
2536 0
2537 0
2538 0
2539 1
2540 0
2541 0
2542 0
2543 0
2544 0
2545 0
2546 1
2547 0
2548 0
2549 0
2550 0
2551 0
2552 0
2553 0
2554 0
2555 0
2556 0
2557 0
2558 0
2559 1
2560 0
2561 0
2562 0
2563 0
2564 0
2565 0
2566 0
2567 0
2568 0
2569 0
2570 0
2571 0
2572 0
2573 0
2574 0
2575 0
2576 0
2577 0
2578 0
2579 0
2580 0
2581 0
2582 0
2583 0
2584 1
2585 0
2586 0
2587 0
2588 0
2589 0
2590 0
2591 0
2592 0
2593 0
2594 0
2595 0
2596 0
2597 0
2598 0
2599 0
2600 0
2601 0
2602 2
2603 0
2604 0
2605 0
2606 0
2607 0
2608 0
2609 1
2610 0
2611 0
2612 0
2613 0
2614 0
2615 0
2616 0
2617 0
2618 0
2619 0
2620 0
2621 0
2622 0
2623 0
2624 0
2625 0
2626 1
2627 0
2628 0
2629 0
2630 0
2631 0
2632 0
2633 0
2634 0
2635 1
2636 0
2637 0
2638 0
2639 0
2640 0
2641 0
2642 0
2643 0
2644 0
2645 0
2646 0
2647 0
2648 0
2649 0
2650 0
2651 0
2652 0
2653 0
2654 0
2655 0
2656 0
2657 0
2658 0
2659 0
2660 0
2661 0
2662 0
2663 0
2664 0
2665 0
2666 0
2667 0
2668 0
2669 1
2670 0
2671 0
2672 0
2673 0
2674 0
2675 0
2676 0
2677 0
2678 0
2679 0
2680 0
2681 0
2682 0
2683 0
2684 0
2685 0
2686 0
2687 0
2688 0
2689 0
2690 0
2691 0
2692 0
2693 0
2694 0
2695 0
2696 0
2697 0
2698 0
2699 0
2700 0
2701 0
2702 1
2703 0
2704 0
2705 0
2706 0
2707 0
2708 0
2709 0
2710 0
2711 0
2712 0
2713 0
2714 0
2715 0
2716 1
2717 0
2718 0
2719 0
2720 0
2721 1
2722 0
2723 0
2724 0
2725 0
2726 0
2727 1
2728 0
2729 0
2730 0
2731 0
2732 1
2733 0
2734 0
2735 0
2736 1
2737 0
2738 0
2739 0
2740 0
2741 0
2742 1
2743 0
2744 0
2745 0
2746 0
2747 0
2748 0
2749 0
2750 0
2751 0
2752 0
2753 0
2754 0
2755 0
2756 0
2757 0
2758 0
2759 0
2760 0
2761 0
2762 0
2763 0
2764 0
2765 1
2766 0
2767 0
2768 0
2769 0
2770 0
2771 0
2772 0
2773 0
2774 0
2775 0
2776 0
2777 0
2778 1
2779 0
2780 0
2781 1
2782 0
2783 0
2784 0
2785 0
2786 0
2787 0
2788 0
2789 0
2790 0
2791 0
2792 0
2793 0
2794 0
2795 0
2796 0
2797 0
2798 1
2799 0
2800 0
2801 0
2802 1
2803 0
2804 0
2805 0
2806 0
2807 0
2808 0
2809 0
2810 0
2811 0
2812 0
2813 0
2814 0
2815 1
2816 0
2817 0
2818 0
2819 1
2820 0
2821 0
2822 0
2823 0
2824 0
2825 0
2826 0
2827 0
2828 0
2829 0
2830 0
2831 0
2832 0
2833 0
2834 0
2835 0
2836 0
2837 0
2838 0
2839 0
2840 0
2841 0
2842 0
2843 0
2844 0
2845 0
2846 0
2847 0
2848 0
2849 0
2850 1
2851 0
2852 0
2853 0
2854 1
2855 0
2856 0
2857 0
2858 0
2859 0
2860 0
2861 0
2862 0
2863 0
2864 0
2865 0
2866 0
2867 0
2868 0
2869 0
2870 0
2871 0
2872 0
2873 0
2874 0
2875 0
2876 0
2877 0
2878 0
2879 0
2880 0
2881 0
2882 0
2883 0
2884 0
2885 0
2886 0
2887 0
2888 0
2889 0
2890 0
2891 0
2892 0
2893 0
2894 0
2895 0
2896 0
2897 0
2898 0
2899 0
2900 0
2901 0
2902 0
2903 0
2904 0
2905 0
2906 0
2907 0
2908 0
2909 0
2910 0
2911 0
2912 0
2913 0
2914 0
2915 0
2916 0
2917 0
2918 0
2919 0
2920 0
2921 0
2922 0
2923 0
2924 0
2925 0
2926 0
2927 0
2928 0
2929 0
2930 0
2931 0
2932 0
2933 0
2934 0
2935 0
2936 0
2937 0
2938 0
2939 0
2940 0
2941 0
2942 0
2943 0
2944 0
2945 0
2946 0
2947 0
2948 0
2949 0
2950 0
2951 0
2952 0
2953 0
2954 0
2955 0
2956 0
2957 0
2958 0
2959 0
2960 0
2961 0
2962 0
2963 0
2964 0
2965 0
2966 0
2967 0
2968 0
2969 0
2970 0
2971 0
2972 0
2973 0
2974 0
2975 0
2976 0
2977 0
2978 0
2979 0
2980 0
2981 0
2982 0
2983 0
2984 0
2985 0
2986 0
2987 0
2988 0
2989 0
2990 0
2991 0
2992 0
2993 0
2994 0
2995 0
2996 0
2997 0
2998 0
2999 0
3000 0
3001 0
3002 0
3003 0
3004 0
3005 0
3006 0
3007 0
3008 0
3009 0
3010 0
3011 0
3012 0
3013 0
3014 0
3015 0
3016 0
3017 0
3018 0
3019 0
3020 0
3021 0
3022 0
3023 0
3024 0
3025 0
3026 0
3027 0
3028 0
3029 0
3030 0
3031 0
3032 0
3033 0
3034 0
3035 0
3036 0
3037 0
3038 0
3039 0
3040 0
3041 0
3042 0
3043 0
3044 0
3045 0
3046 0
3047 0
3048 0
3049 1
3050 0
3051 0
3052 0
3053 0
3054 0
3055 0
3056 0
3057 0
3058 0
3059 0
3060 0
3061 0
3062 0
3063 0
3064 0
3065 0
3066 0
3067 0
3068 0
3069 0
3070 0
3071 0
3072 0
3073 0
3074 0
3075 0
3076 0
3077 0
3078 0
3079 0
3080 0
3081 0
3082 0
3083 0
3084 0
3085 0
3086 0
3087 0
3088 0
3089 0
3090 0
3091 0
3092 0
3093 0
3094 0
3095 0
3096 0
3097 0
3098 0
3099 0
3100 0
3101 0
3102 0
3103 0
3104 0
3105 0
3106 0
3107 0
3108 0
3109 0
3110 0
3111 0
3112 0
3113 0
3114 0
3115 0
3116 0
3117 0
3118 0
3119 0
3120 0
3121 0
3122 0
3123 0
3124 0
3125 0
3126 0
3127 0
3128 0
3129 0
3130 0
3131 0
3132 0
3133 0
3134 0
3135 0
3136 0
3137 0
3138 0
3139 0
3140 0
3141 0
3142 0
3143 0
3144 0
3145 0
3146 0
3147 0
3148 0
3149 0
3150 0
3151 0
3152 0
3153 0
3154 0
3155 0
3156 0
3157 0
3158 0
3159 0
3160 0
3161 0
3162 0
3163 0
3164 0
3165 0
3166 0
3167 0
3168 0
3169 0
3170 0
3171 0
3172 0
3173 0
3174 0
3175 0
3176 0
3177 0
3178 0
3179 0
3180 0
3181 0
3182 0
3183 0
3184 0
3185 0
3186 0
3187 0
3188 0
3189 0
3190 0
3191 0
3192 0
3193 0
3194 0
3195 0
3196 0
3197 0
3198 0
3199 0
3200 0
3201 0
3202 0
3203 0
3204 0
3205 0
3206 0
3207 0
3208 1
3209 0
3210 0
3211 0
3212 0
3213 0
3214 0
3215 0
3216 0
3217 0
3218 0
3219 0
3220 0
3221 0
3222 0
3223 0
3224 0
3225 0
3226 0
3227 0
3228 0
3229 0
3230 0
3231 0
3232 0
3233 0
3234 0
3235 0
3236 0
3237 0
3238 0
3239 0
3240 0
3241 0
3242 0
3243 0
3244 0
3245 0
3246 0
3247 0
3248 0
3249 0
3250 0
3251 0
3252 0
3253 0
3254 0
3255 0
3256 0
3257 0
3258 0
3259 0
3260 0
3261 0
3262 0
3263 0
3264 0
3265 0
3266 0
3267 0
3268 0
3269 0
3270 0
3271 0
3272 0
3273 0
3274 0
3275 0
3276 0
3277 0
3278 0
3279 0
3280 0
3281 0
3282 0
3283 0
3284 0
3285 0
3286 0
3287 0
3288 0
3289 0
3290 0
3291 0
3292 0
3293 0
3294 0
3295 0
3296 0
3297 0
3298 0
3299 0
3300 0
3301 0
3302 0
3303 0
3304 0
3305 0
3306 0
3307 0
3308 0
3309 0
3310 0
3311 0
3312 0
3313 0
3314 0
3315 0
3316 0
3317 0
3318 0
3319 0
3320 0
3321 0
3322 0
3323 0
3324 0
3325 0
3326 0
3327 0
3328 0
3329 0
3330 0
3331 0
3332 0
3333 0
3334 0
3335 0
3336 0
3337 0
3338 0
3339 0
3340 0
3341 0
3342 0
3343 0
3344 0
3345 0
3346 0
3347 0
3348 0
3349 0
3350 0
3351 0
3352 0
3353 0
3354 0
3355 0
3356 0
3357 0
3358 0
3359 0
3360 0
3361 0
3362 0
3363 0
3364 0
3365 0
3366 0
3367 0
3368 1
3369 0
3370 0
3371 0
3372 0
3373 0
3374 0
3375 0
3376 0
3377 0
3378 0
3379 0
3380 0
3381 0
3382 0
3383 0
3384 0
3385 0
3386 0
3387 0
3388 0
3389 0
3390 0
3391 0
3392 0
3393 0
3394 0
3395 0
3396 0
3397 0
3398 0
3399 0
3400 0
3401 0
3402 0
3403 0
3404 0
3405 0
3406 0
3407 0
3408 1
3409 0
3410 0
3411 0
3412 0
3413 0
3414 0
3415 0
3416 0
3417 0
3418 0
3419 0
3420 0
3421 0
3422 0
3423 0
3424 0
3425 0
3426 0
3427 0
3428 0
3429 0
3430 0
3431 0
3432 0
3433 0
3434 0
3435 0
3436 0
3437 0
3438 0
3439 0
3440 0
3441 0
3442 0
3443 0
3444 0
3445 0
3446 0
3447 0
3448 0
3449 0
3450 0
3451 0
3452 0
3453 0
3454 0
3455 0
3456 0
3457 0
3458 0
3459 0
3460 0
3461 0
3462 0
3463 0
3464 0
3465 0
3466 0
3467 0
3468 0
3469 0
3470 0
3471 0
3472 0
3473 0
3474 0
3475 0
3476 0
3477 0
3478 0
3479 0
3480 0
3481 0
3482 0
3483 0
3484 0
3485 0
3486 0
3487 0
3488 0
3489 0
3490 0
3491 0
3492 0
3493 0
3494 0
3495 0
3496 0
3497 0
3498 0
3499 0
3500 0
3501 0
3502 0
3503 0
3504 0
3505 0
3506 0
3507 0
3508 0
3509 0
3510 0
3511 0
3512 0
3513 0
3514 0
3515 0
3516 0
3517 0
3518 0
3519 0
3520 1
3521 0
3522 0
3523 0
3524 0
3525 0
3526 0
3527 0
3528 0
3529 0
3530 0
3531 0
3532 1
3533 0
3534 0
3535 0
3536 0
3537 0
3538 0
3539 0
3540 0
3541 0
3542 0
3543 0
3544 0
3545 0
3546 0
3547 0
3548 0
3549 0
3550 0
3551 0
3552 0
3553 0
3554 0
3555 0
3556 0
3557 0
3558 0
3559 0
3560 0
3561 0
3562 0
3563 0
3564 0
3565 0
3566 0
3567 0
3568 0
3569 0
3570 0
3571 0
3572 0
3573 0
3574 0
3575 0
3576 0
3577 0
3578 0
3579 0
3580 0
3581 0
3582 0
3583 0
3584 0
3585 0
3586 0
3587 0
3588 0
3589 0
3590 0
3591 0
3592 0
3593 0
3594 0
3595 0
3596 0
3597 0
3598 0
3599 0
3600 0
3601 0
3602 0
3603 0
3604 0
3605 0
3606 0
3607 0
3608 0
3609 0
3610 0
3611 0
3612 0
3613 0
3614 0
3615 0
3616 0
3617 0
3618 0
3619 0
3620 0
3621 0
3622 0
3623 0
3624 0
3625 0
3626 0
3627 0
3628 0
3629 0
3630 0
3631 0
3632 0
3633 0
3634 0
3635 0
3636 0
3637 0
3638 0
3639 0
3640 0
3641 0
3642 0
3643 0
3644 0
3645 0
3646 0
3647 0
3648 0
3649 0
3650 0
3651 0
3652 0
3653 0
3654 0
3655 0
3656 0
3657 0
3658 0
3659 0
3660 0
3661 0
3662 0
3663 0
3664 0
3665 0
3666 0
3667 0
3668 0
3669 0
3670 0
3671 0
3672 0
3673 0
3674 0
3675 0
3676 0
3677 0
3678 0
3679 0
3680 0
3681 0
3682 0
3683 0
3684 0
3685 0
3686 0
3687 0
3688 0
3689 0
3690 0
3691 0
3692 0
3693 0
3694 0
3695 0
3696 0
3697 0
3698 0
3699 0
3700 0
3701 0
3702 0
3703 0
3704 0
3705 0
3706 0
3707 0
3708 0
3709 0
3710 0
3711 0
3712 0
3713 0
3714 0
3715 0
3716 0
3717 0
3718 0
3719 0
3720 0
3721 0
3722 0
3723 0
3724 0
3725 0
3726 0
3727 0
3728 0
3729 0
3730 0
3731 0
3732 0
3733 0
3734 0
3735 0
3736 0
3737 0
3738 0
3739 0
3740 0
3741 0
3742 0
3743 0
3744 0
3745 0
3746 0
3747 0
3748 0
3749 0
3750 0
3751 0
3752 0
3753 0
3754 0
3755 0
3756 0
3757 0
3758 0
3759 0
3760 0
3761 0
3762 0
3763 0
3764 0
3765 0
3766 0
3767 0
3768 0
3769 0
3770 0
3771 0
3772 0
3773 0
3774 0
3775 0
3776 0
3777 0
3778 0
3779 0
3780 0
3781 0
3782 0
3783 0
3784 0
3785 0
3786 0
3787 0
3788 0
3789 0
3790 0
3791 0
3792 0
3793 0
3794 0
3795 0
3796 0
3797 0
3798 0
3799 0
3800 0
3801 0
3802 0
3803 0
3804 0
3805 0
3806 0
3807 0
3808 0
3809 0
3810 0
3811 0
3812 0
3813 0
3814 0
3815 0
3816 0
3817 0
3818 0
3819 0
3820 0
3821 0
3822 0
3823 0
3824 0
3825 0
3826 0
3827 1
3828 0
3829 0
3830 0
3831 0
3832 0
3833 0
3834 0
3835 0
3836 0
3837 0
3838 0
3839 0
3840 0
3841 0
3842 0
3843 0
3844 0
3845 0
3846 0
3847 0
3848 0
3849 0
3850 0
3851 0
3852 0
3853 0
3854 0
3855 0
3856 0
3857 0
3858 0
3859 0
3860 0
3861 1
3862 0
3863 0
3864 0
3865 1
3866 0
3867 0
3868 0
3869 0
3870 0
3871 0
3872 0
3873 0
3874 0
3875 0
3876 0
3877 0
3878 0
3879 0
3880 0
3881 0
3882 0
3883 0
3884 0
3885 0
3886 0
3887 0
3888 0
3889 0
3890 0
3891 0
3892 0
3893 0
3894 0
3895 0
3896 0
3897 0
3898 0
3899 0
3900 0
3901 0
3902 0
3903 0
3904 0
3905 0
3906 0
3907 0
3908 0
3909 0
3910 0
3911 0
3912 0
3913 0
3914 0
3915 0
3916 0
3917 0
3918 0
3919 0
3920 0
3921 0
3922 0
3923 0
3924 0
3925 0
3926 0
3927 0
3928 0
3929 0
3930 0
3931 0
3932 0
3933 0
3934 0
3935 0
3936 0
3937 0
3938 0
3939 0
3940 0
3941 0
3942 0
3943 0
3944 0
3945 0
3946 0
3947 0
3948 0
3949 0
3950 0
3951 0
3952 0
3953 0
3954 0
3955 0
3956 0
3957 0
3958 0
3959 0
3960 0
3961 0
3962 0
3963 0
3964 0
3965 0
3966 0
3967 0
3968 0
3969 0
3970 0
3971 0
3972 0
3973 0
3974 0
3975 0
3976 0
3977 0
3978 0
3979 0
3980 0
3981 0
3982 0
3983 0
3984 0
3985 0
3986 0
3987 0
3988 0
3989 0
3990 0
3991 0
3992 0
3993 0
3994 0
3995 0
3996 0
3997 0
3998 0
3999 0
4000 0
