0 0
1 0
2 0
3 0
4 0
5 0
6 0
7 0
8 0
9 0
10 0
11 0
12 0
13 0
14 0
15 0
16 0
17 0
18 0
19 0
20 0
21 0
22 0
23 0
24 0
25 0
26 0
27 0
28 0
29 0
30 0
31 0
32 0
33 0
34 0
35 0
36 0
37 0
38 0
39 0
40 0
41 0
42 0
43 0
44 0
45 0
46 0
47 0
48 0
49 0
50 0
51 0
52 0
53 0
54 0
55 0
56 0
57 0
58 0
59 0
60 0
61 0
62 0
63 0
64 0
65 0
66 0
67 0
68 0
69 0
70 0
71 0
72 0
73 0
74 0
75 0
76 0
77 0
78 0
79 0
80 0
81 0
82 0
83 0
84 0
85 0
86 0
87 0
88 0
89 0
90 0
91 0
92 0
93 0
94 0
95 0
96 0
97 0
98 0
99 0
100 0
101 0
102 0
103 0
104 0
105 0
106 0
107 0
108 0
109 0
110 0
111 0
112 0
113 0
114 0
115 0
116 0
117 0
118 0
119 0
120 0
121 0
122 0
123 0
124 0
125 0
126 0
127 0
128 0
129 0
130 0
131 0
132 0
133 0
134 0
135 0
136 0
137 0
138 0
139 0
140 0
141 0
142 0
143 0
144 0
145 0
146 0
147 0
148 1
149 1
150 0
151 1
152 1
153 5
154 1
155 4
156 3
157 4
158 1
159 3
160 5
161 5
162 2
163 11
164 4
165 6
166 4
167 3
168 2
169 5
170 5
171 6
172 7
173 3
174 13
175 22
176 21
177 54
178 72
179 103
180 143
181 138
182 176
183 210
184 262
185 391
186 619
187 1111
188 1670
189 2288
190 2720
191 3197
192 3038
193 3128
194 2856
195 2831
196 2532
197 2283
198 2084
199 1937
200 1742
201 1525
202 1444
203 1325
204 1233
205 1091
206 1026
207 1008
208 938
209 908
210 914
211 853
212 863
213 846
214 884
215 793
216 827
217 867
218 830
219 832
220 859
221 834
222 842
223 850
224 867
225 860
226 934
227 913
228 894
229 952
230 976
231 858
232 932
233 993
234 961
235 1003
236 932
237 914
238 975
239 997
240 1042
241 1016
242 1026
243 1001
244 1003
245 971
246 1005
247 1011
248 1090
249 1121
250 1089
251 1007
252 1093
253 1059
254 1094
255 1113
256 1079
257 1142
258 1092
259 1136
260 1111
261 1140
262 1124
263 1139
264 1182
265 1164
266 1159
267 1143
268 1194
269 1111
270 1217
271 1179
272 1114
273 1204
274 1186
275 1214
276 1168
277 1285
278 1248
279 1249
280 1258
281 1169
282 1243
283 1295
284 1292
285 1211
286 1249
287 1277
288 1296
289 1214
290 1236
291 1298
292 1292
293 1282
294 1349
295 1269
296 1310
297 1322
298 1282
299 1272
300 1313
301 1296
302 1352
303 1373
304 1378
305 1294
306 1336
307 1332
308 1342
309 1387
310 1285
311 1387
312 1434
313 1381
314 1435
315 1420
316 1361
317 1472
318 1466
319 1442
320 1417
321 1449
322 1460
323 1535
324 1453
325 1453
326 1516
327 1527
328 1485
329 1496
330 1489
331 1509
332 1512
333 1563
334 1564
335 1545
336 1581
337 1611
338 1583
339 1501
340 1599
341 1643
342 1574
343 1594
344 1583
345 1624
346 1640
347 1673
348 1607
349 1653
350 1608
351 1660
352 1628
353 1662
354 1675
355 1654
356 1678
357 1663
358 1718
359 1713
360 1686
361 1707
362 1720
363 1729
364 1808
365 1711
366 1762
367 1720
368 1806
369 1692
370 1725
371 1779
372 1740
373 1756
374 1839
375 1754
376 1786
377 1820
378 1843
379 1799
380 1807
381 1787
382 1864
383 1862
384 1796
385 1864
386 1838
387 1790
388 1894
389 1807
390 1841
391 1897
392 1871
393 1843
394 1903
395 1867
396 1953
397 1905
398 1915
399 1860
400 1922
401 1809
402 1927
403 1904
404 1887
405 1928
406 1904
407 1903
408 1916
409 1947
410 1947
411 1926
412 1916
413 1944
414 1884
415 1879
416 1843
417 1917
418 1864
419 1869
420 1963
421 1931
422 1991
423 1981
424 1852
425 1919
426 1929
427 1959
428 1951
429 1903
430 1911
431 1883
432 1907
433 1857
434 1930
435 1886
436 1823
437 1899
438 1918
439 1845
440 1875
441 1919
442 1969
443 1915
444 1824
445 1915
446 1903
447 1879
448 1894
449 1811
450 1832
451 1887
452 1820
453 1850
454 1878
455 1781
456 1829
457 1802
458 1893
459 1805
460 1791
461 1713
462 1873
463 1852
464 1774
465 1803
466 1892
467 1823
468 1801
469 1747
470 1780
471 1839
472 1707
473 1819
474 1746
475 1729
476 1831
477 1759
478 1633
479 1716
480 1745
481 1651
482 1704
483 1711
484 1628
485 1663
486 1616
487 1719
488 1553
489 1664
490 1608
491 1727
492 1623
493 1550
494 1577
495 1633
496 1599
497 1583
498 1638
499 1627
500 1608
501 1594
502 1595
503 1565
504 1486
505 1484
506 1472
507 1465
508 1568
509 1487
510 1526
511 1522
512 1411
513 1396
514 1507
515 1479
516 1431
517 1435
518 1389
519 1396
520 1414
521 1384
522 1413
523 1363
524 1358
525 1377
526 1325
527 1343
528 1337
529 1309
530 1251
531 1289
532 1330
533 1410
534 1292
535 1329
536 1206
537 1277
538 1216
539 1230
540 1117
541 1214
542 1236
543 1208
544 1183
545 1213
546 1156
547 1141
548 1101
549 1181
550 1063
551 1205
552 1117
553 1101
554 1073
555 1112
556 1083
557 1057
558 1051
559 1105
560 1016
561 1081
562 1069
563 1009
564 984
565 1052
566 1033
567 984
568 974
569 965
570 983
571 972
572 937
573 922
574 970
575 979
576 944
577 894
578 868
579 937
580 878
581 891
582 889
583 954
584 839
585 891
586 841
587 863
588 863
589 845
590 838
591 815
592 759
593 784
594 793
595 800
596 812
597 790
598 758
599 735
600 739
601 750
602 758
603 739
604 721
605 730
606 694
607 712
608 734
609 715
610 672
611 702
612 738
613 696
614 685
615 647
616 693
617 612
618 644
619 626
620 652
621 669
622 615
623 630
624 611
625 620
626 560
627 610
628 599
629 621
630 597
631 551
632 575
633 575
634 573
635 557
636 548
637 560
638 559
639 544
640 510
641 511
642 515
643 497
644 522
645 524
646 498
647 573
648 537
649 521
650 479
651 477
652 486
653 471
654 473
655 459
656 470
657 442
658 461
659 455
660 454
661 461
662 473
663 446
664 421
665 468
666 450
667 472
668 413
669 398
670 414
671 413
672 443
673 422
674 422
675 392
676 400
677 409
678 406
679 399
680 393
681 374
682 357
683 383
684 414
685 377
686 399
687 381
688 374
689 379
690 373
691 319
692 366
693 353
694 348
695 354
696 375
697 347
698 353
699 305
700 343
701 337
702 336
703 347
704 363
705 348
706 372
707 356
708 301
709 377
710 335
711 344
712 319
713 332
714 328
715 310
716 318
717 316
718 335
719 347
720 349
721 291
722 318
723 304
724 308
725 332
726 293
727 301
728 287
729 314
730 301
731 274
732 303
733 338
734 311
735 316
736 335
737 286
738 300
739 315
740 254
741 298
742 278
743 236
744 303
745 287
746 262
747 288
748 286
749 276
750 274
751 269
752 284
753 261
754 274
755 263
756 277
757 300
758 275
759 270
760 272
761 265
762 288
763 273
764 243
765 232
766 271
767 275
768 288
769 288
770 238
771 281
772 278
773 247
774 273
775 288
776 245
777 293
778 282
779 247
780 246
781 246
782 279
783 248
784 250
785 230
786 244
787 290
788 214
789 266
790 265
791 273
792 240
793 254
794 248
795 263
796 247
797 223
798 268
799 238
800 254
801 248
802 254
803 251
804 244
805 255
806 273
807 231
808 247
809 237
810 214
811 239
812 243
813 231
814 221
815 241
816 231
817 258
818 223
819 258
820 246
821 250
822 241
823 248
824 246
825 210
826 209
827 261
828 234
829 227
830 247
831 243
832 218
833 215
834 216
835 241
836 235
837 236
838 237
839 241
840 232
841 236
842 228
843 233
844 226
845 237
846 244
847 218
848 212
849 248
850 243
851 224
852 233
853 235
854 265
855 233
856 215
857 240
858 240
859 238
860 231
861 215
862 221
863 234
864 258
865 227
866 240
867 227
868 221
869 208
870 232
871 188
872 224
873 226
874 215
875 223
876 252
877 234
878 194
879 219
880 199
881 226
882 231
883 240
884 222
885 217
886 213
887 196
888 218
889 227
890 222
891 216
892 190
893 220
894 215
895 206
896 200
897 223
898 215
899 240
900 214
901 212
902 201
903 237
904 240
905 226
906 196
907 182
908 183
909 185
910 210
911 196
912 215
913 188
914 233
915 227
916 201
917 194
918 217
919 221
920 207
921 197
922 192
923 237
924 205
925 199
926 214
927 185
928 179
929 200
930 203
931 207
932 215
933 199
934 185
935 188
936 212
937 216
938 197
939 194
940 183
941 207
942 203
943 199
944 211
945 180
946 202
947 200
948 192
949 194
950 202
951 237
952 203
953 185
954 207
955 174
956 201
957 202
958 174
959 214
960 175
961 196
962 196
963 196
964 179
965 201
966 224
967 172
968 163
969 169
970 200
971 195
972 189
973 159
974 176
975 192
976 180
977 192
978 186
979 173
980 183
981 195
982 192
983 173
984 192
985 162
986 186
987 183
988 173
989 200
990 165
991 178
992 178
993 185
994 167
995 170
996 177
997 169
998 178
999 163
1000 172
1001 190
1002 161
1003 179
1004 172
1005 169
1006 186
1007 167
1008 184
1009 145
1010 175
1011 148
1012 167
1013 160
1014 172
1015 144
1016 184
1017 161
1018 172
1019 169
1020 174
1021 148
1022 173
1023 173
1024 160
1025 158
1026 159
1027 162
1028 152
1029 174
1030 188
1031 140
1032 160
1033 139
1034 148
1035 165
1036 145
1037 155
1038 138
1039 162
1040 178
1041 174
1042 142
1043 152
1044 147
1045 135
1046 174
1047 155
1048 157
1049 161
1050 152
1051 144
1052 147
1053 173
1054 143
1055 132
1056 150
1057 147
1058 161
1059 127
1060 146
1061 170
1062 149
1063 135
1064 162
1065 136
1066 142
1067 137
1068 161
1069 151
1070 132
1071 138
1072 149
1073 148
1074 152
1075 120
1076 158
1077 140
1078 139
1079 145
1080 131
1081 134
1082 126
1083 152
1084 118
1085 112
1086 131
1087 120
1088 134
1089 130
1090 131
1091 141
1092 122
1093 146
1094 129
1095 129
1096 114
1097 132
1098 110
1099 131
1100 130
1101 138
1102 113
1103 134
1104 124
1105 125
1106 124
1107 123
1108 111
1109 140
1110 127
1111 132
1112 128
1113 126
1114 116
1115 137
1116 115
1117 118
1118 141
1119 111
1120 104
1121 108
1122 117
1123 101
1124 135
1125 113
1126 134
1127 100
1128 103
1129 113
1130 129
1131 100
1132 116
1133 110
1134 118
1135 120
1136 113
1137 96
1138 107
1139 104
1140 133
1141 108
1142 88
1143 91
1144 106
1145 114
1146 94
1147 87
1148 101
1149 118
1150 97
1151 89
1152 102
1153 101
1154 106
1155 104
1156 87
1157 105
1158 103
1159 98
1160 114
1161 85
1162 102
1163 94
1164 90
1165 84
1166 94
1167 108
1168 110
1169 94
1170 108
1171 99
1172 83
1173 83
1174 94
1175 100
1176 86
1177 89
1178 88
1179 84
1180 102
1181 91
1182 86
1183 86
1184 84
1185 93
1186 75
1187 102
1188 76
1189 83
1190 94
1191 84
1192 67
1193 76
1194 81
1195 73
1196 69
1197 67
1198 80
1199 83
1200 83
1201 74
1202 84
1203 80
1204 70
1205 80
1206 91
1207 70
1208 81
1209 66
1210 70
1211 89
1212 82
1213 81
1214 84
1215 80
1216 77
1217 76
1218 76
1219 71
1220 83
1221 71
1222 83
1223 88
1224 85
1225 63
1226 73
1227 76
1228 71
1229 68
1230 72
1231 76
1232 74
1233 71
1234 75
1235 86
1236 78
1237 76
1238 66
1239 70
1240 77
1241 69
1242 69
1243 72
1244 66
1245 69
1246 64
1247 61
1248 63
1249 58
1250 71
1251 59
1252 58
1253 69
1254 61
1255 58
1256 58
1257 67
1258 59
1259 57
1260 64
1261 56
1262 59
1263 57
1264 55
1265 69
1266 52
1267 73
1268 59
1269 61
1270 77
1271 60
1272 55
1273 50
1274 52
1275 56
1276 53
1277 54
1278 70
1279 56
1280 48
1281 51
1282 57
1283 56
1284 51
1285 54
1286 54
1287 51
1288 52
1289 60
1290 37
1291 53
1292 58
1293 61
1294 54
1295 47
1296 48
1297 64
1298 50
1299 58
1300 48
1301 45
1302 64
1303 49
1304 65
1305 50
1306 41
1307 46
1308 42
1309 37
1310 46
1311 57
1312 35
1313 54
1314 53
1315 52
1316 54
1317 60
1318 48
1319 41
1320 43
1321 35
1322 53
1323 50
1324 41
1325 53
1326 47
1327 43
1328 41
1329 45
1330 47
1331 40
1332 37
1333 40
1334 45
1335 39
1336 42
1337 46
1338 33
1339 44
1340 41
1341 35
1342 46
1343 42
1344 29
1345 33
1346 57
1347 39
1348 27
1349 41
1350 32
1351 34
1352 40
1353 40
1354 47
1355 35
1356 45
1357 36
1358 33
1359 28
1360 36
1361 30
1362 37
1363 45
1364 28
1365 33
1366 37
1367 32
1368 35
1369 46
1370 36
1371 35
1372 28
1373 21
1374 30
1375 42
1376 36
1377 37
1378 33
1379 37
1380 33
1381 31
1382 29
1383 40
1384 28
1385 24
1386 29
1387 35
1388 22
1389 35
1390 30
1391 33
1392 23
1393 33
1394 31
1395 35
1396 25
1397 33
1398 31
1399 31
1400 37
1401 23
1402 30
1403 27
1404 24
1405 29
1406 27
1407 27
1408 26
1409 24
1410 27
1411 28
1412 39
1413 23
1414 33
1415 24
1416 30
1417 15
1418 20
1419 29
1420 29
1421 31
1422 21
1423 25
1424 32
1425 33
1426 24
1427 32
1428 23
1429 23
1430 28
1431 29
1432 24
1433 28
1434 21
1435 28
1436 19
1437 27
1438 26
1439 22
1440 26
1441 27
1442 30
1443 30
1444 26
1445 17
1446 29
1447 17
1448 14
1449 23
1450 13
1451 30
1452 26
1453 14
1454 17
1455 27
1456 20
1457 17
1458 29
1459 21
1460 21
1461 20
1462 16
1463 22
1464 15
1465 15
1466 16
1467 18
1468 22
1469 13
1470 17
1471 14
1472 16
1473 21
1474 18
1475 22
1476 25
1477 17
1478 21
1479 15
1480 17
1481 20
1482 17
1483 19
1484 16
1485 12
1486 20
1487 20
1488 11
1489 20
1490 20
1491 19
1492 16
1493 18
1494 20
1495 9
1496 22
1497 13
1498 20
1499 19
1500 13
1501 14
1502 16
1503 10
1504 18
1505 14
1506 14
1507 13
1508 21
1509 14
1510 16
1511 17
1512 14
1513 14
1514 10
1515 10
1516 12
1517 14
1518 18
1519 15
1520 13
1521 9
1522 14
1523 19
1524 15
1525 14
1526 22
1527 11
1528 12
1529 18
1530 14
1531 11
1532 15
1533 10
1534 14
1535 16
1536 13
1537 11
1538 11
1539 23
1540 9
1541 15
1542 4
1543 12
1544 4
1545 19
1546 12
1547 13
1548 11
1549 22
1550 18
1551 9
1552 12
1553 9
1554 8
1555 13
1556 14
1557 13
1558 7
1559 11
1560 6
1561 9
1562 10
1563 3
1564 13
1565 12
1566 7
1567 11
1568 9
1569 16
1570 8
1571 7
1572 10
1573 8
1574 8
1575 7
1576 8
1577 10
1578 5
1579 7
1580 10
1581 10
1582 7
1583 8
1584 9
1585 6
1586 7
1587 4
1588 16
1589 10
1590 5
1591 11
1592 9
1593 17
1594 9
1595 10
1596 11
1597 8
1598 5
1599 15
1600 10
1601 11
1602 7
1603 6
1604 11
1605 7
1606 9
1607 4
1608 8
1609 7
1610 11
1611 4
1612 10
1613 7
1614 8
1615 11
1616 10
1617 11
1618 9
1619 13
1620 8
1621 7
1622 6
1623 9
1624 8
1625 10
1626 5
1627 8
1628 10
1629 3
1630 3
1631 6
1632 5
1633 9
1634 10
1635 6
1636 14
1637 4
1638 4
1639 5
1640 3
1641 11
1642 9
1643 6
1644 7
1645 2
1646 6
1647 5
1648 9
1649 5
1650 6
1651 10
1652 4
1653 7
1654 9
1655 3
1656 7
1657 4
1658 10
1659 5
1660 11
1661 4
1662 4
1663 3
1664 7
1665 7
1666 5
1667 4
1668 6
1669 7
1670 6
1671 3
1672 6
1673 2
1674 7
1675 8
1676 7
1677 3
1678 7
1679 5
1680 5
1681 5
1682 1
1683 8
1684 3
1685 10
1686 4
1687 5
1688 3
1689 3
1690 4
1691 5
1692 6
1693 4
1694 9
1695 2
1696 7
1697 5
1698 4
1699 7
1700 5
1701 1
1702 3
1703 3
1704 6
1705 5
1706 5
1707 3
1708 3
1709 4
1710 2
1711 3
1712 3
1713 5
1714 6
1715 4
1716 4
1717 1
1718 3
1719 9
1720 3
1721 4
1722 7
1723 2
1724 6
1725 3
1726 5
1727 6
1728 6
1729 5
1730 3
1731 5
1732 4
1733 4
1734 2
1735 10
1736 5
1737 1
1738 4
1739 9
1740 4
1741 3
1742 4
1743 8
1744 4
1745 3
1746 6
1747 5
1748 3
1749 3
1750 3
1751 4
1752 4
1753 1
1754 4
1755 3
1756 1
1757 3
1758 2
1759 3
1760 4
1761 2
1762 0
1763 2
1764 4
1765 2
1766 2
1767 5
1768 3
1769 0
1770 5
1771 2
1772 2
1773 2
1774 4
1775 2
1776 5
1777 0
1778 3
1779 0
1780 4
1781 2
1782 4
1783 2
1784 0
1785 2
1786 3
1787 1
1788 1
1789 3
1790 3
1791 4
1792 3
1793 3
1794 4
1795 1
1796 2
1797 5
1798 5
1799 1
1800 4
1801 0
1802 1
1803 5
1804 1
1805 1
1806 1
1807 3
1808 2
1809 3
1810 2
1811 2
1812 2
1813 1
1814 3
1815 1
1816 0
1817 2
1818 2
1819 6
1820 3
1821 2
1822 2
1823 1
1824 2
1825 1
1826 1
1827 2
1828 5
1829 4
1830 1
1831 4
1832 3
1833 3
1834 4
1835 2
1836 0
1837 3
1838 1
1839 4
1840 1
1841 2
1842 1
1843 0
1844 1
1845 2
1846 4
1847 4
1848 2
1849 4
1850 0
1851 4
1852 1
1853 1
1854 4
1855 2
1856 1
1857 4
1858 1
1859 1
1860 1
1861 0
1862 2
1863 1
1864 2
1865 1
1866 1
1867 1
1868 2
1869 4
1870 1
1871 1
1872 0
1873 1
1874 0
1875 0
1876 3
1877 2
1878 1
1879 3
1880 0
1881 2
1882 1
1883 1
1884 1
1885 1
1886 1
1887 0
1888 3
1889 3
1890 1
1891 2
1892 2
1893 3
1894 0
1895 0
1896 2
1897 1
1898 2
1899 2
1900 2
1901 1
1902 1
1903 2
1904 1
1905 2
1906 1
1907 0
1908 0
1909 0
1910 0
1911 3
1912 1
1913 0
1914 2
1915 1
1916 3
1917 0
1918 2
1919 1
1920 0
1921 2
1922 3
1923 2
1924 0
1925 0
1926 0
1927 0
1928 1
1929 2
1930 0
1931 1
1932 0
1933 1
1934 1
1935 0
1936 1
1937 0
1938 1
1939 1
1940 0
1941 1
1942 0
1943 1
1944 1
1945 0
1946 1
1947 0
1948 1
1949 1
1950 1
1951 0
1952 2
1953 2
1954 0
1955 0
1956 0
1957 2
1958 1
1959 0
1960 2
1961 3
1962 1
1963 3
1964 0
1965 1
1966 1
1967 1
1968 2
1969 0
1970 0
1971 1
1972 1
1973 0
1974 0
1975 1
1976 0
1977 0
1978 0
1979 0
1980 0
1981 0
1982 1
1983 2
1984 2
1985 0
1986 0
1987 1
1988 0
1989 0
1990 1
1991 3
1992 1
1993 0
1994 0
1995 0
1996 1
1997 2
1998 0
1999 1
2000 2
2001 1
2002 1
2003 1
2004 0
2005 1
2006 0
2007 1
2008 0
2009 0
2010 1
2011 1
2012 1
2013 1
2014 0
2015 0
2016 1
2017 0
2018 0
2019 1
2020 0
2021 1
2022 0
2023 0
2024 0
2025 0
2026 0
2027 0
2028 1
2029 0
2030 2
2031 0
2032 1
2033 1
2034 3
2035 0
2036 0
2037 0
2038 0
2039 1
2040 0
2041 0
2042 0
2043 0
2044 0
2045 0
2046 0
2047 1
2048 0
2049 2
2050 0
2051 0
2052 0
2053 2
2054 0
2055 0
2056 0
2057 1
2058 0
2059 3
2060 1
2061 1
2062 0
2063 1
2064 0
2065 0
2066 0
2067 0
2068 0
2069 0
2070 0
2071 0
2072 1
2073 0
2074 1
2075 0
2076 1
2077 1
2078 0
2079 1
2080 1
2081 0
2082 0
2083 3
2084 0
2085 0
2086 0
2087 0
2088 0
2089 0
2090 1
2091 0
2092 0
2093 3
2094 0
2095 0
2096 1
2097 0
2098 1
2099 0
2100 0
2101 1
2102 0
2103 0
2104 0
2105 1
2106 0
2107 0
2108 0
2109 1
2110 0
2111 0
2112 0
2113 0
2114 0
2115 1
2116 0
2117 1
2118 0
2119 1
2120 1
2121 0
2122 0
2123 0
2124 0
2125 0
2126 0
2127 0
2128 0
2129 0
2130 0
2131 1
2132 1
2133 0
2134 0
2135 1
2136 0
2137 0
2138 0
2139 0
2140 0
2141 0
2142 0
2143 0
2144 0
2145 0
2146 0
2147 0
2148 0
2149 0
2150 0
2151 0
2152 0
2153 2
2154 0
2155 0
2156 0
2157 0
2158 0
2159 0
2160 0
2161 1
2162 0
2163 0
2164 1
2165 0
2166 0
2167 0
2168 0
2169 1
2170 0
2171 0
2172 0
2173 0
2174 0
2175 0
2176 0
2177 0
2178 0
2179 0
2180 0
2181 0
2182 0
2183 1
2184 0
2185 0
2186 0
2187 0
2188 0
2189 0
2190 0
2191 0
2192 0
2193 0
2194 1
2195 0
2196 0
2197 0
2198 0
2199 2
2200 0
2201 0
2202 0
2203 0
2204 0
2205 0
2206 1
2207 0
2208 0
2209 0
2210 0
2211 0
2212 0
2213 0
2214 0
2215 1
2216 0
2217 0
2218 2
2219 0
2220 1
2221 0
2222 1
2223 1
2224 0
2225 1
2226 0
2227 1
2228 0
2229 0
2230 1
2231 0
2232 0
2233 0
2234 1
2235 0
2236 0
2237 0
2238 0
2239 0
2240 0
2241 0
2242 0
2243 0
2244 0
2245 0
2246 1
2247 0
2248 0
2249 0
2250 0
2251 0
2252 0
2253 0
2254 0
2255 0
2256 0
2257 0
2258 0
2259 0
2260 0
2261 0
2262 1
2263 0
2264 0
2265 0
2266 0
2267 0
2268 0
2269 0
2270 0
2271 1
2272 1
2273 0
2274 0
2275 0
2276 1
2277 0
2278 1
2279 1
2280 0
2281 0
2282 0
2283 0
2284 0
2285 0
2286 0
2287 1
2288 0
2289 0
2290 0
2291 0
2292 1
2293 0
2294 0
2295 0
2296 0
2297 0
2298 1
2299 0
2300 0
2301 0
2302 0
2303 0
2304 0
2305 0
2306 0
2307 0
2308 0
2309 0
2310 0
2311 0
2312 0
2313 0
2314 0
2315 1
2316 0
2317 1
2318 0
2319 0
2320 0
2321 0
2322 0
2323 0
2324 0
2325 0
2326 0
2327 0
2328 0
2329 0
2330 0
2331 0
2332 0
2333 0
2334 1
2335 1
2336 0
2337 0
2338 0
2339 0
2340 0
2341 0
2342 0
2343 0
2344 0
2345 0
2346 0
2347 0
2348 0
2349 0
2350 0
2351 0
2352 0
2353 0
2354 0
2355 1
2356 0
2357 0
2358 0
2359 0
2360 0
2361 1
2362 0
2363 1
2364 1
2365 0
2366 0
2367 0
2368 0
2369 0
2370 0
2371 0
2372 0
2373 0
2374 0
2375 0
2376 0
2377 0
2378 0
2379 0
2380 1
2381 0
2382 0
2383 0
2384 0
2385 0
2386 0
2387 0
2388 0
2389 0
2390 0
2391 0
2392 0
2393 0
2394 0
2395 0
2396 0
2397 0
2398 0
2399 0
2400 0
2401 0
2402 0
2403 0
2404 0
2405 0
2406 0
2407 0
2408 0
2409 0
2410 0
2411 0
2412 0
2413 0
2414 0
2415 1
2416 0
2417 0
2418 0
2419 0
2420 0
2421 0
2422 0
2423 0
2424 0
2425 0
2426 0
2427 0
2428 0
2429 0
2430 0
2431 0
2432 0
2433 0
2434 0
2435 0
2436 0
2437 0
2438 0
2439 0
2440 0
2441 0
2442 0
2443 0
2444 0
2445 0
2446 0
2447 0
2448 0
2449 0
2450 0
2451 0
2452 0
2453 0
2454 0
2455 0
2456 0
2457 0
2458 0
2459 0
2460 0
2461 0
2462 0
2463 0
2464 0
2465 0
2466 1
2467 0
2468 0
2469 1
2470 0
2471 0
2472 0
2473 0
2474 0
2475 0
2476 0
2477 0
2478 0
2479 0
2480 0
2481 0
2482 0
2483 0
2484 0
2485 0
2486 1
2487 0
2488 0
2489 0
2490 0
2491 0
2492 0
2493 0
2494 0
2495 0
2496 0
2497 0
2498 0
2499 0
2500 0
2501 0
2502 0
2503 0
2504 0
2505 0
2506 0
2507 0
2508 1
2509 0
2510 0
2511 0
2512 0
2513 0
2514 0
2515 0
2516 0
2517 0
2518 0
2519 0
2520 1
2521 0
2522 0
2523 0
2524 0
2525 0
2526 0
2527 0
2528 0
2529 0
2530 0
2531 0
2532 0
2533 0
2534 0
2535 0
2536 0
2537 0
2538 0
2539 0
2540 0
2541 0
2542 0
2543 0
2544 0
2545 0
2546 0
2547 0
2548 0
2549 0
2550 0
2551 0
2552 0
2553 0
2554 0
2555 0
2556 0
2557 0
2558 0
2559 0
2560 0
2561 0
2562 0
2563 0
2564 0
2565 0
2566 0
2567 0
2568 0
2569 0
2570 0
2571 0
2572 0
2573 0
2574 0
2575 0
2576 0
2577 0
2578 0
2579 0
2580 0
2581 0
2582 0
2583 0
2584 0
2585 0
2586 0
2587 0
2588 0
2589 0
2590 0
2591 0
2592 0
2593 0
2594 0
2595 0
2596 0
2597 0
2598 0
2599 0
2600 0
2601 1
2602 0
2603 0
2604 1
2605 0
2606 0
2607 0
2608 0
2609 0
2610 0
2611 0
2612 0
2613 0
2614 0
2615 0
2616 0
2617 0
2618 0
2619 0
2620 0
2621 0
2622 0
2623 0
2624 0
2625 0
2626 0
2627 0
2628 0
2629 0
2630 0
2631 0
2632 0
2633 0
2634 0
2635 0
2636 0
2637 0
2638 0
2639 0
2640 0
2641 0
2642 0
2643 0
2644 0
2645 0
2646 0
2647 0
2648 0
2649 0
2650 0
2651 0
2652 0
2653 0
2654 0
2655 0
2656 0
2657 0
2658 0
2659 0
2660 0
2661 0
2662 0
2663 1
2664 0
2665 0
2666 0
2667 0
2668 0
2669 0
2670 0
2671 0
2672 0
2673 0
2674 0
2675 0
2676 0
2677 0
2678 0
2679 0
2680 1
2681 0
2682 0
2683 0
2684 1
2685 0
2686 0
2687 1
2688 0
2689 0
2690 0
2691 0
2692 0
2693 0
2694 0
2695 0
2696 0
2697 0
2698 0
2699 0
2700 0
2701 0
2702 0
2703 1
2704 0
2705 0
2706 0
2707 0
2708 0
2709 0
2710 0
2711 0
2712 0
2713 0
2714 0
2715 0
2716 0
2717 0
2718 0
2719 0
2720 1
2721 0
2722 0
2723 0
2724 0
2725 0
2726 0
2727 0
2728 0
2729 0
2730 0
2731 0
2732 0
2733 0
2734 0
2735 1
2736 0
2737 0
2738 0
2739 0
2740 0
2741 0
2742 0
2743 0
2744 0
2745 0
2746 0
2747 0
2748 0
2749 0
2750 0
2751 0
2752 0
2753 0
2754 0
2755 0
2756 1
2757 0
2758 0
2759 0
2760 0
2761 0
2762 0
2763 0
2764 0
2765 0
2766 0
2767 0
2768 0
2769 0
2770 0
2771 0
2772 0
2773 0
2774 0
2775 0
2776 0
2777 0
2778 0
2779 0
2780 0
2781 0
2782 0
2783 0
2784 0
2785 0
2786 0
2787 0
2788 0
2789 0
2790 0
2791 0
2792 0
2793 0
2794 0
2795 0
2796 0
2797 1
2798 0
2799 0
2800 0
2801 0
2802 0
2803 0
2804 0
2805 0
2806 0
2807 0
2808 0
2809 0
2810 1
2811 0
2812 0
2813 0
2814 0
2815 0
2816 0
2817 0
2818 0
2819 0
2820 0
2821 0
2822 0
2823 0
2824 0
2825 0
2826 0
2827 0
2828 0
2829 0
2830 0
2831 0
2832 0
2833 0
2834 0
2835 0
2836 1
2837 0
2838 0
2839 0
2840 0
2841 0
2842 0
2843 0
2844 0
2845 0
2846 0
2847 0
2848 1
2849 0
2850 0
2851 0
2852 0
2853 0
2854 0
2855 0
2856 0
2857 0
2858 0
2859 0
2860 0
2861 0
2862 0
2863 0
2864 0
2865 0
2866 0
2867 0
2868 0
2869 0
2870 0
2871 0
2872 0
2873 0
2874 0
2875 0
2876 0
2877 0
2878 0
2879 0
2880 0
2881 0
2882 0
2883 0
2884 0
2885 0
2886 0
2887 0
2888 0
2889 0
2890 0
2891 0
2892 0
2893 0
2894 0
2895 0
2896 0
2897 0
2898 0
2899 0
2900 0
2901 0
2902 0
2903 0
2904 0
2905 0
2906 0
2907 0
2908 0
2909 0
2910 0
2911 0
2912 0
2913 0
2914 0
2915 0
2916 0
2917 0
2918 0
2919 0
2920 0
2921 0
2922 0
2923 0
2924 0
2925 0
2926 0
2927 0
2928 0
2929 0
2930 0
2931 0
2932 0
2933 0
2934 0
2935 0
2936 0
2937 0
2938 0
2939 0
2940 0
2941 0
2942 0
2943 0
2944 0
2945 0
2946 0
2947 0
2948 0
2949 0
2950 0
2951 0
2952 0
2953 0
2954 0
2955 0
2956 0
2957 0
2958 0
2959 0
2960 0
2961 0
2962 0
2963 0
2964 0
2965 0
2966 0
2967 1
2968 0
2969 0
2970 0
2971 0
2972 0
2973 0
2974 0
2975 0
2976 0
2977 0
2978 0
2979 0
2980 0
2981 0
2982 0
2983 0
2984 0
2985 0
2986 0
2987 0
2988 0
2989 0
2990 0
2991 0
2992 0
2993 0
2994 0
2995 0
2996 1
2997 0
2998 0
2999 0
3000 0
3001 0
3002 0
3003 0
3004 0
3005 0
3006 0
3007 0
3008 0
3009 0
3010 0
3011 0
3012 0
3013 0
3014 0
3015 0
3016 0
3017 0
3018 0
3019 0
3020 0
3021 0
3022 0
3023 0
3024 0
3025 0
3026 0
3027 0
3028 0
3029 0
3030 0
3031 0
3032 0
3033 0
3034 0
3035 0
3036 0
3037 0
3038 0
3039 0
3040 0
3041 0
3042 0
3043 0
3044 0
3045 0
3046 0
3047 0
3048 0
3049 0
3050 0
3051 0
3052 0
3053 0
3054 0
3055 0
3056 0
3057 0
3058 0
3059 0
3060 0
3061 0
3062 0
3063 0
3064 0
3065 0
3066 0
3067 0
3068 1
3069 0
3070 0
3071 0
3072 0
3073 0
3074 0
3075 0
3076 0
3077 0
3078 0
3079 0
3080 0
3081 0
3082 0
3083 0
3084 0
3085 0
3086 0
3087 0
3088 0
3089 0
3090 0
3091 0
3092 0
3093 0
3094 0
3095 0
3096 0
3097 0
3098 0
3099 0
3100 1
3101 0
3102 0
3103 0
3104 0
3105 0
3106 0
3107 0
3108 0
3109 0
3110 0
3111 0
3112 0
3113 0
3114 0
3115 0
3116 0
3117 0
3118 0
3119 0
3120 0
3121 0
3122 0
3123 0
3124 0
3125 0
3126 0
3127 0
3128 1
3129 0
3130 0
3131 0
3132 0
3133 0
3134 0
3135 0
3136 0
3137 0
3138 0
3139 0
3140 0
3141 0
3142 0
3143 0
3144 0
3145 0
3146 0
3147 0
3148 0
3149 0
3150 0
3151 0
3152 0
3153 0
3154 0
3155 0
3156 0
3157 0
3158 0
3159 0
3160 0
3161 0
3162 0
3163 0
3164 0
3165 0
3166 0
3167 0
3168 0
3169 1
3170 0
3171 0
3172 0
3173 0
3174 0
3175 0
3176 0
3177 0
3178 0
3179 0
3180 0
3181 0
3182 0
3183 0
3184 0
3185 0
3186 0
3187 1
3188 0
3189 0
3190 0
3191 0
3192 0
3193 0
3194 0
3195 0
3196 0
3197 0
3198 0
3199 0
3200 0
3201 0
3202 0
3203 0
3204 0
3205 0
3206 0
3207 0
3208 0
3209 0
3210 0
3211 0
3212 0
3213 0
3214 0
3215 0
3216 0
3217 0
3218 0
3219 0
3220 0
3221 0
3222 0
3223 0
3224 0
3225 0
3226 0
3227 0
3228 0
3229 0
3230 0
3231 0
3232 0
3233 0
3234 0
3235 0
3236 0
3237 0
3238 0
3239 0
3240 0
3241 0
3242 0
3243 0
3244 0
3245 0
3246 0
3247 0
3248 0
3249 0
3250 0
3251 0
3252 0
3253 0
3254 0
3255 0
3256 0
3257 0
3258 0
3259 0
3260 0
3261 0
3262 0
3263 0
3264 0
3265 0
3266 0
3267 0
3268 0
3269 0
3270 0
3271 0
3272 0
3273 1
3274 0
3275 0
3276 0
3277 0
3278 0
3279 0
3280 0
3281 0
3282 0
3283 0
3284 0
3285 0
3286 0
3287 0
3288 0
3289 0
3290 0
3291 0
3292 0
3293 0
3294 0
3295 0
3296 0
3297 0
3298 0
3299 0
3300 0
3301 0
3302 0
3303 0
3304 0
3305 0
3306 0
3307 0
3308 0
3309 0
3310 0
3311 0
3312 0
3313 0
3314 0
3315 0
3316 0
3317 0
3318 0
3319 0
3320 0
3321 0
3322 0
3323 0
3324 0
3325 0
3326 0
3327 0
3328 0
3329 0
3330 0
3331 0
3332 0
3333 0
3334 0
3335 1
3336 0
3337 0
3338 0
3339 0
3340 0
3341 0
3342 0
3343 0
3344 0
3345 0
3346 0
3347 0
3348 0
3349 0
3350 0
3351 0
3352 0
3353 0
3354 0
3355 0
3356 0
3357 0
3358 0
3359 0
3360 0
3361 0
3362 0
3363 0
3364 0
3365 0
3366 0
3367 0
3368 0
3369 0
3370 0
3371 0
3372 0
3373 0
3374 0
3375 0
3376 0
3377 0
3378 0
3379 0
3380 0
3381 0
3382 0
3383 0
3384 0
3385 0
3386 0
3387 0
3388 0
3389 0
3390 0
3391 0
3392 0
3393 0
3394 0
3395 0
3396 0
3397 0
3398 0
3399 0
3400 0
3401 0
3402 0
3403 0
3404 0
3405 0
3406 0
3407 0
3408 0
3409 0
3410 0
3411 0
3412 0
3413 0
3414 0
3415 0
3416 0
3417 0
3418 0
3419 0
3420 0
3421 0
3422 0
3423 0
3424 0
3425 0
3426 0
3427 0
3428 0
3429 0
3430 0
3431 0
3432 0
3433 0
3434 0
3435 0
3436 0
3437 0
3438 0
3439 0
3440 0
3441 0
3442 0
3443 0
3444 1
3445 0
3446 0
3447 0
3448 0
3449 0
3450 0
3451 0
3452 0
3453 0
3454 0
3455 0
3456 0
3457 0
3458 0
3459 0
3460 0
3461 0
3462 0
3463 0
3464 0
3465 0
3466 0
3467 0
3468 0
3469 0
3470 0
3471 0
3472 0
3473 0
3474 0
3475 0
3476 0
3477 0
3478 0
3479 0
3480 0
3481 0
3482 0
3483 0
3484 0
3485 0
3486 0
3487 0
3488 0
3489 0
3490 0
3491 0
3492 0
3493 0
3494 0
3495 0
3496 0
3497 0
3498 0
3499 0
3500 0
3501 0
3502 0
3503 0
3504 0
3505 0
3506 0
3507 0
3508 0
3509 0
3510 0
3511 0
3512 0
3513 0
3514 0
3515 0
3516 0
3517 0
3518 0
3519 0
3520 0
3521 0
3522 0
3523 0
3524 0
3525 0
3526 0
3527 0
3528 0
3529 0
3530 0
3531 0
3532 0
3533 0
3534 0
3535 0
3536 0
3537 0
3538 0
3539 1
3540 0
3541 0
3542 0
3543 0
3544 0
3545 0
3546 0
3547 0
3548 0
3549 0
3550 0
3551 0
3552 0
3553 0
3554 0
3555 0
3556 0
3557 0
3558 0
3559 0
3560 0
3561 0
3562 0
3563 0
3564 0
3565 0
3566 0
3567 0
3568 0
3569 0
3570 0
3571 0
3572 0
3573 0
3574 0
3575 0
3576 0
3577 0
3578 0
3579 0
3580 0
3581 0
3582 0
3583 0
3584 0
3585 0
3586 0
3587 0
3588 0
3589 0
3590 0
3591 0
3592 0
3593 0
3594 0
3595 0
3596 0
3597 0
3598 0
3599 0
3600 0
3601 1
3602 0
3603 0
3604 0
3605 0
3606 0
3607 0
3608 0
3609 0
3610 0
3611 0
3612 0
3613 0
3614 0
3615 0
3616 0
3617 0
3618 0
3619 0
3620 0
3621 0
3622 0
3623 0
3624 0
3625 0
3626 1
3627 0
3628 0
3629 0
3630 0
3631 0
3632 0
3633 0
3634 0
3635 0
3636 0
3637 0
3638 0
3639 0
3640 0
3641 0
3642 0
3643 0
3644 0
3645 0
3646 0
3647 0
3648 0
3649 0
3650 0
3651 0
3652 0
3653 1
3654 0
3655 0
3656 0
3657 0
3658 0
3659 0
3660 0
3661 0
3662 0
3663 0
3664 0
3665 0
3666 0
3667 0
3668 0
3669 0
3670 1
3671 0
3672 0
3673 0
3674 0
3675 0
3676 0
3677 0
3678 0
3679 0
3680 0
3681 0
3682 0
3683 0
3684 0
3685 0
3686 0
3687 0
3688 0
3689 0
3690 0
3691 0
3692 0
3693 0
3694 0
3695 0
3696 0
3697 0
3698 0
3699 0
3700 0
3701 0
3702 0
3703 0
3704 0
3705 0
3706 0
3707 0
3708 0
3709 0
3710 0
3711 0
3712 0
3713 0
3714 0
3715 0
3716 0
3717 0
3718 0
3719 0
3720 0
3721 0
3722 0
3723 0
3724 0
3725 0
3726 0
3727 0
3728 0
3729 0
3730 0
3731 0
3732 0
3733 1
3734 0
3735 0
3736 0
3737 0
3738 0
3739 0
3740 0
3741 0
3742 0
3743 0
3744 0
3745 0
3746 0
3747 0
3748 0
3749 0
3750 0
3751 0
3752 0
3753 0
3754 0
3755 0
3756 0
3757 0
3758 0
3759 0
3760 1
3761 1
3762 0
3763 0
3764 0
3765 0
3766 0
3767 0
3768 0
3769 0
3770 0
3771 0
3772 0
3773 0
3774 0
3775 0
3776 0
3777 0
3778 0
3779 0
3780 0
3781 0
3782 0
3783 0
3784 0
3785 0
3786 0
3787 0
3788 0
3789 0
3790 0
3791 0
3792 0
3793 0
3794 0
3795 0
3796 0
3797 0
3798 0
3799 0
3800 0
3801 0
3802 0
3803 0
3804 0
3805 0
3806 0
3807 0
3808 0
3809 0
3810 0
3811 0
3812 0
3813 0
3814 0
3815 0
3816 0
3817 0
3818 0
3819 0
3820 0
3821 0
3822 0
3823 0
3824 0
3825 0
3826 0
3827 0
3828 0
3829 0
3830 0
3831 0
3832 0
3833 0
3834 0
3835 0
3836 0
3837 0
3838 0
3839 0
3840 0
3841 0
3842 0
3843 0
3844 0
3845 0
3846 0
3847 0
3848 0
3849 0
3850 0
3851 1
3852 0
3853 0
3854 0
3855 0
3856 0
3857 0
3858 0
3859 0
3860 0
3861 0
3862 0
3863 0
3864 0
3865 0
3866 0
3867 0
3868 0
3869 0
3870 0
3871 0
3872 0
3873 0
3874 0
3875 0
3876 0
3877 0
3878 0
3879 0
3880 0
3881 0
3882 0
3883 0
3884 0
3885 0
3886 0
3887 0
3888 0
3889 0
3890 0
3891 0
3892 0
3893 0
3894 0
3895 0
3896 0
3897 0
3898 0
3899 0
3900 0
3901 0
3902 0
3903 0
3904 0
3905 0
3906 0
3907 0
3908 0
3909 0
3910 0
3911 0
3912 0
3913 0
3914 0
3915 0
3916 0
3917 0
3918 0
3919 0
3920 0
3921 0
3922 0
3923 0
3924 1
3925 0
3926 0
3927 0
3928 0
3929 0
3930 0
3931 0
3932 0
3933 0
3934 0
3935 1
3936 0
3937 0
3938 0
3939 0
3940 0
3941 0
3942 0
3943 0
3944 0
3945 0
3946 0
3947 0
3948 0
3949 0
3950 0
3951 0
3952 0
3953 0
3954 0
3955 0
3956 0
3957 0
3958 0
3959 0
3960 0
3961 0
3962 0
3963 0
3964 0
3965 0
3966 0
3967 0
3968 0
3969 0
3970 0
3971 0
3972 0
3973 0
3974 0
3975 0
3976 0
3977 0
3978 0
3979 0
3980 0
3981 0
3982 0
3983 0
3984 0
3985 0
3986 0
3987 0
3988 0
3989 0
3990 0
3991 0
3992 0
3993 0
3994 0
3995 0
3996 0
3997 0
3998 0
3999 0
4000 0
