0 0
1 0
2 0
3 0
4 0
5 0
6 0
7 0
8 0
9 0
10 0
11 0
12 0
13 0
14 0
15 0
16 0
17 0
18 0
19 0
20 0
21 0
22 0
23 0
24 0
25 0
26 0
27 0
28 0
29 0
30 0
31 0
32 0
33 0
34 0
35 0
36 0
37 0
38 0
39 0
40 0
41 0
42 0
43 0
44 0
45 0
46 0
47 0
48 0
49 0
50 0
51 0
52 0
53 0
54 0
55 0
56 0
57 0
58 0
59 0
60 0
61 0
62 0
63 0
64 0
65 0
66 0
67 0
68 0
69 0
70 0
71 0
72 0
73 0
74 0
75 0
76 0
77 0
78 0
79 0
80 0
81 0
82 0
83 0
84 0
85 0
86 0
87 0
88 0
89 0
90 0
91 0
92 0
93 0
94 0
95 0
96 0
97 0
98 0
99 0
100 0
101 0
102 0
103 0
104 0
105 0
106 0
107 0
108 0
109 0
110 0
111 0
112 0
113 0
114 0
115 0
116 0
117 0
118 0
119 0
120 0
121 0
122 0
123 0
124 0
125 0
126 0
127 0
128 0
129 0
130 0
131 0
132 0
133 0
134 0
135 0
136 0
137 0
138 0
139 0
140 0
141 0
142 0
143 0
144 0
145 0
146 0
147 0
148 1
149 0
150 2
151 1
152 6
153 9
154 10
155 9
156 9
157 11
158 8
159 6
160 6
161 9
162 10
163 8
164 7
165 10
166 15
167 12
168 10
169 8
170 15
171 21
172 42
173 81
174 130
175 225
176 303
177 389
178 421
179 515
180 615
181 899
182 1193
183 1892
184 2950
185 4484
186 6127
187 7024
188 7892
189 8233
190 8112
191 7725
192 7119
193 6625
194 5857
195 5427
196 4753
197 4348
198 3816
199 3436
200 2977
201 2574
202 2470
203 2134
204 1830
205 1720
206 1566
207 1505
208 1353
209 1378
210 1288
211 1268
212 1188
213 1210
214 1200
215 1158
216 1174
217 1093
218 1103
219 1140
220 1193
221 1190
222 1093
223 1140
224 1123
225 1140
226 1160
227 1169
228 1220
229 1183
230 1149
231 1109
232 1205
233 1202
234 1128
235 1142
236 1263
237 1247
238 1164
239 1223
240 1233
241 1199
242 1192
243 1204
244 1217
245 1247
246 1268
247 1262
248 1258
249 1307
250 1233
251 1289
252 1285
253 1270
254 1251
255 1299
256 1250
257 1265
258 1294
259 1326
260 1297
261 1320
262 1294
263 1295
264 1318
265 1329
266 1351
267 1423
268 1348
269 1392
270 1371
271 1361
272 1375
273 1346
274 1375
275 1343
276 1414
277 1349
278 1417
279 1429
280 1334
281 1423
282 1323
283 1350
284 1390
285 1431
286 1354
287 1371
288 1305
289 1493
290 1427
291 1455
292 1474
293 1396
294 1436
295 1452
296 1353
297 1499
298 1481
299 1485
300 1451
301 1401
302 1417
303 1475
304 1483
305 1494
306 1514
307 1467
308 1518
309 1464
310 1477
311 1451
312 1543
313 1555
314 1593
315 1584
316 1467
317 1554
318 1572
319 1556
320 1521
321 1527
322 1522
323 1548
324 1515
325 1534
326 1467
327 1525
328 1571
329 1559
330 1615
331 1533
332 1594
333 1596
334 1548
335 1678
336 1549
337 1671
338 1574
339 1598
340 1646
341 1628
342 1649
343 1593
344 1586
345 1642
346 1646
347 1594
348 1675
349 1624
350 1622
351 1658
352 1598
353 1711
354 1662
355 1708
356 1662
357 1741
358 1682
359 1689
360 1750
361 1743
362 1794
363 1693
364 1766
365 1703
366 1847
367 1780
368 1688
369 1741
370 1786
371 1830
372 1747
373 1676
374 1780
375 1791
376 1746
377 1810
378 1715
379 1781
380 1750
381 1793
382 1879
383 1821
384 1828
385 1802
386 1773
387 1793
388 1857
389 1804
390 1881
391 1859
392 1839
393 1764
394 1916
395 1773
396 1773
397 1907
398 1816
399 1907
400 1927
401 1864
402 1803
403 1854
404 1827
405 1800
406 1831
407 1850
408 1794
409 1857
410 1915
411 1889
412 1882
413 1875
414 1913
415 1864
416 1808
417 1915
418 1859
419 1851
420 1873
421 1899
422 1860
423 1899
424 1793
425 1857
426 1900
427 1958
428 1844
429 1858
430 1936
431 1875
432 1936
433 1800
434 1809
435 1834
436 1871
437 1857
438 1853
439 1910
440 1846
441 1900
442 1861
443 1903
444 1810
445 1883
446 1861
447 1865
448 1771
449 1870
450 1816
451 1841
452 1783
453 1798
454 1877
455 1834
456 1798
457 1778
458 1883
459 1871
460 1773
461 1838
462 1718
463 1743
464 1745
465 1850
466 1690
467 1731
468 1774
469 1772
470 1763
471 1618
472 1724
473 1766
474 1696
475 1708
476 1775
477 1749
478 1692
479 1718
480 1762
481 1643
482 1663
483 1652
484 1692
485 1649
486 1680
487 1662
488 1673
489 1607
490 1586
491 1628
492 1588
493 1589
494 1550
495 1556
496 1552
497 1576
498 1635
499 1497
500 1566
501 1527
502 1531
503 1508
504 1508
505 1532
506 1557
507 1534
508 1478
509 1509
510 1487
511 1449
512 1428
513 1416
514 1387
515 1429
516 1397
517 1408
518 1460
519 1378
520 1446
521 1381
522 1393
523 1433
524 1418
525 1350
526 1389
527 1343
528 1325
529 1267
530 1322
531 1267
532 1298
533 1281
534 1289
535 1313
536 1241
537 1244
538 1224
539 1272
540 1212
541 1242
542 1202
543 1145
544 1228
545 1204
546 1179
547 1195
548 1191
549 1148
550 1178
551 1153
552 1149
553 1184
554 1131
555 1071
556 1132
557 1088
558 1137
559 1099
560 1108
561 1087
562 1050
563 1097
564 1065
565 1062
566 1052
567 1051
568 1013
569 968
570 1022
571 1019
572 960
573 979
574 1000
575 996
576 972
577 924
578 919
579 921
580 942
581 962
582 963
583 838
584 932
585 951
586 855
587 889
588 917
589 914
590 808
591 841
592 823
593 846
594 808
595 790
596 836
597 802
598 819
599 784
600 809
601 803
602 801
603 704
604 772
605 725
606 725
607 774
608 743
609 762
610 754
611 744
612 685
613 667
614 716
615 655
616 669
617 690
618 688
619 658
620 653
621 634
622 617
623 687
624 667
625 681
626 605
627 641
628 610
629 610
630 631
631 603
632 627
633 609
634 597
635 586
636 550
637 584
638 600
639 619
640 550
641 540
642 541
643 531
644 534
645 555
646 571
647 526
648 527
649 568
650 504
651 551
652 529
653 495
654 506
655 509
656 479
657 494
658 485
659 463
660 505
661 472
662 499
663 498
664 488
665 482
666 460
667 459
668 427
669 454
670 470
671 449
672 445
673 436
674 438
675 443
676 407
677 394
678 462
679 425
680 412
681 395
682 419
683 412
684 386
685 376
686 389
687 393
688 399
689 391
690 378
691 379
692 387
693 369
694 379
695 354
696 377
697 389
698 386
699 387
700 370
701 358
702 370
703 326
704 331
705 362
706 349
707 333
708 360
709 354
710 343
711 335
712 365
713 385
714 367
715 300
716 320
717 339
718 328
719 348
720 314
721 294
722 346
723 317
724 342
725 308
726 313
727 296
728 316
729 324
730 301
731 347
732 299
733 302
734 292
735 323
736 294
737 298
738 332
739 313
740 283
741 295
742 324
743 315
744 260
745 289
746 315
747 305
748 283
749 310
750 323
751 299
752 290
753 262
754 263
755 311
756 254
757 262
758 283
759 296
760 285
761 263
762 256
763 278
764 278
765 284
766 240
767 250
768 291
769 281
770 268
771 225
772 270
773 288
774 272
775 272
776 276
777 290
778 298
779 268
780 244
781 242
782 267
783 291
784 233
785 239
786 267
787 265
788 257
789 294
790 261
791 239
792 234
793 279
794 279
795 245
796 257
797 245
798 255
799 258
800 245
801 248
802 276
803 256
804 247
805 247
806 257
807 237
808 238
809 225
810 240
811 259
812 258
813 234
814 290
815 235
816 256
817 274
818 232
819 242
820 226
821 232
822 267
823 232
824 307
825 233
826 237
827 252
828 195
829 231
830 245
831 230
832 219
833 235
834 264
835 236
836 220
837 235
838 247
839 239
840 238
841 235
842 250
843 230
844 268
845 250
846 237
847 248
848 246
849 242
850 206
851 246
852 234
853 231
854 233
855 242
856 234
857 237
858 235
859 216
860 238
861 196
862 266
863 243
864 225
865 224
866 243
867 206
868 229
869 226
870 234
871 243
872 215
873 199
874 222
875 223
876 233
877 227
878 224
879 214
880 228
881 196
882 225
883 207
884 247
885 199
886 205
887 224
888 239
889 226
890 221
891 221
892 207
893 210
894 214
895 219
896 207
897 219
898 230
899 239
900 215
901 227
902 227
903 247
904 227
905 234
906 234
907 223
908 214
909 211
910 214
911 222
912 203
913 216
914 231
915 234
916 238
917 211
918 208
919 222
920 204
921 208
922 230
923 223
924 218
925 219
926 202
927 220
928 246
929 187
930 187
931 174
932 239
933 220
934 208
935 215
936 190
937 206
938 182
939 213
940 197
941 196
942 220
943 207
944 193
945 229
946 236
947 223
948 211
949 239
950 233
951 212
952 198
953 215
954 197
955 195
956 204
957 190
958 222
959 194
960 206
961 183
962 196
963 203
964 215
965 208
966 181
967 219
968 213
969 178
970 190
971 206
972 225
973 193
974 200
975 208
976 209
977 196
978 192
979 181
980 216
981 199
982 187
983 221
984 206
985 220
986 213
987 186
988 198
989 181
990 207
991 187
992 189
993 185
994 197
995 203
996 185
997 190
998 176
999 198
1000 208
1001 202
1002 193
1003 194
1004 171
1005 215
1006 173
1007 177
1008 189
1009 188
1010 204
1011 189
1012 198
1013 171
1014 182
1015 172
1016 169
1017 182
1018 178
1019 189
1020 207
1021 201
1022 181
1023 147
1024 166
1025 205
1026 167
1027 190
1028 166
1029 166
1030 161
1031 176
1032 163
1033 183
1034 162
1035 183
1036 171
1037 171
1038 182
1039 171
1040 173
1041 175
1042 173
1043 172
1044 191
1045 164
1046 193
1047 176
1048 174
1049 148
1050 173
1051 173
1052 168
1053 157
1054 182
1055 157
1056 183
1057 167
1058 162
1059 171
1060 176
1061 160
1062 145
1063 174
1064 181
1065 150
1066 177
1067 180
1068 150
1069 171
1070 134
1071 177
1072 147
1073 184
1074 181
1075 150
1076 144
1077 162
1078 154
1079 153
1080 159
1081 167
1082 150
1083 160
1084 157
1085 155
1086 144
1087 146
1088 164
1089 156
1090 151
1091 159
1092 130
1093 138
1094 174
1095 149
1096 140
1097 133
1098 177
1099 139
1100 142
1101 147
1102 128
1103 168
1104 143
1105 142
1106 137
1107 142
1108 147
1109 146
1110 147
1111 148
1112 163
1113 138
1114 125
1115 118
1116 135
1117 147
1118 129
1119 124
1120 127
1121 134
1122 144
1123 114
1124 140
1125 143
1126 140
1127 122
1128 130
1129 128
1130 131
1131 122
1132 128
1133 144
1134 142
1135 130
1136 119
1137 131
1138 120
1139 123
1140 122
1141 117
1142 143
1143 136
1144 145
1145 121
1146 132
1147 130
1148 119
1149 130
1150 123
1151 105
1152 117
1153 121
1154 132
1155 107
1156 128
1157 114
1158 127
1159 121
1160 114
1161 118
1162 100
1163 109
1164 121
1165 109
1166 108
1167 130
1168 113
1169 130
1170 123
1171 106
1172 129
1173 104
1174 112
1175 114
1176 93
1177 102
1178 97
1179 105
1180 97
1181 96
1182 118
1183 95
1184 105
1185 101
1186 132
1187 110
1188 107
1189 110
1190 102
1191 88
1192 97
1193 84
1194 109
1195 81
1196 100
1197 85
1198 100
1199 99
1200 107
1201 96
1202 87
1203 96
1204 101
1205 98
1206 95
1207 99
1208 99
1209 94
1210 97
1211 101
1212 93
1213 94
1214 97
1215 76
1216 105
1217 85
1218 112
1219 83
1220 91
1221 95
1222 106
1223 90
1224 89
1225 99
1226 93
1227 100
1228 90
1229 81
1230 103
1231 82
1232 75
1233 82
1234 84
1235 83
1236 98
1237 99
1238 83
1239 76
1240 96
1241 79
1242 69
1243 78
1244 70
1245 95
1246 72
1247 70
1248 83
1249 86
1250 91
1251 84
1252 87
1253 84
1254 65
1255 84
1256 75
1257 79
1258 77
1259 56
1260 69
1261 86
1262 72
1263 86
1264 60
1265 74
1266 78
1267 71
1268 65
1269 80
1270 73
1271 70
1272 79
1273 60
1274 57
1275 69
1276 74
1277 72
1278 64
1279 61
1280 72
1281 51
1282 76
1283 69
1284 64
1285 78
1286 66
1287 56
1288 65
1289 67
1290 73
1291 64
1292 66
1293 57
1294 73
1295 59
1296 50
1297 46
1298 71
1299 70
1300 58
1301 74
1302 64
1303 62
1304 55
1305 59
1306 65
1307 64
1308 68
1309 54
1310 56
1311 63
1312 56
1313 65
1314 65
1315 54
1316 51
1317 63
1318 53
1319 62
1320 61
1321 57
1322 66
1323 55
1324 41
1325 57
1326 62
1327 55
1328 46
1329 54
1330 60
1331 54
1332 66
1333 56
1334 58
1335 58
1336 65
1337 48
1338 53
1339 51
1340 44
1341 47
1342 56
1343 46
1344 52
1345 48
1346 54
1347 47
1348 45
1349 64
1350 40
1351 42
1352 52
1353 48
1354 43
1355 41
1356 50
1357 62
1358 47
1359 51
1360 45
1361 58
1362 51
1363 44
1364 58
1365 43
1366 43
1367 50
1368 49
1369 41
1370 53
1371 62
1372 31
1373 53
1374 42
1375 38
1376 36
1377 50
1378 43
1379 49
1380 52
1381 40
1382 30
1383 40
1384 40
1385 43
1386 39
1387 41
1388 45
1389 39
1390 37
1391 42
1392 38
1393 54
1394 38
1395 40
1396 30
1397 29
1398 41
1399 33
1400 28
1401 42
1402 30
1403 40
1404 44
1405 38
1406 46
1407 33
1408 45
1409 41
1410 41
1411 27
1412 33
1413 23
1414 40
1415 35
1416 35
1417 39
1418 30
1419 34
1420 44
1421 35
1422 45
1423 34
1424 30
1425 28
1426 41
1427 31
1428 32
1429 35
1430 48
1431 34
1432 42
1433 37
1434 23
1435 32
1436 40
1437 47
1438 42
1439 26
1440 32
1441 29
1442 33
1443 26
1444 33
1445 28
1446 20
1447 28
1448 29
1449 30
1450 35
1451 33
1452 22
1453 25
1454 33
1455 18
1456 32
1457 26
1458 25
1459 27
1460 36
1461 22
1462 32
1463 35
1464 28
1465 28
1466 22
1467 27
1468 27
1469 21
1470 29
1471 43
1472 16
1473 27
1474 31
1475 31
1476 30
1477 17
1478 26
1479 24
1480 25
1481 21
1482 25
1483 20
1484 20
1485 13
1486 21
1487 26
1488 17
1489 24
1490 21
1491 27
1492 24
1493 24
1494 23
1495 29
1496 28
1497 18
1498 18
1499 20
1500 25
1501 21
1502 23
1503 25
1504 32
1505 17
1506 25
1507 25
1508 24
1509 24
1510 17
1511 21
1512 27
1513 23
1514 19
1515 16
1516 22
1517 15
1518 19
1519 20
1520 18
1521 21
1522 17
1523 21
1524 20
1525 21
1526 17
1527 17
1528 23
1529 20
1530 13
1531 20
1532 23
1533 18
1534 10
1535 21
1536 18
1537 14
1538 11
1539 17
1540 25
1541 15
1542 15
1543 12
1544 14
1545 19
1546 7
1547 15
1548 17
1549 15
1550 21
1551 14
1552 13
1553 16
1554 26
1555 10
1556 15
1557 17
1558 18
1559 14
1560 14
1561 11
1562 14
1563 10
1564 18
1565 18
1566 20
1567 22
1568 9
1569 17
1570 11
1571 13
1572 14
1573 14
1574 25
1575 15
1576 9
1577 16
1578 12
1579 10
1580 18
1581 11
1582 15
1583 16
1584 14
1585 12
1586 12
1587 22
1588 12
1589 16
1590 8
1591 10
1592 16
1593 11
1594 6
1595 10
1596 17
1597 16
1598 12
1599 14
1600 13
1601 11
1602 11
1603 17
1604 18
1605 11
1606 7
1607 13
1608 17
1609 5
1610 10
1611 12
1612 11
1613 10
1614 9
1615 8
1616 18
1617 12
1618 20
1619 15
1620 5
1621 4
1622 12
1623 14
1624 15
1625 7
1626 11
1627 6
1628 14
1629 13
1630 7
1631 11
1632 7
1633 11
1634 7
1635 12
1636 5
1637 12
1638 6
1639 10
1640 7
1641 9
1642 13
1643 9
1644 10
1645 6
1646 6
1647 10
1648 11
1649 10
1650 9
1651 6
1652 9
1653 9
1654 8
1655 7
1656 5
1657 19
1658 4
1659 11
1660 13
1661 7
1662 8
1663 9
1664 8
1665 10
1666 6
1667 6
1668 13
1669 5
1670 9
1671 10
1672 6
1673 9
1674 7
1675 6
1676 7
1677 4
1678 5
1679 8
1680 11
1681 5
1682 7
1683 5
1684 13
1685 5
1686 6
1687 4
1688 8
1689 5
1690 9
1691 10
1692 6
1693 7
1694 3
1695 12
1696 4
1697 7
1698 9
1699 4
1700 5
1701 3
1702 9
1703 9
1704 6
1705 10
1706 4
1707 5
1708 8
1709 7
1710 4
1711 2
1712 6
1713 6
1714 5
1715 9
1716 6
1717 2
1718 4
1719 5
1720 7
1721 5
1722 2
1723 8
1724 8
1725 4
1726 8
1727 2
1728 2
1729 6
1730 6
1731 11
1732 2
1733 6
1734 3
1735 7
1736 6
1737 9
1738 4
1739 3
1740 8
1741 8
1742 5
1743 7
1744 4
1745 7
1746 3
1747 6
1748 6
1749 5
1750 4
1751 5
1752 4
1753 5
1754 3
1755 8
1756 7
1757 3
1758 9
1759 7
1760 6
1761 5
1762 6
1763 5
1764 3
1765 5
1766 2
1767 5
1768 2
1769 5
1770 3
1771 5
1772 3
1773 6
1774 5
1775 2
1776 11
1777 5
1778 3
1779 3
1780 4
1781 1
1782 6
1783 2
1784 4
1785 1
1786 3
1787 3
1788 7
1789 1
1790 4
1791 4
1792 3
1793 5
1794 8
1795 2
1796 5
1797 5
1798 5
1799 2
1800 5
1801 4
1802 7
1803 1
1804 2
1805 4
1806 2
1807 3
1808 2
1809 7
1810 2
1811 2
1812 5
1813 1
1814 4
1815 2
1816 5
1817 2
1818 9
1819 0
1820 1
1821 4
1822 3
1823 3
1824 0
1825 5
1826 3
1827 1
1828 3
1829 5
1830 3
1831 2
1832 1
1833 5
1834 1
1835 2
1836 1
1837 6
1838 3
1839 6
1840 6
1841 2
1842 4
1843 2
1844 2
1845 3
1846 4
1847 3
1848 2
1849 1
1850 4
1851 5
1852 1
1853 7
1854 2
1855 5
1856 3
1857 1
1858 1
1859 2
1860 1
1861 4
1862 2
1863 5
1864 1
1865 5
1866 5
1867 2
1868 2
1869 1
1870 1
1871 4
1872 1
1873 3
1874 3
1875 1
1876 0
1877 4
1878 1
1879 1
1880 2
1881 3
1882 4
1883 2
1884 5
1885 1
1886 3
1887 2
1888 0
1889 2
1890 1
1891 1
1892 2
1893 4
1894 3
1895 1
1896 1
1897 0
1898 2
1899 2
1900 0
1901 0
1902 2
1903 2
1904 1
1905 3
1906 0
1907 1
1908 1
1909 3
1910 2
1911 1
1912 0
1913 2
1914 1
1915 2
1916 0
1917 3
1918 2
1919 0
1920 2
1921 0
1922 3
1923 2
1924 0
1925 3
1926 2
1927 1
1928 2
1929 0
1930 2
1931 0
1932 3
1933 1
1934 1
1935 1
1936 1
1937 0
1938 2
1939 2
1940 2
1941 3
1942 1
1943 2
1944 1
1945 2
1946 4
1947 2
1948 3
1949 2
1950 2
1951 2
1952 0
1953 0
1954 1
1955 2
1956 1
1957 1
1958 1
1959 1
1960 3
1961 0
1962 1
1963 1
1964 1
1965 0
1966 1
1967 0
1968 0
1969 0
1970 1
1971 0
1972 2
1973 2
1974 1
1975 1
1976 1
1977 0
1978 1
1979 2
1980 0
1981 0
1982 0
1983 1
1984 3
1985 0
1986 0
1987 2
1988 2
1989 3
1990 2
1991 0
1992 0
1993 3
1994 1
1995 1
1996 0
1997 0
1998 0
1999 2
2000 2
2001 1
2002 1
2003 0
2004 1
2005 1
2006 1
2007 1
2008 1
2009 2
2010 2
2011 4
2012 1
2013 2
2014 3
2015 0
2016 2
2017 0
2018 0
2019 2
2020 1
2021 1
2022 1
2023 1
2024 0
2025 2
2026 2
2027 0
2028 2
2029 2
2030 1
2031 0
2032 0
2033 0
2034 0
2035 0
2036 1
2037 1
2038 0
2039 0
2040 1
2041 1
2042 1
2043 1
2044 3
2045 0
2046 1
2047 1
2048 0
2049 0
2050 0
2051 0
2052 3
2053 2
2054 0
2055 1
2056 0
2057 0
2058 0
2059 0
2060 0
2061 0
2062 0
2063 2
2064 0
2065 0
2066 4
2067 0
2068 2
2069 0
2070 0
2071 2
2072 1
2073 0
2074 0
2075 0
2076 0
2077 0
2078 1
2079 0
2080 0
2081 1
2082 1
2083 0
2084 1
2085 0
2086 0
2087 0
2088 0
2089 0
2090 1
2091 2
2092 0
2093 1
2094 0
2095 1
2096 3
2097 0
2098 0
2099 0
2100 0
2101 1
2102 0
2103 1
2104 0
2105 1
2106 1
2107 1
2108 0
2109 0
2110 0
2111 1
2112 0
2113 0
2114 0
2115 1
2116 1
2117 0
2118 1
2119 1
2120 0
2121 0
2122 1
2123 0
2124 0
2125 2
2126 2
2127 0
2128 0
2129 0
2130 0
2131 0
2132 2
2133 1
2134 0
2135 0
2136 1
2137 1
2138 0
2139 0
2140 1
2141 1
2142 0
2143 0
2144 1
2145 1
2146 1
2147 1
2148 2
2149 0
2150 1
2151 0
2152 0
2153 1
2154 0
2155 0
2156 0
2157 0
2158 1
2159 0
2160 1
2161 0
2162 3
2163 0
2164 0
2165 2
2166 0
2167 0
2168 0
2169 0
2170 0
2171 0
2172 1
2173 0
2174 0
2175 0
2176 0
2177 1
2178 0
2179 0
2180 1
2181 0
2182 0
2183 0
2184 0
2185 0
2186 0
2187 0
2188 0
2189 0
2190 0
2191 0
2192 0
2193 0
2194 0
2195 2
2196 0
2197 0
2198 0
2199 0
2200 0
2201 0
2202 0
2203 0
2204 0
2205 0
2206 1
2207 0
2208 0
2209 0
2210 0
2211 0
2212 0
2213 0
2214 2
2215 0
2216 0
2217 1
2218 0
2219 1
2220 1
2221 1
2222 0
2223 0
2224 0
2225 0
2226 0
2227 0
2228 0
2229 0
2230 1
2231 0
2232 2
2233 1
2234 0
2235 0
2236 0
2237 0
2238 0
2239 0
2240 0
2241 2
2242 0
2243 0
2244 0
2245 0
2246 0
2247 0
2248 1
2249 0
2250 0
2251 0
2252 0
2253 0
2254 1
2255 1
2256 0
2257 1
2258 0
2259 0
2260 0
2261 1
2262 0
2263 0
2264 1
2265 0
2266 0
2267 0
2268 0
2269 0
2270 0
2271 0
2272 0
2273 1
2274 0
2275 1
2276 0
2277 0
2278 1
2279 1
2280 0
2281 2
2282 0
2283 0
2284 0
2285 0
2286 0
2287 0
2288 0
2289 0
2290 0
2291 0
2292 0
2293 0
2294 0
2295 1
2296 0
2297 0
2298 0
2299 0
2300 0
2301 0
2302 0
2303 0
2304 0
2305 0
2306 2
2307 0
2308 0
2309 0
2310 1
2311 0
2312 0
2313 1
2314 0
2315 0
2316 0
2317 0
2318 0
2319 0
2320 0
2321 0
2322 0
2323 0
2324 0
2325 0
2326 0
2327 1
2328 0
2329 0
2330 0
2331 0
2332 0
2333 0
2334 0
2335 0
2336 1
2337 0
2338 0
2339 0
2340 0
2341 0
2342 0
2343 0
2344 0
2345 0
2346 0
2347 0
2348 0
2349 0
2350 0
2351 0
2352 0
2353 0
2354 0
2355 0
2356 0
2357 0
2358 1
2359 0
2360 0
2361 0
2362 0
2363 0
2364 0
2365 0
2366 1
2367 1
2368 0
2369 0
2370 0
2371 0
2372 2
2373 0
2374 0
2375 0
2376 0
2377 0
2378 0
2379 0
2380 0
2381 0
2382 0
2383 1
2384 0
2385 1
2386 0
2387 0
2388 0
2389 1
2390 0
2391 0
2392 0
2393 0
2394 0
2395 0
2396 0
2397 0
2398 0
2399 0
2400 1
2401 0
2402 0
2403 0
2404 0
2405 0
2406 0
2407 0
2408 0
2409 0
2410 0
2411 0
2412 0
2413 0
2414 0
2415 0
2416 0
2417 0
2418 0
2419 0
2420 0
2421 0
2422 0
2423 1
2424 0
2425 0
2426 0
2427 2
2428 0
2429 0
2430 0
2431 0
2432 0
2433 1
2434 0
2435 0
2436 0
2437 0
2438 0
2439 1
2440 0
2441 0
2442 0
2443 0
2444 0
2445 0
2446 0
2447 0
2448 0
2449 0
2450 0
2451 0
2452 0
2453 0
2454 0
2455 0
2456 0
2457 0
2458 0
2459 0
2460 0
2461 0
2462 0
2463 0
2464 0
2465 0
2466 0
2467 0
2468 0
2469 0
2470 0
2471 0
2472 0
2473 0
2474 1
2475 0
2476 0
2477 0
2478 0
2479 0
2480 0
2481 0
2482 0
2483 0
2484 0
2485 0
2486 0
2487 0
2488 0
2489 0
2490 0
2491 1
2492 0
2493 0
2494 0
2495 0
2496 0
2497 0
2498 0
2499 0
2500 0
2501 0
2502 0
2503 0
2504 1
2505 0
2506 0
2507 0
2508 0
2509 0
2510 0
2511 0
2512 0
2513 0
2514 0
2515 0
2516 0
2517 0
2518 0
2519 0
2520 0
2521 0
2522 0
2523 0
2524 0
2525 0
2526 0
2527 0
2528 0
2529 0
2530 0
2531 0
2532 1
2533 0
2534 0
2535 0
2536 0
2537 1
2538 0
2539 0
2540 0
2541 0
2542 0
2543 0
2544 0
2545 0
2546 0
2547 0
2548 0
2549 0
2550 0
2551 0
2552 0
2553 0
2554 0
2555 0
2556 0
2557 0
2558 0
2559 0
2560 0
2561 0
2562 0
2563 0
2564 0
2565 0
2566 0
2567 0
2568 0
2569 0
2570 0
2571 0
2572 0
2573 1
2574 0
2575 0
2576 0
2577 0
2578 0
2579 0
2580 0
2581 0
2582 0
2583 0
2584 0
2585 0
2586 0
2587 0
2588 0
2589 0
2590 0
2591 0
2592 0
2593 0
2594 0
2595 0
2596 0
2597 0
2598 0
2599 0
2600 0
2601 0
2602 0
2603 0
2604 0
2605 0
2606 0
2607 0
2608 0
2609 0
2610 0
2611 0
2612 0
2613 0
2614 0
2615 0
2616 0
2617 0
2618 0
2619 0
2620 0
2621 0
2622 0
2623 0
2624 0
2625 0
2626 0
2627 0
2628 0
2629 0
2630 0
2631 0
2632 0
2633 1
2634 0
2635 0
2636 0
2637 0
2638 0
2639 0
2640 0
2641 0
2642 0
2643 0
2644 0
2645 0
2646 0
2647 0
2648 0
2649 0
2650 0
2651 0
2652 0
2653 0
2654 0
2655 0
2656 0
2657 0
2658 0
2659 0
2660 0
2661 0
2662 0
2663 0
2664 0
2665 0
2666 0
2667 0
2668 0
2669 0
2670 0
2671 0
2672 0
2673 0
2674 0
2675 0
2676 0
2677 0
2678 0
2679 0
2680 0
2681 0
2682 0
2683 0
2684 0
2685 0
2686 0
2687 0
2688 0
2689 0
2690 0
2691 0
2692 0
2693 0
2694 0
2695 0
2696 0
2697 1
2698 0
2699 0
2700 0
2701 0
2702 0
2703 0
2704 0
2705 0
2706 0
2707 0
2708 0
2709 0
2710 0
2711 0
2712 0
2713 0
2714 0
2715 0
2716 0
2717 0
2718 0
2719 0
2720 1
2721 0
2722 0
2723 0
2724 0
2725 0
2726 0
2727 0
2728 0
2729 0
2730 0
2731 0
2732 0
2733 0
2734 0
2735 0
2736 0
2737 0
2738 0
2739 0
2740 0
2741 0
2742 0
2743 0
2744 0
2745 0
2746 0
2747 0
2748 0
2749 0
2750 0
2751 0
2752 0
2753 0
2754 1
2755 1
2756 0
2757 0
2758 0
2759 0
2760 0
2761 0
2762 0
2763 0
2764 0
2765 0
2766 0
2767 0
2768 0
2769 0
2770 0
2771 0
2772 0
2773 0
2774 0
2775 0
2776 0
2777 0
2778 0
2779 0
2780 0
2781 0
2782 0
2783 0
2784 0
2785 0
2786 0
2787 0
2788 0
2789 0
2790 0
2791 0
2792 0
2793 0
2794 0
2795 0
2796 0
2797 0
2798 0
2799 0
2800 0
2801 0
2802 0
2803 0
2804 0
2805 0
2806 0
2807 0
2808 0
2809 0
2810 0
2811 0
2812 0
2813 0
2814 0
2815 0
2816 0
2817 0
2818 0
2819 0
2820 0
2821 0
2822 0
2823 0
2824 0
2825 0
2826 0
2827 0
2828 0
2829 0
2830 0
2831 0
2832 0
2833 0
2834 0
2835 0
2836 0
2837 0
2838 0
2839 0
2840 0
2841 0
2842 0
2843 0
2844 0
2845 0
2846 0
2847 0
2848 0
2849 0
2850 0
2851 0
2852 0
2853 0
2854 0
2855 1
2856 0
2857 0
2858 0
2859 0
2860 0
2861 0
2862 0
2863 0
2864 0
2865 0
2866 0
2867 0
2868 0
2869 1
2870 0
2871 1
2872 0
2873 0
2874 0
2875 0
2876 0
2877 0
2878 0
2879 0
2880 0
2881 0
2882 0
2883 0
2884 0
2885 0
2886 0
2887 0
2888 0
2889 0
2890 0
2891 0
2892 0
2893 0
2894 0
2895 0
2896 0
2897 0
2898 0
2899 0
2900 0
2901 0
2902 0
2903 0
2904 1
2905 0
2906 0
2907 0
2908 0
2909 0
2910 0
2911 0
2912 0
2913 0
2914 0
2915 1
2916 0
2917 0
2918 0
2919 0
2920 0
2921 0
2922 0
2923 0
2924 0
2925 0
2926 0
2927 0
2928 0
2929 0
2930 0
2931 0
2932 0
2933 0
2934 0
2935 0
2936 0
2937 0
2938 0
2939 0
2940 0
2941 0
2942 0
2943 0
2944 0
2945 0
2946 0
2947 0
2948 0
2949 0
2950 0
2951 0
2952 0
2953 0
2954 0
2955 0
2956 0
2957 0
2958 0
2959 1
2960 0
2961 0
2962 0
2963 0
2964 0
2965 0
2966 0
2967 0
2968 0
2969 0
2970 0
2971 0
2972 0
2973 0
2974 0
2975 0
2976 0
2977 0
2978 0
2979 0
2980 0
2981 0
2982 0
2983 0
2984 0
2985 0
2986 0
2987 0
2988 0
2989 0
2990 0
2991 0
2992 0
2993 0
2994 0
2995 0
2996 0
2997 0
2998 0
2999 0
3000 0
3001 0
3002 1
3003 0
3004 0
3005 0
3006 0
3007 0
3008 0
3009 0
3010 0
3011 0
3012 0
3013 0
3014 0
3015 0
3016 0
3017 0
3018 0
3019 0
3020 0
3021 0
3022 0
3023 0
3024 0
3025 0
3026 0
3027 0
3028 0
3029 0
3030 0
3031 0
3032 0
3033 0
3034 0
3035 0
3036 0
3037 0
3038 0
3039 0
3040 0
3041 0
3042 0
3043 0
3044 0
3045 0
3046 0
3047 0
3048 0
3049 0
3050 1
3051 0
3052 0
3053 0
3054 0
3055 0
3056 0
3057 0
3058 0
3059 0
3060 0
3061 0
3062 0
3063 0
3064 0
3065 0
3066 0
3067 1
3068 0
3069 0
3070 0
3071 0
3072 0
3073 0
3074 0
3075 0
3076 0
3077 0
3078 0
3079 0
3080 1
3081 0
3082 0
3083 0
3084 0
3085 0
3086 0
3087 0
3088 0
3089 0
3090 0
3091 0
3092 0
3093 0
3094 0
3095 0
3096 0
3097 0
3098 0
3099 0
3100 0
3101 0
3102 0
3103 0
3104 0
3105 0
3106 0
3107 0
3108 0
3109 0
3110 0
3111 0
3112 0
3113 0
3114 0
3115 0
3116 0
3117 0
3118 0
3119 0
3120 0
3121 0
3122 0
3123 0
3124 0
3125 0
3126 0
3127 0
3128 0
3129 0
3130 0
3131 0
3132 0
3133 0
3134 0
3135 0
3136 0
3137 0
3138 0
3139 0
3140 0
3141 0
3142 0
3143 0
3144 0
3145 0
3146 0
3147 0
3148 0
3149 0
3150 0
3151 0
3152 0
3153 0
3154 0
3155 0
3156 0
3157 0
3158 0
3159 0
3160 0
3161 0
3162 0
3163 0
3164 0
3165 0
3166 0
3167 0
3168 0
3169 0
3170 0
3171 0
3172 0
3173 0
3174 0
3175 0
3176 0
3177 0
3178 0
3179 1
3180 0
3181 1
3182 0
3183 0
3184 0
3185 0
3186 0
3187 0
3188 0
3189 0
3190 0
3191 0
3192 0
3193 0
3194 0
3195 0
3196 0
3197 0
3198 0
3199 0
3200 0
3201 0
3202 0
3203 0
3204 0
3205 0
3206 0
3207 0
3208 0
3209 0
3210 0
3211 0
3212 0
3213 0
3214 0
3215 0
3216 0
3217 0
3218 0
3219 0
3220 0
3221 0
3222 0
3223 0
3224 0
3225 0
3226 0
3227 0
3228 0
3229 0
3230 0
3231 0
3232 0
3233 0
3234 0
3235 0
3236 0
3237 0
3238 0
3239 0
3240 0
3241 0
3242 0
3243 0
3244 0
3245 0
3246 0
3247 0
3248 0
3249 0
3250 0
3251 0
3252 0
3253 0
3254 0
3255 0
3256 0
3257 0
3258 0
3259 0
3260 0
3261 0
3262 0
3263 0
3264 0
3265 0
3266 0
3267 0
3268 0
3269 0
3270 0
3271 0
3272 0
3273 0
3274 0
3275 0
3276 0
3277 0
3278 0
3279 0
3280 0
3281 0
3282 0
3283 1
3284 0
3285 0
3286 0
3287 0
3288 0
3289 0
3290 0
3291 0
3292 0
3293 0
3294 0
3295 0
3296 0
3297 0
3298 0
3299 0
3300 0
3301 0
3302 0
3303 0
3304 0
3305 0
3306 0
3307 0
3308 0
3309 0
3310 0
3311 0
3312 0
3313 0
3314 0
3315 0
3316 0
3317 0
3318 0
3319 0
3320 0
3321 0
3322 0
3323 0
3324 0
3325 0
3326 0
3327 0
3328 0
3329 0
3330 0
3331 0
3332 0
3333 0
3334 0
3335 0
3336 0
3337 0
3338 0
3339 0
3340 0
3341 0
3342 0
3343 0
3344 0
3345 0
3346 0
3347 0
3348 0
3349 0
3350 0
3351 0
3352 0
3353 0
3354 0
3355 0
3356 0
3357 0
3358 0
3359 0
3360 0
3361 1
3362 0
3363 0
3364 0
3365 0
3366 0
3367 0
3368 0
3369 0
3370 0
3371 0
3372 0
3373 0
3374 0
3375 0
3376 0
3377 0
3378 0
3379 0
3380 0
3381 0
3382 0
3383 0
3384 0
3385 0
3386 0
3387 0
3388 0
3389 0
3390 0
3391 0
3392 0
3393 0
3394 0
3395 0
3396 0
3397 0
3398 0
3399 0
3400 0
3401 0
3402 0
3403 0
3404 0
3405 0
3406 0
3407 0
3408 0
3409 1
3410 0
3411 0
3412 0
3413 0
3414 0
3415 0
3416 0
3417 0
3418 0
3419 0
3420 0
3421 0
3422 0
3423 0
3424 0
3425 0
3426 0
3427 0
3428 0
3429 0
3430 0
3431 0
3432 1
3433 0
3434 0
3435 0
3436 0
3437 0
3438 0
3439 0
3440 0
3441 0
3442 0
3443 0
3444 0
3445 0
3446 0
3447 0
3448 0
3449 0
3450 0
3451 0
3452 0
3453 0
3454 0
3455 0
3456 0
3457 0
3458 0
3459 0
3460 0
3461 0
3462 1
3463 0
3464 0
3465 0
3466 0
3467 0
3468 0
3469 0
3470 0
3471 0
3472 0
3473 0
3474 0
3475 0
3476 0
3477 0
3478 0
3479 0
3480 0
3481 0
3482 0
3483 0
3484 0
3485 0
3486 0
3487 0
3488 0
3489 0
3490 0
3491 0
3492 0
3493 0
3494 0
3495 0
3496 0
3497 0
3498 0
3499 0
3500 0
3501 0
3502 0
3503 0
3504 0
3505 1
3506 0
3507 0
3508 0
3509 0
3510 0
3511 0
3512 0
3513 0
3514 0
3515 0
3516 1
3517 0
3518 0
3519 0
3520 0
3521 0
3522 0
3523 0
3524 0
3525 0
3526 0
3527 0
3528 0
3529 0
3530 0
3531 0
3532 0
3533 0
3534 0
3535 0
3536 0
3537 0
3538 0
3539 0
3540 0
3541 0
3542 0
3543 0
3544 0
3545 0
3546 0
3547 0
3548 0
3549 0
3550 0
3551 0
3552 0
3553 0
3554 0
3555 0
3556 0
3557 0
3558 0
3559 0
3560 0
3561 0
3562 0
3563 0
3564 0
3565 0
3566 0
3567 0
3568 0
3569 0
3570 0
3571 0
3572 0
3573 0
3574 0
3575 0
3576 0
3577 0
3578 0
3579 0
3580 0
3581 0
3582 0
3583 0
3584 1
3585 0
3586 0
3587 0
3588 0
3589 0
3590 0
3591 0
3592 0
3593 0
3594 0
3595 0
3596 0
3597 0
3598 0
3599 1
3600 0
3601 0
3602 0
3603 0
3604 0
3605 0
3606 0
3607 0
3608 0
3609 0
3610 0
3611 0
3612 0
3613 0
3614 0
3615 0
3616 0
3617 0
3618 0
3619 0
3620 0
3621 0
3622 0
3623 0
3624 0
3625 0
3626 0
3627 0
3628 0
3629 0
3630 0
3631 0
3632 0
3633 0
3634 0
3635 0
3636 0
3637 0
3638 0
3639 0
3640 0
3641 0
3642 0
3643 0
3644 0
3645 0
3646 0
3647 0
3648 0
3649 0
3650 0
3651 0
3652 0
3653 0
3654 0
3655 0
3656 0
3657 0
3658 0
3659 0
3660 0
3661 0
3662 0
3663 0
3664 0
3665 0
3666 0
3667 0
3668 0
3669 0
3670 0
3671 0
3672 0
3673 0
3674 0
3675 0
3676 0
3677 0
3678 0
3679 0
3680 0
3681 0
3682 0
3683 1
3684 1
3685 0
3686 0
3687 0
3688 0
3689 0
3690 0
3691 0
3692 0
3693 0
3694 0
3695 0
3696 0
3697 0
3698 0
3699 0
3700 1
3701 0
3702 0
3703 0
3704 0
3705 0
3706 0
3707 0
3708 0
3709 0
3710 0
3711 0
3712 0
3713 0
3714 0
3715 0
3716 0
3717 0
3718 0
3719 0
3720 0
3721 0
3722 0
3723 0
3724 0
3725 0
3726 0
3727 0
3728 1
3729 0
3730 0
3731 0
3732 0
3733 0
3734 0
3735 0
3736 0
3737 0
3738 0
3739 0
3740 0
3741 0
3742 0
3743 0
3744 0
3745 1
3746 0
3747 0
3748 0
3749 0
3750 0
3751 0
3752 0
3753 0
3754 0
3755 0
3756 0
3757 0
3758 0
3759 0
3760 0
3761 0
3762 0
3763 0
3764 0
3765 0
3766 0
3767 0
3768 0
3769 0
3770 0
3771 0
3772 0
3773 0
3774 1
3775 0
3776 0
3777 0
3778 0
3779 0
3780 0
3781 1
3782 0
3783 0
3784 0
3785 0
3786 0
3787 0
3788 0
3789 0
3790 0
3791 0
3792 0
3793 0
3794 1
3795 1
3796 0
3797 0
3798 0
3799 0
3800 0
3801 0
3802 0
3803 0
3804 0
3805 0
3806 0
3807 0
3808 0
3809 0
3810 0
3811 0
3812 0
3813 0
3814 0
3815 0
3816 0
3817 0
3818 0
3819 0
3820 0
3821 0
3822 0
3823 0
3824 0
3825 0
3826 0
3827 0
3828 0
3829 0
3830 0
3831 0
3832 0
3833 0
3834 0
3835 0
3836 0
3837 0
3838 0
3839 0
3840 0
3841 0
3842 0
3843 0
3844 0
3845 0
3846 0
3847 0
3848 0
3849 0
3850 0
3851 0
3852 0
3853 0
3854 0
3855 0
3856 0
3857 0
3858 0
3859 0
3860 0
3861 0
3862 0
3863 0
3864 0
3865 0
3866 0
3867 0
3868 0
3869 0
3870 0
3871 0
3872 0
3873 0
3874 0
3875 0
3876 0
3877 0
3878 0
3879 0
3880 0
3881 0
3882 0
3883 0
3884 0
3885 0
3886 0
3887 0
3888 0
3889 0
3890 0
3891 0
3892 0
3893 0
3894 0
3895 0
3896 0
3897 0
3898 0
3899 0
3900 0
3901 0
3902 0
3903 0
3904 0
3905 0
3906 0
3907 0
3908 0
3909 0
3910 0
3911 0
3912 0
3913 0
3914 0
3915 0
3916 0
3917 0
3918 0
3919 0
3920 0
3921 0
3922 0
3923 0
3924 0
3925 0
3926 0
3927 0
3928 0
3929 0
3930 0
3931 0
3932 0
3933 0
3934 0
3935 0
3936 0
3937 0
3938 0
3939 0
3940 0
3941 0
3942 0
3943 0
3944 0
3945 0
3946 0
3947 0
3948 0
3949 0
3950 0
3951 0
3952 0
3953 0
3954 0
3955 0
3956 0
3957 0
3958 0
3959 0
3960 0
3961 0
3962 0
3963 0
3964 0
3965 0
3966 0
3967 0
3968 0
3969 0
3970 0
3971 0
3972 0
3973 0
3974 0
3975 0
3976 0
3977 0
3978 0
3979 0
3980 0
3981 0
3982 0
3983 0
3984 0
3985 0
3986 0
3987 0
3988 0
3989 0
3990 0
3991 0
3992 0
3993 0
3994 0
3995 0
3996 0
3997 0
3998 0
3999 0
4000 0
