0 0
1 0
2 0
3 0
4 0
5 0
6 0
7 0
8 0
9 0
10 0
11 0
12 0
13 0
14 0
15 0
16 0
17 0
18 0
19 0
20 0
21 0
22 0
23 0
24 0
25 0
26 0
27 0
28 0
29 0
30 0
31 0
32 0
33 0
34 0
35 0
36 0
37 0
38 0
39 0
40 0
41 0
42 0
43 0
44 0
45 0
46 0
47 0
48 0
49 0
50 0
51 0
52 0
53 0
54 0
55 0
56 0
57 0
58 0
59 0
60 0
61 0
62 0
63 0
64 0
65 0
66 0
67 0
68 0
69 0
70 0
71 0
72 0
73 0
74 0
75 0
76 0
77 0
78 0
79 0
80 0
81 0
82 0
83 0
84 0
85 0
86 0
87 0
88 0
89 0
90 0
91 0
92 0
93 0
94 0
95 0
96 0
97 0
98 0
99 0
100 0
101 0
102 0
103 0
104 0
105 0
106 0
107 0
108 0
109 0
110 0
111 0
112 0
113 0
114 0
115 0
116 0
117 0
118 0
119 0
120 0
121 0
122 0
123 0
124 0
125 0
126 0
127 0
128 0
129 0
130 0
131 0
132 0
133 0
134 0
135 0
136 0
137 0
138 0
139 0
140 0
141 0
142 0
143 0
144 0
145 0
146 0
147 0
148 0
149 1
150 0
151 0
152 0
153 3
154 2
155 5
156 2
157 4
158 0
159 4
160 2
161 4
162 3
163 2
164 3
165 3
166 4
167 1
168 3
169 1
170 7
171 9
172 20
173 37
174 67
175 83
176 118
177 162
178 192
179 190
180 250
181 339
182 438
183 660
184 1025
185 1441
186 1882
187 2252
188 2478
189 2513
190 2531
191 2361
192 2290
193 2030
194 1893
195 1712
196 1506
197 1429
198 1227
199 1092
200 918
201 859
202 714
203 661
204 559
205 483
206 471
207 404
208 390
209 375
210 348
211 329
212 336
213 321
214 314
215 276
216 318
217 269
218 326
219 297
220 270
221 308
222 318
223 313
224 284
225 266
226 290
227 284
228 330
229 285
230 284
231 316
232 268
233 324
234 327
235 311
236 319
237 280
238 311
239 318
240 299
241 318
242 301
243 320
244 313
245 317
246 343
247 326
248 318
249 353
250 319
251 298
252 336
253 336
254 325
255 353
256 300
257 363
258 302
259 359
260 338
261 360
262 316
263 351
264 342
265 346
266 348
267 331
268 349
269 337
270 333
271 348
272 335
273 359
274 315
275 377
276 319
277 320
278 369
279 344
280 356
281 373
282 369
283 390
284 373
285 362
286 370
287 389
288 317
289 389
290 339
291 366
292 388
293 379
294 350
295 376
296 345
297 360
298 338
299 350
300 367
301 359
302 339
303 364
304 338
305 377
306 362
307 372
308 330
309 377
310 354
311 392
312 378
313 371
314 373
315 367
316 399
317 394
318 386
319 385
320 390
321 394
322 379
323 374
324 403
325 380
326 360
327 372
328 336
329 387
330 373
331 400
332 379
333 383
334 379
335 400
336 368
337 354
338 395
339 360
340 392
341 390
342 417
343 390
344 413
345 403
346 349
347 400
348 400
349 372
350 365
351 388
352 364
353 385
354 389
355 358
356 401
357 393
358 377
359 380
360 381
361 380
362 357
363 370
364 366
365 388
366 413
367 371
368 370
369 392
370 391
371 387
372 409
373 386
374 394
375 422
376 382
377 407
378 420
379 391
380 411
381 431
382 445
383 410
384 415
385 393
386 402
387 408
388 428
389 441
390 467
391 421
392 457
393 410
394 433
395 435
396 443
397 428
398 417
399 402
400 416
401 405
402 418
403 434
404 452
405 452
406 451
407 420
408 439
409 454
410 439
411 454
412 430
413 439
414 427
415 459
416 496
417 437
418 485
419 467
420 472
421 448
422 491
423 476
424 432
425 513
426 477
427 464
428 451
429 447
430 495
431 494
432 465
433 494
434 512
435 491
436 489
437 469
438 519
439 491
440 546
441 487
442 488
443 497
444 512
445 501
446 520
447 493
448 505
449 535
450 499
451 543
452 510
453 534
454 523
455 497
456 546
457 515
458 549
459 571
460 552
461 570
462 564
463 552
464 576
465 549
466 555
467 558
468 577
469 590
470 588
471 542
472 603
473 627
474 586
475 623
476 613
477 541
478 598
479 557
480 611
481 630
482 589
483 633
484 645
485 597
486 576
487 640
488 617
489 629
490 586
491 611
492 603
493 624
494 617
495 655
496 587
497 681
498 619
499 644
500 670
501 623
502 690
503 640
504 643
505 639
506 663
507 670
508 670
509 691
510 656
511 651
512 686
513 670
514 659
515 663
516 672
517 641
518 658
519 682
520 697
521 693
522 687
523 704
524 713
525 606
526 694
527 692
528 725
529 727
530 683
531 670
532 687
533 695
534 705
535 709
536 681
537 721
538 707
539 731
540 721
541 710
542 709
543 665
544 700
545 727
546 718
547 705
548 723
549 691
550 722
551 722
552 702
553 671
554 705
555 698
556 704
557 722
558 746
559 666
560 745
561 703
562 736
563 754
564 755
565 716
566 778
567 718
568 718
569 740
570 735
571 742
572 712
573 706
574 706
575 694
576 740
577 715
578 717
579 724
580 721
581 698
582 705
583 718
584 734
585 718
586 703
587 720
588 696
589 715
590 707
591 734
592 722
593 721
594 778
595 741
596 718
597 709
598 750
599 691
600 682
601 718
602 732
603 701
604 721
605 709
606 696
607 705
608 730
609 721
610 690
611 697
612 680
613 724
614 674
615 705
616 647
617 703
618 720
619 657
620 695
621 665
622 725
623 697
624 688
625 639
626 745
627 655
628 654
629 667
630 661
631 699
632 700
633 629
634 663
635 623
636 597
637 672
638 636
639 679
640 682
641 623
642 668
643 642
644 629
645 656
646 571
647 609
648 651
649 626
650 597
651 677
652 605
653 589
654 586
655 663
656 616
657 627
658 592
659 612
660 579
661 560
662 648
663 576
664 551
665 617
666 563
667 582
668 600
669 591
670 564
671 627
672 603
673 556
674 546
675 552
676 575
677 579
678 571
679 561
680 561
681 522
682 538
683 525
684 561
685 509
686 501
687 549
688 544
689 501
690 516
691 535
692 502
693 515
694 552
695 508
696 542
697 518
698 474
699 488
700 494
701 446
702 477
703 506
704 500
705 507
706 495
707 435
708 489
709 439
710 449
711 422
712 476
713 458
714 472
715 445
716 481
717 445
718 459
719 469
720 405
721 425
722 393
723 427
724 416
725 422
726 404
727 439
728 395
729 446
730 402
731 385
732 385
733 393
734 397
735 351
736 370
737 359
738 384
739 395
740 358
741 343
742 391
743 358
744 381
745 356
746 404
747 371
748 334
749 329
750 382
751 384
752 366
753 348
754 329
755 327
756 343
757 305
758 324
759 338
760 326
761 298
762 328
763 309
764 326
765 333
766 333
767 318
768 320
769 297
770 306
771 316
772 293
773 289
774 306
775 314
776 302
777 293
778 277
779 311
780 265
781 314
782 261
783 253
784 264
785 261
786 253
787 268
788 243
789 294
790 253
791 271
792 269
793 247
794 251
795 254
796 240
797 278
798 271
799 235
800 248
801 228
802 267
803 225
804 245
805 199
806 245
807 215
808 199
809 232
810 229
811 220
812 232
813 217
814 214
815 227
816 200
817 217
818 224
819 222
820 228
821 200
822 202
823 204
824 193
825 195
826 207
827 195
828 183
829 185
830 186
831 208
832 145
833 195
834 192
835 180
836 191
837 177
838 167
839 175
840 171
841 164
842 155
843 174
844 174
845 188
846 174
847 180
848 196
849 191
850 172
851 178
852 163
853 160
854 169
855 160
856 170
857 143
858 154
859 146
860 148
861 156
862 142
863 144
864 150
865 155
866 141
867 173
868 148
869 169
870 169
871 131
872 153
873 142
874 140
875 145
876 163
877 130
878 151
879 137
880 138
881 147
882 131
883 124
884 126
885 132
886 112
887 128
888 128
889 109
890 138
891 156
892 130
893 124
894 132
895 124
896 138
897 128
898 118
899 121
900 130
901 105
902 111
903 101
904 137
905 128
906 133
907 123
908 119
909 102
910 108
911 110
912 119
913 124
914 115
915 104
916 122
917 112
918 126
919 136
920 117
921 121
922 112
923 110
924 107
925 105
926 99
927 115
928 103
929 108
930 101
931 106
932 106
933 107
934 100
935 116
936 103
937 121
938 101
939 97
940 102
941 128
942 90
943 83
944 113
945 100
946 106
947 108
948 96
949 97
950 97
951 86
952 92
953 101
954 103
955 106
956 110
957 97
958 100
959 102
960 109
961 86
962 104
963 103
964 84
965 90
966 101
967 108
968 97
969 95
970 87
971 90
972 96
973 86
974 112
975 81
976 88
977 91
978 79
979 80
980 89
981 77
982 77
983 89
984 91
985 101
986 83
987 97
988 90
989 74
990 84
991 83
992 86
993 90
994 92
995 81
996 78
997 108
998 79
999 90
1000 79
1001 95
1002 76
1003 81
1004 98
1005 93
1006 70
1007 81
1008 87
1009 88
1010 78
1011 85
1012 91
1013 74
1014 90
1015 92
1016 88
1017 81
1018 91
1019 97
1020 91
1021 66
1022 106
1023 93
1024 93
1025 74
1026 73
1027 84
1028 82
1029 74
1030 80
1031 104
1032 81
1033 78
1034 95
1035 89
1036 92
1037 88
1038 91
1039 97
1040 86
1041 83
1042 91
1043 74
1044 85
1045 87
1046 89
1047 100
1048 82
1049 86
1050 81
1051 66
1052 93
1053 88
1054 77
1055 73
1056 77
1057 81
1058 77
1059 85
1060 80
1061 62
1062 82
1063 84
1064 55
1065 81
1066 66
1067 88
1068 98
1069 81
1070 69
1071 75
1072 84
1073 72
1074 71
1075 80
1076 75
1077 113
1078 86
1079 88
1080 81
1081 66
1082 76
1083 76
1084 78
1085 84
1086 84
1087 82
1088 80
1089 72
1090 77
1091 74
1092 71
1093 86
1094 71
1095 89
1096 102
1097 84
1098 75
1099 69
1100 90
1101 78
1102 87
1103 78
1104 86
1105 70
1106 75
1107 88
1108 65
1109 70
1110 84
1111 73
1112 73
1113 77
1114 69
1115 78
1116 68
1117 90
1118 66
1119 72
1120 86
1121 76
1122 79
1123 65
1124 92
1125 90
1126 85
1127 84
1128 72
1129 71
1130 76
1131 61
1132 83
1133 61
1134 82
1135 77
1136 66
1137 78
1138 79
1139 74
1140 83
1141 74
1142 73
1143 78
1144 72
1145 62
1146 74
1147 88
1148 78
1149 93
1150 73
1151 75
1152 73
1153 97
1154 89
1155 84
1156 84
1157 63
1158 87
1159 79
1160 83
1161 77
1162 90
1163 75
1164 82
1165 88
1166 66
1167 78
1168 83
1169 98
1170 84
1171 56
1172 79
1173 62
1174 78
1175 80
1176 84
1177 80
1178 67
1179 83
1180 69
1181 82
1182 96
1183 80
1184 70
1185 79
1186 73
1187 77
1188 78
1189 69
1190 85
1191 69
1192 78
1193 73
1194 88
1195 81
1196 59
1197 65
1198 89
1199 65
1200 86
1201 72
1202 92
1203 77
1204 78
1205 79
1206 73
1207 79
1208 82
1209 78
1210 85
1211 72
1212 84
1213 77
1214 71
1215 73
1216 73
1217 60
1218 84
1219 88
1220 89
1221 78
1222 81
1223 83
1224 77
1225 87
1226 71
1227 90
1228 83
1229 88
1230 71
1231 73
1232 77
1233 56
1234 83
1235 71
1236 80
1237 80
1238 74
1239 75
1240 77
1241 77
1242 77
1243 87
1244 92
1245 74
1246 78
1247 91
1248 86
1249 79
1250 92
1251 79
1252 75
1253 78
1254 79
1255 89
1256 81
1257 87
1258 74
1259 83
1260 59
1261 75
1262 74
1263 74
1264 84
1265 81
1266 86
1267 68
1268 69
1269 76
1270 73
1271 69
1272 88
1273 61
1274 76
1275 69
1276 70
1277 71
1278 85
1279 74
1280 81
1281 73
1282 80
1283 69
1284 70
1285 85
1286 78
1287 83
1288 77
1289 84
1290 72
1291 88
1292 73
1293 93
1294 61
1295 76
1296 87
1297 74
1298 58
1299 67
1300 70
1301 69
1302 66
1303 76
1304 77
1305 77
1306 80
1307 98
1308 67
1309 72
1310 76
1311 69
1312 83
1313 73
1314 66
1315 86
1316 80
1317 70
1318 73
1319 80
1320 76
1321 69
1322 69
1323 85
1324 82
1325 70
1326 79
1327 71
1328 79
1329 65
1330 74
1331 78
1332 71
1333 72
1334 64
1335 65
1336 71
1337 70
1338 59
1339 69
1340 75
1341 74
1342 90
1343 80
1344 94
1345 79
1346 75
1347 80
1348 68
1349 56
1350 72
1351 61
1352 74
1353 70
1354 77
1355 74
1356 71
1357 63
1358 88
1359 74
1360 50
1361 72
1362 67
1363 80
1364 73
1365 72
1366 62
1367 70
1368 78
1369 76
1370 85
1371 71
1372 71
1373 65
1374 72
1375 71
1376 70
1377 80
1378 73
1379 53
1380 62
1381 67
1382 62
1383 80
1384 65
1385 71
1386 71
1387 64
1388 56
1389 63
1390 64
1391 69
1392 69
1393 69
1394 55
1395 54
1396 70
1397 71
1398 61
1399 82
1400 59
1401 65
1402 73
1403 53
1404 60
1405 75
1406 59
1407 59
1408 67
1409 74
1410 63
1411 62
1412 65
1413 71
1414 68
1415 68
1416 69
1417 55
1418 63
1419 63
1420 71
1421 72
1422 61
1423 58
1424 76
1425 77
1426 78
1427 62
1428 64
1429 61
1430 58
1431 62
1432 58
1433 61
1434 70
1435 75
1436 58
1437 68
1438 50
1439 60
1440 59
1441 67
1442 71
1443 56
1444 45
1445 59
1446 52
1447 81
1448 62
1449 72
1450 68
1451 61
1452 65
1453 70
1454 63
1455 49
1456 48
1457 50
1458 49
1459 54
1460 62
1461 58
1462 60
1463 62
1464 64
1465 63
1466 64
1467 53
1468 63
1469 72
1470 73
1471 76
1472 76
1473 66
1474 63
1475 61
1476 54
1477 70
1478 54
1479 63
1480 42
1481 62
1482 65
1483 55
1484 64
1485 56
1486 63
1487 51
1488 60
1489 59
1490 50
1491 56
1492 67
1493 56
1494 59
1495 63
1496 50
1497 51
1498 60
1499 66
1500 59
1501 60
1502 65
1503 50
1504 47
1505 55
1506 57
1507 45
1508 63
1509 39
1510 47
1511 53
1512 67
1513 61
1514 60
1515 53
1516 58
1517 49
1518 48
1519 62
1520 53
1521 49
1522 58
1523 47
1524 65
1525 45
1526 46
1527 52
1528 67
1529 58
1530 53
1531 57
1532 48
1533 57
1534 56
1535 50
1536 57
1537 52
1538 54
1539 44
1540 57
1541 41
1542 47
1543 51
1544 51
1545 51
1546 38
1547 43
1548 40
1549 47
1550 48
1551 49
1552 68
1553 51
1554 41
1555 54
1556 51
1557 47
1558 49
1559 43
1560 46
1561 51
1562 45
1563 49
1564 45
1565 47
1566 43
1567 49
1568 42
1569 48
1570 41
1571 46
1572 56
1573 51
1574 49
1575 51
1576 47
1577 38
1578 45
1579 44
1580 37
1581 42
1582 59
1583 46
1584 51
1585 47
1586 44
1587 50
1588 42
1589 49
1590 38
1591 59
1592 42
1593 38
1594 40
1595 41
1596 39
1597 49
1598 53
1599 35
1600 34
1601 44
1602 45
1603 50
1604 50
1605 32
1606 44
1607 50
1608 30
1609 29
1610 31
1611 39
1612 43
1613 40
1614 50
1615 38
1616 30
1617 36
1618 35
1619 52
1620 37
1621 35
1622 29
1623 46
1624 57
1625 36
1626 40
1627 41
1628 34
1629 36
1630 38
1631 51
1632 33
1633 42
1634 45
1635 29
1636 31
1637 41
1638 37
1639 43
1640 36
1641 32
1642 35
1643 32
1644 35
1645 36
1646 43
1647 39
1648 46
1649 46
1650 39
1651 36
1652 35
1653 42
1654 30
1655 32
1656 33
1657 43
1658 43
1659 36
1660 39
1661 39
1662 43
1663 41
1664 41
1665 42
1666 36
1667 36
1668 29
1669 41
1670 31
1671 40
1672 38
1673 46
1674 37
1675 41
1676 26
1677 38
1678 24
1679 33
1680 34
1681 33
1682 34
1683 21
1684 34
1685 35
1686 33
1687 37
1688 29
1689 39
1690 25
1691 41
1692 37
1693 40
1694 34
1695 31
1696 38
1697 22
1698 30
1699 30
1700 26
1701 30
1702 27
1703 24
1704 21
1705 33
1706 22
1707 23
1708 30
1709 22
1710 24
1711 38
1712 39
1713 25
1714 27
1715 34
1716 26
1717 34
1718 15
1719 35
1720 38
1721 26
1722 37
1723 31
1724 24
1725 24
1726 28
1727 30
1728 26
1729 24
1730 36
1731 29
1732 32
1733 25
1734 25
1735 32
1736 28
1737 27
1738 22
1739 27
1740 22
1741 25
1742 32
1743 37
1744 24
1745 28
1746 34
1747 29
1748 32
1749 30
1750 29
1751 32
1752 29
1753 23
1754 24
1755 27
1756 17
1757 19
1758 33
1759 27
1760 24
1761 28
1762 28
1763 29
1764 28
1765 26
1766 19
1767 23
1768 25
1769 26
1770 21
1771 25
1772 27
1773 27
1774 18
1775 29
1776 27
1777 15
1778 33
1779 22
1780 27
1781 19
1782 28
1783 26
1784 19
1785 18
1786 18
1787 20
1788 24
1789 25
1790 31
1791 23
1792 17
1793 19
1794 23
1795 21
1796 19
1797 28
1798 17
1799 27
1800 31
1801 16
1802 25
1803 22
1804 25
1805 24
1806 24
1807 16
1808 23
1809 26
1810 23
1811 23
1812 21
1813 18
1814 16
1815 13
1816 16
1817 21
1818 16
1819 25
1820 18
1821 18
1822 21
1823 20
1824 24
1825 26
1826 27
1827 14
1828 22
1829 21
1830 10
1831 23
1832 17
1833 15
1834 20
1835 29
1836 23
1837 22
1838 22
1839 21
1840 25
1841 14
1842 18
1843 19
1844 26
1845 23
1846 18
1847 16
1848 25
1849 18
1850 12
1851 18
1852 17
1853 21
1854 21
1855 16
1856 19
1857 14
1858 10
1859 20
1860 16
1861 24
1862 20
1863 21
1864 23
1865 16
1866 17
1867 19
1868 21
1869 26
1870 18
1871 18
1872 14
1873 15
1874 17
1875 13
1876 20
1877 18
1878 20
1879 23
1880 16
1881 15
1882 21
1883 15
1884 12
1885 20
1886 17
1887 20
1888 10
1889 13
1890 15
1891 23
1892 18
1893 13
1894 16
1895 10
1896 21
1897 16
1898 21
1899 17
1900 13
1901 17
1902 10
1903 13
1904 18
1905 22
1906 12
1907 16
1908 20
1909 16
1910 12
1911 17
1912 11
1913 15
1914 20
1915 15
1916 13
1917 18
1918 19
1919 7
1920 4
1921 15
1922 11
1923 7
1924 21
1925 11
1926 20
1927 11
1928 13
1929 14
1930 14
1931 19
1932 13
1933 13
1934 13
1935 9
1936 12
1937 10
1938 10
1939 12
1940 19
1941 12
1942 13
1943 21
1944 13
1945 16
1946 12
1947 11
1948 13
1949 10
1950 16
1951 14
1952 11
1953 12
1954 8
1955 18
1956 18
1957 13
1958 14
1959 22
1960 13
1961 14
1962 12
1963 16
1964 8
1965 10
1966 13
1967 10
1968 12
1969 8
1970 16
1971 8
1972 14
1973 10
1974 14
1975 8
1976 6
1977 14
1978 7
1979 11
1980 12
1981 13
1982 10
1983 12
1984 12
1985 13
1986 8
1987 19
1988 11
1989 11
1990 11
1991 13
1992 6
1993 6
1994 12
1995 15
1996 8
1997 12
1998 15
1999 9
2000 11
2001 9
2002 14
2003 10
2004 7
2005 8
2006 14
2007 2
2008 15
2009 9
2010 7
2011 9
2012 15
2013 17
2014 11
2015 13
2016 12
2017 11
2018 17
2019 12
2020 6
2021 6
2022 11
2023 10
2024 7
2025 13
2026 10
2027 12
2028 12
2029 8
2030 7
2031 8
2032 9
2033 8
2034 10
2035 18
2036 6
2037 9
2038 6
2039 15
2040 9
2041 9
2042 10
2043 8
2044 12
2045 10
2046 7
2047 12
2048 12
2049 6
2050 6
2051 7
2052 16
2053 10
2054 4
2055 10
2056 7
2057 9
2058 11
2059 4
2060 8
2061 8
2062 8
2063 8
2064 10
2065 8
2066 7
2067 6
2068 4
2069 10
2070 8
2071 4
2072 7
2073 10
2074 10
2075 5
2076 11
2077 5
2078 7
2079 7
2080 6
2081 8
2082 4
2083 5
2084 7
2085 7
2086 6
2087 6
2088 2
2089 8
2090 6
2091 13
2092 8
2093 11
2094 9
2095 8
2096 8
2097 3
2098 10
2099 7
2100 9
2101 8
2102 7
2103 7
2104 8
2105 8
2106 5
2107 6
2108 6
2109 10
2110 8
2111 4
2112 4
2113 6
2114 6
2115 3
2116 8
2117 10
2118 5
2119 4
2120 6
2121 6
2122 11
2123 4
2124 6
2125 9
2126 1
2127 4
2128 8
2129 6
2130 5
2131 2
2132 3
2133 7
2134 6
2135 6
2136 10
2137 11
2138 3
2139 2
2140 4
2141 4
2142 9
2143 6
2144 5
2145 4
2146 8
2147 4
2148 5
2149 6
2150 6
2151 5
2152 2
2153 1
2154 5
2155 5
2156 5
2157 7
2158 3
2159 9
2160 3
2161 4
2162 8
2163 8
2164 7
2165 4
2166 4
2167 5
2168 4
2169 4
2170 5
2171 3
2172 8
2173 6
2174 4
2175 7
2176 10
2177 4
2178 9
2179 6
2180 8
2181 2
2182 5
2183 6
2184 9
2185 4
2186 4
2187 5
2188 7
2189 4
2190 3
2191 6
2192 5
2193 3
2194 2
2195 3
2196 6
2197 6
2198 8
2199 3
2200 5
2201 5
2202 5
2203 6
2204 8
2205 5
2206 2
2207 7
2208 2
2209 2
2210 3
2211 4
2212 1
2213 1
2214 3
2215 5
2216 1
2217 3
2218 5
2219 5
2220 8
2221 3
2222 2
2223 2
2224 4
2225 6
2226 3
2227 1
2228 2
2229 3
2230 2
2231 1
2232 3
2233 4
2234 2
2235 2
2236 2
2237 5
2238 2
2239 0
2240 5
2241 5
2242 3
2243 4
2244 3
2245 5
2246 2
2247 1
2248 6
2249 5
2250 5
2251 3
2252 4
2253 3
2254 4
2255 4
2256 3
2257 1
2258 2
2259 3
2260 4
2261 4
2262 2
2263 4
2264 3
2265 2
2266 1
2267 3
2268 2
2269 4
2270 1
2271 3
2272 1
2273 5
2274 4
2275 1
2276 6
2277 2
2278 3
2279 2
2280 5
2281 4
2282 3
2283 6
2284 1
2285 0
2286 3
2287 1
2288 4
2289 4
2290 2
2291 9
2292 1
2293 3
2294 2
2295 1
2296 1
2297 3
2298 2
2299 2
2300 1
2301 2
2302 0
2303 1
2304 3
2305 1
2306 0
2307 5
2308 5
2309 5
2310 8
2311 4
2312 5
2313 4
2314 2
2315 2
2316 1
2317 2
2318 1
2319 1
2320 0
2321 1
2322 1
2323 5
2324 2
2325 1
2326 0
2327 0
2328 0
2329 1
2330 3
2331 0
2332 6
2333 2
2334 2
2335 0
2336 2
2337 4
2338 3
2339 1
2340 1
2341 1
2342 3
2343 1
2344 4
2345 1
2346 2
2347 4
2348 4
2349 1
2350 3
2351 0
2352 1
2353 2
2354 0
2355 2
2356 3
2357 0
2358 1
2359 0
2360 0
2361 3
2362 2
2363 2
2364 2
2365 0
2366 1
2367 3
2368 1
2369 0
2370 2
2371 2
2372 1
2373 5
2374 0
2375 2
2376 0
2377 2
2378 2
2379 4
2380 2
2381 3
2382 1
2383 3
2384 0
2385 1
2386 1
2387 4
2388 4
2389 1
2390 2
2391 1
2392 3
2393 2
2394 0
2395 2
2396 2
2397 0
2398 0
2399 0
2400 2
2401 2
2402 2
2403 0
2404 1
2405 1
2406 2
2407 0
2408 0
2409 3
2410 1
2411 1
2412 1
2413 3
2414 2
2415 1
2416 0
2417 1
2418 2
2419 1
2420 1
2421 1
2422 0
2423 0
2424 2
2425 0
2426 0
2427 2
2428 1
2429 1
2430 0
2431 2
2432 0
2433 0
2434 2
2435 0
2436 1
2437 2
2438 1
2439 2
2440 1
2441 0
2442 1
2443 1
2444 1
2445 0
2446 1
2447 0
2448 0
2449 1
2450 1
2451 1
2452 0
2453 0
2454 1
2455 2
2456 1
2457 1
2458 0
2459 0
2460 1
2461 1
2462 3
2463 0
2464 0
2465 1
2466 0
2467 0
2468 2
2469 0
2470 2
2471 1
2472 0
2473 0
2474 1
2475 1
2476 1
2477 3
2478 0
2479 0
2480 1
2481 2
2482 0
2483 0
2484 1
2485 0
2486 0
2487 1
2488 1
2489 2
2490 0
2491 0
2492 1
2493 0
2494 1
2495 0
2496 0
2497 1
2498 1
2499 1
2500 3
2501 1
2502 0
2503 1
2504 0
2505 3
2506 1
2507 2
2508 1
2509 0
2510 0
2511 0
2512 1
2513 0
2514 0
2515 0
2516 2
2517 0
2518 1
2519 2
2520 0
2521 0
2522 0
2523 0
2524 1
2525 1
2526 1
2527 0
2528 0
2529 0
2530 0
2531 1
2532 0
2533 1
2534 3
2535 1
2536 0
2537 0
2538 0
2539 1
2540 0
2541 1
2542 0
2543 1
2544 2
2545 1
2546 0
2547 0
2548 1
2549 1
2550 1
2551 0
2552 0
2553 0
2554 0
2555 0
2556 1
2557 1
2558 0
2559 0
2560 1
2561 0
2562 0
2563 0
2564 1
2565 1
2566 1
2567 1
2568 1
2569 1
2570 1
2571 0
2572 0
2573 0
2574 1
2575 0
2576 0
2577 1
2578 0
2579 1
2580 0
2581 0
2582 0
2583 0
2584 0
2585 2
2586 0
2587 1
2588 1
2589 0
2590 0
2591 0
2592 1
2593 0
2594 0
2595 0
2596 0
2597 1
2598 0
2599 0
2600 1
2601 0
2602 1
2603 0
2604 0
2605 1
2606 0
2607 2
2608 2
2609 0
2610 0
2611 1
2612 1
2613 1
2614 0
2615 0
2616 0
2617 0
2618 1
2619 0
2620 0
2621 0
2622 0
2623 0
2624 0
2625 1
2626 0
2627 0
2628 1
2629 1
2630 0
2631 0
2632 1
2633 0
2634 1
2635 0
2636 0
2637 0
2638 0
2639 0
2640 1
2641 0
2642 0
2643 0
2644 0
2645 0
2646 1
2647 0
2648 0
2649 0
2650 0
2651 0
2652 1
2653 0
2654 0
2655 0
2656 0
2657 1
2658 0
2659 1
2660 0
2661 0
2662 1
2663 0
2664 0
2665 0
2666 0
2667 0
2668 0
2669 1
2670 1
2671 0
2672 1
2673 0
2674 0
2675 0
2676 0
2677 0
2678 0
2679 1
2680 0
2681 0
2682 0
2683 0
2684 0
2685 0
2686 0
2687 0
2688 0
2689 0
2690 0
2691 0
2692 0
2693 0
2694 0
2695 0
2696 1
2697 0
2698 1
2699 0
2700 0
2701 1
2702 1
2703 0
2704 0
2705 0
2706 0
2707 0
2708 0
2709 0
2710 0
2711 0
2712 1
2713 0
2714 0
2715 0
2716 0
2717 0
2718 0
2719 1
2720 0
2721 0
2722 0
2723 1
2724 1
2725 0
2726 0
2727 0
2728 0
2729 0
2730 1
2731 0
2732 0
2733 2
2734 0
2735 0
2736 0
2737 0
2738 0
2739 0
2740 0
2741 1
2742 0
2743 0
2744 0
2745 1
2746 0
2747 0
2748 0
2749 0
2750 0
2751 0
2752 0
2753 1
2754 0
2755 0
2756 0
2757 0
2758 0
2759 0
2760 0
2761 0
2762 0
2763 0
2764 0
2765 0
2766 0
2767 0
2768 0
2769 0
2770 0
2771 0
2772 0
2773 0
2774 1
2775 0
2776 0
2777 0
2778 0
2779 0
2780 1
2781 0
2782 0
2783 0
2784 0
2785 0
2786 0
2787 0
2788 0
2789 0
2790 0
2791 0
2792 0
2793 0
2794 0
2795 0
2796 0
2797 0
2798 0
2799 0
2800 0
2801 0
2802 0
2803 0
2804 0
2805 0
2806 0
2807 0
2808 0
2809 0
2810 0
2811 0
2812 0
2813 0
2814 0
2815 1
2816 0
2817 0
2818 1
2819 1
2820 0
2821 0
2822 0
2823 1
2824 0
2825 0
2826 0
2827 0
2828 0
2829 0
2830 0
2831 0
2832 0
2833 0
2834 0
2835 0
2836 0
2837 0
2838 0
2839 0
2840 0
2841 0
2842 0
2843 0
2844 0
2845 0
2846 0
2847 1
2848 0
2849 1
2850 0
2851 0
2852 0
2853 0
2854 0
2855 0
2856 0
2857 0
2858 0
2859 0
2860 0
2861 0
2862 1
2863 0
2864 0
2865 0
2866 0
2867 0
2868 0
2869 1
2870 0
2871 0
2872 0
2873 0
2874 0
2875 0
2876 0
2877 0
2878 0
2879 0
2880 0
2881 0
2882 1
2883 0
2884 1
2885 0
2886 0
2887 0
2888 0
2889 0
2890 1
2891 0
2892 0
2893 0
2894 0
2895 0
2896 0
2897 0
2898 0
2899 0
2900 0
2901 0
2902 0
2903 0
2904 0
2905 0
2906 0
2907 0
2908 0
2909 0
2910 0
2911 0
2912 0
2913 0
2914 0
2915 0
2916 0
2917 0
2918 0
2919 0
2920 0
2921 0
2922 0
2923 0
2924 0
2925 0
2926 0
2927 1
2928 0
2929 0
2930 0
2931 0
2932 0
2933 0
2934 0
2935 0
2936 0
2937 0
2938 0
2939 0
2940 0
2941 0
2942 0
2943 0
2944 0
2945 0
2946 0
2947 0
2948 0
2949 0
2950 0
2951 0
2952 0
2953 0
2954 0
2955 0
2956 0
2957 0
2958 0
2959 0
2960 0
2961 0
2962 0
2963 0
2964 0
2965 0
2966 0
2967 0
2968 0
2969 0
2970 0
2971 0
2972 0
2973 0
2974 0
2975 1
2976 0
2977 0
2978 0
2979 1
2980 0
2981 0
2982 0
2983 0
2984 1
2985 0
2986 0
2987 0
2988 0
2989 0
2990 0
2991 0
2992 0
2993 0
2994 0
2995 0
2996 0
2997 0
2998 0
2999 0
3000 0
3001 1
3002 0
3003 0
3004 0
3005 1
3006 0
3007 0
3008 0
3009 0
3010 0
3011 0
3012 0
3013 0
3014 0
3015 0
3016 0
3017 0
3018 0
3019 0
3020 0
3021 0
3022 0
3023 0
3024 0
3025 0
3026 0
3027 0
3028 0
3029 0
3030 0
3031 0
3032 0
3033 0
3034 0
3035 0
3036 0
3037 0
3038 0
3039 0
3040 0
3041 0
3042 0
3043 0
3044 0
3045 0
3046 0
3047 0
3048 0
3049 0
3050 0
3051 0
3052 0
3053 0
3054 0
3055 0
3056 1
3057 0
3058 0
3059 0
3060 0
3061 0
3062 1
3063 0
3064 0
3065 0
3066 0
3067 0
3068 0
3069 0
3070 0
3071 0
3072 0
3073 0
3074 0
3075 0
3076 0
3077 0
3078 0
3079 0
3080 0
3081 0
3082 0
3083 0
3084 0
3085 0
3086 0
3087 0
3088 0
3089 0
3090 0
3091 0
3092 1
3093 0
3094 0
3095 0
3096 0
3097 0
3098 0
3099 0
3100 0
3101 2
3102 0
3103 0
3104 0
3105 0
3106 0
3107 1
3108 0
3109 2
3110 0
3111 0
3112 0
3113 0
3114 0
3115 0
3116 0
3117 0
3118 0
3119 0
3120 0
3121 0
3122 0
3123 0
3124 0
3125 0
3126 0
3127 0
3128 0
3129 0
3130 0
3131 0
3132 0
3133 0
3134 0
3135 0
3136 0
3137 0
3138 0
3139 1
3140 0
3141 0
3142 0
3143 0
3144 0
3145 0
3146 0
3147 0
3148 0
3149 0
3150 0
3151 0
3152 1
3153 0
3154 0
3155 0
3156 0
3157 0
3158 0
3159 0
3160 0
3161 0
3162 0
3163 0
3164 0
3165 0
3166 0
3167 0
3168 0
3169 0
3170 0
3171 0
3172 0
3173 0
3174 0
3175 0
3176 0
3177 0
3178 0
3179 0
3180 0
3181 0
3182 0
3183 0
3184 0
3185 0
3186 0
3187 0
3188 0
3189 0
3190 0
3191 0
3192 0
3193 0
3194 0
3195 0
3196 0
3197 0
3198 0
3199 0
3200 0
3201 0
3202 0
3203 0
3204 0
3205 0
3206 0
3207 0
3208 0
3209 0
3210 0
3211 0
3212 0
3213 0
3214 0
3215 0
3216 0
3217 0
3218 0
3219 0
3220 0
3221 0
3222 0
3223 0
3224 0
3225 0
3226 0
3227 0
3228 0
3229 0
3230 0
3231 0
3232 0
3233 0
3234 0
3235 0
3236 0
3237 0
3238 0
3239 0
3240 0
3241 0
3242 0
3243 0
3244 0
3245 0
3246 1
3247 0
3248 0
3249 0
3250 0
3251 0
3252 0
3253 0
3254 0
3255 0
3256 0
3257 0
3258 0
3259 0
3260 0
3261 0
3262 0
3263 0
3264 0
3265 0
3266 0
3267 0
3268 0
3269 0
3270 1
3271 0
3272 0
3273 0
3274 0
3275 0
3276 0
3277 0
3278 0
3279 0
3280 0
3281 0
3282 0
3283 0
3284 0
3285 0
3286 0
3287 0
3288 0
3289 0
3290 0
3291 0
3292 0
3293 0
3294 0
3295 0
3296 0
3297 0
3298 0
3299 0
3300 0
3301 0
3302 0
3303 0
3304 0
3305 0
3306 0
3307 0
3308 0
3309 0
3310 0
3311 0
3312 0
3313 0
3314 0
3315 0
3316 0
3317 0
3318 0
3319 0
3320 0
3321 0
3322 0
3323 0
3324 0
3325 0
3326 0
3327 0
3328 0
3329 0
3330 0
3331 0
3332 0
3333 0
3334 0
3335 0
3336 0
3337 0
3338 0
3339 0
3340 0
3341 0
3342 0
3343 0
3344 0
3345 0
3346 0
3347 0
3348 0
3349 0
3350 0
3351 0
3352 0
3353 0
3354 0
3355 0
3356 0
3357 0
3358 0
3359 0
3360 0
3361 0
3362 0
3363 0
3364 0
3365 0
3366 0
3367 0
3368 0
3369 0
3370 0
3371 0
3372 0
3373 0
3374 0
3375 0
3376 0
3377 0
3378 0
3379 0
3380 0
3381 0
3382 0
3383 0
3384 0
3385 0
3386 0
3387 0
3388 0
3389 0
3390 0
3391 0
3392 0
3393 0
3394 0
3395 0
3396 0
3397 0
3398 0
3399 0
3400 0
3401 0
3402 0
3403 0
3404 0
3405 0
3406 0
3407 0
3408 0
3409 0
3410 0
3411 0
3412 0
3413 0
3414 0
3415 0
3416 0
3417 0
3418 0
3419 0
3420 0
3421 0
3422 0
3423 0
3424 0
3425 0
3426 0
3427 0
3428 0
3429 0
3430 0
3431 0
3432 0
3433 0
3434 0
3435 0
3436 0
3437 0
3438 0
3439 0
3440 0
3441 0
3442 0
3443 0
3444 1
3445 0
3446 0
3447 0
3448 0
3449 0
3450 0
3451 0
3452 0
3453 0
3454 0
3455 0
3456 0
3457 0
3458 0
3459 0
3460 0
3461 0
3462 0
3463 0
3464 0
3465 0
3466 1
3467 0
3468 0
3469 0
3470 0
3471 0
3472 0
3473 0
3474 0
3475 0
3476 0
3477 0
3478 0
3479 0
3480 0
3481 0
3482 0
3483 0
3484 0
3485 0
3486 0
3487 0
3488 0
3489 0
3490 0
3491 0
3492 0
3493 0
3494 0
3495 0
3496 0
3497 0
3498 0
3499 0
3500 0
3501 0
3502 0
3503 0
3504 0
3505 0
3506 0
3507 0
3508 0
3509 0
3510 0
3511 0
3512 0
3513 0
3514 0
3515 0
3516 0
3517 0
3518 0
3519 0
3520 0
3521 0
3522 0
3523 0
3524 0
3525 0
3526 0
3527 0
3528 0
3529 0
3530 0
3531 0
3532 0
3533 0
3534 0
3535 0
3536 0
3537 0
3538 0
3539 0
3540 0
3541 0
3542 0
3543 0
3544 0
3545 0
3546 0
3547 0
3548 0
3549 0
3550 0
3551 0
3552 0
3553 0
3554 0
3555 0
3556 0
3557 0
3558 0
3559 0
3560 0
3561 0
3562 0
3563 0
3564 0
3565 0
3566 0
3567 0
3568 0
3569 0
3570 0
3571 0
3572 0
3573 0
3574 0
3575 0
3576 0
3577 0
3578 0
3579 0
3580 0
3581 0
3582 0
3583 0
3584 0
3585 0
3586 0
3587 0
3588 0
3589 0
3590 0
3591 0
3592 0
3593 0
3594 0
3595 0
3596 0
3597 0
3598 0
3599 0
3600 0
3601 0
3602 0
3603 0
3604 0
3605 0
3606 0
3607 0
3608 0
3609 0
3610 0
3611 0
3612 0
3613 0
3614 0
3615 0
3616 0
3617 0
3618 0
3619 0
3620 0
3621 0
3622 0
3623 0
3624 0
3625 0
3626 0
3627 0
3628 0
3629 0
3630 0
3631 0
3632 0
3633 0
3634 0
3635 0
3636 0
3637 0
3638 0
3639 0
3640 0
3641 0
3642 0
3643 0
3644 0
3645 0
3646 0
3647 0
3648 0
3649 0
3650 0
3651 0
3652 0
3653 0
3654 0
3655 0
3656 0
3657 0
3658 0
3659 0
3660 0
3661 0
3662 0
3663 0
3664 0
3665 0
3666 0
3667 0
3668 0
3669 0
3670 0
3671 0
3672 0
3673 0
3674 0
3675 0
3676 0
3677 0
3678 0
3679 0
3680 0
3681 0
3682 0
3683 0
3684 0
3685 0
3686 0
3687 0
3688 0
3689 0
3690 0
3691 1
3692 0
3693 0
3694 0
3695 0
3696 0
3697 1
3698 0
3699 0
3700 0
3701 0
3702 0
3703 0
3704 0
3705 0
3706 0
3707 0
3708 0
3709 0
3710 0
3711 0
3712 0
3713 0
3714 0
3715 0
3716 0
3717 0
3718 0
3719 0
3720 0
3721 0
3722 0
3723 0
3724 0
3725 0
3726 0
3727 0
3728 0
3729 1
3730 0
3731 0
3732 0
3733 0
3734 0
3735 0
3736 0
3737 0
3738 0
3739 0
3740 0
3741 0
3742 0
3743 0
3744 0
3745 0
3746 0
3747 0
3748 0
3749 0
3750 0
3751 0
3752 0
3753 0
3754 0
3755 0
3756 0
3757 0
3758 0
3759 0
3760 0
3761 0
3762 0
3763 0
3764 0
3765 0
3766 0
3767 0
3768 0
3769 0
3770 0
3771 0
3772 0
3773 0
3774 0
3775 0
3776 0
3777 0
3778 0
3779 0
3780 0
3781 0
3782 0
3783 0
3784 0
3785 0
3786 0
3787 0
3788 0
3789 0
3790 0
3791 0
3792 0
3793 0
3794 0
3795 0
3796 0
3797 0
3798 0
3799 0
3800 0
3801 0
3802 0
3803 0
3804 0
3805 0
3806 0
3807 0
3808 0
3809 0
3810 0
3811 0
3812 1
3813 0
3814 0
3815 0
3816 0
3817 0
3818 0
3819 0
3820 0
3821 0
3822 0
3823 0
3824 0
3825 0
3826 0
3827 0
3828 0
3829 0
3830 0
3831 0
3832 0
3833 0
3834 0
3835 0
3836 0
3837 0
3838 0
3839 0
3840 0
3841 0
3842 0
3843 0
3844 0
3845 0
3846 0
3847 0
3848 0
3849 0
3850 0
3851 0
3852 0
3853 0
3854 0
3855 0
3856 0
3857 0
3858 0
3859 0
3860 0
3861 0
3862 0
3863 0
3864 0
3865 0
3866 0
3867 0
3868 0
3869 0
3870 0
3871 0
3872 0
3873 0
3874 0
3875 0
3876 0
3877 0
3878 0
3879 0
3880 0
3881 0
3882 0
3883 0
3884 0
3885 0
3886 0
3887 0
3888 0
3889 0
3890 0
3891 0
3892 0
3893 0
3894 0
3895 0
3896 0
3897 0
3898 0
3899 0
3900 0
3901 0
3902 0
3903 0
3904 0
3905 0
3906 0
3907 0
3908 0
3909 0
3910 0
3911 0
3912 0
3913 0
3914 0
3915 0
3916 0
3917 0
3918 0
3919 0
3920 0
3921 0
3922 0
3923 0
3924 0
3925 0
3926 0
3927 0
3928 0
3929 0
3930 0
3931 0
3932 0
3933 0
3934 0
3935 0
3936 0
3937 0
3938 0
3939 0
3940 0
3941 0
3942 0
3943 0
3944 0
3945 0
3946 0
3947 0
3948 0
3949 0
3950 0
3951 0
3952 0
3953 0
3954 0
3955 0
3956 0
3957 0
3958 0
3959 0
3960 0
3961 0
3962 0
3963 0
3964 0
3965 1
3966 0
3967 0
3968 0
3969 0
3970 0
3971 0
3972 0
3973 0
3974 0
3975 0
3976 0
3977 0
3978 0
3979 0
3980 0
3981 0
3982 0
3983 0
3984 0
3985 0
3986 0
3987 0
3988 0
3989 0
3990 0
3991 0
3992 0
3993 0
3994 0
3995 0
3996 0
3997 0
3998 0
3999 0
4000 0
