0 0
1 0
2 0
3 0
4 0
5 0
6 0
7 0
8 0
9 0
10 0
11 0
12 0
13 0
14 0
15 0
16 0
17 0
18 0
19 0
20 0
21 0
22 0
23 0
24 0
25 0
26 0
27 0
28 0
29 0
30 0
31 0
32 0
33 0
34 0
35 0
36 0
37 0
38 0
39 0
40 0
41 0
42 0
43 0
44 0
45 0
46 0
47 0
48 0
49 0
50 0
51 0
52 0
53 0
54 0
55 0
56 0
57 0
58 0
59 0
60 0
61 0
62 0
63 0
64 0
65 0
66 0
67 0
68 0
69 0
70 0
71 0
72 0
73 0
74 0
75 0
76 0
77 0
78 0
79 0
80 0
81 0
82 0
83 0
84 0
85 0
86 0
87 0
88 0
89 0
90 0
91 0
92 0
93 0
94 0
95 0
96 0
97 0
98 0
99 0
100 0
101 0
102 0
103 0
104 0
105 0
106 0
107 0
108 0
109 0
110 0
111 0
112 0
113 0
114 0
115 0
116 0
117 0
118 0
119 0
120 0
121 0
122 0
123 0
124 0
125 0
126 0
127 0
128 0
129 0
130 0
131 0
132 0
133 0
134 0
135 0
136 0
137 0
138 0
139 0
140 0
141 0
142 0
143 0
144 0
145 0
146 0
147 1
148 0
149 0
150 1
151 0
152 2
153 4
154 4
155 11
156 8
157 5
158 4
159 5
160 6
161 2
162 5
163 5
164 8
165 4
166 4
167 4
168 5
169 2
170 2
171 7
172 7
173 12
174 10
175 22
176 44
177 71
178 131
179 204
180 257
181 324
182 346
183 489
184 545
185 707
186 1078
187 1809
188 2901
189 4096
190 5267
191 5920
192 6380
193 6546
194 6161
195 5745
196 5246
197 4822
198 4421
199 3865
200 3592
201 3118
202 2755
203 2493
204 2312
205 1930
206 1745
207 1637
208 1441
209 1378
210 1227
211 1271
212 1105
213 1089
214 989
215 1008
216 987
217 966
218 987
219 933
220 916
221 960
222 979
223 925
224 943
225 907
226 905
227 875
228 941
229 894
230 850
231 898
232 894
233 894
234 919
235 921
236 815
237 904
238 870
239 852
240 864
241 838
242 880
243 828
244 878
245 919
246 896
247 827
248 857
249 886
250 937
251 884
252 940
253 870
254 899
255 876
256 909
257 917
258 930
259 906
260 852
261 959
262 927
263 935
264 1017
265 963
266 986
267 980
268 943
269 950
270 989
271 926
272 923
273 930
274 974
275 995
276 929
277 1001
278 882
279 999
280 952
281 932
282 960
283 966
284 936
285 960
286 988
287 1003
288 1005
289 1002
290 987
291 931
292 1006
293 953
294 960
295 982
296 989
297 1007
298 949
299 985
300 983
301 1002
302 1018
303 967
304 1024
305 1022
306 988
307 956
308 991
309 1033
310 1087
311 990
312 998
313 1031
314 1049
315 972
316 1039
317 1014
318 994
319 1030
320 1020
321 1011
322 1001
323 1052
324 1018
325 1053
326 1025
327 997
328 1005
329 1004
330 992
331 1043
332 1042
333 990
334 977
335 990
336 1023
337 1049
338 1027
339 1033
340 1034
341 1060
342 1024
343 1016
344 1001
345 1028
346 1048
347 1003
348 1080
349 1053
350 987
351 1111
352 1058
353 1026
354 1009
355 1093
356 1024
357 1047
358 1056
359 1020
360 957
361 1037
362 1005
363 1034
364 1117
365 1032
366 1038
367 1067
368 1097
369 1045
370 1173
371 1066
372 1096
373 1051
374 1115
375 1075
376 1028
377 1099
378 1077
379 1084
380 1083
381 1128
382 1134
383 1084
384 1083
385 1149
386 1082
387 1098
388 1101
389 1129
390 1118
391 1127
392 1093
393 1100
394 1041
395 1087
396 1152
397 1053
398 1173
399 1148
400 1149
401 1152
402 1153
403 1127
404 1081
405 1178
406 1147
407 1148
408 1179
409 1170
410 1173
411 1146
412 1155
413 1156
414 1142
415 1213
416 1236
417 1161
418 1128
419 1241
420 1188
421 1197
422 1218
423 1214
424 1205
425 1269
426 1260
427 1236
428 1234
429 1224
430 1235
431 1193
432 1253
433 1177
434 1248
435 1285
436 1270
437 1237
438 1243
439 1230
440 1309
441 1204
442 1315
443 1291
444 1299
445 1221
446 1273
447 1321
448 1263
449 1263
450 1301
451 1321
452 1365
453 1282
454 1309
455 1392
456 1382
457 1329
458 1323
459 1328
460 1329
461 1334
462 1380
463 1315
464 1336
465 1342
466 1350
467 1378
468 1384
469 1386
470 1427
471 1353
472 1382
473 1399
474 1459
475 1382
476 1344
477 1365
478 1366
479 1429
480 1446
481 1423
482 1349
483 1419
484 1431
485 1486
486 1348
487 1509
488 1412
489 1403
490 1406
491 1460
492 1449
493 1433
494 1450
495 1438
496 1396
497 1402
498 1429
499 1464
500 1386
501 1436
502 1448
503 1465
504 1470
505 1476
506 1429
507 1434
508 1506
509 1502
510 1488
511 1503
512 1491
513 1502
514 1542
515 1487
516 1473
517 1529
518 1449
519 1489
520 1479
521 1587
522 1425
523 1483
524 1541
525 1463
526 1500
527 1525
528 1493
529 1505
530 1470
531 1486
532 1494
533 1519
534 1550
535 1426
536 1513
537 1529
538 1498
539 1516
540 1436
541 1533
542 1466
543 1479
544 1499
545 1427
546 1507
547 1495
548 1477
549 1483
550 1492
551 1482
552 1461
553 1486
554 1488
555 1525
556 1472
557 1442
558 1440
559 1425
560 1493
561 1514
562 1484
563 1484
564 1438
565 1450
566 1451
567 1455
568 1439
569 1408
570 1412
571 1493
572 1507
573 1447
574 1366
575 1500
576 1396
577 1353
578 1444
579 1317
580 1440
581 1481
582 1402
583 1442
584 1419
585 1432
586 1360
587 1365
588 1365
589 1401
590 1320
591 1350
592 1339
593 1408
594 1373
595 1406
596 1348
597 1348
598 1410
599 1354
600 1372
601 1356
602 1301
603 1308
604 1333
605 1339
606 1320
607 1302
608 1404
609 1300
610 1320
611 1327
612 1323
613 1304
614 1201
615 1275
616 1302
617 1202
618 1271
619 1243
620 1277
621 1265
622 1242
623 1238
624 1215
625 1259
626 1252
627 1171
628 1247
629 1228
630 1148
631 1169
632 1228
633 1170
634 1209
635 1189
636 1172
637 1143
638 1142
639 1097
640 1027
641 1102
642 1102
643 1094
644 1073
645 1089
646 1106
647 1060
648 1081
649 1066
650 1096
651 1091
652 1069
653 1049
654 1029
655 1084
656 1051
657 1043
658 1063
659 1031
660 954
661 1016
662 1013
663 984
664 996
665 1003
666 996
667 965
668 949
669 930
670 1016
671 955
672 957
673 950
674 896
675 950
676 918
677 954
678 931
679 906
680 904
681 886
682 852
683 865
684 875
685 828
686 812
687 882
688 853
689 803
690 837
691 874
692 852
693 855
694 835
695 773
696 833
697 782
698 824
699 750
700 775
701 745
702 751
703 778
704 761
705 771
706 762
707 808
708 779
709 740
710 712
711 757
712 701
713 731
714 669
715 743
716 751
717 670
718 738
719 664
720 720
721 708
722 687
723 667
724 622
725 652
726 678
727 652
728 637
729 651
730 609
731 674
732 638
733 596
734 632
735 601
736 631
737 604
738 539
739 612
740 633
741 582
742 576
743 563
744 599
745 570
746 543
747 531
748 574
749 530
750 586
751 540
752 523
753 551
754 526
755 570
756 529
757 524
758 495
759 540
760 510
761 469
762 465
763 513
764 480
765 493
766 478
767 453
768 455
769 476
770 450
771 468
772 431
773 430
774 469
775 489
776 441
777 446
778 475
779 416
780 443
781 435
782 405
783 408
784 479
785 441
786 407
787 444
788 427
789 410
790 379
791 377
792 351
793 381
794 399
795 393
796 403
797 384
798 374
799 367
800 382
801 345
802 388
803 358
804 367
805 377
806 394
807 379
808 348
809 389
810 379
811 372
812 340
813 346
814 377
815 341
816 338
817 329
818 315
819 318
820 318
821 331
822 320
823 340
824 309
825 341
826 334
827 314
828 311
829 324
830 308
831 287
832 291
833 307
834 318
835 307
836 289
837 272
838 291
839 288
840 291
841 307
842 283
843 282
844 279
845 284
846 248
847 271
848 287
849 288
850 293
851 258
852 274
853 252
854 270
855 281
856 268
857 258
858 253
859 260
860 261
861 259
862 270
863 249
864 260
865 285
866 248
867 227
868 252
869 243
870 237
871 229
872 233
873 251
874 255
875 265
876 260
877 231
878 237
879 225
880 208
881 252
882 224
883 212
884 227
885 226
886 246
887 242
888 237
889 213
890 230
891 246
892 241
893 223
894 254
895 234
896 215
897 235
898 204
899 206
900 198
901 237
902 226
903 220
904 223
905 210
906 200
907 213
908 230
909 196
910 211
911 208
912 222
913 219
914 192
915 198
916 202
917 209
918 238
919 224
920 216
921 198
922 207
923 191
924 181
925 210
926 171
927 197
928 196
929 187
930 230
931 196
932 182
933 207
934 223
935 196
936 161
937 208
938 214
939 218
940 204
941 191
942 211
943 213
944 186
945 171
946 194
947 197
948 191
949 161
950 197
951 201
952 183
953 196
954 184
955 175
956 187
957 187
958 189
959 172
960 159
961 198
962 174
963 186
964 151
965 199
966 176
967 175
968 187
969 169
970 191
971 194
972 187
973 212
974 174
975 159
976 160
977 206
978 179
979 154
980 180
981 169
982 178
983 191
984 169
985 154
986 174
987 176
988 181
989 180
990 179
991 192
992 159
993 183
994 196
995 169
996 168
997 181
998 199
999 187
1000 158
1001 169
1002 183
1003 169
1004 184
1005 175
1006 170
1007 179
1008 174
1009 180
1010 189
1011 180
1012 172
1013 165
1014 178
1015 174
1016 175
1017 161
1018 164
1019 192
1020 151
1021 163
1022 165
1023 170
1024 162
1025 177
1026 189
1027 147
1028 162
1029 181
1030 186
1031 162
1032 194
1033 166
1034 172
1035 182
1036 179
1037 156
1038 168
1039 153
1040 199
1041 170
1042 173
1043 149
1044 156
1045 163
1046 179
1047 168
1048 182
1049 158
1050 168
1051 175
1052 161
1053 181
1054 189
1055 161
1056 180
1057 194
1058 181
1059 164
1060 182
1061 163
1062 161
1063 181
1064 155
1065 181
1066 159
1067 149
1068 181
1069 191
1070 163
1071 181
1072 165
1073 164
1074 170
1075 162
1076 158
1077 157
1078 148
1079 172
1080 173
1081 174
1082 185
1083 161
1084 167
1085 174
1086 166
1087 173
1088 191
1089 182
1090 177
1091 148
1092 160
1093 157
1094 148
1095 181
1096 178
1097 170
1098 161
1099 164
1100 175
1101 158
1102 181
1103 154
1104 165
1105 181
1106 176
1107 160
1108 165
1109 142
1110 154
1111 195
1112 143
1113 167
1114 154
1115 164
1116 152
1117 162
1118 148
1119 159
1120 174
1121 155
1122 159
1123 159
1124 157
1125 168
1126 164
1127 136
1128 174
1129 159
1130 155
1131 159
1132 148
1133 156
1134 137
1135 174
1136 155
1137 141
1138 143
1139 163
1140 132
1141 151
1142 162
1143 152
1144 147
1145 137
1146 156
1147 148
1148 155
1149 168
1150 153
1151 156
1152 151
1153 169
1154 164
1155 160
1156 138
1157 142
1158 149
1159 149
1160 159
1161 149
1162 163
1163 163
1164 156
1165 170
1166 154
1167 161
1168 132
1169 150
1170 151
1171 149
1172 149
1173 140
1174 147
1175 161
1176 151
1177 152
1178 162
1179 152
1180 166
1181 155
1182 165
1183 148
1184 153
1185 148
1186 147
1187 146
1188 137
1189 162
1190 154
1191 148
1192 150
1193 166
1194 154
1195 137
1196 147
1197 143
1198 144
1199 153
1200 157
1201 139
1202 154
1203 165
1204 171
1205 143
1206 135
1207 139
1208 151
1209 131
1210 148
1211 152
1212 145
1213 174
1214 152
1215 150
1216 136
1217 141
1218 150
1219 149
1220 162
1221 142
1222 152
1223 155
1224 156
1225 162
1226 146
1227 154
1228 135
1229 150
1230 159
1231 158
1232 150
1233 156
1234 155
1235 138
1236 146
1237 134
1238 156
1239 158
1240 156
1241 148
1242 134
1243 155
1244 154
1245 144
1246 129
1247 151
1248 163
1249 134
1250 142
1251 151
1252 142
1253 143
1254 138
1255 153
1256 174
1257 130
1258 145
1259 121
1260 157
1261 156
1262 119
1263 146
1264 141
1265 134
1266 125
1267 145
1268 130
1269 139
1270 140
1271 128
1272 144
1273 126
1274 129
1275 145
1276 137
1277 123
1278 152
1279 151
1280 149
1281 144
1282 137
1283 142
1284 141
1285 125
1286 119
1287 142
1288 151
1289 126
1290 126
1291 151
1292 118
1293 133
1294 127
1295 137
1296 127
1297 148
1298 131
1299 134
1300 132
1301 117
1302 142
1303 132
1304 147
1305 124
1306 127
1307 132
1308 146
1309 117
1310 139
1311 134
1312 113
1313 120
1314 114
1315 135
1316 133
1317 141
1318 125
1319 141
1320 124
1321 111
1322 124
1323 129
1324 126
1325 106
1326 125
1327 126
1328 132
1329 124
1330 142
1331 131
1332 128
1333 131
1334 119
1335 125
1336 136
1337 124
1338 131
1339 113
1340 94
1341 125
1342 124
1343 129
1344 122
1345 134
1346 136
1347 118
1348 113
1349 116
1350 122
1351 139
1352 133
1353 111
1354 132
1355 114
1356 111
1357 116
1358 122
1359 115
1360 113
1361 119
1362 90
1363 115
1364 105
1365 138
1366 118
1367 117
1368 116
1369 109
1370 120
1371 105
1372 111
1373 112
1374 125
1375 108
1376 108
1377 116
1378 118
1379 88
1380 119
1381 117
1382 125
1383 97
1384 137
1385 107
1386 118
1387 112
1388 120
1389 97
1390 125
1391 95
1392 111
1393 111
1394 104
1395 95
1396 99
1397 102
1398 112
1399 100
1400 91
1401 115
1402 109
1403 124
1404 123
1405 114
1406 116
1407 97
1408 102
1409 107
1410 84
1411 108
1412 81
1413 98
1414 94
1415 84
1416 104
1417 123
1418 104
1419 87
1420 101
1421 97
1422 103
1423 95
1424 108
1425 88
1426 112
1427 93
1428 97
1429 93
1430 89
1431 96
1432 100
1433 85
1434 92
1435 99
1436 100
1437 103
1438 93
1439 85
1440 83
1441 85
1442 95
1443 108
1444 96
1445 99
1446 107
1447 101
1448 80
1449 98
1450 84
1451 98
1452 92
1453 89
1454 86
1455 99
1456 107
1457 87
1458 88
1459 99
1460 90
1461 82
1462 91
1463 80
1464 83
1465 80
1466 74
1467 65
1468 86
1469 71
1470 94
1471 86
1472 70
1473 74
1474 100
1475 84
1476 85
1477 77
1478 89
1479 74
1480 82
1481 80
1482 81
1483 89
1484 97
1485 75
1486 97
1487 89
1488 87
1489 93
1490 90
1491 88
1492 64
1493 70
1494 84
1495 80
1496 81
1497 71
1498 68
1499 69
1500 85
1501 81
1502 63
1503 61
1504 66
1505 60
1506 70
1507 83
1508 89
1509 82
1510 57
1511 86
1512 77
1513 64
1514 65
1515 75
1516 61
1517 73
1518 65
1519 58
1520 76
1521 68
1522 73
1523 58
1524 80
1525 74
1526 63
1527 63
1528 88
1529 79
1530 69
1531 57
1532 66
1533 66
1534 70
1535 80
1536 60
1537 58
1538 68
1539 63
1540 79
1541 72
1542 63
1543 58
1544 69
1545 65
1546 58
1547 60
1548 71
1549 54
1550 51
1551 74
1552 50
1553 62
1554 69
1555 74
1556 46
1557 58
1558 59
1559 61
1560 71
1561 64
1562 55
1563 53
1564 56
1565 56
1566 54
1567 64
1568 49
1569 69
1570 58
1571 65
1572 74
1573 49
1574 59
1575 51
1576 61
1577 60
1578 51
1579 58
1580 73
1581 55
1582 47
1583 55
1584 57
1585 53
1586 58
1587 62
1588 64
1589 50
1590 44
1591 49
1592 50
1593 48
1594 49
1595 50
1596 68
1597 46
1598 42
1599 56
1600 56
1601 61
1602 40
1603 39
1604 46
1605 45
1606 50
1607 49
1608 45
1609 52
1610 49
1611 58
1612 60
1613 45
1614 50
1615 44
1616 46
1617 51
1618 52
1619 51
1620 51
1621 43
1622 61
1623 43
1624 36
1625 42
1626 41
1627 45
1628 43
1629 45
1630 42
1631 51
1632 41
1633 53
1634 44
1635 50
1636 49
1637 45
1638 35
1639 52
1640 38
1641 45
1642 44
1643 41
1644 36
1645 43
1646 38
1647 37
1648 52
1649 44
1650 37
1651 45
1652 46
1653 47
1654 36
1655 44
1656 40
1657 36
1658 36
1659 29
1660 36
1661 43
1662 37
1663 47
1664 39
1665 52
1666 42
1667 40
1668 41
1669 39
1670 30
1671 42
1672 41
1673 42
1674 44
1675 42
1676 38
1677 50
1678 54
1679 33
1680 42
1681 34
1682 41
1683 28
1684 41
1685 32
1686 35
1687 42
1688 45
1689 48
1690 33
1691 38
1692 39
1693 33
1694 28
1695 19
1696 32
1697 29
1698 39
1699 37
1700 26
1701 40
1702 32
1703 27
1704 29
1705 39
1706 34
1707 33
1708 29
1709 26
1710 40
1711 31
1712 36
1713 33
1714 24
1715 38
1716 37
1717 23
1718 30
1719 33
1720 36
1721 30
1722 34
1723 26
1724 42
1725 30
1726 33
1727 33
1728 26
1729 36
1730 36
1731 40
1732 26
1733 19
1734 25
1735 25
1736 19
1737 30
1738 26
1739 33
1740 29
1741 22
1742 25
1743 24
1744 37
1745 22
1746 22
1747 31
1748 31
1749 29
1750 24
1751 23
1752 26
1753 42
1754 31
1755 25
1756 21
1757 32
1758 32
1759 22
1760 18
1761 25
1762 18
1763 24
1764 29
1765 27
1766 27
1767 23
1768 29
1769 23
1770 31
1771 20
1772 28
1773 33
1774 24
1775 28
1776 28
1777 17
1778 26
1779 24
1780 20
1781 31
1782 24
1783 22
1784 26
1785 23
1786 31
1787 16
1788 18
1789 20
1790 22
1791 26
1792 22
1793 35
1794 26
1795 34
1796 25
1797 26
1798 20
1799 24
1800 13
1801 15
1802 16
1803 23
1804 17
1805 21
1806 25
1807 22
1808 26
1809 21
1810 17
1811 22
1812 27
1813 23
1814 22
1815 9
1816 25
1817 19
1818 18
1819 13
1820 19
1821 26
1822 19
1823 14
1824 14
1825 16
1826 19
1827 14
1828 19
1829 23
1830 26
1831 23
1832 18
1833 17
1834 17
1835 24
1836 11
1837 18
1838 14
1839 19
1840 16
1841 23
1842 17
1843 17
1844 25
1845 22
1846 15
1847 20
1848 15
1849 15
1850 13
1851 25
1852 15
1853 18
1854 17
1855 18
1856 11
1857 14
1858 20
1859 14
1860 17
1861 15
1862 14
1863 18
1864 24
1865 18
1866 14
1867 15
1868 12
1869 14
1870 19
1871 14
1872 20
1873 14
1874 14
1875 13
1876 5
1877 16
1878 16
1879 21
1880 18
1881 19
1882 13
1883 13
1884 11
1885 13
1886 13
1887 20
1888 12
1889 6
1890 13
1891 16
1892 12
1893 17
1894 16
1895 15
1896 18
1897 16
1898 17
1899 10
1900 22
1901 13
1902 13
1903 17
1904 15
1905 9
1906 9
1907 12
1908 12
1909 17
1910 9
1911 12
1912 6
1913 11
1914 12
1915 13
1916 16
1917 7
1918 12
1919 12
1920 12
1921 6
1922 11
1923 18
1924 7
1925 15
1926 12
1927 15
1928 11
1929 11
1930 9
1931 17
1932 9
1933 13
1934 20
1935 13
1936 12
1937 6
1938 10
1939 9
1940 10
1941 17
1942 10
1943 10
1944 16
1945 16
1946 18
1947 11
1948 14
1949 12
1950 11
1951 12
1952 12
1953 11
1954 12
1955 6
1956 7
1957 4
1958 16
1959 13
1960 12
1961 13
1962 16
1963 10
1964 9
1965 14
1966 7
1967 9
1968 11
1969 12
1970 11
1971 8
1972 9
1973 6
1974 10
1975 12
1976 12
1977 12
1978 12
1979 5
1980 8
1981 14
1982 10
1983 9
1984 8
1985 7
1986 12
1987 15
1988 4
1989 12
1990 11
1991 4
1992 5
1993 7
1994 6
1995 6
1996 9
1997 14
1998 8
1999 6
2000 8
2001 8
2002 12
2003 11
2004 8
2005 9
2006 8
2007 3
2008 8
2009 9
2010 12
2011 9
2012 3
2013 10
2014 7
2015 9
2016 7
2017 8
2018 14
2019 7
2020 10
2021 7
2022 10
2023 7
2024 11
2025 13
2026 7
2027 6
2028 9
2029 6
2030 5
2031 6
2032 9
2033 6
2034 7
2035 13
2036 13
2037 13
2038 6
2039 4
2040 5
2041 6
2042 9
2043 7
2044 7
2045 5
2046 11
2047 8
2048 10
2049 7
2050 4
2051 6
2052 7
2053 7
2054 7
2055 8
2056 9
2057 7
2058 5
2059 3
2060 7
2061 4
2062 5
2063 7
2064 3
2065 5
2066 3
2067 3
2068 4
2069 5
2070 5
2071 3
2072 5
2073 2
2074 5
2075 9
2076 7
2077 3
2078 4
2079 5
2080 3
2081 5
2082 5
2083 6
2084 7
2085 2
2086 4
2087 7
2088 9
2089 7
2090 4
2091 11
2092 5
2093 5
2094 3
2095 4
2096 8
2097 6
2098 5
2099 7
2100 3
2101 1
2102 4
2103 5
2104 4
2105 4
2106 4
2107 2
2108 3
2109 2
2110 2
2111 2
2112 1
2113 4
2114 5
2115 5
2116 3
2117 2
2118 6
2119 4
2120 4
2121 4
2122 5
2123 6
2124 4
2125 3
2126 5
2127 6
2128 3
2129 9
2130 2
2131 2
2132 3
2133 5
2134 7
2135 4
2136 0
2137 7
2138 3
2139 3
2140 4
2141 5
2142 4
2143 7
2144 3
2145 4
2146 5
2147 4
2148 2
2149 4
2150 5
2151 1
2152 4
2153 4
2154 3
2155 0
2156 2
2157 6
2158 3
2159 3
2160 2
2161 2
2162 4
2163 7
2164 1
2165 3
2166 4
2167 4
2168 6
2169 4
2170 3
2171 1
2172 4
2173 4
2174 2
2175 0
2176 5
2177 4
2178 4
2179 6
2180 3
2181 4
2182 1
2183 2
2184 3
2185 2
2186 2
2187 1
2188 4
2189 1
2190 7
2191 3
2192 2
2193 3
2194 1
2195 3
2196 4
2197 2
2198 3
2199 1
2200 4
2201 2
2202 2
2203 0
2204 3
2205 1
2206 4
2207 3
2208 2
2209 3
2210 1
2211 1
2212 2
2213 2
2214 0
2215 2
2216 1
2217 3
2218 2
2219 1
2220 1
2221 7
2222 2
2223 2
2224 1
2225 1
2226 2
2227 1
2228 2
2229 2
2230 4
2231 2
2232 3
2233 5
2234 2
2235 0
2236 2
2237 0
2238 4
2239 1
2240 1
2241 2
2242 2
2243 0
2244 3
2245 1
2246 2
2247 5
2248 1
2249 1
2250 0
2251 0
2252 0
2253 1
2254 1
2255 2
2256 0
2257 2
2258 0
2259 2
2260 1
2261 1
2262 0
2263 0
2264 1
2265 4
2266 4
2267 0
2268 3
2269 2
2270 1
2271 0
2272 2
2273 2
2274 2
2275 2
2276 1
2277 2
2278 2
2279 1
2280 2
2281 1
2282 2
2283 1
2284 0
2285 3
2286 0
2287 1
2288 2
2289 0
2290 4
2291 0
2292 3
2293 0
2294 2
2295 2
2296 1
2297 1
2298 1
2299 3
2300 1
2301 1
2302 1
2303 2
2304 2
2305 0
2306 0
2307 2
2308 2
2309 1
2310 0
2311 3
2312 0
2313 2
2314 0
2315 1
2316 1
2317 1
2318 1
2319 2
2320 0
2321 3
2322 2
2323 0
2324 1
2325 4
2326 2
2327 1
2328 0
2329 1
2330 0
2331 3
2332 1
2333 0
2334 0
2335 2
2336 2
2337 3
2338 2
2339 2
2340 2
2341 1
2342 2
2343 1
2344 0
2345 1
2346 2
2347 1
2348 0
2349 1
2350 2
2351 0
2352 1
2353 0
2354 2
2355 1
2356 0
2357 1
2358 1
2359 1
2360 0
2361 1
2362 1
2363 2
2364 1
2365 0
2366 2
2367 3
2368 2
2369 0
2370 0
2371 1
2372 0
2373 0
2374 0
2375 0
2376 2
2377 1
2378 0
2379 0
2380 1
2381 0
2382 1
2383 0
2384 0
2385 0
2386 1
2387 0
2388 1
2389 1
2390 0
2391 1
2392 0
2393 0
2394 1
2395 0
2396 0
2397 0
2398 1
2399 1
2400 2
2401 0
2402 2
2403 3
2404 0
2405 0
2406 0
2407 0
2408 1
2409 1
2410 2
2411 2
2412 0
2413 1
2414 2
2415 0
2416 0
2417 1
2418 1
2419 0
2420 0
2421 0
2422 0
2423 0
2424 0
2425 0
2426 1
2427 0
2428 1
2429 0
2430 0
2431 0
2432 0
2433 1
2434 0
2435 1
2436 0
2437 0
2438 0
2439 0
2440 1
2441 2
2442 0
2443 0
2444 0
2445 1
2446 1
2447 0
2448 0
2449 1
2450 1
2451 0
2452 1
2453 0
2454 0
2455 0
2456 1
2457 1
2458 0
2459 1
2460 0
2461 0
2462 0
2463 1
2464 0
2465 0
2466 1
2467 1
2468 0
2469 0
2470 0
2471 0
2472 1
2473 1
2474 0
2475 0
2476 2
2477 2
2478 0
2479 0
2480 1
2481 0
2482 1
2483 0
2484 0
2485 3
2486 0
2487 1
2488 0
2489 0
2490 1
2491 0
2492 0
2493 0
2494 0
2495 0
2496 0
2497 0
2498 0
2499 0
2500 2
2501 0
2502 0
2503 1
2504 0
2505 0
2506 0
2507 0
2508 0
2509 0
2510 1
2511 0
2512 0
2513 0
2514 0
2515 0
2516 0
2517 0
2518 0
2519 0
2520 0
2521 1
2522 2
2523 0
2524 0
2525 0
2526 0
2527 1
2528 0
2529 0
2530 0
2531 0
2532 0
2533 0
2534 1
2535 0
2536 0
2537 0
2538 0
2539 1
2540 0
2541 0
2542 0
2543 1
2544 0
2545 0
2546 0
2547 0
2548 1
2549 0
2550 0
2551 0
2552 0
2553 0
2554 0
2555 0
2556 0
2557 1
2558 1
2559 0
2560 1
2561 1
2562 0
2563 0
2564 0
2565 1
2566 0
2567 0
2568 0
2569 0
2570 1
2571 0
2572 0
2573 0
2574 1
2575 0
2576 0
2577 0
2578 2
2579 0
2580 1
2581 0
2582 0
2583 1
2584 0
2585 3
2586 0
2587 0
2588 1
2589 0
2590 0
2591 0
2592 0
2593 0
2594 0
2595 0
2596 1
2597 0
2598 0
2599 0
2600 0
2601 1
2602 0
2603 1
2604 0
2605 1
2606 0
2607 0
2608 0
2609 0
2610 1
2611 0
2612 0
2613 0
2614 0
2615 1
2616 0
2617 0
2618 0
2619 1
2620 0
2621 0
2622 0
2623 0
2624 0
2625 1
2626 1
2627 1
2628 0
2629 0
2630 0
2631 0
2632 0
2633 0
2634 0
2635 0
2636 1
2637 0
2638 0
2639 0
2640 0
2641 0
2642 0
2643 0
2644 0
2645 0
2646 1
2647 0
2648 0
2649 0
2650 0
2651 0
2652 0
2653 0
2654 1
2655 0
2656 1
2657 0
2658 1
2659 0
2660 0
2661 1
2662 0
2663 0
2664 1
2665 0
2666 0
2667 0
2668 0
2669 0
2670 0
2671 0
2672 0
2673 0
2674 0
2675 0
2676 0
2677 0
2678 1
2679 0
2680 0
2681 0
2682 0
2683 0
2684 0
2685 0
2686 0
2687 0
2688 0
2689 0
2690 0
2691 1
2692 0
2693 1
2694 0
2695 0
2696 0
2697 0
2698 0
2699 0
2700 0
2701 0
2702 1
2703 0
2704 0
2705 0
2706 0
2707 0
2708 0
2709 0
2710 0
2711 0
2712 0
2713 0
2714 0
2715 0
2716 0
2717 0
2718 0
2719 0
2720 0
2721 0
2722 0
2723 0
2724 0
2725 0
2726 0
2727 0
2728 0
2729 1
2730 0
2731 0
2732 0
2733 0
2734 1
2735 0
2736 0
2737 0
2738 0
2739 0
2740 0
2741 0
2742 0
2743 0
2744 0
2745 0
2746 0
2747 0
2748 0
2749 0
2750 0
2751 0
2752 0
2753 0
2754 0
2755 0
2756 0
2757 0
2758 0
2759 0
2760 0
2761 0
2762 0
2763 0
2764 0
2765 0
2766 0
2767 0
2768 0
2769 0
2770 0
2771 0
2772 0
2773 0
2774 0
2775 1
2776 0
2777 0
2778 0
2779 0
2780 0
2781 0
2782 0
2783 1
2784 0
2785 0
2786 0
2787 0
2788 0
2789 0
2790 0
2791 0
2792 0
2793 0
2794 0
2795 0
2796 0
2797 0
2798 0
2799 0
2800 0
2801 0
2802 0
2803 1
2804 0
2805 0
2806 0
2807 0
2808 0
2809 0
2810 0
2811 0
2812 0
2813 0
2814 0
2815 0
2816 0
2817 1
2818 0
2819 1
2820 0
2821 1
2822 0
2823 0
2824 0
2825 0
2826 0
2827 0
2828 0
2829 0
2830 0
2831 0
2832 0
2833 0
2834 0
2835 0
2836 0
2837 0
2838 0
2839 0
2840 0
2841 0
2842 0
2843 0
2844 0
2845 0
2846 0
2847 0
2848 0
2849 0
2850 0
2851 0
2852 0
2853 0
2854 0
2855 0
2856 1
2857 0
2858 0
2859 0
2860 0
2861 0
2862 0
2863 0
2864 0
2865 0
2866 0
2867 0
2868 0
2869 0
2870 0
2871 0
2872 0
2873 0
2874 0
2875 0
2876 1
2877 0
2878 0
2879 0
2880 0
2881 0
2882 0
2883 0
2884 0
2885 0
2886 0
2887 0
2888 0
2889 0
2890 0
2891 0
2892 0
2893 1
2894 0
2895 0
2896 0
2897 0
2898 0
2899 0
2900 0
2901 0
2902 0
2903 0
2904 0
2905 0
2906 0
2907 0
2908 0
2909 0
2910 0
2911 0
2912 0
2913 0
2914 0
2915 0
2916 0
2917 0
2918 0
2919 0
2920 0
2921 0
2922 0
2923 0
2924 0
2925 0
2926 0
2927 0
2928 0
2929 0
2930 0
2931 0
2932 0
2933 0
2934 0
2935 0
2936 0
2937 0
2938 0
2939 0
2940 1
2941 0
2942 0
2943 1
2944 0
2945 0
2946 0
2947 0
2948 0
2949 0
2950 0
2951 0
2952 0
2953 0
2954 0
2955 0
2956 0
2957 0
2958 0
2959 0
2960 0
2961 0
2962 0
2963 1
2964 0
2965 0
2966 0
2967 0
2968 0
2969 0
2970 0
2971 0
2972 0
2973 0
2974 0
2975 0
2976 0
2977 1
2978 0
2979 0
2980 0
2981 0
2982 0
2983 0
2984 0
2985 0
2986 0
2987 0
2988 0
2989 1
2990 0
2991 0
2992 0
2993 0
2994 0
2995 0
2996 0
2997 0
2998 0
2999 0
3000 0
3001 0
3002 0
3003 0
3004 0
3005 0
3006 0
3007 0
3008 0
3009 0
3010 0
3011 0
3012 0
3013 0
3014 0
3015 0
3016 0
3017 0
3018 0
3019 0
3020 0
3021 0
3022 0
3023 0
3024 0
3025 0
3026 0
3027 0
3028 0
3029 0
3030 0
3031 0
3032 0
3033 0
3034 0
3035 0
3036 0
3037 0
3038 0
3039 0
3040 0
3041 0
3042 0
3043 0
3044 0
3045 0
3046 0
3047 0
3048 0
3049 0
3050 0
3051 0
3052 0
3053 0
3054 0
3055 0
3056 0
3057 0
3058 0
3059 0
3060 0
3061 0
3062 0
3063 0
3064 0
3065 0
3066 0
3067 0
3068 0
3069 0
3070 0
3071 0
3072 0
3073 0
3074 0
3075 0
3076 0
3077 0
3078 0
3079 0
3080 0
3081 0
3082 0
3083 0
3084 0
3085 0
3086 0
3087 0
3088 0
3089 0
3090 0
3091 0
3092 0
3093 0
3094 0
3095 0
3096 0
3097 0
3098 0
3099 0
3100 0
3101 0
3102 0
3103 0
3104 0
3105 0
3106 0
3107 0
3108 0
3109 0
3110 1
3111 0
3112 0
3113 0
3114 0
3115 0
3116 0
3117 0
3118 0
3119 0
3120 0
3121 0
3122 0
3123 0
3124 0
3125 0
3126 0
3127 0
3128 0
3129 0
3130 0
3131 0
3132 1
3133 0
3134 0
3135 0
3136 0
3137 0
3138 0
3139 0
3140 0
3141 0
3142 0
3143 0
3144 0
3145 0
3146 0
3147 0
3148 0
3149 0
3150 0
3151 0
3152 0
3153 0
3154 0
3155 0
3156 0
3157 1
3158 0
3159 0
3160 0
3161 0
3162 0
3163 1
3164 0
3165 0
3166 0
3167 0
3168 0
3169 0
3170 0
3171 0
3172 0
3173 0
3174 0
3175 0
3176 0
3177 0
3178 0
3179 0
3180 0
3181 0
3182 0
3183 0
3184 0
3185 0
3186 0
3187 0
3188 0
3189 0
3190 0
3191 0
3192 0
3193 0
3194 0
3195 0
3196 0
3197 0
3198 0
3199 0
3200 0
3201 0
3202 0
3203 0
3204 0
3205 0
3206 0
3207 0
3208 0
3209 0
3210 0
3211 0
3212 0
3213 0
3214 0
3215 0
3216 0
3217 0
3218 1
3219 0
3220 0
3221 0
3222 0
3223 0
3224 1
3225 0
3226 0
3227 0
3228 0
3229 0
3230 0
3231 0
3232 0
3233 0
3234 0
3235 0
3236 0
3237 0
3238 0
3239 0
3240 0
3241 0
3242 1
3243 0
3244 0
3245 0
3246 0
3247 0
3248 0
3249 0
3250 0
3251 1
3252 0
3253 0
3254 0
3255 1
3256 0
3257 0
3258 0
3259 0
3260 0
3261 0
3262 0
3263 0
3264 0
3265 0
3266 0
3267 0
3268 0
3269 0
3270 1
3271 0
3272 0
3273 0
3274 0
3275 0
3276 0
3277 0
3278 0
3279 1
3280 0
3281 0
3282 0
3283 0
3284 0
3285 0
3286 0
3287 0
3288 0
3289 0
3290 0
3291 0
3292 0
3293 0
3294 0
3295 0
3296 0
3297 0
3298 0
3299 0
3300 0
3301 0
3302 0
3303 0
3304 0
3305 0
3306 0
3307 0
3308 0
3309 0
3310 0
3311 0
3312 0
3313 0
3314 0
3315 0
3316 0
3317 0
3318 0
3319 0
3320 0
3321 0
3322 0
3323 0
3324 0
3325 0
3326 0
3327 0
3328 0
3329 0
3330 0
3331 0
3332 0
3333 0
3334 0
3335 0
3336 0
3337 0
3338 0
3339 0
3340 0
3341 0
3342 0
3343 0
3344 0
3345 0
3346 0
3347 0
3348 0
3349 0
3350 0
3351 0
3352 0
3353 0
3354 0
3355 0
3356 0
3357 0
3358 0
3359 0
3360 0
3361 0
3362 0
3363 0
3364 0
3365 0
3366 0
3367 0
3368 0
3369 0
3370 0
3371 0
3372 0
3373 1
3374 0
3375 0
3376 0
3377 0
3378 0
3379 0
3380 0
3381 0
3382 0
3383 0
3384 0
3385 0
3386 0
3387 0
3388 0
3389 0
3390 0
3391 0
3392 0
3393 0
3394 0
3395 1
3396 0
3397 0
3398 0
3399 0
3400 0
3401 0
3402 0
3403 0
3404 0
3405 0
3406 0
3407 0
3408 0
3409 0
3410 0
3411 0
3412 0
3413 0
3414 1
3415 0
3416 0
3417 0
3418 0
3419 0
3420 0
3421 0
3422 0
3423 0
3424 0
3425 0
3426 0
3427 0
3428 0
3429 0
3430 0
3431 0
3432 0
3433 0
3434 0
3435 0
3436 0
3437 0
3438 0
3439 0
3440 0
3441 0
3442 0
3443 0
3444 0
3445 0
3446 0
3447 0
3448 0
3449 0
3450 0
3451 0
3452 0
3453 0
3454 0
3455 0
3456 0
3457 0
3458 0
3459 0
3460 0
3461 0
3462 0
3463 0
3464 0
3465 0
3466 0
3467 0
3468 0
3469 0
3470 0
3471 0
3472 0
3473 0
3474 0
3475 0
3476 0
3477 0
3478 0
3479 0
3480 0
3481 0
3482 0
3483 0
3484 0
3485 0
3486 0
3487 0
3488 0
3489 0
3490 0
3491 0
3492 0
3493 0
3494 0
3495 0
3496 0
3497 0
3498 0
3499 0
3500 0
3501 0
3502 0
3503 0
3504 0
3505 0
3506 0
3507 0
3508 0
3509 0
3510 0
3511 0
3512 0
3513 0
3514 0
3515 0
3516 0
3517 0
3518 0
3519 0
3520 0
3521 0
3522 0
3523 0
3524 0
3525 0
3526 0
3527 0
3528 0
3529 0
3530 0
3531 0
3532 0
3533 0
3534 0
3535 0
3536 0
3537 0
3538 0
3539 0
3540 0
3541 0
3542 0
3543 0
3544 0
3545 0
3546 0
3547 0
3548 1
3549 0
3550 0
3551 0
3552 0
3553 0
3554 0
3555 0
3556 0
3557 0
3558 0
3559 0
3560 0
3561 0
3562 0
3563 0
3564 0
3565 0
3566 0
3567 0
3568 0
3569 0
3570 0
3571 0
3572 0
3573 0
3574 0
3575 0
3576 0
3577 0
3578 0
3579 0
3580 0
3581 0
3582 0
3583 0
3584 0
3585 0
3586 0
3587 0
3588 0
3589 0
3590 0
3591 0
3592 0
3593 0
3594 0
3595 0
3596 0
3597 0
3598 0
3599 0
3600 0
3601 0
3602 0
3603 0
3604 0
3605 0
3606 0
3607 0
3608 0
3609 0
3610 0
3611 0
3612 0
3613 0
3614 0
3615 0
3616 0
3617 1
3618 0
3619 0
3620 0
3621 0
3622 0
3623 0
3624 0
3625 0
3626 0
3627 0
3628 0
3629 0
3630 0
3631 0
3632 0
3633 0
3634 0
3635 0
3636 0
3637 0
3638 0
3639 0
3640 0
3641 0
3642 0
3643 0
3644 0
3645 0
3646 0
3647 0
3648 0
3649 0
3650 0
3651 0
3652 0
3653 0
3654 0
3655 0
3656 0
3657 0
3658 0
3659 0
3660 0
3661 0
3662 0
3663 0
3664 0
3665 0
3666 1
3667 0
3668 0
3669 0
3670 0
3671 0
3672 0
3673 0
3674 0
3675 0
3676 0
3677 0
3678 0
3679 0
3680 0
3681 0
3682 0
3683 0
3684 0
3685 0
3686 0
3687 0
3688 0
3689 0
3690 0
3691 0
3692 0
3693 0
3694 0
3695 1
3696 0
3697 0
3698 0
3699 0
3700 0
3701 0
3702 0
3703 0
3704 0
3705 0
3706 0
3707 0
3708 0
3709 0
3710 0
3711 0
3712 0
3713 0
3714 0
3715 0
3716 0
3717 0
3718 0
3719 0
3720 0
3721 0
3722 0
3723 0
3724 0
3725 0
3726 0
3727 0
3728 0
3729 0
3730 0
3731 0
3732 0
3733 0
3734 0
3735 0
3736 0
3737 0
3738 0
3739 0
3740 0
3741 0
3742 0
3743 0
3744 0
3745 0
3746 0
3747 0
3748 0
3749 0
3750 0
3751 0
3752 0
3753 0
3754 0
3755 0
3756 0
3757 0
3758 0
3759 0
3760 0
3761 0
3762 0
3763 0
3764 0
3765 0
3766 0
3767 0
3768 0
3769 0
3770 0
3771 0
3772 0
3773 0
3774 0
3775 0
3776 0
3777 0
3778 0
3779 0
3780 0
3781 0
3782 0
3783 0
3784 0
3785 1
3786 0
3787 0
3788 0
3789 0
3790 0
3791 0
3792 0
3793 0
3794 0
3795 0
3796 0
3797 0
3798 0
3799 0
3800 0
3801 0
3802 0
3803 0
3804 0
3805 1
3806 0
3807 0
3808 0
3809 0
3810 0
3811 0
3812 0
3813 0
3814 0
3815 0
3816 0
3817 0
3818 0
3819 0
3820 0
3821 0
3822 0
3823 0
3824 0
3825 0
3826 0
3827 0
3828 0
3829 0
3830 0
3831 0
3832 0
3833 0
3834 0
3835 0
3836 0
3837 0
3838 0
3839 0
3840 0
3841 0
3842 0
3843 0
3844 0
3845 0
3846 0
3847 0
3848 0
3849 0
3850 0
3851 0
3852 0
3853 0
3854 0
3855 0
3856 0
3857 0
3858 0
3859 0
3860 0
3861 0
3862 0
3863 0
3864 0
3865 0
3866 0
3867 0
3868 0
3869 0
3870 0
3871 0
3872 0
3873 0
3874 0
3875 0
3876 0
3877 0
3878 0
3879 0
3880 0
3881 0
3882 0
3883 0
3884 0
3885 0
3886 0
3887 0
3888 0
3889 0
3890 0
3891 1
3892 0
3893 0
3894 0
3895 0
3896 0
3897 0
3898 0
3899 0
3900 0
3901 0
3902 1
3903 0
3904 0
3905 0
3906 0
3907 0
3908 0
3909 0
3910 0
3911 0
3912 0
3913 0
3914 0
3915 0
3916 0
3917 0
3918 0
3919 0
3920 0
3921 0
3922 0
3923 0
3924 0
3925 0
3926 0
3927 0
3928 0
3929 0
3930 0
3931 0
3932 0
3933 0
3934 0
3935 0
3936 0
3937 0
3938 0
3939 0
3940 0
3941 0
3942 0
3943 0
3944 0
3945 0
3946 0
3947 0
3948 0
3949 0
3950 0
3951 0
3952 0
3953 0
3954 0
3955 0
3956 0
3957 0
3958 0
3959 0
3960 0
3961 0
3962 0
3963 0
3964 0
3965 0
3966 0
3967 0
3968 0
3969 0
3970 0
3971 0
3972 0
3973 0
3974 0
3975 0
3976 0
3977 0
3978 0
3979 0
3980 0
3981 0
3982 0
3983 0
3984 0
3985 0
3986 0
3987 0
3988 0
3989 0
3990 0
3991 0
3992 0
3993 0
3994 0
3995 0
3996 0
3997 0
3998 0
3999 0
4000 0
