0 0
1 0
2 0
3 0
4 0
5 0
6 0
7 0
8 0
9 0
10 0
11 0
12 0
13 0
14 0
15 0
16 0
17 0
18 0
19 0
20 0
21 0
22 0
23 0
24 0
25 0
26 0
27 0
28 0
29 0
30 0
31 0
32 0
33 0
34 0
35 0
36 0
37 0
38 0
39 0
40 0
41 0
42 0
43 0
44 0
45 0
46 0
47 0
48 0
49 0
50 0
51 0
52 0
53 0
54 0
55 0
56 0
57 0
58 0
59 0
60 0
61 0
62 0
63 0
64 0
65 0
66 0
67 0
68 0
69 0
70 0
71 0
72 0
73 0
74 0
75 0
76 0
77 0
78 0
79 0
80 0
81 0
82 0
83 0
84 0
85 0
86 0
87 0
88 0
89 0
90 0
91 0
92 0
93 0
94 0
95 0
96 0
97 0
98 0
99 0
100 0
101 0
102 0
103 0
104 0
105 0
106 0
107 0
108 0
109 0
110 0
111 0
112 0
113 0
114 0
115 0
116 0
117 0
118 0
119 0
120 0
121 0
122 0
123 0
124 0
125 0
126 0
127 0
128 0
129 0
130 0
131 0
132 0
133 0
134 0
135 0
136 0
137 0
138 0
139 0
140 0
141 0
142 0
143 0
144 0
145 1
146 0
147 1
148 0
149 3
150 0
151 5
152 11
153 14
154 15
155 16
156 9
157 8
158 10
159 9
160 10
161 4
162 5
163 6
164 6
165 4
166 6
167 4
168 10
169 10
170 22
171 32
172 90
173 196
174 318
175 492
176 646
177 805
178 953
179 1116
180 1231
181 1646
182 2306
183 3533
184 5372
185 7253
186 9040
187 10329
188 11003
189 10868
190 10682
191 9875
192 9053
193 8305
194 7463
195 6684
196 5885
197 5220
198 4520
199 3826
200 3358
201 2782
202 2446
203 2113
204 1779
205 1499
206 1235
207 1079
208 930
209 817
210 782
211 693
212 680
213 654
214 586
215 556
216 569
217 523
218 530
219 503
220 520
221 492
222 508
223 489
224 491
225 453
226 464
227 444
228 423
229 487
230 469
231 451
232 423
233 409
234 481
235 488
236 444
237 429
238 459
239 441
240 479
241 463
242 434
243 479
244 480
245 452
246 448
247 470
248 485
249 496
250 453
251 454
252 465
253 506
254 462
255 450
256 442
257 450
258 450
259 438
260 488
261 491
262 499
263 461
264 492
265 486
266 467
267 442
268 511
269 460
270 510
271 455
272 505
273 481
274 449
275 511
276 460
277 472
278 491
279 499
280 545
281 513
282 473
283 490
284 504
285 522
286 488
287 512
288 512
289 499
290 513
291 491
292 505
293 529
294 506
295 538
296 531
297 533
298 522
299 465
300 520
301 487
302 525
303 507
304 500
305 498
306 477
307 513
308 541
309 557
310 527
311 516
312 542
313 521
314 490
315 520
316 473
317 526
318 521
319 494
320 519
321 527
322 576
323 536
324 603
325 490
326 541
327 515
328 537
329 573
330 564
331 528
332 519
333 531
334 506
335 524
336 498
337 489
338 500
339 528
340 508
341 601
342 510
343 555
344 519
345 509
346 574
347 534
348 548
349 576
350 495
351 527
352 507
353 573
354 523
355 523
356 574
357 555
358 567
359 571
360 584
361 467
362 562
363 582
364 547
365 529
366 496
367 570
368 541
369 582
370 543
371 607
372 576
373 541
374 580
375 579
376 527
377 559
378 556
379 587
380 603
381 556
382 552
383 549
384 568
385 573
386 596
387 591
388 583
389 562
390 582
391 585
392 607
393 616
394 592
395 631
396 587
397 641
398 590
399 594
400 634
401 598
402 589
403 614
404 648
405 636
406 632
407 608
408 622
409 607
410 614
411 599
412 646
413 604
414 625
415 634
416 646
417 639
418 647
419 628
420 659
421 625
422 633
423 683
424 676
425 670
426 685
427 634
428 650
429 629
430 650
431 614
432 686
433 719
434 707
435 697
436 664
437 680
438 683
439 685
440 745
441 672
442 714
443 685
444 719
445 660
446 730
447 707
448 720
449 729
450 730
451 701
452 706
453 725
454 714
455 743
456 759
457 737
458 789
459 741
460 747
461 723
462 769
463 772
464 780
465 780
466 749
467 746
468 803
469 797
470 815
471 775
472 796
473 781
474 782
475 798
476 778
477 796
478 796
479 821
480 810
481 857
482 791
483 868
484 851
485 805
486 850
487 816
488 850
489 876
490 829
491 812
492 871
493 840
494 864
495 896
496 842
497 892
498 917
499 866
500 859
501 815
502 888
503 901
504 829
505 915
506 902
507 870
508 884
509 920
510 898
511 931
512 913
513 876
514 986
515 936
516 905
517 896
518 910
519 892
520 905
521 901
522 910
523 933
524 964
525 951
526 944
527 891
528 926
529 966
530 899
531 975
532 937
533 962
534 968
535 927
536 962
537 983
538 927
539 940
540 930
541 982
542 977
543 998
544 982
545 979
546 1013
547 987
548 987
549 1002
550 981
551 944
552 967
553 1010
554 1007
555 951
556 959
557 975
558 1004
559 991
560 1015
561 976
562 1014
563 1058
564 938
565 1000
566 1017
567 981
568 1009
569 947
570 980
571 964
572 979
573 936
574 995
575 1028
576 1012
577 966
578 1007
579 996
580 1024
581 1011
582 988
583 983
584 937
585 1005
586 1040
587 989
588 995
589 970
590 1099
591 1018
592 1000
593 958
594 971
595 981
596 972
597 1009
598 1007
599 935
600 1014
601 910
602 941
603 941
604 976
605 964
606 901
607 984
608 993
609 918
610 983
611 964
612 1018
613 931
614 1014
615 944
616 930
617 966
618 909
619 926
620 924
621 925
622 968
623 909
624 907
625 943
626 963
627 953
628 893
629 853
630 887
631 939
632 891
633 958
634 955
635 954
636 905
637 899
638 848
639 894
640 911
641 875
642 870
643 928
644 856
645 874
646 859
647 913
648 836
649 891
650 894
651 879
652 837
653 851
654 848
655 862
656 859
657 836
658 799
659 847
660 801
661 823
662 800
663 796
664 805
665 799
666 835
667 788
668 755
669 792
670 759
671 776
672 769
673 822
674 773
675 778
676 721
677 814
678 720
679 787
680 703
681 674
682 700
683 722
684 721
685 720
686 752
687 737
688 795
689 712
690 694
691 672
692 694
693 723
694 702
695 736
696 675
697 671
698 672
699 682
700 662
701 674
702 708
703 651
704 612
705 628
706 634
707 677
708 679
709 710
710 592
711 614
712 623
713 599
714 601
715 604
716 605
717 596
718 590
719 613
720 610
721 599
722 589
723 569
724 559
725 572
726 555
727 545
728 537
729 563
730 532
731 527
732 511
733 541
734 524
735 577
736 511
737 491
738 505
739 492
740 527
741 465
742 567
743 498
744 472
745 455
746 458
747 504
748 492
749 495
750 491
751 465
752 477
753 447
754 475
755 463
756 469
757 445
758 457
759 427
760 485
761 440
762 428
763 409
764 397
765 442
766 385
767 409
768 397
769 438
770 398
771 407
772 411
773 383
774 378
775 398
776 415
777 377
778 394
779 392
780 349
781 364
782 400
783 384
784 359
785 367
786 391
787 349
788 363
789 384
790 354
791 342
792 331
793 318
794 369
795 337
796 320
797 324
798 348
799 350
800 343
801 308
802 326
803 338
804 310
805 331
806 296
807 312
808 331
809 315
810 296
811 316
812 306
813 294
814 311
815 272
816 306
817 269
818 273
819 266
820 261
821 292
822 268
823 272
824 269
825 284
826 259
827 291
828 292
829 281
830 236
831 259
832 278
833 252
834 247
835 281
836 235
837 244
838 256
839 236
840 225
841 213
842 215
843 220
844 270
845 247
846 228
847 229
848 224
849 243
850 225
851 224
852 194
853 228
854 218
855 218
856 248
857 241
858 230
859 219
860 204
861 187
862 230
863 211
864 208
865 168
866 203
867 188
868 212
869 206
870 208
871 197
872 231
873 222
874 196
875 162
876 201
877 190
878 184
879 188
880 181
881 171
882 178
883 175
884 197
885 190
886 185
887 177
888 198
889 188
890 180
891 200
892 175
893 159
894 166
895 189
896 180
897 159
898 148
899 180
900 177
901 159
902 171
903 154
904 151
905 157
906 120
907 169
908 164
909 150
910 151
911 162
912 150
913 168
914 141
915 153
916 159
917 154
918 155
919 132
920 142
921 147
922 150
923 149
924 162
925 151
926 140
927 155
928 147
929 156
930 113
931 140
932 124
933 153
934 133
935 138
936 136
937 142
938 139
939 105
940 150
941 129
942 155
943 136
944 125
945 126
946 140
947 133
948 123
949 145
950 144
951 147
952 132
953 154
954 144
955 135
956 144
957 142
958 128
959 120
960 145
961 128
962 123
963 142
964 136
965 122
966 125
967 124
968 127
969 112
970 115
971 144
972 103
973 104
974 125
975 104
976 129
977 124
978 111
979 122
980 125
981 114
982 133
983 123
984 113
985 103
986 112
987 127
988 123
989 132
990 118
991 131
992 126
993 107
994 121
995 125
996 103
997 105
998 100
999 132
1000 126
1001 101
1002 105
1003 115
1004 112
1005 114
1006 114
1007 103
1008 104
1009 106
1010 119
1011 117
1012 104
1013 129
1014 91
1015 122
1016 128
1017 115
1018 93
1019 109
1020 123
1021 111
1022 109
1023 108
1024 112
1025 91
1026 113
1027 126
1028 105
1029 105
1030 93
1031 98
1032 107
1033 98
1034 88
1035 107
1036 105
1037 121
1038 131
1039 92
1040 112
1041 99
1042 94
1043 111
1044 100
1045 116
1046 107
1047 124
1048 103
1049 100
1050 122
1051 115
1052 111
1053 115
1054 106
1055 123
1056 120
1057 106
1058 86
1059 101
1060 99
1061 118
1062 119
1063 97
1064 101
1065 106
1066 103
1067 113
1068 106
1069 113
1070 116
1071 107
1072 110
1073 120
1074 101
1075 110
1076 93
1077 95
1078 102
1079 104
1080 98
1081 125
1082 101
1083 111
1084 107
1085 108
1086 114
1087 113
1088 114
1089 105
1090 91
1091 107
1092 129
1093 106
1094 111
1095 108
1096 93
1097 107
1098 109
1099 101
1100 123
1101 106
1102 108
1103 91
1104 107
1105 104
1106 99
1107 86
1108 104
1109 97
1110 97
1111 103
1112 121
1113 104
1114 104
1115 120
1116 112
1117 114
1118 101
1119 130
1120 109
1121 108
1122 103
1123 110
1124 83
1125 82
1126 99
1127 88
1128 95
1129 95
1130 95
1131 128
1132 94
1133 73
1134 108
1135 111
1136 114
1137 90
1138 85
1139 96
1140 113
1141 99
1142 91
1143 87
1144 107
1145 112
1146 120
1147 96
1148 101
1149 113
1150 99
1151 102
1152 96
1153 95
1154 92
1155 100
1156 89
1157 100
1158 102
1159 107
1160 100
1161 93
1162 116
1163 114
1164 101
1165 102
1166 109
1167 90
1168 90
1169 115
1170 109
1171 101
1172 109
1173 103
1174 123
1175 97
1176 101
1177 94
1178 97
1179 101
1180 89
1181 105
1182 118
1183 112
1184 108
1185 98
1186 98
1187 99
1188 96
1189 111
1190 102
1191 111
1192 111
1193 97
1194 97
1195 94
1196 102
1197 96
1198 86
1199 85
1200 92
1201 123
1202 112
1203 118
1204 109
1205 109
1206 94
1207 96
1208 127
1209 122
1210 99
1211 113
1212 87
1213 98
1214 85
1215 81
1216 99
1217 120
1218 118
1219 120
1220 96
1221 100
1222 99
1223 113
1224 108
1225 109
1226 107
1227 92
1228 99
1229 102
1230 125
1231 82
1232 94
1233 116
1234 122
1235 90
1236 95
1237 83
1238 108
1239 96
1240 91
1241 108
1242 86
1243 115
1244 106
1245 115
1246 118
1247 113
1248 115
1249 116
1250 102
1251 92
1252 96
1253 129
1254 91
1255 88
1256 92
1257 97
1258 90
1259 80
1260 89
1261 113
1262 109
1263 99
1264 96
1265 104
1266 105
1267 104
1268 100
1269 99
1270 91
1271 106
1272 88
1273 111
1274 100
1275 104
1276 85
1277 100
1278 110
1279 100
1280 106
1281 109
1282 115
1283 83
1284 93
1285 104
1286 98
1287 99
1288 101
1289 98
1290 101
1291 104
1292 93
1293 111
1294 102
1295 91
1296 96
1297 100
1298 92
1299 93
1300 99
1301 111
1302 110
1303 79
1304 96
1305 83
1306 94
1307 98
1308 85
1309 105
1310 79
1311 115
1312 85
1313 103
1314 115
1315 107
1316 93
1317 89
1318 106
1319 102
1320 97
1321 97
1322 106
1323 76
1324 116
1325 79
1326 111
1327 120
1328 94
1329 94
1330 112
1331 79
1332 95
1333 98
1334 96
1335 95
1336 95
1337 90
1338 98
1339 106
1340 87
1341 105
1342 104
1343 96
1344 101
1345 97
1346 93
1347 96
1348 102
1349 92
1350 86
1351 80
1352 99
1353 85
1354 96
1355 84
1356 102
1357 97
1358 87
1359 100
1360 76
1361 92
1362 90
1363 99
1364 84
1365 80
1366 103
1367 96
1368 89
1369 114
1370 88
1371 97
1372 102
1373 85
1374 95
1375 95
1376 95
1377 91
1378 85
1379 87
1380 95
1381 98
1382 119
1383 99
1384 97
1385 91
1386 92
1387 87
1388 94
1389 72
1390 104
1391 94
1392 96
1393 97
1394 77
1395 98
1396 91
1397 81
1398 90
1399 83
1400 97
1401 96
1402 87
1403 73
1404 100
1405 104
1406 89
1407 94
1408 78
1409 75
1410 102
1411 92
1412 70
1413 79
1414 85
1415 112
1416 89
1417 82
1418 99
1419 91
1420 76
1421 91
1422 94
1423 80
1424 89
1425 80
1426 94
1427 77
1428 85
1429 92
1430 83
1431 76
1432 78
1433 77
1434 83
1435 76
1436 82
1437 87
1438 87
1439 71
1440 76
1441 84
1442 78
1443 80
1444 72
1445 94
1446 88
1447 71
1448 79
1449 83
1450 88
1451 81
1452 73
1453 97
1454 75
1455 77
1456 101
1457 91
1458 91
1459 73
1460 98
1461 96
1462 76
1463 67
1464 70
1465 71
1466 75
1467 79
1468 91
1469 84
1470 66
1471 79
1472 73
1473 64
1474 86
1475 89
1476 78
1477 75
1478 79
1479 80
1480 83
1481 74
1482 87
1483 78
1484 59
1485 85
1486 71
1487 70
1488 88
1489 65
1490 83
1491 66
1492 73
1493 64
1494 75
1495 81
1496 76
1497 72
1498 68
1499 67
1500 80
1501 71
1502 93
1503 76
1504 72
1505 87
1506 81
1507 64
1508 75
1509 58
1510 65
1511 71
1512 67
1513 67
1514 67
1515 61
1516 62
1517 66
1518 49
1519 81
1520 76
1521 75
1522 69
1523 79
1524 67
1525 69
1526 67
1527 76
1528 56
1529 75
1530 63
1531 56
1532 60
1533 74
1534 71
1535 80
1536 58
1537 62
1538 55
1539 71
1540 64
1541 65
1542 70
1543 51
1544 62
1545 68
1546 69
1547 62
1548 74
1549 55
1550 68
1551 74
1552 55
1553 60
1554 78
1555 66
1556 58
1557 58
1558 61
1559 61
1560 62
1561 64
1562 56
1563 53
1564 53
1565 65
1566 65
1567 69
1568 78
1569 73
1570 83
1571 57
1572 56
1573 68
1574 62
1575 57
1576 74
1577 73
1578 69
1579 72
1580 47
1581 58
1582 57
1583 62
1584 60
1585 55
1586 64
1587 50
1588 48
1589 66
1590 47
1591 52
1592 49
1593 66
1594 45
1595 57
1596 65
1597 50
1598 53
1599 61
1600 55
1601 59
1602 63
1603 62
1604 60
1605 56
1606 52
1607 56
1608 48
1609 55
1610 55
1611 43
1612 51
1613 59
1614 67
1615 50
1616 49
1617 36
1618 54
1619 44
1620 56
1621 54
1622 59
1623 54
1624 53
1625 42
1626 47
1627 47
1628 55
1629 60
1630 58
1631 40
1632 41
1633 53
1634 48
1635 46
1636 50
1637 33
1638 56
1639 30
1640 52
1641 43
1642 47
1643 49
1644 44
1645 37
1646 55
1647 54
1648 35
1649 40
1650 54
1651 57
1652 44
1653 48
1654 43
1655 40
1656 33
1657 40
1658 41
1659 39
1660 46
1661 52
1662 52
1663 32
1664 51
1665 46
1666 48
1667 48
1668 31
1669 48
1670 54
1671 34
1672 39
1673 30
1674 41
1675 44
1676 50
1677 41
1678 41
1679 45
1680 42
1681 36
1682 41
1683 42
1684 38
1685 46
1686 46
1687 46
1688 51
1689 44
1690 43
1691 35
1692 49
1693 42
1694 31
1695 47
1696 44
1697 43
1698 46
1699 42
1700 53
1701 38
1702 39
1703 35
1704 49
1705 41
1706 53
1707 50
1708 36
1709 40
1710 43
1711 32
1712 48
1713 33
1714 40
1715 38
1716 36
1717 40
1718 45
1719 49
1720 35
1721 38
1722 29
1723 30
1724 35
1725 43
1726 40
1727 41
1728 33
1729 37
1730 39
1731 34
1732 44
1733 32
1734 35
1735 48
1736 41
1737 28
1738 25
1739 34
1740 33
1741 30
1742 33
1743 35
1744 37
1745 38
1746 23
1747 34
1748 41
1749 33
1750 32
1751 31
1752 24
1753 20
1754 33
1755 36
1756 31
1757 49
1758 27
1759 31
1760 35
1761 34
1762 32
1763 30
1764 30
1765 34
1766 25
1767 25
1768 31
1769 35
1770 23
1771 42
1772 34
1773 35
1774 35
1775 25
1776 26
1777 28
1778 24
1779 30
1780 31
1781 30
1782 39
1783 31
1784 39
1785 25
1786 30
1787 29
1788 34
1789 24
1790 29
1791 31
1792 27
1793 26
1794 27
1795 28
1796 32
1797 34
1798 17
1799 29
1800 31
1801 26
1802 24
1803 27
1804 28
1805 28
1806 26
1807 25
1808 25
1809 21
1810 22
1811 36
1812 26
1813 20
1814 21
1815 35
1816 37
1817 33
1818 34
1819 30
1820 23
1821 28
1822 28
1823 19
1824 26
1825 21
1826 23
1827 26
1828 27
1829 21
1830 33
1831 26
1832 34
1833 20
1834 26
1835 14
1836 24
1837 24
1838 30
1839 22
1840 23
1841 21
1842 25
1843 30
1844 25
1845 31
1846 21
1847 24
1848 20
1849 21
1850 20
1851 21
1852 21
1853 20
1854 24
1855 21
1856 24
1857 20
1858 29
1859 19
1860 22
1861 16
1862 28
1863 24
1864 20
1865 12
1866 19
1867 19
1868 28
1869 18
1870 23
1871 17
1872 15
1873 12
1874 20
1875 18
1876 17
1877 22
1878 17
1879 37
1880 25
1881 27
1882 17
1883 27
1884 18
1885 20
1886 25
1887 17
1888 21
1889 11
1890 20
1891 22
1892 20
1893 25
1894 16
1895 16
1896 20
1897 21
1898 15
1899 18
1900 21
1901 14
1902 22
1903 28
1904 22
1905 10
1906 24
1907 17
1908 16
1909 18
1910 18
1911 27
1912 24
1913 27
1914 14
1915 14
1916 22
1917 17
1918 24
1919 17
1920 16
1921 20
1922 12
1923 14
1924 13
1925 24
1926 15
1927 24
1928 22
1929 23
1930 19
1931 20
1932 13
1933 22
1934 11
1935 13
1936 21
1937 15
1938 10
1939 15
1940 11
1941 13
1942 31
1943 18
1944 10
1945 23
1946 17
1947 17
1948 18
1949 16
1950 14
1951 26
1952 15
1953 13
1954 9
1955 14
1956 16
1957 11
1958 14
1959 12
1960 22
1961 18
1962 19
1963 15
1964 23
1965 15
1966 16
1967 17
1968 10
1969 7
1970 18
1971 15
1972 14
1973 14
1974 13
1975 16
1976 14
1977 11
1978 16
1979 13
1980 11
1981 17
1982 9
1983 18
1984 11
1985 19
1986 15
1987 15
1988 12
1989 12
1990 15
1991 12
1992 8
1993 16
1994 14
1995 15
1996 9
1997 12
1998 18
1999 18
2000 7
2001 12
2002 9
2003 12
2004 14
2005 14
2006 21
2007 9
2008 19
2009 11
2010 10
2011 10
2012 17
2013 13
2014 15
2015 13
2016 14
2017 14
2018 13
2019 14
2020 8
2021 19
2022 17
2023 12
2024 16
2025 15
2026 8
2027 4
2028 8
2029 14
2030 14
2031 12
2032 14
2033 7
2034 6
2035 12
2036 12
2037 11
2038 15
2039 13
2040 16
2041 11
2042 14
2043 5
2044 11
2045 12
2046 15
2047 8
2048 7
2049 13
2050 10
2051 15
2052 3
2053 15
2054 13
2055 8
2056 10
2057 9
2058 14
2059 5
2060 7
2061 7
2062 8
2063 13
2064 9
2065 13
2066 8
2067 12
2068 9
2069 11
2070 11
2071 13
2072 11
2073 10
2074 15
2075 12
2076 14
2077 8
2078 11
2079 11
2080 5
2081 9
2082 9
2083 10
2084 9
2085 9
2086 9
2087 10
2088 10
2089 8
2090 9
2091 8
2092 7
2093 4
2094 9
2095 8
2096 6
2097 3
2098 11
2099 8
2100 7
2101 10
2102 4
2103 12
2104 13
2105 4
2106 8
2107 13
2108 5
2109 7
2110 9
2111 6
2112 7
2113 4
2114 5
2115 7
2116 9
2117 5
2118 7
2119 5
2120 4
2121 7
2122 7
2123 3
2124 8
2125 6
2126 3
2127 6
2128 8
2129 8
2130 7
2131 5
2132 11
2133 8
2134 4
2135 3
2136 3
2137 5
2138 10
2139 7
2140 6
2141 11
2142 3
2143 5
2144 6
2145 5
2146 10
2147 7
2148 7
2149 6
2150 3
2151 4
2152 7
2153 9
2154 10
2155 9
2156 4
2157 7
2158 4
2159 5
2160 3
2161 3
2162 7
2163 5
2164 6
2165 7
2166 4
2167 6
2168 5
2169 8
2170 2
2171 4
2172 4
2173 5
2174 7
2175 9
2176 5
2177 7
2178 6
2179 2
2180 5
2181 3
2182 7
2183 8
2184 8
2185 3
2186 10
2187 4
2188 4
2189 5
2190 4
2191 3
2192 3
2193 2
2194 4
2195 6
2196 9
2197 4
2198 6
2199 8
2200 4
2201 8
2202 8
2203 5
2204 11
2205 7
2206 2
2207 5
2208 7
2209 7
2210 7
2211 5
2212 6
2213 8
2214 7
2215 3
2216 8
2217 1
2218 8
2219 5
2220 7
2221 5
2222 2
2223 4
2224 4
2225 4
2226 6
2227 2
2228 4
2229 6
2230 4
2231 7
2232 5
2233 2
2234 4
2235 2
2236 4
2237 6
2238 4
2239 5
2240 2
2241 9
2242 3
2243 4
2244 4
2245 5
2246 2
2247 6
2248 6
2249 5
2250 4
2251 2
2252 9
2253 3
2254 4
2255 4
2256 3
2257 3
2258 4
2259 3
2260 6
2261 3
2262 1
2263 4
2264 4
2265 1
2266 4
2267 2
2268 1
2269 1
2270 1
2271 3
2272 2
2273 1
2274 5
2275 2
2276 4
2277 2
2278 1
2279 2
2280 2
2281 1
2282 3
2283 0
2284 5
2285 2
2286 1
2287 7
2288 2
2289 6
2290 1
2291 2
2292 1
2293 2
2294 4
2295 3
2296 1
2297 1
2298 3
2299 1
2300 2
2301 0
2302 1
2303 1
2304 3
2305 5
2306 2
2307 3
2308 1
2309 4
2310 2
2311 2
2312 2
2313 1
2314 2
2315 0
2316 3
2317 2
2318 3
2319 2
2320 2
2321 4
2322 1
2323 2
2324 3
2325 2
2326 1
2327 3
2328 4
2329 2
2330 0
2331 10
2332 5
2333 5
2334 1
2335 3
2336 4
2337 1
2338 1
2339 2
2340 2
2341 1
2342 3
2343 3
2344 4
2345 3
2346 4
2347 0
2348 3
2349 1
2350 1
2351 3
2352 0
2353 5
2354 3
2355 2
2356 4
2357 2
2358 2
2359 2
2360 2
2361 2
2362 1
2363 0
2364 1
2365 2
2366 2
2367 0
2368 1
2369 1
2370 5
2371 2
2372 2
2373 4
2374 6
2375 0
2376 1
2377 5
2378 1
2379 2
2380 3
2381 4
2382 0
2383 1
2384 0
2385 4
2386 2
2387 3
2388 2
2389 2
2390 0
2391 0
2392 2
2393 1
2394 3
2395 1
2396 1
2397 6
2398 1
2399 1
2400 1
2401 0
2402 0
2403 1
2404 2
2405 2
2406 3
2407 1
2408 2
2409 3
2410 0
2411 0
2412 0
2413 2
2414 4
2415 3
2416 1
2417 0
2418 3
2419 0
2420 3
2421 2
2422 0
2423 0
2424 2
2425 1
2426 4
2427 3
2428 0
2429 2
2430 4
2431 0
2432 1
2433 0
2434 0
2435 3
2436 1
2437 2
2438 2
2439 4
2440 0
2441 1
2442 1
2443 0
2444 2
2445 0
2446 1
2447 0
2448 3
2449 1
2450 1
2451 1
2452 0
2453 1
2454 1
2455 1
2456 0
2457 2
2458 3
2459 2
2460 2
2461 0
2462 0
2463 3
2464 0
2465 1
2466 2
2467 0
2468 1
2469 2
2470 2
2471 1
2472 0
2473 0
2474 2
2475 2
2476 0
2477 0
2478 1
2479 2
2480 2
2481 1
2482 0
2483 1
2484 1
2485 1
2486 0
2487 0
2488 3
2489 1
2490 0
2491 0
2492 1
2493 2
2494 0
2495 1
2496 0
2497 2
2498 1
2499 3
2500 0
2501 0
2502 0
2503 1
2504 1
2505 0
2506 1
2507 0
2508 1
2509 1
2510 1
2511 0
2512 2
2513 0
2514 1
2515 0
2516 1
2517 0
2518 1
2519 0
2520 1
2521 3
2522 0
2523 2
2524 1
2525 1
2526 0
2527 0
2528 1
2529 0
2530 1
2531 1
2532 1
2533 0
2534 0
2535 1
2536 0
2537 0
2538 1
2539 0
2540 1
2541 0
2542 0
2543 1
2544 2
2545 2
2546 2
2547 0
2548 0
2549 0
2550 0
2551 0
2552 2
2553 0
2554 0
2555 0
2556 1
2557 0
2558 1
2559 0
2560 0
2561 0
2562 0
2563 1
2564 1
2565 1
2566 1
2567 1
2568 0
2569 1
2570 0
2571 1
2572 0
2573 1
2574 0
2575 0
2576 0
2577 1
2578 0
2579 0
2580 1
2581 1
2582 0
2583 0
2584 0
2585 1
2586 1
2587 0
2588 1
2589 0
2590 1
2591 1
2592 0
2593 1
2594 0
2595 1
2596 0
2597 3
2598 1
2599 0
2600 0
2601 0
2602 0
2603 1
2604 0
2605 0
2606 0
2607 0
2608 1
2609 1
2610 0
2611 2
2612 2
2613 0
2614 0
2615 0
2616 0
2617 2
2618 1
2619 0
2620 1
2621 0
2622 1
2623 0
2624 2
2625 0
2626 0
2627 0
2628 0
2629 0
2630 1
2631 0
2632 0
2633 0
2634 1
2635 0
2636 1
2637 1
2638 1
2639 0
2640 1
2641 0
2642 0
2643 0
2644 0
2645 0
2646 1
2647 0
2648 0
2649 0
2650 0
2651 1
2652 1
2653 1
2654 0
2655 0
2656 0
2657 0
2658 0
2659 0
2660 2
2661 0
2662 1
2663 1
2664 0
2665 1
2666 0
2667 0
2668 1
2669 0
2670 0
2671 0
2672 1
2673 0
2674 0
2675 0
2676 0
2677 1
2678 0
2679 0
2680 0
2681 1
2682 0
2683 0
2684 3
2685 1
2686 0
2687 0
2688 0
2689 0
2690 0
2691 1
2692 0
2693 0
2694 0
2695 0
2696 1
2697 1
2698 0
2699 0
2700 0
2701 0
2702 0
2703 0
2704 1
2705 0
2706 0
2707 0
2708 0
2709 0
2710 1
2711 0
2712 0
2713 0
2714 0
2715 0
2716 1
2717 0
2718 0
2719 0
2720 0
2721 0
2722 0
2723 0
2724 0
2725 1
2726 0
2727 0
2728 0
2729 0
2730 0
2731 0
2732 0
2733 0
2734 0
2735 0
2736 0
2737 0
2738 0
2739 0
2740 0
2741 0
2742 0
2743 0
2744 0
2745 1
2746 0
2747 0
2748 0
2749 0
2750 1
2751 0
2752 0
2753 0
2754 1
2755 0
2756 0
2757 0
2758 0
2759 0
2760 0
2761 0
2762 1
2763 0
2764 0
2765 0
2766 0
2767 0
2768 0
2769 0
2770 0
2771 0
2772 0
2773 0
2774 0
2775 0
2776 0
2777 0
2778 0
2779 0
2780 0
2781 0
2782 1
2783 1
2784 0
2785 0
2786 0
2787 0
2788 0
2789 0
2790 0
2791 0
2792 0
2793 1
2794 0
2795 0
2796 0
2797 0
2798 1
2799 0
2800 0
2801 0
2802 1
2803 0
2804 1
2805 0
2806 0
2807 0
2808 0
2809 0
2810 0
2811 0
2812 1
2813 0
2814 0
2815 0
2816 0
2817 0
2818 0
2819 0
2820 0
2821 0
2822 0
2823 0
2824 1
2825 1
2826 0
2827 0
2828 0
2829 0
2830 0
2831 0
2832 0
2833 0
2834 1
2835 1
2836 0
2837 1
2838 0
2839 0
2840 0
2841 0
2842 0
2843 0
2844 0
2845 0
2846 0
2847 0
2848 0
2849 0
2850 0
2851 1
2852 0
2853 0
2854 0
2855 0
2856 1
2857 0
2858 0
2859 0
2860 1
2861 0
2862 0
2863 0
2864 0
2865 0
2866 0
2867 0
2868 0
2869 0
2870 0
2871 0
2872 0
2873 0
2874 0
2875 0
2876 0
2877 0
2878 0
2879 0
2880 0
2881 0
2882 0
2883 0
2884 1
2885 0
2886 0
2887 0
2888 0
2889 0
2890 0
2891 0
2892 0
2893 0
2894 0
2895 0
2896 0
2897 0
2898 0
2899 1
2900 1
2901 0
2902 0
2903 0
2904 0
2905 0
2906 0
2907 0
2908 0
2909 0
2910 1
2911 0
2912 0
2913 0
2914 0
2915 0
2916 0
2917 0
2918 0
2919 0
2920 0
2921 0
2922 0
2923 1
2924 0
2925 0
2926 0
2927 1
2928 0
2929 0
2930 0
2931 0
2932 1
2933 0
2934 0
2935 0
2936 0
2937 0
2938 0
2939 0
2940 0
2941 0
2942 0
2943 0
2944 0
2945 0
2946 0
2947 0
2948 0
2949 0
2950 0
2951 0
2952 0
2953 0
2954 0
2955 0
2956 0
2957 1
2958 0
2959 0
2960 0
2961 0
2962 0
2963 0
2964 0
2965 0
2966 0
2967 0
2968 0
2969 0
2970 0
2971 0
2972 0
2973 0
2974 0
2975 1
2976 0
2977 0
2978 0
2979 0
2980 0
2981 0
2982 0
2983 0
2984 0
2985 0
2986 0
2987 0
2988 0
2989 0
2990 1
2991 0
2992 0
2993 0
2994 0
2995 0
2996 0
2997 0
2998 0
2999 0
3000 0
3001 0
3002 0
3003 0
3004 0
3005 0
3006 0
3007 0
3008 0
3009 0
3010 0
3011 0
3012 0
3013 0
3014 0
3015 0
3016 0
3017 0
3018 0
3019 0
3020 0
3021 0
3022 0
3023 0
3024 0
3025 0
3026 0
3027 0
3028 0
3029 0
3030 0
3031 0
3032 0
3033 0
3034 0
3035 0
3036 0
3037 0
3038 0
3039 0
3040 0
3041 0
3042 0
3043 0
3044 0
3045 0
3046 0
3047 0
3048 0
3049 0
3050 1
3051 0
3052 0
3053 0
3054 1
3055 0
3056 0
3057 0
3058 0
3059 0
3060 0
3061 0
3062 0
3063 0
3064 0
3065 0
3066 0
3067 0
3068 0
3069 0
3070 0
3071 0
3072 0
3073 0
3074 0
3075 0
3076 0
3077 0
3078 0
3079 0
3080 0
3081 0
3082 0
3083 0
3084 0
3085 0
3086 0
3087 0
3088 0
3089 0
3090 0
3091 0
3092 0
3093 0
3094 0
3095 0
3096 0
3097 0
3098 0
3099 0
3100 0
3101 0
3102 0
3103 0
3104 0
3105 0
3106 0
3107 0
3108 0
3109 1
3110 0
3111 0
3112 0
3113 0
3114 0
3115 0
3116 0
3117 0
3118 0
3119 0
3120 0
3121 0
3122 0
3123 0
3124 0
3125 1
3126 0
3127 0
3128 0
3129 0
3130 0
3131 0
3132 1
3133 0
3134 0
3135 0
3136 0
3137 0
3138 0
3139 0
3140 0
3141 0
3142 0
3143 0
3144 0
3145 0
3146 0
3147 0
3148 0
3149 0
3150 0
3151 0
3152 0
3153 0
3154 0
3155 0
3156 0
3157 0
3158 0
3159 0
3160 0
3161 0
3162 0
3163 0
3164 0
3165 0
3166 0
3167 0
3168 0
3169 0
3170 0
3171 0
3172 0
3173 0
3174 0
3175 0
3176 0
3177 0
3178 0
3179 0
3180 0
3181 0
3182 0
3183 0
3184 0
3185 0
3186 0
3187 0
3188 0
3189 0
3190 0
3191 0
3192 0
3193 0
3194 0
3195 0
3196 0
3197 0
3198 0
3199 0
3200 0
3201 0
3202 0
3203 0
3204 0
3205 0
3206 0
3207 0
3208 0
3209 0
3210 0
3211 0
3212 0
3213 1
3214 0
3215 0
3216 0
3217 0
3218 0
3219 0
3220 0
3221 0
3222 0
3223 0
3224 0
3225 0
3226 0
3227 0
3228 0
3229 0
3230 0
3231 0
3232 0
3233 0
3234 0
3235 0
3236 0
3237 0
3238 0
3239 0
3240 0
3241 0
3242 0
3243 0
3244 0
3245 0
3246 0
3247 0
3248 0
3249 0
3250 0
3251 0
3252 0
3253 0
3254 0
3255 0
3256 0
3257 0
3258 0
3259 0
3260 0
3261 0
3262 0
3263 0
3264 0
3265 0
3266 0
3267 0
3268 0
3269 0
3270 0
3271 0
3272 0
3273 0
3274 0
3275 0
3276 0
3277 0
3278 1
3279 0
3280 0
3281 0
3282 0
3283 0
3284 0
3285 0
3286 0
3287 0
3288 0
3289 0
3290 0
3291 0
3292 0
3293 0
3294 0
3295 0
3296 0
3297 0
3298 0
3299 0
3300 0
3301 1
3302 0
3303 0
3304 0
3305 0
3306 0
3307 0
3308 0
3309 0
3310 0
3311 0
3312 0
3313 0
3314 0
3315 0
3316 0
3317 0
3318 0
3319 0
3320 0
3321 0
3322 0
3323 0
3324 0
3325 0
3326 0
3327 0
3328 0
3329 0
3330 0
3331 0
3332 0
3333 0
3334 0
3335 0
3336 0
3337 0
3338 0
3339 0
3340 0
3341 0
3342 0
3343 0
3344 0
3345 0
3346 0
3347 0
3348 0
3349 0
3350 0
3351 0
3352 0
3353 0
3354 0
3355 0
3356 0
3357 0
3358 0
3359 0
3360 0
3361 0
3362 1
3363 0
3364 0
3365 0
3366 0
3367 0
3368 0
3369 1
3370 0
3371 0
3372 0
3373 0
3374 0
3375 0
3376 0
3377 0
3378 0
3379 0
3380 0
3381 0
3382 0
3383 0
3384 0
3385 0
3386 1
3387 0
3388 1
3389 0
3390 0
3391 0
3392 0
3393 0
3394 0
3395 0
3396 0
3397 0
3398 0
3399 0
3400 0
3401 0
3402 0
3403 0
3404 0
3405 0
3406 0
3407 0
3408 0
3409 0
3410 0
3411 0
3412 0
3413 1
3414 0
3415 0
3416 0
3417 1
3418 0
3419 0
3420 0
3421 0
3422 0
3423 0
3424 0
3425 0
3426 0
3427 0
3428 0
3429 0
3430 0
3431 0
3432 0
3433 0
3434 0
3435 0
3436 0
3437 0
3438 0
3439 0
3440 0
3441 0
3442 0
3443 0
3444 0
3445 0
3446 0
3447 0
3448 0
3449 0
3450 0
3451 0
3452 0
3453 0
3454 0
3455 0
3456 0
3457 0
3458 0
3459 0
3460 0
3461 0
3462 0
3463 0
3464 0
3465 0
3466 0
3467 0
3468 0
3469 0
3470 0
3471 0
3472 0
3473 0
3474 0
3475 0
3476 0
3477 0
3478 0
3479 0
3480 0
3481 0
3482 0
3483 0
3484 0
3485 0
3486 0
3487 0
3488 0
3489 0
3490 0
3491 0
3492 0
3493 0
3494 0
3495 0
3496 0
3497 0
3498 0
3499 0
3500 0
3501 0
3502 0
3503 0
3504 0
3505 0
3506 0
3507 0
3508 0
3509 0
3510 0
3511 0
3512 0
3513 0
3514 0
3515 0
3516 0
3517 0
3518 0
3519 0
3520 0
3521 0
3522 0
3523 0
3524 0
3525 0
3526 0
3527 0
3528 0
3529 0
3530 0
3531 0
3532 0
3533 0
3534 0
3535 0
3536 0
3537 0
3538 0
3539 0
3540 0
3541 0
3542 0
3543 0
3544 0
3545 0
3546 0
3547 0
3548 0
3549 0
3550 0
3551 0
3552 0
3553 0
3554 0
3555 0
3556 0
3557 0
3558 0
3559 0
3560 0
3561 0
3562 0
3563 0
3564 1
3565 0
3566 0
3567 0
3568 0
3569 0
3570 0
3571 0
3572 0
3573 0
3574 0
3575 0
3576 0
3577 0
3578 0
3579 0
3580 0
3581 0
3582 0
3583 0
3584 0
3585 0
3586 0
3587 0
3588 0
3589 0
3590 0
3591 0
3592 0
3593 0
3594 0
3595 0
3596 0
3597 0
3598 0
3599 0
3600 0
3601 0
3602 0
3603 0
3604 0
3605 0
3606 0
3607 0
3608 0
3609 0
3610 0
3611 0
3612 0
3613 0
3614 0
3615 0
3616 0
3617 0
3618 0
3619 0
3620 0
3621 0
3622 0
3623 0
3624 0
3625 0
3626 0
3627 0
3628 0
3629 0
3630 0
3631 0
3632 0
3633 0
3634 0
3635 0
3636 0
3637 0
3638 0
3639 0
3640 0
3641 0
3642 0
3643 0
3644 0
3645 0
3646 0
3647 0
3648 0
3649 0
3650 0
3651 0
3652 1
3653 0
3654 0
3655 0
3656 0
3657 0
3658 0
3659 0
3660 0
3661 0
3662 0
3663 0
3664 0
3665 0
3666 0
3667 0
3668 0
3669 0
3670 0
3671 0
3672 0
3673 0
3674 0
3675 0
3676 0
3677 0
3678 0
3679 1
3680 0
3681 0
3682 0
3683 0
3684 0
3685 0
3686 0
3687 0
3688 0
3689 0
3690 0
3691 0
3692 0
3693 0
3694 0
3695 0
3696 0
3697 0
3698 0
3699 0
3700 0
3701 0
3702 0
3703 0
3704 0
3705 0
3706 0
3707 0
3708 0
3709 0
3710 0
3711 0
3712 0
3713 0
3714 0
3715 0
3716 0
3717 0
3718 0
3719 0
3720 0
3721 0
3722 0
3723 0
3724 0
3725 0
3726 0
3727 0
3728 0
3729 0
3730 0
3731 0
3732 0
3733 0
3734 0
3735 0
3736 0
3737 0
3738 0
3739 0
3740 0
3741 0
3742 0
3743 0
3744 0
3745 0
3746 0
3747 0
3748 0
3749 0
3750 0
3751 0
3752 0
3753 0
3754 0
3755 0
3756 0
3757 1
3758 0
3759 0
3760 0
3761 0
3762 0
3763 0
3764 0
3765 0
3766 0
3767 0
3768 0
3769 0
3770 0
3771 0
3772 0
3773 0
3774 0
3775 0
3776 0
3777 0
3778 0
3779 0
3780 0
3781 0
3782 0
3783 0
3784 0
3785 0
3786 0
3787 0
3788 0
3789 0
3790 0
3791 0
3792 0
3793 0
3794 0
3795 0
3796 0
3797 0
3798 0
3799 0
3800 0
3801 0
3802 0
3803 0
3804 0
3805 1
3806 0
3807 0
3808 0
3809 0
3810 0
3811 0
3812 0
3813 0
3814 0
3815 0
3816 0
3817 0
3818 0
3819 0
3820 0
3821 0
3822 0
3823 0
3824 0
3825 0
3826 0
3827 0
3828 0
3829 0
3830 0
3831 0
3832 0
3833 0
3834 0
3835 0
3836 0
3837 0
3838 0
3839 0
3840 0
3841 0
3842 0
3843 0
3844 0
3845 0
3846 0
3847 0
3848 0
3849 0
3850 0
3851 0
3852 0
3853 0
3854 0
3855 0
3856 0
3857 0
3858 0
3859 0
3860 0
3861 0
3862 0
3863 0
3864 0
3865 0
3866 0
3867 0
3868 0
3869 0
3870 0
3871 0
3872 0
3873 0
3874 0
3875 0
3876 0
3877 0
3878 0
3879 0
3880 0
3881 0
3882 0
3883 0
3884 0
3885 0
3886 0
3887 0
3888 0
3889 0
3890 0
3891 0
3892 0
3893 0
3894 0
3895 0
3896 0
3897 0
3898 0
3899 0
3900 0
3901 0
3902 0
3903 0
3904 0
3905 0
3906 0
3907 0
3908 0
3909 0
3910 0
3911 0
3912 0
3913 0
3914 0
3915 0
3916 0
3917 0
3918 0
3919 0
3920 0
3921 0
3922 0
3923 0
3924 0
3925 0
3926 0
3927 0
3928 0
3929 0
3930 0
3931 0
3932 0
3933 0
3934 0
3935 0
3936 0
3937 0
3938 0
3939 0
3940 0
3941 0
3942 0
3943 0
3944 0
3945 0
3946 0
3947 0
3948 0
3949 0
3950 0
3951 0
3952 0
3953 0
3954 0
3955 0
3956 0
3957 1
3958 0
3959 0
3960 0
3961 0
3962 0
3963 0
3964 0
3965 0
3966 0
3967 0
3968 0
3969 0
3970 0
3971 0
3972 0
3973 0
3974 0
3975 0
3976 0
3977 0
3978 0
3979 0
3980 0
3981 0
3982 0
3983 0
3984 0
3985 0
3986 0
3987 0
3988 0
3989 0
3990 0
3991 0
3992 0
3993 0
3994 0
3995 0
3996 0
3997 0
3998 0
3999 0
4000 0
