0 0
1 0
2 0
3 0
4 0
5 0
6 0
7 0
8 0
9 0
10 0
11 0
12 0
13 0
14 0
15 0
16 0
17 0
18 0
19 0
20 0
21 0
22 0
23 0
24 0
25 0
26 0
27 0
28 0
29 0
30 0
31 0
32 0
33 0
34 0
35 0
36 0
37 0
38 0
39 0
40 0
41 0
42 0
43 0
44 0
45 0
46 0
47 0
48 0
49 0
50 0
51 0
52 0
53 0
54 0
55 0
56 0
57 0
58 0
59 0
60 0
61 0
62 0
63 0
64 0
65 0
66 0
67 0
68 0
69 0
70 0
71 0
72 0
73 0
74 0
75 0
76 0
77 0
78 0
79 0
80 0
81 0
82 0
83 0
84 0
85 0
86 0
87 0
88 0
89 0
90 0
91 0
92 0
93 0
94 0
95 0
96 0
97 0
98 0
99 0
100 0
101 0
102 0
103 0
104 0
105 0
106 0
107 0
108 0
109 0
110 0
111 0
112 0
113 0
114 0
115 0
116 0
117 0
118 0
119 0
120 0
121 0
122 0
123 0
124 0
125 0
126 0
127 0
128 0
129 0
130 0
131 0
132 0
133 0
134 0
135 0
136 0
137 0
138 0
139 0
140 0
141 0
142 0
143 0
144 0
145 0
146 0
147 0
148 1
149 1
150 1
151 1
152 5
153 4
154 5
155 4
156 9
157 8
158 5
159 4
160 5
161 2
162 8
163 7
164 6
165 5
166 6
167 3
168 10
169 7
170 14
171 11
172 35
173 58
174 116
175 185
176 247
177 319
178 380
179 468
180 508
181 660
182 888
183 1411
184 2182
185 2951
186 4122
187 4672
188 5093
189 5105
190 5069
191 5033
192 4593
193 4272
194 3858
195 3576
196 3266
197 2836
198 2567
199 2299
200 2011
201 1784
202 1649
203 1374
204 1242
205 1135
206 1083
207 1008
208 928
209 808
210 814
211 837
212 770
213 782
214 747
215 827
216 797
217 735
218 713
219 747
220 693
221 714
222 789
223 771
224 782
225 781
226 787
227 736
228 759
229 756
230 788
231 795
232 750
233 821
234 745
235 767
236 813
237 826
238 814
239 833
240 845
241 779
242 863
243 796
244 799
245 796
246 847
247 850
248 818
249 816
250 840
251 862
252 835
253 874
254 827
255 849
256 865
257 866
258 855
259 824
260 894
261 891
262 891
263 809
264 853
265 904
266 960
267 823
268 901
269 896
270 900
271 918
272 932
273 846
274 875
275 868
276 896
277 864
278 877
279 864
280 899
281 888
282 825
283 929
284 931
285 887
286 946
287 931
288 935
289 889
290 918
291 886
292 911
293 919
294 931
295 932
296 872
297 935
298 954
299 938
300 891
301 908
302 928
303 914
304 918
305 944
306 885
307 955
308 939
309 945
310 928
311 925
312 989
313 940
314 944
315 931
316 882
317 989
318 996
319 946
320 997
321 949
322 992
323 962
324 975
325 1003
326 978
327 931
328 913
329 951
330 954
331 900
332 960
333 1002
334 926
335 983
336 947
337 1032
338 938
339 936
340 988
341 1007
342 926
343 961
344 970
345 977
346 991
347 986
348 914
349 1011
350 1039
351 986
352 1039
353 970
354 1005
355 1008
356 1001
357 1026
358 996
359 1082
360 1065
361 1042
362 1008
363 1056
364 1039
365 1059
366 1060
367 1085
368 1068
369 1042
370 1003
371 1040
372 1075
373 1112
374 1031
375 1028
376 1085
377 1067
378 1043
379 994
380 1059
381 1092
382 1107
383 1069
384 1097
385 1165
386 1097
387 1063
388 1125
389 1106
390 1086
391 1038
392 1135
393 1075
394 1094
395 1115
396 1100
397 1067
398 1109
399 1187
400 1169
401 1143
402 1161
403 1127
404 1163
405 1162
406 1210
407 1138
408 1207
409 1135
410 1153
411 1216
412 1215
413 1142
414 1175
415 1161
416 1202
417 1189
418 1158
419 1205
420 1235
421 1217
422 1226
423 1323
424 1286
425 1286
426 1255
427 1264
428 1293
429 1245
430 1241
431 1299
432 1272
433 1319
434 1290
435 1243
436 1299
437 1339
438 1299
439 1362
440 1366
441 1327
442 1342
443 1365
444 1413
445 1336
446 1333
447 1373
448 1438
449 1403
450 1407
451 1406
452 1390
453 1354
454 1368
455 1389
456 1454
457 1411
458 1475
459 1457
460 1450
461 1441
462 1490
463 1472
464 1474
465 1451
466 1493
467 1530
468 1510
469 1503
470 1520
471 1540
472 1498
473 1575
474 1522
475 1547
476 1587
477 1682
478 1555
479 1545
480 1582
481 1588
482 1544
483 1653
484 1610
485 1614
486 1639
487 1599
488 1587
489 1594
490 1591
491 1653
492 1660
493 1661
494 1690
495 1639
496 1631
497 1775
498 1667
499 1669
500 1722
501 1750
502 1689
503 1743
504 1794
505 1732
506 1743
507 1748
508 1701
509 1719
510 1695
511 1740
512 1784
513 1691
514 1708
515 1695
516 1772
517 1789
518 1770
519 1775
520 1730
521 1736
522 1843
523 1808
524 1852
525 1802
526 1849
527 1843
528 1813
529 1878
530 1798
531 1800
532 1752
533 1782
534 1823
535 1863
536 1808
537 1839
538 1832
539 1792
540 1879
541 1777
542 1769
543 1906
544 1817
545 1811
546 1888
547 1820
548 1810
549 1910
550 1851
551 1899
552 1867
553 1866
554 1808
555 1898
556 1862
557 1898
558 1803
559 1927
560 1858
561 1914
562 1863
563 1797
564 1913
565 1712
566 1930
567 1795
568 1884
569 1900
570 1818
571 1868
572 1871
573 1848
574 1833
575 1873
576 1793
577 1883
578 1822
579 1863
580 1889
581 1856
582 1768
583 1803
584 1758
585 1794
586 1843
587 1764
588 1824
589 1818
590 1794
591 1800
592 1904
593 1809
594 1818
595 1792
596 1815
597 1812
598 1721
599 1766
600 1733
601 1764
602 1811
603 1784
604 1768
605 1788
606 1699
607 1785
608 1717
609 1726
610 1709
611 1834
612 1809
613 1669
614 1767
615 1715
616 1644
617 1698
618 1722
619 1743
620 1674
621 1770
622 1700
623 1711
624 1649
625 1599
626 1611
627 1656
628 1630
629 1690
630 1685
631 1629
632 1626
633 1627
634 1640
635 1594
636 1617
637 1669
638 1609
639 1552
640 1575
641 1542
642 1536
643 1507
644 1473
645 1611
646 1485
647 1492
648 1510
649 1511
650 1560
651 1493
652 1579
653 1525
654 1477
655 1508
656 1460
657 1451
658 1463
659 1394
660 1415
661 1421
662 1428
663 1415
664 1403
665 1447
666 1394
667 1349
668 1332
669 1391
670 1319
671 1345
672 1433
673 1402
674 1384
675 1271
676 1337
677 1339
678 1258
679 1309
680 1275
681 1255
682 1298
683 1270
684 1269
685 1209
686 1262
687 1231
688 1255
689 1282
690 1197
691 1211
692 1214
693 1243
694 1148
695 1229
696 1135
697 1205
698 1129
699 1220
700 1147
701 1181
702 1122
703 1199
704 1158
705 1101
706 1064
707 1123
708 1114
709 1065
710 1090
711 1072
712 1086
713 1059
714 1094
715 1060
716 1095
717 1003
718 1047
719 990
720 1002
721 1043
722 1008
723 1004
724 939
725 995
726 1010
727 982
728 979
729 952
730 955
731 934
732 897
733 859
734 912
735 875
736 895
737 891
738 897
739 834
740 949
741 862
742 886
743 842
744 874
745 863
746 868
747 838
748 845
749 800
750 810
751 816
752 810
753 808
754 759
755 695
756 820
757 779
758 752
759 736
760 725
761 750
762 738
763 767
764 702
765 689
766 720
767 669
768 741
769 670
770 666
771 736
772 673
773 707
774 642
775 679
776 640
777 649
778 650
779 647
780 648
781 678
782 621
783 584
784 667
785 657
786 667
787 635
788 576
789 594
790 574
791 568
792 630
793 583
794 586
795 570
796 568
797 584
798 552
799 545
800 560
801 576
802 557
803 564
804 536
805 501
806 525
807 458
808 536
809 501
810 534
811 499
812 513
813 491
814 508
815 516
816 537
817 487
818 511
819 472
820 460
821 463
822 457
823 457
824 484
825 452
826 459
827 486
828 434
829 488
830 443
831 487
832 484
833 459
834 448
835 446
836 440
837 438
838 439
839 416
840 407
841 388
842 417
843 399
844 396
845 392
846 383
847 375
848 388
849 403
850 393
851 400
852 413
853 372
854 357
855 404
856 357
857 353
858 381
859 346
860 368
861 357
862 407
863 367
864 353
865 372
866 343
867 346
868 321
869 361
870 358
871 331
872 366
873 325
874 329
875 373
876 337
877 315
878 316
879 341
880 359
881 342
882 324
883 294
884 325
885 295
886 287
887 318
888 307
889 329
890 294
891 289
892 277
893 286
894 299
895 324
896 303
897 302
898 297
899 291
900 291
901 282
902 286
903 307
904 257
905 273
906 314
907 290
908 276
909 301
910 280
911 287
912 281
913 292
914 258
915 277
916 263
917 282
918 250
919 245
920 261
921 276
922 243
923 219
924 290
925 239
926 240
927 281
928 271
929 236
930 254
931 247
932 245
933 256
934 246
935 257
936 266
937 263
938 248
939 237
940 232
941 253
942 255
943 286
944 275
945 255
946 245
947 252
948 261
949 263
950 239
951 234
952 255
953 230
954 250
955 225
956 246
957 259
958 228
959 228
960 234
961 226
962 258
963 221
964 272
965 234
966 250
967 222
968 242
969 231
970 214
971 244
972 247
973 211
974 253
975 252
976 232
977 224
978 227
979 223
980 224
981 217
982 236
983 202
984 243
985 243
986 241
987 233
988 232
989 224
990 242
991 219
992 222
993 224
994 212
995 209
996 246
997 239
998 207
999 219
1000 212
1001 230
1002 226
1003 224
1004 207
1005 230
1006 202
1007 223
1008 209
1009 214
1010 211
1011 209
1012 228
1013 212
1014 244
1015 203
1016 210
1017 209
1018 220
1019 205
1020 227
1021 206
1022 201
1023 214
1024 220
1025 221
1026 199
1027 212
1028 218
1029 206
1030 211
1031 207
1032 212
1033 199
1034 214
1035 221
1036 181
1037 203
1038 209
1039 201
1040 237
1041 191
1042 223
1043 222
1044 220
1045 215
1046 174
1047 216
1048 182
1049 205
1050 223
1051 187
1052 202
1053 201
1054 185
1055 213
1056 213
1057 191
1058 228
1059 224
1060 194
1061 176
1062 183
1063 207
1064 200
1065 235
1066 218
1067 215
1068 219
1069 203
1070 184
1071 224
1072 192
1073 231
1074 196
1075 211
1076 211
1077 204
1078 205
1079 220
1080 211
1081 204
1082 191
1083 206
1084 205
1085 222
1086 213
1087 207
1088 198
1089 196
1090 206
1091 213
1092 205
1093 200
1094 224
1095 183
1096 206
1097 187
1098 211
1099 222
1100 211
1101 209
1102 207
1103 187
1104 197
1105 203
1106 204
1107 208
1108 203
1109 204
1110 194
1111 203
1112 216
1113 200
1114 196
1115 223
1116 193
1117 190
1118 208
1119 204
1120 198
1121 218
1122 199
1123 208
1124 193
1125 192
1126 226
1127 216
1128 207
1129 235
1130 222
1131 181
1132 195
1133 196
1134 225
1135 202
1136 229
1137 192
1138 206
1139 199
1140 181
1141 220
1142 200
1143 206
1144 196
1145 194
1146 208
1147 226
1148 194
1149 187
1150 189
1151 197
1152 195
1153 191
1154 171
1155 189
1156 216
1157 195
1158 190
1159 226
1160 196
1161 207
1162 211
1163 177
1164 185
1165 202
1166 208
1167 208
1168 219
1169 213
1170 210
1171 210
1172 205
1173 210
1174 192
1175 183
1176 201
1177 205
1178 210
1179 197
1180 212
1181 187
1182 213
1183 200
1184 208
1185 190
1186 207
1187 207
1188 207
1189 225
1190 195
1191 213
1192 189
1193 216
1194 193
1195 207
1196 209
1197 192
1198 211
1199 195
1200 170
1201 191
1202 192
1203 226
1204 228
1205 188
1206 212
1207 189
1208 189
1209 214
1210 200
1211 207
1212 201
1213 210
1214 193
1215 182
1216 191
1217 184
1218 201
1219 202
1220 198
1221 197
1222 189
1223 209
1224 176
1225 191
1226 193
1227 183
1228 198
1229 199
1230 200
1231 189
1232 216
1233 206
1234 186
1235 196
1236 193
1237 218
1238 178
1239 209
1240 204
1241 178
1242 196
1243 199
1244 184
1245 181
1246 200
1247 189
1248 181
1249 193
1250 180
1251 178
1252 168
1253 196
1254 178
1255 208
1256 204
1257 211
1258 198
1259 188
1260 157
1261 193
1262 188
1263 195
1264 196
1265 179
1266 190
1267 203
1268 187
1269 203
1270 212
1271 207
1272 190
1273 177
1274 180
1275 185
1276 192
1277 178
1278 209
1279 210
1280 193
1281 223
1282 210
1283 180
1284 185
1285 188
1286 187
1287 195
1288 176
1289 170
1290 195
1291 184
1292 207
1293 183
1294 207
1295 168
1296 213
1297 174
1298 200
1299 190
1300 175
1301 197
1302 195
1303 186
1304 201
1305 203
1306 190
1307 191
1308 158
1309 190
1310 203
1311 192
1312 183
1313 190
1314 203
1315 191
1316 194
1317 173
1318 209
1319 171
1320 181
1321 206
1322 194
1323 188
1324 202
1325 176
1326 168
1327 195
1328 181
1329 191
1330 193
1331 173
1332 191
1333 164
1334 179
1335 176
1336 178
1337 177
1338 172
1339 176
1340 192
1341 163
1342 191
1343 194
1344 194
1345 204
1346 194
1347 196
1348 174
1349 172
1350 184
1351 188
1352 175
1353 179
1354 173
1355 172
1356 181
1357 165
1358 171
1359 169
1360 191
1361 172
1362 169
1363 176
1364 171
1365 165
1366 165
1367 198
1368 178
1369 149
1370 184
1371 142
1372 176
1373 189
1374 169
1375 171
1376 165
1377 186
1378 195
1379 179
1380 182
1381 194
1382 172
1383 185
1384 168
1385 188
1386 162
1387 188
1388 158
1389 166
1390 160
1391 185
1392 143
1393 139
1394 174
1395 157
1396 165
1397 147
1398 176
1399 183
1400 159
1401 164
1402 175
1403 158
1404 168
1405 156
1406 171
1407 175
1408 178
1409 163
1410 169
1411 164
1412 171
1413 157
1414 185
1415 147
1416 144
1417 192
1418 154
1419 175
1420 155
1421 130
1422 155
1423 179
1424 143
1425 169
1426 142
1427 172
1428 152
1429 152
1430 157
1431 155
1432 167
1433 180
1434 152
1435 159
1436 143
1437 141
1438 148
1439 170
1440 160
1441 147
1442 166
1443 169
1444 146
1445 151
1446 145
1447 177
1448 146
1449 152
1450 151
1451 145
1452 147
1453 160
1454 159
1455 138
1456 134
1457 149
1458 151
1459 121
1460 160
1461 169
1462 156
1463 134
1464 178
1465 134
1466 152
1467 127
1468 142
1469 147
1470 141
1471 138
1472 150
1473 150
1474 140
1475 153
1476 146
1477 135
1478 145
1479 129
1480 138
1481 149
1482 158
1483 151
1484 148
1485 127
1486 123
1487 142
1488 146
1489 136
1490 147
1491 137
1492 133
1493 122
1494 142
1495 120
1496 126
1497 151
1498 134
1499 148
1500 118
1501 143
1502 152
1503 123
1504 124
1505 144
1506 134
1507 111
1508 127
1509 115
1510 129
1511 135
1512 139
1513 134
1514 121
1515 105
1516 115
1517 128
1518 131
1519 121
1520 127
1521 141
1522 104
1523 122
1524 143
1525 107
1526 122
1527 141
1528 121
1529 126
1530 120
1531 107
1532 113
1533 140
1534 116
1535 114
1536 114
1537 112
1538 117
1539 103
1540 127
1541 114
1542 115
1543 113
1544 115
1545 149
1546 112
1547 106
1548 92
1549 104
1550 124
1551 117
1552 124
1553 118
1554 104
1555 107
1556 96
1557 115
1558 111
1559 110
1560 113
1561 124
1562 116
1563 110
1564 104
1565 111
1566 103
1567 112
1568 122
1569 103
1570 112
1571 110
1572 103
1573 120
1574 81
1575 110
1576 123
1577 106
1578 97
1579 105
1580 92
1581 100
1582 110
1583 114
1584 89
1585 107
1586 109
1587 119
1588 82
1589 107
1590 108
1591 118
1592 119
1593 107
1594 92
1595 123
1596 118
1597 95
1598 110
1599 88
1600 97
1601 87
1602 90
1603 105
1604 100
1605 115
1606 103
1607 105
1608 99
1609 89
1610 117
1611 107
1612 110
1613 95
1614 81
1615 106
1616 92
1617 81
1618 95
1619 87
1620 80
1621 91
1622 104
1623 97
1624 100
1625 104
1626 103
1627 104
1628 112
1629 77
1630 89
1631 93
1632 82
1633 102
1634 103
1635 71
1636 96
1637 101
1638 91
1639 69
1640 93
1641 82
1642 98
1643 84
1644 84
1645 78
1646 79
1647 89
1648 91
1649 101
1650 77
1651 84
1652 84
1653 85
1654 105
1655 84
1656 95
1657 76
1658 95
1659 92
1660 85
1661 78
1662 87
1663 84
1664 77
1665 82
1666 74
1667 85
1668 76
1669 76
1670 86
1671 89
1672 89
1673 85
1674 80
1675 76
1676 93
1677 83
1678 71
1679 92
1680 82
1681 85
1682 86
1683 69
1684 90
1685 64
1686 80
1687 86
1688 81
1689 80
1690 70
1691 73
1692 84
1693 70
1694 79
1695 62
1696 60
1697 74
1698 82
1699 70
1700 59
1701 66
1702 80
1703 77
1704 63
1705 78
1706 79
1707 65
1708 70
1709 75
1710 61
1711 77
1712 70
1713 65
1714 65
1715 60
1716 78
1717 64
1718 84
1719 62
1720 73
1721 68
1722 61
1723 73
1724 81
1725 79
1726 69
1727 84
1728 69
1729 75
1730 62
1731 64
1732 62
1733 55
1734 66
1735 72
1736 62
1737 62
1738 53
1739 69
1740 60
1741 83
1742 58
1743 66
1744 54
1745 73
1746 52
1747 66
1748 58
1749 54
1750 62
1751 65
1752 62
1753 60
1754 71
1755 58
1756 65
1757 62
1758 73
1759 49
1760 62
1761 56
1762 53
1763 54
1764 63
1765 60
1766 66
1767 64
1768 50
1769 63
1770 66
1771 56
1772 60
1773 60
1774 53
1775 52
1776 54
1777 56
1778 52
1779 53
1780 61
1781 64
1782 51
1783 64
1784 54
1785 70
1786 51
1787 56
1788 56
1789 53
1790 65
1791 66
1792 51
1793 68
1794 52
1795 55
1796 58
1797 59
1798 50
1799 55
1800 46
1801 62
1802 65
1803 49
1804 52
1805 64
1806 52
1807 47
1808 51
1809 51
1810 60
1811 46
1812 69
1813 41
1814 45
1815 56
1816 45
1817 45
1818 53
1819 46
1820 53
1821 54
1822 55
1823 53
1824 52
1825 38
1826 41
1827 54
1828 42
1829 44
1830 55
1831 52
1832 46
1833 44
1834 52
1835 46
1836 41
1837 38
1838 44
1839 48
1840 62
1841 42
1842 38
1843 61
1844 43
1845 44
1846 59
1847 55
1848 42
1849 42
1850 48
1851 51
1852 37
1853 29
1854 53
1855 41
1856 52
1857 40
1858 51
1859 54
1860 34
1861 36
1862 43
1863 38
1864 27
1865 35
1866 32
1867 39
1868 39
1869 51
1870 39
1871 45
1872 42
1873 44
1874 36
1875 45
1876 36
1877 37
1878 36
1879 46
1880 40
1881 35
1882 48
1883 39
1884 40
1885 43
1886 43
1887 35
1888 41
1889 35
1890 33
1891 56
1892 32
1893 43
1894 43
1895 38
1896 32
1897 48
1898 31
1899 38
1900 30
1901 46
1902 33
1903 39
1904 37
1905 32
1906 25
1907 33
1908 33
1909 31
1910 34
1911 44
1912 38
1913 35
1914 33
1915 33
1916 29
1917 29
1918 27
1919 35
1920 40
1921 29
1922 36
1923 33
1924 25
1925 38
1926 18
1927 31
1928 40
1929 31
1930 18
1931 36
1932 31
1933 30
1934 22
1935 38
1936 28
1937 29
1938 42
1939 37
1940 25
1941 35
1942 33
1943 44
1944 25
1945 35
1946 31
1947 29
1948 35
1949 35
1950 37
1951 35
1952 37
1953 32
1954 22
1955 41
1956 39
1957 19
1958 27
1959 42
1960 37
1961 25
1962 23
1963 31
1964 36
1965 27
1966 23
1967 25
1968 34
1969 37
1970 26
1971 36
1972 27
1973 23
1974 27
1975 22
1976 33
1977 26
1978 26
1979 25
1980 20
1981 29
1982 17
1983 26
1984 29
1985 28
1986 27
1987 29
1988 20
1989 24
1990 25
1991 25
1992 20
1993 22
1994 22
1995 22
1996 22
1997 34
1998 27
1999 25
2000 17
2001 16
2002 28
2003 20
2004 27
2005 27
2006 25
2007 27
2008 13
2009 32
2010 29
2011 25
2012 21
2013 25
2014 23
2015 19
2016 24
2017 22
2018 19
2019 24
2020 24
2021 23
2022 22
2023 19
2024 17
2025 21
2026 20
2027 24
2028 16
2029 26
2030 23
2031 22
2032 21
2033 20
2034 23
2035 16
2036 28
2037 14
2038 21
2039 23
2040 25
2041 25
2042 16
2043 22
2044 23
2045 14
2046 13
2047 15
2048 21
2049 18
2050 23
2051 23
2052 14
2053 17
2054 26
2055 22
2056 13
2057 20
2058 13
2059 15
2060 20
2061 15
2062 16
2063 15
2064 15
2065 22
2066 29
2067 21
2068 31
2069 14
2070 17
2071 21
2072 14
2073 14
2074 16
2075 19
2076 12
2077 18
2078 8
2079 21
2080 24
2081 15
2082 18
2083 16
2084 13
2085 15
2086 13
2087 17
2088 14
2089 22
2090 10
2091 13
2092 11
2093 8
2094 12
2095 21
2096 13
2097 13
2098 16
2099 14
2100 15
2101 19
2102 11
2103 16
2104 15
2105 8
2106 12
2107 12
2108 25
2109 17
2110 16
2111 19
2112 14
2113 7
2114 8
2115 15
2116 18
2117 17
2118 11
2119 12
2120 11
2121 8
2122 16
2123 7
2124 16
2125 11
2126 14
2127 14
2128 18
2129 8
2130 10
2131 12
2132 13
2133 11
2134 21
2135 8
2136 17
2137 18
2138 15
2139 12
2140 13
2141 9
2142 14
2143 12
2144 13
2145 13
2146 10
2147 10
2148 7
2149 16
2150 14
2151 10
2152 8
2153 10
2154 7
2155 15
2156 10
2157 8
2158 7
2159 15
2160 10
2161 10
2162 17
2163 11
2164 7
2165 13
2166 7
2167 10
2168 6
2169 12
2170 14
2171 4
2172 11
2173 10
2174 13
2175 12
2176 7
2177 7
2178 8
2179 12
2180 12
2181 9
2182 7
2183 6
2184 9
2185 13
2186 6
2187 15
2188 11
2189 12
2190 13
2191 10
2192 11
2193 15
2194 12
2195 5
2196 12
2197 7
2198 6
2199 15
2200 5
2201 6
2202 13
2203 6
2204 8
2205 12
2206 9
2207 5
2208 8
2209 5
2210 8
2211 4
2212 7
2213 9
2214 7
2215 6
2216 8
2217 5
2218 9
2219 8
2220 11
2221 7
2222 13
2223 6
2224 5
2225 3
2226 9
2227 6
2228 9
2229 5
2230 9
2231 4
2232 5
2233 6
2234 8
2235 6
2236 4
2237 4
2238 8
2239 9
2240 7
2241 5
2242 7
2243 2
2244 4
2245 4
2246 6
2247 10
2248 9
2249 7
2250 10
2251 6
2252 9
2253 7
2254 3
2255 5
2256 4
2257 7
2258 7
2259 3
2260 9
2261 5
2262 6
2263 6
2264 6
2265 5
2266 6
2267 4
2268 6
2269 6
2270 2
2271 7
2272 7
2273 3
2274 7
2275 8
2276 8
2277 3
2278 4
2279 4
2280 7
2281 4
2282 6
2283 6
2284 3
2285 3
2286 6
2287 6
2288 3
2289 8
2290 2
2291 6
2292 6
2293 4
2294 3
2295 4
2296 6
2297 6
2298 3
2299 9
2300 6
2301 2
2302 5
2303 5
2304 3
2305 4
2306 3
2307 6
2308 3
2309 3
2310 5
2311 2
2312 1
2313 3
2314 2
2315 4
2316 5
2317 3
2318 4
2319 3
2320 5
2321 6
2322 3
2323 3
2324 2
2325 0
2326 2
2327 6
2328 2
2329 7
2330 3
2331 4
2332 4
2333 4
2334 5
2335 6
2336 3
2337 7
2338 4
2339 1
2340 3
2341 4
2342 7
2343 4
2344 4
2345 5
2346 3
2347 8
2348 5
2349 2
2350 3
2351 2
2352 4
2353 2
2354 3
2355 4
2356 4
2357 5
2358 2
2359 5
2360 4
2361 5
2362 4
2363 3
2364 2
2365 5
2366 6
2367 3
2368 4
2369 4
2370 3
2371 3
2372 5
2373 3
2374 3
2375 1
2376 8
2377 1
2378 6
2379 6
2380 2
2381 3
2382 6
2383 2
2384 5
2385 3
2386 3
2387 3
2388 2
2389 1
2390 2
2391 2
2392 1
2393 5
2394 3
2395 2
2396 3
2397 1
2398 3
2399 3
2400 0
2401 2
2402 1
2403 1
2404 3
2405 4
2406 0
2407 3
2408 1
2409 1
2410 3
2411 0
2412 2
2413 5
2414 2
2415 2
2416 3
2417 2
2418 1
2419 0
2420 1
2421 0
2422 3
2423 1
2424 2
2425 1
2426 2
2427 3
2428 3
2429 1
2430 2
2431 2
2432 1
2433 1
2434 4
2435 3
2436 1
2437 0
2438 4
2439 0
2440 3
2441 3
2442 2
2443 7
2444 6
2445 5
2446 0
2447 1
2448 1
2449 1
2450 1
2451 1
2452 2
2453 2
2454 1
2455 1
2456 1
2457 0
2458 2
2459 1
2460 2
2461 2
2462 1
2463 1
2464 2
2465 1
2466 1
2467 2
2468 3
2469 2
2470 0
2471 2
2472 2
2473 2
2474 1
2475 2
2476 3
2477 2
2478 2
2479 1
2480 1
2481 2
2482 2
2483 1
2484 2
2485 1
2486 1
2487 0
2488 0
2489 0
2490 0
2491 2
2492 2
2493 1
2494 0
2495 1
2496 2
2497 1
2498 1
2499 1
2500 0
2501 1
2502 3
2503 2
2504 2
2505 0
2506 0
2507 2
2508 0
2509 1
2510 3
2511 3
2512 0
2513 2
2514 2
2515 4
2516 1
2517 0
2518 2
2519 0
2520 3
2521 2
2522 1
2523 0
2524 1
2525 1
2526 1
2527 1
2528 1
2529 1
2530 1
2531 0
2532 2
2533 2
2534 2
2535 1
2536 1
2537 0
2538 1
2539 1
2540 0
2541 1
2542 0
2543 0
2544 0
2545 0
2546 4
2547 1
2548 0
2549 1
2550 3
2551 1
2552 0
2553 2
2554 0
2555 0
2556 1
2557 0
2558 1
2559 3
2560 1
2561 2
2562 0
2563 0
2564 0
2565 2
2566 2
2567 2
2568 1
2569 1
2570 2
2571 2
2572 1
2573 0
2574 2
2575 3
2576 3
2577 1
2578 2
2579 2
2580 0
2581 0
2582 0
2583 0
2584 0
2585 1
2586 0
2587 0
2588 0
2589 2
2590 1
2591 1
2592 0
2593 0
2594 0
2595 0
2596 4
2597 2
2598 1
2599 1
2600 3
2601 0
2602 1
2603 0
2604 2
2605 2
2606 0
2607 0
2608 0
2609 0
2610 2
2611 1
2612 0
2613 1
2614 0
2615 0
2616 2
2617 0
2618 0
2619 0
2620 0
2621 1
2622 0
2623 1
2624 1
2625 0
2626 0
2627 0
2628 1
2629 1
2630 0
2631 0
2632 0
2633 0
2634 2
2635 3
2636 0
2637 0
2638 2
2639 0
2640 1
2641 1
2642 0
2643 1
2644 0
2645 1
2646 0
2647 0
2648 1
2649 0
2650 2
2651 2
2652 1
2653 1
2654 1
2655 1
2656 0
2657 1
2658 0
2659 0
2660 1
2661 1
2662 0
2663 0
2664 1
2665 0
2666 0
2667 0
2668 1
2669 0
2670 0
2671 0
2672 0
2673 0
2674 0
2675 2
2676 0
2677 1
2678 2
2679 0
2680 0
2681 3
2682 1
2683 0
2684 1
2685 0
2686 0
2687 0
2688 0
2689 0
2690 0
2691 1
2692 1
2693 0
2694 0
2695 0
2696 0
2697 0
2698 1
2699 0
2700 1
2701 0
2702 0
2703 0
2704 0
2705 1
2706 1
2707 0
2708 2
2709 0
2710 0
2711 1
2712 0
2713 0
2714 0
2715 1
2716 1
2717 0
2718 0
2719 1
2720 0
2721 1
2722 0
2723 0
2724 1
2725 2
2726 1
2727 0
2728 1
2729 2
2730 1
2731 1
2732 1
2733 2
2734 0
2735 0
2736 2
2737 0
2738 0
2739 1
2740 0
2741 0
2742 0
2743 0
2744 0
2745 1
2746 1
2747 0
2748 1
2749 0
2750 0
2751 0
2752 0
2753 0
2754 1
2755 0
2756 0
2757 0
2758 0
2759 0
2760 0
2761 0
2762 0
2763 0
2764 0
2765 0
2766 0
2767 1
2768 0
2769 1
2770 0
2771 0
2772 0
2773 0
2774 1
2775 0
2776 0
2777 0
2778 0
2779 1
2780 1
2781 0
2782 0
2783 0
2784 0
2785 0
2786 1
2787 1
2788 0
2789 1
2790 0
2791 0
2792 0
2793 0
2794 0
2795 0
2796 0
2797 1
2798 0
2799 0
2800 0
2801 0
2802 0
2803 0
2804 0
2805 1
2806 0
2807 1
2808 0
2809 0
2810 0
2811 0
2812 1
2813 2
2814 0
2815 0
2816 0
2817 0
2818 0
2819 1
2820 0
2821 2
2822 0
2823 0
2824 0
2825 0
2826 0
2827 0
2828 1
2829 0
2830 0
2831 0
2832 0
2833 0
2834 2
2835 0
2836 0
2837 0
2838 1
2839 0
2840 0
2841 0
2842 0
2843 0
2844 0
2845 1
2846 1
2847 0
2848 0
2849 0
2850 0
2851 0
2852 0
2853 1
2854 0
2855 0
2856 0
2857 1
2858 0
2859 0
2860 0
2861 2
2862 0
2863 0
2864 0
2865 1
2866 0
2867 0
2868 0
2869 0
2870 0
2871 0
2872 0
2873 0
2874 1
2875 0
2876 0
2877 0
2878 0
2879 0
2880 0
2881 0
2882 0
2883 0
2884 0
2885 0
2886 0
2887 0
2888 1
2889 0
2890 0
2891 0
2892 0
2893 1
2894 1
2895 0
2896 2
2897 0
2898 0
2899 1
2900 0
2901 1
2902 0
2903 0
2904 0
2905 0
2906 1
2907 0
2908 0
2909 0
2910 0
2911 0
2912 0
2913 0
2914 0
2915 0
2916 0
2917 0
2918 0
2919 2
2920 0
2921 0
2922 0
2923 0
2924 2
2925 0
2926 0
2927 0
2928 0
2929 0
2930 0
2931 0
2932 1
2933 0
2934 0
2935 0
2936 1
2937 0
2938 0
2939 1
2940 0
2941 0
2942 0
2943 0
2944 0
2945 1
2946 0
2947 0
2948 0
2949 0
2950 1
2951 0
2952 1
2953 0
2954 0
2955 0
2956 0
2957 0
2958 0
2959 0
2960 0
2961 0
2962 0
2963 0
2964 0
2965 0
2966 0
2967 1
2968 0
2969 0
2970 1
2971 1
2972 0
2973 0
2974 0
2975 0
2976 0
2977 0
2978 0
2979 0
2980 0
2981 0
2982 0
2983 1
2984 0
2985 0
2986 0
2987 0
2988 0
2989 0
2990 0
2991 0
2992 0
2993 0
2994 0
2995 1
2996 0
2997 0
2998 0
2999 1
3000 0
3001 0
3002 0
3003 0
3004 0
3005 0
3006 0
3007 0
3008 0
3009 2
3010 0
3011 0
3012 0
3013 0
3014 0
3015 1
3016 0
3017 0
3018 0
3019 0
3020 0
3021 0
3022 0
3023 0
3024 0
3025 0
3026 1
3027 0
3028 0
3029 0
3030 0
3031 0
3032 0
3033 0
3034 0
3035 0
3036 0
3037 0
3038 0
3039 0
3040 0
3041 0
3042 0
3043 0
3044 2
3045 0
3046 0
3047 0
3048 0
3049 0
3050 0
3051 0
3052 0
3053 0
3054 0
3055 0
3056 0
3057 0
3058 0
3059 0
3060 0
3061 0
3062 0
3063 0
3064 0
3065 0
3066 0
3067 0
3068 0
3069 0
3070 0
3071 1
3072 0
3073 0
3074 0
3075 0
3076 0
3077 0
3078 0
3079 0
3080 0
3081 0
3082 0
3083 0
3084 0
3085 0
3086 0
3087 0
3088 0
3089 0
3090 0
3091 0
3092 0
3093 0
3094 1
3095 1
3096 0
3097 0
3098 0
3099 0
3100 0
3101 0
3102 0
3103 0
3104 0
3105 0
3106 0
3107 0
3108 0
3109 0
3110 2
3111 0
3112 0
3113 0
3114 0
3115 0
3116 0
3117 0
3118 0
3119 0
3120 0
3121 0
3122 0
3123 0
3124 0
3125 0
3126 0
3127 0
3128 0
3129 0
3130 0
3131 0
3132 0
3133 0
3134 0
3135 0
3136 0
3137 0
3138 0
3139 0
3140 0
3141 0
3142 0
3143 0
3144 0
3145 0
3146 0
3147 0
3148 0
3149 0
3150 1
3151 0
3152 0
3153 0
3154 0
3155 0
3156 0
3157 0
3158 0
3159 1
3160 0
3161 0
3162 0
3163 0
3164 0
3165 0
3166 0
3167 0
3168 0
3169 0
3170 0
3171 0
3172 0
3173 0
3174 0
3175 0
3176 0
3177 0
3178 0
3179 0
3180 0
3181 0
3182 0
3183 1
3184 0
3185 0
3186 0
3187 0
3188 0
3189 0
3190 0
3191 0
3192 0
3193 0
3194 0
3195 0
3196 0
3197 0
3198 0
3199 0
3200 0
3201 0
3202 0
3203 0
3204 0
3205 0
3206 0
3207 0
3208 0
3209 0
3210 0
3211 0
3212 0
3213 0
3214 0
3215 0
3216 0
3217 0
3218 0
3219 0
3220 0
3221 0
3222 0
3223 0
3224 0
3225 0
3226 0
3227 0
3228 0
3229 0
3230 1
3231 0
3232 0
3233 0
3234 0
3235 0
3236 0
3237 0
3238 0
3239 0
3240 0
3241 0
3242 0
3243 0
3244 0
3245 0
3246 0
3247 0
3248 0
3249 0
3250 0
3251 0
3252 1
3253 0
3254 0
3255 0
3256 0
3257 0
3258 0
3259 0
3260 0
3261 0
3262 0
3263 0
3264 0
3265 0
3266 0
3267 0
3268 0
3269 0
3270 0
3271 0
3272 0
3273 0
3274 0
3275 0
3276 0
3277 0
3278 0
3279 0
3280 0
3281 0
3282 0
3283 0
3284 0
3285 1
3286 0
3287 0
3288 0
3289 0
3290 0
3291 0
3292 0
3293 0
3294 0
3295 0
3296 0
3297 0
3298 0
3299 0
3300 0
3301 0
3302 0
3303 0
3304 0
3305 0
3306 0
3307 0
3308 0
3309 0
3310 0
3311 0
3312 0
3313 0
3314 0
3315 0
3316 0
3317 0
3318 0
3319 0
3320 0
3321 0
3322 0
3323 0
3324 0
3325 0
3326 0
3327 0
3328 0
3329 0
3330 0
3331 0
3332 0
3333 0
3334 0
3335 0
3336 1
3337 0
3338 0
3339 0
3340 0
3341 0
3342 0
3343 0
3344 0
3345 0
3346 0
3347 0
3348 0
3349 1
3350 0
3351 0
3352 0
3353 0
3354 0
3355 0
3356 0
3357 0
3358 0
3359 1
3360 0
3361 0
3362 0
3363 0
3364 0
3365 2
3366 0
3367 0
3368 0
3369 0
3370 0
3371 0
3372 0
3373 0
3374 0
3375 0
3376 0
3377 0
3378 0
3379 0
3380 0
3381 0
3382 0
3383 0
3384 0
3385 0
3386 0
3387 0
3388 0
3389 0
3390 0
3391 0
3392 0
3393 0
3394 0
3395 0
3396 0
3397 0
3398 0
3399 1
3400 0
3401 0
3402 0
3403 0
3404 0
3405 0
3406 0
3407 0
3408 0
3409 0
3410 0
3411 0
3412 0
3413 0
3414 0
3415 0
3416 0
3417 0
3418 0
3419 0
3420 0
3421 0
3422 0
3423 0
3424 0
3425 0
3426 0
3427 0
3428 0
3429 0
3430 0
3431 0
3432 0
3433 0
3434 0
3435 0
3436 0
3437 0
3438 0
3439 0
3440 0
3441 0
3442 0
3443 0
3444 0
3445 0
3446 0
3447 0
3448 0
3449 0
3450 0
3451 0
3452 0
3453 0
3454 0
3455 0
3456 0
3457 0
3458 0
3459 0
3460 0
3461 0
3462 0
3463 0
3464 0
3465 0
3466 0
3467 0
3468 0
3469 0
3470 0
3471 0
3472 0
3473 0
3474 0
3475 0
3476 0
3477 0
3478 0
3479 0
3480 0
3481 0
3482 0
3483 0
3484 0
3485 0
3486 0
3487 0
3488 1
3489 0
3490 0
3491 0
3492 0
3493 0
3494 0
3495 0
3496 0
3497 0
3498 0
3499 0
3500 0
3501 0
3502 0
3503 0
3504 0
3505 0
3506 0
3507 0
3508 0
3509 0
3510 0
3511 0
3512 0
3513 0
3514 0
3515 0
3516 0
3517 0
3518 0
3519 0
3520 0
3521 0
3522 0
3523 0
3524 0
3525 1
3526 0
3527 0
3528 0
3529 0
3530 0
3531 0
3532 0
3533 0
3534 0
3535 0
3536 0
3537 0
3538 0
3539 0
3540 0
3541 0
3542 0
3543 0
3544 0
3545 0
3546 0
3547 0
3548 0
3549 0
3550 0
3551 0
3552 0
3553 0
3554 0
3555 0
3556 0
3557 0
3558 0
3559 0
3560 0
3561 0
3562 0
3563 0
3564 0
3565 0
3566 0
3567 0
3568 0
3569 0
3570 0
3571 0
3572 0
3573 0
3574 0
3575 0
3576 0
3577 0
3578 0
3579 0
3580 0
3581 0
3582 0
3583 0
3584 0
3585 0
3586 0
3587 0
3588 0
3589 0
3590 0
3591 0
3592 0
3593 0
3594 0
3595 0
3596 0
3597 0
3598 0
3599 0
3600 0
3601 0
3602 0
3603 0
3604 0
3605 0
3606 0
3607 0
3608 0
3609 0
3610 0
3611 0
3612 0
3613 0
3614 0
3615 0
3616 0
3617 0
3618 0
3619 0
3620 0
3621 0
3622 0
3623 0
3624 0
3625 0
3626 0
3627 0
3628 0
3629 0
3630 0
3631 0
3632 0
3633 0
3634 0
3635 0
3636 0
3637 0
3638 0
3639 0
3640 0
3641 0
3642 0
3643 0
3644 0
3645 0
3646 0
3647 1
3648 0
3649 0
3650 0
3651 0
3652 0
3653 0
3654 0
3655 0
3656 0
3657 0
3658 1
3659 0
3660 0
3661 0
3662 0
3663 0
3664 0
3665 0
3666 0
3667 0
3668 0
3669 0
3670 0
3671 0
3672 0
3673 0
3674 0
3675 0
3676 0
3677 0
3678 0
3679 0
3680 0
3681 0
3682 0
3683 0
3684 0
3685 0
3686 0
3687 0
3688 0
3689 0
3690 0
3691 0
3692 0
3693 0
3694 0
3695 0
3696 0
3697 0
3698 0
3699 0
3700 0
3701 0
3702 0
3703 0
3704 0
3705 0
3706 0
3707 0
3708 0
3709 0
3710 0
3711 0
3712 0
3713 0
3714 0
3715 0
3716 0
3717 0
3718 0
3719 0
3720 0
3721 0
3722 0
3723 0
3724 0
3725 0
3726 0
3727 0
3728 0
3729 0
3730 0
3731 0
3732 0
3733 0
3734 0
3735 0
3736 0
3737 0
3738 0
3739 0
3740 0
3741 0
3742 0
3743 0
3744 0
3745 0
3746 0
3747 0
3748 0
3749 0
3750 0
3751 0
3752 0
3753 0
3754 0
3755 0
3756 0
3757 0
3758 0
3759 0
3760 0
3761 0
3762 0
3763 0
3764 0
3765 0
3766 0
3767 0
3768 0
3769 0
3770 0
3771 0
3772 0
3773 0
3774 0
3775 0
3776 0
3777 0
3778 0
3779 0
3780 0
3781 1
3782 0
3783 0
3784 0
3785 0
3786 0
3787 0
3788 0
3789 0
3790 0
3791 0
3792 0
3793 0
3794 0
3795 0
3796 0
3797 0
3798 0
3799 0
3800 0
3801 0
3802 0
3803 0
3804 0
3805 0
3806 0
3807 0
3808 1
3809 0
3810 0
3811 0
3812 0
3813 0
3814 0
3815 0
3816 0
3817 0
3818 0
3819 0
3820 0
3821 0
3822 0
3823 0
3824 1
3825 0
3826 0
3827 0
3828 0
3829 1
3830 0
3831 0
3832 0
3833 0
3834 0
3835 0
3836 0
3837 0
3838 0
3839 0
3840 0
3841 0
3842 0
3843 0
3844 0
3845 0
3846 0
3847 0
3848 0
3849 0
3850 0
3851 0
3852 0
3853 0
3854 0
3855 0
3856 0
3857 0
3858 0
3859 0
3860 0
3861 0
3862 0
3863 0
3864 0
3865 0
3866 0
3867 0
3868 0
3869 0
3870 0
3871 0
3872 0
3873 0
3874 0
3875 0
3876 0
3877 0
3878 0
3879 0
3880 0
3881 0
3882 0
3883 0
3884 0
3885 0
3886 0
3887 0
3888 0
3889 0
3890 0
3891 0
3892 1
3893 0
3894 1
3895 0
3896 0
3897 0
3898 0
3899 0
3900 0
3901 0
3902 0
3903 0
3904 0
3905 0
3906 0
3907 0
3908 0
3909 0
3910 0
3911 0
3912 1
3913 0
3914 0
3915 0
3916 0
3917 0
3918 0
3919 0
3920 0
3921 0
3922 0
3923 0
3924 0
3925 0
3926 0
3927 0
3928 0
3929 0
3930 0
3931 0
3932 0
3933 0
3934 0
3935 0
3936 0
3937 0
3938 0
3939 0
3940 0
3941 0
3942 0
3943 0
3944 0
3945 0
3946 0
3947 0
3948 0
3949 0
3950 0
3951 0
3952 0
3953 0
3954 0
3955 0
3956 0
3957 0
3958 0
3959 0
3960 0
3961 0
3962 1
3963 0
3964 0
3965 0
3966 0
3967 0
3968 0
3969 0
3970 0
3971 0
3972 0
3973 0
3974 0
3975 0
3976 0
3977 0
3978 0
3979 0
3980 0
3981 0
3982 0
3983 0
3984 0
3985 0
3986 0
3987 0
3988 0
3989 0
3990 0
3991 0
3992 0
3993 0
3994 0
3995 0
3996 0
3997 0
3998 0
3999 0
4000 0
