0 0
1 0
2 0
3 0
4 0
5 0
6 0
7 0
8 0
9 0
10 0
11 0
12 0
13 0
14 0
15 0
16 0
17 0
18 0
19 0
20 0
21 0
22 0
23 0
24 0
25 0
26 0
27 0
28 0
29 0
30 0
31 0
32 0
33 0
34 0
35 0
36 0
37 0
38 0
39 0
40 0
41 0
42 0
43 0
44 0
45 0
46 0
47 0
48 0
49 0
50 0
51 0
52 0
53 0
54 0
55 0
56 0
57 0
58 0
59 0
60 0
61 0
62 0
63 0
64 0
65 0
66 0
67 0
68 0
69 0
70 0
71 0
72 0
73 0
74 0
75 0
76 0
77 0
78 0
79 0
80 0
81 0
82 0
83 0
84 0
85 0
86 0
87 0
88 0
89 0
90 0
91 0
92 0
93 0
94 0
95 0
96 0
97 0
98 0
99 0
100 0
101 0
102 0
103 0
104 0
105 0
106 0
107 0
108 0
109 0
110 0
111 0
112 0
113 0
114 0
115 0
116 0
117 0
118 0
119 0
120 0
121 0
122 0
123 0
124 0
125 0
126 0
127 0
128 0
129 0
130 0
131 0
132 0
133 0
134 0
135 0
136 0
137 0
138 0
139 0
140 0
141 0
142 0
143 0
144 0
145 0
146 0
147 0
148 0
149 1
150 0
151 2
152 2
153 0
154 1
155 3
156 3
157 4
158 3
159 1
160 5
161 5
162 5
163 4
164 3
165 3
166 5
167 6
168 3
169 9
170 3
171 2
172 2
173 7
174 11
175 17
176 24
177 49
178 61
179 88
180 114
181 165
182 193
183 186
184 236
185 391
186 583
187 1094
188 1711
189 2498
190 2962
191 3508
192 3711
193 3646
194 3570
195 3345
196 2970
197 2740
198 2468
199 2203
200 2016
201 1750
202 1593
203 1445
204 1315
205 1196
206 1092
207 1034
208 955
209 899
210 870
211 884
212 811
213 861
214 857
215 764
216 817
217 773
218 774
219 763
220 793
221 803
222 785
223 861
224 792
225 799
226 780
227 843
228 815
229 801
230 821
231 766
232 831
233 864
234 857
235 836
236 868
237 896
238 948
239 880
240 880
241 830
242 882
243 916
244 914
245 933
246 889
247 912
248 884
249 953
250 905
251 928
252 927
253 928
254 972
255 958
256 926
257 938
258 939
259 949
260 999
261 979
262 957
263 1003
264 971
265 997
266 1008
267 1039
268 964
269 983
270 989
271 1058
272 1009
273 957
274 1022
275 1056
276 1013
277 1065
278 1038
279 1013
280 1015
281 1050
282 1121
283 1069
284 1036
285 1140
286 1057
287 1105
288 1065
289 1081
290 1067
291 1109
292 1127
293 1107
294 1093
295 1083
296 1134
297 1100
298 1071
299 1116
300 1149
301 1155
302 1124
303 1114
304 1174
305 1119
306 1190
307 1162
308 1155
309 1179
310 1138
311 1162
312 1144
313 1128
314 1169
315 1206
316 1215
317 1212
318 1265
319 1144
320 1271
321 1187
322 1181
323 1203
324 1217
325 1252
326 1169
327 1205
328 1292
329 1269
330 1220
331 1272
332 1282
333 1340
334 1247
335 1278
336 1293
337 1251
338 1238
339 1321
340 1227
341 1285
342 1345
343 1328
344 1350
345 1367
346 1325
347 1317
348 1338
349 1362
350 1374
351 1450
352 1380
353 1373
354 1393
355 1415
356 1379
357 1364
358 1396
359 1377
360 1373
361 1403
362 1393
363 1432
364 1443
365 1402
366 1437
367 1476
368 1483
369 1454
370 1547
371 1500
372 1390
373 1489
374 1421
375 1538
376 1518
377 1505
378 1484
379 1537
380 1546
381 1488
382 1585
383 1513
384 1483
385 1605
386 1538
387 1559
388 1491
389 1505
390 1528
391 1569
392 1593
393 1583
394 1531
395 1597
396 1680
397 1597
398 1628
399 1579
400 1588
401 1545
402 1613
403 1571
404 1594
405 1635
406 1677
407 1673
408 1666
409 1621
410 1598
411 1590
412 1634
413 1624
414 1663
415 1677
416 1657
417 1631
418 1638
419 1617
420 1737
421 1660
422 1700
423 1659
424 1631
425 1669
426 1664
427 1704
428 1668
429 1636
430 1631
431 1629
432 1612
433 1593
434 1550
435 1727
436 1636
437 1674
438 1668
439 1671
440 1683
441 1687
442 1685
443 1756
444 1667
445 1609
446 1657
447 1645
448 1638
449 1672
450 1709
451 1660
452 1641
453 1613
454 1653
455 1617
456 1656
457 1605
458 1633
459 1749
460 1656
461 1628
462 1669
463 1636
464 1627
465 1619
466 1577
467 1632
468 1610
469 1592
470 1655
471 1599
472 1661
473 1642
474 1679
475 1620
476 1602
477 1647
478 1593
479 1572
480 1686
481 1623
482 1597
483 1615
484 1635
485 1472
486 1475
487 1608
488 1539
489 1537
490 1525
491 1601
492 1532
493 1540
494 1483
495 1519
496 1506
497 1484
498 1426
499 1545
500 1431
501 1466
502 1538
503 1488
504 1442
505 1457
506 1441
507 1521
508 1381
509 1431
510 1404
511 1459
512 1420
513 1427
514 1442
515 1452
516 1360
517 1322
518 1395
519 1373
520 1358
521 1329
522 1335
523 1323
524 1307
525 1367
526 1334
527 1349
528 1259
529 1280
530 1244
531 1309
532 1184
533 1151
534 1272
535 1272
536 1232
537 1217
538 1271
539 1234
540 1181
541 1146
542 1180
543 1173
544 1235
545 1173
546 1206
547 1214
548 1206
549 1116
550 1135
551 1120
552 1147
553 1149
554 1097
555 1119
556 1128
557 1069
558 1075
559 1016
560 1066
561 1080
562 1046
563 1056
564 1091
565 1016
566 1022
567 1002
568 1047
569 1008
570 979
571 1018
572 985
573 978
574 959
575 939
576 930
577 957
578 897
579 975
580 933
581 932
582 896
583 945
584 920
585 907
586 921
587 856
588 872
589 897
590 885
591 844
592 868
593 817
594 847
595 845
596 773
597 759
598 778
599 795
600 762
601 822
602 782
603 829
604 738
605 717
606 769
607 752
608 751
609 741
610 796
611 733
612 665
613 648
614 713
615 712
616 666
617 692
618 691
619 645
620 659
621 663
622 655
623 676
624 622
625 683
626 640
627 620
628 614
629 667
630 606
631 587
632 604
633 593
634 591
635 604
636 626
637 532
638 618
639 603
640 598
641 555
642 569
643 495
644 571
645 529
646 537
647 562
648 519
649 521
650 512
651 482
652 494
653 502
654 542
655 477
656 494
657 494
658 497
659 509
660 477
661 490
662 481
663 468
664 507
665 433
666 483
667 455
668 418
669 416
670 448
671 449
672 436
673 454
674 424
675 447
676 440
677 422
678 422
679 410
680 408
681 413
682 382
683 431
684 394
685 398
686 384
687 391
688 373
689 371
690 406
691 384
692 372
693 383
694 350
695 371
696 372
697 383
698 352
699 351
700 337
701 362
702 393
703 346
704 317
705 317
706 322
707 322
708 310
709 335
710 350
711 346
712 332
713 317
714 324
715 342
716 323
717 314
718 280
719 311
720 326
721 281
722 295
723 323
724 293
725 302
726 294
727 313
728 287
729 297
730 295
731 280
732 298
733 286
734 309
735 275
736 278
737 287
738 251
739 283
740 276
741 279
742 266
743 264
744 283
745 240
746 294
747 249
748 249
749 278
750 275
751 292
752 300
753 234
754 269
755 250
756 250
757 224
758 234
759 294
760 250
761 260
762 257
763 237
764 267
765 212
766 244
767 216
768 233
769 231
770 232
771 245
772 236
773 249
774 241
775 251
776 211
777 234
778 245
779 260
780 232
781 269
782 230
783 256
784 235
785 245
786 231
787 225
788 225
789 206
790 221
791 229
792 250
793 252
794 234
795 224
796 213
797 234
798 218
799 233
800 222
801 231
802 251
803 215
804 227
805 217
806 237
807 220
808 214
809 204
810 233
811 218
812 225
813 205
814 218
815 236
816 221
817 221
818 211
819 207
820 214
821 224
822 210
823 171
824 223
825 194
826 229
827 199
828 205
829 202
830 248
831 183
832 200
833 200
834 202
835 206
836 191
837 190
838 226
839 203
840 204
841 212
842 244
843 190
844 203
845 218
846 211
847 180
848 212
849 213
850 204
851 228
852 235
853 192
854 206
855 219
856 216
857 199
858 190
859 196
860 205
861 213
862 205
863 190
864 207
865 219
866 184
867 204
868 179
869 215
870 208
871 191
872 187
873 187
874 189
875 189
876 199
877 179
878 177
879 190
880 185
881 189
882 206
883 185
884 209
885 184
886 202
887 190
888 219
889 166
890 202
891 208
892 200
893 159
894 186
895 179
896 190
897 201
898 186
899 223
900 220
901 185
902 213
903 184
904 196
905 190
906 193
907 176
908 203
909 172
910 181
911 191
912 191
913 201
914 194
915 171
916 178
917 203
918 198
919 183
920 175
921 177
922 183
923 200
924 191
925 173
926 190
927 174
928 179
929 176
930 168
931 189
932 181
933 194
934 165
935 192
936 172
937 196
938 183
939 155
940 191
941 179
942 183
943 177
944 196
945 188
946 210
947 173
948 189
949 161
950 187
951 178
952 178
953 188
954 181
955 159
956 188
957 165
958 153
959 162
960 168
961 177
962 192
963 191
964 177
965 182
966 175
967 152
968 152
969 161
970 170
971 176
972 168
973 197
974 197
975 175
976 151
977 173
978 179
979 164
980 171
981 178
982 183
983 179
984 176
985 181
986 177
987 154
988 158
989 175
990 166
991 172
992 136
993 164
994 171
995 194
996 166
997 162
998 195
999 175
1000 153
1001 174
1002 186
1003 147
1004 200
1005 169
1006 157
1007 170
1008 168
1009 148
1010 168
1011 179
1012 156
1013 149
1014 167
1015 164
1016 181
1017 151
1018 156
1019 147
1020 175
1021 162
1022 174
1023 163
1024 165
1025 154
1026 158
1027 154
1028 161
1029 169
1030 166
1031 151
1032 116
1033 148
1034 140
1035 142
1036 162
1037 159
1038 162
1039 161
1040 160
1041 152
1042 138
1043 143
1044 127
1045 171
1046 162
1047 160
1048 144
1049 148
1050 156
1051 151
1052 158
1053 174
1054 136
1055 151
1056 124
1057 139
1058 154
1059 139
1060 143
1061 153
1062 147
1063 150
1064 132
1065 144
1066 164
1067 147
1068 145
1069 147
1070 158
1071 142
1072 133
1073 131
1074 155
1075 144
1076 135
1077 171
1078 126
1079 128
1080 139
1081 135
1082 149
1083 140
1084 134
1085 133
1086 144
1087 121
1088 154
1089 140
1090 138
1091 112
1092 129
1093 137
1094 111
1095 147
1096 133
1097 147
1098 145
1099 144
1100 140
1101 150
1102 121
1103 140
1104 132
1105 129
1106 117
1107 122
1108 138
1109 124
1110 132
1111 109
1112 126
1113 121
1114 115
1115 120
1116 121
1117 118
1118 130
1119 117
1120 145
1121 129
1122 111
1123 121
1124 125
1125 97
1126 105
1127 138
1128 121
1129 134
1130 129
1131 131
1132 125
1133 114
1134 123
1135 116
1136 128
1137 131
1138 140
1139 132
1140 115
1141 128
1142 115
1143 109
1144 130
1145 112
1146 108
1147 125
1148 113
1149 117
1150 109
1151 113
1152 92
1153 99
1154 102
1155 118
1156 124
1157 108
1158 108
1159 95
1160 104
1161 109
1162 127
1163 105
1164 79
1165 89
1166 97
1167 96
1168 93
1169 105
1170 84
1171 108
1172 92
1173 102
1174 94
1175 99
1176 100
1177 101
1178 105
1179 107
1180 93
1181 109
1182 92
1183 85
1184 81
1185 96
1186 89
1187 105
1188 111
1189 99
1190 87
1191 94
1192 78
1193 91
1194 98
1195 93
1196 94
1197 86
1198 101
1199 107
1200 98
1201 100
1202 92
1203 83
1204 94
1205 91
1206 72
1207 77
1208 87
1209 102
1210 69
1211 74
1212 69
1213 80
1214 87
1215 93
1216 98
1217 96
1218 74
1219 80
1220 85
1221 85
1222 89
1223 75
1224 85
1225 80
1226 93
1227 83
1228 87
1229 72
1230 86
1231 83
1232 89
1233 73
1234 80
1235 84
1236 80
1237 75
1238 81
1239 91
1240 86
1241 74
1242 72
1243 75
1244 72
1245 69
1246 76
1247 78
1248 68
1249 64
1250 74
1251 65
1252 76
1253 63
1254 60
1255 85
1256 65
1257 66
1258 56
1259 69
1260 75
1261 69
1262 58
1263 61
1264 76
1265 55
1266 74
1267 75
1268 75
1269 72
1270 65
1271 70
1272 75
1273 65
1274 73
1275 67
1276 67
1277 64
1278 69
1279 47
1280 70
1281 54
1282 51
1283 66
1284 63
1285 64
1286 54
1287 51
1288 57
1289 47
1290 69
1291 55
1292 73
1293 58
1294 54
1295 54
1296 60
1297 58
1298 67
1299 65
1300 68
1301 57
1302 75
1303 54
1304 53
1305 36
1306 44
1307 49
1308 42
1309 52
1310 64
1311 54
1312 54
1313 52
1314 45
1315 54
1316 52
1317 55
1318 53
1319 54
1320 57
1321 54
1322 56
1323 58
1324 57
1325 46
1326 42
1327 55
1328 52
1329 54
1330 53
1331 47
1332 41
1333 50
1334 53
1335 33
1336 46
1337 52
1338 54
1339 45
1340 56
1341 35
1342 49
1343 54
1344 38
1345 44
1346 44
1347 52
1348 43
1349 38
1350 52
1351 41
1352 50
1353 42
1354 36
1355 55
1356 21
1357 44
1358 38
1359 43
1360 46
1361 45
1362 39
1363 49
1364 49
1365 37
1366 40
1367 44
1368 39
1369 43
1370 50
1371 36
1372 39
1373 47
1374 49
1375 33
1376 36
1377 46
1378 34
1379 43
1380 27
1381 36
1382 36
1383 32
1384 28
1385 31
1386 32
1387 31
1388 30
1389 40
1390 36
1391 30
1392 35
1393 35
1394 31
1395 31
1396 29
1397 37
1398 34
1399 34
1400 42
1401 36
1402 29
1403 32
1404 35
1405 25
1406 38
1407 36
1408 36
1409 31
1410 38
1411 38
1412 36
1413 36
1414 34
1415 33
1416 31
1417 33
1418 26
1419 29
1420 34
1421 21
1422 33
1423 34
1424 21
1425 30
1426 27
1427 33
1428 36
1429 30
1430 37
1431 30
1432 30
1433 28
1434 35
1435 29
1436 30
1437 31
1438 16
1439 23
1440 25
1441 35
1442 30
1443 20
1444 19
1445 28
1446 28
1447 37
1448 23
1449 32
1450 21
1451 31
1452 26
1453 28
1454 20
1455 32
1456 30
1457 26
1458 34
1459 23
1460 19
1461 29
1462 24
1463 29
1464 26
1465 15
1466 21
1467 28
1468 24
1469 32
1470 31
1471 30
1472 12
1473 23
1474 20
1475 18
1476 25
1477 16
1478 22
1479 20
1480 16
1481 20
1482 29
1483 29
1484 20
1485 21
1486 23
1487 22
1488 21
1489 15
1490 28
1491 26
1492 21
1493 18
1494 17
1495 23
1496 22
1497 21
1498 25
1499 20
1500 21
1501 19
1502 16
1503 23
1504 14
1505 20
1506 21
1507 22
1508 13
1509 10
1510 10
1511 16
1512 17
1513 20
1514 21
1515 19
1516 20
1517 12
1518 20
1519 9
1520 14
1521 22
1522 17
1523 17
1524 13
1525 20
1526 16
1527 18
1528 14
1529 16
1530 15
1531 14
1532 17
1533 17
1534 14
1535 16
1536 14
1537 12
1538 19
1539 18
1540 10
1541 12
1542 17
1543 17
1544 15
1545 17
1546 13
1547 18
1548 14
1549 17
1550 16
1551 12
1552 8
1553 16
1554 20
1555 7
1556 10
1557 8
1558 19
1559 24
1560 16
1561 11
1562 13
1563 17
1564 16
1565 8
1566 15
1567 13
1568 17
1569 12
1570 14
1571 18
1572 9
1573 9
1574 11
1575 14
1576 10
1577 14
1578 7
1579 11
1580 10
1581 9
1582 9
1583 9
1584 14
1585 13
1586 15
1587 13
1588 9
1589 14
1590 11
1591 11
1592 6
1593 13
1594 6
1595 4
1596 11
1597 14
1598 11
1599 14
1600 13
1601 10
1602 10
1603 13
1604 9
1605 13
1606 8
1607 8
1608 15
1609 14
1610 15
1611 5
1612 13
1613 13
1614 7
1615 9
1616 11
1617 9
1618 11
1619 6
1620 6
1621 6
1622 9
1623 5
1624 11
1625 11
1626 9
1627 10
1628 10
1629 11
1630 11
1631 10
1632 10
1633 6
1634 7
1635 5
1636 4
1637 7
1638 11
1639 9
1640 4
1641 8
1642 3
1643 8
1644 12
1645 7
1646 6
1647 9
1648 9
1649 10
1650 9
1651 11
1652 9
1653 9
1654 8
1655 11
1656 4
1657 9
1658 7
1659 5
1660 6
1661 8
1662 9
1663 12
1664 4
1665 10
1666 11
1667 7
1668 7
1669 6
1670 7
1671 4
1672 11
1673 9
1674 5
1675 4
1676 3
1677 5
1678 7
1679 7
1680 5
1681 2
1682 12
1683 10
1684 8
1685 4
1686 5
1687 8
1688 8
1689 4
1690 9
1691 9
1692 4
1693 5
1694 6
1695 5
1696 3
1697 8
1698 7
1699 6
1700 5
1701 6
1702 7
1703 5
1704 5
1705 9
1706 2
1707 9
1708 9
1709 3
1710 7
1711 6
1712 3
1713 1
1714 4
1715 5
1716 2
1717 6
1718 7
1719 5
1720 5
1721 4
1722 5
1723 4
1724 9
1725 8
1726 4
1727 13
1728 1
1729 0
1730 6
1731 3
1732 7
1733 5
1734 1
1735 4
1736 0
1737 6
1738 5
1739 3
1740 2
1741 7
1742 6
1743 4
1744 8
1745 1
1746 2
1747 5
1748 4
1749 5
1750 3
1751 2
1752 7
1753 2
1754 4
1755 6
1756 4
1757 3
1758 4
1759 5
1760 1
1761 4
1762 5
1763 6
1764 3
1765 4
1766 1
1767 6
1768 5
1769 4
1770 2
1771 6
1772 3
1773 4
1774 2
1775 5
1776 5
1777 4
1778 2
1779 3
1780 1
1781 4
1782 3
1783 5
1784 2
1785 1
1786 2
1787 2
1788 2
1789 3
1790 7
1791 2
1792 3
1793 1
1794 3
1795 0
1796 1
1797 3
1798 6
1799 4
1800 2
1801 0
1802 0
1803 4
1804 2
1805 2
1806 4
1807 3
1808 3
1809 0
1810 3
1811 1
1812 4
1813 3
1814 4
1815 4
1816 5
1817 6
1818 1
1819 3
1820 0
1821 4
1822 1
1823 4
1824 2
1825 3
1826 0
1827 0
1828 1
1829 2
1830 2
1831 1
1832 1
1833 5
1834 5
1835 3
1836 0
1837 1
1838 3
1839 2
1840 4
1841 4
1842 2
1843 3
1844 2
1845 3
1846 1
1847 1
1848 2
1849 2
1850 2
1851 1
1852 1
1853 2
1854 1
1855 2
1856 3
1857 0
1858 2
1859 4
1860 2
1861 2
1862 1
1863 4
1864 2
1865 1
1866 4
1867 1
1868 0
1869 2
1870 2
1871 2
1872 0
1873 0
1874 1
1875 1
1876 2
1877 0
1878 1
1879 0
1880 1
1881 3
1882 2
1883 1
1884 0
1885 4
1886 2
1887 2
1888 1
1889 3
1890 1
1891 2
1892 2
1893 1
1894 2
1895 4
1896 1
1897 1
1898 1
1899 1
1900 2
1901 1
1902 0
1903 1
1904 3
1905 1
1906 1
1907 0
1908 1
1909 1
1910 0
1911 1
1912 2
1913 0
1914 1
1915 1
1916 1
1917 1
1918 1
1919 2
1920 0
1921 0
1922 1
1923 1
1924 0
1925 1
1926 2
1927 3
1928 0
1929 1
1930 0
1931 3
1932 1
1933 1
1934 1
1935 1
1936 2
1937 0
1938 0
1939 4
1940 0
1941 2
1942 2
1943 3
1944 0
1945 1
1946 1
1947 1
1948 0
1949 0
1950 2
1951 3
1952 1
1953 0
1954 2
1955 1
1956 1
1957 0
1958 1
1959 3
1960 3
1961 1
1962 0
1963 0
1964 0
1965 1
1966 0
1967 0
1968 0
1969 0
1970 2
1971 0
1972 1
1973 1
1974 0
1975 1
1976 2
1977 2
1978 1
1979 2
1980 0
1981 1
1982 3
1983 1
1984 0
1985 0
1986 2
1987 0
1988 1
1989 0
1990 0
1991 0
1992 1
1993 0
1994 0
1995 2
1996 0
1997 3
1998 1
1999 0
2000 1
2001 2
2002 0
2003 2
2004 0
2005 0
2006 2
2007 1
2008 0
2009 1
2010 1
2011 1
2012 1
2013 0
2014 2
2015 1
2016 0
2017 2
2018 0
2019 1
2020 0
2021 0
2022 3
2023 0
2024 1
2025 1
2026 0
2027 0
2028 0
2029 1
2030 1
2031 1
2032 1
2033 2
2034 2
2035 1
2036 0
2037 0
2038 2
2039 0
2040 0
2041 1
2042 0
2043 1
2044 0
2045 1
2046 0
2047 1
2048 1
2049 0
2050 0
2051 0
2052 0
2053 1
2054 1
2055 0
2056 0
2057 3
2058 0
2059 0
2060 1
2061 0
2062 1
2063 1
2064 1
2065 1
2066 0
2067 1
2068 0
2069 1
2070 0
2071 1
2072 1
2073 1
2074 0
2075 1
2076 1
2077 0
2078 1
2079 0
2080 0
2081 0
2082 0
2083 0
2084 1
2085 0
2086 1
2087 1
2088 2
2089 3
2090 0
2091 1
2092 0
2093 0
2094 1
2095 0
2096 1
2097 0
2098 0
2099 1
2100 2
2101 1
2102 0
2103 0
2104 0
2105 0
2106 0
2107 0
2108 0
2109 4
2110 0
2111 0
2112 0
2113 0
2114 0
2115 0
2116 1
2117 2
2118 1
2119 0
2120 0
2121 0
2122 0
2123 0
2124 0
2125 0
2126 0
2127 0
2128 0
2129 0
2130 0
2131 0
2132 1
2133 0
2134 1
2135 1
2136 0
2137 0
2138 0
2139 1
2140 0
2141 0
2142 1
2143 0
2144 0
2145 0
2146 0
2147 1
2148 1
2149 0
2150 1
2151 1
2152 0
2153 0
2154 0
2155 0
2156 1
2157 0
2158 0
2159 0
2160 1
2161 1
2162 1
2163 0
2164 0
2165 0
2166 0
2167 0
2168 0
2169 0
2170 1
2171 0
2172 0
2173 2
2174 0
2175 0
2176 0
2177 0
2178 0
2179 0
2180 0
2181 0
2182 0
2183 2
2184 0
2185 0
2186 0
2187 0
2188 0
2189 0
2190 0
2191 0
2192 0
2193 1
2194 0
2195 0
2196 0
2197 2
2198 0
2199 0
2200 0
2201 0
2202 0
2203 0
2204 0
2205 0
2206 0
2207 1
2208 0
2209 0
2210 0
2211 1
2212 1
2213 1
2214 0
2215 0
2216 0
2217 0
2218 0
2219 1
2220 0
2221 0
2222 2
2223 0
2224 0
2225 0
2226 0
2227 0
2228 0
2229 0
2230 0
2231 0
2232 0
2233 0
2234 0
2235 0
2236 0
2237 0
2238 0
2239 0
2240 0
2241 0
2242 0
2243 0
2244 0
2245 0
2246 1
2247 0
2248 0
2249 0
2250 0
2251 0
2252 0
2253 0
2254 0
2255 0
2256 0
2257 1
2258 0
2259 0
2260 1
2261 0
2262 0
2263 0
2264 0
2265 0
2266 0
2267 0
2268 0
2269 0
2270 0
2271 0
2272 0
2273 0
2274 1
2275 0
2276 0
2277 0
2278 0
2279 1
2280 0
2281 0
2282 2
2283 1
2284 0
2285 0
2286 0
2287 0
2288 0
2289 0
2290 0
2291 1
2292 0
2293 0
2294 0
2295 0
2296 1
2297 0
2298 0
2299 0
2300 0
2301 0
2302 1
2303 0
2304 0
2305 0
2306 0
2307 0
2308 0
2309 0
2310 0
2311 0
2312 1
2313 0
2314 0
2315 1
2316 0
2317 0
2318 0
2319 0
2320 0
2321 0
2322 0
2323 0
2324 0
2325 0
2326 0
2327 0
2328 0
2329 0
2330 0
2331 2
2332 0
2333 0
2334 1
2335 0
2336 0
2337 1
2338 0
2339 1
2340 0
2341 1
2342 0
2343 0
2344 0
2345 0
2346 0
2347 0
2348 0
2349 1
2350 0
2351 0
2352 1
2353 0
2354 0
2355 0
2356 0
2357 1
2358 0
2359 0
2360 0
2361 0
2362 0
2363 0
2364 0
2365 0
2366 0
2367 0
2368 0
2369 0
2370 0
2371 0
2372 0
2373 0
2374 0
2375 0
2376 0
2377 1
2378 0
2379 0
2380 0
2381 0
2382 0
2383 1
2384 0
2385 0
2386 0
2387 0
2388 0
2389 0
2390 0
2391 0
2392 0
2393 0
2394 0
2395 0
2396 0
2397 0
2398 0
2399 0
2400 0
2401 0
2402 0
2403 1
2404 0
2405 0
2406 0
2407 0
2408 0
2409 0
2410 0
2411 0
2412 0
2413 0
2414 0
2415 0
2416 0
2417 0
2418 1
2419 0
2420 0
2421 0
2422 0
2423 2
2424 0
2425 0
2426 0
2427 0
2428 0
2429 0
2430 0
2431 0
2432 0
2433 0
2434 0
2435 0
2436 0
2437 0
2438 0
2439 0
2440 0
2441 1
2442 2
2443 0
2444 0
2445 0
2446 0
2447 0
2448 0
2449 0
2450 0
2451 0
2452 0
2453 0
2454 0
2455 2
2456 0
2457 0
2458 0
2459 0
2460 0
2461 0
2462 0
2463 0
2464 0
2465 0
2466 0
2467 0
2468 0
2469 0
2470 0
2471 0
2472 0
2473 0
2474 0
2475 0
2476 0
2477 1
2478 0
2479 0
2480 0
2481 0
2482 0
2483 0
2484 0
2485 0
2486 0
2487 0
2488 0
2489 0
2490 0
2491 0
2492 0
2493 0
2494 0
2495 0
2496 0
2497 0
2498 0
2499 0
2500 0
2501 0
2502 0
2503 0
2504 0
2505 0
2506 0
2507 0
2508 0
2509 0
2510 0
2511 0
2512 0
2513 0
2514 1
2515 0
2516 0
2517 0
2518 0
2519 0
2520 0
2521 1
2522 0
2523 0
2524 0
2525 0
2526 0
2527 0
2528 0
2529 0
2530 0
2531 0
2532 0
2533 0
2534 0
2535 0
2536 0
2537 0
2538 0
2539 0
2540 0
2541 0
2542 0
2543 1
2544 0
2545 0
2546 0
2547 0
2548 0
2549 0
2550 0
2551 0
2552 0
2553 0
2554 0
2555 0
2556 0
2557 0
2558 0
2559 0
2560 0
2561 0
2562 1
2563 0
2564 0
2565 0
2566 0
2567 1
2568 0
2569 0
2570 1
2571 0
2572 0
2573 0
2574 0
2575 0
2576 0
2577 0
2578 0
2579 0
2580 0
2581 0
2582 0
2583 0
2584 0
2585 0
2586 0
2587 0
2588 1
2589 0
2590 0
2591 0
2592 0
2593 0
2594 0
2595 0
2596 0
2597 0
2598 0
2599 0
2600 0
2601 0
2602 0
2603 0
2604 0
2605 0
2606 0
2607 0
2608 0
2609 0
2610 0
2611 0
2612 0
2613 0
2614 0
2615 0
2616 1
2617 0
2618 0
2619 0
2620 0
2621 0
2622 0
2623 0
2624 0
2625 0
2626 0
2627 0
2628 0
2629 0
2630 0
2631 0
2632 0
2633 0
2634 0
2635 0
2636 0
2637 1
2638 0
2639 0
2640 0
2641 0
2642 0
2643 0
2644 0
2645 0
2646 0
2647 0
2648 0
2649 0
2650 0
2651 0
2652 0
2653 0
2654 0
2655 0
2656 0
2657 0
2658 0
2659 0
2660 0
2661 0
2662 0
2663 0
2664 0
2665 0
2666 0
2667 0
2668 0
2669 0
2670 0
2671 0
2672 0
2673 0
2674 0
2675 0
2676 0
2677 0
2678 0
2679 0
2680 0
2681 0
2682 1
2683 0
2684 0
2685 0
2686 0
2687 0
2688 0
2689 0
2690 0
2691 0
2692 0
2693 0
2694 0
2695 0
2696 0
2697 0
2698 0
2699 0
2700 0
2701 0
2702 0
2703 0
2704 0
2705 0
2706 0
2707 0
2708 0
2709 0
2710 0
2711 0
2712 0
2713 0
2714 0
2715 0
2716 0
2717 0
2718 0
2719 0
2720 0
2721 0
2722 0
2723 0
2724 0
2725 0
2726 0
2727 0
2728 0
2729 0
2730 0
2731 0
2732 0
2733 0
2734 0
2735 0
2736 0
2737 1
2738 0
2739 0
2740 0
2741 0
2742 0
2743 0
2744 0
2745 0
2746 0
2747 0
2748 0
2749 0
2750 0
2751 0
2752 0
2753 0
2754 0
2755 0
2756 0
2757 0
2758 0
2759 0
2760 0
2761 0
2762 0
2763 0
2764 0
2765 0
2766 0
2767 0
2768 0
2769 0
2770 0
2771 0
2772 0
2773 0
2774 0
2775 0
2776 0
2777 0
2778 0
2779 0
2780 0
2781 0
2782 0
2783 0
2784 0
2785 0
2786 0
2787 0
2788 0
2789 0
2790 0
2791 0
2792 0
2793 0
2794 0
2795 0
2796 0
2797 0
2798 0
2799 0
2800 0
2801 0
2802 0
2803 0
2804 0
2805 0
2806 0
2807 0
2808 0
2809 0
2810 0
2811 0
2812 0
2813 0
2814 0
2815 0
2816 0
2817 0
2818 0
2819 0
2820 0
2821 0
2822 0
2823 0
2824 0
2825 0
2826 0
2827 0
2828 0
2829 0
2830 0
2831 0
2832 0
2833 0
2834 0
2835 0
2836 0
2837 0
2838 0
2839 0
2840 0
2841 0
2842 0
2843 0
2844 0
2845 0
2846 0
2847 0
2848 0
2849 0
2850 1
2851 0
2852 0
2853 0
2854 0
2855 0
2856 0
2857 0
2858 0
2859 0
2860 0
2861 0
2862 0
2863 0
2864 0
2865 0
2866 0
2867 0
2868 0
2869 1
2870 0
2871 0
2872 0
2873 0
2874 0
2875 0
2876 0
2877 0
2878 0
2879 0
2880 0
2881 0
2882 0
2883 0
2884 0
2885 0
2886 0
2887 0
2888 0
2889 0
2890 0
2891 0
2892 0
2893 0
2894 0
2895 0
2896 0
2897 0
2898 0
2899 0
2900 0
2901 0
2902 0
2903 1
2904 0
2905 0
2906 0
2907 0
2908 0
2909 0
2910 0
2911 0
2912 0
2913 0
2914 0
2915 0
2916 0
2917 0
2918 0
2919 0
2920 0
2921 0
2922 0
2923 0
2924 0
2925 0
2926 0
2927 0
2928 0
2929 0
2930 0
2931 0
2932 0
2933 0
2934 0
2935 0
2936 0
2937 0
2938 0
2939 0
2940 0
2941 0
2942 0
2943 1
2944 0
2945 0
2946 0
2947 1
2948 0
2949 0
2950 0
2951 0
2952 0
2953 0
2954 0
2955 0
2956 0
2957 0
2958 0
2959 0
2960 0
2961 0
2962 0
2963 0
2964 0
2965 0
2966 0
2967 0
2968 0
2969 0
2970 0
2971 0
2972 0
2973 0
2974 0
2975 0
2976 0
2977 0
2978 0
2979 0
2980 0
2981 0
2982 0
2983 0
2984 0
2985 0
2986 0
2987 0
2988 0
2989 0
2990 0
2991 0
2992 0
2993 1
2994 0
2995 0
2996 0
2997 0
2998 0
2999 0
3000 0
3001 0
3002 0
3003 0
3004 0
3005 0
3006 0
3007 0
3008 0
3009 0
3010 0
3011 0
3012 0
3013 0
3014 0
3015 0
3016 0
3017 0
3018 0
3019 0
3020 0
3021 0
3022 0
3023 0
3024 0
3025 0
3026 0
3027 0
3028 0
3029 0
3030 0
3031 0
3032 0
3033 0
3034 0
3035 0
3036 0
3037 0
3038 0
3039 0
3040 0
3041 0
3042 0
3043 0
3044 0
3045 0
3046 0
3047 0
3048 0
3049 0
3050 0
3051 0
3052 0
3053 0
3054 0
3055 0
3056 0
3057 0
3058 0
3059 0
3060 0
3061 0
3062 0
3063 0
3064 0
3065 0
3066 0
3067 0
3068 0
3069 0
3070 0
3071 0
3072 0
3073 0
3074 0
3075 0
3076 0
3077 0
3078 0
3079 0
3080 0
3081 0
3082 0
3083 0
3084 0
3085 0
3086 0
3087 0
3088 0
3089 0
3090 0
3091 0
3092 0
3093 0
3094 0
3095 0
3096 0
3097 0
3098 0
3099 0
3100 0
3101 0
3102 0
3103 0
3104 0
3105 0
3106 0
3107 0
3108 0
3109 1
3110 0
3111 0
3112 0
3113 0
3114 0
3115 0
3116 0
3117 0
3118 0
3119 0
3120 0
3121 0
3122 0
3123 0
3124 0
3125 0
3126 0
3127 0
3128 0
3129 0
3130 0
3131 0
3132 0
3133 0
3134 0
3135 0
3136 0
3137 0
3138 0
3139 0
3140 0
3141 0
3142 0
3143 0
3144 0
3145 0
3146 0
3147 0
3148 0
3149 0
3150 1
3151 0
3152 0
3153 0
3154 0
3155 0
3156 0
3157 0
3158 0
3159 0
3160 0
3161 0
3162 0
3163 0
3164 0
3165 0
3166 0
3167 0
3168 0
3169 0
3170 0
3171 0
3172 0
3173 0
3174 0
3175 0
3176 0
3177 0
3178 0
3179 0
3180 0
3181 0
3182 0
3183 0
3184 0
3185 0
3186 0
3187 0
3188 0
3189 0
3190 0
3191 0
3192 0
3193 0
3194 0
3195 0
3196 0
3197 0
3198 0
3199 0
3200 0
3201 0
3202 1
3203 0
3204 0
3205 0
3206 0
3207 0
3208 0
3209 0
3210 0
3211 0
3212 0
3213 0
3214 1
3215 0
3216 0
3217 0
3218 0
3219 0
3220 0
3221 0
3222 0
3223 0
3224 0
3225 0
3226 0
3227 0
3228 0
3229 0
3230 0
3231 0
3232 0
3233 0
3234 0
3235 0
3236 0
3237 0
3238 0
3239 0
3240 0
3241 0
3242 0
3243 0
3244 0
3245 0
3246 0
3247 0
3248 0
3249 0
3250 0
3251 0
3252 0
3253 0
3254 0
3255 0
3256 0
3257 0
3258 0
3259 0
3260 0
3261 0
3262 0
3263 0
3264 0
3265 0
3266 0
3267 0
3268 0
3269 0
3270 0
3271 0
3272 0
3273 0
3274 0
3275 0
3276 0
3277 0
3278 0
3279 0
3280 0
3281 0
3282 1
3283 0
3284 0
3285 0
3286 0
3287 0
3288 0
3289 0
3290 0
3291 0
3292 0
3293 0
3294 0
3295 0
3296 0
3297 0
3298 0
3299 0
3300 0
3301 0
3302 0
3303 0
3304 0
3305 0
3306 0
3307 0
3308 0
3309 0
3310 0
3311 1
3312 0
3313 0
3314 0
3315 0
3316 0
3317 0
3318 0
3319 0
3320 1
3321 0
3322 1
3323 0
3324 0
3325 0
3326 0
3327 0
3328 0
3329 1
3330 0
3331 0
3332 1
3333 0
3334 0
3335 0
3336 0
3337 0
3338 0
3339 0
3340 0
3341 0
3342 0
3343 0
3344 0
3345 0
3346 0
3347 0
3348 0
3349 0
3350 0
3351 0
3352 0
3353 1
3354 0
3355 0
3356 0
3357 0
3358 0
3359 0
3360 0
3361 0
3362 0
3363 0
3364 0
3365 0
3366 0
3367 0
3368 0
3369 0
3370 0
3371 0
3372 0
3373 0
3374 0
3375 0
3376 0
3377 0
3378 1
3379 0
3380 0
3381 0
3382 0
3383 0
3384 0
3385 0
3386 0
3387 0
3388 0
3389 0
3390 1
3391 0
3392 0
3393 0
3394 0
3395 0
3396 0
3397 0
3398 0
3399 0
3400 0
3401 0
3402 0
3403 0
3404 0
3405 0
3406 0
3407 0
3408 0
3409 0
3410 0
3411 0
3412 0
3413 0
3414 0
3415 0
3416 0
3417 0
3418 0
3419 0
3420 0
3421 0
3422 0
3423 0
3424 0
3425 0
3426 0
3427 0
3428 0
3429 0
3430 0
3431 0
3432 1
3433 0
3434 0
3435 0
3436 0
3437 0
3438 0
3439 0
3440 0
3441 0
3442 0
3443 0
3444 0
3445 0
3446 0
3447 0
3448 0
3449 0
3450 0
3451 0
3452 0
3453 0
3454 0
3455 0
3456 0
3457 0
3458 0
3459 0
3460 0
3461 0
3462 0
3463 0
3464 0
3465 0
3466 0
3467 0
3468 0
3469 0
3470 0
3471 0
3472 0
3473 0
3474 0
3475 0
3476 0
3477 0
3478 0
3479 0
3480 0
3481 0
3482 0
3483 0
3484 0
3485 0
3486 0
3487 0
3488 0
3489 0
3490 0
3491 0
3492 0
3493 0
3494 0
3495 0
3496 0
3497 0
3498 0
3499 0
3500 0
3501 0
3502 0
3503 0
3504 0
3505 0
3506 0
3507 0
3508 0
3509 0
3510 0
3511 0
3512 0
3513 0
3514 0
3515 0
3516 0
3517 0
3518 0
3519 0
3520 0
3521 0
3522 0
3523 0
3524 0
3525 0
3526 0
3527 0
3528 0
3529 0
3530 0
3531 0
3532 0
3533 0
3534 0
3535 0
3536 0
3537 0
3538 0
3539 0
3540 0
3541 0
3542 0
3543 0
3544 0
3545 0
3546 0
3547 0
3548 0
3549 0
3550 0
3551 0
3552 0
3553 0
3554 0
3555 0
3556 0
3557 0
3558 0
3559 0
3560 0
3561 0
3562 0
3563 0
3564 0
3565 0
3566 0
3567 0
3568 0
3569 0
3570 0
3571 0
3572 0
3573 0
3574 0
3575 0
3576 0
3577 0
3578 0
3579 0
3580 0
3581 0
3582 0
3583 0
3584 0
3585 0
3586 0
3587 0
3588 0
3589 0
3590 0
3591 0
3592 0
3593 0
3594 0
3595 0
3596 0
3597 0
3598 0
3599 0
3600 0
3601 0
3602 0
3603 0
3604 0
3605 0
3606 0
3607 0
3608 0
3609 0
3610 0
3611 0
3612 0
3613 0
3614 0
3615 0
3616 0
3617 0
3618 0
3619 0
3620 0
3621 0
3622 0
3623 0
3624 0
3625 0
3626 0
3627 0
3628 0
3629 0
3630 0
3631 0
3632 0
3633 0
3634 0
3635 0
3636 0
3637 0
3638 0
3639 0
3640 0
3641 0
3642 0
3643 0
3644 0
3645 0
3646 0
3647 0
3648 0
3649 0
3650 0
3651 0
3652 0
3653 0
3654 0
3655 0
3656 0
3657 1
3658 0
3659 0
3660 0
3661 0
3662 0
3663 0
3664 0
3665 0
3666 0
3667 0
3668 0
3669 0
3670 0
3671 0
3672 0
3673 0
3674 0
3675 0
3676 0
3677 0
3678 0
3679 0
3680 0
3681 0
3682 0
3683 0
3684 0
3685 0
3686 0
3687 0
3688 0
3689 0
3690 0
3691 0
3692 0
3693 0
3694 0
3695 0
3696 0
3697 0
3698 0
3699 0
3700 0
3701 0
3702 0
3703 0
3704 0
3705 0
3706 0
3707 0
3708 0
3709 0
3710 0
3711 0
3712 0
3713 0
3714 0
3715 0
3716 0
3717 0
3718 0
3719 0
3720 0
3721 0
3722 0
3723 0
3724 0
3725 0
3726 0
3727 0
3728 0
3729 0
3730 0
3731 0
3732 0
3733 0
3734 0
3735 0
3736 0
3737 0
3738 1
3739 0
3740 0
3741 0
3742 0
3743 0
3744 0
3745 0
3746 0
3747 0
3748 0
3749 0
3750 0
3751 0
3752 0
3753 0
3754 0
3755 1
3756 0
3757 0
3758 0
3759 0
3760 0
3761 0
3762 0
3763 0
3764 0
3765 0
3766 0
3767 0
3768 0
3769 0
3770 0
3771 0
3772 0
3773 0
3774 0
3775 0
3776 0
3777 0
3778 0
3779 0
3780 0
3781 0
3782 0
3783 0
3784 0
3785 0
3786 0
3787 0
3788 0
3789 0
3790 0
3791 0
3792 0
3793 0
3794 0
3795 0
3796 0
3797 0
3798 0
3799 0
3800 0
3801 0
3802 0
3803 0
3804 0
3805 0
3806 0
3807 0
3808 0
3809 0
3810 0
3811 0
3812 0
3813 0
3814 0
3815 0
3816 0
3817 0
3818 0
3819 0
3820 0
3821 0
3822 0
3823 0
3824 0
3825 0
3826 0
3827 0
3828 0
3829 0
3830 0
3831 0
3832 0
3833 0
3834 0
3835 0
3836 0
3837 0
3838 0
3839 0
3840 0
3841 0
3842 0
3843 0
3844 0
3845 0
3846 0
3847 0
3848 0
3849 0
3850 0
3851 0
3852 0
3853 0
3854 0
3855 0
3856 0
3857 0
3858 0
3859 0
3860 0
3861 0
3862 0
3863 0
3864 0
3865 0
3866 0
3867 0
3868 0
3869 0
3870 0
3871 0
3872 0
3873 0
3874 0
3875 0
3876 0
3877 0
3878 0
3879 0
3880 0
3881 0
3882 0
3883 0
3884 0
3885 0
3886 0
3887 0
3888 0
3889 0
3890 0
3891 0
3892 0
3893 0
3894 0
3895 0
3896 0
3897 0
3898 0
3899 0
3900 0
3901 0
3902 0
3903 0
3904 0
3905 0
3906 0
3907 0
3908 0
3909 1
3910 0
3911 0
3912 0
3913 0
3914 0
3915 0
3916 0
3917 0
3918 0
3919 0
3920 0
3921 0
3922 0
3923 0
3924 0
3925 0
3926 0
3927 0
3928 0
3929 0
3930 0
3931 0
3932 0
3933 0
3934 0
3935 0
3936 0
3937 0
3938 0
3939 0
3940 0
3941 0
3942 0
3943 0
3944 0
3945 0
3946 0
3947 0
3948 0
3949 0
3950 0
3951 0
3952 0
3953 0
3954 0
3955 0
3956 0
3957 0
3958 0
3959 0
3960 0
3961 0
3962 0
3963 0
3964 0
3965 0
3966 0
3967 0
3968 0
3969 0
3970 0
3971 0
3972 0
3973 0
3974 0
3975 0
3976 0
3977 0
3978 0
3979 0
3980 0
3981 0
3982 0
3983 0
3984 0
3985 0
3986 0
3987 0
3988 0
3989 0
3990 0
3991 0
3992 0
3993 0
3994 0
3995 0
3996 0
3997 0
3998 0
3999 0
4000 0
