0 0
1 0
2 0
3 0
4 0
5 0
6 0
7 0
8 0
9 0
10 0
11 0
12 0
13 0
14 0
15 0
16 0
17 0
18 0
19 0
20 0
21 0
22 0
23 0
24 0
25 0
26 0
27 0
28 0
29 0
30 0
31 0
32 0
33 0
34 0
35 0
36 0
37 0
38 0
39 0
40 0
41 0
42 0
43 0
44 0
45 0
46 0
47 0
48 0
49 0
50 0
51 0
52 0
53 0
54 0
55 0
56 0
57 0
58 0
59 0
60 0
61 0
62 0
63 0
64 0
65 0
66 0
67 0
68 0
69 0
70 0
71 0
72 0
73 0
74 0
75 0
76 0
77 0
78 0
79 0
80 0
81 0
82 0
83 0
84 0
85 0
86 0
87 0
88 0
89 0
90 0
91 0
92 0
93 0
94 0
95 0
96 0
97 0
98 0
99 0
100 0
101 0
102 0
103 0
104 0
105 0
106 0
107 0
108 0
109 0
110 0
111 0
112 0
113 0
114 0
115 0
116 0
117 0
118 0
119 0
120 0
121 0
122 0
123 0
124 0
125 0
126 0
127 0
128 0
129 0
130 0
131 0
132 0
133 0
134 0
135 0
136 0
137 0
138 0
139 0
140 0
141 0
142 0
143 0
144 0
145 0
146 0
147 0
148 0
149 0
150 0
151 0
152 2
153 0
154 2
155 4
156 6
157 4
158 6
159 6
160 2
161 1
162 7
163 2
164 7
165 5
166 2
167 3
168 9
169 3
170 4
171 9
172 6
173 7
174 7
175 4
176 11
177 12
178 11
179 23
180 32
181 44
182 57
183 75
184 82
185 92
186 96
187 140
188 280
189 484
190 1117
191 1984
192 3007
193 4166
194 4846
195 5290
196 5368
197 5349
198 5156
199 5011
200 4750
201 4459
202 4277
203 3988
204 3895
205 3736
206 3611
207 3593
208 3423
209 3379
210 3304
211 3246
212 3285
213 3162
214 3216
215 3262
216 3086
217 3083
218 3088
219 3046
220 2944
221 2948
222 3019
223 2938
224 2845
225 2944
226 2927
227 2855
228 2806
229 2847
230 2907
231 2717
232 2842
233 2826
234 2907
235 2960
236 2860
237 2840
238 2941
239 2870
240 2791
241 2981
242 2896
243 2868
244 2793
245 2989
246 2899
247 2872
248 2995
249 2922
250 2857
251 2929
252 2847
253 2832
254 2840
255 2945
256 2873
257 2887
258 2849
259 2918
260 2882
261 2726
262 2829
263 2802
264 2935
265 2822
266 2820
267 2931
268 2859
269 2891
270 2913
271 2915
272 2898
273 2925
274 2853
275 2929
276 2862
277 2889
278 2936
279 2854
280 2805
281 2841
282 2866
283 2856
284 2894
285 2996
286 2806
287 2924
288 2950
289 2932
290 2838
291 2833
292 2890
293 2841
294 2887
295 3011
296 2933
297 2915
298 2944
299 2978
300 2881
301 2852
302 3058
303 2971
304 2980
305 2964
306 2967
307 2851
308 2928
309 2943
310 2892
311 2993
312 2897
313 2938
314 2917
315 2964
316 2909
317 2809
318 2951
319 2926
320 2963
321 3071
322 2931
323 2919
324 3026
325 3024
326 2914
327 3015
328 3042
329 3024
330 3029
331 3025
332 2989
333 2995
334 3053
335 3010
336 3035
337 2996
338 3046
339 3155
340 3161
341 3012
342 3069
343 3127
344 3030
345 3019
346 3079
347 3058
348 3058
349 3129
350 3107
351 3050
352 3105
353 3176
354 3240
355 3062
356 3193
357 3231
358 3148
359 3255
360 3155
361 3188
362 3061
363 3113
364 3279
365 3239
366 3171
367 3241
368 3125
369 3142
370 3226
371 3262
372 3286
373 3283
374 3245
375 3259
376 3249
377 3258
378 3184
379 3265
380 3334
381 3235
382 3262
383 3289
384 3288
385 3308
386 3259
387 3271
388 3327
389 3446
390 3373
391 3370
392 3390
393 3307
394 3411
395 3335
396 3299
397 3313
398 3498
399 3456
400 3372
401 3351
402 3480
403 3425
404 3434
405 3338
406 3325
407 3506
408 3563
409 3479
410 3406
411 3333
412 3456
413 3449
414 3458
415 3474
416 3492
417 3473
418 3531
419 3394
420 3418
421 3388
422 3529
423 3542
424 3408
425 3636
426 3446
427 3498
428 3393
429 3428
430 3390
431 3520
432 3421
433 3584
434 3529
435 3494
436 3522
437 3508
438 3494
439 3506
440 3557
441 3582
442 3495
443 3463
444 3469
445 3499
446 3511
447 3494
448 3459
449 3411
450 3555
451 3396
452 3434
453 3505
454 3376
455 3514
456 3386
457 3512
458 3518
459 3483
460 3421
461 3374
462 3374
463 3424
464 3489
465 3385
466 3357
467 3501
468 3354
469 3401
470 3438
471 3378
472 3394
473 3365
474 3276
475 3419
476 3230
477 3330
478 3398
479 3291
480 3336
481 3320
482 3329
483 3271
484 3220
485 3288
486 3232
487 3220
488 3209
489 3249
490 3256
491 3200
492 3216
493 3228
494 3159
495 3177
496 3163
497 3089
498 3164
499 3074
500 3048
501 3132
502 3062
503 3131
504 3117
505 3200
506 3085
507 3053
508 2988
509 2973
510 3053
511 3055
512 2962
513 2970
514 2833
515 2794
516 2819
517 2822
518 2813
519 2824
520 2806
521 2875
522 2864
523 2743
524 2703
525 2755
526 2631
527 2692
528 2670
529 2642
530 2656
531 2608
532 2546
533 2622
534 2519
535 2572
536 2486
537 2498
538 2443
539 2500
540 2490
541 2567
542 2494
543 2506
544 2474
545 2450
546 2420
547 2436
548 2356
549 2390
550 2328
551 2344
552 2324
553 2295
554 2218
555 2176
556 2311
557 2239
558 2161
559 2118
560 2204
561 2148
562 2137
563 2128
564 2167
565 2077
566 2019
567 2149
568 2059
569 1987
570 1975
571 1995
572 1995
573 1985
574 1884
575 1938
576 1883
577 1894
578 1879
579 1873
580 1852
581 1820
582 1855
583 1860
584 1782
585 1729
586 1723
587 1719
588 1743
589 1624
590 1586
591 1642
592 1645
593 1671
594 1594
595 1482
596 1587
597 1600
598 1593
599 1511
600 1467
601 1483
602 1465
603 1499
604 1391
605 1391
606 1360
607 1407
608 1326
609 1374
610 1315
611 1288
612 1349
613 1309
614 1398
615 1261
616 1290
617 1225
618 1182
619 1229
620 1231
621 1179
622 1221
623 1134
624 1173
625 1174
626 1115
627 1138
628 1167
629 1107
630 1030
631 1058
632 1047
633 1048
634 1054
635 1052
636 988
637 965
638 1006
639 1008
640 929
641 923
642 932
643 923
644 923
645 928
646 881
647 893
648 852
649 872
650 857
651 808
652 824
653 851
654 745
655 777
656 803
657 782
658 735
659 750
660 745
661 725
662 764
663 695
664 670
665 673
666 688
667 674
668 631
669 664
670 635
671 623
672 628
673 608
674 604
675 594
676 590
677 575
678 582
679 578
680 577
681 559
682 543
683 564
684 567
685 547
686 556
687 495
688 529
689 514
690 470
691 489
692 504
693 487
694 449
695 431
696 456
697 440
698 444
699 486
700 423
701 420
702 388
703 365
704 409
705 385
706 365
707 361
708 381
709 349
710 387
711 361
712 380
713 373
714 347
715 356
716 288
717 319
718 316
719 299
720 331
721 327
722 337
723 306
724 286
725 317
726 272
727 288
728 284
729 287
730 257
731 266
732 252
733 245
734 224
735 256
736 259
737 251
738 223
739 234
740 218
741 236
742 222
743 225
744 237
745 218
746 225
747 216
748 171
749 173
750 198
751 220
752 185
753 200
754 181
755 195
756 223
757 186
758 187
759 190
760 184
761 161
762 181
763 182
764 131
765 177
766 146
767 148
768 160
769 137
770 153
771 140
772 129
773 145
774 122
775 153
776 133
777 121
778 123
779 148
780 140
781 113
782 115
783 112
784 92
785 125
786 123
787 123
788 112
789 121
790 112
791 114
792 120
793 98
794 110
795 116
796 124
797 80
798 86
799 101
800 92
801 97
802 82
803 80
804 94
805 88
806 91
807 103
808 65
809 93
810 88
811 76
812 79
813 81
814 79
815 67
816 82
817 93
818 63
819 69
820 73
821 65
822 63
823 69
824 63
825 61
826 66
827 68
828 56
829 53
830 72
831 72
832 54
833 58
834 62
835 58
836 60
837 60
838 56
839 72
840 46
841 62
842 65
843 58
844 52
845 67
846 61
847 50
848 48
849 56
850 53
851 57
852 53
853 52
854 56
855 49
856 54
857 54
858 51
859 48
860 36
861 49
862 52
863 45
864 39
865 34
866 53
867 32
868 44
869 37
870 45
871 40
872 33
873 33
874 51
875 36
876 37
877 47
878 42
879 40
880 29
881 31
882 28
883 37
884 49
885 31
886 36
887 26
888 40
889 38
890 49
891 26
892 51
893 23
894 28
895 37
896 32
897 39
898 30
899 32
900 33
901 30
902 23
903 28
904 26
905 34
906 31
907 25
908 30
909 24
910 32
911 30
912 24
913 33
914 22
915 23
916 26
917 19
918 44
919 30
920 38
921 17
922 20
923 30
924 30
925 19
926 25
927 31
928 25
929 21
930 25
931 17
932 15
933 28
934 30
935 32
936 19
937 28
938 19
939 26
940 21
941 28
942 29
943 23
944 32
945 23
946 26
947 29
948 17
949 27
950 18
951 25
952 18
953 24
954 26
955 25
956 19
957 21
958 13
959 22
960 14
961 18
962 19
963 13
964 18
965 18
966 16
967 23
968 18
969 26
970 14
971 20
972 16
973 19
974 25
975 22
976 15
977 11
978 20
979 11
980 31
981 21
982 19
983 12
984 20
985 29
986 19
987 25
988 20
989 12
990 14
991 22
992 19
993 22
994 15
995 18
996 23
997 12
998 22
999 17
1000 18
1001 22
1002 16
1003 17
1004 18
1005 22
1006 11
1007 21
1008 18
1009 12
1010 11
1011 21
1012 14
1013 12
1014 16
1015 17
1016 28
1017 9
1018 13
1019 17
1020 15
1021 12
1022 12
1023 20
1024 7
1025 13
1026 15
1027 22
1028 11
1029 10
1030 18
1031 13
1032 12
1033 14
1034 12
1035 26
1036 10
1037 17
1038 16
1039 15
1040 10
1041 14
1042 11
1043 11
1044 14
1045 16
1046 15
1047 13
1048 7
1049 15
1050 9
1051 14
1052 10
1053 17
1054 9
1055 9
1056 12
1057 5
1058 13
1059 9
1060 15
1061 9
1062 9
1063 12
1064 9
1065 12
1066 11
1067 9
1068 13
1069 12
1070 16
1071 17
1072 14
1073 13
1074 11
1075 12
1076 8
1077 9
1078 10
1079 12
1080 8
1081 7
1082 10
1083 11
1084 11
1085 9
1086 5
1087 12
1088 8
1089 5
1090 11
1091 5
1092 7
1093 9
1094 9
1095 13
1096 5
1097 12
1098 6
1099 8
1100 7
1101 3
1102 12
1103 7
1104 3
1105 5
1106 6
1107 10
1108 8
1109 16
1110 11
1111 12
1112 11
1113 9
1114 5
1115 8
1116 6
1117 7
1118 5
1119 8
1120 10
1121 8
1122 8
1123 5
1124 4
1125 3
1126 11
1127 4
1128 11
1129 8
1130 4
1131 10
1132 8
1133 9
1134 9
1135 10
1136 5
1137 10
1138 4
1139 6
1140 3
1141 5
1142 5
1143 3
1144 8
1145 4
1146 9
1147 8
1148 9
1149 8
1150 1
1151 12
1152 5
1153 9
1154 5
1155 6
1156 4
1157 9
1158 5
1159 4
1160 5
1161 5
1162 6
1163 5
1164 4
1165 6
1166 3
1167 5
1168 4
1169 7
1170 5
1171 4
1172 0
1173 8
1174 8
1175 7
1176 3
1177 5
1178 2
1179 1
1180 1
1181 4
1182 7
1183 5
1184 4
1185 2
1186 8
1187 4
1188 1
1189 1
1190 5
1191 5
1192 1
1193 4
1194 5
1195 7
1196 4
1197 2
1198 3
1199 0
1200 4
1201 5
1202 7
1203 6
1204 5
1205 2
1206 4
1207 4
1208 2
1209 4
1210 4
1211 6
1212 4
1213 3
1214 1
1215 4
1216 4
1217 8
1218 4
1219 4
1220 1
1221 3
1222 5
1223 1
1224 3
1225 3
1226 2
1227 5
1228 4
1229 3
1230 2
1231 4
1232 3
1233 3
1234 6
1235 4
1236 6
1237 1
1238 1
1239 1
1240 2
1241 2
1242 3
1243 3
1244 4
1245 4
1246 8
1247 3
1248 3
1249 3
1250 1
1251 1
1252 4
1253 2
1254 0
1255 3
1256 4
1257 3
1258 3
1259 0
1260 2
1261 1
1262 2
1263 4
1264 2
1265 2
1266 1
1267 2
1268 1
1269 4
1270 2
1271 5
1272 1
1273 1
1274 4
1275 3
1276 2
1277 3
1278 2
1279 4
1280 1
1281 1
1282 0
1283 1
1284 6
1285 1
1286 1
1287 3
1288 2
1289 2
1290 1
1291 0
1292 3
1293 1
1294 0
1295 0
1296 2
1297 3
1298 3
1299 1
1300 0
1301 1
1302 1
1303 2
1304 2
1305 0
1306 0
1307 0
1308 1
1309 3
1310 0
1311 4
1312 3
1313 0
1314 2
1315 2
1316 2
1317 0
1318 0
1319 1
1320 2
1321 1
1322 2
1323 0
1324 1
1325 2
1326 0
1327 1
1328 1
1329 0
1330 0
1331 3
1332 2
1333 0
1334 4
1335 1
1336 4
1337 1
1338 1
1339 1
1340 1
1341 2
1342 0
1343 1
1344 1
1345 2
1346 1
1347 0
1348 2
1349 1
1350 1
1351 0
1352 0
1353 0
1354 4
1355 2
1356 1
1357 1
1358 1
1359 0
1360 1
1361 3
1362 1
1363 3
1364 2
1365 4
1366 0
1367 0
1368 1
1369 2
1370 0
1371 0
1372 1
1373 2
1374 0
1375 0
1376 3
1377 2
1378 1
1379 1
1380 0
1381 0
1382 1
1383 1
1384 1
1385 1
1386 1
1387 3
1388 0
1389 2
1390 0
1391 0
1392 2
1393 1
1394 3
1395 0
1396 2
1397 0
1398 0
1399 1
1400 0
1401 1
1402 2
1403 1
1404 1
1405 1
1406 2
1407 1
1408 0
1409 1
1410 1
1411 0
1412 2
1413 2
1414 0
1415 0
1416 0
1417 0
1418 1
1419 2
1420 0
1421 0
1422 0
1423 0
1424 0
1425 0
1426 2
1427 0
1428 3
1429 1
1430 0
1431 1
1432 2
1433 1
1434 0
1435 2
1436 0
1437 0
1438 0
1439 2
1440 0
1441 1
1442 1
1443 1
1444 1
1445 1
1446 4
1447 0
1448 0
1449 0
1450 2
1451 0
1452 1
1453 2
1454 0
1455 1
1456 1
1457 0
1458 1
1459 2
1460 1
1461 0
1462 1
1463 1
1464 2
1465 1
1466 1
1467 0
1468 0
1469 0
1470 1
1471 2
1472 1
1473 0
1474 0
1475 0
1476 0
1477 0
1478 1
1479 0
1480 2
1481 1
1482 0
1483 1
1484 1
1485 1
1486 0
1487 2
1488 0
1489 0
1490 1
1491 0
1492 2
1493 0
1494 1
1495 2
1496 0
1497 1
1498 0
1499 0
1500 0
1501 1
1502 0
1503 0
1504 1
1505 0
1506 0
1507 0
1508 0
1509 1
1510 0
1511 0
1512 0
1513 0
1514 1
1515 1
1516 0
1517 1
1518 0
1519 2
1520 2
1521 0
1522 0
1523 3
1524 1
1525 0
1526 0
1527 1
1528 1
1529 1
1530 0
1531 1
1532 0
1533 1
1534 1
1535 0
1536 0
1537 0
1538 0
1539 1
1540 1
1541 0
1542 0
1543 0
1544 2
1545 0
1546 0
1547 3
1548 0
1549 0
1550 0
1551 1
1552 2
1553 0
1554 0
1555 0
1556 0
1557 0
1558 0
1559 0
1560 0
1561 0
1562 0
1563 0
1564 0
1565 1
1566 0
1567 0
1568 0
1569 2
1570 0
1571 0
1572 0
1573 0
1574 0
1575 0
1576 0
1577 0
1578 1
1579 2
1580 0
1581 0
1582 0
1583 1
1584 0
1585 1
1586 0
1587 1
1588 0
1589 0
1590 0
1591 0
1592 1
1593 0
1594 1
1595 1
1596 1
1597 0
1598 0
1599 0
1600 0
1601 1
1602 0
1603 0
1604 2
1605 0
1606 0
1607 0
1608 0
1609 1
1610 0
1611 0
1612 0
1613 0
1614 0
1615 0
1616 0
1617 1
1618 1
1619 0
1620 0
1621 2
1622 1
1623 0
1624 1
1625 0
1626 0
1627 1
1628 0
1629 1
1630 0
1631 0
1632 0
1633 0
1634 0
1635 0
1636 1
1637 0
1638 0
1639 2
1640 0
1641 0
1642 0
1643 0
1644 0
1645 0
1646 0
1647 0
1648 0
1649 0
1650 1
1651 2
1652 0
1653 1
1654 0
1655 0
1656 0
1657 0
1658 0
1659 0
1660 0
1661 0
1662 0
1663 0
1664 0
1665 0
1666 1
1667 1
1668 0
1669 0
1670 0
1671 0
1672 0
1673 0
1674 0
1675 0
1676 0
1677 0
1678 0
1679 1
1680 0
1681 0
1682 1
1683 0
1684 0
1685 0
1686 0
1687 0
1688 0
1689 0
1690 0
1691 0
1692 0
1693 0
1694 0
1695 0
1696 1
1697 0
1698 0
1699 0
1700 1
1701 0
1702 2
1703 0
1704 1
1705 0
1706 0
1707 0
1708 0
1709 2
1710 0
1711 0
1712 0
1713 0
1714 0
1715 0
1716 0
1717 0
1718 0
1719 0
1720 0
1721 0
1722 0
1723 0
1724 0
1725 0
1726 0
1727 1
1728 1
1729 1
1730 0
1731 1
1732 1
1733 1
1734 0
1735 0
1736 0
1737 3
1738 0
1739 0
1740 0
1741 0
1742 0
1743 0
1744 0
1745 0
1746 0
1747 1
1748 0
1749 0
1750 0
1751 0
1752 1
1753 0
1754 0
1755 0
1756 0
1757 0
1758 0
1759 1
1760 0
1761 0
1762 0
1763 0
1764 1
1765 0
1766 0
1767 0
1768 0
1769 1
1770 0
1771 1
1772 2
1773 0
1774 0
1775 1
1776 0
1777 1
1778 0
1779 0
1780 0
1781 0
1782 0
1783 0
1784 0
1785 1
1786 0
1787 0
1788 0
1789 1
1790 0
1791 0
1792 0
1793 0
1794 1
1795 0
1796 0
1797 0
1798 0
1799 0
1800 1
1801 0
1802 0
1803 0
1804 1
1805 0
1806 0
1807 0
1808 0
1809 0
1810 1
1811 0
1812 0
1813 0
1814 0
1815 0
1816 0
1817 0
1818 0
1819 0
1820 0
1821 1
1822 0
1823 0
1824 0
1825 0
1826 1
1827 0
1828 0
1829 1
1830 0
1831 0
1832 0
1833 1
1834 0
1835 0
1836 0
1837 0
1838 0
1839 0
1840 0
1841 0
1842 0
1843 0
1844 0
1845 0
1846 0
1847 0
1848 1
1849 0
1850 0
1851 0
1852 0
1853 1
1854 0
1855 0
1856 0
1857 0
1858 1
1859 0
1860 0
1861 0
1862 0
1863 0
1864 0
1865 0
1866 0
1867 0
1868 0
1869 2
1870 0
1871 0
1872 0
1873 0
1874 0
1875 1
1876 0
1877 0
1878 1
1879 0
1880 0
1881 0
1882 0
1883 0
1884 0
1885 0
1886 0
1887 0
1888 0
1889 1
1890 0
1891 0
1892 0
1893 0
1894 0
1895 0
1896 0
1897 0
1898 0
1899 0
1900 0
1901 0
1902 1
1903 0
1904 0
1905 0
1906 0
1907 0
1908 1
1909 0
1910 0
1911 0
1912 0
1913 0
1914 1
1915 0
1916 0
1917 0
1918 0
1919 0
1920 0
1921 0
1922 0
1923 0
1924 0
1925 0
1926 0
1927 0
1928 1
1929 1
1930 0
1931 0
1932 0
1933 0
1934 0
1935 0
1936 1
1937 0
1938 0
1939 0
1940 0
1941 0
1942 0
1943 0
1944 0
1945 0
1946 0
1947 0
1948 0
1949 1
1950 0
1951 0
1952 0
1953 0
1954 0
1955 1
1956 0
1957 0
1958 0
1959 0
1960 0
1961 0
1962 0
1963 0
1964 1
1965 0
1966 0
1967 0
1968 0
1969 0
1970 1
1971 0
1972 0
1973 0
1974 0
1975 0
1976 0
1977 0
1978 1
1979 0
1980 0
1981 0
1982 1
1983 1
1984 0
1985 0
1986 0
1987 0
1988 1
1989 0
1990 0
1991 0
1992 0
1993 0
1994 0
1995 0
1996 0
1997 0
1998 0
1999 0
2000 1
2001 0
2002 0
2003 0
2004 0
2005 0
2006 0
2007 0
2008 1
2009 0
2010 0
2011 0
2012 0
2013 0
2014 0
2015 0
2016 0
2017 0
2018 0
2019 0
2020 0
2021 0
2022 0
2023 0
2024 0
2025 0
2026 0
2027 0
2028 1
2029 0
2030 0
2031 0
2032 0
2033 0
2034 0
2035 0
2036 1
2037 0
2038 0
2039 0
2040 0
2041 0
2042 0
2043 1
2044 0
2045 0
2046 0
2047 0
2048 0
2049 0
2050 0
2051 0
2052 1
2053 1
2054 0
2055 0
2056 0
2057 0
2058 1
2059 1
2060 0
2061 0
2062 0
2063 0
2064 1
2065 0
2066 0
2067 0
2068 0
2069 1
2070 0
2071 1
2072 0
2073 0
2074 0
2075 0
2076 0
2077 0
2078 0
2079 0
2080 0
2081 0
2082 0
2083 2
2084 0
2085 0
2086 0
2087 0
2088 0
2089 1
2090 1
2091 0
2092 0
2093 0
2094 0
2095 0
2096 0
2097 1
2098 0
2099 0
2100 0
2101 2
2102 0
2103 0
2104 0
2105 0
2106 0
2107 1
2108 0
2109 0
2110 0
2111 0
2112 1
2113 0
2114 0
2115 0
2116 0
2117 0
2118 0
2119 0
2120 0
2121 0
2122 0
2123 0
2124 0
2125 0
2126 0
2127 0
2128 0
2129 0
2130 0
2131 0
2132 1
2133 0
2134 1
2135 0
2136 0
2137 0
2138 0
2139 0
2140 0
2141 0
2142 0
2143 0
2144 0
2145 0
2146 0
2147 0
2148 0
2149 0
2150 0
2151 1
2152 0
2153 0
2154 0
2155 0
2156 1
2157 1
2158 0
2159 0
2160 0
2161 0
2162 0
2163 0
2164 0
2165 0
2166 0
2167 0
2168 0
2169 0
2170 0
2171 0
2172 0
2173 0
2174 0
2175 1
2176 0
2177 0
2178 0
2179 1
2180 1
2181 0
2182 0
2183 1
2184 0
2185 0
2186 0
2187 0
2188 0
2189 0
2190 0
2191 0
2192 1
2193 0
2194 0
2195 0
2196 0
2197 0
2198 0
2199 0
2200 0
2201 0
2202 0
2203 0
2204 0
2205 0
2206 0
2207 1
2208 0
2209 0
2210 0
2211 0
2212 0
2213 0
2214 0
2215 0
2216 0
2217 0
2218 0
2219 0
2220 0
2221 0
2222 0
2223 0
2224 0
2225 0
2226 1
2227 0
2228 1
2229 0
2230 0
2231 0
2232 0
2233 0
2234 0
2235 0
2236 0
2237 0
2238 0
2239 1
2240 0
2241 1
2242 0
2243 0
2244 0
2245 0
2246 0
2247 0
2248 0
2249 0
2250 0
2251 0
2252 0
2253 0
2254 0
2255 0
2256 0
2257 0
2258 1
2259 0
2260 0
2261 0
2262 0
2263 0
2264 0
2265 0
2266 0
2267 0
2268 0
2269 0
2270 0
2271 0
2272 0
2273 0
2274 0
2275 0
2276 0
2277 0
2278 0
2279 0
2280 0
2281 0
2282 0
2283 0
2284 0
2285 0
2286 0
2287 0
2288 0
2289 0
2290 0
2291 1
2292 0
2293 0
2294 0
2295 0
2296 0
2297 0
2298 0
2299 0
2300 0
2301 0
2302 1
2303 0
2304 1
2305 0
2306 0
2307 0
2308 0
2309 0
2310 0
2311 1
2312 0
2313 0
2314 0
2315 0
2316 0
2317 0
2318 0
2319 0
2320 1
2321 1
2322 0
2323 0
2324 0
2325 0
2326 0
2327 0
2328 0
2329 0
2330 0
2331 2
2332 0
2333 0
2334 0
2335 0
2336 0
2337 0
2338 0
2339 0
2340 0
2341 0
2342 1
2343 0
2344 0
2345 0
2346 0
2347 1
2348 0
2349 0
2350 0
2351 0
2352 0
2353 0
2354 0
2355 0
2356 0
2357 0
2358 1
2359 0
2360 0
2361 0
2362 0
2363 0
2364 1
2365 0
2366 0
2367 0
2368 0
2369 0
2370 0
2371 0
2372 1
2373 0
2374 0
2375 0
2376 0
2377 1
2378 0
2379 1
2380 0
2381 0
2382 0
2383 0
2384 0
2385 0
2386 0
2387 0
2388 0
2389 0
2390 0
2391 0
2392 0
2393 0
2394 0
2395 0
2396 0
2397 0
2398 0
2399 0
2400 0
2401 0
2402 1
2403 0
2404 0
2405 0
2406 0
2407 0
2408 1
2409 0
2410 0
2411 0
2412 0
2413 0
2414 0
2415 0
2416 0
2417 0
2418 0
2419 0
2420 0
2421 0
2422 0
2423 0
2424 0
2425 0
2426 1
2427 0
2428 0
2429 0
2430 0
2431 0
2432 0
2433 0
2434 0
2435 1
2436 0
2437 0
2438 0
2439 0
2440 0
2441 1
2442 0
2443 0
2444 0
2445 0
2446 0
2447 0
2448 0
2449 0
2450 0
2451 0
2452 1
2453 0
2454 0
2455 0
2456 0
2457 0
2458 0
2459 0
2460 0
2461 0
2462 0
2463 0
2464 0
2465 0
2466 1
2467 0
2468 0
2469 0
2470 0
2471 2
2472 0
2473 0
2474 0
2475 1
2476 0
2477 0
2478 0
2479 0
2480 1
2481 0
2482 1
2483 0
2484 0
2485 1
2486 0
2487 0
2488 0
2489 0
2490 0
2491 0
2492 0
2493 0
2494 1
2495 0
2496 0
2497 0
2498 0
2499 0
2500 1
2501 0
2502 0
2503 0
2504 1
2505 0
2506 0
2507 0
2508 0
2509 0
2510 1
2511 0
2512 0
2513 0
2514 0
2515 0
2516 0
2517 0
2518 0
2519 0
2520 0
2521 0
2522 0
2523 0
2524 0
2525 0
2526 0
2527 0
2528 1
2529 0
2530 1
2531 0
2532 0
2533 0
2534 0
2535 0
2536 0
2537 0
2538 0
2539 0
2540 0
2541 0
2542 0
2543 0
2544 0
2545 0
2546 0
2547 0
2548 0
2549 0
2550 0
2551 0
2552 0
2553 2
2554 0
2555 0
2556 0
2557 0
2558 0
2559 0
2560 1
2561 0
2562 0
2563 1
2564 1
2565 0
2566 0
2567 0
2568 0
2569 0
2570 0
2571 0
2572 1
2573 0
2574 1
2575 0
2576 0
2577 0
2578 0
2579 0
2580 0
2581 0
2582 0
2583 0
2584 0
2585 0
2586 0
2587 0
2588 0
2589 0
2590 0
2591 0
2592 1
2593 0
2594 0
2595 0
2596 0
2597 0
2598 0
2599 0
2600 0
2601 0
2602 0
2603 0
2604 0
2605 0
2606 1
2607 0
2608 0
2609 0
2610 0
2611 0
2612 0
2613 0
2614 1
2615 0
2616 0
2617 0
2618 0
2619 0
2620 0
2621 0
2622 0
2623 0
2624 0
2625 2
2626 0
2627 1
2628 0
2629 0
2630 0
2631 0
2632 2
2633 0
2634 0
2635 0
2636 0
2637 0
2638 0
2639 0
2640 0
2641 0
2642 0
2643 0
2644 0
2645 0
2646 0
2647 0
2648 0
2649 0
2650 0
2651 0
2652 0
2653 0
2654 0
2655 0
2656 0
2657 0
2658 0
2659 0
2660 0
2661 0
2662 1
2663 0
2664 0
2665 0
2666 0
2667 0
2668 0
2669 0
2670 0
2671 0
2672 0
2673 0
2674 0
2675 0
2676 0
2677 0
2678 0
2679 0
2680 0
2681 0
2682 0
2683 0
2684 0
2685 0
2686 0
2687 0
2688 0
2689 0
2690 0
2691 0
2692 0
2693 0
2694 0
2695 0
2696 0
2697 0
2698 0
2699 0
2700 0
2701 0
2702 0
2703 1
2704 0
2705 0
2706 0
2707 0
2708 0
2709 0
2710 0
2711 0
2712 0
2713 0
2714 0
2715 1
2716 0
2717 0
2718 0
2719 0
2720 0
2721 0
2722 0
2723 0
2724 0
2725 0
2726 0
2727 0
2728 0
2729 0
2730 0
2731 0
2732 0
2733 0
2734 0
2735 0
2736 1
2737 0
2738 0
2739 0
2740 0
2741 0
2742 0
2743 0
2744 0
2745 0
2746 0
2747 0
2748 0
2749 0
2750 0
2751 0
2752 0
2753 0
2754 0
2755 0
2756 0
2757 0
2758 0
2759 0
2760 0
2761 0
2762 0
2763 1
2764 0
2765 0
2766 0
2767 0
2768 0
2769 0
2770 0
2771 0
2772 0
2773 0
2774 0
2775 0
2776 0
2777 0
2778 0
2779 0
2780 0
2781 0
2782 0
2783 0
2784 0
2785 0
2786 0
2787 0
2788 0
2789 0
2790 0
2791 0
2792 0
2793 2
2794 0
2795 1
2796 1
2797 0
2798 0
2799 0
2800 0
2801 2
2802 0
2803 0
2804 0
2805 0
2806 0
2807 0
2808 0
2809 0
2810 0
2811 0
2812 0
2813 0
2814 0
2815 0
2816 0
2817 0
2818 0
2819 0
2820 0
2821 1
2822 1
2823 1
2824 0
2825 1
2826 1
2827 0
2828 0
2829 0
2830 0
2831 1
2832 0
2833 1
2834 0
2835 1
2836 0
2837 0
2838 0
2839 1
2840 0
2841 0
2842 0
2843 1
2844 0
2845 0
2846 0
2847 0
2848 0
2849 0
2850 0
2851 0
2852 0
2853 0
2854 0
2855 0
2856 0
2857 0
2858 0
2859 0
2860 1
2861 1
2862 0
2863 0
2864 0
2865 0
2866 0
2867 0
2868 0
2869 0
2870 0
2871 0
2872 0
2873 0
2874 0
2875 0
2876 0
2877 0
2878 0
2879 0
2880 1
2881 0
2882 0
2883 0
2884 0
2885 0
2886 0
2887 0
2888 1
2889 0
2890 0
2891 0
2892 0
2893 1
2894 0
2895 0
2896 0
2897 0
2898 0
2899 0
2900 0
2901 0
2902 0
2903 0
2904 0
2905 0
2906 0
2907 0
2908 0
2909 0
2910 0
2911 0
2912 0
2913 0
2914 0
2915 0
2916 0
2917 0
2918 0
2919 0
2920 0
2921 0
2922 0
2923 1
2924 0
2925 0
2926 0
2927 0
2928 0
2929 0
2930 0
2931 0
2932 0
2933 0
2934 1
2935 0
2936 2
2937 0
2938 0
2939 0
2940 0
2941 0
2942 0
2943 0
2944 1
2945 0
2946 0
2947 0
2948 0
2949 0
2950 0
2951 0
2952 1
2953 0
2954 0
2955 1
2956 0
2957 1
2958 0
2959 0
2960 0
2961 0
2962 0
2963 0
2964 0
2965 0
2966 1
2967 0
2968 0
2969 0
2970 0
2971 0
2972 0
2973 0
2974 1
2975 0
2976 0
2977 0
2978 1
2979 0
2980 0
2981 0
2982 0
2983 0
2984 0
2985 0
2986 0
2987 0
2988 0
2989 0
2990 0
2991 0
2992 0
2993 0
2994 0
2995 0
2996 0
2997 0
2998 0
2999 0
3000 0
3001 0
3002 0
3003 0
3004 0
3005 0
3006 1
3007 0
3008 0
3009 0
3010 0
3011 0
3012 0
3013 0
3014 0
3015 0
3016 0
3017 1
3018 0
3019 0
3020 0
3021 0
3022 0
3023 0
3024 0
3025 0
3026 0
3027 0
3028 0
3029 0
3030 0
3031 0
3032 0
3033 0
3034 1
3035 1
3036 0
3037 0
3038 0
3039 0
3040 0
3041 0
3042 0
3043 0
3044 1
3045 0
3046 0
3047 0
3048 0
3049 1
3050 0
3051 0
3052 0
3053 0
3054 0
3055 0
3056 0
3057 0
3058 0
3059 0
3060 0
3061 0
3062 0
3063 0
3064 0
3065 0
3066 0
3067 0
3068 0
3069 0
3070 0
3071 0
3072 0
3073 0
3074 0
3075 0
3076 0
3077 0
3078 0
3079 0
3080 0
3081 0
3082 0
3083 0
3084 0
3085 0
3086 0
3087 0
3088 0
3089 0
3090 0
3091 0
3092 0
3093 0
3094 0
3095 0
3096 0
3097 0
3098 0
3099 0
3100 0
3101 0
3102 0
3103 0
3104 0
3105 0
3106 0
3107 0
3108 0
3109 0
3110 0
3111 0
3112 1
3113 0
3114 0
3115 0
3116 0
3117 0
3118 0
3119 0
3120 0
3121 1
3122 0
3123 0
3124 0
3125 0
3126 0
3127 1
3128 0
3129 0
3130 0
3131 1
3132 0
3133 0
3134 0
3135 0
3136 0
3137 0
3138 0
3139 0
3140 0
3141 0
3142 0
3143 0
3144 0
3145 0
3146 0
3147 0
3148 0
3149 0
3150 0
3151 0
3152 0
3153 0
3154 0
3155 0
3156 0
3157 0
3158 0
3159 0
3160 0
3161 1
3162 0
3163 0
3164 0
3165 0
3166 0
3167 1
3168 0
3169 0
3170 0
3171 0
3172 0
3173 0
3174 2
3175 0
3176 0
3177 0
3178 0
3179 0
3180 0
3181 0
3182 0
3183 1
3184 0
3185 0
3186 0
3187 0
3188 0
3189 0
3190 1
3191 0
3192 1
3193 0
3194 0
3195 0
3196 0
3197 0
3198 0
3199 0
3200 0
3201 0
3202 0
3203 0
3204 1
3205 1
3206 0
3207 1
3208 0
3209 0
3210 0
3211 0
3212 0
3213 0
3214 0
3215 0
3216 0
3217 0
3218 0
3219 0
3220 0
3221 0
3222 0
3223 1
3224 0
3225 0
3226 0
3227 0
3228 0
3229 0
3230 0
3231 0
3232 0
3233 0
3234 0
3235 0
3236 0
3237 0
3238 0
3239 1
3240 1
3241 0
3242 0
3243 1
3244 0
3245 0
3246 0
3247 0
3248 0
3249 0
3250 0
3251 0
3252 0
3253 0
3254 0
3255 0
3256 0
3257 0
3258 0
3259 0
3260 0
3261 0
3262 1
3263 0
3264 0
3265 0
3266 0
3267 0
3268 0
3269 1
3270 0
3271 0
3272 0
3273 0
3274 0
3275 0
3276 0
3277 0
3278 0
3279 0
3280 0
3281 0
3282 0
3283 0
3284 0
3285 0
3286 0
3287 1
3288 1
3289 0
3290 0
3291 1
3292 0
3293 0
3294 0
3295 0
3296 0
3297 0
3298 0
3299 0
3300 0
3301 0
3302 0
3303 0
3304 0
3305 0
3306 0
3307 0
3308 0
3309 0
3310 0
3311 0
3312 0
3313 1
3314 0
3315 1
3316 0
3317 0
3318 0
3319 0
3320 0
3321 0
3322 0
3323 0
3324 0
3325 0
3326 0
3327 0
3328 0
3329 0
3330 0
3331 0
3332 0
3333 0
3334 0
3335 0
3336 0
3337 0
3338 0
3339 0
3340 0
3341 0
3342 0
3343 0
3344 1
3345 0
3346 0
3347 0
3348 1
3349 0
3350 0
3351 0
3352 1
3353 0
3354 0
3355 0
3356 0
3357 0
3358 0
3359 0
3360 0
3361 0
3362 0
3363 0
3364 0
3365 0
3366 0
3367 0
3368 0
3369 0
3370 0
3371 0
3372 0
3373 0
3374 0
3375 0
3376 0
3377 0
3378 0
3379 1
3380 0
3381 0
3382 1
3383 1
3384 0
3385 1
3386 1
3387 0
3388 0
3389 0
3390 0
3391 0
3392 0
3393 1
3394 0
3395 0
3396 1
3397 0
3398 0
3399 1
3400 0
3401 1
3402 0
3403 0
3404 0
3405 0
3406 0
3407 0
3408 0
3409 0
3410 0
3411 0
3412 0
3413 1
3414 1
3415 0
3416 0
3417 0
3418 0
3419 0
3420 0
3421 0
3422 0
3423 0
3424 0
3425 0
3426 0
3427 0
3428 0
3429 0
3430 0
3431 0
3432 0
3433 0
3434 0
3435 0
3436 0
3437 0
3438 0
3439 0
3440 0
3441 0
3442 0
3443 0
3444 0
3445 0
3446 0
3447 0
3448 0
3449 0
3450 0
3451 1
3452 0
3453 0
3454 0
3455 0
3456 1
3457 0
3458 0
3459 0
3460 0
3461 0
3462 0
3463 0
3464 1
3465 0
3466 0
3467 1
3468 0
3469 0
3470 0
3471 0
3472 0
3473 0
3474 0
3475 0
3476 0
3477 0
3478 0
3479 0
3480 0
3481 0
3482 0
3483 0
3484 0
3485 0
3486 0
3487 0
3488 0
3489 0
3490 0
3491 0
3492 0
3493 0
3494 0
3495 0
3496 0
3497 0
3498 1
3499 1
3500 0
3501 0
3502 0
3503 0
3504 0
3505 0
3506 0
3507 0
3508 0
3509 0
3510 0
3511 1
3512 0
3513 1
3514 0
3515 0
3516 0
3517 0
3518 0
3519 0
3520 0
3521 0
3522 0
3523 0
3524 0
3525 0
3526 0
3527 0
3528 0
3529 0
3530 0
3531 0
3532 0
3533 0
3534 0
3535 0
3536 0
3537 0
3538 0
3539 0
3540 0
3541 0
3542 0
3543 0
3544 0
3545 0
3546 0
3547 0
3548 0
3549 0
3550 0
3551 0
3552 1
3553 0
3554 0
3555 0
3556 0
3557 0
3558 0
3559 0
3560 0
3561 0
3562 0
3563 0
3564 0
3565 0
3566 0
3567 0
3568 0
3569 0
3570 0
3571 0
3572 0
3573 0
3574 0
3575 0
3576 0
3577 2
3578 0
3579 0
3580 0
3581 0
3582 0
3583 0
3584 0
3585 0
3586 0
3587 0
3588 0
3589 0
3590 0
3591 0
3592 0
3593 0
3594 0
3595 0
3596 0
3597 0
3598 0
3599 0
3600 0
3601 0
3602 0
3603 0
3604 1
3605 0
3606 0
3607 0
3608 0
3609 0
3610 0
3611 1
3612 0
3613 0
3614 0
3615 0
3616 0
3617 0
3618 0
3619 0
3620 0
3621 1
3622 0
3623 0
3624 0
3625 0
3626 0
3627 0
3628 0
3629 0
3630 0
3631 0
3632 1
3633 0
3634 0
3635 0
3636 0
3637 0
3638 0
3639 1
3640 0
3641 0
3642 0
3643 0
3644 1
3645 0
3646 0
3647 0
3648 0
3649 1
3650 0
3651 0
3652 0
3653 0
3654 0
3655 1
3656 0
3657 0
3658 0
3659 0
3660 1
3661 0
3662 0
3663 0
3664 1
3665 0
3666 0
3667 0
3668 0
3669 0
3670 0
3671 0
3672 0
3673 0
3674 0
3675 0
3676 0
3677 0
3678 0
3679 0
3680 0
3681 0
3682 1
3683 1
3684 0
3685 0
3686 0
3687 0
3688 0
3689 0
3690 0
3691 0
3692 0
3693 0
3694 0
3695 0
3696 0
3697 0
3698 0
3699 0
3700 0
3701 0
3702 0
3703 0
3704 0
3705 0
3706 0
3707 0
3708 0
3709 0
3710 0
3711 0
3712 0
3713 0
3714 0
3715 0
3716 0
3717 0
3718 0
3719 0
3720 0
3721 0
3722 0
3723 0
3724 1
3725 0
3726 0
3727 0
3728 0
3729 0
3730 0
3731 0
3732 0
3733 0
3734 0
3735 0
3736 0
3737 0
3738 0
3739 0
3740 0
3741 0
3742 0
3743 0
3744 0
3745 0
3746 0
3747 0
3748 0
3749 0
3750 0
3751 1
3752 0
3753 0
3754 0
3755 0
3756 0
3757 0
3758 0
3759 0
3760 0
3761 0
3762 0
3763 0
3764 0
3765 0
3766 0
3767 0
3768 0
3769 0
3770 0
3771 0
3772 0
3773 0
3774 0
3775 0
3776 0
3777 0
3778 0
3779 0
3780 0
3781 0
3782 0
3783 0
3784 0
3785 0
3786 0
3787 0
3788 0
3789 1
3790 0
3791 0
3792 0
3793 0
3794 0
3795 0
3796 0
3797 0
3798 0
3799 0
3800 0
3801 0
3802 0
3803 0
3804 1
3805 0
3806 0
3807 0
3808 0
3809 0
3810 0
3811 0
3812 0
3813 0
3814 0
3815 0
3816 0
3817 0
3818 0
3819 0
3820 0
3821 0
3822 0
3823 0
3824 0
3825 0
3826 1
3827 0
3828 0
3829 0
3830 0
3831 0
3832 0
3833 0
3834 0
3835 0
3836 0
3837 0
3838 0
3839 0
3840 0
3841 2
3842 0
3843 0
3844 0
3845 0
3846 0
3847 0
3848 0
3849 0
3850 0
3851 0
3852 0
3853 0
3854 0
3855 0
3856 0
3857 0
3858 0
3859 0
3860 0
3861 0
3862 0
3863 0
3864 0
3865 0
3866 0
3867 0
3868 0
3869 0
3870 0
3871 1
3872 0
3873 0
3874 0
3875 0
3876 0
3877 0
3878 0
3879 0
3880 0
3881 0
3882 0
3883 0
3884 0
3885 0
3886 0
3887 0
3888 0
3889 0
3890 0
3891 0
3892 0
3893 0
3894 0
3895 0
3896 0
3897 1
3898 0
3899 0
3900 1
3901 0
3902 0
3903 0
3904 0
3905 0
3906 0
3907 0
3908 0
3909 0
3910 0
3911 0
3912 0
3913 0
3914 0
3915 0
3916 0
3917 0
3918 0
3919 0
3920 0
3921 0
3922 0
3923 0
3924 0
3925 0
3926 0
3927 0
3928 0
3929 0
3930 0
3931 0
3932 0
3933 0
3934 0
3935 0
3936 0
3937 0
3938 0
3939 0
3940 0
3941 0
3942 0
3943 1
3944 0
3945 0
3946 0
3947 0
3948 0
3949 0
3950 0
3951 0
3952 0
3953 0
3954 0
3955 0
3956 0
3957 0
3958 1
3959 0
3960 0
3961 0
3962 0
3963 0
3964 0
3965 0
3966 0
3967 0
3968 0
3969 0
3970 0
3971 0
3972 0
3973 0
3974 0
3975 0
3976 0
3977 0
3978 0
3979 0
3980 0
3981 0
3982 0
3983 0
3984 0
3985 0
3986 0
3987 0
3988 0
3989 0
3990 0
3991 0
3992 0
3993 0
3994 0
3995 0
3996 0
3997 0
3998 0
3999 0
4000 0
