0 0
1 0
2 0
3 0
4 0
5 0
6 0
7 0
8 0
9 0
10 0
11 0
12 0
13 0
14 0
15 0
16 0
17 0
18 0
19 0
20 0
21 0
22 0
23 0
24 0
25 0
26 0
27 0
28 0
29 0
30 0
31 0
32 0
33 0
34 0
35 0
36 0
37 0
38 0
39 0
40 0
41 0
42 0
43 0
44 0
45 0
46 0
47 0
48 0
49 0
50 0
51 0
52 0
53 0
54 0
55 0
56 0
57 0
58 0
59 0
60 0
61 0
62 0
63 0
64 0
65 0
66 0
67 0
68 0
69 0
70 0
71 0
72 0
73 0
74 0
75 0
76 0
77 0
78 0
79 0
80 0
81 0
82 0
83 0
84 0
85 0
86 0
87 0
88 0
89 0
90 0
91 0
92 0
93 0
94 0
95 0
96 0
97 0
98 0
99 0
100 0
101 0
102 0
103 0
104 0
105 0
106 0
107 0
108 0
109 0
110 0
111 0
112 0
113 0
114 0
115 0
116 0
117 0
118 0
119 0
120 0
121 0
122 0
123 0
124 0
125 0
126 0
127 0
128 0
129 0
130 0
131 0
132 0
133 0
134 0
135 0
136 0
137 0
138 0
139 0
140 0
141 0
142 0
143 0
144 0
145 0
146 0
147 0
148 0
149 1
150 0
151 1
152 1
153 1
154 1
155 1
156 2
157 3
158 3
159 4
160 5
161 3
162 0
163 2
164 0
165 4
166 4
167 3
168 5
169 0
170 2
171 5
172 3
173 5
174 2
175 6
176 7
177 3
178 5
179 15
180 19
181 29
182 41
183 45
184 73
185 82
186 90
187 136
188 247
189 564
190 1114
191 2045
192 3156
193 4247
194 5007
195 5563
196 5603
197 5642
198 5574
199 5445
200 4967
201 4827
202 4524
203 4386
204 3977
205 3886
206 3799
207 3606
208 3704
209 3629
210 3556
211 3579
212 3435
213 3387
214 3328
215 3282
216 3390
217 3305
218 3298
219 3158
220 3143
221 3167
222 3111
223 3127
224 3032
225 3110
226 2902
227 3082
228 3119
229 3095
230 3029
231 2961
232 2972
233 3031
234 3020
235 3008
236 2941
237 3053
238 2959
239 2983
240 3079
241 3017
242 3070
243 3004
244 3007
245 2922
246 2988
247 3106
248 3031
249 3067
250 3039
251 3166
252 2987
253 3042
254 3093
255 2996
256 2959
257 3009
258 2954
259 3073
260 3072
261 2938
262 3050
263 3057
264 3003
265 3003
266 3053
267 3011
268 3046
269 3035
270 3037
271 2999
272 3063
273 3140
274 3089
275 3022
276 3130
277 3152
278 2995
279 3066
280 2942
281 3081
282 3080
283 3126
284 3131
285 3124
286 2999
287 3133
288 3109
289 3104
290 3265
291 3167
292 3121
293 3165
294 3186
295 3192
296 3132
297 3238
298 3240
299 3198
300 3083
301 3259
302 3135
303 3152
304 3196
305 3154
306 3286
307 3266
308 3224
309 3219
310 3273
311 3157
312 3294
313 3164
314 3236
315 3171
316 3250
317 3197
318 3294
319 3239
320 3192
321 3233
322 3291
323 3245
324 3234
325 3304
326 3245
327 3297
328 3260
329 3227
330 3231
331 3239
332 3271
333 3316
334 3242
335 3326
336 3287
337 3292
338 3268
339 3239
340 3210
341 3234
342 3311
343 3243
344 3204
345 3135
346 3232
347 3216
348 3254
349 3285
350 3248
351 3354
352 3286
353 3126
354 3345
355 3220
356 3204
357 3222
358 3196
359 3191
360 3224
361 3219
362 3265
363 3212
364 3263
365 3061
366 3160
367 3191
368 3162
369 3221
370 3062
371 3218
372 3110
373 3272
374 3084
375 3129
376 3104
377 3170
378 3118
379 3048
380 3113
381 3012
382 3042
383 3064
384 3026
385 3044
386 3021
387 2904
388 3041
389 2965
390 2859
391 2888
392 2987
393 2907
394 2876
395 3008
396 2971
397 2898
398 2910
399 2816
400 2893
401 2880
402 2770
403 2829
404 2830
405 2790
406 2770
407 2810
408 2780
409 2726
410 2697
411 2709
412 2711
413 2691
414 2692
415 2591
416 2657
417 2665
418 2589
419 2631
420 2505
421 2530
422 2569
423 2598
424 2518
425 2511
426 2421
427 2528
428 2496
429 2469
430 2360
431 2333
432 2375
433 2360
434 2312
435 2294
436 2316
437 2295
438 2298
439 2181
440 2204
441 2189
442 2190
443 2261
444 2127
445 2128
446 2176
447 2178
448 2092
449 2095
450 2090
451 2098
452 1992
453 2006
454 1993
455 1949
456 1945
457 1968
458 1927
459 1916
460 1909
461 1928
462 1868
463 1864
464 1881
465 1799
466 1808
467 1724
468 1711
469 1715
470 1740
471 1764
472 1657
473 1658
474 1631
475 1627
476 1572
477 1677
478 1590
479 1548
480 1539
481 1486
482 1580
483 1496
484 1514
485 1558
486 1461
487 1468
488 1455
489 1398
490 1390
491 1433
492 1402
493 1350
494 1333
495 1297
496 1322
497 1287
498 1265
499 1236
500 1301
501 1305
502 1214
503 1228
504 1188
505 1245
506 1148
507 1153
508 1119
509 1093
510 1109
511 1112
512 1042
513 1011
514 999
515 1018
516 1043
517 1002
518 1013
519 935
520 974
521 981
522 961
523 917
524 879
525 894
526 867
527 874
528 803
529 874
530 835
531 855
532 824
533 807
534 786
535 789
536 772
537 787
538 791
539 742
540 712
541 720
542 688
543 676
544 691
545 702
546 630
547 657
548 620
549 614
550 624
551 598
552 609
553 610
554 598
555 546
556 553
557 563
558 525
559 525
560 535
561 502
562 515
563 535
564 534
565 526
566 494
567 491
568 492
569 489
570 486
571 467
572 417
573 433
574 416
575 475
576 441
577 434
578 388
579 381
580 401
581 402
582 369
583 391
584 385
585 367
586 340
587 349
588 334
589 338
590 346
591 320
592 349
593 346
594 294
595 324
596 322
597 302
598 306
599 308
600 284
601 298
602 292
603 304
604 272
605 218
606 252
607 246
608 242
609 267
610 213
611 258
612 244
613 218
614 236
615 222
616 222
617 231
618 180
619 222
620 210
621 209
622 173
623 185
624 189
625 173
626 189
627 194
628 173
629 173
630 180
631 197
632 156
633 166
634 176
635 136
636 160
637 155
638 162
639 149
640 142
641 142
642 141
643 128
644 138
645 142
646 132
647 110
648 108
649 123
650 132
651 112
652 125
653 142
654 127
655 132
656 100
657 113
658 107
659 117
660 123
661 111
662 97
663 96
664 92
665 103
666 98
667 107
668 98
669 103
670 87
671 90
672 83
673 98
674 106
675 80
676 85
677 83
678 75
679 60
680 70
681 74
682 75
683 84
684 77
685 83
686 72
687 72
688 67
689 70
690 55
691 73
692 52
693 60
694 83
695 52
696 74
697 53
698 52
699 73
700 61
701 55
702 56
703 54
704 64
705 54
706 65
707 58
708 50
709 59
710 51
711 50
712 44
713 47
714 43
715 64
716 56
717 56
718 44
719 51
720 35
721 57
722 39
723 47
724 37
725 46
726 40
727 24
728 45
729 38
730 35
731 40
732 32
733 39
734 31
735 36
736 41
737 38
738 42
739 33
740 32
741 41
742 38
743 44
744 40
745 32
746 39
747 29
748 27
749 29
750 32
751 28
752 31
753 38
754 23
755 30
756 28
757 27
758 31
759 27
760 21
761 25
762 22
763 38
764 31
765 26
766 31
767 27
768 29
769 17
770 34
771 30
772 28
773 30
774 26
775 29
776 26
777 27
778 30
779 26
780 23
781 22
782 16
783 22
784 25
785 30
786 24
787 28
788 27
789 24
790 28
791 25
792 15
793 25
794 24
795 24
796 22
797 24
798 18
799 30
800 20
801 22
802 18
803 23
804 30
805 15
806 19
807 17
808 21
809 16
810 26
811 18
812 28
813 14
814 28
815 24
816 26
817 21
818 19
819 13
820 18
821 18
822 16
823 12
824 15
825 24
826 12
827 18
828 15
829 16
830 17
831 25
832 11
833 24
834 10
835 10
836 15
837 20
838 13
839 16
840 17
841 19
842 15
843 20
844 16
845 11
846 16
847 22
848 19
849 14
850 11
851 14
852 17
853 16
854 18
855 18
856 18
857 19
858 12
859 10
860 15
861 12
862 9
863 18
864 14
865 11
866 11
867 15
868 9
869 20
870 16
871 16
872 14
873 27
874 22
875 13
876 16
877 9
878 12
879 19
880 13
881 16
882 15
883 10
884 15
885 16
886 14
887 16
888 13
889 10
890 9
891 8
892 12
893 12
894 13
895 5
896 15
897 9
898 10
899 7
900 15
901 10
902 17
903 13
904 8
905 11
906 14
907 13
908 11
909 6
910 7
911 8
912 7
913 15
914 10
915 8
916 7
917 11
918 19
919 10
920 13
921 12
922 8
923 10
924 10
925 5
926 9
927 6
928 6
929 9
930 6
931 9
932 7
933 8
934 7
935 4
936 5
937 5
938 11
939 5
940 5
941 5
942 7
943 6
944 9
945 5
946 6
947 8
948 7
949 7
950 10
951 7
952 9
953 4
954 6
955 11
956 5
957 5
958 6
959 8
960 9
961 7
962 9
963 7
964 9
965 8
966 9
967 4
968 9
969 8
970 7
971 5
972 11
973 10
974 9
975 6
976 4
977 12
978 9
979 5
980 9
981 4
982 9
983 10
984 9
985 9
986 4
987 6
988 8
989 4
990 6
991 6
992 6
993 2
994 2
995 4
996 6
997 8
998 5
999 2
1000 7
1001 6
1002 2
1003 6
1004 2
1005 7
1006 3
1007 6
1008 3
1009 5
1010 7
1011 5
1012 5
1013 5
1014 4
1015 6
1016 4
1017 4
1018 6
1019 4
1020 5
1021 2
1022 4
1023 3
1024 2
1025 4
1026 0
1027 2
1028 5
1029 4
1030 3
1031 5
1032 5
1033 5
1034 7
1035 3
1036 5
1037 6
1038 4
1039 5
1040 3
1041 6
1042 3
1043 6
1044 2
1045 2
1046 3
1047 3
1048 5
1049 3
1050 3
1051 1
1052 4
1053 6
1054 2
1055 3
1056 2
1057 6
1058 4
1059 1
1060 3
1061 2
1062 1
1063 2
1064 6
1065 1
1066 2
1067 1
1068 4
1069 7
1070 4
1071 4
1072 1
1073 3
1074 4
1075 2
1076 2
1077 1
1078 1
1079 2
1080 5
1081 4
1082 1
1083 2
1084 2
1085 3
1086 4
1087 5
1088 3
1089 7
1090 2
1091 2
1092 2
1093 1
1094 2
1095 3
1096 4
1097 1
1098 3
1099 5
1100 1
1101 3
1102 0
1103 3
1104 5
1105 6
1106 4
1107 1
1108 3
1109 3
1110 2
1111 1
1112 5
1113 3
1114 4
1115 2
1116 4
1117 1
1118 2
1119 3
1120 1
1121 4
1122 1
1123 2
1124 5
1125 4
1126 3
1127 1
1128 5
1129 3
1130 1
1131 4
1132 0
1133 0
1134 2
1135 3
1136 0
1137 5
1138 2
1139 1
1140 0
1141 1
1142 1
1143 2
1144 2
1145 4
1146 3
1147 1
1148 2
1149 2
1150 0
1151 1
1152 2
1153 0
1154 1
1155 2
1156 2
1157 1
1158 0
1159 4
1160 2
1161 2
1162 0
1163 5
1164 1
1165 1
1166 1
1167 1
1168 1
1169 2
1170 1
1171 2
1172 2
1173 1
1174 1
1175 1
1176 3
1177 4
1178 3
1179 0
1180 1
1181 0
1182 3
1183 1
1184 2
1185 0
1186 2
1187 0
1188 1
1189 2
1190 0
1191 1
1192 0
1193 2
1194 2
1195 1
1196 3
1197 4
1198 2
1199 2
1200 0
1201 3
1202 0
1203 1
1204 2
1205 0
1206 2
1207 0
1208 1
1209 2
1210 2
1211 0
1212 3
1213 0
1214 0
1215 1
1216 1
1217 0
1218 0
1219 0
1220 0
1221 0
1222 0
1223 0
1224 1
1225 3
1226 2
1227 0
1228 1
1229 3
1230 0
1231 1
1232 1
1233 0
1234 1
1235 1
1236 0
1237 0
1238 1
1239 2
1240 1
1241 1
1242 0
1243 1
1244 1
1245 0
1246 2
1247 3
1248 1
1249 0
1250 1
1251 3
1252 1
1253 1
1254 1
1255 1
1256 1
1257 0
1258 0
1259 1
1260 1
1261 2
1262 0
1263 0
1264 0
1265 2
1266 0
1267 2
1268 1
1269 0
1270 0
1271 3
1272 1
1273 0
1274 1
1275 2
1276 0
1277 2
1278 1
1279 0
1280 2
1281 1
1282 1
1283 0
1284 1
1285 0
1286 1
1287 1
1288 1
1289 1
1290 0
1291 0
1292 2
1293 2
1294 1
1295 0
1296 1
1297 1
1298 2
1299 0
1300 0
1301 1
1302 3
1303 1
1304 0
1305 3
1306 1
1307 2
1308 2
1309 1
1310 1
1311 0
1312 2
1313 1
1314 0
1315 0
1316 0
1317 0
1318 0
1319 0
1320 1
1321 1
1322 0
1323 0
1324 0
1325 1
1326 1
1327 1
1328 1
1329 1
1330 0
1331 1
1332 1
1333 2
1334 0
1335 1
1336 1
1337 0
1338 0
1339 2
1340 0
1341 0
1342 1
1343 2
1344 0
1345 2
1346 0
1347 1
1348 0
1349 1
1350 0
1351 0
1352 0
1353 0
1354 0
1355 1
1356 0
1357 2
1358 1
1359 1
1360 1
1361 0
1362 1
1363 0
1364 0
1365 1
1366 1
1367 0
1368 0
1369 1
1370 1
1371 1
1372 0
1373 0
1374 0
1375 0
1376 1
1377 0
1378 0
1379 0
1380 2
1381 0
1382 0
1383 0
1384 1
1385 0
1386 0
1387 2
1388 2
1389 1
1390 0
1391 1
1392 1
1393 0
1394 0
1395 1
1396 0
1397 0
1398 0
1399 1
1400 1
1401 0
1402 0
1403 0
1404 1
1405 0
1406 0
1407 1
1408 0
1409 0
1410 0
1411 1
1412 0
1413 0
1414 0
1415 2
1416 0
1417 0
1418 2
1419 0
1420 1
1421 1
1422 0
1423 0
1424 2
1425 0
1426 0
1427 0
1428 0
1429 2
1430 1
1431 1
1432 0
1433 0
1434 0
1435 0
1436 1
1437 0
1438 1
1439 0
1440 0
1441 1
1442 1
1443 0
1444 0
1445 0
1446 0
1447 1
1448 0
1449 0
1450 0
1451 0
1452 1
1453 0
1454 0
1455 0
1456 0
1457 0
1458 0
1459 1
1460 1
1461 1
1462 0
1463 0
1464 0
1465 0
1466 0
1467 0
1468 0
1469 0
1470 0
1471 0
1472 0
1473 0
1474 0
1475 2
1476 1
1477 0
1478 0
1479 0
1480 0
1481 0
1482 2
1483 0
1484 0
1485 2
1486 0
1487 0
1488 1
1489 0
1490 0
1491 0
1492 0
1493 0
1494 1
1495 0
1496 0
1497 0
1498 0
1499 0
1500 0
1501 0
1502 2
1503 1
1504 0
1505 0
1506 1
1507 0
1508 0
1509 1
1510 0
1511 0
1512 0
1513 0
1514 1
1515 1
1516 1
1517 0
1518 1
1519 0
1520 0
1521 0
1522 1
1523 0
1524 2
1525 0
1526 1
1527 0
1528 0
1529 0
1530 0
1531 0
1532 1
1533 0
1534 0
1535 0
1536 0
1537 0
1538 1
1539 0
1540 0
1541 0
1542 0
1543 1
1544 0
1545 1
1546 0
1547 0
1548 1
1549 2
1550 1
1551 0
1552 0
1553 0
1554 0
1555 0
1556 0
1557 0
1558 1
1559 0
1560 0
1561 0
1562 0
1563 1
1564 0
1565 0
1566 0
1567 0
1568 0
1569 0
1570 1
1571 0
1572 0
1573 1
1574 0
1575 0
1576 0
1577 1
1578 0
1579 0
1580 0
1581 0
1582 0
1583 0
1584 0
1585 0
1586 1
1587 0
1588 1
1589 1
1590 0
1591 0
1592 1
1593 1
1594 0
1595 0
1596 1
1597 0
1598 0
1599 0
1600 0
1601 0
1602 0
1603 2
1604 0
1605 0
1606 0
1607 0
1608 0
1609 0
1610 1
1611 0
1612 0
1613 1
1614 0
1615 1
1616 1
1617 0
1618 0
1619 0
1620 1
1621 0
1622 0
1623 0
1624 0
1625 2
1626 0
1627 0
1628 0
1629 0
1630 0
1631 0
1632 0
1633 0
1634 1
1635 1
1636 0
1637 0
1638 1
1639 0
1640 0
1641 2
1642 0
1643 0
1644 0
1645 0
1646 0
1647 0
1648 0
1649 1
1650 0
1651 0
1652 0
1653 0
1654 0
1655 0
1656 1
1657 0
1658 0
1659 0
1660 0
1661 0
1662 0
1663 0
1664 1
1665 0
1666 0
1667 2
1668 1
1669 0
1670 0
1671 0
1672 1
1673 0
1674 1
1675 1
1676 0
1677 1
1678 0
1679 0
1680 1
1681 0
1682 2
1683 0
1684 1
1685 1
1686 1
1687 0
1688 0
1689 0
1690 1
1691 0
1692 1
1693 0
1694 0
1695 0
1696 0
1697 0
1698 0
1699 0
1700 0
1701 0
1702 1
1703 1
1704 0
1705 0
1706 0
1707 1
1708 0
1709 0
1710 0
1711 1
1712 0
1713 0
1714 1
1715 0
1716 0
1717 0
1718 0
1719 0
1720 0
1721 0
1722 0
1723 0
1724 0
1725 0
1726 1
1727 1
1728 1
1729 0
1730 1
1731 0
1732 1
1733 0
1734 1
1735 1
1736 0
1737 0
1738 0
1739 0
1740 0
1741 1
1742 1
1743 0
1744 1
1745 0
1746 0
1747 0
1748 0
1749 0
1750 0
1751 0
1752 0
1753 0
1754 0
1755 1
1756 0
1757 0
1758 0
1759 0
1760 0
1761 0
1762 1
1763 0
1764 0
1765 0
1766 1
1767 0
1768 1
1769 1
1770 0
1771 1
1772 1
1773 0
1774 1
1775 0
1776 0
1777 1
1778 0
1779 1
1780 1
1781 0
1782 0
1783 0
1784 0
1785 0
1786 0
1787 1
1788 0
1789 0
1790 0
1791 1
1792 0
1793 0
1794 0
1795 0
1796 0
1797 2
1798 0
1799 0
1800 0
1801 0
1802 0
1803 1
1804 0
1805 0
1806 0
1807 3
1808 0
1809 1
1810 0
1811 1
1812 0
1813 0
1814 0
1815 0
1816 0
1817 0
1818 0
1819 0
1820 0
1821 0
1822 0
1823 0
1824 1
1825 0
1826 1
1827 0
1828 1
1829 1
1830 1
1831 0
1832 0
1833 0
1834 0
1835 0
1836 1
1837 0
1838 0
1839 0
1840 0
1841 0
1842 0
1843 0
1844 0
1845 2
1846 0
1847 1
1848 0
1849 0
1850 0
1851 1
1852 0
1853 0
1854 0
1855 0
1856 0
1857 0
1858 1
1859 0
1860 0
1861 0
1862 0
1863 0
1864 1
1865 0
1866 0
1867 0
1868 0
1869 0
1870 0
1871 0
1872 0
1873 1
1874 0
1875 0
1876 0
1877 0
1878 0
1879 0
1880 0
1881 0
1882 1
1883 0
1884 0
1885 0
1886 1
1887 0
1888 1
1889 0
1890 0
1891 0
1892 0
1893 0
1894 0
1895 0
1896 0
1897 0
1898 0
1899 0
1900 0
1901 1
1902 0
1903 2
1904 0
1905 0
1906 0
1907 0
1908 1
1909 0
1910 0
1911 0
1912 0
1913 1
1914 0
1915 0
1916 0
1917 0
1918 0
1919 0
1920 0
1921 0
1922 0
1923 0
1924 0
1925 0
1926 1
1927 1
1928 0
1929 0
1930 0
1931 0
1932 0
1933 0
1934 0
1935 0
1936 1
1937 0
1938 0
1939 1
1940 0
1941 1
1942 0
1943 0
1944 0
1945 0
1946 0
1947 0
1948 0
1949 0
1950 0
1951 0
1952 0
1953 0
1954 0
1955 0
1956 0
1957 0
1958 0
1959 0
1960 0
1961 1
1962 0
1963 0
1964 0
1965 1
1966 1
1967 1
1968 0
1969 0
1970 1
1971 0
1972 1
1973 0
1974 0
1975 1
1976 0
1977 1
1978 0
1979 1
1980 0
1981 1
1982 0
1983 0
1984 0
1985 0
1986 0
1987 0
1988 2
1989 0
1990 0
1991 0
1992 1
1993 0
1994 0
1995 0
1996 0
1997 1
1998 0
1999 0
2000 0
2001 0
2002 0
2003 0
2004 0
2005 0
2006 1
2007 0
2008 0
2009 0
2010 0
2011 0
2012 1
2013 0
2014 0
2015 1
2016 0
2017 0
2018 1
2019 0
2020 0
2021 0
2022 0
2023 0
2024 0
2025 0
2026 0
2027 0
2028 0
2029 1
2030 0
2031 1
2032 0
2033 0
2034 0
2035 0
2036 0
2037 0
2038 1
2039 0
2040 0
2041 0
2042 0
2043 0
2044 1
2045 0
2046 0
2047 0
2048 0
2049 0
2050 0
2051 0
2052 0
2053 0
2054 0
2055 0
2056 0
2057 0
2058 0
2059 0
2060 0
2061 0
2062 0
2063 0
2064 0
2065 0
2066 0
2067 0
2068 1
2069 0
2070 0
2071 1
2072 0
2073 0
2074 0
2075 0
2076 0
2077 1
2078 0
2079 0
2080 0
2081 0
2082 0
2083 1
2084 0
2085 0
2086 0
2087 0
2088 0
2089 0
2090 0
2091 0
2092 1
2093 1
2094 0
2095 0
2096 0
2097 1
2098 0
2099 0
2100 0
2101 0
2102 1
2103 0
2104 0
2105 0
2106 1
2107 1
2108 0
2109 0
2110 0
2111 0
2112 0
2113 0
2114 0
2115 0
2116 0
2117 0
2118 0
2119 0
2120 0
2121 0
2122 0
2123 1
2124 0
2125 0
2126 0
2127 0
2128 0
2129 0
2130 0
2131 0
2132 0
2133 0
2134 0
2135 0
2136 0
2137 0
2138 0
2139 0
2140 0
2141 1
2142 0
2143 0
2144 0
2145 1
2146 0
2147 0
2148 0
2149 1
2150 0
2151 0
2152 0
2153 0
2154 0
2155 0
2156 1
2157 0
2158 0
2159 0
2160 1
2161 0
2162 0
2163 0
2164 0
2165 0
2166 0
2167 1
2168 0
2169 0
2170 0
2171 0
2172 0
2173 0
2174 0
2175 0
2176 1
2177 0
2178 0
2179 0
2180 0
2181 0
2182 0
2183 0
2184 1
2185 1
2186 0
2187 0
2188 1
2189 0
2190 0
2191 0
2192 0
2193 0
2194 0
2195 0
2196 0
2197 0
2198 0
2199 0
2200 0
2201 0
2202 0
2203 0
2204 0
2205 0
2206 0
2207 0
2208 0
2209 1
2210 0
2211 0
2212 0
2213 0
2214 1
2215 0
2216 0
2217 0
2218 1
2219 0
2220 0
2221 1
2222 0
2223 0
2224 0
2225 1
2226 0
2227 0
2228 0
2229 0
2230 0
2231 0
2232 0
2233 0
2234 0
2235 1
2236 0
2237 0
2238 1
2239 0
2240 0
2241 1
2242 0
2243 0
2244 1
2245 0
2246 0
2247 0
2248 0
2249 1
2250 0
2251 0
2252 0
2253 0
2254 1
2255 1
2256 0
2257 0
2258 0
2259 0
2260 0
2261 0
2262 0
2263 1
2264 0
2265 0
2266 0
2267 0
2268 0
2269 0
2270 0
2271 0
2272 0
2273 0
2274 0
2275 0
2276 1
2277 0
2278 1
2279 0
2280 0
2281 0
2282 0
2283 0
2284 1
2285 0
2286 0
2287 1
2288 0
2289 0
2290 0
2291 0
2292 1
2293 0
2294 0
2295 1
2296 0
2297 1
2298 0
2299 0
2300 1
2301 0
2302 0
2303 0
2304 0
2305 0
2306 0
2307 1
2308 0
2309 0
2310 1
2311 0
2312 0
2313 0
2314 0
2315 0
2316 0
2317 0
2318 1
2319 0
2320 0
2321 0
2322 0
2323 0
2324 0
2325 0
2326 0
2327 0
2328 1
2329 0
2330 1
2331 0
2332 0
2333 0
2334 0
2335 0
2336 0
2337 0
2338 0
2339 0
2340 0
2341 0
2342 1
2343 0
2344 0
2345 0
2346 0
2347 0
2348 0
2349 0
2350 0
2351 0
2352 0
2353 0
2354 1
2355 0
2356 0
2357 0
2358 0
2359 0
2360 1
2361 0
2362 1
2363 0
2364 0
2365 0
2366 0
2367 0
2368 1
2369 1
2370 0
2371 0
2372 0
2373 0
2374 0
2375 0
2376 0
2377 0
2378 0
2379 0
2380 0
2381 1
2382 0
2383 0
2384 0
2385 1
2386 0
2387 0
2388 1
2389 0
2390 0
2391 0
2392 0
2393 1
2394 0
2395 0
2396 0
2397 0
2398 0
2399 0
2400 0
2401 0
2402 0
2403 0
2404 0
2405 0
2406 0
2407 0
2408 0
2409 1
2410 0
2411 0
2412 0
2413 2
2414 0
2415 0
2416 0
2417 0
2418 0
2419 1
2420 0
2421 1
2422 0
2423 0
2424 0
2425 0
2426 0
2427 0
2428 0
2429 0
2430 0
2431 0
2432 0
2433 0
2434 0
2435 1
2436 1
2437 0
2438 0
2439 0
2440 0
2441 1
2442 1
2443 0
2444 0
2445 0
2446 0
2447 0
2448 0
2449 1
2450 0
2451 0
2452 0
2453 0
2454 0
2455 0
2456 0
2457 2
2458 0
2459 0
2460 0
2461 0
2462 0
2463 0
2464 0
2465 0
2466 0
2467 0
2468 0
2469 0
2470 0
2471 0
2472 1
2473 0
2474 0
2475 0
2476 0
2477 1
2478 1
2479 0
2480 0
2481 0
2482 1
2483 0
2484 0
2485 0
2486 0
2487 0
2488 0
2489 0
2490 0
2491 0
2492 0
2493 0
2494 0
2495 0
2496 0
2497 0
2498 0
2499 0
2500 0
2501 0
2502 0
2503 0
2504 0
2505 0
2506 0
2507 0
2508 0
2509 0
2510 0
2511 0
2512 1
2513 0
2514 0
2515 0
2516 0
2517 1
2518 1
2519 0
2520 0
2521 0
2522 1
2523 0
2524 0
2525 1
2526 0
2527 0
2528 0
2529 0
2530 0
2531 0
2532 0
2533 0
2534 1
2535 0
2536 0
2537 0
2538 1
2539 0
2540 0
2541 0
2542 0
2543 0
2544 0
2545 0
2546 0
2547 0
2548 0
2549 0
2550 0
2551 0
2552 0
2553 0
2554 0
2555 1
2556 0
2557 0
2558 0
2559 1
2560 0
2561 0
2562 0
2563 0
2564 2
2565 0
2566 0
2567 0
2568 0
2569 0
2570 0
2571 0
2572 0
2573 0
2574 0
2575 0
2576 0
2577 0
2578 0
2579 0
2580 0
2581 0
2582 0
2583 0
2584 1
2585 0
2586 0
2587 0
2588 0
2589 0
2590 0
2591 0
2592 0
2593 1
2594 0
2595 1
2596 0
2597 0
2598 0
2599 0
2600 0
2601 0
2602 0
2603 0
2604 0
2605 0
2606 0
2607 1
2608 0
2609 0
2610 0
2611 0
2612 0
2613 1
2614 0
2615 0
2616 2
2617 0
2618 0
2619 0
2620 0
2621 0
2622 0
2623 0
2624 0
2625 0
2626 0
2627 0
2628 0
2629 0
2630 1
2631 0
2632 0
2633 0
2634 1
2635 0
2636 0
2637 0
2638 0
2639 0
2640 0
2641 0
2642 1
2643 0
2644 0
2645 0
2646 0
2647 0
2648 0
2649 0
2650 0
2651 0
2652 0
2653 0
2654 0
2655 0
2656 0
2657 0
2658 0
2659 0
2660 0
2661 0
2662 1
2663 1
2664 0
2665 0
2666 1
2667 0
2668 0
2669 0
2670 0
2671 0
2672 0
2673 0
2674 0
2675 0
2676 0
2677 1
2678 0
2679 0
2680 1
2681 0
2682 0
2683 0
2684 0
2685 0
2686 1
2687 0
2688 0
2689 0
2690 2
2691 0
2692 0
2693 0
2694 0
2695 0
2696 0
2697 0
2698 0
2699 0
2700 0
2701 0
2702 0
2703 0
2704 0
2705 0
2706 0
2707 1
2708 0
2709 0
2710 0
2711 0
2712 0
2713 0
2714 0
2715 0
2716 0
2717 0
2718 0
2719 2
2720 0
2721 0
2722 0
2723 0
2724 0
2725 0
2726 0
2727 0
2728 0
2729 0
2730 0
2731 0
2732 0
2733 0
2734 0
2735 0
2736 0
2737 0
2738 0
2739 0
2740 0
2741 0
2742 0
2743 0
2744 0
2745 0
2746 0
2747 0
2748 1
2749 0
2750 0
2751 0
2752 0
2753 0
2754 0
2755 1
2756 0
2757 0
2758 0
2759 0
2760 0
2761 0
2762 0
2763 0
2764 0
2765 0
2766 1
2767 0
2768 0
2769 0
2770 0
2771 0
2772 0
2773 1
2774 0
2775 1
2776 0
2777 0
2778 0
2779 0
2780 0
2781 1
2782 1
2783 0
2784 0
2785 0
2786 0
2787 1
2788 0
2789 0
2790 0
2791 0
2792 0
2793 1
2794 1
2795 0
2796 0
2797 0
2798 0
2799 0
2800 1
2801 0
2802 0
2803 0
2804 0
2805 0
2806 0
2807 0
2808 0
2809 0
2810 0
2811 0
2812 0
2813 0
2814 0
2815 0
2816 1
2817 0
2818 0
2819 0
2820 0
2821 0
2822 0
2823 0
2824 1
2825 0
2826 0
2827 0
2828 0
2829 0
2830 0
2831 0
2832 0
2833 1
2834 0
2835 0
2836 1
2837 0
2838 0
2839 0
2840 0
2841 0
2842 1
2843 0
2844 0
2845 0
2846 1
2847 1
2848 0
2849 0
2850 0
2851 1
2852 0
2853 0
2854 1
2855 0
2856 0
2857 0
2858 0
2859 0
2860 0
2861 0
2862 0
2863 0
2864 0
2865 0
2866 0
2867 0
2868 0
2869 0
2870 0
2871 0
2872 0
2873 0
2874 0
2875 0
2876 0
2877 0
2878 1
2879 1
2880 1
2881 0
2882 0
2883 1
2884 0
2885 0
2886 0
2887 1
2888 0
2889 0
2890 0
2891 1
2892 0
2893 0
2894 0
2895 0
2896 0
2897 1
2898 1
2899 0
2900 0
2901 0
2902 0
2903 0
2904 0
2905 0
2906 0
2907 0
2908 0
2909 0
2910 0
2911 0
2912 0
2913 0
2914 0
2915 0
2916 0
2917 1
2918 0
2919 0
2920 0
2921 0
2922 0
2923 0
2924 0
2925 0
2926 0
2927 0
2928 0
2929 0
2930 0
2931 0
2932 0
2933 0
2934 0
2935 0
2936 0
2937 0
2938 0
2939 0
2940 1
2941 0
2942 0
2943 0
2944 0
2945 0
2946 0
2947 0
2948 0
2949 0
2950 1
2951 0
2952 0
2953 0
2954 0
2955 2
2956 0
2957 0
2958 0
2959 0
2960 0
2961 0
2962 0
2963 0
2964 0
2965 1
2966 1
2967 0
2968 0
2969 1
2970 0
2971 0
2972 0
2973 0
2974 0
2975 2
2976 1
2977 0
2978 0
2979 0
2980 0
2981 0
2982 0
2983 0
2984 0
2985 0
2986 0
2987 0
2988 0
2989 0
2990 0
2991 0
2992 0
2993 0
2994 0
2995 0
2996 0
2997 0
2998 0
2999 0
3000 0
3001 1
3002 0
3003 0
3004 0
3005 0
3006 0
3007 0
3008 0
3009 0
3010 0
3011 0
3012 0
3013 0
3014 0
3015 0
3016 0
3017 0
3018 0
3019 1
3020 0
3021 0
3022 0
3023 0
3024 1
3025 0
3026 0
3027 0
3028 0
3029 1
3030 0
3031 0
3032 0
3033 0
3034 0
3035 0
3036 0
3037 0
3038 0
3039 0
3040 0
3041 0
3042 0
3043 0
3044 0
3045 0
3046 0
3047 0
3048 0
3049 0
3050 0
3051 0
3052 0
3053 0
3054 0
3055 0
3056 0
3057 0
3058 0
3059 0
3060 0
3061 0
3062 0
3063 0
3064 0
3065 0
3066 0
3067 0
3068 1
3069 0
3070 0
3071 0
3072 0
3073 0
3074 0
3075 0
3076 0
3077 0
3078 0
3079 0
3080 0
3081 0
3082 0
3083 0
3084 0
3085 0
3086 0
3087 0
3088 0
3089 1
3090 0
3091 0
3092 0
3093 0
3094 0
3095 0
3096 0
3097 0
3098 0
3099 0
3100 0
3101 0
3102 0
3103 0
3104 2
3105 0
3106 0
3107 0
3108 0
3109 0
3110 0
3111 0
3112 0
3113 0
3114 0
3115 1
3116 0
3117 1
3118 1
3119 0
3120 1
3121 0
3122 0
3123 0
3124 0
3125 0
3126 0
3127 0
3128 1
3129 0
3130 0
3131 0
3132 0
3133 0
3134 0
3135 0
3136 1
3137 0
3138 0
3139 0
3140 0
3141 1
3142 0
3143 1
3144 0
3145 0
3146 0
3147 0
3148 1
3149 0
3150 1
3151 0
3152 0
3153 0
3154 0
3155 0
3156 0
3157 0
3158 0
3159 0
3160 0
3161 0
3162 0
3163 0
3164 0
3165 0
3166 1
3167 0
3168 0
3169 0
3170 0
3171 0
3172 0
3173 0
3174 0
3175 0
3176 0
3177 0
3178 0
3179 0
3180 0
3181 0
3182 0
3183 0
3184 0
3185 0
3186 0
3187 0
3188 0
3189 0
3190 1
3191 0
3192 0
3193 0
3194 0
3195 0
3196 0
3197 0
3198 0
3199 0
3200 0
3201 0
3202 0
3203 0
3204 1
3205 0
3206 0
3207 0
3208 1
3209 0
3210 0
3211 1
3212 0
3213 0
3214 0
3215 0
3216 0
3217 0
3218 0
3219 0
3220 0
3221 0
3222 0
3223 0
3224 0
3225 1
3226 0
3227 0
3228 0
3229 0
3230 0
3231 1
3232 0
3233 0
3234 0
3235 0
3236 0
3237 1
3238 0
3239 0
3240 0
3241 0
3242 0
3243 1
3244 0
3245 0
3246 0
3247 0
3248 0
3249 0
3250 0
3251 0
3252 1
3253 1
3254 0
3255 0
3256 0
3257 0
3258 0
3259 0
3260 0
3261 0
3262 0
3263 0
3264 0
3265 0
3266 0
3267 1
3268 0
3269 0
3270 0
3271 0
3272 1
3273 0
3274 0
3275 0
3276 0
3277 0
3278 0
3279 0
3280 0
3281 0
3282 0
3283 0
3284 0
3285 0
3286 0
3287 0
3288 0
3289 0
3290 1
3291 0
3292 0
3293 0
3294 0
3295 0
3296 0
3297 0
3298 0
3299 0
3300 0
3301 0
3302 0
3303 0
3304 0
3305 0
3306 1
3307 0
3308 0
3309 0
3310 0
3311 0
3312 0
3313 0
3314 0
3315 0
3316 0
3317 0
3318 1
3319 0
3320 0
3321 0
3322 0
3323 0
3324 0
3325 0
3326 0
3327 0
3328 0
3329 0
3330 0
3331 0
3332 0
3333 0
3334 0
3335 0
3336 1
3337 0
3338 0
3339 0
3340 0
3341 0
3342 0
3343 0
3344 0
3345 0
3346 0
3347 0
3348 0
3349 0
3350 0
3351 0
3352 0
3353 0
3354 0
3355 0
3356 0
3357 0
3358 0
3359 0
3360 0
3361 0
3362 0
3363 1
3364 1
3365 0
3366 0
3367 0
3368 0
3369 0
3370 0
3371 0
3372 0
3373 0
3374 0
3375 0
3376 0
3377 0
3378 0
3379 0
3380 0
3381 0
3382 0
3383 0
3384 0
3385 0
3386 0
3387 0
3388 0
3389 1
3390 0
3391 0
3392 0
3393 0
3394 0
3395 0
3396 0
3397 0
3398 0
3399 0
3400 0
3401 0
3402 1
3403 0
3404 0
3405 0
3406 0
3407 0
3408 0
3409 0
3410 0
3411 0
3412 0
3413 0
3414 0
3415 0
3416 0
3417 0
3418 0
3419 0
3420 0
3421 0
3422 0
3423 0
3424 0
3425 0
3426 0
3427 0
3428 0
3429 0
3430 0
3431 0
3432 0
3433 1
3434 0
3435 1
3436 0
3437 0
3438 0
3439 0
3440 0
3441 0
3442 1
3443 1
3444 0
3445 0
3446 0
3447 0
3448 0
3449 0
3450 1
3451 0
3452 0
3453 0
3454 0
3455 0
3456 0
3457 0
3458 0
3459 0
3460 0
3461 0
3462 0
3463 0
3464 0
3465 0
3466 0
3467 0
3468 1
3469 0
3470 0
3471 0
3472 0
3473 0
3474 0
3475 0
3476 0
3477 0
3478 1
3479 0
3480 0
3481 0
3482 0
3483 0
3484 0
3485 0
3486 0
3487 0
3488 0
3489 0
3490 0
3491 0
3492 0
3493 0
3494 0
3495 0
3496 0
3497 1
3498 0
3499 0
3500 1
3501 0
3502 0
3503 0
3504 0
3505 1
3506 0
3507 0
3508 0
3509 0
3510 0
3511 0
3512 0
3513 1
3514 1
3515 0
3516 0
3517 0
3518 1
3519 0
3520 1
3521 0
3522 0
3523 1
3524 0
3525 0
3526 0
3527 1
3528 0
3529 0
3530 0
3531 1
3532 0
3533 1
3534 0
3535 0
3536 0
3537 0
3538 0
3539 0
3540 0
3541 0
3542 1
3543 0
3544 0
3545 0
3546 0
3547 0
3548 0
3549 0
3550 0
3551 0
3552 0
3553 0
3554 0
3555 0
3556 0
3557 0
3558 1
3559 0
3560 0
3561 0
3562 0
3563 0
3564 0
3565 0
3566 0
3567 1
3568 0
3569 0
3570 2
3571 0
3572 0
3573 0
3574 0
3575 0
3576 0
3577 0
3578 0
3579 0
3580 0
3581 0
3582 1
3583 0
3584 0
3585 0
3586 0
3587 0
3588 0
3589 0
3590 0
3591 0
3592 1
3593 0
3594 1
3595 0
3596 0
3597 0
3598 0
3599 0
3600 1
3601 0
3602 0
3603 0
3604 0
3605 0
3606 0
3607 0
3608 0
3609 0
3610 0
3611 0
3612 0
3613 0
3614 0
3615 0
3616 0
3617 1
3618 0
3619 0
3620 1
3621 1
3622 0
3623 0
3624 0
3625 0
3626 0
3627 0
3628 0
3629 0
3630 0
3631 0
3632 0
3633 0
3634 0
3635 0
3636 0
3637 0
3638 0
3639 0
3640 0
3641 0
3642 0
3643 0
3644 0
3645 0
3646 0
3647 0
3648 0
3649 0
3650 1
3651 1
3652 0
3653 0
3654 0
3655 1
3656 0
3657 0
3658 0
3659 0
3660 0
3661 0
3662 0
3663 0
3664 0
3665 0
3666 0
3667 0
3668 0
3669 0
3670 0
3671 0
3672 1
3673 0
3674 0
3675 0
3676 0
3677 0
3678 0
3679 0
3680 0
3681 0
3682 0
3683 0
3684 0
3685 0
3686 0
3687 0
3688 0
3689 0
3690 0
3691 0
3692 0
3693 0
3694 0
3695 0
3696 0
3697 0
3698 0
3699 0
3700 0
3701 0
3702 0
3703 0
3704 0
3705 0
3706 0
3707 0
3708 0
3709 0
3710 0
3711 0
3712 0
3713 0
3714 0
3715 0
3716 0
3717 0
3718 0
3719 1
3720 0
3721 0
3722 0
3723 1
3724 0
3725 0
3726 1
3727 0
3728 0
3729 0
3730 0
3731 0
3732 0
3733 0
3734 0
3735 1
3736 0
3737 0
3738 0
3739 0
3740 0
3741 0
3742 0
3743 0
3744 0
3745 1
3746 0
3747 0
3748 0
3749 0
3750 0
3751 0
3752 0
3753 0
3754 0
3755 0
3756 0
3757 0
3758 0
3759 0
3760 0
3761 0
3762 0
3763 0
3764 0
3765 0
3766 0
3767 0
3768 0
3769 0
3770 0
3771 0
3772 1
3773 0
3774 0
3775 0
3776 0
3777 0
3778 0
3779 1
3780 0
3781 0
3782 0
3783 0
3784 0
3785 0
3786 0
3787 0
3788 0
3789 0
3790 0
3791 0
3792 0
3793 0
3794 0
3795 0
3796 0
3797 0
3798 0
3799 0
3800 0
3801 0
3802 0
3803 0
3804 0
3805 0
3806 0
3807 0
3808 0
3809 0
3810 0
3811 1
3812 0
3813 0
3814 1
3815 1
3816 0
3817 0
3818 0
3819 0
3820 0
3821 0
3822 0
3823 0
3824 0
3825 0
3826 0
3827 0
3828 0
3829 0
3830 0
3831 0
3832 0
3833 0
3834 0
3835 0
3836 1
3837 0
3838 0
3839 0
3840 0
3841 1
3842 0
3843 0
3844 0
3845 1
3846 1
3847 0
3848 0
3849 0
3850 0
3851 0
3852 0
3853 0
3854 0
3855 0
3856 0
3857 0
3858 0
3859 0
3860 0
3861 0
3862 0
3863 0
3864 0
3865 0
3866 0
3867 0
3868 0
3869 0
3870 0
3871 0
3872 0
3873 0
3874 0
3875 0
3876 0
3877 0
3878 0
3879 0
3880 0
3881 0
3882 0
3883 0
3884 0
3885 0
3886 0
3887 0
3888 0
3889 0
3890 0
3891 0
3892 0
3893 0
3894 0
3895 0
3896 0
3897 0
3898 0
3899 0
3900 0
3901 0
3902 0
3903 1
3904 0
3905 0
3906 0
3907 0
3908 0
3909 0
3910 0
3911 0
3912 0
3913 0
3914 0
3915 0
3916 0
3917 0
3918 1
3919 0
3920 0
3921 0
3922 0
3923 0
3924 1
3925 0
3926 0
3927 0
3928 0
3929 0
3930 0
3931 0
3932 0
3933 0
3934 0
3935 0
3936 0
3937 0
3938 0
3939 1
3940 0
3941 0
3942 0
3943 0
3944 0
3945 0
3946 0
3947 0
3948 1
3949 1
3950 0
3951 0
3952 0
3953 0
3954 0
3955 0
3956 0
3957 0
3958 0
3959 0
3960 0
3961 0
3962 0
3963 0
3964 0
3965 0
3966 0
3967 0
3968 0
3969 0
3970 0
3971 0
3972 0
3973 0
3974 0
3975 0
3976 0
3977 0
3978 0
3979 0
3980 0
3981 0
3982 0
3983 0
3984 0
3985 0
3986 0
3987 0
3988 0
3989 0
3990 0
3991 0
3992 0
3993 0
3994 0
3995 0
3996 0
3997 0
3998 1
3999 0
4000 0
