0 0
1 0
2 0
3 0
4 0
5 0
6 0
7 0
8 0
9 0
10 0
11 0
12 0
13 0
14 0
15 0
16 0
17 0
18 0
19 0
20 0
21 0
22 0
23 0
24 0
25 0
26 0
27 0
28 0
29 0
30 0
31 0
32 0
33 0
34 0
35 0
36 0
37 0
38 0
39 0
40 0
41 0
42 0
43 0
44 0
45 0
46 0
47 0
48 0
49 0
50 0
51 0
52 0
53 0
54 0
55 0
56 0
57 0
58 0
59 0
60 0
61 0
62 0
63 0
64 0
65 0
66 0
67 0
68 0
69 0
70 0
71 0
72 0
73 0
74 0
75 0
76 0
77 0
78 0
79 0
80 0
81 0
82 0
83 0
84 0
85 0
86 0
87 0
88 0
89 0
90 0
91 0
92 0
93 0
94 0
95 0
96 0
97 0
98 0
99 0
100 0
101 0
102 0
103 0
104 0
105 0
106 0
107 0
108 0
109 0
110 0
111 0
112 0
113 0
114 0
115 0
116 0
117 0
118 0
119 0
120 0
121 0
122 0
123 0
124 0
125 0
126 0
127 0
128 0
129 0
130 0
131 0
132 0
133 0
134 0
135 0
136 0
137 0
138 0
139 0
140 0
141 0
142 1
143 0
144 0
145 0
146 0
147 0
148 0
149 1
150 0
151 0
152 1
153 2
154 0
155 1
156 5
157 4
158 4
159 1
160 4
161 0
162 4
163 2
164 2
165 2
166 4
167 2
168 4
169 4
170 2
171 6
172 4
173 2
174 5
175 3
176 5
177 10
178 8
179 16
180 17
181 38
182 51
183 66
184 66
185 86
186 106
187 128
188 206
189 415
190 941
191 1721
192 2646
193 3739
194 4605
195 5081
196 5382
197 5355
198 5069
199 5064
200 4856
201 4499
202 4240
203 3990
204 3758
205 3676
206 3510
207 3351
208 3357
209 3148
210 3097
211 3134
212 3031
213 3074
214 3091
215 2937
216 3060
217 2929
218 2919
219 2848
220 2811
221 2843
222 2804
223 2752
224 2759
225 2779
226 2667
227 2637
228 2648
229 2713
230 2658
231 2652
232 2635
233 2639
234 2687
235 2566
236 2670
237 2596
238 2675
239 2659
240 2688
241 2610
242 2723
243 2634
244 2712
245 2657
246 2588
247 2705
248 2587
249 2582
250 2648
251 2545
252 2591
253 2593
254 2652
255 2638
256 2628
257 2609
258 2560
259 2615
260 2564
261 2669
262 2633
263 2576
264 2499
265 2545
266 2632
267 2560
268 2571
269 2609
270 2576
271 2632
272 2574
273 2603
274 2546
275 2542
276 2628
277 2564
278 2650
279 2673
280 2620
281 2564
282 2584
283 2507
284 2523
285 2563
286 2586
287 2560
288 2502
289 2617
290 2557
291 2555
292 2503
293 2573
294 2569
295 2585
296 2515
297 2534
298 2568
299 2519
300 2572
301 2490
302 2541
303 2550
304 2537
305 2598
306 2605
307 2604
308 2614
309 2511
310 2581
311 2613
312 2468
313 2536
314 2561
315 2567
316 2641
317 2628
318 2734
319 2709
320 2498
321 2603
322 2539
323 2684
324 2650
325 2570
326 2623
327 2618
328 2632
329 2647
330 2788
331 2577
332 2683
333 2609
334 2671
335 2660
336 2642
337 2608
338 2620
339 2678
340 2625
341 2673
342 2671
343 2759
344 2634
345 2680
346 2656
347 2650
348 2624
349 2624
350 2754
351 2714
352 2729
353 2706
354 2724
355 2723
356 2751
357 2801
358 2716
359 2761
360 2731
361 2783
362 2748
363 2802
364 2783
365 2756
366 2900
367 2789
368 2863
369 2801
370 2831
371 2807
372 2746
373 2741
374 2860
375 2771
376 2921
377 2773
378 2796
379 2890
380 2839
381 2910
382 2827
383 2920
384 2863
385 2941
386 2896
387 2924
388 2963
389 2956
390 2994
391 2857
392 2925
393 2985
394 2915
395 2930
396 2881
397 3073
398 2989
399 2983
400 3014
401 2923
402 3027
403 3019
404 2883
405 2999
406 2980
407 3011
408 3048
409 3095
410 3075
411 2984
412 2992
413 3093
414 3148
415 2965
416 3016
417 3106
418 3068
419 2997
420 3076
421 3098
422 3059
423 3066
424 3075
425 3133
426 3017
427 3113
428 3033
429 3085
430 3032
431 3197
432 3045
433 3131
434 3065
435 3106
436 3132
437 3057
438 3088
439 3102
440 3025
441 3143
442 3039
443 3062
444 3171
445 3184
446 3089
447 3090
448 3015
449 3037
450 3125
451 3085
452 3021
453 3158
454 3051
455 3123
456 3047
457 3121
458 2993
459 3030
460 3105
461 2961
462 3007
463 3141
464 2999
465 3080
466 2970
467 3032
468 3070
469 2937
470 2992
471 2978
472 3046
473 3094
474 2983
475 3008
476 3067
477 2965
478 3025
479 2967
480 2985
481 2879
482 2890
483 3108
484 2995
485 2846
486 2930
487 2899
488 2870
489 2891
490 2868
491 2905
492 2868
493 2812
494 2877
495 2784
496 2774
497 2865
498 2799
499 2807
500 2768
501 2833
502 2789
503 2695
504 2778
505 2775
506 2642
507 2599
508 2666
509 2719
510 2660
511 2642
512 2631
513 2502
514 2620
515 2651
516 2611
517 2538
518 2575
519 2588
520 2545
521 2539
522 2503
523 2535
524 2415
525 2380
526 2427
527 2418
528 2422
529 2455
530 2397
531 2402
532 2396
533 2409
534 2422
535 2285
536 2365
537 2284
538 2299
539 2291
540 2248
541 2133
542 2246
543 2258
544 2196
545 2283
546 2173
547 2187
548 2167
549 2080
550 2107
551 2166
552 2077
553 2109
554 2102
555 2093
556 2042
557 2050
558 2036
559 1962
560 1915
561 1905
562 1935
563 1945
564 1814
565 1908
566 1900
567 1875
568 1847
569 1855
570 1810
571 1750
572 1847
573 1782
574 1713
575 1695
576 1727
577 1769
578 1749
579 1768
580 1718
581 1717
582 1720
583 1671
584 1619
585 1674
586 1613
587 1602
588 1592
589 1529
590 1489
591 1564
592 1516
593 1505
594 1405
595 1415
596 1419
597 1421
598 1378
599 1495
600 1423
601 1340
602 1332
603 1313
604 1384
605 1293
606 1312
607 1305
608 1320
609 1256
610 1255
611 1194
612 1264
613 1249
614 1136
615 1189
616 1137
617 1146
618 1187
619 1075
620 1043
621 1116
622 1135
623 1074
624 1137
625 1100
626 1113
627 1012
628 1088
629 1040
630 995
631 1016
632 1033
633 949
634 923
635 958
636 935
637 953
638 918
639 960
640 933
641 910
642 847
643 866
644 859
645 848
646 908
647 814
648 872
649 794
650 774
651 734
652 796
653 785
654 775
655 731
656 702
657 704
658 736
659 697
660 698
661 687
662 656
663 688
664 704
665 635
666 675
667 647
668 597
669 644
670 582
671 624
672 581
673 626
674 580
675 581
676 563
677 577
678 511
679 562
680 496
681 544
682 479
683 512
684 519
685 502
686 471
687 504
688 506
689 479
690 414
691 460
692 456
693 433
694 403
695 450
696 423
697 416
698 416
699 399
700 412
701 384
702 401
703 356
704 403
705 375
706 358
707 349
708 345
709 347
710 372
711 320
712 299
713 339
714 319
715 301
716 308
717 297
718 304
719 324
720 274
721 277
722 273
723 312
724 284
725 274
726 269
727 256
728 279
729 258
730 257
731 251
732 264
733 245
734 250
735 258
736 238
737 210
738 229
739 228
740 208
741 226
742 242
743 217
744 216
745 192
746 201
747 161
748 211
749 194
750 204
751 181
752 194
753 182
754 197
755 214
756 181
757 164
758 180
759 169
760 152
761 163
762 150
763 172
764 164
765 158
766 145
767 129
768 161
769 161
770 145
771 137
772 139
773 138
774 133
775 124
776 107
777 138
778 126
779 135
780 108
781 141
782 116
783 105
784 115
785 114
786 109
787 106
788 103
789 105
790 101
791 89
792 120
793 94
794 108
795 99
796 94
797 95
798 104
799 88
800 91
801 91
802 82
803 82
804 88
805 75
806 91
807 83
808 78
809 71
810 76
811 76
812 69
813 68
814 87
815 64
816 69
817 72
818 83
819 80
820 76
821 87
822 78
823 71
824 69
825 67
826 67
827 62
828 59
829 67
830 52
831 75
832 54
833 62
834 41
835 61
836 54
837 59
838 54
839 51
840 51
841 40
842 66
843 67
844 48
845 68
846 54
847 62
848 58
849 65
850 69
851 52
852 47
853 52
854 56
855 43
856 53
857 39
858 42
859 60
860 42
861 37
862 34
863 32
864 44
865 36
866 53
867 40
868 43
869 38
870 34
871 43
872 34
873 41
874 40
875 46
876 41
877 28
878 47
879 45
880 34
881 35
882 41
883 44
884 38
885 32
886 41
887 37
888 31
889 34
890 45
891 32
892 33
893 32
894 19
895 25
896 24
897 29
898 35
899 29
900 32
901 25
902 25
903 33
904 21
905 34
906 35
907 26
908 25
909 27
910 31
911 27
912 27
913 29
914 32
915 30
916 27
917 30
918 23
919 26
920 21
921 28
922 23
923 19
924 20
925 20
926 18
927 25
928 34
929 25
930 20
931 21
932 21
933 33
934 20
935 29
936 31
937 18
938 25
939 23
940 17
941 31
942 21
943 18
944 20
945 28
946 12
947 21
948 23
949 14
950 22
951 21
952 17
953 25
954 17
955 26
956 18
957 16
958 12
959 19
960 26
961 26
962 20
963 14
964 11
965 17
966 21
967 21
968 12
969 26
970 19
971 31
972 20
973 15
974 17
975 16
976 21
977 14
978 22
979 14
980 22
981 19
982 20
983 12
984 16
985 15
986 11
987 18
988 21
989 18
990 15
991 21
992 22
993 16
994 16
995 14
996 14
997 22
998 13
999 12
1000 15
1001 17
1002 11
1003 21
1004 21
1005 12
1006 16
1007 10
1008 11
1009 13
1010 12
1011 17
1012 15
1013 21
1014 14
1015 13
1016 10
1017 13
1018 17
1019 17
1020 18
1021 20
1022 16
1023 11
1024 15
1025 14
1026 15
1027 19
1028 19
1029 10
1030 19
1031 10
1032 11
1033 8
1034 17
1035 15
1036 13
1037 9
1038 9
1039 19
1040 10
1041 17
1042 17
1043 7
1044 7
1045 10
1046 13
1047 16
1048 15
1049 9
1050 9
1051 11
1052 14
1053 11
1054 13
1055 12
1056 10
1057 5
1058 9
1059 16
1060 12
1061 11
1062 11
1063 15
1064 7
1065 12
1066 12
1067 11
1068 6
1069 12
1070 9
1071 9
1072 9
1073 9
1074 9
1075 7
1076 7
1077 12
1078 11
1079 13
1080 5
1081 9
1082 7
1083 11
1084 4
1085 8
1086 8
1087 11
1088 12
1089 7
1090 8
1091 6
1092 7
1093 7
1094 11
1095 5
1096 5
1097 5
1098 8
1099 9
1100 8
1101 7
1102 4
1103 7
1104 14
1105 5
1106 7
1107 9
1108 9
1109 6
1110 7
1111 10
1112 10
1113 9
1114 5
1115 4
1116 6
1117 6
1118 6
1119 10
1120 3
1121 4
1122 4
1123 8
1124 7
1125 8
1126 4
1127 9
1128 10
1129 13
1130 5
1131 8
1132 11
1133 3
1134 8
1135 4
1136 1
1137 7
1138 6
1139 2
1140 7
1141 2
1142 6
1143 8
1144 8
1145 6
1146 7
1147 8
1148 5
1149 10
1150 4
1151 13
1152 7
1153 4
1154 8
1155 9
1156 3
1157 9
1158 5
1159 2
1160 4
1161 5
1162 8
1163 6
1164 3
1165 3
1166 8
1167 7
1168 4
1169 3
1170 6
1171 4
1172 5
1173 2
1174 4
1175 5
1176 7
1177 4
1178 7
1179 6
1180 6
1181 6
1182 1
1183 5
1184 4
1185 3
1186 3
1187 2
1188 4
1189 2
1190 5
1191 5
1192 4
1193 2
1194 1
1195 6
1196 5
1197 1
1198 6
1199 4
1200 5
1201 2
1202 8
1203 0
1204 5
1205 3
1206 4
1207 3
1208 0
1209 4
1210 2
1211 4
1212 4
1213 2
1214 5
1215 4
1216 3
1217 7
1218 1
1219 5
1220 4
1221 1
1222 4
1223 3
1224 2
1225 9
1226 1
1227 4
1228 3
1229 2
1230 2
1231 6
1232 4
1233 1
1234 0
1235 3
1236 2
1237 0
1238 4
1239 1
1240 2
1241 1
1242 4
1243 2
1244 4
1245 2
1246 4
1247 1
1248 2
1249 9
1250 8
1251 1
1252 4
1253 1
1254 1
1255 4
1256 1
1257 0
1258 4
1259 5
1260 2
1261 4
1262 1
1263 3
1264 1
1265 2
1266 4
1267 3
1268 3
1269 2
1270 1
1271 0
1272 3
1273 2
1274 1
1275 3
1276 1
1277 1
1278 1
1279 1
1280 1
1281 2
1282 3
1283 2
1284 3
1285 3
1286 1
1287 3
1288 3
1289 1
1290 1
1291 3
1292 2
1293 4
1294 2
1295 1
1296 3
1297 2
1298 0
1299 0
1300 1
1301 1
1302 2
1303 1
1304 2
1305 3
1306 2
1307 3
1308 0
1309 0
1310 3
1311 1
1312 1
1313 0
1314 0
1315 2
1316 2
1317 0
1318 0
1319 1
1320 1
1321 1
1322 1
1323 1
1324 2
1325 2
1326 3
1327 1
1328 2
1329 2
1330 1
1331 0
1332 0
1333 1
1334 1
1335 1
1336 2
1337 1
1338 1
1339 1
1340 3
1341 1
1342 3
1343 1
1344 2
1345 1
1346 1
1347 1
1348 2
1349 1
1350 1
1351 0
1352 2
1353 1
1354 2
1355 1
1356 1
1357 2
1358 1
1359 0
1360 1
1361 1
1362 0
1363 1
1364 2
1365 1
1366 1
1367 0
1368 1
1369 1
1370 1
1371 1
1372 1
1373 2
1374 2
1375 1
1376 2
1377 0
1378 2
1379 2
1380 0
1381 0
1382 1
1383 2
1384 0
1385 1
1386 0
1387 0
1388 1
1389 1
1390 1
1391 1
1392 3
1393 1
1394 1
1395 1
1396 1
1397 1
1398 0
1399 0
1400 1
1401 1
1402 0
1403 1
1404 1
1405 2
1406 2
1407 0
1408 1
1409 1
1410 0
1411 0
1412 0
1413 0
1414 0
1415 0
1416 1
1417 2
1418 0
1419 1
1420 0
1421 1
1422 1
1423 0
1424 2
1425 0
1426 1
1427 2
1428 0
1429 0
1430 0
1431 2
1432 0
1433 1
1434 0
1435 0
1436 0
1437 1
1438 0
1439 1
1440 0
1441 0
1442 0
1443 0
1444 1
1445 0
1446 1
1447 2
1448 0
1449 0
1450 0
1451 1
1452 0
1453 1
1454 0
1455 1
1456 0
1457 0
1458 0
1459 0
1460 0
1461 1
1462 1
1463 0
1464 0
1465 2
1466 0
1467 0
1468 0
1469 1
1470 0
1471 0
1472 0
1473 0
1474 1
1475 1
1476 0
1477 0
1478 0
1479 0
1480 2
1481 0
1482 0
1483 1
1484 1
1485 2
1486 0
1487 1
1488 0
1489 0
1490 0
1491 0
1492 0
1493 0
1494 0
1495 0
1496 0
1497 1
1498 0
1499 0
1500 0
1501 0
1502 0
1503 0
1504 0
1505 0
1506 0
1507 1
1508 2
1509 0
1510 0
1511 0
1512 0
1513 1
1514 0
1515 0
1516 1
1517 0
1518 0
1519 0
1520 1
1521 0
1522 1
1523 1
1524 0
1525 0
1526 0
1527 1
1528 0
1529 0
1530 0
1531 0
1532 1
1533 0
1534 1
1535 1
1536 0
1537 0
1538 0
1539 0
1540 0
1541 0
1542 0
1543 1
1544 0
1545 0
1546 0
1547 0
1548 0
1549 1
1550 1
1551 0
1552 0
1553 0
1554 0
1555 0
1556 0
1557 1
1558 0
1559 0
1560 0
1561 2
1562 1
1563 1
1564 0
1565 0
1566 0
1567 0
1568 0
1569 0
1570 1
1571 3
1572 0
1573 0
1574 1
1575 0
1576 0
1577 0
1578 0
1579 1
1580 0
1581 1
1582 0
1583 1
1584 0
1585 1
1586 0
1587 1
1588 2
1589 0
1590 0
1591 1
1592 0
1593 0
1594 0
1595 0
1596 1
1597 0
1598 1
1599 0
1600 0
1601 1
1602 1
1603 0
1604 0
1605 0
1606 0
1607 0
1608 0
1609 0
1610 0
1611 0
1612 0
1613 0
1614 0
1615 0
1616 0
1617 0
1618 0
1619 1
1620 0
1621 0
1622 0
1623 0
1624 1
1625 0
1626 0
1627 0
1628 0
1629 0
1630 1
1631 0
1632 1
1633 0
1634 0
1635 0
1636 0
1637 0
1638 0
1639 0
1640 1
1641 0
1642 0
1643 0
1644 0
1645 1
1646 0
1647 0
1648 0
1649 0
1650 0
1651 0
1652 0
1653 1
1654 0
1655 0
1656 0
1657 0
1658 1
1659 0
1660 0
1661 0
1662 0
1663 0
1664 0
1665 0
1666 0
1667 1
1668 0
1669 0
1670 0
1671 0
1672 0
1673 0
1674 0
1675 1
1676 0
1677 0
1678 0
1679 0
1680 0
1681 0
1682 0
1683 0
1684 0
1685 0
1686 0
1687 0
1688 0
1689 0
1690 0
1691 1
1692 0
1693 0
1694 0
1695 0
1696 0
1697 1
1698 0
1699 0
1700 0
1701 0
1702 1
1703 0
1704 0
1705 0
1706 0
1707 0
1708 0
1709 0
1710 0
1711 0
1712 0
1713 0
1714 0
1715 0
1716 1
1717 1
1718 0
1719 0
1720 0
1721 1
1722 1
1723 1
1724 1
1725 1
1726 0
1727 0
1728 0
1729 0
1730 2
1731 0
1732 1
1733 0
1734 0
1735 0
1736 0
1737 0
1738 1
1739 0
1740 0
1741 0
1742 0
1743 1
1744 0
1745 0
1746 0
1747 0
1748 0
1749 0
1750 0
1751 0
1752 0
1753 0
1754 0
1755 0
1756 0
1757 0
1758 0
1759 0
1760 1
1761 0
1762 0
1763 0
1764 0
1765 0
1766 0
1767 0
1768 1
1769 0
1770 0
1771 0
1772 0
1773 0
1774 0
1775 0
1776 0
1777 0
1778 0
1779 1
1780 0
1781 0
1782 0
1783 0
1784 1
1785 0
1786 0
1787 1
1788 0
1789 1
1790 0
1791 0
1792 0
1793 1
1794 0
1795 0
1796 0
1797 0
1798 0
1799 0
1800 0
1801 0
1802 0
1803 0
1804 0
1805 0
1806 0
1807 0
1808 0
1809 1
1810 0
1811 0
1812 0
1813 0
1814 0
1815 0
1816 0
1817 0
1818 0
1819 0
1820 1
1821 0
1822 0
1823 0
1824 0
1825 0
1826 0
1827 0
1828 0
1829 0
1830 0
1831 0
1832 0
1833 0
1834 0
1835 0
1836 0
1837 0
1838 0
1839 1
1840 0
1841 0
1842 1
1843 0
1844 0
1845 0
1846 1
1847 0
1848 0
1849 0
1850 2
1851 0
1852 0
1853 0
1854 0
1855 0
1856 0
1857 0
1858 0
1859 0
1860 0
1861 0
1862 0
1863 0
1864 0
1865 1
1866 0
1867 1
1868 0
1869 0
1870 0
1871 0
1872 0
1873 0
1874 0
1875 0
1876 0
1877 0
1878 0
1879 1
1880 0
1881 0
1882 0
1883 1
1884 0
1885 0
1886 0
1887 0
1888 0
1889 0
1890 0
1891 0
1892 0
1893 0
1894 0
1895 2
1896 1
1897 0
1898 0
1899 0
1900 0
1901 0
1902 0
1903 0
1904 0
1905 0
1906 0
1907 0
1908 0
1909 0
1910 0
1911 0
1912 0
1913 0
1914 0
1915 0
1916 0
1917 1
1918 0
1919 0
1920 0
1921 0
1922 0
1923 0
1924 0
1925 0
1926 1
1927 0
1928 0
1929 0
1930 0
1931 1
1932 0
1933 0
1934 0
1935 0
1936 0
1937 0
1938 0
1939 1
1940 0
1941 0
1942 0
1943 0
1944 1
1945 0
1946 0
1947 0
1948 0
1949 0
1950 0
1951 0
1952 0
1953 1
1954 0
1955 1
1956 0
1957 0
1958 1
1959 0
1960 0
1961 0
1962 0
1963 0
1964 0
1965 1
1966 0
1967 0
1968 0
1969 1
1970 0
1971 0
1972 0
1973 0
1974 0
1975 1
1976 0
1977 0
1978 0
1979 0
1980 1
1981 0
1982 0
1983 2
1984 0
1985 0
1986 0
1987 0
1988 0
1989 0
1990 0
1991 0
1992 0
1993 1
1994 0
1995 0
1996 0
1997 0
1998 0
1999 0
2000 0
2001 1
2002 2
2003 0
2004 0
2005 0
2006 0
2007 0
2008 0
2009 0
2010 0
2011 0
2012 0
2013 0
2014 0
2015 0
2016 0
2017 0
2018 0
2019 0
2020 0
2021 0
2022 1
2023 0
2024 0
2025 0
2026 0
2027 0
2028 0
2029 0
2030 0
2031 0
2032 0
2033 0
2034 0
2035 0
2036 1
2037 0
2038 0
2039 0
2040 1
2041 0
2042 0
2043 0
2044 0
2045 0
2046 0
2047 0
2048 0
2049 0
2050 1
2051 0
2052 0
2053 0
2054 0
2055 0
2056 1
2057 0
2058 0
2059 1
2060 0
2061 0
2062 0
2063 0
2064 0
2065 0
2066 0
2067 0
2068 0
2069 0
2070 0
2071 0
2072 0
2073 0
2074 0
2075 0
2076 0
2077 1
2078 0
2079 0
2080 0
2081 0
2082 0
2083 0
2084 0
2085 0
2086 0
2087 0
2088 0
2089 0
2090 0
2091 0
2092 0
2093 1
2094 0
2095 0
2096 0
2097 0
2098 0
2099 0
2100 0
2101 0
2102 0
2103 0
2104 0
2105 0
2106 0
2107 0
2108 1
2109 0
2110 0
2111 0
2112 0
2113 0
2114 0
2115 0
2116 0
2117 0
2118 1
2119 0
2120 0
2121 0
2122 0
2123 0
2124 0
2125 0
2126 0
2127 1
2128 0
2129 0
2130 0
2131 0
2132 1
2133 0
2134 0
2135 0
2136 0
2137 0
2138 0
2139 0
2140 0
2141 0
2142 0
2143 0
2144 0
2145 0
2146 0
2147 0
2148 0
2149 0
2150 0
2151 1
2152 0
2153 0
2154 0
2155 0
2156 0
2157 0
2158 0
2159 1
2160 0
2161 0
2162 0
2163 0
2164 0
2165 0
2166 0
2167 0
2168 1
2169 0
2170 0
2171 1
2172 0
2173 0
2174 0
2175 1
2176 0
2177 0
2178 0
2179 0
2180 0
2181 0
2182 0
2183 0
2184 0
2185 1
2186 3
2187 0
2188 0
2189 0
2190 0
2191 0
2192 1
2193 0
2194 0
2195 0
2196 0
2197 0
2198 0
2199 0
2200 0
2201 0
2202 0
2203 0
2204 0
2205 0
2206 0
2207 0
2208 0
2209 0
2210 1
2211 0
2212 0
2213 0
2214 0
2215 0
2216 0
2217 0
2218 0
2219 0
2220 1
2221 0
2222 1
2223 0
2224 0
2225 0
2226 1
2227 0
2228 0
2229 0
2230 0
2231 0
2232 1
2233 0
2234 0
2235 0
2236 0
2237 0
2238 1
2239 0
2240 0
2241 0
2242 0
2243 0
2244 0
2245 0
2246 1
2247 0
2248 0
2249 0
2250 0
2251 1
2252 0
2253 0
2254 1
2255 0
2256 0
2257 0
2258 0
2259 0
2260 0
2261 1
2262 0
2263 0
2264 0
2265 0
2266 0
2267 0
2268 0
2269 0
2270 0
2271 0
2272 0
2273 0
2274 0
2275 0
2276 0
2277 0
2278 0
2279 0
2280 0
2281 0
2282 0
2283 0
2284 0
2285 0
2286 0
2287 0
2288 0
2289 0
2290 0
2291 0
2292 0
2293 0
2294 0
2295 0
2296 0
2297 0
2298 0
2299 0
2300 0
2301 0
2302 0
2303 0
2304 0
2305 0
2306 0
2307 0
2308 0
2309 1
2310 0
2311 0
2312 1
2313 0
2314 0
2315 0
2316 0
2317 0
2318 0
2319 0
2320 0
2321 0
2322 0
2323 0
2324 0
2325 0
2326 1
2327 0
2328 0
2329 0
2330 0
2331 0
2332 0
2333 0
2334 0
2335 0
2336 0
2337 0
2338 0
2339 0
2340 0
2341 0
2342 1
2343 0
2344 0
2345 1
2346 1
2347 0
2348 0
2349 0
2350 0
2351 0
2352 1
2353 0
2354 0
2355 1
2356 0
2357 0
2358 1
2359 0
2360 0
2361 1
2362 0
2363 0
2364 0
2365 1
2366 0
2367 0
2368 0
2369 1
2370 0
2371 0
2372 0
2373 0
2374 0
2375 0
2376 0
2377 0
2378 0
2379 0
2380 0
2381 0
2382 0
2383 0
2384 0
2385 0
2386 0
2387 1
2388 0
2389 0
2390 1
2391 0
2392 0
2393 0
2394 0
2395 1
2396 1
2397 1
2398 0
2399 0
2400 0
2401 0
2402 0
2403 0
2404 0
2405 0
2406 0
2407 0
2408 0
2409 0
2410 0
2411 0
2412 0
2413 0
2414 0
2415 0
2416 0
2417 0
2418 0
2419 0
2420 0
2421 0
2422 0
2423 0
2424 0
2425 0
2426 0
2427 0
2428 0
2429 0
2430 0
2431 1
2432 0
2433 0
2434 0
2435 0
2436 0
2437 0
2438 0
2439 0
2440 0
2441 0
2442 0
2443 1
2444 0
2445 0
2446 0
2447 0
2448 0
2449 0
2450 0
2451 0
2452 0
2453 0
2454 0
2455 2
2456 0
2457 0
2458 1
2459 0
2460 0
2461 0
2462 0
2463 0
2464 0
2465 1
2466 1
2467 0
2468 0
2469 0
2470 0
2471 0
2472 1
2473 0
2474 0
2475 0
2476 0
2477 0
2478 0
2479 0
2480 0
2481 0
2482 1
2483 0
2484 0
2485 0
2486 0
2487 0
2488 0
2489 0
2490 0
2491 0
2492 1
2493 0
2494 0
2495 0
2496 1
2497 0
2498 0
2499 0
2500 0
2501 0
2502 0
2503 0
2504 0
2505 0
2506 0
2507 0
2508 0
2509 0
2510 0
2511 1
2512 0
2513 0
2514 0
2515 0
2516 1
2517 0
2518 0
2519 0
2520 0
2521 0
2522 1
2523 0
2524 0
2525 0
2526 0
2527 0
2528 0
2529 1
2530 0
2531 0
2532 0
2533 0
2534 0
2535 0
2536 0
2537 0
2538 0
2539 0
2540 1
2541 2
2542 0
2543 0
2544 0
2545 0
2546 1
2547 0
2548 0
2549 0
2550 0
2551 0
2552 0
2553 0
2554 0
2555 1
2556 0
2557 0
2558 0
2559 0
2560 0
2561 0
2562 0
2563 0
2564 0
2565 0
2566 0
2567 0
2568 0
2569 1
2570 0
2571 0
2572 0
2573 0
2574 0
2575 0
2576 0
2577 0
2578 0
2579 0
2580 0
2581 0
2582 0
2583 0
2584 0
2585 0
2586 0
2587 0
2588 1
2589 0
2590 0
2591 1
2592 0
2593 0
2594 0
2595 0
2596 0
2597 0
2598 0
2599 0
2600 0
2601 0
2602 0
2603 0
2604 0
2605 1
2606 0
2607 0
2608 1
2609 0
2610 0
2611 0
2612 0
2613 0
2614 0
2615 0
2616 0
2617 1
2618 0
2619 0
2620 0
2621 0
2622 0
2623 0
2624 1
2625 0
2626 0
2627 0
2628 0
2629 0
2630 1
2631 0
2632 0
2633 0
2634 0
2635 1
2636 0
2637 1
2638 0
2639 0
2640 0
2641 0
2642 0
2643 0
2644 0
2645 0
2646 0
2647 1
2648 0
2649 0
2650 0
2651 0
2652 0
2653 0
2654 0
2655 0
2656 1
2657 0
2658 0
2659 1
2660 1
2661 0
2662 0
2663 0
2664 0
2665 0
2666 0
2667 0
2668 0
2669 0
2670 0
2671 0
2672 0
2673 0
2674 0
2675 0
2676 1
2677 0
2678 1
2679 0
2680 0
2681 0
2682 0
2683 0
2684 0
2685 0
2686 0
2687 0
2688 0
2689 0
2690 0
2691 0
2692 0
2693 0
2694 0
2695 1
2696 0
2697 1
2698 0
2699 0
2700 0
2701 0
2702 0
2703 0
2704 0
2705 0
2706 0
2707 0
2708 1
2709 0
2710 0
2711 0
2712 0
2713 0
2714 0
2715 0
2716 0
2717 0
2718 0
2719 0
2720 0
2721 0
2722 0
2723 0
2724 1
2725 0
2726 0
2727 0
2728 0
2729 1
2730 0
2731 0
2732 0
2733 0
2734 0
2735 0
2736 0
2737 0
2738 0
2739 1
2740 0
2741 0
2742 1
2743 0
2744 0
2745 1
2746 1
2747 0
2748 1
2749 0
2750 0
2751 0
2752 0
2753 0
2754 0
2755 0
2756 0
2757 1
2758 0
2759 0
2760 0
2761 0
2762 0
2763 0
2764 0
2765 0
2766 0
2767 0
2768 0
2769 0
2770 0
2771 0
2772 0
2773 0
2774 0
2775 0
2776 0
2777 0
2778 0
2779 1
2780 0
2781 0
2782 0
2783 0
2784 0
2785 1
2786 0
2787 0
2788 1
2789 0
2790 0
2791 0
2792 0
2793 0
2794 1
2795 0
2796 0
2797 0
2798 0
2799 0
2800 0
2801 0
2802 0
2803 1
2804 0
2805 1
2806 0
2807 0
2808 0
2809 1
2810 0
2811 0
2812 0
2813 0
2814 0
2815 0
2816 0
2817 0
2818 0
2819 0
2820 0
2821 0
2822 0
2823 0
2824 0
2825 1
2826 0
2827 1
2828 0
2829 0
2830 0
2831 0
2832 0
2833 0
2834 0
2835 0
2836 0
2837 0
2838 0
2839 0
2840 0
2841 0
2842 0
2843 0
2844 0
2845 0
2846 0
2847 0
2848 0
2849 0
2850 0
2851 0
2852 0
2853 0
2854 0
2855 0
2856 0
2857 1
2858 0
2859 0
2860 0
2861 1
2862 0
2863 0
2864 1
2865 0
2866 0
2867 0
2868 1
2869 0
2870 0
2871 0
2872 0
2873 1
2874 0
2875 0
2876 0
2877 0
2878 1
2879 0
2880 0
2881 0
2882 0
2883 0
2884 0
2885 0
2886 0
2887 0
2888 0
2889 0
2890 0
2891 0
2892 1
2893 0
2894 0
2895 0
2896 0
2897 0
2898 0
2899 0
2900 1
2901 0
2902 0
2903 0
2904 0
2905 0
2906 1
2907 0
2908 0
2909 0
2910 0
2911 0
2912 0
2913 0
2914 0
2915 0
2916 0
2917 0
2918 0
2919 0
2920 0
2921 1
2922 0
2923 0
2924 0
2925 0
2926 0
2927 0
2928 0
2929 0
2930 0
2931 0
2932 0
2933 0
2934 0
2935 0
2936 0
2937 0
2938 0
2939 0
2940 0
2941 0
2942 0
2943 0
2944 0
2945 0
2946 0
2947 0
2948 0
2949 0
2950 1
2951 1
2952 0
2953 0
2954 0
2955 0
2956 0
2957 0
2958 0
2959 0
2960 0
2961 0
2962 0
2963 0
2964 0
2965 0
2966 0
2967 1
2968 0
2969 0
2970 0
2971 0
2972 0
2973 0
2974 0
2975 0
2976 0
2977 0
2978 0
2979 0
2980 1
2981 0
2982 0
2983 0
2984 1
2985 0
2986 0
2987 0
2988 0
2989 0
2990 0
2991 0
2992 0
2993 0
2994 0
2995 0
2996 0
2997 0
2998 0
2999 0
3000 0
3001 0
3002 0
3003 0
3004 0
3005 0
3006 0
3007 0
3008 0
3009 0
3010 0
3011 1
3012 1
3013 0
3014 0
3015 1
3016 0
3017 0
3018 0
3019 0
3020 0
3021 0
3022 1
3023 0
3024 0
3025 0
3026 1
3027 0
3028 0
3029 0
3030 0
3031 1
3032 0
3033 1
3034 0
3035 0
3036 0
3037 0
3038 0
3039 0
3040 0
3041 0
3042 0
3043 0
3044 0
3045 0
3046 0
3047 0
3048 0
3049 0
3050 0
3051 1
3052 0
3053 0
3054 0
3055 0
3056 0
3057 0
3058 0
3059 0
3060 1
3061 0
3062 0
3063 0
3064 0
3065 0
3066 0
3067 0
3068 0
3069 0
3070 0
3071 0
3072 3
3073 1
3074 0
3075 0
3076 0
3077 0
3078 1
3079 0
3080 0
3081 0
3082 0
3083 1
3084 0
3085 0
3086 0
3087 0
3088 0
3089 0
3090 0
3091 0
3092 0
3093 1
3094 0
3095 0
3096 0
3097 0
3098 0
3099 0
3100 0
3101 0
3102 0
3103 0
3104 0
3105 0
3106 0
3107 0
3108 0
3109 0
3110 0
3111 1
3112 0
3113 0
3114 0
3115 0
3116 0
3117 0
3118 0
3119 0
3120 0
3121 0
3122 0
3123 0
3124 0
3125 0
3126 0
3127 0
3128 0
3129 0
3130 1
3131 0
3132 0
3133 0
3134 0
3135 0
3136 0
3137 0
3138 0
3139 1
3140 0
3141 0
3142 0
3143 0
3144 0
3145 0
3146 0
3147 0
3148 0
3149 0
3150 0
3151 0
3152 1
3153 0
3154 0
3155 0
3156 0
3157 0
3158 0
3159 0
3160 0
3161 1
3162 1
3163 0
3164 0
3165 0
3166 0
3167 0
3168 0
3169 0
3170 1
3171 0
3172 1
3173 0
3174 0
3175 0
3176 0
3177 0
3178 0
3179 0
3180 0
3181 0
3182 0
3183 0
3184 0
3185 0
3186 0
3187 0
3188 0
3189 0
3190 0
3191 1
3192 0
3193 0
3194 0
3195 1
3196 0
3197 0
3198 0
3199 0
3200 0
3201 0
3202 0
3203 1
3204 0
3205 2
3206 0
3207 0
3208 0
3209 0
3210 0
3211 0
3212 0
3213 0
3214 0
3215 0
3216 0
3217 0
3218 0
3219 0
3220 0
3221 0
3222 0
3223 0
3224 0
3225 0
3226 0
3227 0
3228 0
3229 0
3230 0
3231 0
3232 1
3233 0
3234 0
3235 0
3236 0
3237 1
3238 0
3239 0
3240 0
3241 0
3242 0
3243 0
3244 1
3245 0
3246 0
3247 0
3248 0
3249 0
3250 0
3251 0
3252 0
3253 0
3254 0
3255 0
3256 0
3257 1
3258 0
3259 0
3260 0
3261 0
3262 0
3263 0
3264 0
3265 0
3266 0
3267 0
3268 0
3269 0
3270 0
3271 0
3272 0
3273 0
3274 0
3275 0
3276 0
3277 0
3278 0
3279 0
3280 0
3281 0
3282 0
3283 0
3284 0
3285 1
3286 2
3287 0
3288 0
3289 0
3290 0
3291 1
3292 0
3293 0
3294 0
3295 0
3296 0
3297 0
3298 0
3299 0
3300 0
3301 0
3302 0
3303 0
3304 0
3305 0
3306 0
3307 0
3308 0
3309 0
3310 0
3311 0
3312 0
3313 0
3314 0
3315 1
3316 0
3317 0
3318 0
3319 0
3320 0
3321 0
3322 0
3323 0
3324 0
3325 0
3326 0
3327 0
3328 0
3329 1
3330 0
3331 0
3332 0
3333 1
3334 0
3335 1
3336 0
3337 0
3338 0
3339 0
3340 0
3341 0
3342 0
3343 0
3344 0
3345 1
3346 0
3347 0
3348 0
3349 0
3350 0
3351 0
3352 0
3353 1
3354 1
3355 0
3356 0
3357 0
3358 0
3359 0
3360 0
3361 0
3362 0
3363 0
3364 0
3365 0
3366 0
3367 0
3368 1
3369 0
3370 1
3371 0
3372 0
3373 1
3374 0
3375 0
3376 0
3377 0
3378 0
3379 0
3380 0
3381 1
3382 0
3383 0
3384 0
3385 0
3386 0
3387 0
3388 0
3389 0
3390 0
3391 0
3392 0
3393 0
3394 0
3395 0
3396 0
3397 0
3398 0
3399 0
3400 0
3401 0
3402 0
3403 0
3404 0
3405 0
3406 0
3407 0
3408 0
3409 0
3410 0
3411 0
3412 0
3413 1
3414 0
3415 0
3416 0
3417 0
3418 0
3419 0
3420 0
3421 0
3422 0
3423 1
3424 0
3425 0
3426 0
3427 0
3428 0
3429 0
3430 0
3431 0
3432 0
3433 0
3434 0
3435 0
3436 0
3437 1
3438 0
3439 0
3440 0
3441 0
3442 0
3443 1
3444 0
3445 0
3446 0
3447 0
3448 0
3449 0
3450 1
3451 0
3452 0
3453 0
3454 0
3455 0
3456 1
3457 0
3458 0
3459 0
3460 0
3461 0
3462 0
3463 0
3464 0
3465 0
3466 0
3467 0
3468 0
3469 0
3470 0
3471 0
3472 0
3473 0
3474 0
3475 0
3476 0
3477 0
3478 0
3479 0
3480 0
3481 0
3482 0
3483 0
3484 0
3485 0
3486 0
3487 0
3488 0
3489 0
3490 0
3491 0
3492 0
3493 0
3494 0
3495 0
3496 0
3497 0
3498 0
3499 0
3500 1
3501 0
3502 0
3503 0
3504 1
3505 0
3506 0
3507 0
3508 0
3509 0
3510 0
3511 0
3512 0
3513 0
3514 0
3515 0
3516 0
3517 0
3518 0
3519 0
3520 0
3521 0
3522 0
3523 0
3524 0
3525 1
3526 0
3527 0
3528 0
3529 0
3530 0
3531 0
3532 0
3533 0
3534 0
3535 0
3536 0
3537 0
3538 0
3539 0
3540 0
3541 2
3542 0
3543 0
3544 0
3545 0
3546 0
3547 0
3548 0
3549 0
3550 0
3551 0
3552 0
3553 1
3554 1
3555 0
3556 0
3557 0
3558 0
3559 0
3560 0
3561 0
3562 0
3563 0
3564 0
3565 0
3566 0
3567 0
3568 0
3569 0
3570 0
3571 0
3572 0
3573 0
3574 0
3575 0
3576 0
3577 0
3578 0
3579 1
3580 0
3581 0
3582 0
3583 0
3584 0
3585 0
3586 0
3587 0
3588 0
3589 0
3590 0
3591 0
3592 0
3593 0
3594 1
3595 0
3596 0
3597 0
3598 0
3599 1
3600 0
3601 0
3602 0
3603 0
3604 0
3605 1
3606 0
3607 0
3608 0
3609 0
3610 0
3611 0
3612 0
3613 0
3614 0
3615 0
3616 0
3617 0
3618 0
3619 0
3620 0
3621 0
3622 0
3623 0
3624 0
3625 0
3626 1
3627 0
3628 0
3629 0
3630 0
3631 0
3632 0
3633 1
3634 0
3635 0
3636 0
3637 1
3638 0
3639 0
3640 1
3641 0
3642 0
3643 0
3644 0
3645 1
3646 0
3647 0
3648 0
3649 0
3650 0
3651 0
3652 0
3653 0
3654 0
3655 0
3656 0
3657 0
3658 0
3659 1
3660 0
3661 0
3662 0
3663 0
3664 0
3665 0
3666 0
3667 0
3668 1
3669 0
3670 0
3671 0
3672 0
3673 1
3674 0
3675 0
3676 0
3677 0
3678 0
3679 0
3680 1
3681 0
3682 0
3683 0
3684 1
3685 0
3686 1
3687 0
3688 0
3689 0
3690 0
3691 0
3692 0
3693 0
3694 0
3695 0
3696 1
3697 0
3698 0
3699 0
3700 0
3701 0
3702 0
3703 0
3704 0
3705 0
3706 0
3707 1
3708 0
3709 0
3710 0
3711 0
3712 0
3713 0
3714 1
3715 0
3716 0
3717 0
3718 1
3719 0
3720 0
3721 0
3722 0
3723 0
3724 0
3725 0
3726 0
3727 0
3728 0
3729 1
3730 1
3731 0
3732 0
3733 0
3734 0
3735 0
3736 0
3737 0
3738 0
3739 0
3740 0
3741 0
3742 0
3743 0
3744 0
3745 0
3746 0
3747 0
3748 0
3749 0
3750 0
3751 0
3752 0
3753 0
3754 0
3755 0
3756 0
3757 0
3758 0
3759 0
3760 0
3761 0
3762 0
3763 0
3764 0
3765 0
3766 0
3767 1
3768 0
3769 0
3770 0
3771 0
3772 0
3773 0
3774 0
3775 0
3776 0
3777 0
3778 0
3779 0
3780 0
3781 0
3782 0
3783 1
3784 0
3785 0
3786 0
3787 0
3788 0
3789 0
3790 0
3791 1
3792 0
3793 0
3794 0
3795 0
3796 0
3797 0
3798 0
3799 0
3800 0
3801 0
3802 1
3803 0
3804 0
3805 0
3806 0
3807 0
3808 0
3809 0
3810 0
3811 0
3812 0
3813 0
3814 0
3815 0
3816 0
3817 0
3818 0
3819 0
3820 0
3821 0
3822 0
3823 0
3824 0
3825 0
3826 0
3827 0
3828 0
3829 0
3830 0
3831 0
3832 0
3833 0
3834 1
3835 0
3836 0
3837 0
3838 0
3839 0
3840 1
3841 0
3842 0
3843 0
3844 0
3845 0
3846 0
3847 0
3848 0
3849 0
3850 0
3851 0
3852 0
3853 1
3854 0
3855 0
3856 1
3857 1
3858 0
3859 0
3860 1
3861 0
3862 0
3863 0
3864 0
3865 0
3866 1
3867 0
3868 0
3869 0
3870 0
3871 0
3872 0
3873 0
3874 0
3875 0
3876 0
3877 1
3878 0
3879 0
3880 0
3881 0
3882 0
3883 0
3884 0
3885 0
3886 0
3887 0
3888 0
3889 0
3890 0
3891 0
3892 0
3893 0
3894 0
3895 0
3896 0
3897 0
3898 0
3899 0
3900 0
3901 0
3902 0
3903 0
3904 0
3905 0
3906 1
3907 0
3908 0
3909 0
3910 0
3911 0
3912 0
3913 0
3914 0
3915 0
3916 0
3917 0
3918 0
3919 0
3920 0
3921 0
3922 0
3923 0
3924 0
3925 0
3926 0
3927 0
3928 1
3929 0
3930 1
3931 1
3932 0
3933 0
3934 0
3935 0
3936 0
3937 0
3938 0
3939 0
3940 0
3941 0
3942 0
3943 0
3944 0
3945 0
3946 0
3947 0
3948 0
3949 0
3950 0
3951 0
3952 0
3953 0
3954 0
3955 0
3956 0
3957 0
3958 0
3959 0
3960 0
3961 1
3962 0
3963 0
3964 0
3965 0
3966 0
3967 0
3968 0
3969 0
3970 0
3971 0
3972 0
3973 0
3974 0
3975 0
3976 0
3977 0
3978 0
3979 0
3980 0
3981 0
3982 0
3983 0
3984 0
3985 0
3986 0
3987 0
3988 0
3989 0
3990 0
3991 0
3992 0
3993 0
3994 0
3995 0
3996 0
3997 0
3998 0
3999 0
4000 0
