0 0
1 0
2 0
3 0
4 0
5 0
6 0
7 0
8 0
9 0
10 0
11 0
12 0
13 0
14 0
15 0
16 0
17 0
18 0
19 0
20 0
21 0
22 0
23 0
24 0
25 0
26 0
27 0
28 0
29 0
30 0
31 0
32 0
33 0
34 0
35 0
36 0
37 0
38 0
39 0
40 0
41 0
42 0
43 0
44 0
45 0
46 0
47 0
48 0
49 0
50 0
51 0
52 0
53 0
54 0
55 0
56 0
57 0
58 0
59 0
60 0
61 0
62 0
63 0
64 0
65 0
66 0
67 0
68 0
69 0
70 0
71 0
72 0
73 0
74 0
75 0
76 0
77 0
78 0
79 0
80 0
81 0
82 0
83 0
84 0
85 0
86 0
87 0
88 0
89 0
90 0
91 0
92 0
93 0
94 0
95 0
96 0
97 0
98 0
99 0
100 0
101 0
102 0
103 0
104 0
105 0
106 0
107 0
108 0
109 0
110 0
111 0
112 0
113 0
114 0
115 0
116 0
117 0
118 0
119 0
120 0
121 0
122 0
123 0
124 0
125 0
126 0
127 0
128 0
129 0
130 0
131 0
132 0
133 0
134 0
135 0
136 0
137 0
138 0
139 0
140 0
141 0
142 0
143 0
144 0
145 0
146 0
147 0
148 1
149 1
150 0
151 2
152 0
153 2
154 0
155 3
156 3
157 3
158 3
159 7
160 6
161 5
162 6
163 7
164 7
165 7
166 4
167 8
168 1
169 3
170 6
171 7
172 7
173 4
174 7
175 5
176 4
177 6
178 11
179 21
180 21
181 47
182 65
183 56
184 78
185 103
186 116
187 181
188 251
189 503
190 1120
191 1932
192 2922
193 3997
194 4575
195 5140
196 5352
197 5151
198 5136
199 4866
200 4725
201 4363
202 4208
203 3929
204 3840
205 3608
206 3517
207 3436
208 3408
209 3333
210 3315
211 3274
212 3305
213 3160
214 3200
215 3102
216 3174
217 3080
218 3055
219 3033
220 3120
221 2954
222 3002
223 3049
224 2958
225 2945
226 2865
227 2899
228 2968
229 2946
230 2964
231 2837
232 2951
233 2849
234 2919
235 3001
236 2893
237 2883
238 2970
239 2974
240 2954
241 2954
242 2890
243 3050
244 2908
245 2938
246 2988
247 3072
248 2898
249 2924
250 2992
251 2961
252 2945
253 3016
254 2943
255 3058
256 2981
257 2975
258 3013
259 2971
260 3021
261 3064
262 2977
263 2960
264 3003
265 2959
266 2908
267 2979
268 3037
269 3095
270 3065
271 3012
272 3148
273 3073
274 3057
275 3087
276 3025
277 3022
278 3058
279 2944
280 3024
281 2976
282 3077
283 3105
284 3014
285 3081
286 2951
287 3103
288 3122
289 3164
290 3023
291 3073
292 3170
293 3131
294 3204
295 3085
296 3085
297 3126
298 3243
299 3121
300 3093
301 3116
302 3130
303 3132
304 3234
305 3131
306 3108
307 3130
308 3166
309 3262
310 3181
311 3070
312 3107
313 3185
314 3273
315 3257
316 3208
317 3263
318 3310
319 3120
320 3249
321 3157
322 3221
323 3212
324 3267
325 3305
326 3129
327 3445
328 3340
329 3244
330 3313
331 3303
332 3316
333 3210
334 3266
335 3250
336 3238
337 3292
338 3352
339 3291
340 3352
341 3306
342 3334
343 3410
344 3256
345 3259
346 3339
347 3350
348 3350
349 3378
350 3348
351 3521
352 3459
353 3361
354 3419
355 3419
356 3464
357 3427
358 3470
359 3470
360 3550
361 3507
362 3479
363 3573
364 3436
365 3500
366 3524
367 3496
368 3638
369 3516
370 3582
371 3465
372 3614
373 3494
374 3620
375 3543
376 3630
377 3564
378 3662
379 3647
380 3740
381 3555
382 3724
383 3554
384 3725
385 3618
386 3689
387 3746
388 3636
389 3692
390 3598
391 3756
392 3716
393 3664
394 3723
395 3712
396 3645
397 3694
398 3750
399 3742
400 3777
401 3779
402 3777
403 3713
404 3656
405 3718
406 3782
407 3735
408 3799
409 3821
410 3656
411 3799
412 3877
413 3812
414 3786
415 3712
416 3806
417 3665
418 3729
419 3799
420 3793
421 3590
422 3706
423 3818
424 3702
425 3815
426 3855
427 3685
428 3782
429 3732
430 3677
431 3829
432 3820
433 3738
434 3753
435 3808
436 3721
437 3712
438 3583
439 3823
440 3809
441 3763
442 3699
443 3693
444 3667
445 3839
446 3701
447 3665
448 3723
449 3753
450 3638
451 3791
452 3730
453 3664
454 3627
455 3566
456 3647
457 3611
458 3636
459 3619
460 3507
461 3643
462 3572
463 3584
464 3558
465 3630
466 3659
467 3491
468 3543
469 3540
470 3505
471 3520
472 3577
473 3426
474 3447
475 3513
476 3485
477 3419
478 3421
479 3418
480 3363
481 3454
482 3387
483 3229
484 3361
485 3270
486 3287
487 3230
488 3283
489 3246
490 3295
491 3288
492 3239
493 3307
494 3217
495 3218
496 3155
497 3071
498 3079
499 3086
500 3049
501 3089
502 3150
503 3078
504 3072
505 3031
506 2957
507 2898
508 2990
509 2935
510 2918
511 2884
512 2875
513 2865
514 2792
515 2872
516 2921
517 2738
518 2714
519 2742
520 2764
521 2720
522 2711
523 2688
524 2670
525 2697
526 2636
527 2640
528 2644
529 2624
530 2588
531 2558
532 2511
533 2548
534 2535
535 2434
536 2415
537 2438
538 2405
539 2354
540 2331
541 2326
542 2359
543 2337
544 2398
545 2338
546 2291
547 2274
548 2265
549 2249
550 2155
551 2222
552 2121
553 2166
554 2080
555 2102
556 2071
557 2069
558 2104
559 2029
560 1994
561 1915
562 2069
563 1940
564 1952
565 1935
566 1865
567 1883
568 1929
569 1908
570 1813
571 1828
572 1706
573 1751
574 1762
575 1708
576 1744
577 1738
578 1672
579 1706
580 1658
581 1640
582 1587
583 1585
584 1571
585 1621
586 1507
587 1506
588 1447
589 1508
590 1378
591 1491
592 1462
593 1444
594 1359
595 1371
596 1415
597 1371
598 1417
599 1342
600 1326
601 1329
602 1252
603 1245
604 1285
605 1274
606 1220
607 1280
608 1278
609 1223
610 1198
611 1086
612 1121
613 1072
614 1137
615 1123
616 1121
617 1101
618 1065
619 1071
620 1048
621 1015
622 1068
623 993
624 972
625 946
626 932
627 969
628 940
629 935
630 957
631 906
632 872
633 865
634 882
635 862
636 839
637 861
638 798
639 804
640 812
641 787
642 792
643 741
644 766
645 711
646 732
647 774
648 757
649 736
650 701
651 674
652 734
653 681
654 643
655 641
656 656
657 609
658 562
659 616
660 573
661 609
662 592
663 540
664 583
665 565
666 525
667 569
668 534
669 533
670 539
671 530
672 509
673 480
674 467
675 466
676 432
677 471
678 464
679 469
680 420
681 477
682 455
683 405
684 403
685 414
686 431
687 473
688 414
689 374
690 383
691 430
692 394
693 393
694 379
695 345
696 327
697 343
698 335
699 326
700 347
701 331
702 339
703 342
704 328
705 294
706 334
707 312
708 293
709 284
710 285
711 245
712 292
713 276
714 294
715 253
716 236
717 264
718 256
719 242
720 251
721 252
722 222
723 265
724 270
725 229
726 239
727 213
728 206
729 220
730 219
731 220
732 189
733 191
734 200
735 194
736 190
737 206
738 196
739 193
740 151
741 171
742 180
743 200
744 168
745 181
746 176
747 174
748 157
749 194
750 164
751 163
752 128
753 156
754 158
755 139
756 165
757 115
758 122
759 135
760 140
761 110
762 121
763 136
764 124
765 121
766 122
767 124
768 111
769 122
770 114
771 101
772 109
773 107
774 86
775 114
776 98
777 112
778 108
779 99
780 90
781 82
782 96
783 97
784 94
785 104
786 102
787 82
788 90
789 69
790 87
791 96
792 79
793 79
794 79
795 75
796 76
797 78
798 60
799 76
800 83
801 85
802 78
803 78
804 76
805 71
806 62
807 56
808 54
809 65
810 68
811 62
812 61
813 67
814 71
815 52
816 46
817 52
818 60
819 62
820 66
821 43
822 53
823 54
824 48
825 55
826 46
827 60
828 51
829 58
830 46
831 46
832 42
833 60
834 48
835 48
836 63
837 52
838 48
839 48
840 46
841 49
842 51
843 54
844 45
845 45
846 46
847 57
848 49
849 34
850 39
851 40
852 37
853 47
854 44
855 40
856 44
857 37
858 38
859 45
860 40
861 35
862 34
863 29
864 36
865 38
866 43
867 38
868 48
869 33
870 33
871 39
872 39
873 26
874 38
875 35
876 39
877 38
878 40
879 37
880 28
881 39
882 37
883 42
884 38
885 26
886 29
887 32
888 36
889 32
890 32
891 32
892 30
893 35
894 35
895 29
896 26
897 22
898 33
899 34
900 33
901 29
902 30
903 30
904 33
905 33
906 26
907 27
908 26
909 27
910 26
911 24
912 28
913 20
914 29
915 23
916 18
917 26
918 17
919 26
920 26
921 16
922 29
923 26
924 19
925 27
926 26
927 18
928 22
929 24
930 28
931 17
932 23
933 23
934 20
935 24
936 25
937 19
938 23
939 14
940 22
941 24
942 20
943 22
944 27
945 25
946 23
947 18
948 18
949 21
950 21
951 23
952 23
953 17
954 13
955 16
956 22
957 23
958 11
959 28
960 23
961 25
962 23
963 14
964 22
965 12
966 18
967 15
968 17
969 18
970 24
971 17
972 13
973 24
974 17
975 13
976 26
977 19
978 15
979 13
980 19
981 12
982 15
983 12
984 15
985 21
986 13
987 21
988 9
989 20
990 14
991 27
992 10
993 16
994 22
995 19
996 17
997 10
998 17
999 16
1000 17
1001 15
1002 22
1003 13
1004 14
1005 17
1006 13
1007 9
1008 16
1009 9
1010 10
1011 23
1012 9
1013 11
1014 12
1015 14
1016 5
1017 10
1018 16
1019 13
1020 13
1021 14
1022 6
1023 15
1024 8
1025 13
1026 12
1027 18
1028 12
1029 12
1030 14
1031 7
1032 11
1033 16
1034 8
1035 6
1036 9
1037 14
1038 14
1039 16
1040 9
1041 8
1042 10
1043 16
1044 12
1045 9
1046 13
1047 10
1048 12
1049 10
1050 12
1051 12
1052 13
1053 10
1054 3
1055 7
1056 7
1057 9
1058 16
1059 12
1060 8
1061 10
1062 11
1063 8
1064 8
1065 12
1066 10
1067 8
1068 10
1069 9
1070 6
1071 9
1072 11
1073 11
1074 11
1075 15
1076 10
1077 5
1078 15
1079 10
1080 6
1081 13
1082 7
1083 12
1084 11
1085 14
1086 9
1087 10
1088 4
1089 9
1090 8
1091 5
1092 7
1093 10
1094 6
1095 8
1096 8
1097 10
1098 6
1099 7
1100 9
1101 8
1102 10
1103 7
1104 9
1105 7
1106 7
1107 8
1108 8
1109 4
1110 5
1111 9
1112 7
1113 8
1114 10
1115 5
1116 3
1117 4
1118 7
1119 5
1120 7
1121 2
1122 5
1123 7
1124 2
1125 2
1126 7
1127 4
1128 2
1129 2
1130 6
1131 3
1132 8
1133 8
1134 3
1135 8
1136 4
1137 5
1138 5
1139 5
1140 5
1141 2
1142 3
1143 7
1144 3
1145 5
1146 8
1147 9
1148 2
1149 8
1150 10
1151 5
1152 9
1153 7
1154 3
1155 3
1156 7
1157 5
1158 6
1159 5
1160 6
1161 6
1162 5
1163 5
1164 5
1165 3
1166 1
1167 4
1168 3
1169 10
1170 3
1171 3
1172 6
1173 3
1174 3
1175 3
1176 5
1177 3
1178 4
1179 3
1180 4
1181 3
1182 4
1183 4
1184 5
1185 4
1186 4
1187 2
1188 7
1189 3
1190 1
1191 2
1192 4
1193 4
1194 4
1195 5
1196 5
1197 3
1198 4
1199 3
1200 1
1201 3
1202 4
1203 4
1204 3
1205 3
1206 5
1207 4
1208 2
1209 0
1210 3
1211 4
1212 2
1213 7
1214 5
1215 3
1216 5
1217 1
1218 1
1219 3
1220 4
1221 3
1222 4
1223 1
1224 2
1225 5
1226 5
1227 3
1228 3
1229 1
1230 2
1231 3
1232 1
1233 3
1234 2
1235 3
1236 0
1237 2
1238 3
1239 1
1240 0
1241 4
1242 1
1243 1
1244 0
1245 3
1246 3
1247 3
1248 3
1249 3
1250 1
1251 0
1252 2
1253 2
1254 3
1255 2
1256 4
1257 1
1258 0
1259 1
1260 3
1261 2
1262 1
1263 3
1264 0
1265 2
1266 0
1267 2
1268 0
1269 3
1270 3
1271 3
1272 2
1273 0
1274 1
1275 2
1276 3
1277 2
1278 6
1279 0
1280 0
1281 1
1282 0
1283 2
1284 1
1285 0
1286 3
1287 1
1288 2
1289 4
1290 2
1291 0
1292 4
1293 1
1294 0
1295 3
1296 2
1297 2
1298 0
1299 2
1300 0
1301 2
1302 1
1303 5
1304 2
1305 2
1306 1
1307 3
1308 1
1309 2
1310 2
1311 0
1312 1
1313 1
1314 1
1315 1
1316 0
1317 2
1318 1
1319 1
1320 1
1321 0
1322 1
1323 3
1324 0
1325 2
1326 1
1327 0
1328 0
1329 0
1330 1
1331 1
1332 2
1333 2
1334 1
1335 1
1336 2
1337 0
1338 0
1339 0
1340 1
1341 1
1342 1
1343 1
1344 1
1345 3
1346 0
1347 0
1348 0
1349 0
1350 1
1351 3
1352 0
1353 1
1354 1
1355 1
1356 2
1357 1
1358 2
1359 1
1360 0
1361 0
1362 2
1363 0
1364 2
1365 1
1366 0
1367 2
1368 1
1369 2
1370 0
1371 0
1372 2
1373 0
1374 2
1375 0
1376 0
1377 1
1378 1
1379 0
1380 0
1381 0
1382 1
1383 0
1384 0
1385 0
1386 1
1387 1
1388 0
1389 0
1390 1
1391 2
1392 1
1393 0
1394 1
1395 0
1396 1
1397 0
1398 0
1399 1
1400 0
1401 1
1402 1
1403 0
1404 1
1405 2
1406 1
1407 0
1408 1
1409 1
1410 1
1411 0
1412 2
1413 0
1414 1
1415 1
1416 0
1417 2
1418 1
1419 1
1420 0
1421 0
1422 0
1423 1
1424 1
1425 0
1426 0
1427 1
1428 0
1429 1
1430 3
1431 1
1432 1
1433 0
1434 0
1435 0
1436 0
1437 0
1438 1
1439 1
1440 1
1441 0
1442 0
1443 1
1444 0
1445 1
1446 1
1447 0
1448 0
1449 0
1450 0
1451 0
1452 0
1453 0
1454 0
1455 0
1456 0
1457 0
1458 2
1459 1
1460 0
1461 0
1462 0
1463 0
1464 0
1465 0
1466 0
1467 1
1468 0
1469 0
1470 1
1471 0
1472 1
1473 1
1474 1
1475 0
1476 1
1477 1
1478 1
1479 0
1480 0
1481 0
1482 0
1483 0
1484 0
1485 1
1486 1
1487 2
1488 0
1489 1
1490 0
1491 0
1492 0
1493 1
1494 0
1495 0
1496 0
1497 0
1498 1
1499 1
1500 0
1501 2
1502 0
1503 0
1504 1
1505 0
1506 1
1507 2
1508 1
1509 1
1510 1
1511 1
1512 0
1513 0
1514 0
1515 1
1516 2
1517 0
1518 1
1519 0
1520 1
1521 0
1522 1
1523 0
1524 0
1525 1
1526 0
1527 0
1528 2
1529 0
1530 1
1531 0
1532 0
1533 0
1534 1
1535 1
1536 2
1537 0
1538 1
1539 3
1540 1
1541 0
1542 1
1543 0
1544 0
1545 0
1546 1
1547 1
1548 0
1549 1
1550 0
1551 0
1552 0
1553 0
1554 0
1555 0
1556 2
1557 1
1558 0
1559 0
1560 0
1561 2
1562 0
1563 0
1564 0
1565 0
1566 0
1567 0
1568 0
1569 0
1570 0
1571 0
1572 1
1573 0
1574 0
1575 1
1576 0
1577 1
1578 1
1579 0
1580 0
1581 0
1582 0
1583 0
1584 0
1585 1
1586 1
1587 0
1588 0
1589 0
1590 2
1591 0
1592 0
1593 0
1594 0
1595 1
1596 0
1597 0
1598 0
1599 1
1600 0
1601 0
1602 0
1603 0
1604 0
1605 0
1606 0
1607 2
1608 0
1609 1
1610 0
1611 1
1612 0
1613 0
1614 0
1615 0
1616 0
1617 0
1618 0
1619 0
1620 0
1621 0
1622 0
1623 1
1624 0
1625 0
1626 0
1627 1
1628 1
1629 1
1630 0
1631 0
1632 0
1633 0
1634 0
1635 0
1636 0
1637 0
1638 1
1639 0
1640 0
1641 1
1642 0
1643 0
1644 0
1645 0
1646 0
1647 0
1648 1
1649 0
1650 0
1651 0
1652 1
1653 0
1654 0
1655 1
1656 0
1657 0
1658 1
1659 0
1660 1
1661 1
1662 0
1663 0
1664 0
1665 0
1666 1
1667 0
1668 0
1669 0
1670 0
1671 0
1672 1
1673 0
1674 0
1675 1
1676 1
1677 0
1678 0
1679 0
1680 0
1681 0
1682 0
1683 0
1684 0
1685 0
1686 0
1687 1
1688 0
1689 0
1690 0
1691 0
1692 0
1693 0
1694 1
1695 0
1696 0
1697 0
1698 0
1699 0
1700 0
1701 0
1702 1
1703 0
1704 0
1705 1
1706 0
1707 0
1708 0
1709 1
1710 1
1711 0
1712 0
1713 0
1714 0
1715 0
1716 0
1717 1
1718 1
1719 0
1720 0
1721 0
1722 0
1723 0
1724 0
1725 0
1726 0
1727 2
1728 0
1729 0
1730 0
1731 0
1732 0
1733 0
1734 0
1735 0
1736 0
1737 0
1738 1
1739 1
1740 0
1741 0
1742 0
1743 0
1744 0
1745 1
1746 0
1747 0
1748 0
1749 0
1750 0
1751 0
1752 0
1753 2
1754 1
1755 0
1756 0
1757 0
1758 1
1759 0
1760 0
1761 0
1762 0
1763 0
1764 0
1765 1
1766 0
1767 0
1768 1
1769 0
1770 1
1771 0
1772 0
1773 0
1774 0
1775 0
1776 0
1777 0
1778 0
1779 0
1780 0
1781 0
1782 0
1783 0
1784 1
1785 0
1786 0
1787 0
1788 0
1789 0
1790 0
1791 0
1792 1
1793 0
1794 0
1795 0
1796 0
1797 0
1798 0
1799 1
1800 0
1801 0
1802 0
1803 0
1804 1
1805 0
1806 0
1807 0
1808 0
1809 0
1810 0
1811 1
1812 0
1813 1
1814 0
1815 0
1816 0
1817 0
1818 1
1819 1
1820 0
1821 0
1822 0
1823 0
1824 0
1825 0
1826 1
1827 0
1828 0
1829 0
1830 1
1831 0
1832 0
1833 1
1834 0
1835 0
1836 1
1837 0
1838 1
1839 0
1840 0
1841 0
1842 0
1843 0
1844 1
1845 0
1846 0
1847 0
1848 1
1849 0
1850 1
1851 0
1852 0
1853 0
1854 0
1855 1
1856 0
1857 0
1858 0
1859 2
1860 0
1861 0
1862 0
1863 0
1864 0
1865 0
1866 0
1867 0
1868 0
1869 0
1870 0
1871 0
1872 0
1873 1
1874 1
1875 0
1876 1
1877 0
1878 2
1879 1
1880 1
1881 0
1882 1
1883 0
1884 0
1885 0
1886 0
1887 0
1888 0
1889 0
1890 0
1891 0
1892 0
1893 0
1894 0
1895 0
1896 0
1897 0
1898 0
1899 1
1900 2
1901 0
1902 0
1903 0
1904 0
1905 0
1906 0
1907 1
1908 0
1909 0
1910 0
1911 1
1912 0
1913 0
1914 0
1915 0
1916 0
1917 0
1918 0
1919 0
1920 0
1921 0
1922 2
1923 0
1924 0
1925 0
1926 0
1927 0
1928 0
1929 0
1930 1
1931 0
1932 0
1933 0
1934 0
1935 0
1936 0
1937 0
1938 0
1939 0
1940 0
1941 0
1942 0
1943 0
1944 0
1945 0
1946 1
1947 1
1948 0
1949 0
1950 0
1951 0
1952 0
1953 0
1954 0
1955 0
1956 0
1957 1
1958 0
1959 0
1960 0
1961 0
1962 0
1963 0
1964 0
1965 1
1966 0
1967 0
1968 0
1969 1
1970 1
1971 0
1972 1
1973 0
1974 0
1975 0
1976 0
1977 0
1978 0
1979 0
1980 0
1981 0
1982 0
1983 0
1984 0
1985 0
1986 1
1987 1
1988 0
1989 0
1990 0
1991 0
1992 1
1993 0
1994 0
1995 0
1996 0
1997 0
1998 0
1999 0
2000 0
2001 0
2002 0
2003 0
2004 0
2005 1
2006 0
2007 0
2008 0
2009 0
2010 1
2011 0
2012 0
2013 0
2014 0
2015 0
2016 0
2017 0
2018 0
2019 0
2020 0
2021 0
2022 1
2023 1
2024 0
2025 0
2026 0
2027 0
2028 0
2029 0
2030 1
2031 0
2032 0
2033 0
2034 0
2035 0
2036 0
2037 0
2038 0
2039 0
2040 1
2041 0
2042 0
2043 0
2044 0
2045 0
2046 2
2047 0
2048 0
2049 0
2050 0
2051 0
2052 0
2053 0
2054 0
2055 0
2056 0
2057 0
2058 1
2059 0
2060 0
2061 0
2062 0
2063 0
2064 0
2065 0
2066 0
2067 0
2068 0
2069 0
2070 1
2071 0
2072 0
2073 0
2074 0
2075 0
2076 0
2077 0
2078 0
2079 1
2080 0
2081 0
2082 1
2083 0
2084 0
2085 0
2086 0
2087 0
2088 0
2089 0
2090 0
2091 0
2092 0
2093 0
2094 0
2095 1
2096 0
2097 0
2098 0
2099 0
2100 0
2101 0
2102 0
2103 0
2104 0
2105 0
2106 0
2107 0
2108 0
2109 0
2110 0
2111 1
2112 0
2113 0
2114 0
2115 0
2116 1
2117 0
2118 0
2119 0
2120 0
2121 0
2122 1
2123 1
2124 0
2125 0
2126 0
2127 0
2128 0
2129 0
2130 0
2131 0
2132 1
2133 0
2134 0
2135 0
2136 0
2137 2
2138 0
2139 0
2140 0
2141 0
2142 0
2143 0
2144 0
2145 0
2146 0
2147 1
2148 0
2149 0
2150 0
2151 0
2152 0
2153 0
2154 0
2155 0
2156 0
2157 0
2158 0
2159 0
2160 1
2161 0
2162 0
2163 0
2164 0
2165 0
2166 0
2167 0
2168 0
2169 1
2170 0
2171 0
2172 1
2173 0
2174 0
2175 0
2176 0
2177 0
2178 0
2179 0
2180 0
2181 0
2182 0
2183 1
2184 0
2185 1
2186 0
2187 0
2188 1
2189 0
2190 0
2191 0
2192 0
2193 1
2194 0
2195 1
2196 0
2197 0
2198 0
2199 0
2200 1
2201 0
2202 0
2203 0
2204 0
2205 0
2206 0
2207 0
2208 0
2209 0
2210 0
2211 0
2212 0
2213 0
2214 0
2215 0
2216 0
2217 0
2218 0
2219 0
2220 0
2221 0
2222 0
2223 0
2224 0
2225 0
2226 0
2227 0
2228 0
2229 0
2230 0
2231 0
2232 1
2233 0
2234 0
2235 0
2236 0
2237 0
2238 0
2239 0
2240 0
2241 1
2242 0
2243 0
2244 0
2245 0
2246 0
2247 1
2248 0
2249 0
2250 1
2251 0
2252 0
2253 0
2254 0
2255 0
2256 0
2257 0
2258 0
2259 0
2260 0
2261 0
2262 1
2263 0
2264 0
2265 0
2266 1
2267 0
2268 0
2269 0
2270 1
2271 1
2272 0
2273 0
2274 0
2275 0
2276 0
2277 0
2278 0
2279 0
2280 0
2281 0
2282 0
2283 0
2284 0
2285 0
2286 0
2287 0
2288 0
2289 0
2290 0
2291 0
2292 0
2293 0
2294 0
2295 0
2296 1
2297 0
2298 0
2299 0
2300 0
2301 0
2302 0
2303 1
2304 0
2305 0
2306 1
2307 0
2308 0
2309 0
2310 0
2311 0
2312 0
2313 0
2314 0
2315 1
2316 0
2317 0
2318 1
2319 0
2320 0
2321 2
2322 1
2323 0
2324 0
2325 0
2326 0
2327 0
2328 0
2329 0
2330 0
2331 0
2332 0
2333 0
2334 0
2335 1
2336 0
2337 0
2338 0
2339 0
2340 1
2341 0
2342 0
2343 0
2344 1
2345 0
2346 0
2347 0
2348 0
2349 0
2350 0
2351 0
2352 0
2353 0
2354 0
2355 1
2356 0
2357 0
2358 0
2359 0
2360 0
2361 0
2362 2
2363 0
2364 0
2365 0
2366 0
2367 0
2368 0
2369 0
2370 0
2371 0
2372 0
2373 0
2374 2
2375 0
2376 0
2377 0
2378 2
2379 0
2380 0
2381 0
2382 0
2383 0
2384 0
2385 0
2386 0
2387 0
2388 0
2389 0
2390 0
2391 0
2392 0
2393 0
2394 0
2395 1
2396 0
2397 0
2398 0
2399 0
2400 0
2401 0
2402 0
2403 0
2404 0
2405 0
2406 0
2407 0
2408 0
2409 0
2410 0
2411 0
2412 1
2413 0
2414 0
2415 0
2416 0
2417 0
2418 0
2419 0
2420 0
2421 0
2422 0
2423 0
2424 0
2425 0
2426 0
2427 0
2428 0
2429 0
2430 0
2431 1
2432 1
2433 1
2434 0
2435 0
2436 0
2437 0
2438 0
2439 0
2440 1
2441 0
2442 0
2443 0
2444 0
2445 1
2446 0
2447 0
2448 0
2449 0
2450 0
2451 0
2452 0
2453 0
2454 0
2455 0
2456 0
2457 0
2458 0
2459 0
2460 0
2461 0
2462 0
2463 0
2464 0
2465 1
2466 0
2467 0
2468 0
2469 0
2470 0
2471 0
2472 0
2473 0
2474 0
2475 0
2476 0
2477 0
2478 1
2479 0
2480 0
2481 0
2482 0
2483 0
2484 1
2485 0
2486 0
2487 0
2488 1
2489 0
2490 0
2491 0
2492 0
2493 0
2494 0
2495 0
2496 0
2497 0
2498 0
2499 0
2500 0
2501 0
2502 0
2503 0
2504 0
2505 1
2506 0
2507 0
2508 0
2509 0
2510 0
2511 0
2512 0
2513 0
2514 0
2515 0
2516 1
2517 0
2518 0
2519 0
2520 0
2521 0
2522 0
2523 0
2524 1
2525 0
2526 0
2527 0
2528 0
2529 0
2530 0
2531 1
2532 0
2533 0
2534 0
2535 0
2536 0
2537 0
2538 0
2539 0
2540 0
2541 0
2542 0
2543 0
2544 0
2545 0
2546 1
2547 0
2548 0
2549 0
2550 0
2551 0
2552 0
2553 0
2554 0
2555 0
2556 0
2557 0
2558 0
2559 0
2560 0
2561 0
2562 0
2563 0
2564 0
2565 0
2566 0
2567 0
2568 0
2569 0
2570 0
2571 0
2572 0
2573 0
2574 0
2575 0
2576 0
2577 0
2578 0
2579 0
2580 0
2581 1
2582 0
2583 0
2584 0
2585 0
2586 0
2587 0
2588 0
2589 0
2590 0
2591 0
2592 0
2593 0
2594 0
2595 0
2596 0
2597 1
2598 0
2599 0
2600 0
2601 0
2602 0
2603 0
2604 0
2605 0
2606 0
2607 0
2608 0
2609 0
2610 0
2611 0
2612 0
2613 0
2614 0
2615 0
2616 0
2617 1
2618 0
2619 0
2620 0
2621 0
2622 0
2623 0
2624 0
2625 1
2626 0
2627 0
2628 0
2629 0
2630 0
2631 1
2632 0
2633 0
2634 1
2635 1
2636 0
2637 0
2638 0
2639 0
2640 0
2641 0
2642 0
2643 1
2644 0
2645 0
2646 0
2647 0
2648 0
2649 0
2650 0
2651 0
2652 0
2653 0
2654 0
2655 0
2656 0
2657 0
2658 0
2659 0
2660 0
2661 0
2662 0
2663 0
2664 0
2665 0
2666 0
2667 0
2668 0
2669 0
2670 0
2671 0
2672 0
2673 0
2674 0
2675 0
2676 0
2677 0
2678 0
2679 0
2680 1
2681 0
2682 0
2683 0
2684 0
2685 0
2686 2
2687 0
2688 0
2689 0
2690 1
2691 0
2692 0
2693 0
2694 0
2695 0
2696 0
2697 0
2698 0
2699 0
2700 0
2701 0
2702 0
2703 0
2704 0
2705 0
2706 0
2707 0
2708 0
2709 0
2710 0
2711 0
2712 0
2713 0
2714 1
2715 0
2716 0
2717 0
2718 0
2719 0
2720 0
2721 0
2722 0
2723 1
2724 0
2725 0
2726 0
2727 0
2728 0
2729 0
2730 1
2731 0
2732 0
2733 0
2734 0
2735 0
2736 1
2737 0
2738 0
2739 0
2740 0
2741 1
2742 0
2743 0
2744 1
2745 0
2746 0
2747 0
2748 0
2749 0
2750 0
2751 1
2752 0
2753 0
2754 0
2755 1
2756 0
2757 0
2758 0
2759 0
2760 0
2761 0
2762 1
2763 0
2764 0
2765 0
2766 0
2767 0
2768 1
2769 0
2770 0
2771 0
2772 0
2773 0
2774 0
2775 0
2776 0
2777 0
2778 0
2779 0
2780 0
2781 0
2782 1
2783 0
2784 0
2785 0
2786 0
2787 0
2788 0
2789 0
2790 0
2791 0
2792 0
2793 0
2794 0
2795 0
2796 0
2797 0
2798 0
2799 0
2800 0
2801 0
2802 0
2803 1
2804 0
2805 0
2806 0
2807 0
2808 0
2809 0
2810 0
2811 1
2812 0
2813 0
2814 0
2815 0
2816 0
2817 0
2818 0
2819 0
2820 0
2821 1
2822 0
2823 0
2824 0
2825 0
2826 0
2827 0
2828 0
2829 0
2830 0
2831 0
2832 0
2833 1
2834 0
2835 0
2836 0
2837 0
2838 0
2839 0
2840 0
2841 0
2842 1
2843 1
2844 0
2845 0
2846 0
2847 0
2848 0
2849 0
2850 0
2851 0
2852 0
2853 0
2854 0
2855 0
2856 0
2857 0
2858 1
2859 1
2860 0
2861 0
2862 1
2863 0
2864 0
2865 0
2866 1
2867 0
2868 0
2869 1
2870 0
2871 1
2872 0
2873 0
2874 0
2875 0
2876 0
2877 0
2878 1
2879 0
2880 0
2881 1
2882 0
2883 0
2884 0
2885 0
2886 0
2887 0
2888 1
2889 0
2890 0
2891 0
2892 0
2893 0
2894 0
2895 0
2896 0
2897 0
2898 0
2899 0
2900 0
2901 0
2902 1
2903 0
2904 0
2905 0
2906 0
2907 0
2908 0
2909 0
2910 0
2911 0
2912 0
2913 0
2914 0
2915 0
2916 0
2917 0
2918 0
2919 0
2920 0
2921 1
2922 0
2923 0
2924 0
2925 0
2926 0
2927 0
2928 0
2929 0
2930 0
2931 0
2932 0
2933 0
2934 0
2935 0
2936 0
2937 0
2938 0
2939 0
2940 1
2941 0
2942 0
2943 0
2944 0
2945 1
2946 0
2947 0
2948 0
2949 0
2950 0
2951 0
2952 0
2953 0
2954 0
2955 0
2956 0
2957 0
2958 0
2959 2
2960 0
2961 1
2962 0
2963 1
2964 0
2965 0
2966 0
2967 0
2968 0
2969 0
2970 0
2971 0
2972 0
2973 0
2974 0
2975 0
2976 1
2977 0
2978 0
2979 0
2980 0
2981 0
2982 0
2983 0
2984 0
2985 1
2986 0
2987 0
2988 0
2989 0
2990 0
2991 0
2992 0
2993 0
2994 1
2995 0
2996 0
2997 0
2998 0
2999 0
3000 0
3001 0
3002 0
3003 1
3004 0
3005 0
3006 0
3007 1
3008 0
3009 0
3010 0
3011 0
3012 0
3013 0
3014 0
3015 0
3016 0
3017 0
3018 0
3019 0
3020 0
3021 0
3022 0
3023 0
3024 0
3025 0
3026 0
3027 0
3028 0
3029 0
3030 0
3031 0
3032 0
3033 0
3034 0
3035 0
3036 0
3037 0
3038 1
3039 0
3040 1
3041 0
3042 0
3043 0
3044 0
3045 0
3046 2
3047 0
3048 0
3049 0
3050 0
3051 0
3052 0
3053 0
3054 0
3055 0
3056 0
3057 0
3058 0
3059 0
3060 0
3061 0
3062 0
3063 0
3064 0
3065 0
3066 0
3067 0
3068 0
3069 0
3070 0
3071 0
3072 0
3073 0
3074 0
3075 0
3076 0
3077 0
3078 0
3079 0
3080 0
3081 1
3082 0
3083 0
3084 0
3085 0
3086 0
3087 0
3088 0
3089 0
3090 0
3091 0
3092 0
3093 0
3094 0
3095 0
3096 0
3097 0
3098 0
3099 0
3100 0
3101 0
3102 0
3103 0
3104 0
3105 0
3106 0
3107 0
3108 0
3109 0
3110 0
3111 0
3112 0
3113 0
3114 0
3115 0
3116 0
3117 0
3118 0
3119 0
3120 0
3121 0
3122 0
3123 0
3124 0
3125 0
3126 0
3127 0
3128 0
3129 0
3130 0
3131 0
3132 0
3133 1
3134 0
3135 0
3136 0
3137 0
3138 0
3139 0
3140 0
3141 0
3142 0
3143 1
3144 0
3145 0
3146 1
3147 0
3148 0
3149 0
3150 1
3151 0
3152 0
3153 0
3154 0
3155 0
3156 0
3157 0
3158 0
3159 0
3160 1
3161 0
3162 0
3163 0
3164 1
3165 0
3166 0
3167 0
3168 1
3169 0
3170 0
3171 0
3172 1
3173 0
3174 0
3175 0
3176 0
3177 0
3178 0
3179 1
3180 0
3181 1
3182 0
3183 0
3184 0
3185 0
3186 0
3187 0
3188 0
3189 1
3190 0
3191 0
3192 1
3193 0
3194 0
3195 0
3196 0
3197 0
3198 0
3199 0
3200 0
3201 0
3202 0
3203 0
3204 0
3205 0
3206 0
3207 0
3208 0
3209 1
3210 1
3211 0
3212 0
3213 0
3214 0
3215 0
3216 0
3217 0
3218 0
3219 1
3220 0
3221 0
3222 0
3223 0
3224 0
3225 0
3226 0
3227 0
3228 0
3229 0
3230 0
3231 0
3232 0
3233 0
3234 0
3235 0
3236 0
3237 0
3238 0
3239 0
3240 0
3241 1
3242 0
3243 0
3244 0
3245 1
3246 1
3247 0
3248 0
3249 0
3250 0
3251 0
3252 0
3253 1
3254 1
3255 0
3256 0
3257 0
3258 0
3259 0
3260 1
3261 0
3262 0
3263 0
3264 1
3265 0
3266 0
3267 0
3268 1
3269 0
3270 0
3271 0
3272 0
3273 0
3274 0
3275 0
3276 0
3277 0
3278 0
3279 0
3280 0
3281 0
3282 0
3283 0
3284 0
3285 0
3286 0
3287 0
3288 0
3289 0
3290 0
3291 0
3292 1
3293 0
3294 0
3295 0
3296 0
3297 0
3298 0
3299 0
3300 0
3301 0
3302 0
3303 0
3304 0
3305 1
3306 0
3307 0
3308 0
3309 0
3310 0
3311 1
3312 0
3313 0
3314 0
3315 0
3316 0
3317 0
3318 0
3319 0
3320 0
3321 0
3322 0
3323 0
3324 0
3325 0
3326 0
3327 0
3328 0
3329 0
3330 0
3331 0
3332 0
3333 0
3334 0
3335 0
3336 0
3337 0
3338 1
3339 0
3340 0
3341 0
3342 0
3343 0
3344 0
3345 0
3346 0
3347 0
3348 0
3349 0
3350 1
3351 0
3352 0
3353 0
3354 1
3355 0
3356 0
3357 0
3358 0
3359 0
3360 0
3361 0
3362 0
3363 0
3364 0
3365 0
3366 0
3367 0
3368 0
3369 0
3370 0
3371 0
3372 0
3373 1
3374 0
3375 0
3376 0
3377 0
3378 0
3379 0
3380 0
3381 0
3382 0
3383 0
3384 0
3385 0
3386 0
3387 0
3388 0
3389 0
3390 0
3391 0
3392 0
3393 0
3394 0
3395 0
3396 0
3397 0
3398 0
3399 0
3400 0
3401 0
3402 0
3403 0
3404 0
3405 0
3406 0
3407 0
3408 0
3409 0
3410 0
3411 0
3412 0
3413 0
3414 0
3415 0
3416 0
3417 0
3418 0
3419 0
3420 0
3421 0
3422 0
3423 0
3424 0
3425 0
3426 0
3427 0
3428 0
3429 0
3430 0
3431 1
3432 0
3433 0
3434 0
3435 0
3436 1
3437 0
3438 0
3439 0
3440 0
3441 1
3442 0
3443 0
3444 0
3445 0
3446 0
3447 0
3448 1
3449 0
3450 0
3451 0
3452 1
3453 0
3454 0
3455 0
3456 0
3457 0
3458 0
3459 0
3460 0
3461 0
3462 0
3463 0
3464 0
3465 0
3466 0
3467 0
3468 0
3469 0
3470 0
3471 0
3472 0
3473 0
3474 0
3475 0
3476 0
3477 0
3478 0
3479 0
3480 0
3481 0
3482 2
3483 0
3484 0
3485 0
3486 0
3487 0
3488 0
3489 0
3490 0
3491 0
3492 0
3493 0
3494 0
3495 1
3496 0
3497 0
3498 0
3499 0
3500 1
3501 0
3502 0
3503 0
3504 2
3505 0
3506 0
3507 0
3508 0
3509 0
3510 0
3511 0
3512 0
3513 0
3514 0
3515 0
3516 0
3517 1
3518 0
3519 0
3520 0
3521 0
3522 0
3523 0
3524 0
3525 0
3526 0
3527 0
3528 0
3529 0
3530 0
3531 0
3532 0
3533 0
3534 0
3535 0
3536 0
3537 0
3538 1
3539 0
3540 0
3541 0
3542 0
3543 0
3544 0
3545 0
3546 0
3547 1
3548 0
3549 0
3550 1
3551 0
3552 0
3553 0
3554 1
3555 0
3556 0
3557 0
3558 0
3559 0
3560 0
3561 0
3562 0
3563 0
3564 0
3565 0
3566 0
3567 0
3568 0
3569 0
3570 0
3571 0
3572 0
3573 0
3574 0
3575 0
3576 0
3577 1
3578 0
3579 0
3580 0
3581 0
3582 0
3583 0
3584 0
3585 0
3586 0
3587 0
3588 0
3589 0
3590 0
3591 0
3592 0
3593 1
3594 0
3595 0
3596 0
3597 0
3598 0
3599 0
3600 0
3601 0
3602 0
3603 1
3604 0
3605 0
3606 0
3607 0
3608 0
3609 0
3610 0
3611 0
3612 0
3613 0
3614 0
3615 0
3616 0
3617 0
3618 0
3619 0
3620 0
3621 0
3622 1
3623 0
3624 0
3625 0
3626 0
3627 0
3628 0
3629 0
3630 0
3631 1
3632 0
3633 0
3634 0
3635 0
3636 2
3637 0
3638 0
3639 0
3640 1
3641 0
3642 0
3643 0
3644 0
3645 0
3646 0
3647 0
3648 0
3649 0
3650 0
3651 1
3652 0
3653 1
3654 0
3655 0
3656 0
3657 0
3658 0
3659 0
3660 1
3661 0
3662 0
3663 0
3664 0
3665 0
3666 0
3667 0
3668 0
3669 0
3670 0
3671 0
3672 0
3673 0
3674 0
3675 0
3676 1
3677 0
3678 0
3679 0
3680 0
3681 0
3682 0
3683 1
3684 0
3685 0
3686 0
3687 0
3688 0
3689 0
3690 0
3691 1
3692 0
3693 0
3694 0
3695 0
3696 0
3697 0
3698 0
3699 0
3700 0
3701 0
3702 0
3703 0
3704 0
3705 0
3706 0
3707 0
3708 0
3709 0
3710 0
3711 0
3712 0
3713 0
3714 0
3715 0
3716 0
3717 0
3718 0
3719 0
3720 0
3721 0
3722 0
3723 0
3724 0
3725 0
3726 0
3727 0
3728 0
3729 0
3730 0
3731 0
3732 0
3733 0
3734 0
3735 0
3736 0
3737 0
3738 1
3739 0
3740 0
3741 1
3742 0
3743 0
3744 0
3745 0
3746 0
3747 0
3748 0
3749 0
3750 0
3751 0
3752 0
3753 0
3754 0
3755 0
3756 0
3757 0
3758 0
3759 0
3760 0
3761 0
3762 0
3763 0
3764 0
3765 0
3766 0
3767 0
3768 0
3769 0
3770 0
3771 0
3772 0
3773 0
3774 0
3775 0
3776 0
3777 0
3778 1
3779 0
3780 0
3781 0
3782 1
3783 0
3784 0
3785 0
3786 0
3787 1
3788 0
3789 0
3790 0
3791 0
3792 0
3793 0
3794 0
3795 0
3796 0
3797 0
3798 0
3799 0
3800 0
3801 0
3802 0
3803 0
3804 0
3805 0
3806 0
3807 0
3808 0
3809 0
3810 0
3811 1
3812 0
3813 0
3814 0
3815 1
3816 0
3817 0
3818 0
3819 0
3820 0
3821 0
3822 0
3823 0
3824 0
3825 0
3826 0
3827 0
3828 0
3829 0
3830 0
3831 0
3832 0
3833 0
3834 0
3835 0
3836 0
3837 0
3838 0
3839 1
3840 0
3841 0
3842 0
3843 1
3844 0
3845 1
3846 0
3847 0
3848 0
3849 0
3850 0
3851 0
3852 0
3853 0
3854 0
3855 0
3856 0
3857 0
3858 0
3859 1
3860 0
3861 0
3862 0
3863 0
3864 0
3865 0
3866 0
3867 0
3868 0
3869 1
3870 0
3871 0
3872 0
3873 0
3874 0
3875 0
3876 0
3877 0
3878 0
3879 0
3880 0
3881 0
3882 0
3883 0
3884 0
3885 0
3886 0
3887 0
3888 0
3889 0
3890 1
3891 0
3892 0
3893 0
3894 0
3895 0
3896 0
3897 1
3898 0
3899 0
3900 0
3901 0
3902 0
3903 0
3904 0
3905 0
3906 1
3907 0
3908 0
3909 0
3910 0
3911 0
3912 0
3913 0
3914 0
3915 0
3916 0
3917 0
3918 0
3919 0
3920 0
3921 0
3922 0
3923 0
3924 0
3925 0
3926 0
3927 0
3928 0
3929 0
3930 0
3931 0
3932 0
3933 0
3934 0
3935 0
3936 0
3937 1
3938 0
3939 0
3940 0
3941 0
3942 0
3943 0
3944 0
3945 0
3946 0
3947 0
3948 0
3949 0
3950 0
3951 0
3952 0
3953 0
3954 0
3955 0
3956 0
3957 0
3958 0
3959 0
3960 0
3961 0
3962 0
3963 0
3964 0
3965 0
3966 0
3967 0
3968 0
3969 0
3970 0
3971 0
3972 0
3973 0
3974 0
3975 0
3976 0
3977 0
3978 0
3979 0
3980 0
3981 0
3982 0
3983 0
3984 0
3985 0
3986 0
3987 0
3988 0
3989 0
3990 0
3991 0
3992 0
3993 0
3994 0
3995 1
3996 0
3997 0
3998 0
3999 0
4000 0
