0 0
1 0
2 0
3 0
4 0
5 0
6 0
7 0
8 0
9 0
10 0
11 0
12 0
13 0
14 0
15 0
16 0
17 0
18 0
19 0
20 0
21 0
22 0
23 0
24 0
25 0
26 0
27 0
28 0
29 0
30 0
31 0
32 0
33 0
34 0
35 0
36 0
37 0
38 0
39 0
40 0
41 0
42 0
43 0
44 0
45 0
46 0
47 0
48 0
49 0
50 0
51 0
52 0
53 0
54 0
55 0
56 0
57 0
58 0
59 0
60 0
61 0
62 0
63 0
64 0
65 0
66 0
67 0
68 0
69 0
70 0
71 0
72 0
73 0
74 0
75 0
76 0
77 0
78 0
79 0
80 0
81 0
82 0
83 0
84 0
85 0
86 0
87 0
88 0
89 0
90 0
91 0
92 0
93 0
94 0
95 0
96 0
97 0
98 0
99 0
100 0
101 0
102 0
103 0
104 0
105 0
106 0
107 0
108 0
109 0
110 0
111 0
112 0
113 0
114 0
115 0
116 0
117 0
118 0
119 0
120 0
121 0
122 0
123 0
124 0
125 0
126 0
127 0
128 0
129 0
130 0
131 0
132 0
133 0
134 0
135 0
136 0
137 0
138 0
139 0
140 0
141 0
142 0
143 0
144 0
145 0
146 0
147 0
148 0
149 0
150 0
151 0
152 0
153 0
154 3
155 4
156 2
157 4
158 2
159 1
160 4
161 2
162 6
163 3
164 1
165 3
166 4
167 1
168 3
169 2
170 4
171 1
172 2
173 4
174 13
175 6
176 7
177 5
178 8
179 22
180 20
181 32
182 57
183 64
184 74
185 78
186 94
187 163
188 245
189 563
190 1174
191 2118
192 3029
193 4161
194 4811
195 5202
196 5480
197 5428
198 5261
199 5022
200 4897
201 4644
202 4349
203 4043
204 3939
205 3762
206 3654
207 3610
208 3445
209 3489
210 3497
211 3300
212 3235
213 3352
214 3262
215 3079
216 3154
217 3108
218 3047
219 3028
220 3080
221 2950
222 2874
223 2979
224 2983
225 2858
226 2968
227 2755
228 2897
229 2833
230 2900
231 2865
232 2793
233 2844
234 2910
235 2850
236 2919
237 2862
238 2870
239 2792
240 2853
241 2822
242 2811
243 2885
244 2797
245 2869
246 2703
247 2787
248 2817
249 2852
250 2817
251 2803
252 2810
253 2836
254 2786
255 2824
256 2766
257 2759
258 2750
259 2809
260 2874
261 2740
262 2693
263 2759
264 2745
265 2806
266 2713
267 2789
268 2779
269 2676
270 2758
271 2726
272 2788
273 2790
274 2775
275 2785
276 2761
277 2857
278 2794
279 2752
280 2850
281 2846
282 2868
283 2862
284 2830
285 2811
286 2879
287 2850
288 2842
289 2804
290 2756
291 2778
292 2878
293 2913
294 2859
295 2848
296 2887
297 2788
298 2817
299 2765
300 2845
301 2897
302 2858
303 2866
304 2730
305 2846
306 2942
307 2870
308 2931
309 2965
310 2940
311 2893
312 2898
313 2866
314 2900
315 2919
316 2940
317 2865
318 2884
319 2933
320 2977
321 2920
322 2915
323 2925
324 2910
325 3024
326 2966
327 2994
328 2918
329 2998
330 2936
331 2939
332 3019
333 2985
334 3006
335 3067
336 3085
337 3076
338 3070
339 2990
340 3074
341 3075
342 3007
343 3100
344 2999
345 2951
346 3051
347 3075
348 3126
349 3138
350 3080
351 3040
352 3113
353 3090
354 3050
355 3077
356 3155
357 3054
358 3238
359 3104
360 3109
361 3159
362 3244
363 3148
364 3097
365 3126
366 3213
367 3117
368 3139
369 3205
370 3148
371 3076
372 3125
373 3236
374 3183
375 3214
376 3109
377 3152
378 3163
379 3166
380 3192
381 3060
382 3278
383 3262
384 3126
385 3221
386 3146
387 3116
388 3188
389 3212
390 3270
391 3196
392 3190
393 3243
394 3156
395 3071
396 3208
397 3137
398 3205
399 3175
400 3268
401 3211
402 3215
403 3264
404 3166
405 3211
406 3087
407 3159
408 3123
409 3073
410 3122
411 3175
412 3089
413 3118
414 3173
415 3166
416 3084
417 3087
418 3146
419 3098
420 3029
421 3090
422 3109
423 3015
424 3026
425 3119
426 3055
427 3095
428 3058
429 2897
430 3042
431 3071
432 3111
433 2981
434 2978
435 3037
436 2940
437 3031
438 3003
439 2958
440 2888
441 2880
442 2933
443 2999
444 2871
445 2886
446 2839
447 2873
448 2764
449 2776
450 2915
451 2829
452 2726
453 2845
454 2807
455 2729
456 2776
457 2658
458 2796
459 2772
460 2715
461 2773
462 2674
463 2599
464 2625
465 2643
466 2590
467 2663
468 2549
469 2595
470 2748
471 2588
472 2543
473 2550
474 2515
475 2553
476 2336
477 2482
478 2358
479 2518
480 2443
481 2390
482 2400
483 2405
484 2343
485 2342
486 2382
487 2364
488 2344
489 2308
490 2429
491 2239
492 2255
493 2190
494 2238
495 2213
496 2200
497 2187
498 2245
499 2145
500 2091
501 2194
502 2150
503 2118
504 2053
505 2060
506 2054
507 2040
508 2016
509 1927
510 1988
511 1968
512 2005
513 1988
514 1832
515 1854
516 1867
517 1824
518 1960
519 1832
520 1782
521 1799
522 1835
523 1757
524 1769
525 1772
526 1700
527 1715
528 1758
529 1750
530 1634
531 1716
532 1632
533 1600
534 1561
535 1571
536 1582
537 1638
538 1533
539 1553
540 1475
541 1496
542 1451
543 1468
544 1427
545 1367
546 1460
547 1419
548 1404
549 1429
550 1267
551 1366
552 1364
553 1358
554 1294
555 1275
556 1281
557 1266
558 1240
559 1224
560 1212
561 1212
562 1164
563 1187
564 1092
565 1125
566 1108
567 1104
568 1064
569 1128
570 1060
571 1037
572 1047
573 1009
574 1069
575 1026
576 1011
577 973
578 968
579 972
580 985
581 910
582 951
583 931
584 908
585 892
586 873
587 916
588 873
589 842
590 846
591 759
592 784
593 799
594 801
595 804
596 811
597 844
598 709
599 756
600 750
601 704
602 710
603 683
604 689
605 683
606 685
607 667
608 698
609 645
610 630
611 658
612 669
613 594
614 599
615 638
616 625
617 528
618 603
619 550
620 549
621 555
622 557
623 555
624 561
625 505
626 537
627 496
628 496
629 472
630 511
631 479
632 432
633 497
634 470
635 453
636 421
637 444
638 398
639 455
640 439
641 444
642 384
643 417
644 382
645 377
646 393
647 408
648 359
649 367
650 351
651 359
652 357
653 388
654 336
655 346
656 338
657 342
658 311
659 306
660 282
661 297
662 291
663 319
664 302
665 298
666 275
667 285
668 266
669 246
670 282
671 284
672 254
673 267
674 251
675 235
676 219
677 218
678 231
679 236
680 218
681 224
682 216
683 200
684 206
685 204
686 186
687 199
688 194
689 208
690 220
691 181
692 196
693 194
694 170
695 173
696 161
697 185
698 160
699 181
700 191
701 141
702 162
703 158
704 168
705 136
706 164
707 156
708 142
709 173
710 136
711 152
712 139
713 137
714 120
715 136
716 137
717 136
718 120
719 118
720 115
721 115
722 107
723 128
724 118
725 105
726 120
727 98
728 122
729 114
730 96
731 119
732 102
733 105
734 98
735 93
736 100
737 95
738 89
739 87
740 86
741 109
742 98
743 65
744 92
745 79
746 95
747 81
748 62
749 77
750 79
751 85
752 87
753 67
754 64
755 89
756 69
757 64
758 67
759 90
760 70
761 59
762 59
763 55
764 65
765 58
766 52
767 58
768 59
769 53
770 65
771 57
772 56
773 55
774 56
775 54
776 41
777 56
778 53
779 58
780 47
781 57
782 36
783 42
784 47
785 52
786 43
787 40
788 56
789 54
790 49
791 49
792 29
793 58
794 48
795 37
796 41
797 48
798 49
799 40
800 36
801 44
802 34
803 39
804 42
805 40
806 41
807 34
808 45
809 46
810 40
811 38
812 37
813 33
814 31
815 38
816 36
817 43
818 29
819 36
820 40
821 25
822 37
823 35
824 43
825 36
826 39
827 34
828 29
829 36
830 39
831 26
832 38
833 25
834 29
835 19
836 27
837 31
838 42
839 30
840 26
841 29
842 24
843 41
844 37
845 19
846 29
847 25
848 21
849 32
850 17
851 29
852 26
853 32
854 21
855 24
856 20
857 31
858 24
859 25
860 25
861 28
862 26
863 26
864 30
865 33
866 29
867 22
868 28
869 16
870 28
871 19
872 20
873 22
874 20
875 24
876 20
877 30
878 25
879 15
880 16
881 19
882 29
883 15
884 19
885 23
886 23
887 21
888 20
889 18
890 22
891 23
892 21
893 22
894 16
895 18
896 28
897 22
898 17
899 17
900 18
901 18
902 20
903 22
904 21
905 18
906 22
907 16
908 24
909 19
910 20
911 11
912 14
913 16
914 21
915 12
916 13
917 20
918 19
919 18
920 23
921 12
922 12
923 17
924 19
925 19
926 14
927 14
928 17
929 19
930 15
931 19
932 11
933 18
934 20
935 16
936 18
937 12
938 22
939 15
940 12
941 14
942 17
943 20
944 18
945 17
946 14
947 12
948 10
949 9
950 10
951 16
952 15
953 15
954 7
955 10
956 14
957 8
958 13
959 16
960 18
961 14
962 9
963 11
964 10
965 13
966 8
967 17
968 10
969 20
970 16
971 9
972 10
973 15
974 13
975 5
976 10
977 13
978 9
979 15
980 11
981 7
982 7
983 11
984 8
985 14
986 10
987 13
988 12
989 10
990 10
991 18
992 10
993 6
994 3
995 7
996 7
997 11
998 11
999 15
1000 7
1001 14
1002 7
1003 11
1004 12
1005 12
1006 6
1007 11
1008 11
1009 9
1010 9
1011 6
1012 6
1013 13
1014 14
1015 8
1016 6
1017 9
1018 10
1019 6
1020 10
1021 10
1022 12
1023 8
1024 6
1025 6
1026 5
1027 4
1028 7
1029 9
1030 5
1031 10
1032 10
1033 5
1034 14
1035 10
1036 11
1037 9
1038 9
1039 11
1040 4
1041 5
1042 11
1043 9
1044 5
1045 8
1046 10
1047 5
1048 7
1049 5
1050 8
1051 9
1052 7
1053 6
1054 6
1055 1
1056 12
1057 3
1058 6
1059 12
1060 7
1061 6
1062 8
1063 6
1064 5
1065 6
1066 4
1067 6
1068 9
1069 7
1070 9
1071 5
1072 7
1073 9
1074 5
1075 5
1076 7
1077 4
1078 3
1079 10
1080 6
1081 8
1082 5
1083 6
1084 5
1085 4
1086 9
1087 8
1088 5
1089 2
1090 4
1091 3
1092 6
1093 6
1094 4
1095 4
1096 7
1097 9
1098 7
1099 5
1100 4
1101 4
1102 2
1103 3
1104 8
1105 3
1106 4
1107 2
1108 7
1109 3
1110 6
1111 5
1112 12
1113 1
1114 8
1115 5
1116 2
1117 5
1118 2
1119 4
1120 4
1121 3
1122 5
1123 7
1124 2
1125 3
1126 4
1127 3
1128 6
1129 3
1130 4
1131 3
1132 5
1133 3
1134 3
1135 8
1136 6
1137 2
1138 7
1139 2
1140 3
1141 2
1142 9
1143 4
1144 1
1145 6
1146 3
1147 3
1148 2
1149 2
1150 3
1151 5
1152 1
1153 3
1154 1
1155 2
1156 3
1157 0
1158 2
1159 2
1160 4
1161 2
1162 2
1163 3
1164 4
1165 2
1166 6
1167 4
1168 3
1169 5
1170 0
1171 3
1172 0
1173 0
1174 4
1175 2
1176 3
1177 3
1178 1
1179 3
1180 2
1181 4
1182 3
1183 2
1184 5
1185 4
1186 3
1187 0
1188 3
1189 0
1190 2
1191 1
1192 5
1193 2
1194 4
1195 1
1196 1
1197 0
1198 1
1199 3
1200 5
1201 2
1202 1
1203 1
1204 2
1205 2
1206 5
1207 1
1208 5
1209 0
1210 0
1211 1
1212 2
1213 3
1214 2
1215 1
1216 2
1217 2
1218 2
1219 0
1220 2
1221 2
1222 2
1223 2
1224 2
1225 0
1226 0
1227 1
1228 3
1229 0
1230 2
1231 4
1232 3
1233 1
1234 1
1235 0
1236 4
1237 2
1238 2
1239 1
1240 0
1241 0
1242 2
1243 3
1244 0
1245 1
1246 4
1247 1
1248 2
1249 3
1250 3
1251 0
1252 3
1253 0
1254 0
1255 2
1256 2
1257 1
1258 2
1259 0
1260 3
1261 0
1262 2
1263 1
1264 3
1265 1
1266 2
1267 3
1268 1
1269 3
1270 1
1271 2
1272 1
1273 1
1274 1
1275 0
1276 1
1277 0
1278 2
1279 1
1280 0
1281 1
1282 1
1283 1
1284 1
1285 1
1286 1
1287 3
1288 0
1289 0
1290 2
1291 2
1292 2
1293 1
1294 0
1295 1
1296 2
1297 2
1298 1
1299 0
1300 0
1301 1
1302 3
1303 1
1304 2
1305 0
1306 0
1307 4
1308 0
1309 0
1310 0
1311 2
1312 2
1313 0
1314 1
1315 0
1316 0
1317 0
1318 2
1319 0
1320 1
1321 1
1322 0
1323 2
1324 3
1325 0
1326 1
1327 0
1328 1
1329 0
1330 0
1331 1
1332 1
1333 0
1334 0
1335 0
1336 1
1337 0
1338 2
1339 0
1340 1
1341 1
1342 1
1343 1
1344 1
1345 0
1346 0
1347 0
1348 0
1349 3
1350 0
1351 2
1352 0
1353 2
1354 3
1355 1
1356 1
1357 2
1358 0
1359 0
1360 0
1361 1
1362 1
1363 1
1364 0
1365 1
1366 2
1367 1
1368 0
1369 1
1370 0
1371 1
1372 1
1373 1
1374 0
1375 0
1376 1
1377 0
1378 0
1379 0
1380 1
1381 2
1382 0
1383 0
1384 1
1385 0
1386 1
1387 0
1388 0
1389 1
1390 0
1391 1
1392 1
1393 0
1394 0
1395 1
1396 0
1397 2
1398 0
1399 1
1400 0
1401 1
1402 0
1403 1
1404 3
1405 0
1406 1
1407 2
1408 2
1409 0
1410 0
1411 0
1412 1
1413 0
1414 0
1415 0
1416 1
1417 0
1418 1
1419 1
1420 0
1421 1
1422 0
1423 0
1424 1
1425 0
1426 0
1427 0
1428 1
1429 0
1430 0
1431 0
1432 1
1433 0
1434 0
1435 0
1436 0
1437 0
1438 1
1439 1
1440 0
1441 1
1442 0
1443 1
1444 0
1445 0
1446 0
1447 1
1448 0
1449 1
1450 1
1451 1
1452 0
1453 0
1454 0
1455 0
1456 1
1457 1
1458 0
1459 0
1460 0
1461 1
1462 1
1463 0
1464 1
1465 0
1466 0
1467 2
1468 1
1469 0
1470 0
1471 0
1472 0
1473 1
1474 0
1475 1
1476 0
1477 0
1478 0
1479 1
1480 0
1481 0
1482 0
1483 0
1484 0
1485 1
1486 0
1487 0
1488 0
1489 0
1490 1
1491 0
1492 0
1493 1
1494 0
1495 1
1496 1
1497 0
1498 0
1499 0
1500 0
1501 2
1502 0
1503 0
1504 0
1505 1
1506 0
1507 0
1508 0
1509 0
1510 0
1511 0
1512 0
1513 1
1514 0
1515 0
1516 0
1517 1
1518 1
1519 0
1520 0
1521 0
1522 0
1523 1
1524 0
1525 0
1526 0
1527 1
1528 0
1529 0
1530 0
1531 0
1532 1
1533 0
1534 0
1535 0
1536 1
1537 1
1538 0
1539 0
1540 0
1541 2
1542 0
1543 0
1544 0
1545 1
1546 0
1547 1
1548 0
1549 0
1550 0
1551 0
1552 0
1553 0
1554 0
1555 0
1556 0
1557 0
1558 0
1559 1
1560 0
1561 1
1562 0
1563 1
1564 0
1565 0
1566 0
1567 0
1568 1
1569 0
1570 1
1571 0
1572 0
1573 0
1574 0
1575 1
1576 1
1577 2
1578 0
1579 0
1580 0
1581 0
1582 0
1583 0
1584 0
1585 0
1586 0
1587 0
1588 0
1589 0
1590 0
1591 0
1592 0
1593 0
1594 1
1595 0
1596 1
1597 0
1598 0
1599 0
1600 0
1601 0
1602 1
1603 2
1604 1
1605 0
1606 0
1607 1
1608 1
1609 0
1610 0
1611 0
1612 1
1613 0
1614 2
1615 0
1616 0
1617 1
1618 0
1619 0
1620 0
1621 0
1622 0
1623 2
1624 0
1625 1
1626 1
1627 1
1628 0
1629 0
1630 0
1631 1
1632 0
1633 0
1634 0
1635 0
1636 0
1637 1
1638 0
1639 0
1640 0
1641 0
1642 1
1643 0
1644 0
1645 0
1646 1
1647 0
1648 0
1649 0
1650 0
1651 0
1652 0
1653 0
1654 0
1655 1
1656 0
1657 0
1658 0
1659 0
1660 0
1661 0
1662 0
1663 0
1664 1
1665 0
1666 0
1667 0
1668 0
1669 0
1670 1
1671 0
1672 0
1673 0
1674 0
1675 0
1676 0
1677 1
1678 0
1679 2
1680 1
1681 0
1682 1
1683 0
1684 1
1685 0
1686 0
1687 1
1688 2
1689 0
1690 0
1691 1
1692 0
1693 0
1694 1
1695 0
1696 0
1697 1
1698 1
1699 0
1700 0
1701 1
1702 1
1703 1
1704 0
1705 2
1706 0
1707 1
1708 0
1709 0
1710 0
1711 0
1712 0
1713 0
1714 0
1715 0
1716 0
1717 2
1718 0
1719 0
1720 0
1721 0
1722 0
1723 0
1724 0
1725 0
1726 0
1727 1
1728 0
1729 0
1730 0
1731 1
1732 0
1733 0
1734 0
1735 0
1736 0
1737 0
1738 0
1739 0
1740 0
1741 0
1742 0
1743 0
1744 0
1745 0
1746 0
1747 0
1748 0
1749 0
1750 0
1751 0
1752 0
1753 0
1754 0
1755 0
1756 0
1757 0
1758 1
1759 0
1760 0
1761 1
1762 0
1763 0
1764 0
1765 0
1766 0
1767 1
1768 0
1769 0
1770 0
1771 0
1772 0
1773 0
1774 0
1775 0
1776 0
1777 0
1778 0
1779 0
1780 0
1781 1
1782 0
1783 0
1784 0
1785 0
1786 0
1787 0
1788 0
1789 0
1790 0
1791 0
1792 0
1793 0
1794 0
1795 0
1796 0
1797 0
1798 0
1799 0
1800 0
1801 1
1802 0
1803 1
1804 0
1805 1
1806 0
1807 0
1808 1
1809 0
1810 0
1811 0
1812 0
1813 1
1814 1
1815 0
1816 0
1817 0
1818 0
1819 0
1820 0
1821 0
1822 0
1823 0
1824 0
1825 0
1826 0
1827 0
1828 1
1829 0
1830 1
1831 0
1832 0
1833 0
1834 0
1835 0
1836 0
1837 0
1838 0
1839 0
1840 0
1841 0
1842 0
1843 0
1844 0
1845 0
1846 2
1847 0
1848 0
1849 0
1850 0
1851 0
1852 0
1853 2
1854 0
1855 0
1856 0
1857 0
1858 0
1859 0
1860 0
1861 0
1862 0
1863 0
1864 0
1865 0
1866 0
1867 1
1868 0
1869 0
1870 0
1871 0
1872 0
1873 1
1874 0
1875 0
1876 0
1877 0
1878 1
1879 1
1880 0
1881 0
1882 0
1883 0
1884 0
1885 1
1886 0
1887 0
1888 0
1889 0
1890 0
1891 0
1892 0
1893 1
1894 0
1895 0
1896 0
1897 0
1898 0
1899 0
1900 0
1901 1
1902 1
1903 1
1904 0
1905 0
1906 0
1907 0
1908 0
1909 0
1910 0
1911 0
1912 0
1913 0
1914 0
1915 0
1916 1
1917 0
1918 0
1919 0
1920 0
1921 0
1922 1
1923 0
1924 0
1925 0
1926 0
1927 0
1928 0
1929 1
1930 1
1931 0
1932 0
1933 0
1934 0
1935 0
1936 0
1937 0
1938 0
1939 1
1940 1
1941 0
1942 0
1943 0
1944 0
1945 0
1946 0
1947 0
1948 0
1949 0
1950 0
1951 0
1952 0
1953 0
1954 0
1955 0
1956 0
1957 0
1958 0
1959 0
1960 1
1961 0
1962 0
1963 0
1964 0
1965 0
1966 0
1967 0
1968 1
1969 0
1970 0
1971 1
1972 1
1973 0
1974 0
1975 0
1976 1
1977 0
1978 0
1979 0
1980 0
1981 0
1982 1
1983 0
1984 0
1985 0
1986 0
1987 0
1988 1
1989 0
1990 0
1991 0
1992 0
1993 2
1994 0
1995 0
1996 0
1997 0
1998 0
1999 0
2000 0
2001 0
2002 0
2003 0
2004 0
2005 1
2006 0
2007 0
2008 0
2009 0
2010 0
2011 0
2012 0
2013 0
2014 0
2015 0
2016 1
2017 0
2018 0
2019 0
2020 0
2021 0
2022 0
2023 0
2024 0
2025 1
2026 0
2027 0
2028 0
2029 0
2030 1
2031 0
2032 1
2033 0
2034 1
2035 0
2036 0
2037 0
2038 1
2039 0
2040 0
2041 0
2042 0
2043 0
2044 0
2045 0
2046 0
2047 0
2048 0
2049 0
2050 0
2051 0
2052 0
2053 0
2054 0
2055 0
2056 0
2057 0
2058 0
2059 0
2060 1
2061 0
2062 0
2063 1
2064 0
2065 1
2066 0
2067 0
2068 0
2069 0
2070 1
2071 0
2072 0
2073 0
2074 0
2075 1
2076 0
2077 0
2078 1
2079 0
2080 0
2081 0
2082 0
2083 0
2084 0
2085 0
2086 0
2087 0
2088 0
2089 1
2090 0
2091 0
2092 0
2093 1
2094 0
2095 0
2096 2
2097 0
2098 0
2099 1
2100 1
2101 0
2102 0
2103 0
2104 0
2105 0
2106 0
2107 0
2108 0
2109 0
2110 1
2111 0
2112 0
2113 0
2114 0
2115 0
2116 0
2117 0
2118 0
2119 1
2120 0
2121 0
2122 0
2123 0
2124 0
2125 0
2126 0
2127 0
2128 0
2129 1
2130 0
2131 1
2132 0
2133 1
2134 0
2135 1
2136 0
2137 1
2138 0
2139 0
2140 0
2141 0
2142 0
2143 0
2144 0
2145 1
2146 0
2147 0
2148 2
2149 0
2150 0
2151 0
2152 0
2153 0
2154 0
2155 0
2156 0
2157 1
2158 0
2159 0
2160 1
2161 0
2162 0
2163 0
2164 0
2165 0
2166 0
2167 0
2168 0
2169 0
2170 0
2171 0
2172 0
2173 0
2174 0
2175 0
2176 0
2177 0
2178 0
2179 1
2180 1
2181 1
2182 0
2183 0
2184 0
2185 0
2186 1
2187 0
2188 0
2189 0
2190 0
2191 0
2192 1
2193 0
2194 0
2195 1
2196 0
2197 1
2198 0
2199 0
2200 0
2201 0
2202 0
2203 0
2204 0
2205 0
2206 0
2207 0
2208 1
2209 1
2210 1
2211 0
2212 0
2213 0
2214 0
2215 0
2216 0
2217 0
2218 0
2219 0
2220 1
2221 0
2222 0
2223 0
2224 0
2225 1
2226 0
2227 0
2228 0
2229 0
2230 0
2231 0
2232 0
2233 0
2234 1
2235 0
2236 1
2237 0
2238 1
2239 0
2240 0
2241 0
2242 0
2243 0
2244 0
2245 0
2246 0
2247 0
2248 0
2249 0
2250 0
2251 0
2252 0
2253 1
2254 0
2255 0
2256 0
2257 0
2258 0
2259 2
2260 0
2261 0
2262 0
2263 0
2264 0
2265 0
2266 0
2267 0
2268 1
2269 0
2270 0
2271 0
2272 0
2273 0
2274 0
2275 0
2276 0
2277 1
2278 0
2279 0
2280 0
2281 0
2282 1
2283 0
2284 1
2285 0
2286 0
2287 0
2288 0
2289 0
2290 0
2291 0
2292 0
2293 2
2294 0
2295 0
2296 0
2297 1
2298 0
2299 0
2300 0
2301 0
2302 0
2303 0
2304 0
2305 0
2306 0
2307 0
2308 0
2309 0
2310 0
2311 0
2312 0
2313 0
2314 0
2315 0
2316 0
2317 0
2318 0
2319 1
2320 0
2321 0
2322 0
2323 0
2324 0
2325 0
2326 0
2327 0
2328 1
2329 0
2330 0
2331 0
2332 0
2333 0
2334 0
2335 0
2336 0
2337 1
2338 0
2339 1
2340 0
2341 0
2342 0
2343 0
2344 0
2345 0
2346 0
2347 0
2348 0
2349 0
2350 0
2351 0
2352 0
2353 0
2354 0
2355 0
2356 0
2357 1
2358 0
2359 0
2360 0
2361 0
2362 1
2363 1
2364 0
2365 0
2366 0
2367 0
2368 1
2369 0
2370 0
2371 0
2372 0
2373 0
2374 0
2375 0
2376 0
2377 0
2378 0
2379 0
2380 0
2381 0
2382 1
2383 0
2384 0
2385 1
2386 1
2387 1
2388 0
2389 0
2390 1
2391 0
2392 0
2393 0
2394 0
2395 0
2396 0
2397 0
2398 0
2399 0
2400 0
2401 0
2402 0
2403 0
2404 0
2405 0
2406 0
2407 0
2408 0
2409 0
2410 0
2411 0
2412 0
2413 0
2414 0
2415 0
2416 0
2417 0
2418 0
2419 0
2420 0
2421 0
2422 0
2423 0
2424 0
2425 0
2426 0
2427 0
2428 0
2429 0
2430 0
2431 1
2432 0
2433 0
2434 0
2435 1
2436 0
2437 0
2438 0
2439 2
2440 0
2441 0
2442 1
2443 0
2444 0
2445 0
2446 1
2447 1
2448 0
2449 0
2450 0
2451 0
2452 0
2453 0
2454 0
2455 0
2456 0
2457 0
2458 0
2459 0
2460 0
2461 0
2462 0
2463 0
2464 0
2465 1
2466 0
2467 0
2468 0
2469 0
2470 0
2471 1
2472 1
2473 0
2474 0
2475 0
2476 0
2477 0
2478 0
2479 0
2480 0
2481 0
2482 0
2483 0
2484 0
2485 0
2486 0
2487 0
2488 0
2489 0
2490 0
2491 0
2492 0
2493 1
2494 0
2495 0
2496 0
2497 0
2498 0
2499 0
2500 0
2501 0
2502 0
2503 0
2504 1
2505 1
2506 0
2507 0
2508 0
2509 1
2510 0
2511 0
2512 0
2513 0
2514 0
2515 0
2516 0
2517 0
2518 0
2519 0
2520 0
2521 0
2522 0
2523 0
2524 0
2525 0
2526 0
2527 0
2528 0
2529 0
2530 1
2531 0
2532 0
2533 0
2534 0
2535 0
2536 0
2537 0
2538 1
2539 0
2540 0
2541 0
2542 0
2543 0
2544 0
2545 0
2546 0
2547 0
2548 0
2549 0
2550 0
2551 0
2552 0
2553 0
2554 0
2555 0
2556 0
2557 0
2558 0
2559 0
2560 0
2561 0
2562 0
2563 0
2564 1
2565 0
2566 0
2567 1
2568 0
2569 0
2570 0
2571 0
2572 0
2573 0
2574 0
2575 0
2576 0
2577 0
2578 1
2579 0
2580 0
2581 0
2582 0
2583 0
2584 0
2585 0
2586 0
2587 0
2588 0
2589 0
2590 0
2591 0
2592 0
2593 0
2594 0
2595 0
2596 0
2597 0
2598 0
2599 0
2600 0
2601 1
2602 0
2603 0
2604 0
2605 1
2606 0
2607 0
2608 1
2609 0
2610 0
2611 0
2612 0
2613 0
2614 0
2615 0
2616 0
2617 0
2618 0
2619 0
2620 0
2621 0
2622 0
2623 0
2624 0
2625 0
2626 0
2627 0
2628 0
2629 0
2630 0
2631 0
2632 0
2633 0
2634 0
2635 0
2636 0
2637 1
2638 0
2639 0
2640 0
2641 0
2642 0
2643 0
2644 0
2645 0
2646 0
2647 1
2648 0
2649 0
2650 0
2651 0
2652 0
2653 0
2654 0
2655 1
2656 0
2657 0
2658 0
2659 0
2660 0
2661 0
2662 0
2663 0
2664 0
2665 0
2666 1
2667 0
2668 0
2669 0
2670 0
2671 0
2672 0
2673 0
2674 0
2675 0
2676 0
2677 0
2678 0
2679 1
2680 0
2681 0
2682 0
2683 0
2684 0
2685 1
2686 0
2687 0
2688 1
2689 0
2690 0
2691 0
2692 0
2693 0
2694 0
2695 2
2696 0
2697 1
2698 0
2699 2
2700 0
2701 0
2702 0
2703 0
2704 1
2705 0
2706 1
2707 0
2708 0
2709 1
2710 0
2711 1
2712 0
2713 0
2714 0
2715 0
2716 1
2717 0
2718 0
2719 0
2720 0
2721 1
2722 0
2723 0
2724 0
2725 0
2726 0
2727 0
2728 0
2729 0
2730 0
2731 0
2732 0
2733 0
2734 0
2735 0
2736 0
2737 0
2738 0
2739 0
2740 0
2741 0
2742 0
2743 0
2744 0
2745 0
2746 0
2747 1
2748 0
2749 0
2750 0
2751 0
2752 0
2753 2
2754 0
2755 1
2756 0
2757 0
2758 0
2759 0
2760 0
2761 0
2762 0
2763 0
2764 0
2765 0
2766 0
2767 0
2768 0
2769 0
2770 0
2771 0
2772 0
2773 0
2774 0
2775 0
2776 0
2777 0
2778 0
2779 1
2780 0
2781 0
2782 0
2783 0
2784 0
2785 1
2786 0
2787 0
2788 0
2789 0
2790 0
2791 0
2792 0
2793 0
2794 0
2795 0
2796 0
2797 1
2798 0
2799 0
2800 0
2801 0
2802 0
2803 1
2804 0
2805 0
2806 0
2807 0
2808 0
2809 0
2810 1
2811 0
2812 0
2813 1
2814 0
2815 0
2816 0
2817 0
2818 0
2819 0
2820 0
2821 0
2822 1
2823 0
2824 0
2825 0
2826 0
2827 0
2828 0
2829 0
2830 0
2831 0
2832 1
2833 0
2834 0
2835 1
2836 0
2837 0
2838 0
2839 0
2840 0
2841 0
2842 0
2843 0
2844 0
2845 0
2846 0
2847 1
2848 0
2849 0
2850 0
2851 0
2852 0
2853 0
2854 0
2855 0
2856 1
2857 0
2858 0
2859 0
2860 0
2861 0
2862 0
2863 0
2864 0
2865 0
2866 0
2867 0
2868 0
2869 0
2870 0
2871 0
2872 0
2873 0
2874 0
2875 0
2876 0
2877 0
2878 0
2879 0
2880 0
2881 0
2882 0
2883 0
2884 0
2885 0
2886 0
2887 0
2888 0
2889 0
2890 0
2891 0
2892 0
2893 0
2894 0
2895 0
2896 0
2897 0
2898 0
2899 0
2900 0
2901 0
2902 0
2903 0
2904 0
2905 0
2906 0
2907 0
2908 0
2909 1
2910 0
2911 0
2912 0
2913 0
2914 0
2915 1
2916 0
2917 0
2918 0
2919 0
2920 0
2921 1
2922 0
2923 0
2924 0
2925 0
2926 0
2927 0
2928 0
2929 0
2930 1
2931 0
2932 0
2933 0
2934 0
2935 0
2936 0
2937 0
2938 0
2939 0
2940 0
2941 1
2942 0
2943 2
2944 0
2945 1
2946 0
2947 0
2948 0
2949 0
2950 0
2951 0
2952 1
2953 0
2954 1
2955 0
2956 0
2957 0
2958 0
2959 0
2960 0
2961 0
2962 0
2963 0
2964 1
2965 1
2966 0
2967 0
2968 0
2969 0
2970 0
2971 0
2972 0
2973 0
2974 0
2975 0
2976 1
2977 0
2978 0
2979 0
2980 1
2981 0
2982 0
2983 0
2984 0
2985 0
2986 0
2987 0
2988 0
2989 0
2990 0
2991 0
2992 1
2993 0
2994 0
2995 0
2996 0
2997 1
2998 0
2999 0
3000 0
3001 0
3002 1
3003 0
3004 0
3005 0
3006 0
3007 1
3008 1
3009 1
3010 0
3011 1
3012 0
3013 0
3014 0
3015 1
3016 0
3017 1
3018 0
3019 0
3020 0
3021 0
3022 0
3023 0
3024 1
3025 0
3026 0
3027 0
3028 0
3029 0
3030 1
3031 0
3032 0
3033 0
3034 1
3035 1
3036 0
3037 2
3038 0
3039 0
3040 0
3041 0
3042 0
3043 0
3044 0
3045 0
3046 0
3047 0
3048 0
3049 0
3050 0
3051 0
3052 0
3053 0
3054 0
3055 0
3056 0
3057 0
3058 0
3059 0
3060 1
3061 0
3062 0
3063 0
3064 0
3065 0
3066 0
3067 0
3068 0
3069 0
3070 0
3071 0
3072 0
3073 0
3074 1
3075 0
3076 0
3077 0
3078 0
3079 0
3080 1
3081 0
3082 0
3083 0
3084 1
3085 1
3086 0
3087 1
3088 0
3089 0
3090 0
3091 0
3092 0
3093 1
3094 0
3095 0
3096 0
3097 1
3098 0
3099 0
3100 0
3101 0
3102 0
3103 1
3104 0
3105 0
3106 1
3107 0
3108 0
3109 0
3110 0
3111 0
3112 0
3113 0
3114 0
3115 0
3116 0
3117 0
3118 1
3119 0
3120 0
3121 0
3122 0
3123 0
3124 0
3125 1
3126 0
3127 0
3128 0
3129 0
3130 0
3131 0
3132 0
3133 0
3134 1
3135 0
3136 0
3137 0
3138 0
3139 0
3140 1
3141 0
3142 0
3143 0
3144 0
3145 0
3146 0
3147 1
3148 1
3149 1
3150 0
3151 0
3152 0
3153 0
3154 1
3155 0
3156 0
3157 0
3158 0
3159 0
3160 0
3161 0
3162 0
3163 0
3164 1
3165 0
3166 0
3167 0
3168 1
3169 0
3170 1
3171 0
3172 0
3173 0
3174 1
3175 0
3176 0
3177 0
3178 0
3179 0
3180 0
3181 0
3182 0
3183 0
3184 0
3185 0
3186 0
3187 0
3188 0
3189 0
3190 0
3191 0
3192 0
3193 0
3194 0
3195 1
3196 0
3197 0
3198 0
3199 0
3200 0
3201 0
3202 0
3203 0
3204 0
3205 0
3206 1
3207 0
3208 0
3209 0
3210 1
3211 0
3212 0
3213 0
3214 0
3215 0
3216 0
3217 0
3218 1
3219 0
3220 0
3221 0
3222 0
3223 0
3224 0
3225 0
3226 0
3227 0
3228 0
3229 0
3230 0
3231 0
3232 0
3233 0
3234 1
3235 0
3236 0
3237 0
3238 0
3239 0
3240 0
3241 0
3242 0
3243 0
3244 0
3245 0
3246 1
3247 1
3248 0
3249 0
3250 1
3251 0
3252 1
3253 0
3254 0
3255 0
3256 0
3257 0
3258 0
3259 0
3260 1
3261 0
3262 0
3263 0
3264 0
3265 1
3266 0
3267 0
3268 0
3269 0
3270 0
3271 0
3272 0
3273 0
3274 0
3275 0
3276 0
3277 0
3278 1
3279 0
3280 0
3281 1
3282 0
3283 0
3284 0
3285 0
3286 0
3287 0
3288 0
3289 0
3290 0
3291 0
3292 0
3293 0
3294 0
3295 0
3296 0
3297 0
3298 0
3299 0
3300 0
3301 0
3302 0
3303 0
3304 0
3305 0
3306 1
3307 0
3308 0
3309 0
3310 0
3311 0
3312 0
3313 0
3314 0
3315 0
3316 0
3317 0
3318 0
3319 0
3320 0
3321 0
3322 0
3323 0
3324 0
3325 0
3326 0
3327 0
3328 0
3329 0
3330 0
3331 0
3332 0
3333 0
3334 0
3335 0
3336 0
3337 0
3338 0
3339 0
3340 0
3341 0
3342 0
3343 0
3344 0
3345 0
3346 0
3347 0
3348 0
3349 0
3350 0
3351 0
3352 0
3353 0
3354 0
3355 0
3356 0
3357 0
3358 0
3359 0
3360 1
3361 0
3362 0
3363 1
3364 0
3365 0
3366 0
3367 1
3368 0
3369 0
3370 0
3371 0
3372 0
3373 1
3374 0
3375 0
3376 0
3377 1
3378 0
3379 0
3380 0
3381 0
3382 0
3383 0
3384 0
3385 1
3386 0
3387 0
3388 0
3389 0
3390 0
3391 0
3392 0
3393 0
3394 0
3395 0
3396 0
3397 0
3398 0
3399 0
3400 0
3401 0
3402 0
3403 0
3404 0
3405 0
3406 0
3407 0
3408 0
3409 0
3410 1
3411 0
3412 0
3413 0
3414 0
3415 0
3416 0
3417 0
3418 0
3419 0
3420 0
3421 0
3422 0
3423 0
3424 0
3425 0
3426 0
3427 0
3428 0
3429 0
3430 0
3431 0
3432 0
3433 0
3434 0
3435 0
3436 0
3437 0
3438 0
3439 0
3440 0
3441 1
3442 0
3443 0
3444 0
3445 0
3446 0
3447 0
3448 0
3449 1
3450 0
3451 0
3452 0
3453 0
3454 0
3455 0
3456 1
3457 0
3458 0
3459 0
3460 0
3461 0
3462 0
3463 0
3464 0
3465 0
3466 0
3467 0
3468 1
3469 1
3470 0
3471 0
3472 0
3473 0
3474 0
3475 0
3476 0
3477 0
3478 0
3479 0
3480 0
3481 0
3482 0
3483 0
3484 0
3485 0
3486 0
3487 0
3488 0
3489 0
3490 0
3491 0
3492 0
3493 0
3494 1
3495 0
3496 0
3497 0
3498 0
3499 0
3500 0
3501 0
3502 0
3503 0
3504 0
3505 0
3506 0
3507 0
3508 0
3509 0
3510 0
3511 0
3512 0
3513 0
3514 0
3515 0
3516 1
3517 0
3518 0
3519 0
3520 0
3521 0
3522 0
3523 0
3524 0
3525 1
3526 0
3527 0
3528 0
3529 0
3530 0
3531 0
3532 0
3533 0
3534 0
3535 0
3536 0
3537 0
3538 0
3539 0
3540 0
3541 0
3542 1
3543 0
3544 0
3545 0
3546 1
3547 0
3548 0
3549 0
3550 0
3551 0
3552 0
3553 0
3554 1
3555 0
3556 0
3557 0
3558 1
3559 0
3560 0
3561 0
3562 0
3563 0
3564 0
3565 0
3566 0
3567 0
3568 0
3569 0
3570 0
3571 1
3572 0
3573 0
3574 0
3575 0
3576 0
3577 0
3578 0
3579 0
3580 0
3581 0
3582 0
3583 0
3584 0
3585 0
3586 0
3587 0
3588 0
3589 0
3590 0
3591 0
3592 0
3593 0
3594 0
3595 0
3596 0
3597 0
3598 0
3599 0
3600 0
3601 0
3602 0
3603 0
3604 0
3605 0
3606 0
3607 1
3608 0
3609 0
3610 0
3611 0
3612 0
3613 0
3614 0
3615 0
3616 0
3617 0
3618 0
3619 0
3620 0
3621 0
3622 0
3623 0
3624 0
3625 0
3626 1
3627 0
3628 0
3629 0
3630 0
3631 0
3632 0
3633 0
3634 0
3635 0
3636 0
3637 0
3638 0
3639 0
3640 0
3641 0
3642 0
3643 0
3644 0
3645 0
3646 0
3647 0
3648 0
3649 0
3650 0
3651 0
3652 0
3653 0
3654 0
3655 0
3656 0
3657 0
3658 0
3659 0
3660 0
3661 0
3662 0
3663 0
3664 0
3665 0
3666 0
3667 0
3668 0
3669 0
3670 0
3671 0
3672 0
3673 0
3674 0
3675 0
3676 0
3677 0
3678 0
3679 1
3680 0
3681 0
3682 0
3683 1
3684 0
3685 0
3686 0
3687 0
3688 0
3689 0
3690 0
3691 0
3692 0
3693 0
3694 0
3695 1
3696 0
3697 0
3698 0
3699 0
3700 0
3701 0
3702 0
3703 0
3704 0
3705 0
3706 0
3707 0
3708 0
3709 0
3710 0
3711 0
3712 0
3713 0
3714 0
3715 0
3716 0
3717 0
3718 0
3719 0
3720 0
3721 0
3722 0
3723 0
3724 0
3725 0
3726 0
3727 0
3728 0
3729 0
3730 0
3731 0
3732 0
3733 0
3734 0
3735 0
3736 0
3737 1
3738 0
3739 0
3740 0
3741 0
3742 0
3743 0
3744 0
3745 0
3746 0
3747 0
3748 0
3749 0
3750 0
3751 2
3752 0
3753 0
3754 0
3755 0
3756 0
3757 0
3758 0
3759 0
3760 0
3761 1
3762 0
3763 0
3764 0
3765 1
3766 0
3767 0
3768 0
3769 0
3770 0
3771 0
3772 0
3773 0
3774 0
3775 0
3776 0
3777 0
3778 0
3779 0
3780 0
3781 0
3782 0
3783 0
3784 0
3785 0
3786 0
3787 0
3788 0
3789 0
3790 0
3791 0
3792 0
3793 0
3794 0
3795 0
3796 0
3797 0
3798 0
3799 0
3800 0
3801 0
3802 0
3803 0
3804 1
3805 0
3806 0
3807 0
3808 0
3809 0
3810 0
3811 0
3812 1
3813 2
3814 0
3815 0
3816 0
3817 0
3818 0
3819 0
3820 0
3821 0
3822 0
3823 0
3824 0
3825 1
3826 0
3827 0
3828 0
3829 0
3830 0
3831 0
3832 0
3833 0
3834 0
3835 0
3836 0
3837 0
3838 0
3839 1
3840 0
3841 0
3842 0
3843 0
3844 0
3845 0
3846 0
3847 0
3848 0
3849 0
3850 0
3851 0
3852 0
3853 0
3854 0
3855 0
3856 0
3857 0
3858 0
3859 0
3860 0
3861 0
3862 0
3863 0
3864 0
3865 0
3866 0
3867 0
3868 0
3869 0
3870 0
3871 0
3872 1
3873 0
3874 0
3875 0
3876 0
3877 0
3878 0
3879 0
3880 0
3881 0
3882 1
3883 0
3884 0
3885 0
3886 0
3887 0
3888 0
3889 0
3890 1
3891 0
3892 0
3893 0
3894 0
3895 0
3896 0
3897 0
3898 0
3899 0
3900 0
3901 0
3902 0
3903 0
3904 0
3905 0
3906 0
3907 0
3908 0
3909 0
3910 0
3911 0
3912 0
3913 0
3914 0
3915 0
3916 0
3917 0
3918 0
3919 0
3920 0
3921 0
3922 0
3923 0
3924 0
3925 0
3926 0
3927 0
3928 0
3929 0
3930 0
3931 0
3932 0
3933 0
3934 0
3935 0
3936 0
3937 0
3938 0
3939 0
3940 0
3941 0
3942 0
3943 0
3944 1
3945 0
3946 0
3947 0
3948 0
3949 0
3950 0
3951 0
3952 0
3953 0
3954 1
3955 0
3956 0
3957 0
3958 0
3959 0
3960 0
3961 0
3962 0
3963 0
3964 0
3965 0
3966 0
3967 0
3968 0
3969 0
3970 0
3971 0
3972 0
3973 1
3974 0
3975 0
3976 0
3977 0
3978 0
3979 0
3980 0
3981 0
3982 0
3983 0
3984 0
3985 0
3986 0
3987 0
3988 0
3989 1
3990 0
3991 0
3992 0
3993 0
3994 0
3995 0
3996 0
3997 0
3998 0
3999 0
4000 0
