0 0
1 0
2 0
3 0
4 0
5 0
6 0
7 0
8 0
9 0
10 0
11 0
12 0
13 0
14 0
15 0
16 0
17 0
18 0
19 0
20 0
21 0
22 0
23 0
24 0
25 0
26 0
27 0
28 0
29 0
30 0
31 0
32 0
33 0
34 0
35 0
36 0
37 0
38 0
39 0
40 0
41 0
42 0
43 0
44 0
45 0
46 0
47 0
48 0
49 0
50 0
51 0
52 0
53 0
54 0
55 0
56 0
57 0
58 0
59 0
60 0
61 0
62 0
63 0
64 0
65 0
66 0
67 0
68 0
69 0
70 0
71 0
72 0
73 0
74 0
75 0
76 0
77 0
78 0
79 0
80 0
81 0
82 0
83 0
84 0
85 0
86 0
87 0
88 0
89 0
90 0
91 0
92 0
93 1
94 0
95 0
96 0
97 0
98 0
99 0
100 0
101 0
102 0
103 0
104 0
105 0
106 0
107 0
108 0
109 0
110 0
111 0
112 0
113 0
114 0
115 0
116 0
117 0
118 0
119 0
120 0
121 0
122 0
123 0
124 0
125 0
126 0
127 0
128 0
129 0
130 0
131 0
132 0
133 0
134 0
135 0
136 0
137 0
138 0
139 0
140 0
141 0
142 0
143 0
144 0
145 0
146 0
147 0
148 0
149 0
150 0
151 1
152 0
153 2
154 1
155 4
156 2
157 4
158 4
159 4
160 8
161 3
162 1
163 2
164 2
165 2
166 6
167 2
168 6
169 7
170 2
171 0
172 6
173 4
174 3
175 3
176 3
177 3
178 8
179 8
180 15
181 17
182 34
183 37
184 47
185 52
186 71
187 96
188 181
189 361
190 767
191 1446
192 2165
193 3144
194 4035
195 4484
196 4923
197 4988
198 4888
199 4770
200 4555
201 4321
202 4148
203 4008
204 3777
205 3681
206 3619
207 3425
208 3410
209 3360
210 3437
211 3265
212 3226
213 3132
214 3111
215 3280
216 2985
217 3119
218 3063
219 3073
220 3051
221 3045
222 2983
223 2929
224 2929
225 2855
226 2960
227 2842
228 2862
229 2894
230 2860
231 2933
232 2892
233 2791
234 2801
235 2896
236 2901
237 2839
238 2808
239 2877
240 2799
241 2871
242 2992
243 2875
244 2912
245 2885
246 2936
247 2941
248 2956
249 2925
250 2857
251 2900
252 2841
253 2974
254 2942
255 2859
256 2889
257 2809
258 2884
259 3001
260 3039
261 2879
262 2895
263 2889
264 2956
265 2909
266 3091
267 2888
268 3010
269 2929
270 2962
271 2941
272 3035
273 2957
274 2933
275 3040
276 3028
277 2927
278 3020
279 3026
280 2989
281 3025
282 3140
283 3123
284 3064
285 2998
286 3076
287 2992
288 3101
289 3022
290 3100
291 3109
292 3023
293 3037
294 3119
295 3137
296 3037
297 3084
298 3131
299 3141
300 3075
301 3122
302 3150
303 3308
304 3161
305 3122
306 3102
307 3141
308 3122
309 3201
310 3051
311 3235
312 3111
313 3217
314 3186
315 3131
316 3127
317 3354
318 3212
319 3126
320 3194
321 3320
322 3223
323 3074
324 3255
325 3196
326 3294
327 3177
328 3208
329 3110
330 3305
331 3270
332 3362
333 3226
334 3216
335 3315
336 3270
337 3236
338 3289
339 3259
340 3347
341 3289
342 3271
343 3276
344 3198
345 3286
346 3313
347 3255
348 3214
349 3298
350 3309
351 3242
352 3270
353 3300
354 3336
355 3276
356 3278
357 3343
358 3264
359 3371
360 3328
361 3324
362 3369
363 3379
364 3374
365 3338
366 3294
367 3380
368 3267
369 3315
370 3298
371 3334
372 3222
373 3211
374 3288
375 3164
376 3313
377 3291
378 3268
379 3294
380 3138
381 3218
382 3238
383 3287
384 3114
385 3081
386 3160
387 3147
388 3233
389 3112
390 3166
391 3224
392 3127
393 3174
394 3225
395 3150
396 3156
397 3069
398 3068
399 3088
400 3185
401 3074
402 3037
403 3007
404 3138
405 2976
406 3051
407 3025
408 3017
409 3000
410 3051
411 2990
412 2965
413 2972
414 3019
415 2984
416 2872
417 2956
418 2951
419 2802
420 2832
421 2784
422 2844
423 2749
424 2864
425 2742
426 2790
427 2737
428 2750
429 2775
430 2766
431 2686
432 2606
433 2693
434 2671
435 2693
436 2578
437 2642
438 2582
439 2569
440 2654
441 2551
442 2493
443 2589
444 2534
445 2494
446 2558
447 2484
448 2368
449 2404
450 2324
451 2399
452 2313
453 2291
454 2348
455 2367
456 2262
457 2249
458 2246
459 2235
460 2146
461 2141
462 2283
463 2163
464 2164
465 2134
466 2227
467 2110
468 2140
469 1994
470 2020
471 2014
472 2040
473 2086
474 1971
475 1965
476 1981
477 1910
478 2013
479 1930
480 1866
481 1837
482 1782
483 1901
484 1808
485 1819
486 1801
487 1745
488 1787
489 1737
490 1725
491 1729
492 1667
493 1671
494 1676
495 1699
496 1577
497 1576
498 1568
499 1515
500 1629
501 1486
502 1577
503 1452
504 1442
505 1467
506 1516
507 1445
508 1376
509 1363
510 1443
511 1420
512 1341
513 1308
514 1295
515 1342
516 1347
517 1299
518 1240
519 1264
520 1215
521 1233
522 1208
523 1153
524 1189
525 1141
526 1088
527 1119
528 1130
529 1057
530 1144
531 1106
532 1098
533 1040
534 1047
535 1047
536 974
537 1023
538 975
539 983
540 947
541 966
542 971
543 991
544 947
545 903
546 874
547 923
548 868
549 833
550 851
551 869
552 810
553 853
554 776
555 814
556 748
557 774
558 737
559 742
560 741
561 688
562 712
563 676
564 721
565 676
566 645
567 646
568 682
569 637
570 629
571 619
572 596
573 591
574 551
575 598
576 591
577 610
578 599
579 583
580 544
581 527
582 541
583 548
584 489
585 544
586 522
587 487
588 471
589 485
590 467
591 452
592 453
593 466
594 468
595 457
596 434
597 433
598 409
599 417
600 434
601 396
602 392
603 385
604 367
605 361
606 372
607 359
608 349
609 347
610 375
611 319
612 332
613 324
614 314
615 315
616 307
617 301
618 335
619 321
620 313
621 266
622 270
623 256
624 276
625 276
626 253
627 221
628 285
629 252
630 227
631 242
632 196
633 249
634 207
635 227
636 209
637 217
638 208
639 230
640 213
641 186
642 187
643 178
644 193
645 198
646 192
647 206
648 182
649 196
650 165
651 190
652 163
653 171
654 158
655 175
656 159
657 157
658 176
659 175
660 147
661 144
662 136
663 139
664 134
665 133
666 135
667 157
668 131
669 136
670 127
671 107
672 112
673 124
674 126
675 120
676 116
677 114
678 107
679 97
680 102
681 101
682 106
683 93
684 119
685 92
686 85
687 96
688 104
689 88
690 82
691 90
692 94
693 88
694 68
695 84
696 94
697 74
698 81
699 83
700 83
701 80
702 85
703 78
704 69
705 76
706 70
707 89
708 57
709 68
710 65
711 65
712 69
713 69
714 58
715 72
716 68
717 62
718 62
719 53
720 52
721 60
722 65
723 57
724 50
725 52
726 54
727 47
728 67
729 49
730 55
731 52
732 54
733 42
734 46
735 48
736 46
737 55
738 45
739 46
740 42
741 43
742 42
743 49
744 54
745 33
746 47
747 44
748 39
749 42
750 49
751 45
752 31
753 31
754 47
755 41
756 35
757 33
758 37
759 35
760 46
761 39
762 32
763 32
764 34
765 30
766 36
767 42
768 28
769 39
770 35
771 39
772 14
773 32
774 29
775 29
776 26
777 29
778 29
779 24
780 42
781 38
782 33
783 29
784 33
785 32
786 33
787 35
788 33
789 42
790 39
791 26
792 27
793 27
794 34
795 30
796 33
797 32
798 29
799 26
800 22
801 29
802 26
803 21
804 32
805 15
806 27
807 22
808 23
809 29
810 20
811 23
812 26
813 26
814 21
815 17
816 10
817 27
818 15
819 27
820 23
821 21
822 23
823 17
824 22
825 25
826 19
827 26
828 28
829 23
830 26
831 23
832 26
833 28
834 25
835 20
836 17
837 20
838 16
839 21
840 18
841 18
842 16
843 15
844 17
845 12
846 16
847 27
848 19
849 20
850 15
851 18
852 20
853 23
854 16
855 22
856 23
857 21
858 17
859 24
860 20
861 14
862 25
863 21
864 20
865 17
866 20
867 21
868 22
869 10
870 9
871 16
872 19
873 14
874 9
875 20
876 22
877 16
878 16
879 18
880 13
881 21
882 11
883 17
884 21
885 14
886 14
887 16
888 13
889 12
890 12
891 9
892 24
893 16
894 19
895 10
896 10
897 16
898 12
899 8
900 19
901 10
902 10
903 17
904 16
905 17
906 10
907 10
908 7
909 13
910 21
911 11
912 16
913 12
914 12
915 11
916 10
917 16
918 13
919 12
920 18
921 11
922 12
923 12
924 10
925 13
926 11
927 8
928 9
929 13
930 3
931 5
932 7
933 14
934 8
935 9
936 7
937 5
938 18
939 11
940 10
941 10
942 7
943 12
944 8
945 4
946 8
947 7
948 6
949 7
950 6
951 15
952 11
953 11
954 12
955 13
956 11
957 10
958 7
959 9
960 5
961 11
962 8
963 9
964 8
965 9
966 8
967 10
968 7
969 13
970 10
971 4
972 11
973 8
974 11
975 7
976 7
977 10
978 4
979 4
980 12
981 6
982 18
983 4
984 7
985 10
986 8
987 11
988 4
989 14
990 6
991 6
992 4
993 7
994 10
995 12
996 6
997 8
998 8
999 6
1000 4
1001 9
1002 5
1003 7
1004 6
1005 3
1006 7
1007 12
1008 9
1009 5
1010 10
1011 8
1012 6
1013 4
1014 9
1015 5
1016 5
1017 8
1018 4
1019 2
1020 5
1021 5
1022 4
1023 4
1024 8
1025 7
1026 2
1027 3
1028 4
1029 2
1030 8
1031 3
1032 4
1033 9
1034 3
1035 5
1036 5
1037 4
1038 5
1039 5
1040 4
1041 5
1042 2
1043 7
1044 7
1045 3
1046 4
1047 3
1048 2
1049 2
1050 0
1051 4
1052 1
1053 4
1054 6
1055 3
1056 6
1057 5
1058 6
1059 4
1060 0
1061 3
1062 7
1063 2
1064 1
1065 2
1066 1
1067 1
1068 3
1069 7
1070 3
1071 4
1072 3
1073 5
1074 5
1075 4
1076 4
1077 0
1078 7
1079 5
1080 2
1081 2
1082 2
1083 3
1084 3
1085 2
1086 6
1087 4
1088 7
1089 3
1090 5
1091 2
1092 2
1093 5
1094 6
1095 6
1096 1
1097 3
1098 4
1099 3
1100 2
1101 1
1102 2
1103 1
1104 0
1105 2
1106 0
1107 1
1108 3
1109 2
1110 4
1111 4
1112 2
1113 2
1114 4
1115 1
1116 1
1117 1
1118 3
1119 3
1120 2
1121 3
1122 2
1123 3
1124 5
1125 3
1126 2
1127 3
1128 0
1129 2
1130 4
1131 2
1132 2
1133 0
1134 4
1135 2
1136 3
1137 3
1138 1
1139 3
1140 3
1141 0
1142 3
1143 3
1144 2
1145 1
1146 3
1147 3
1148 0
1149 4
1150 1
1151 2
1152 1
1153 2
1154 0
1155 4
1156 1
1157 3
1158 1
1159 0
1160 0
1161 1
1162 2
1163 2
1164 0
1165 0
1166 2
1167 4
1168 1
1169 0
1170 4
1171 2
1172 3
1173 3
1174 4
1175 1
1176 0
1177 1
1178 0
1179 1
1180 1
1181 1
1182 2
1183 1
1184 1
1185 4
1186 0
1187 2
1188 0
1189 3
1190 2
1191 2
1192 2
1193 3
1194 2
1195 2
1196 1
1197 3
1198 2
1199 1
1200 1
1201 2
1202 1
1203 1
1204 2
1205 2
1206 2
1207 1
1208 1
1209 1
1210 0
1211 1
1212 0
1213 0
1214 2
1215 0
1216 3
1217 0
1218 0
1219 1
1220 3
1221 2
1222 0
1223 1
1224 0
1225 0
1226 1
1227 1
1228 1
1229 2
1230 1
1231 0
1232 1
1233 0
1234 1
1235 1
1236 1
1237 1
1238 0
1239 2
1240 2
1241 3
1242 0
1243 1
1244 0
1245 2
1246 1
1247 1
1248 1
1249 2
1250 0
1251 0
1252 3
1253 1
1254 2
1255 2
1256 0
1257 1
1258 0
1259 0
1260 1
1261 0
1262 1
1263 1
1264 2
1265 3
1266 2
1267 2
1268 1
1269 0
1270 3
1271 3
1272 1
1273 1
1274 1
1275 1
1276 1
1277 1
1278 0
1279 2
1280 1
1281 0
1282 1
1283 1
1284 1
1285 1
1286 0
1287 1
1288 1
1289 0
1290 0
1291 1
1292 0
1293 0
1294 1
1295 1
1296 0
1297 0
1298 5
1299 0
1300 1
1301 0
1302 0
1303 1
1304 1
1305 0
1306 0
1307 2
1308 0
1309 0
1310 1
1311 0
1312 0
1313 1
1314 1
1315 2
1316 0
1317 1
1318 1
1319 0
1320 1
1321 1
1322 0
1323 1
1324 0
1325 1
1326 0
1327 0
1328 1
1329 1
1330 0
1331 0
1332 3
1333 0
1334 1
1335 1
1336 0
1337 0
1338 0
1339 1
1340 1
1341 1
1342 3
1343 2
1344 1
1345 1
1346 0
1347 0
1348 1
1349 0
1350 0
1351 0
1352 0
1353 1
1354 2
1355 0
1356 0
1357 1
1358 1
1359 1
1360 0
1361 1
1362 1
1363 0
1364 0
1365 0
1366 1
1367 0
1368 1
1369 2
1370 0
1371 1
1372 2
1373 0
1374 0
1375 1
1376 1
1377 1
1378 0
1379 0
1380 0
1381 0
1382 0
1383 0
1384 0
1385 0
1386 0
1387 1
1388 0
1389 0
1390 0
1391 0
1392 0
1393 0
1394 0
1395 1
1396 0
1397 0
1398 0
1399 0
1400 0
1401 0
1402 0
1403 0
1404 2
1405 1
1406 1
1407 0
1408 0
1409 2
1410 0
1411 0
1412 0
1413 3
1414 0
1415 0
1416 0
1417 0
1418 0
1419 2
1420 2
1421 1
1422 1
1423 0
1424 0
1425 0
1426 1
1427 0
1428 1
1429 1
1430 1
1431 0
1432 1
1433 0
1434 0
1435 0
1436 0
1437 0
1438 0
1439 1
1440 0
1441 1
1442 0
1443 1
1444 1
1445 0
1446 2
1447 0
1448 1
1449 1
1450 0
1451 0
1452 0
1453 0
1454 0
1455 1
1456 0
1457 0
1458 0
1459 0
1460 1
1461 0
1462 0
1463 0
1464 1
1465 0
1466 0
1467 1
1468 2
1469 1
1470 1
1471 0
1472 0
1473 0
1474 0
1475 0
1476 0
1477 1
1478 0
1479 2
1480 0
1481 0
1482 0
1483 2
1484 0
1485 0
1486 1
1487 0
1488 0
1489 1
1490 0
1491 1
1492 1
1493 0
1494 0
1495 1
1496 1
1497 1
1498 1
1499 0
1500 0
1501 0
1502 0
1503 2
1504 1
1505 1
1506 1
1507 1
1508 0
1509 0
1510 0
1511 0
1512 1
1513 1
1514 0
1515 0
1516 1
1517 1
1518 0
1519 0
1520 1
1521 1
1522 0
1523 0
1524 0
1525 1
1526 0
1527 0
1528 0
1529 0
1530 1
1531 0
1532 0
1533 0
1534 0
1535 0
1536 0
1537 0
1538 0
1539 0
1540 1
1541 1
1542 0
1543 1
1544 1
1545 0
1546 2
1547 0
1548 0
1549 0
1550 2
1551 0
1552 1
1553 1
1554 1
1555 1
1556 0
1557 1
1558 0
1559 0
1560 0
1561 0
1562 1
1563 1
1564 0
1565 0
1566 0
1567 0
1568 0
1569 1
1570 1
1571 0
1572 0
1573 0
1574 0
1575 0
1576 0
1577 0
1578 0
1579 0
1580 0
1581 0
1582 1
1583 0
1584 0
1585 0
1586 0
1587 1
1588 1
1589 1
1590 0
1591 0
1592 0
1593 0
1594 0
1595 0
1596 0
1597 0
1598 0
1599 2
1600 0
1601 2
1602 0
1603 0
1604 0
1605 1
1606 0
1607 1
1608 1
1609 0
1610 1
1611 1
1612 0
1613 0
1614 0
1615 1
1616 0
1617 0
1618 1
1619 0
1620 1
1621 1
1622 0
1623 0
1624 0
1625 0
1626 0
1627 0
1628 0
1629 1
1630 0
1631 1
1632 0
1633 0
1634 1
1635 0
1636 0
1637 0
1638 1
1639 2
1640 0
1641 0
1642 0
1643 1
1644 0
1645 0
1646 0
1647 0
1648 0
1649 1
1650 0
1651 0
1652 0
1653 0
1654 0
1655 0
1656 2
1657 2
1658 1
1659 0
1660 1
1661 0
1662 1
1663 0
1664 1
1665 1
1666 0
1667 0
1668 0
1669 1
1670 0
1671 1
1672 0
1673 0
1674 0
1675 1
1676 0
1677 1
1678 0
1679 0
1680 0
1681 1
1682 0
1683 0
1684 0
1685 0
1686 0
1687 0
1688 0
1689 1
1690 0
1691 1
1692 0
1693 0
1694 0
1695 0
1696 0
1697 1
1698 0
1699 0
1700 1
1701 0
1702 0
1703 0
1704 2
1705 1
1706 0
1707 0
1708 0
1709 1
1710 0
1711 0
1712 0
1713 1
1714 0
1715 0
1716 1
1717 0
1718 0
1719 1
1720 0
1721 0
1722 1
1723 1
1724 0
1725 0
1726 0
1727 0
1728 0
1729 0
1730 0
1731 0
1732 0
1733 0
1734 1
1735 0
1736 0
1737 0
1738 0
1739 0
1740 0
1741 0
1742 0
1743 0
1744 0
1745 0
1746 1
1747 1
1748 0
1749 0
1750 0
1751 0
1752 1
1753 0
1754 0
1755 0
1756 0
1757 0
1758 2
1759 0
1760 0
1761 0
1762 0
1763 0
1764 1
1765 0
1766 1
1767 0
1768 0
1769 2
1770 0
1771 0
1772 0
1773 0
1774 1
1775 0
1776 0
1777 0
1778 1
1779 0
1780 0
1781 0
1782 1
1783 0
1784 0
1785 0
1786 0
1787 0
1788 0
1789 1
1790 1
1791 1
1792 0
1793 0
1794 0
1795 0
1796 0
1797 1
1798 0
1799 1
1800 0
1801 0
1802 1
1803 0
1804 0
1805 0
1806 0
1807 0
1808 0
1809 0
1810 0
1811 0
1812 0
1813 0
1814 0
1815 0
1816 1
1817 0
1818 0
1819 0
1820 0
1821 0
1822 0
1823 0
1824 0
1825 0
1826 0
1827 0
1828 0
1829 0
1830 1
1831 0
1832 0
1833 1
1834 2
1835 0
1836 1
1837 0
1838 0
1839 1
1840 0
1841 0
1842 0
1843 2
1844 0
1845 0
1846 0
1847 0
1848 0
1849 0
1850 0
1851 1
1852 0
1853 0
1854 0
1855 0
1856 0
1857 0
1858 1
1859 1
1860 0
1861 0
1862 1
1863 0
1864 2
1865 0
1866 0
1867 0
1868 0
1869 0
1870 1
1871 0
1872 0
1873 1
1874 0
1875 0
1876 1
1877 0
1878 1
1879 1
1880 0
1881 0
1882 0
1883 1
1884 0
1885 0
1886 0
1887 0
1888 0
1889 0
1890 0
1891 1
1892 0
1893 0
1894 0
1895 0
1896 0
1897 0
1898 0
1899 0
1900 0
1901 0
1902 1
1903 0
1904 0
1905 0
1906 0
1907 0
1908 0
1909 0
1910 0
1911 1
1912 0
1913 0
1914 0
1915 0
1916 0
1917 0
1918 0
1919 1
1920 0
1921 0
1922 0
1923 0
1924 0
1925 0
1926 0
1927 0
1928 0
1929 1
1930 0
1931 0
1932 0
1933 0
1934 0
1935 0
1936 0
1937 0
1938 1
1939 0
1940 0
1941 0
1942 0
1943 0
1944 0
1945 0
1946 0
1947 0
1948 0
1949 1
1950 0
1951 1
1952 0
1953 0
1954 1
1955 0
1956 0
1957 1
1958 0
1959 0
1960 0
1961 0
1962 0
1963 0
1964 0
1965 2
1966 0
1967 0
1968 1
1969 1
1970 0
1971 0
1972 0
1973 1
1974 0
1975 2
1976 0
1977 1
1978 1
1979 0
1980 0
1981 0
1982 0
1983 0
1984 0
1985 1
1986 0
1987 1
1988 0
1989 0
1990 0
1991 0
1992 2
1993 2
1994 1
1995 0
1996 0
1997 0
1998 0
1999 0
2000 0
2001 1
2002 0
2003 0
2004 0
2005 0
2006 0
2007 0
2008 0
2009 1
2010 0
2011 0
2012 0
2013 0
2014 0
2015 0
2016 0
2017 0
2018 1
2019 0
2020 0
2021 0
2022 0
2023 0
2024 0
2025 0
2026 0
2027 0
2028 0
2029 0
2030 0
2031 0
2032 0
2033 0
2034 1
2035 0
2036 0
2037 0
2038 0
2039 0
2040 0
2041 1
2042 0
2043 0
2044 0
2045 0
2046 0
2047 0
2048 0
2049 0
2050 1
2051 0
2052 0
2053 0
2054 1
2055 0
2056 0
2057 0
2058 0
2059 0
2060 0
2061 0
2062 0
2063 0
2064 0
2065 0
2066 0
2067 0
2068 0
2069 0
2070 0
2071 0
2072 0
2073 1
2074 0
2075 0
2076 0
2077 0
2078 0
2079 0
2080 0
2081 0
2082 0
2083 0
2084 0
2085 0
2086 1
2087 1
2088 0
2089 0
2090 0
2091 0
2092 1
2093 1
2094 0
2095 0
2096 0
2097 0
2098 0
2099 0
2100 0
2101 0
2102 1
2103 1
2104 0
2105 0
2106 0
2107 0
2108 0
2109 0
2110 0
2111 0
2112 2
2113 0
2114 0
2115 0
2116 0
2117 0
2118 0
2119 0
2120 0
2121 0
2122 1
2123 0
2124 0
2125 0
2126 1
2127 1
2128 0
2129 0
2130 0
2131 0
2132 0
2133 0
2134 1
2135 0
2136 0
2137 0
2138 0
2139 1
2140 0
2141 0
2142 0
2143 0
2144 0
2145 0
2146 0
2147 0
2148 0
2149 0
2150 0
2151 0
2152 0
2153 0
2154 0
2155 0
2156 0
2157 0
2158 0
2159 0
2160 0
2161 0
2162 0
2163 0
2164 0
2165 1
2166 0
2167 1
2168 0
2169 0
2170 1
2171 0
2172 0
2173 0
2174 0
2175 0
2176 0
2177 0
2178 0
2179 0
2180 0
2181 0
2182 0
2183 0
2184 0
2185 0
2186 0
2187 0
2188 0
2189 0
2190 0
2191 0
2192 0
2193 0
2194 1
2195 0
2196 0
2197 0
2198 0
2199 0
2200 0
2201 0
2202 0
2203 0
2204 0
2205 0
2206 0
2207 1
2208 0
2209 0
2210 0
2211 0
2212 1
2213 0
2214 0
2215 0
2216 0
2217 0
2218 0
2219 0
2220 0
2221 0
2222 2
2223 0
2224 0
2225 1
2226 0
2227 0
2228 0
2229 1
2230 1
2231 0
2232 0
2233 0
2234 0
2235 0
2236 0
2237 0
2238 0
2239 0
2240 0
2241 0
2242 0
2243 0
2244 0
2245 0
2246 0
2247 0
2248 1
2249 0
2250 0
2251 0
2252 0
2253 0
2254 0
2255 0
2256 0
2257 0
2258 0
2259 0
2260 0
2261 0
2262 0
2263 0
2264 0
2265 0
2266 1
2267 0
2268 0
2269 0
2270 1
2271 0
2272 0
2273 0
2274 1
2275 0
2276 0
2277 0
2278 0
2279 1
2280 0
2281 0
2282 0
2283 0
2284 0
2285 0
2286 0
2287 0
2288 1
2289 0
2290 1
2291 1
2292 0
2293 0
2294 0
2295 0
2296 0
2297 0
2298 0
2299 1
2300 0
2301 1
2302 1
2303 0
2304 0
2305 0
2306 0
2307 0
2308 0
2309 0
2310 0
2311 0
2312 0
2313 0
2314 1
2315 0
2316 0
2317 0
2318 0
2319 0
2320 0
2321 0
2322 0
2323 0
2324 0
2325 0
2326 1
2327 0
2328 0
2329 0
2330 0
2331 0
2332 0
2333 0
2334 0
2335 1
2336 0
2337 0
2338 1
2339 0
2340 0
2341 0
2342 1
2343 0
2344 0
2345 0
2346 0
2347 0
2348 1
2349 0
2350 0
2351 0
2352 0
2353 0
2354 0
2355 0
2356 0
2357 0
2358 0
2359 0
2360 0
2361 1
2362 0
2363 0
2364 0
2365 1
2366 0
2367 0
2368 1
2369 0
2370 0
2371 0
2372 0
2373 0
2374 0
2375 0
2376 0
2377 0
2378 0
2379 1
2380 0
2381 0
2382 0
2383 0
2384 0
2385 0
2386 0
2387 0
2388 1
2389 0
2390 0
2391 0
2392 0
2393 1
2394 0
2395 1
2396 0
2397 0
2398 0
2399 0
2400 0
2401 1
2402 0
2403 0
2404 0
2405 0
2406 0
2407 0
2408 0
2409 0
2410 1
2411 0
2412 0
2413 0
2414 0
2415 0
2416 0
2417 0
2418 0
2419 0
2420 0
2421 1
2422 0
2423 1
2424 0
2425 0
2426 0
2427 0
2428 2
2429 0
2430 0
2431 0
2432 0
2433 0
2434 0
2435 0
2436 0
2437 1
2438 1
2439 0
2440 0
2441 0
2442 0
2443 0
2444 0
2445 0
2446 0
2447 0
2448 0
2449 0
2450 0
2451 0
2452 0
2453 0
2454 0
2455 0
2456 0
2457 1
2458 1
2459 0
2460 0
2461 1
2462 0
2463 0
2464 0
2465 0
2466 0
2467 1
2468 0
2469 0
2470 0
2471 0
2472 0
2473 1
2474 1
2475 0
2476 0
2477 0
2478 0
2479 1
2480 0
2481 0
2482 0
2483 0
2484 0
2485 0
2486 0
2487 0
2488 0
2489 0
2490 1
2491 0
2492 0
2493 0
2494 1
2495 0
2496 0
2497 1
2498 0
2499 0
2500 0
2501 0
2502 0
2503 0
2504 0
2505 0
2506 0
2507 0
2508 1
2509 0
2510 1
2511 0
2512 0
2513 0
2514 1
2515 0
2516 0
2517 0
2518 1
2519 0
2520 0
2521 0
2522 0
2523 0
2524 0
2525 1
2526 0
2527 0
2528 0
2529 0
2530 0
2531 0
2532 0
2533 0
2534 0
2535 0
2536 0
2537 0
2538 0
2539 0
2540 0
2541 0
2542 0
2543 0
2544 0
2545 1
2546 0
2547 1
2548 0
2549 0
2550 0
2551 1
2552 1
2553 0
2554 0
2555 0
2556 0
2557 0
2558 0
2559 0
2560 0
2561 0
2562 0
2563 0
2564 0
2565 0
2566 0
2567 0
2568 0
2569 0
2570 0
2571 0
2572 0
2573 0
2574 0
2575 0
2576 0
2577 0
2578 0
2579 0
2580 0
2581 0
2582 0
2583 1
2584 0
2585 0
2586 0
2587 0
2588 0
2589 0
2590 0
2591 0
2592 0
2593 0
2594 1
2595 0
2596 0
2597 1
2598 0
2599 0
2600 0
2601 0
2602 1
2603 0
2604 0
2605 0
2606 0
2607 0
2608 0
2609 1
2610 0
2611 0
2612 0
2613 0
2614 0
2615 0
2616 0
2617 0
2618 0
2619 0
2620 0
2621 0
2622 0
2623 0
2624 0
2625 0
2626 0
2627 0
2628 1
2629 0
2630 0
2631 1
2632 0
2633 0
2634 0
2635 0
2636 1
2637 0
2638 0
2639 0
2640 0
2641 0
2642 0
2643 0
2644 1
2645 0
2646 0
2647 1
2648 0
2649 0
2650 0
2651 0
2652 0
2653 0
2654 0
2655 0
2656 0
2657 0
2658 0
2659 0
2660 0
2661 0
2662 0
2663 0
2664 0
2665 0
2666 0
2667 0
2668 0
2669 0
2670 0
2671 0
2672 0
2673 0
2674 0
2675 1
2676 0
2677 0
2678 0
2679 1
2680 1
2681 0
2682 0
2683 0
2684 0
2685 0
2686 2
2687 0
2688 0
2689 0
2690 0
2691 0
2692 0
2693 0
2694 0
2695 0
2696 0
2697 0
2698 0
2699 0
2700 0
2701 1
2702 0
2703 0
2704 0
2705 0
2706 0
2707 1
2708 0
2709 0
2710 0
2711 0
2712 0
2713 0
2714 0
2715 0
2716 0
2717 0
2718 0
2719 0
2720 0
2721 0
2722 0
2723 0
2724 0
2725 0
2726 0
2727 0
2728 0
2729 0
2730 1
2731 0
2732 0
2733 0
2734 0
2735 0
2736 0
2737 0
2738 0
2739 0
2740 0
2741 0
2742 0
2743 0
2744 0
2745 0
2746 0
2747 0
2748 0
2749 0
2750 0
2751 0
2752 0
2753 0
2754 0
2755 0
2756 0
2757 0
2758 0
2759 0
2760 0
2761 0
2762 0
2763 1
2764 0
2765 0
2766 0
2767 1
2768 1
2769 0
2770 0
2771 0
2772 0
2773 1
2774 0
2775 0
2776 0
2777 0
2778 0
2779 0
2780 0
2781 0
2782 0
2783 0
2784 0
2785 0
2786 0
2787 0
2788 0
2789 0
2790 0
2791 0
2792 0
2793 0
2794 0
2795 0
2796 0
2797 0
2798 0
2799 0
2800 0
2801 0
2802 0
2803 0
2804 0
2805 0
2806 0
2807 1
2808 0
2809 0
2810 1
2811 0
2812 0
2813 0
2814 0
2815 0
2816 0
2817 1
2818 0
2819 1
2820 0
2821 0
2822 0
2823 1
2824 0
2825 0
2826 0
2827 0
2828 1
2829 0
2830 0
2831 0
2832 1
2833 0
2834 0
2835 0
2836 0
2837 0
2838 0
2839 0
2840 0
2841 0
2842 0
2843 0
2844 0
2845 0
2846 0
2847 0
2848 0
2849 0
2850 0
2851 0
2852 0
2853 0
2854 0
2855 0
2856 0
2857 0
2858 0
2859 0
2860 1
2861 0
2862 0
2863 0
2864 0
2865 0
2866 0
2867 0
2868 0
2869 0
2870 0
2871 0
2872 0
2873 0
2874 0
2875 0
2876 0
2877 0
2878 0
2879 1
2880 0
2881 0
2882 0
2883 1
2884 0
2885 0
2886 0
2887 0
2888 0
2889 0
2890 1
2891 1
2892 0
2893 0
2894 0
2895 0
2896 0
2897 0
2898 0
2899 1
2900 0
2901 0
2902 0
2903 0
2904 0
2905 0
2906 0
2907 0
2908 0
2909 0
2910 0
2911 1
2912 0
2913 1
2914 0
2915 0
2916 0
2917 0
2918 0
2919 0
2920 0
2921 1
2922 0
2923 0
2924 0
2925 0
2926 0
2927 0
2928 0
2929 0
2930 1
2931 0
2932 0
2933 0
2934 0
2935 0
2936 0
2937 0
2938 0
2939 0
2940 0
2941 1
2942 0
2943 0
2944 0
2945 0
2946 0
2947 0
2948 0
2949 0
2950 0
2951 0
2952 0
2953 0
2954 0
2955 0
2956 0
2957 0
2958 0
2959 0
2960 1
2961 0
2962 0
2963 0
2964 0
2965 0
2966 1
2967 0
2968 1
2969 0
2970 0
2971 0
2972 0
2973 0
2974 0
2975 1
2976 0
2977 0
2978 0
2979 0
2980 1
2981 0
2982 0
2983 0
2984 1
2985 0
2986 0
2987 0
2988 0
2989 1
2990 0
2991 0
2992 0
2993 0
2994 0
2995 0
2996 0
2997 0
2998 0
2999 1
3000 0
3001 0
3002 0
3003 1
3004 0
3005 1
3006 0
3007 1
3008 0
3009 0
3010 0
3011 0
3012 1
3013 0
3014 0
3015 0
3016 0
3017 0
3018 0
3019 0
3020 0
3021 0
3022 0
3023 0
3024 0
3025 0
3026 0
3027 0
3028 0
3029 0
3030 0
3031 0
3032 0
3033 0
3034 1
3035 0
3036 0
3037 0
3038 1
3039 0
3040 0
3041 0
3042 1
3043 0
3044 1
3045 0
3046 0
3047 0
3048 2
3049 0
3050 0
3051 0
3052 0
3053 0
3054 0
3055 0
3056 0
3057 1
3058 0
3059 0
3060 0
3061 0
3062 0
3063 0
3064 0
3065 0
3066 0
3067 0
3068 0
3069 0
3070 0
3071 1
3072 0
3073 0
3074 0
3075 2
3076 0
3077 0
3078 0
3079 0
3080 0
3081 0
3082 1
3083 0
3084 0
3085 0
3086 0
3087 1
3088 0
3089 0
3090 0
3091 0
3092 0
3093 0
3094 0
3095 0
3096 0
3097 0
3098 1
3099 1
3100 0
3101 0
3102 0
3103 0
3104 0
3105 0
3106 1
3107 0
3108 0
3109 0
3110 1
3111 0
3112 0
3113 0
3114 0
3115 0
3116 0
3117 0
3118 0
3119 0
3120 0
3121 1
3122 0
3123 0
3124 0
3125 0
3126 1
3127 1
3128 0
3129 0
3130 0
3131 0
3132 0
3133 0
3134 0
3135 0
3136 0
3137 0
3138 0
3139 0
3140 0
3141 0
3142 0
3143 0
3144 0
3145 1
3146 0
3147 0
3148 0
3149 0
3150 0
3151 0
3152 0
3153 0
3154 0
3155 0
3156 0
3157 0
3158 0
3159 0
3160 0
3161 0
3162 0
3163 0
3164 0
3165 1
3166 0
3167 0
3168 0
3169 0
3170 1
3171 0
3172 0
3173 0
3174 0
3175 0
3176 0
3177 0
3178 0
3179 0
3180 0
3181 0
3182 0
3183 0
3184 1
3185 0
3186 0
3187 0
3188 1
3189 0
3190 0
3191 0
3192 1
3193 0
3194 0
3195 0
3196 0
3197 0
3198 0
3199 0
3200 0
3201 0
3202 0
3203 0
3204 0
3205 0
3206 0
3207 0
3208 0
3209 0
3210 1
3211 0
3212 1
3213 1
3214 0
3215 1
3216 0
3217 0
3218 0
3219 0
3220 0
3221 0
3222 0
3223 1
3224 0
3225 1
3226 0
3227 0
3228 0
3229 0
3230 0
3231 0
3232 1
3233 1
3234 1
3235 0
3236 0
3237 0
3238 0
3239 0
3240 0
3241 0
3242 0
3243 0
3244 0
3245 0
3246 1
3247 0
3248 0
3249 0
3250 0
3251 0
3252 0
3253 0
3254 0
3255 0
3256 0
3257 0
3258 0
3259 0
3260 0
3261 0
3262 0
3263 0
3264 0
3265 0
3266 1
3267 0
3268 0
3269 0
3270 0
3271 0
3272 0
3273 0
3274 0
3275 0
3276 2
3277 0
3278 0
3279 0
3280 0
3281 0
3282 0
3283 0
3284 0
3285 0
3286 0
3287 0
3288 0
3289 1
3290 0
3291 0
3292 0
3293 0
3294 0
3295 0
3296 0
3297 1
3298 0
3299 0
3300 0
3301 0
3302 0
3303 0
3304 0
3305 0
3306 0
3307 0
3308 0
3309 0
3310 0
3311 0
3312 0
3313 0
3314 0
3315 0
3316 0
3317 0
3318 0
3319 0
3320 0
3321 0
3322 0
3323 0
3324 0
3325 1
3326 0
3327 0
3328 0
3329 0
3330 1
3331 0
3332 0
3333 0
3334 1
3335 0
3336 0
3337 0
3338 0
3339 0
3340 1
3341 0
3342 1
3343 0
3344 0
3345 0
3346 1
3347 0
3348 0
3349 0
3350 0
3351 0
3352 0
3353 1
3354 1
3355 0
3356 1
3357 0
3358 0
3359 0
3360 0
3361 0
3362 0
3363 0
3364 0
3365 0
3366 0
3367 0
3368 1
3369 0
3370 1
3371 0
3372 0
3373 0
3374 0
3375 0
3376 0
3377 0
3378 0
3379 0
3380 0
3381 0
3382 1
3383 0
3384 0
3385 0
3386 0
3387 0
3388 0
3389 0
3390 0
3391 1
3392 0
3393 0
3394 0
3395 0
3396 0
3397 0
3398 0
3399 1
3400 0
3401 0
3402 0
3403 0
3404 1
3405 0
3406 0
3407 0
3408 0
3409 0
3410 0
3411 0
3412 0
3413 0
3414 1
3415 0
3416 0
3417 0
3418 0
3419 0
3420 0
3421 1
3422 0
3423 0
3424 0
3425 0
3426 0
3427 0
3428 1
3429 1
3430 0
3431 0
3432 0
3433 0
3434 0
3435 0
3436 0
3437 0
3438 0
3439 0
3440 0
3441 0
3442 0
3443 0
3444 0
3445 0
3446 1
3447 0
3448 0
3449 0
3450 0
3451 0
3452 0
3453 0
3454 1
3455 0
3456 0
3457 0
3458 0
3459 0
3460 0
3461 0
3462 0
3463 0
3464 0
3465 0
3466 0
3467 0
3468 0
3469 0
3470 0
3471 0
3472 0
3473 1
3474 0
3475 0
3476 0
3477 0
3478 0
3479 0
3480 1
3481 0
3482 0
3483 0
3484 0
3485 0
3486 0
3487 0
3488 0
3489 0
3490 1
3491 0
3492 0
3493 0
3494 0
3495 0
3496 0
3497 0
3498 0
3499 1
3500 0
3501 0
3502 0
3503 0
3504 0
3505 0
3506 0
3507 0
3508 0
3509 0
3510 0
3511 1
3512 0
3513 1
3514 0
3515 0
3516 0
3517 1
3518 0
3519 0
3520 0
3521 0
3522 1
3523 0
3524 0
3525 0
3526 0
3527 0
3528 0
3529 0
3530 0
3531 1
3532 0
3533 0
3534 0
3535 0
3536 0
3537 0
3538 0
3539 1
3540 0
3541 0
3542 0
3543 0
3544 0
3545 0
3546 1
3547 0
3548 0
3549 0
3550 0
3551 2
3552 0
3553 0
3554 0
3555 0
3556 0
3557 1
3558 1
3559 1
3560 0
3561 0
3562 0
3563 0
3564 1
3565 0
3566 0
3567 0
3568 0
3569 0
3570 0
3571 0
3572 0
3573 0
3574 0
3575 0
3576 0
3577 0
3578 0
3579 0
3580 0
3581 0
3582 0
3583 0
3584 1
3585 0
3586 0
3587 1
3588 0
3589 0
3590 0
3591 0
3592 0
3593 0
3594 0
3595 0
3596 0
3597 0
3598 0
3599 0
3600 0
3601 0
3602 0
3603 1
3604 0
3605 0
3606 0
3607 0
3608 0
3609 0
3610 0
3611 0
3612 0
3613 1
3614 0
3615 0
3616 0
3617 0
3618 0
3619 0
3620 0
3621 0
3622 0
3623 0
3624 0
3625 0
3626 0
3627 0
3628 0
3629 0
3630 0
3631 0
3632 0
3633 0
3634 0
3635 0
3636 0
3637 0
3638 0
3639 0
3640 0
3641 0
3642 0
3643 0
3644 0
3645 0
3646 0
3647 0
3648 0
3649 0
3650 0
3651 0
3652 0
3653 1
3654 0
3655 0
3656 0
3657 0
3658 0
3659 0
3660 0
3661 0
3662 0
3663 0
3664 0
3665 1
3666 0
3667 0
3668 1
3669 0
3670 0
3671 0
3672 0
3673 0
3674 0
3675 0
3676 0
3677 0
3678 0
3679 0
3680 0
3681 0
3682 0
3683 0
3684 0
3685 0
3686 0
3687 0
3688 0
3689 0
3690 0
3691 0
3692 0
3693 0
3694 0
3695 0
3696 0
3697 0
3698 1
3699 0
3700 0
3701 0
3702 0
3703 0
3704 0
3705 0
3706 0
3707 0
3708 0
3709 0
3710 0
3711 0
3712 0
3713 0
3714 0
3715 0
3716 0
3717 0
3718 1
3719 0
3720 0
3721 1
3722 0
3723 0
3724 0
3725 1
3726 0
3727 0
3728 0
3729 0
3730 0
3731 0
3732 0
3733 0
3734 0
3735 0
3736 0
3737 0
3738 0
3739 0
3740 0
3741 0
3742 0
3743 0
3744 0
3745 0
3746 0
3747 0
3748 0
3749 0
3750 0
3751 0
3752 0
3753 0
3754 0
3755 0
3756 0
3757 0
3758 0
3759 0
3760 0
3761 0
3762 0
3763 0
3764 0
3765 0
3766 0
3767 0
3768 0
3769 0
3770 0
3771 0
3772 0
3773 0
3774 0
3775 1
3776 0
3777 0
3778 0
3779 0
3780 0
3781 0
3782 1
3783 0
3784 0
3785 1
3786 0
3787 0
3788 0
3789 0
3790 0
3791 0
3792 0
3793 0
3794 0
3795 0
3796 0
3797 0
3798 0
3799 0
3800 0
3801 0
3802 1
3803 0
3804 0
3805 0
3806 0
3807 0
3808 0
3809 0
3810 0
3811 1
3812 0
3813 1
3814 0
3815 0
3816 0
3817 0
3818 0
3819 0
3820 0
3821 0
3822 0
3823 0
3824 0
3825 0
3826 0
3827 1
3828 0
3829 0
3830 0
3831 0
3832 0
3833 0
3834 0
3835 0
3836 0
3837 0
3838 0
3839 0
3840 0
3841 0
3842 0
3843 1
3844 0
3845 0
3846 0
3847 0
3848 0
3849 0
3850 0
3851 0
3852 0
3853 0
3854 1
3855 0
3856 0
3857 0
3858 0
3859 0
3860 0
3861 0
3862 0
3863 0
3864 0
3865 0
3866 0
3867 0
3868 0
3869 1
3870 0
3871 0
3872 0
3873 0
3874 0
3875 0
3876 0
3877 0
3878 0
3879 0
3880 0
3881 0
3882 0
3883 0
3884 0
3885 0
3886 0
3887 0
3888 0
3889 0
3890 0
3891 0
3892 0
3893 0
3894 0
3895 0
3896 0
3897 0
3898 0
3899 0
3900 0
3901 0
3902 0
3903 0
3904 0
3905 0
3906 1
3907 0
3908 0
3909 0
3910 0
3911 0
3912 0
3913 0
3914 0
3915 0
3916 0
3917 0
3918 0
3919 0
3920 0
3921 0
3922 0
3923 0
3924 0
3925 0
3926 0
3927 0
3928 0
3929 0
3930 0
3931 0
3932 0
3933 1
3934 0
3935 0
3936 0
3937 0
3938 0
3939 0
3940 0
3941 0
3942 0
3943 0
3944 0
3945 0
3946 0
3947 0
3948 0
3949 0
3950 0
3951 0
3952 0
3953 0
3954 0
3955 0
3956 0
3957 0
3958 0
3959 0
3960 0
3961 0
3962 0
3963 0
3964 0
3965 0
3966 0
3967 0
3968 0
3969 0
3970 0
3971 0
3972 0
3973 0
3974 0
3975 0
3976 0
3977 0
3978 0
3979 0
3980 0
3981 0
3982 0
3983 0
3984 0
3985 1
3986 0
3987 0
3988 0
3989 0
3990 0
3991 0
3992 0
3993 0
3994 0
3995 0
3996 0
3997 0
3998 0
3999 0
4000 0
