0 0
1 0
2 0
3 0
4 0
5 0
6 0
7 0
8 0
9 0
10 0
11 0
12 0
13 0
14 0
15 0
16 0
17 0
18 0
19 0
20 0
21 0
22 0
23 0
24 0
25 0
26 0
27 0
28 0
29 0
30 0
31 0
32 0
33 0
34 0
35 0
36 0
37 0
38 0
39 0
40 0
41 0
42 0
43 0
44 0
45 0
46 0
47 0
48 0
49 0
50 0
51 0
52 0
53 0
54 0
55 0
56 0
57 0
58 0
59 0
60 0
61 0
62 0
63 0
64 0
65 0
66 0
67 0
68 0
69 0
70 0
71 0
72 0
73 0
74 0
75 0
76 0
77 0
78 0
79 0
80 0
81 0
82 0
83 0
84 0
85 0
86 0
87 0
88 0
89 0
90 0
91 0
92 0
93 0
94 0
95 0
96 0
97 0
98 0
99 0
100 0
101 0
102 0
103 0
104 0
105 0
106 0
107 0
108 0
109 0
110 0
111 0
112 0
113 0
114 0
115 0
116 0
117 0
118 0
119 0
120 0
121 0
122 0
123 0
124 0
125 0
126 0
127 0
128 0
129 0
130 0
131 0
132 0
133 0
134 0
135 0
136 0
137 0
138 0
139 0
140 0
141 0
142 0
143 0
144 0
145 0
146 0
147 0
148 0
149 0
150 1
151 0
152 2
153 1
154 3
155 3
156 0
157 3
158 4
159 3
160 1
161 4
162 3
163 2
164 3
165 1
166 6
167 7
168 5
169 6
170 2
171 2
172 4
173 6
174 9
175 3
176 8
177 5
178 10
179 7
180 21
181 21
182 37
183 50
184 66
185 100
186 120
187 208
188 328
189 581
190 831
191 1414
192 2018
193 2725
194 3252
195 3969
196 4274
197 4353
198 4356
199 4417
200 4146
201 3992
202 3838
203 3715
204 3619
205 3529
206 3341
207 3325
208 3200
209 3238
210 3191
211 3059
212 3085
213 2990
214 3064
215 2975
216 2945
217 2912
218 2933
219 2896
220 2851
221 2954
222 2838
223 2864
224 2785
225 2822
226 2775
227 2786
228 2760
229 2771
230 2735
231 2729
232 2764
233 2757
234 2798
235 2712
236 2686
237 2786
238 2712
239 2810
240 2759
241 2753
242 2683
243 2773
244 2752
245 2660
246 2789
247 2747
248 2780
249 2776
250 2851
251 2819
252 2809
253 2803
254 2793
255 2768
256 2814
257 2839
258 2733
259 2762
260 2781
261 2737
262 2800
263 2738
264 2808
265 2754
266 2744
267 2693
268 2813
269 2761
270 2857
271 2812
272 2834
273 2885
274 2868
275 2813
276 2861
277 2871
278 2909
279 2855
280 2856
281 2859
282 2905
283 2841
284 2993
285 2887
286 2875
287 2874
288 2953
289 2960
290 2801
291 2912
292 2914
293 2856
294 2818
295 2899
296 2810
297 2872
298 2862
299 2890
300 2888
301 2912
302 2847
303 2890
304 2871
305 3010
306 3007
307 2862
308 2888
309 2877
310 2932
311 2948
312 2991
313 2917
314 2900
315 2971
316 3012
317 3026
318 2974
319 2990
320 3026
321 2913
322 3042
323 3000
324 3041
325 3000
326 2982
327 3126
328 3112
329 3083
330 3074
331 3069
332 3001
333 2937
334 3092
335 3047
336 3133
337 3125
338 3096
339 3071
340 3156
341 3069
342 3008
343 3102
344 3123
345 3167
346 3252
347 3112
348 3176
349 3266
350 3177
351 3131
352 3186
353 3239
354 3218
355 3276
356 3147
357 3393
358 3238
359 3204
360 3204
361 3217
362 3303
363 3316
364 3224
365 3258
366 3250
367 3327
368 3346
369 3314
370 3447
371 3251
372 3464
373 3464
374 3272
375 3357
376 3380
377 3368
378 3396
379 3296
380 3463
381 3384
382 3378
383 3436
384 3364
385 3457
386 3290
387 3431
388 3290
389 3375
390 3338
391 3482
392 3461
393 3482
394 3381
395 3472
396 3570
397 3475
398 3397
399 3444
400 3379
401 3364
402 3368
403 3460
404 3507
405 3466
406 3582
407 3423
408 3361
409 3352
410 3404
411 3445
412 3466
413 3363
414 3424
415 3356
416 3410
417 3406
418 3421
419 3401
420 3327
421 3362
422 3274
423 3384
424 3380
425 3325
426 3445
427 3341
428 3384
429 3361
430 3281
431 3365
432 3427
433 3381
434 3227
435 3431
436 3324
437 3381
438 3386
439 3196
440 3287
441 3307
442 3313
443 3342
444 3327
445 3241
446 3345
447 3263
448 3185
449 3303
450 3191
451 3177
452 3262
453 3230
454 3132
455 3145
456 3267
457 3159
458 3184
459 3136
460 3155
461 3114
462 3121
463 3022
464 3182
465 3070
466 3020
467 3038
468 3020
469 3000
470 3072
471 3037
472 2810
473 2997
474 2945
475 3019
476 2946
477 3041
478 2866
479 2887
480 2948
481 2931
482 2866
483 2826
484 2829
485 2849
486 2824
487 2812
488 2817
489 2689
490 2696
491 2768
492 2708
493 2736
494 2673
495 2754
496 2615
497 2606
498 2506
499 2599
500 2484
501 2581
502 2484
503 2552
504 2467
505 2416
506 2528
507 2546
508 2344
509 2483
510 2374
511 2391
512 2381
513 2356
514 2295
515 2369
516 2304
517 2266
518 2323
519 2224
520 2299
521 2087
522 2203
523 2196
524 2155
525 2128
526 2067
527 2051
528 2094
529 2006
530 2024
531 2028
532 1897
533 1967
534 2027
535 1989
536 1901
537 1958
538 1923
539 1957
540 1858
541 1836
542 1823
543 1839
544 1818
545 1838
546 1797
547 1772
548 1768
549 1649
550 1716
551 1721
552 1660
553 1669
554 1589
555 1620
556 1506
557 1647
558 1551
559 1540
560 1609
561 1540
562 1563
563 1516
564 1389
565 1463
566 1411
567 1452
568 1448
569 1460
570 1348
571 1379
572 1377
573 1363
574 1257
575 1375
576 1200
577 1308
578 1275
579 1204
580 1227
581 1211
582 1201
583 1227
584 1179
585 1145
586 1157
587 1148
588 1155
589 1096
590 1039
591 1052
592 1065
593 1073
594 1031
595 1034
596 977
597 972
598 1071
599 992
600 973
601 915
602 954
603 879
604 909
605 932
606 874
607 902
608 836
609 810
610 926
611 855
612 786
613 745
614 852
615 762
616 745
617 815
618 810
619 729
620 730
621 788
622 738
623 659
624 706
625 658
626 666
627 666
628 626
629 611
630 635
631 615
632 619
633 616
634 590
635 638
636 574
637 541
638 602
639 562
640 534
641 572
642 578
643 520
644 495
645 492
646 508
647 492
648 489
649 511
650 477
651 441
652 469
653 492
654 464
655 411
656 401
657 458
658 435
659 438
660 429
661 380
662 422
663 360
664 369
665 415
666 407
667 380
668 344
669 333
670 380
671 309
672 378
673 342
674 311
675 305
676 337
677 320
678 294
679 334
680 289
681 314
682 295
683 286
684 297
685 306
686 273
687 273
688 278
689 245
690 260
691 266
692 250
693 258
694 268
695 235
696 231
697 227
698 221
699 228
700 227
701 222
702 209
703 224
704 219
705 202
706 195
707 209
708 190
709 205
710 183
711 191
712 172
713 181
714 165
715 178
716 148
717 158
718 161
719 168
720 140
721 136
722 163
723 152
724 147
725 160
726 137
727 140
728 131
729 142
730 95
731 116
732 114
733 118
734 124
735 120
736 150
737 115
738 132
739 120
740 96
741 131
742 111
743 124
744 100
745 93
746 120
747 97
748 112
749 104
750 107
751 98
752 97
753 92
754 113
755 111
756 99
757 96
758 95
759 81
760 85
761 88
762 80
763 96
764 64
765 77
766 79
767 85
768 83
769 89
770 73
771 68
772 96
773 69
774 74
775 70
776 74
777 87
778 61
779 63
780 72
781 49
782 58
783 68
784 59
785 67
786 62
787 63
788 52
789 42
790 58
791 71
792 48
793 51
794 60
795 50
796 59
797 38
798 44
799 60
800 43
801 72
802 58
803 46
804 56
805 47
806 55
807 61
808 51
809 49
810 47
811 46
812 54
813 45
814 48
815 39
816 43
817 41
818 47
819 42
820 39
821 40
822 46
823 51
824 55
825 48
826 35
827 37
828 41
829 46
830 37
831 29
832 50
833 39
834 46
835 37
836 34
837 34
838 37
839 32
840 37
841 44
842 33
843 36
844 25
845 30
846 36
847 39
848 34
849 37
850 38
851 38
852 31
853 27
854 31
855 24
856 38
857 33
858 24
859 24
860 26
861 24
862 30
863 31
864 31
865 25
866 29
867 30
868 38
869 26
870 25
871 19
872 22
873 23
874 25
875 28
876 22
877 35
878 25
879 33
880 32
881 23
882 23
883 28
884 22
885 24
886 25
887 22
888 26
889 24
890 24
891 26
892 23
893 18
894 27
895 23
896 18
897 23
898 16
899 22
900 19
901 20
902 24
903 18
904 28
905 24
906 22
907 14
908 18
909 17
910 16
911 23
912 20
913 21
914 17
915 19
916 14
917 19
918 22
919 17
920 21
921 19
922 27
923 17
924 20
925 18
926 21
927 19
928 15
929 24
930 18
931 16
932 22
933 8
934 22
935 21
936 21
937 25
938 22
939 22
940 16
941 16
942 11
943 16
944 22
945 20
946 12
947 18
948 18
949 8
950 13
951 20
952 11
953 11
954 19
955 17
956 19
957 19
958 10
959 11
960 11
961 10
962 14
963 17
964 11
965 11
966 16
967 6
968 18
969 16
970 14
971 17
972 10
973 13
974 11
975 11
976 7
977 10
978 17
979 17
980 11
981 14
982 8
983 19
984 8
985 10
986 12
987 13
988 13
989 13
990 16
991 14
992 10
993 14
994 10
995 14
996 13
997 10
998 7
999 19
1000 16
1001 10
1002 12
1003 7
1004 10
1005 7
1006 9
1007 11
1008 9
1009 12
1010 18
1011 6
1012 12
1013 15
1014 8
1015 4
1016 11
1017 6
1018 2
1019 11
1020 6
1021 7
1022 10
1023 7
1024 8
1025 5
1026 10
1027 6
1028 9
1029 13
1030 16
1031 10
1032 11
1033 14
1034 7
1035 4
1036 8
1037 6
1038 4
1039 7
1040 6
1041 8
1042 9
1043 16
1044 7
1045 7
1046 12
1047 7
1048 7
1049 9
1050 9
1051 7
1052 6
1053 8
1054 7
1055 4
1056 9
1057 5
1058 4
1059 10
1060 7
1061 4
1062 10
1063 6
1064 10
1065 6
1066 9
1067 7
1068 7
1069 6
1070 13
1071 11
1072 7
1073 3
1074 4
1075 10
1076 5
1077 7
1078 11
1079 6
1080 5
1081 7
1082 11
1083 7
1084 13
1085 5
1086 3
1087 8
1088 11
1089 3
1090 6
1091 6
1092 5
1093 7
1094 7
1095 4
1096 4
1097 4
1098 5
1099 5
1100 3
1101 4
1102 4
1103 5
1104 3
1105 5
1106 5
1107 6
1108 1
1109 6
1110 5
1111 6
1112 5
1113 4
1114 4
1115 3
1116 5
1117 8
1118 2
1119 3
1120 5
1121 3
1122 6
1123 3
1124 4
1125 5
1126 9
1127 10
1128 0
1129 4
1130 4
1131 4
1132 4
1133 4
1134 5
1135 2
1136 1
1137 4
1138 9
1139 1
1140 4
1141 3
1142 4
1143 4
1144 1
1145 2
1146 7
1147 3
1148 1
1149 8
1150 6
1151 5
1152 4
1153 2
1154 3
1155 5
1156 4
1157 1
1158 4
1159 4
1160 3
1161 6
1162 0
1163 1
1164 3
1165 3
1166 5
1167 5
1168 3
1169 2
1170 2
1171 2
1172 3
1173 6
1174 2
1175 3
1176 2
1177 5
1178 3
1179 3
1180 2
1181 7
1182 2
1183 2
1184 3
1185 3
1186 2
1187 3
1188 2
1189 2
1190 3
1191 1
1192 5
1193 1
1194 5
1195 1
1196 4
1197 3
1198 2
1199 1
1200 3
1201 3
1202 1
1203 3
1204 2
1205 1
1206 0
1207 3
1208 0
1209 3
1210 2
1211 0
1212 3
1213 2
1214 0
1215 0
1216 3
1217 2
1218 1
1219 5
1220 1
1221 0
1222 1
1223 1
1224 1
1225 2
1226 4
1227 5
1228 2
1229 0
1230 2
1231 2
1232 1
1233 1
1234 1
1235 4
1236 2
1237 3
1238 4
1239 1
1240 0
1241 1
1242 1
1243 3
1244 3
1245 0
1246 1
1247 2
1248 1
1249 3
1250 0
1251 1
1252 0
1253 0
1254 2
1255 1
1256 3
1257 1
1258 1
1259 1
1260 4
1261 1
1262 1
1263 3
1264 0
1265 2
1266 2
1267 0
1268 2
1269 2
1270 1
1271 0
1272 1
1273 2
1274 1
1275 2
1276 1
1277 4
1278 2
1279 2
1280 1
1281 0
1282 1
1283 1
1284 1
1285 3
1286 1
1287 2
1288 2
1289 1
1290 0
1291 2
1292 3
1293 1
1294 1
1295 1
1296 0
1297 1
1298 0
1299 2
1300 2
1301 1
1302 2
1303 0
1304 1
1305 2
1306 1
1307 0
1308 0
1309 1
1310 3
1311 1
1312 1
1313 1
1314 0
1315 0
1316 1
1317 2
1318 0
1319 0
1320 1
1321 1
1322 2
1323 1
1324 0
1325 0
1326 2
1327 1
1328 2
1329 0
1330 0
1331 1
1332 2
1333 0
1334 1
1335 0
1336 0
1337 2
1338 0
1339 2
1340 2
1341 1
1342 1
1343 0
1344 1
1345 2
1346 2
1347 2
1348 0
1349 0
1350 1
1351 1
1352 2
1353 1
1354 1
1355 1
1356 3
1357 1
1358 0
1359 0
1360 1
1361 0
1362 0
1363 0
1364 0
1365 0
1366 2
1367 0
1368 2
1369 1
1370 0
1371 0
1372 0
1373 0
1374 0
1375 1
1376 0
1377 0
1378 2
1379 1
1380 1
1381 1
1382 1
1383 0
1384 0
1385 0
1386 0
1387 3
1388 2
1389 1
1390 0
1391 0
1392 1
1393 2
1394 0
1395 0
1396 0
1397 0
1398 2
1399 2
1400 1
1401 3
1402 0
1403 0
1404 0
1405 1
1406 0
1407 2
1408 0
1409 0
1410 1
1411 0
1412 1
1413 0
1414 0
1415 0
1416 1
1417 1
1418 1
1419 0
1420 0
1421 2
1422 0
1423 0
1424 0
1425 0
1426 1
1427 1
1428 0
1429 0
1430 0
1431 1
1432 0
1433 0
1434 1
1435 1
1436 1
1437 1
1438 0
1439 1
1440 0
1441 1
1442 0
1443 0
1444 1
1445 0
1446 1
1447 0
1448 0
1449 0
1450 0
1451 1
1452 0
1453 0
1454 0
1455 0
1456 1
1457 0
1458 0
1459 0
1460 1
1461 0
1462 0
1463 1
1464 0
1465 0
1466 0
1467 0
1468 0
1469 1
1470 1
1471 1
1472 0
1473 1
1474 0
1475 0
1476 1
1477 1
1478 1
1479 1
1480 0
1481 0
1482 0
1483 0
1484 1
1485 0
1486 0
1487 0
1488 1
1489 0
1490 0
1491 0
1492 1
1493 0
1494 0
1495 0
1496 2
1497 1
1498 1
1499 1
1500 0
1501 0
1502 0
1503 0
1504 0
1505 0
1506 0
1507 0
1508 0
1509 0
1510 0
1511 1
1512 1
1513 0
1514 0
1515 1
1516 0
1517 0
1518 0
1519 0
1520 1
1521 1
1522 0
1523 0
1524 1
1525 0
1526 0
1527 0
1528 0
1529 2
1530 0
1531 0
1532 0
1533 0
1534 0
1535 2
1536 0
1537 0
1538 0
1539 0
1540 1
1541 0
1542 0
1543 0
1544 0
1545 0
1546 0
1547 1
1548 0
1549 0
1550 0
1551 0
1552 0
1553 1
1554 0
1555 0
1556 0
1557 0
1558 0
1559 0
1560 0
1561 0
1562 0
1563 0
1564 0
1565 0
1566 0
1567 0
1568 0
1569 0
1570 0
1571 0
1572 0
1573 0
1574 0
1575 0
1576 0
1577 0
1578 0
1579 0
1580 0
1581 1
1582 0
1583 0
1584 0
1585 0
1586 0
1587 0
1588 0
1589 0
1590 0
1591 0
1592 1
1593 0
1594 0
1595 1
1596 0
1597 0
1598 1
1599 0
1600 0
1601 1
1602 0
1603 0
1604 1
1605 0
1606 0
1607 0
1608 0
1609 1
1610 1
1611 1
1612 0
1613 0
1614 0
1615 1
1616 0
1617 1
1618 0
1619 0
1620 0
1621 1
1622 0
1623 1
1624 0
1625 1
1626 2
1627 0
1628 0
1629 0
1630 0
1631 0
1632 0
1633 0
1634 0
1635 0
1636 0
1637 0
1638 0
1639 0
1640 0
1641 0
1642 0
1643 0
1644 0
1645 0
1646 0
1647 0
1648 0
1649 0
1650 0
1651 1
1652 0
1653 0
1654 1
1655 0
1656 0
1657 2
1658 0
1659 0
1660 1
1661 1
1662 1
1663 0
1664 0
1665 0
1666 1
1667 0
1668 0
1669 0
1670 1
1671 0
1672 0
1673 0
1674 0
1675 0
1676 0
1677 1
1678 0
1679 0
1680 1
1681 0
1682 1
1683 1
1684 1
1685 0
1686 0
1687 0
1688 0
1689 1
1690 1
1691 0
1692 1
1693 0
1694 0
1695 1
1696 0
1697 0
1698 0
1699 0
1700 1
1701 0
1702 1
1703 0
1704 1
1705 0
1706 1
1707 0
1708 0
1709 0
1710 0
1711 0
1712 1
1713 0
1714 0
1715 0
1716 1
1717 0
1718 0
1719 0
1720 1
1721 0
1722 0
1723 2
1724 0
1725 0
1726 0
1727 0
1728 0
1729 1
1730 0
1731 0
1732 0
1733 0
1734 0
1735 0
1736 0
1737 0
1738 0
1739 0
1740 1
1741 0
1742 0
1743 1
1744 0
1745 0
1746 0
1747 0
1748 0
1749 0
1750 0
1751 0
1752 0
1753 0
1754 1
1755 0
1756 0
1757 0
1758 0
1759 0
1760 0
1761 0
1762 0
1763 0
1764 0
1765 1
1766 2
1767 0
1768 0
1769 0
1770 0
1771 0
1772 0
1773 0
1774 1
1775 0
1776 0
1777 1
1778 0
1779 0
1780 1
1781 1
1782 0
1783 0
1784 0
1785 0
1786 0
1787 1
1788 1
1789 0
1790 0
1791 0
1792 0
1793 0
1794 0
1795 0
1796 0
1797 0
1798 1
1799 1
1800 0
1801 0
1802 1
1803 0
1804 0
1805 0
1806 1
1807 0
1808 0
1809 0
1810 0
1811 0
1812 0
1813 0
1814 0
1815 0
1816 0
1817 0
1818 0
1819 0
1820 0
1821 0
1822 0
1823 0
1824 0
1825 0
1826 1
1827 0
1828 0
1829 0
1830 0
1831 0
1832 0
1833 0
1834 0
1835 0
1836 0
1837 0
1838 0
1839 0
1840 2
1841 0
1842 0
1843 0
1844 1
1845 0
1846 0
1847 0
1848 0
1849 0
1850 0
1851 0
1852 1
1853 0
1854 0
1855 0
1856 0
1857 1
1858 0
1859 0
1860 0
1861 0
1862 0
1863 0
1864 0
1865 0
1866 0
1867 1
1868 0
1869 0
1870 0
1871 0
1872 0
1873 0
1874 0
1875 0
1876 0
1877 0
1878 0
1879 0
1880 0
1881 0
1882 1
1883 0
1884 0
1885 1
1886 0
1887 0
1888 0
1889 0
1890 1
1891 0
1892 0
1893 0
1894 0
1895 0
1896 0
1897 1
1898 0
1899 0
1900 0
1901 0
1902 0
1903 0
1904 0
1905 2
1906 0
1907 0
1908 0
1909 0
1910 0
1911 0
1912 0
1913 1
1914 0
1915 0
1916 0
1917 0
1918 0
1919 0
1920 0
1921 1
1922 0
1923 1
1924 0
1925 0
1926 0
1927 0
1928 0
1929 0
1930 0
1931 0
1932 0
1933 0
1934 0
1935 0
1936 0
1937 0
1938 1
1939 0
1940 1
1941 0
1942 0
1943 0
1944 0
1945 1
1946 1
1947 0
1948 0
1949 0
1950 0
1951 0
1952 1
1953 1
1954 0
1955 1
1956 0
1957 0
1958 0
1959 0
1960 0
1961 0
1962 0
1963 0
1964 0
1965 0
1966 0
1967 1
1968 0
1969 1
1970 0
1971 0
1972 1
1973 0
1974 0
1975 1
1976 0
1977 0
1978 0
1979 0
1980 0
1981 0
1982 0
1983 0
1984 0
1985 0
1986 0
1987 0
1988 2
1989 0
1990 0
1991 0
1992 0
1993 0
1994 0
1995 0
1996 1
1997 0
1998 0
1999 0
2000 0
2001 0
2002 1
2003 0
2004 0
2005 0
2006 0
2007 0
2008 0
2009 0
2010 0
2011 0
2012 1
2013 0
2014 0
2015 0
2016 0
2017 0
2018 0
2019 0
2020 0
2021 0
2022 0
2023 1
2024 0
2025 0
2026 1
2027 1
2028 1
2029 0
2030 0
2031 0
2032 0
2033 0
2034 0
2035 0
2036 1
2037 0
2038 0
2039 0
2040 0
2041 0
2042 0
2043 0
2044 0
2045 0
2046 0
2047 0
2048 0
2049 0
2050 0
2051 0
2052 0
2053 0
2054 0
2055 0
2056 1
2057 0
2058 0
2059 0
2060 0
2061 0
2062 2
2063 0
2064 0
2065 0
2066 0
2067 0
2068 0
2069 1
2070 0
2071 0
2072 0
2073 0
2074 0
2075 0
2076 0
2077 0
2078 0
2079 0
2080 0
2081 0
2082 1
2083 0
2084 0
2085 0
2086 0
2087 0
2088 0
2089 0
2090 0
2091 0
2092 0
2093 0
2094 0
2095 0
2096 0
2097 0
2098 0
2099 1
2100 1
2101 0
2102 1
2103 0
2104 0
2105 0
2106 0
2107 0
2108 0
2109 0
2110 0
2111 0
2112 0
2113 0
2114 0
2115 0
2116 0
2117 1
2118 0
2119 0
2120 0
2121 0
2122 0
2123 0
2124 1
2125 0
2126 0
2127 0
2128 0
2129 0
2130 0
2131 0
2132 0
2133 0
2134 0
2135 0
2136 0
2137 0
2138 0
2139 0
2140 0
2141 0
2142 1
2143 0
2144 0
2145 0
2146 0
2147 0
2148 0
2149 1
2150 0
2151 0
2152 0
2153 0
2154 0
2155 0
2156 0
2157 0
2158 0
2159 0
2160 1
2161 0
2162 1
2163 0
2164 0
2165 1
2166 0
2167 0
2168 0
2169 0
2170 0
2171 0
2172 0
2173 0
2174 0
2175 0
2176 1
2177 0
2178 1
2179 0
2180 0
2181 0
2182 1
2183 1
2184 0
2185 0
2186 0
2187 0
2188 0
2189 0
2190 0
2191 0
2192 0
2193 0
2194 0
2195 0
2196 0
2197 0
2198 0
2199 0
2200 0
2201 0
2202 0
2203 1
2204 0
2205 0
2206 0
2207 0
2208 0
2209 0
2210 0
2211 0
2212 0
2213 0
2214 0
2215 0
2216 0
2217 0
2218 0
2219 0
2220 0
2221 0
2222 0
2223 0
2224 1
2225 0
2226 0
2227 0
2228 0
2229 1
2230 0
2231 0
2232 0
2233 0
2234 0
2235 0
2236 0
2237 0
2238 0
2239 2
2240 0
2241 0
2242 0
2243 0
2244 0
2245 0
2246 0
2247 0
2248 0
2249 0
2250 0
2251 0
2252 0
2253 0
2254 0
2255 0
2256 0
2257 0
2258 0
2259 0
2260 0
2261 0
2262 0
2263 0
2264 0
2265 0
2266 0
2267 0
2268 0
2269 0
2270 0
2271 0
2272 0
2273 0
2274 0
2275 1
2276 0
2277 1
2278 0
2279 0
2280 0
2281 0
2282 0
2283 0
2284 0
2285 1
2286 1
2287 0
2288 0
2289 0
2290 0
2291 0
2292 0
2293 1
2294 0
2295 0
2296 0
2297 1
2298 0
2299 0
2300 0
2301 1
2302 0
2303 0
2304 0
2305 0
2306 0
2307 0
2308 0
2309 1
2310 0
2311 0
2312 0
2313 1
2314 0
2315 0
2316 0
2317 0
2318 0
2319 0
2320 0
2321 0
2322 0
2323 0
2324 1
2325 0
2326 0
2327 0
2328 0
2329 0
2330 0
2331 0
2332 0
2333 0
2334 0
2335 0
2336 0
2337 0
2338 0
2339 0
2340 0
2341 0
2342 0
2343 0
2344 0
2345 0
2346 1
2347 0
2348 0
2349 2
2350 1
2351 0
2352 0
2353 0
2354 0
2355 0
2356 0
2357 0
2358 0
2359 0
2360 1
2361 0
2362 0
2363 0
2364 0
2365 0
2366 0
2367 0
2368 1
2369 0
2370 0
2371 0
2372 0
2373 0
2374 0
2375 0
2376 0
2377 0
2378 0
2379 0
2380 0
2381 0
2382 0
2383 0
2384 0
2385 2
2386 1
2387 0
2388 0
2389 0
2390 0
2391 0
2392 0
2393 0
2394 0
2395 0
2396 0
2397 1
2398 0
2399 0
2400 0
2401 0
2402 0
2403 0
2404 1
2405 0
2406 0
2407 0
2408 0
2409 1
2410 0
2411 0
2412 0
2413 0
2414 0
2415 0
2416 0
2417 0
2418 1
2419 0
2420 1
2421 0
2422 0
2423 0
2424 1
2425 0
2426 1
2427 0
2428 1
2429 0
2430 0
2431 0
2432 0
2433 0
2434 0
2435 0
2436 0
2437 0
2438 0
2439 0
2440 0
2441 0
2442 0
2443 0
2444 0
2445 0
2446 0
2447 0
2448 0
2449 0
2450 1
2451 0
2452 0
2453 0
2454 0
2455 0
2456 0
2457 0
2458 0
2459 0
2460 0
2461 0
2462 0
2463 0
2464 0
2465 1
2466 0
2467 0
2468 0
2469 0
2470 0
2471 0
2472 0
2473 0
2474 0
2475 0
2476 0
2477 0
2478 0
2479 0
2480 0
2481 1
2482 0
2483 0
2484 0
2485 0
2486 0
2487 0
2488 0
2489 0
2490 0
2491 0
2492 0
2493 0
2494 0
2495 0
2496 0
2497 0
2498 0
2499 0
2500 1
2501 0
2502 0
2503 0
2504 1
2505 0
2506 0
2507 0
2508 0
2509 0
2510 1
2511 0
2512 0
2513 0
2514 0
2515 0
2516 0
2517 0
2518 0
2519 0
2520 0
2521 0
2522 0
2523 0
2524 0
2525 0
2526 1
2527 0
2528 0
2529 1
2530 0
2531 0
2532 0
2533 0
2534 0
2535 0
2536 0
2537 0
2538 0
2539 0
2540 0
2541 0
2542 0
2543 0
2544 0
2545 0
2546 0
2547 0
2548 0
2549 0
2550 0
2551 0
2552 0
2553 0
2554 0
2555 0
2556 0
2557 0
2558 0
2559 0
2560 0
2561 0
2562 0
2563 1
2564 0
2565 0
2566 0
2567 0
2568 0
2569 0
2570 0
2571 0
2572 0
2573 0
2574 0
2575 0
2576 0
2577 1
2578 0
2579 0
2580 0
2581 1
2582 0
2583 1
2584 0
2585 0
2586 0
2587 0
2588 0
2589 0
2590 0
2591 0
2592 0
2593 0
2594 0
2595 1
2596 0
2597 0
2598 0
2599 0
2600 0
2601 0
2602 0
2603 0
2604 0
2605 0
2606 0
2607 0
2608 0
2609 0
2610 0
2611 0
2612 0
2613 0
2614 0
2615 0
2616 0
2617 0
2618 0
2619 0
2620 0
2621 0
2622 0
2623 0
2624 0
2625 0
2626 0
2627 0
2628 1
2629 0
2630 1
2631 0
2632 0
2633 0
2634 1
2635 0
2636 0
2637 0
2638 0
2639 0
2640 0
2641 2
2642 1
2643 0
2644 0
2645 0
2646 0
2647 0
2648 0
2649 0
2650 0
2651 1
2652 0
2653 1
2654 0
2655 0
2656 0
2657 0
2658 0
2659 0
2660 0
2661 0
2662 0
2663 0
2664 0
2665 0
2666 1
2667 1
2668 1
2669 0
2670 0
2671 0
2672 0
2673 1
2674 0
2675 0
2676 0
2677 0
2678 0
2679 0
2680 0
2681 0
2682 0
2683 0
2684 0
2685 0
2686 0
2687 0
2688 0
2689 0
2690 0
2691 0
2692 0
2693 0
2694 0
2695 0
2696 1
2697 0
2698 0
2699 0
2700 0
2701 0
2702 0
2703 0
2704 0
2705 1
2706 0
2707 0
2708 0
2709 1
2710 0
2711 0
2712 0
2713 0
2714 0
2715 0
2716 0
2717 0
2718 0
2719 0
2720 0
2721 0
2722 0
2723 0
2724 0
2725 1
2726 0
2727 0
2728 0
2729 0
2730 0
2731 0
2732 0
2733 0
2734 0
2735 0
2736 0
2737 0
2738 0
2739 0
2740 0
2741 0
2742 0
2743 0
2744 0
2745 0
2746 0
2747 0
2748 0
2749 0
2750 0
2751 0
2752 0
2753 0
2754 0
2755 0
2756 0
2757 0
2758 0
2759 1
2760 0
2761 0
2762 0
2763 0
2764 0
2765 0
2766 0
2767 0
2768 1
2769 0
2770 0
2771 0
2772 0
2773 0
2774 0
2775 0
2776 0
2777 0
2778 0
2779 0
2780 1
2781 0
2782 0
2783 0
2784 0
2785 0
2786 0
2787 0
2788 0
2789 1
2790 0
2791 0
2792 0
2793 1
2794 0
2795 0
2796 1
2797 0
2798 1
2799 0
2800 0
2801 0
2802 0
2803 0
2804 0
2805 0
2806 1
2807 0
2808 0
2809 0
2810 0
2811 0
2812 0
2813 0
2814 0
2815 1
2816 0
2817 0
2818 1
2819 0
2820 0
2821 0
2822 0
2823 0
2824 0
2825 1
2826 0
2827 0
2828 0
2829 0
2830 0
2831 0
2832 0
2833 0
2834 1
2835 0
2836 0
2837 0
2838 0
2839 0
2840 0
2841 0
2842 0
2843 1
2844 0
2845 0
2846 1
2847 0
2848 0
2849 0
2850 1
2851 1
2852 0
2853 0
2854 0
2855 0
2856 0
2857 0
2858 0
2859 1
2860 0
2861 0
2862 0
2863 0
2864 0
2865 0
2866 0
2867 0
2868 0
2869 1
2870 0
2871 0
2872 0
2873 0
2874 0
2875 0
2876 2
2877 0
2878 0
2879 0
2880 0
2881 0
2882 0
2883 0
2884 0
2885 0
2886 0
2887 0
2888 0
2889 0
2890 2
2891 0
2892 0
2893 0
2894 1
2895 0
2896 0
2897 1
2898 0
2899 0
2900 0
2901 0
2902 0
2903 0
2904 0
2905 0
2906 0
2907 0
2908 0
2909 0
2910 0
2911 0
2912 0
2913 0
2914 0
2915 1
2916 0
2917 0
2918 0
2919 1
2920 0
2921 0
2922 0
2923 0
2924 1
2925 0
2926 0
2927 0
2928 0
2929 0
2930 0
2931 0
2932 0
2933 0
2934 0
2935 0
2936 0
2937 0
2938 0
2939 0
2940 0
2941 0
2942 0
2943 0
2944 0
2945 0
2946 0
2947 0
2948 0
2949 0
2950 0
2951 0
2952 0
2953 0
2954 1
2955 0
2956 0
2957 0
2958 0
2959 0
2960 0
2961 0
2962 0
2963 0
2964 0
2965 0
2966 0
2967 0
2968 0
2969 0
2970 0
2971 0
2972 0
2973 0
2974 0
2975 0
2976 0
2977 0
2978 0
2979 0
2980 0
2981 0
2982 0
2983 0
2984 1
2985 0
2986 0
2987 0
2988 0
2989 0
2990 0
2991 0
2992 0
2993 0
2994 0
2995 0
2996 0
2997 0
2998 0
2999 0
3000 0
3001 0
3002 0
3003 0
3004 0
3005 1
3006 0
3007 0
3008 0
3009 0
3010 1
3011 0
3012 0
3013 0
3014 1
3015 0
3016 0
3017 0
3018 0
3019 0
3020 0
3021 0
3022 0
3023 0
3024 0
3025 0
3026 0
3027 0
3028 0
3029 0
3030 0
3031 0
3032 0
3033 0
3034 0
3035 0
3036 0
3037 0
3038 0
3039 0
3040 0
3041 0
3042 0
3043 0
3044 0
3045 0
3046 0
3047 0
3048 0
3049 0
3050 0
3051 0
3052 0
3053 0
3054 0
3055 0
3056 0
3057 0
3058 0
3059 0
3060 0
3061 0
3062 0
3063 0
3064 0
3065 0
3066 0
3067 0
3068 0
3069 1
3070 0
3071 0
3072 0
3073 0
3074 0
3075 0
3076 0
3077 0
3078 0
3079 1
3080 0
3081 0
3082 0
3083 0
3084 0
3085 0
3086 0
3087 0
3088 0
3089 0
3090 0
3091 0
3092 0
3093 0
3094 0
3095 0
3096 0
3097 0
3098 2
3099 0
3100 0
3101 0
3102 0
3103 0
3104 0
3105 0
3106 0
3107 0
3108 0
3109 0
3110 0
3111 0
3112 0
3113 0
3114 0
3115 0
3116 0
3117 2
3118 0
3119 0
3120 0
3121 0
3122 0
3123 0
3124 1
3125 0
3126 0
3127 1
3128 1
3129 0
3130 1
3131 0
3132 0
3133 0
3134 0
3135 0
3136 0
3137 0
3138 0
3139 1
3140 0
3141 0
3142 0
3143 0
3144 0
3145 0
3146 0
3147 0
3148 0
3149 1
3150 0
3151 2
3152 0
3153 1
3154 0
3155 0
3156 0
3157 1
3158 0
3159 0
3160 0
3161 0
3162 1
3163 0
3164 0
3165 0
3166 0
3167 0
3168 0
3169 0
3170 0
3171 0
3172 0
3173 0
3174 0
3175 0
3176 0
3177 0
3178 0
3179 0
3180 0
3181 1
3182 0
3183 0
3184 0
3185 0
3186 0
3187 0
3188 0
3189 0
3190 0
3191 1
3192 0
3193 0
3194 0
3195 0
3196 0
3197 0
3198 0
3199 1
3200 0
3201 0
3202 0
3203 0
3204 0
3205 0
3206 0
3207 0
3208 0
3209 0
3210 0
3211 0
3212 0
3213 0
3214 0
3215 0
3216 1
3217 0
3218 0
3219 0
3220 1
3221 0
3222 0
3223 0
3224 1
3225 0
3226 0
3227 0
3228 0
3229 0
3230 0
3231 0
3232 0
3233 0
3234 0
3235 0
3236 0
3237 1
3238 0
3239 0
3240 0
3241 1
3242 0
3243 0
3244 0
3245 0
3246 0
3247 0
3248 0
3249 0
3250 0
3251 0
3252 0
3253 0
3254 0
3255 0
3256 0
3257 0
3258 1
3259 0
3260 0
3261 0
3262 0
3263 0
3264 0
3265 0
3266 0
3267 0
3268 0
3269 0
3270 0
3271 0
3272 0
3273 1
3274 0
3275 0
3276 1
3277 0
3278 0
3279 0
3280 0
3281 0
3282 0
3283 0
3284 0
3285 0
3286 0
3287 0
3288 0
3289 0
3290 0
3291 0
3292 1
3293 0
3294 1
3295 0
3296 2
3297 0
3298 0
3299 0
3300 0
3301 0
3302 0
3303 0
3304 1
3305 0
3306 0
3307 0
3308 0
3309 0
3310 1
3311 0
3312 0
3313 0
3314 0
3315 1
3316 0
3317 0
3318 0
3319 0
3320 0
3321 0
3322 0
3323 0
3324 0
3325 0
3326 0
3327 0
3328 0
3329 0
3330 0
3331 1
3332 0
3333 0
3334 0
3335 0
3336 0
3337 0
3338 0
3339 0
3340 1
3341 0
3342 0
3343 0
3344 0
3345 0
3346 0
3347 0
3348 0
3349 0
3350 0
3351 0
3352 0
3353 0
3354 1
3355 0
3356 0
3357 0
3358 0
3359 0
3360 0
3361 0
3362 0
3363 0
3364 0
3365 0
3366 0
3367 0
3368 0
3369 0
3370 0
3371 0
3372 0
3373 0
3374 0
3375 0
3376 0
3377 0
3378 0
3379 0
3380 0
3381 0
3382 0
3383 0
3384 0
3385 0
3386 0
3387 0
3388 0
3389 0
3390 0
3391 0
3392 0
3393 0
3394 1
3395 0
3396 0
3397 0
3398 0
3399 0
3400 0
3401 1
3402 0
3403 1
3404 0
3405 0
3406 0
3407 1
3408 0
3409 0
3410 0
3411 0
3412 0
3413 0
3414 0
3415 0
3416 0
3417 0
3418 1
3419 0
3420 0
3421 0
3422 0
3423 0
3424 0
3425 0
3426 0
3427 0
3428 0
3429 0
3430 0
3431 0
3432 0
3433 0
3434 0
3435 0
3436 0
3437 0
3438 1
3439 0
3440 0
3441 0
3442 1
3443 1
3444 0
3445 0
3446 0
3447 1
3448 0
3449 0
3450 0
3451 0
3452 0
3453 0
3454 0
3455 0
3456 0
3457 1
3458 0
3459 0
3460 0
3461 0
3462 0
3463 0
3464 0
3465 0
3466 0
3467 0
3468 0
3469 0
3470 0
3471 0
3472 0
3473 0
3474 0
3475 0
3476 0
3477 1
3478 0
3479 0
3480 0
3481 0
3482 0
3483 0
3484 1
3485 0
3486 0
3487 1
3488 0
3489 0
3490 0
3491 0
3492 0
3493 0
3494 1
3495 0
3496 0
3497 0
3498 0
3499 0
3500 0
3501 0
3502 0
3503 0
3504 0
3505 0
3506 0
3507 0
3508 0
3509 0
3510 0
3511 0
3512 0
3513 0
3514 0
3515 0
3516 0
3517 0
3518 0
3519 1
3520 0
3521 0
3522 0
3523 0
3524 0
3525 0
3526 1
3527 0
3528 1
3529 0
3530 0
3531 0
3532 0
3533 0
3534 0
3535 0
3536 0
3537 0
3538 0
3539 0
3540 0
3541 0
3542 0
3543 0
3544 0
3545 0
3546 0
3547 0
3548 0
3549 0
3550 0
3551 0
3552 0
3553 0
3554 0
3555 0
3556 0
3557 0
3558 0
3559 0
3560 0
3561 0
3562 0
3563 0
3564 0
3565 0
3566 0
3567 0
3568 0
3569 0
3570 0
3571 0
3572 0
3573 0
3574 0
3575 0
3576 0
3577 0
3578 0
3579 0
3580 0
3581 0
3582 0
3583 0
3584 0
3585 0
3586 0
3587 0
3588 0
3589 0
3590 0
3591 0
3592 0
3593 0
3594 0
3595 0
3596 0
3597 0
3598 0
3599 0
3600 0
3601 0
3602 0
3603 0
3604 0
3605 0
3606 1
3607 0
3608 0
3609 0
3610 0
3611 0
3612 0
3613 0
3614 0
3615 0
3616 0
3617 0
3618 0
3619 0
3620 0
3621 0
3622 1
3623 0
3624 0
3625 1
3626 0
3627 0
3628 1
3629 0
3630 0
3631 0
3632 0
3633 0
3634 0
3635 1
3636 0
3637 0
3638 0
3639 0
3640 0
3641 0
3642 0
3643 1
3644 0
3645 0
3646 0
3647 0
3648 0
3649 0
3650 0
3651 0
3652 0
3653 0
3654 0
3655 0
3656 0
3657 0
3658 0
3659 0
3660 0
3661 0
3662 0
3663 0
3664 0
3665 0
3666 0
3667 0
3668 0
3669 0
3670 0
3671 0
3672 0
3673 0
3674 0
3675 0
3676 0
3677 0
3678 0
3679 0
3680 0
3681 0
3682 0
3683 0
3684 0
3685 0
3686 0
3687 0
3688 0
3689 0
3690 0
3691 0
3692 0
3693 0
3694 0
3695 0
3696 0
3697 0
3698 0
3699 0
3700 0
3701 0
3702 0
3703 0
3704 0
3705 0
3706 0
3707 0
3708 0
3709 0
3710 0
3711 0
3712 0
3713 0
3714 0
3715 1
3716 0
3717 0
3718 0
3719 0
3720 0
3721 0
3722 0
3723 0
3724 0
3725 1
3726 0
3727 0
3728 0
3729 0
3730 0
3731 0
3732 0
3733 0
3734 0
3735 0
3736 0
3737 0
3738 0
3739 0
3740 0
3741 0
3742 0
3743 0
3744 0
3745 0
3746 0
3747 0
3748 0
3749 0
3750 0
3751 0
3752 0
3753 0
3754 0
3755 0
3756 0
3757 0
3758 0
3759 0
3760 0
3761 0
3762 0
3763 0
3764 0
3765 0
3766 0
3767 0
3768 0
3769 0
3770 0
3771 0
3772 0
3773 0
3774 0
3775 1
3776 0
3777 0
3778 0
3779 0
3780 0
3781 0
3782 0
3783 0
3784 0
3785 0
3786 1
3787 0
3788 0
3789 0
3790 0
3791 0
3792 0
3793 0
3794 0
3795 0
3796 0
3797 0
3798 0
3799 0
3800 1
3801 0
3802 1
3803 0
3804 0
3805 0
3806 0
3807 0
3808 0
3809 0
3810 0
3811 0
3812 0
3813 0
3814 0
3815 1
3816 0
3817 0
3818 0
3819 0
3820 0
3821 0
3822 0
3823 1
3824 0
3825 2
3826 0
3827 0
3828 1
3829 0
3830 0
3831 0
3832 0
3833 0
3834 0
3835 0
3836 1
3837 0
3838 0
3839 1
3840 0
3841 0
3842 0
3843 0
3844 0
3845 0
3846 0
3847 0
3848 0
3849 0
3850 0
3851 0
3852 0
3853 0
3854 0
3855 0
3856 0
3857 0
3858 0
3859 0
3860 0
3861 0
3862 0
3863 0
3864 0
3865 0
3866 0
3867 0
3868 0
3869 0
3870 0
3871 0
3872 0
3873 0
3874 0
3875 0
3876 1
3877 0
3878 0
3879 0
3880 0
3881 0
3882 1
3883 0
3884 0
3885 0
3886 0
3887 1
3888 0
3889 0
3890 0
3891 0
3892 1
3893 0
3894 0
3895 0
3896 0
3897 0
3898 0
3899 0
3900 0
3901 0
3902 0
3903 0
3904 0
3905 0
3906 0
3907 0
3908 0
3909 0
3910 0
3911 0
3912 0
3913 0
3914 0
3915 0
3916 0
3917 1
3918 0
3919 0
3920 0
3921 0
3922 0
3923 0
3924 0
3925 0
3926 0
3927 0
3928 0
3929 0
3930 0
3931 0
3932 0
3933 0
3934 0
3935 0
3936 1
3937 0
3938 0
3939 0
3940 0
3941 0
3942 0
3943 0
3944 0
3945 0
3946 0
3947 0
3948 0
3949 0
3950 0
3951 0
3952 0
3953 0
3954 0
3955 0
3956 0
3957 0
3958 0
3959 0
3960 0
3961 0
3962 0
3963 0
3964 0
3965 0
3966 1
3967 0
3968 0
3969 0
3970 0
3971 0
3972 0
3973 0
3974 0
3975 1
3976 0
3977 0
3978 0
3979 0
3980 0
3981 0
3982 0
3983 0
3984 0
3985 0
3986 0
3987 0
3988 0
3989 0
3990 0
3991 0
3992 0
3993 0
3994 0
3995 0
3996 0
3997 0
3998 0
3999 0
4000 0
