0 0
1 0
2 0
3 0
4 0
5 0
6 0
7 0
8 0
9 0
10 0
11 0
12 0
13 0
14 0
15 0
16 0
17 0
18 0
19 0
20 0
21 0
22 0
23 0
24 0
25 0
26 0
27 0
28 0
29 0
30 0
31 0
32 0
33 0
34 0
35 0
36 0
37 0
38 0
39 0
40 0
41 0
42 0
43 0
44 0
45 0
46 0
47 0
48 1
49 0
50 0
51 0
52 0
53 0
54 0
55 0
56 0
57 0
58 0
59 0
60 0
61 0
62 0
63 0
64 0
65 0
66 0
67 0
68 0
69 0
70 0
71 0
72 0
73 0
74 0
75 0
76 0
77 0
78 0
79 0
80 0
81 0
82 0
83 0
84 0
85 0
86 0
87 0
88 0
89 0
90 0
91 0
92 0
93 0
94 0
95 1
96 0
97 0
98 0
99 0
100 0
101 0
102 0
103 0
104 0
105 0
106 0
107 0
108 0
109 0
110 0
111 1
112 0
113 0
114 0
115 0
116 0
117 0
118 0
119 0
120 0
121 0
122 0
123 0
124 0
125 0
126 0
127 0
128 0
129 0
130 0
131 0
132 0
133 0
134 0
135 0
136 0
137 0
138 0
139 0
140 0
141 0
142 0
143 0
144 0
145 0
146 0
147 0
148 2
149 0
150 2
151 1
152 0
153 3
154 2
155 1
156 3
157 2
158 2
159 1
160 2
161 2
162 2
163 5
164 3
165 3
166 1
167 2
168 3
169 4
170 3
171 3
172 1
173 1
174 0
175 0
176 4
177 7
178 12
179 11
180 20
181 27
182 29
183 44
184 63
185 67
186 73
187 131
188 272
189 551
190 1069
191 2050
192 2979
193 3739
194 4509
195 4888
196 5094
197 5051
198 4823
199 4622
200 4434
201 4262
202 4135
203 3979
204 3983
205 3885
206 3774
207 3514
208 3512
209 3566
210 3439
211 3395
212 3457
213 3436
214 3414
215 3233
216 3260
217 3280
218 3192
219 3226
220 3071
221 3134
222 3074
223 3077
224 3025
225 3103
226 3008
227 3010
228 2951
229 2995
230 2977
231 2921
232 3091
233 3011
234 2865
235 3007
236 3004
237 3022
238 2983
239 3053
240 3051
241 3031
242 3076
243 2952
244 3022
245 3083
246 3051
247 3014
248 3009
249 3066
250 2978
251 3016
252 2971
253 2916
254 3030
255 3058
256 2997
257 3016
258 3007
259 3083
260 2992
261 3114
262 3091
263 3050
264 3089
265 3018
266 3031
267 3158
268 3020
269 3023
270 3039
271 3149
272 3090
273 3033
274 3090
275 3104
276 3157
277 3041
278 3045
279 3153
280 3142
281 3183
282 3245
283 3276
284 3164
285 3182
286 3146
287 3165
288 3045
289 3290
290 3176
291 3137
292 3200
293 3136
294 3155
295 3160
296 3208
297 3214
298 3135
299 3200
300 3247
301 3241
302 3294
303 3280
304 3210
305 3305
306 3258
307 3282
308 3230
309 3269
310 3228
311 3170
312 3205
313 3383
314 3330
315 3257
316 3288
317 3308
318 3318
319 3175
320 3260
321 3321
322 3262
323 3273
324 3271
325 3308
326 3299
327 3371
328 3315
329 3380
330 3333
331 3358
332 3248
333 3331
334 3324
335 3322
336 3350
337 3363
338 3324
339 3295
340 3422
341 3307
342 3267
343 3244
344 3374
345 3272
346 3222
347 3273
348 3215
349 3286
350 3279
351 3281
352 3296
353 3296
354 3332
355 3280
356 3282
357 3291
358 3249
359 3291
360 3308
361 3267
362 3343
363 3268
364 3255
365 3212
366 3242
367 3174
368 3143
369 3226
370 3247
371 3252
372 3131
373 3125
374 3225
375 3132
376 3217
377 3190
378 3172
379 3105
380 3104
381 3197
382 3079
383 3114
384 3025
385 3177
386 2989
387 3047
388 3002
389 2959
390 2885
391 3105
392 2903
393 2926
394 3090
395 2952
396 2989
397 2942
398 2900
399 3012
400 2797
401 2939
402 2929
403 2794
404 2854
405 2732
406 2771
407 2803
408 2711
409 2742
410 2766
411 2790
412 2671
413 2824
414 2612
415 2653
416 2670
417 2620
418 2631
419 2675
420 2528
421 2624
422 2611
423 2526
424 2527
425 2434
426 2576
427 2455
428 2441
429 2407
430 2406
431 2305
432 2320
433 2380
434 2303
435 2332
436 2269
437 2153
438 2269
439 2253
440 2177
441 2288
442 2180
443 2206
444 2085
445 2121
446 2137
447 2097
448 2028
449 2037
450 2039
451 2076
452 2006
453 1941
454 1957
455 1969
456 1905
457 1929
458 1920
459 1941
460 1871
461 1829
462 1861
463 1851
464 1790
465 1745
466 1721
467 1897
468 1738
469 1642
470 1738
471 1692
472 1627
473 1681
474 1596
475 1593
476 1590
477 1522
478 1502
479 1461
480 1530
481 1509
482 1479
483 1482
484 1421
485 1471
486 1471
487 1404
488 1371
489 1401
490 1356
491 1363
492 1373
493 1366
494 1283
495 1280
496 1280
497 1200
498 1200
499 1160
500 1237
501 1260
502 1208
503 1154
504 1129
505 1107
506 1149
507 1082
508 1079
509 1079
510 1037
511 1049
512 1058
513 1014
514 969
515 984
516 994
517 946
518 993
519 922
520 884
521 898
522 850
523 877
524 870
525 872
526 885
527 854
528 821
529 826
530 863
531 816
532 801
533 735
534 745
535 701
536 712
537 728
538 721
539 706
540 729
541 695
542 652
543 640
544 662
545 660
546 641
547 619
548 632
549 638
550 601
551 555
552 577
553 589
554 556
555 539
556 546
557 540
558 518
559 534
560 473
561 512
562 492
563 518
564 457
565 493
566 477
567 472
568 444
569 448
570 467
571 385
572 421
573 403
574 416
575 387
576 362
577 435
578 404
579 366
580 360
581 362
582 354
583 355
584 391
585 342
586 354
587 312
588 300
589 327
590 293
591 306
592 327
593 305
594 266
595 304
596 294
597 292
598 262
599 282
600 266
601 275
602 230
603 260
604 254
605 260
606 240
607 247
608 225
609 221
610 216
611 230
612 208
613 218
614 210
615 203
616 205
617 186
618 201
619 196
620 190
621 166
622 193
623 190
624 177
625 158
626 186
627 166
628 151
629 184
630 179
631 176
632 157
633 145
634 149
635 140
636 136
637 145
638 146
639 153
640 147
641 120
642 143
643 122
644 119
645 110
646 127
647 111
648 123
649 119
650 121
651 109
652 120
653 125
654 113
655 113
656 110
657 91
658 107
659 115
660 109
661 94
662 109
663 89
664 100
665 83
666 94
667 89
668 71
669 63
670 72
671 66
672 82
673 92
674 75
675 81
676 73
677 86
678 61
679 75
680 79
681 71
682 73
683 62
684 72
685 70
686 56
687 68
688 56
689 47
690 73
691 60
692 55
693 62
694 55
695 48
696 60
697 65
698 49
699 54
700 56
701 54
702 53
703 65
704 62
705 58
706 46
707 46
708 62
709 49
710 48
711 35
712 37
713 43
714 58
715 56
716 42
717 40
718 48
719 39
720 46
721 45
722 35
723 41
724 41
725 42
726 50
727 41
728 34
729 40
730 33
731 40
732 36
733 35
734 40
735 29
736 25
737 40
738 47
739 34
740 29
741 25
742 30
743 36
744 41
745 34
746 24
747 32
748 23
749 30
750 29
751 44
752 21
753 33
754 22
755 34
756 38
757 35
758 29
759 45
760 29
761 42
762 16
763 28
764 31
765 41
766 36
767 37
768 28
769 27
770 28
771 18
772 35
773 19
774 24
775 31
776 26
777 21
778 29
779 35
780 25
781 23
782 20
783 28
784 17
785 25
786 21
787 19
788 19
789 25
790 27
791 22
792 22
793 15
794 26
795 25
796 26
797 23
798 27
799 25
800 20
801 15
802 19
803 18
804 21
805 30
806 24
807 23
808 24
809 17
810 18
811 23
812 21
813 21
814 19
815 22
816 21
817 16
818 19
819 16
820 20
821 11
822 17
823 14
824 22
825 19
826 19
827 23
828 22
829 20
830 22
831 17
832 18
833 26
834 22
835 16
836 15
837 17
838 23
839 17
840 21
841 15
842 16
843 12
844 22
845 14
846 24
847 6
848 16
849 20
850 15
851 19
852 26
853 19
854 19
855 14
856 11
857 13
858 12
859 25
860 12
861 18
862 11
863 19
864 19
865 17
866 9
867 13
868 18
869 11
870 20
871 7
872 14
873 13
874 19
875 14
876 15
877 9
878 8
879 16
880 18
881 12
882 16
883 14
884 11
885 12
886 15
887 16
888 17
889 10
890 11
891 12
892 14
893 23
894 18
895 13
896 10
897 9
898 9
899 11
900 4
901 19
902 17
903 9
904 9
905 9
906 12
907 11
908 10
909 11
910 9
911 5
912 8
913 10
914 11
915 8
916 11
917 8
918 14
919 10
920 4
921 5
922 4
923 8
924 9
925 9
926 8
927 9
928 5
929 8
930 9
931 12
932 8
933 8
934 8
935 9
936 8
937 9
938 9
939 10
940 10
941 17
942 7
943 6
944 11
945 6
946 10
947 8
948 3
949 9
950 10
951 10
952 5
953 9
954 7
955 11
956 6
957 2
958 6
959 6
960 5
961 10
962 7
963 12
964 5
965 3
966 6
967 6
968 9
969 4
970 5
971 7
972 13
973 7
974 7
975 6
976 10
977 10
978 6
979 5
980 3
981 11
982 6
983 5
984 3
985 4
986 6
987 10
988 11
989 6
990 4
991 5
992 6
993 9
994 5
995 1
996 4
997 5
998 6
999 4
1000 4
1001 4
1002 2
1003 6
1004 6
1005 3
1006 1
1007 5
1008 5
1009 10
1010 6
1011 7
1012 3
1013 9
1014 5
1015 2
1016 2
1017 5
1018 6
1019 4
1020 3
1021 5
1022 3
1023 1
1024 7
1025 9
1026 3
1027 3
1028 6
1029 6
1030 4
1031 3
1032 6
1033 9
1034 6
1035 3
1036 5
1037 4
1038 2
1039 7
1040 2
1041 3
1042 5
1043 6
1044 2
1045 4
1046 3
1047 2
1048 8
1049 2
1050 2
1051 4
1052 4
1053 1
1054 6
1055 1
1056 8
1057 5
1058 4
1059 5
1060 3
1061 3
1062 3
1063 6
1064 3
1065 2
1066 1
1067 3
1068 1
1069 2
1070 4
1071 1
1072 3
1073 6
1074 1
1075 1
1076 3
1077 1
1078 5
1079 1
1080 3
1081 4
1082 0
1083 1
1084 2
1085 3
1086 1
1087 3
1088 3
1089 0
1090 3
1091 4
1092 1
1093 2
1094 6
1095 3
1096 0
1097 4
1098 2
1099 2
1100 4
1101 3
1102 2
1103 0
1104 3
1105 2
1106 4
1107 1
1108 0
1109 2
1110 2
1111 2
1112 3
1113 2
1114 2
1115 0
1116 3
1117 1
1118 1
1119 2
1120 4
1121 4
1122 1
1123 3
1124 3
1125 1
1126 0
1127 2
1128 0
1129 2
1130 0
1131 2
1132 2
1133 0
1134 0
1135 1
1136 3
1137 1
1138 2
1139 1
1140 3
1141 2
1142 3
1143 4
1144 0
1145 2
1146 3
1147 2
1148 2
1149 0
1150 2
1151 1
1152 1
1153 3
1154 3
1155 0
1156 2
1157 0
1158 3
1159 1
1160 0
1161 1
1162 3
1163 0
1164 0
1165 3
1166 0
1167 2
1168 1
1169 2
1170 0
1171 0
1172 2
1173 2
1174 0
1175 3
1176 1
1177 0
1178 2
1179 3
1180 2
1181 0
1182 0
1183 1
1184 0
1185 1
1186 1
1187 1
1188 1
1189 1
1190 3
1191 2
1192 1
1193 2
1194 0
1195 2
1196 1
1197 0
1198 1
1199 2
1200 0
1201 2
1202 0
1203 0
1204 0
1205 2
1206 1
1207 0
1208 1
1209 1
1210 1
1211 0
1212 1
1213 0
1214 0
1215 2
1216 1
1217 1
1218 1
1219 3
1220 1
1221 2
1222 0
1223 1
1224 1
1225 1
1226 0
1227 1
1228 0
1229 0
1230 0
1231 3
1232 0
1233 2
1234 0
1235 0
1236 1
1237 1
1238 1
1239 2
1240 1
1241 1
1242 0
1243 0
1244 2
1245 2
1246 0
1247 0
1248 1
1249 1
1250 0
1251 1
1252 0
1253 1
1254 2
1255 0
1256 0
1257 3
1258 2
1259 2
1260 2
1261 1
1262 0
1263 0
1264 1
1265 3
1266 1
1267 0
1268 0
1269 2
1270 4
1271 0
1272 1
1273 0
1274 0
1275 1
1276 0
1277 1
1278 0
1279 1
1280 0
1281 0
1282 1
1283 0
1284 1
1285 0
1286 0
1287 1
1288 1
1289 4
1290 1
1291 0
1292 2
1293 4
1294 0
1295 2
1296 0
1297 0
1298 3
1299 2
1300 0
1301 0
1302 0
1303 1
1304 1
1305 1
1306 1
1307 1
1308 0
1309 3
1310 2
1311 0
1312 0
1313 2
1314 0
1315 2
1316 2
1317 2
1318 1
1319 0
1320 0
1321 0
1322 0
1323 1
1324 1
1325 1
1326 0
1327 0
1328 2
1329 0
1330 0
1331 0
1332 1
1333 0
1334 0
1335 2
1336 0
1337 0
1338 0
1339 0
1340 1
1341 1
1342 4
1343 0
1344 1
1345 2
1346 1
1347 0
1348 1
1349 2
1350 3
1351 1
1352 0
1353 0
1354 1
1355 2
1356 0
1357 0
1358 3
1359 1
1360 1
1361 2
1362 1
1363 1
1364 1
1365 1
1366 2
1367 1
1368 1
1369 0
1370 0
1371 0
1372 1
1373 1
1374 1
1375 0
1376 1
1377 0
1378 1
1379 1
1380 0
1381 1
1382 0
1383 1
1384 0
1385 1
1386 0
1387 0
1388 1
1389 0
1390 0
1391 0
1392 1
1393 0
1394 0
1395 2
1396 0
1397 1
1398 0
1399 1
1400 0
1401 1
1402 1
1403 1
1404 0
1405 1
1406 1
1407 2
1408 2
1409 0
1410 1
1411 1
1412 0
1413 0
1414 2
1415 2
1416 0
1417 0
1418 0
1419 1
1420 0
1421 1
1422 0
1423 0
1424 1
1425 0
1426 0
1427 2
1428 3
1429 0
1430 2
1431 0
1432 0
1433 0
1434 1
1435 1
1436 0
1437 0
1438 1
1439 2
1440 1
1441 1
1442 1
1443 0
1444 2
1445 1
1446 0
1447 2
1448 0
1449 0
1450 0
1451 1
1452 0
1453 1
1454 0
1455 2
1456 0
1457 1
1458 0
1459 0
1460 0
1461 3
1462 1
1463 0
1464 1
1465 0
1466 1
1467 0
1468 2
1469 0
1470 1
1471 1
1472 0
1473 0
1474 0
1475 2
1476 0
1477 0
1478 0
1479 0
1480 0
1481 0
1482 0
1483 0
1484 1
1485 0
1486 0
1487 0
1488 0
1489 0
1490 1
1491 1
1492 0
1493 1
1494 1
1495 1
1496 1
1497 1
1498 1
1499 1
1500 1
1501 1
1502 1
1503 1
1504 0
1505 0
1506 1
1507 0
1508 0
1509 0
1510 1
1511 1
1512 0
1513 0
1514 2
1515 0
1516 0
1517 0
1518 0
1519 1
1520 0
1521 1
1522 0
1523 0
1524 0
1525 1
1526 1
1527 0
1528 0
1529 0
1530 0
1531 2
1532 0
1533 0
1534 1
1535 0
1536 3
1537 1
1538 0
1539 1
1540 0
1541 0
1542 1
1543 0
1544 1
1545 3
1546 2
1547 0
1548 1
1549 0
1550 0
1551 0
1552 0
1553 1
1554 0
1555 1
1556 0
1557 0
1558 0
1559 0
1560 0
1561 1
1562 1
1563 0
1564 0
1565 0
1566 1
1567 1
1568 1
1569 1
1570 1
1571 1
1572 0
1573 0
1574 0
1575 1
1576 0
1577 0
1578 0
1579 0
1580 0
1581 0
1582 1
1583 0
1584 0
1585 0
1586 1
1587 0
1588 0
1589 0
1590 1
1591 2
1592 0
1593 0
1594 0
1595 1
1596 0
1597 0
1598 0
1599 0
1600 0
1601 2
1602 0
1603 0
1604 1
1605 0
1606 0
1607 0
1608 0
1609 0
1610 0
1611 1
1612 1
1613 0
1614 0
1615 1
1616 0
1617 0
1618 0
1619 1
1620 0
1621 0
1622 0
1623 0
1624 0
1625 0
1626 0
1627 1
1628 0
1629 0
1630 1
1631 0
1632 0
1633 1
1634 0
1635 0
1636 0
1637 1
1638 0
1639 0
1640 0
1641 1
1642 0
1643 0
1644 0
1645 0
1646 0
1647 0
1648 1
1649 1
1650 0
1651 2
1652 1
1653 0
1654 1
1655 1
1656 0
1657 1
1658 0
1659 0
1660 0
1661 0
1662 0
1663 0
1664 0
1665 0
1666 0
1667 0
1668 1
1669 0
1670 0
1671 0
1672 1
1673 1
1674 1
1675 0
1676 0
1677 2
1678 1
1679 0
1680 0
1681 0
1682 0
1683 0
1684 0
1685 0
1686 0
1687 0
1688 0
1689 3
1690 0
1691 0
1692 1
1693 0
1694 0
1695 0
1696 1
1697 0
1698 0
1699 0
1700 2
1701 0
1702 0
1703 1
1704 1
1705 0
1706 0
1707 0
1708 1
1709 1
1710 1
1711 0
1712 0
1713 0
1714 0
1715 0
1716 0
1717 1
1718 0
1719 1
1720 0
1721 0
1722 0
1723 1
1724 0
1725 1
1726 0
1727 0
1728 0
1729 0
1730 0
1731 0
1732 0
1733 1
1734 0
1735 0
1736 0
1737 0
1738 0
1739 0
1740 0
1741 0
1742 0
1743 0
1744 0
1745 2
1746 0
1747 2
1748 1
1749 0
1750 0
1751 0
1752 0
1753 0
1754 0
1755 0
1756 0
1757 0
1758 1
1759 1
1760 0
1761 0
1762 1
1763 0
1764 0
1765 1
1766 0
1767 1
1768 0
1769 0
1770 0
1771 0
1772 1
1773 2
1774 1
1775 0
1776 0
1777 0
1778 1
1779 0
1780 0
1781 0
1782 1
1783 0
1784 1
1785 0
1786 0
1787 0
1788 0
1789 1
1790 0
1791 0
1792 0
1793 1
1794 1
1795 0
1796 0
1797 2
1798 2
1799 0
1800 0
1801 0
1802 0
1803 0
1804 0
1805 0
1806 0
1807 1
1808 0
1809 0
1810 0
1811 0
1812 0
1813 1
1814 0
1815 0
1816 0
1817 1
1818 0
1819 0
1820 0
1821 1
1822 0
1823 1
1824 0
1825 0
1826 1
1827 0
1828 1
1829 1
1830 1
1831 1
1832 0
1833 0
1834 0
1835 0
1836 0
1837 0
1838 0
1839 0
1840 0
1841 0
1842 0
1843 0
1844 0
1845 0
1846 0
1847 1
1848 0
1849 0
1850 1
1851 0
1852 0
1853 2
1854 0
1855 0
1856 1
1857 0
1858 0
1859 1
1860 1
1861 0
1862 0
1863 0
1864 1
1865 0
1866 1
1867 1
1868 0
1869 0
1870 0
1871 0
1872 0
1873 1
1874 0
1875 0
1876 0
1877 0
1878 0
1879 1
1880 0
1881 1
1882 0
1883 0
1884 2
1885 0
1886 3
1887 0
1888 0
1889 1
1890 0
1891 0
1892 0
1893 0
1894 0
1895 0
1896 0
1897 0
1898 0
1899 0
1900 0
1901 0
1902 1
1903 0
1904 0
1905 1
1906 0
1907 0
1908 0
1909 0
1910 0
1911 0
1912 0
1913 0
1914 0
1915 0
1916 0
1917 0
1918 2
1919 1
1920 0
1921 1
1922 2
1923 1
1924 0
1925 0
1926 0
1927 1
1928 0
1929 0
1930 1
1931 0
1932 0
1933 2
1934 0
1935 0
1936 0
1937 0
1938 1
1939 0
1940 0
1941 0
1942 0
1943 0
1944 0
1945 0
1946 0
1947 0
1948 0
1949 0
1950 1
1951 1
1952 1
1953 0
1954 0
1955 0
1956 0
1957 0
1958 0
1959 0
1960 0
1961 0
1962 0
1963 0
1964 0
1965 0
1966 1
1967 0
1968 0
1969 0
1970 0
1971 1
1972 0
1973 0
1974 0
1975 0
1976 0
1977 0
1978 0
1979 0
1980 0
1981 0
1982 0
1983 1
1984 0
1985 0
1986 0
1987 0
1988 0
1989 0
1990 0
1991 0
1992 0
1993 0
1994 0
1995 1
1996 0
1997 1
1998 0
1999 0
2000 0
2001 0
2002 0
2003 1
2004 0
2005 0
2006 0
2007 0
2008 0
2009 0
2010 0
2011 0
2012 0
2013 0
2014 0
2015 0
2016 0
2017 0
2018 0
2019 0
2020 0
2021 0
2022 0
2023 0
2024 0
2025 1
2026 0
2027 0
2028 0
2029 0
2030 0
2031 0
2032 0
2033 1
2034 0
2035 0
2036 0
2037 0
2038 0
2039 0
2040 0
2041 0
2042 0
2043 0
2044 0
2045 0
2046 0
2047 0
2048 1
2049 1
2050 0
2051 0
2052 0
2053 0
2054 0
2055 0
2056 0
2057 0
2058 1
2059 0
2060 0
2061 1
2062 0
2063 1
2064 0
2065 0
2066 1
2067 0
2068 0
2069 0
2070 0
2071 0
2072 1
2073 0
2074 0
2075 0
2076 0
2077 0
2078 0
2079 0
2080 0
2081 0
2082 0
2083 0
2084 0
2085 0
2086 0
2087 0
2088 1
2089 0
2090 1
2091 0
2092 0
2093 1
2094 0
2095 0
2096 0
2097 0
2098 1
2099 0
2100 1
2101 0
2102 3
2103 0
2104 0
2105 0
2106 0
2107 0
2108 0
2109 0
2110 0
2111 0
2112 0
2113 0
2114 0
2115 0
2116 0
2117 0
2118 0
2119 0
2120 0
2121 0
2122 1
2123 0
2124 1
2125 0
2126 0
2127 0
2128 0
2129 0
2130 1
2131 3
2132 0
2133 0
2134 1
2135 0
2136 0
2137 0
2138 0
2139 1
2140 0
2141 1
2142 0
2143 0
2144 1
2145 0
2146 0
2147 0
2148 0
2149 0
2150 0
2151 0
2152 0
2153 1
2154 0
2155 2
2156 1
2157 0
2158 0
2159 0
2160 0
2161 0
2162 0
2163 0
2164 0
2165 0
2166 0
2167 0
2168 1
2169 0
2170 0
2171 0
2172 0
2173 0
2174 0
2175 0
2176 0
2177 0
2178 1
2179 0
2180 1
2181 0
2182 0
2183 0
2184 0
2185 1
2186 0
2187 0
2188 0
2189 0
2190 1
2191 0
2192 0
2193 0
2194 0
2195 0
2196 0
2197 0
2198 0
2199 0
2200 0
2201 0
2202 0
2203 0
2204 0
2205 0
2206 0
2207 0
2208 0
2209 0
2210 0
2211 0
2212 0
2213 0
2214 1
2215 0
2216 0
2217 0
2218 1
2219 0
2220 0
2221 0
2222 1
2223 0
2224 0
2225 0
2226 0
2227 1
2228 0
2229 0
2230 0
2231 0
2232 1
2233 0
2234 0
2235 0
2236 0
2237 0
2238 0
2239 0
2240 0
2241 0
2242 0
2243 1
2244 0
2245 0
2246 0
2247 0
2248 0
2249 0
2250 0
2251 1
2252 0
2253 0
2254 0
2255 0
2256 0
2257 0
2258 0
2259 1
2260 1
2261 1
2262 0
2263 0
2264 0
2265 0
2266 0
2267 0
2268 0
2269 0
2270 0
2271 1
2272 1
2273 0
2274 0
2275 0
2276 1
2277 0
2278 1
2279 0
2280 0
2281 0
2282 0
2283 1
2284 0
2285 0
2286 0
2287 1
2288 1
2289 0
2290 0
2291 0
2292 0
2293 0
2294 0
2295 0
2296 1
2297 0
2298 1
2299 0
2300 0
2301 0
2302 0
2303 1
2304 0
2305 0
2306 0
2307 0
2308 1
2309 0
2310 0
2311 1
2312 0
2313 0
2314 1
2315 0
2316 0
2317 0
2318 0
2319 0
2320 0
2321 0
2322 0
2323 0
2324 0
2325 0
2326 0
2327 1
2328 1
2329 1
2330 0
2331 0
2332 0
2333 0
2334 0
2335 0
2336 0
2337 0
2338 0
2339 1
2340 0
2341 0
2342 0
2343 0
2344 0
2345 0
2346 0
2347 0
2348 0
2349 0
2350 0
2351 0
2352 0
2353 0
2354 1
2355 0
2356 0
2357 0
2358 0
2359 1
2360 0
2361 1
2362 0
2363 0
2364 0
2365 1
2366 0
2367 1
2368 1
2369 0
2370 0
2371 0
2372 0
2373 0
2374 0
2375 0
2376 0
2377 0
2378 1
2379 0
2380 0
2381 0
2382 0
2383 0
2384 0
2385 1
2386 1
2387 0
2388 0
2389 0
2390 0
2391 0
2392 0
2393 0
2394 0
2395 0
2396 0
2397 0
2398 0
2399 0
2400 0
2401 0
2402 0
2403 0
2404 0
2405 0
2406 0
2407 0
2408 0
2409 0
2410 0
2411 0
2412 0
2413 0
2414 0
2415 0
2416 0
2417 0
2418 0
2419 0
2420 0
2421 0
2422 1
2423 0
2424 0
2425 0
2426 0
2427 0
2428 0
2429 0
2430 0
2431 0
2432 0
2433 0
2434 1
2435 0
2436 0
2437 0
2438 0
2439 0
2440 1
2441 0
2442 0
2443 0
2444 0
2445 0
2446 0
2447 0
2448 0
2449 0
2450 0
2451 0
2452 0
2453 1
2454 0
2455 0
2456 0
2457 0
2458 1
2459 1
2460 0
2461 0
2462 1
2463 1
2464 0
2465 0
2466 0
2467 1
2468 0
2469 1
2470 1
2471 0
2472 0
2473 0
2474 0
2475 0
2476 0
2477 0
2478 0
2479 0
2480 0
2481 0
2482 0
2483 0
2484 0
2485 0
2486 0
2487 0
2488 0
2489 0
2490 0
2491 0
2492 0
2493 0
2494 1
2495 0
2496 0
2497 0
2498 0
2499 0
2500 0
2501 0
2502 0
2503 0
2504 1
2505 1
2506 0
2507 0
2508 0
2509 0
2510 1
2511 0
2512 0
2513 0
2514 1
2515 0
2516 2
2517 1
2518 2
2519 0
2520 0
2521 0
2522 0
2523 0
2524 0
2525 0
2526 0
2527 1
2528 1
2529 1
2530 0
2531 0
2532 0
2533 0
2534 0
2535 0
2536 1
2537 0
2538 0
2539 0
2540 0
2541 0
2542 0
2543 0
2544 0
2545 0
2546 0
2547 0
2548 0
2549 0
2550 0
2551 2
2552 0
2553 0
2554 0
2555 0
2556 0
2557 0
2558 0
2559 0
2560 0
2561 1
2562 0
2563 0
2564 0
2565 0
2566 0
2567 0
2568 0
2569 0
2570 1
2571 1
2572 0
2573 0
2574 0
2575 0
2576 0
2577 0
2578 0
2579 0
2580 0
2581 0
2582 0
2583 0
2584 0
2585 0
2586 0
2587 0
2588 0
2589 0
2590 0
2591 0
2592 2
2593 0
2594 0
2595 0
2596 0
2597 0
2598 0
2599 0
2600 0
2601 0
2602 0
2603 0
2604 0
2605 1
2606 0
2607 0
2608 0
2609 0
2610 0
2611 0
2612 0
2613 0
2614 1
2615 0
2616 0
2617 0
2618 0
2619 0
2620 0
2621 1
2622 0
2623 0
2624 0
2625 0
2626 0
2627 0
2628 0
2629 0
2630 0
2631 0
2632 0
2633 0
2634 0
2635 0
2636 0
2637 0
2638 0
2639 0
2640 0
2641 0
2642 1
2643 0
2644 1
2645 1
2646 0
2647 0
2648 0
2649 0
2650 0
2651 0
2652 1
2653 0
2654 0
2655 1
2656 0
2657 0
2658 0
2659 0
2660 0
2661 0
2662 0
2663 0
2664 0
2665 0
2666 0
2667 0
2668 0
2669 0
2670 0
2671 0
2672 0
2673 1
2674 1
2675 0
2676 0
2677 0
2678 0
2679 0
2680 0
2681 0
2682 0
2683 0
2684 0
2685 0
2686 0
2687 0
2688 1
2689 0
2690 0
2691 0
2692 0
2693 0
2694 0
2695 0
2696 0
2697 0
2698 0
2699 0
2700 1
2701 0
2702 0
2703 0
2704 0
2705 0
2706 0
2707 0
2708 0
2709 0
2710 0
2711 0
2712 0
2713 0
2714 1
2715 0
2716 0
2717 0
2718 0
2719 0
2720 0
2721 0
2722 0
2723 0
2724 0
2725 0
2726 1
2727 0
2728 0
2729 0
2730 0
2731 0
2732 0
2733 0
2734 0
2735 0
2736 0
2737 0
2738 0
2739 0
2740 0
2741 1
2742 0
2743 0
2744 0
2745 0
2746 0
2747 0
2748 0
2749 1
2750 0
2751 1
2752 0
2753 0
2754 0
2755 1
2756 0
2757 0
2758 0
2759 0
2760 0
2761 0
2762 0
2763 0
2764 0
2765 0
2766 0
2767 0
2768 0
2769 0
2770 0
2771 0
2772 0
2773 0
2774 0
2775 0
2776 0
2777 0
2778 0
2779 1
2780 0
2781 0
2782 0
2783 0
2784 0
2785 0
2786 0
2787 0
2788 0
2789 1
2790 0
2791 0
2792 0
2793 0
2794 0
2795 0
2796 0
2797 0
2798 0
2799 0
2800 0
2801 0
2802 0
2803 0
2804 0
2805 0
2806 1
2807 0
2808 0
2809 0
2810 0
2811 0
2812 0
2813 0
2814 1
2815 0
2816 0
2817 1
2818 1
2819 0
2820 0
2821 0
2822 0
2823 1
2824 0
2825 0
2826 0
2827 0
2828 0
2829 1
2830 0
2831 0
2832 0
2833 0
2834 0
2835 0
2836 0
2837 0
2838 0
2839 0
2840 0
2841 0
2842 0
2843 0
2844 1
2845 0
2846 0
2847 0
2848 0
2849 0
2850 0
2851 1
2852 0
2853 0
2854 0
2855 1
2856 0
2857 0
2858 0
2859 0
2860 0
2861 0
2862 0
2863 0
2864 0
2865 0
2866 0
2867 0
2868 0
2869 0
2870 0
2871 0
2872 0
2873 0
2874 0
2875 0
2876 1
2877 1
2878 0
2879 0
2880 0
2881 0
2882 0
2883 1
2884 0
2885 0
2886 0
2887 0
2888 0
2889 0
2890 0
2891 0
2892 0
2893 0
2894 0
2895 0
2896 0
2897 0
2898 1
2899 0
2900 0
2901 1
2902 0
2903 0
2904 0
2905 0
2906 0
2907 0
2908 0
2909 1
2910 0
2911 0
2912 0
2913 0
2914 0
2915 0
2916 0
2917 0
2918 0
2919 0
2920 1
2921 0
2922 0
2923 0
2924 0
2925 0
2926 0
2927 1
2928 0
2929 0
2930 0
2931 0
2932 1
2933 1
2934 0
2935 0
2936 0
2937 1
2938 1
2939 0
2940 0
2941 0
2942 0
2943 0
2944 0
2945 1
2946 0
2947 1
2948 0
2949 0
2950 0
2951 0
2952 0
2953 0
2954 0
2955 0
2956 0
2957 1
2958 0
2959 0
2960 0
2961 1
2962 0
2963 0
2964 0
2965 0
2966 0
2967 0
2968 0
2969 0
2970 0
2971 1
2972 0
2973 0
2974 0
2975 0
2976 0
2977 0
2978 0
2979 0
2980 0
2981 0
2982 1
2983 0
2984 0
2985 0
2986 0
2987 0
2988 0
2989 0
2990 0
2991 1
2992 0
2993 0
2994 0
2995 0
2996 0
2997 0
2998 0
2999 0
3000 0
3001 0
3002 0
3003 0
3004 0
3005 0
3006 0
3007 0
3008 0
3009 0
3010 0
3011 0
3012 1
3013 0
3014 0
3015 0
3016 0
3017 0
3018 0
3019 0
3020 0
3021 0
3022 0
3023 0
3024 0
3025 0
3026 0
3027 0
3028 0
3029 0
3030 0
3031 0
3032 0
3033 2
3034 0
3035 0
3036 1
3037 0
3038 0
3039 0
3040 0
3041 0
3042 0
3043 0
3044 1
3045 1
3046 2
3047 0
3048 0
3049 0
3050 1
3051 0
3052 0
3053 0
3054 0
3055 1
3056 0
3057 0
3058 0
3059 0
3060 0
3061 0
3062 0
3063 0
3064 0
3065 0
3066 0
3067 0
3068 0
3069 1
3070 0
3071 0
3072 0
3073 1
3074 0
3075 0
3076 0
3077 0
3078 1
3079 1
3080 0
3081 0
3082 0
3083 0
3084 0
3085 0
3086 1
3087 0
3088 0
3089 0
3090 0
3091 0
3092 0
3093 0
3094 0
3095 0
3096 0
3097 1
3098 0
3099 0
3100 1
3101 0
3102 0
3103 0
3104 0
3105 0
3106 0
3107 1
3108 0
3109 0
3110 0
3111 0
3112 0
3113 0
3114 0
3115 0
3116 0
3117 0
3118 0
3119 0
3120 0
3121 0
3122 0
3123 0
3124 0
3125 0
3126 2
3127 0
3128 1
3129 0
3130 0
3131 0
3132 0
3133 0
3134 0
3135 0
3136 0
3137 0
3138 1
3139 0
3140 0
3141 0
3142 0
3143 0
3144 0
3145 0
3146 0
3147 0
3148 0
3149 0
3150 0
3151 0
3152 0
3153 0
3154 0
3155 0
3156 0
3157 0
3158 0
3159 1
3160 0
3161 0
3162 0
3163 1
3164 0
3165 0
3166 0
3167 0
3168 0
3169 0
3170 0
3171 0
3172 0
3173 0
3174 0
3175 0
3176 0
3177 0
3178 0
3179 0
3180 0
3181 0
3182 0
3183 0
3184 0
3185 0
3186 0
3187 0
3188 1
3189 0
3190 0
3191 0
3192 0
3193 0
3194 1
3195 0
3196 0
3197 0
3198 0
3199 0
3200 0
3201 0
3202 0
3203 0
3204 0
3205 0
3206 0
3207 0
3208 0
3209 1
3210 0
3211 2
3212 0
3213 0
3214 0
3215 0
3216 1
3217 0
3218 0
3219 0
3220 0
3221 0
3222 0
3223 1
3224 0
3225 0
3226 0
3227 0
3228 0
3229 0
3230 0
3231 0
3232 0
3233 0
3234 0
3235 0
3236 0
3237 0
3238 0
3239 0
3240 1
3241 0
3242 0
3243 0
3244 0
3245 0
3246 0
3247 0
3248 0
3249 0
3250 0
3251 0
3252 0
3253 0
3254 0
3255 0
3256 1
3257 0
3258 1
3259 0
3260 0
3261 0
3262 0
3263 0
3264 1
3265 0
3266 0
3267 0
3268 0
3269 0
3270 0
3271 0
3272 1
3273 0
3274 0
3275 0
3276 0
3277 0
3278 0
3279 1
3280 0
3281 0
3282 0
3283 0
3284 0
3285 0
3286 1
3287 0
3288 0
3289 0
3290 0
3291 0
3292 0
3293 0
3294 0
3295 0
3296 0
3297 1
3298 0
3299 0
3300 0
3301 0
3302 0
3303 0
3304 0
3305 0
3306 0
3307 0
3308 0
3309 0
3310 0
3311 0
3312 0
3313 0
3314 0
3315 0
3316 0
3317 0
3318 1
3319 0
3320 0
3321 0
3322 0
3323 0
3324 0
3325 0
3326 0
3327 0
3328 0
3329 1
3330 0
3331 0
3332 0
3333 0
3334 0
3335 0
3336 0
3337 0
3338 0
3339 0
3340 0
3341 0
3342 1
3343 0
3344 0
3345 0
3346 0
3347 0
3348 1
3349 0
3350 0
3351 0
3352 0
3353 1
3354 0
3355 0
3356 1
3357 1
3358 0
3359 0
3360 0
3361 0
3362 0
3363 0
3364 0
3365 1
3366 0
3367 1
3368 0
3369 0
3370 0
3371 0
3372 0
3373 0
3374 0
3375 0
3376 0
3377 0
3378 0
3379 0
3380 0
3381 0
3382 0
3383 1
3384 0
3385 0
3386 0
3387 0
3388 0
3389 0
3390 0
3391 0
3392 0
3393 0
3394 0
3395 0
3396 0
3397 1
3398 0
3399 0
3400 0
3401 0
3402 0
3403 0
3404 0
3405 0
3406 0
3407 0
3408 1
3409 0
3410 0
3411 0
3412 0
3413 0
3414 1
3415 1
3416 0
3417 0
3418 0
3419 0
3420 0
3421 0
3422 0
3423 0
3424 1
3425 0
3426 0
3427 0
3428 0
3429 0
3430 0
3431 0
3432 0
3433 0
3434 0
3435 0
3436 0
3437 0
3438 0
3439 0
3440 0
3441 1
3442 0
3443 0
3444 0
3445 0
3446 0
3447 0
3448 0
3449 0
3450 0
3451 1
3452 0
3453 0
3454 0
3455 0
3456 0
3457 0
3458 0
3459 0
3460 0
3461 0
3462 0
3463 0
3464 0
3465 0
3466 0
3467 0
3468 0
3469 0
3470 0
3471 0
3472 0
3473 0
3474 0
3475 0
3476 1
3477 0
3478 1
3479 0
3480 0
3481 0
3482 0
3483 0
3484 1
3485 0
3486 0
3487 0
3488 1
3489 0
3490 0
3491 1
3492 0
3493 0
3494 0
3495 0
3496 0
3497 0
3498 0
3499 0
3500 0
3501 0
3502 0
3503 0
3504 0
3505 0
3506 0
3507 0
3508 0
3509 0
3510 1
3511 0
3512 1
3513 0
3514 0
3515 0
3516 0
3517 1
3518 0
3519 0
3520 0
3521 0
3522 0
3523 0
3524 0
3525 0
3526 0
3527 0
3528 0
3529 0
3530 0
3531 0
3532 0
3533 0
3534 1
3535 0
3536 0
3537 0
3538 0
3539 0
3540 0
3541 0
3542 0
3543 0
3544 0
3545 0
3546 0
3547 0
3548 0
3549 0
3550 1
3551 0
3552 0
3553 0
3554 0
3555 0
3556 0
3557 0
3558 1
3559 0
3560 0
3561 1
3562 0
3563 0
3564 0
3565 0
3566 0
3567 0
3568 0
3569 0
3570 0
3571 0
3572 0
3573 0
3574 1
3575 0
3576 1
3577 0
3578 0
3579 0
3580 0
3581 0
3582 0
3583 1
3584 1
3585 0
3586 0
3587 0
3588 0
3589 0
3590 0
3591 0
3592 0
3593 0
3594 0
3595 0
3596 0
3597 0
3598 0
3599 0
3600 0
3601 0
3602 0
3603 0
3604 0
3605 0
3606 1
3607 0
3608 0
3609 0
3610 0
3611 0
3612 0
3613 0
3614 0
3615 0
3616 1
3617 0
3618 0
3619 0
3620 0
3621 0
3622 0
3623 0
3624 0
3625 0
3626 0
3627 0
3628 0
3629 0
3630 0
3631 1
3632 0
3633 0
3634 0
3635 0
3636 0
3637 0
3638 0
3639 0
3640 0
3641 0
3642 0
3643 2
3644 0
3645 0
3646 0
3647 1
3648 1
3649 2
3650 0
3651 0
3652 0
3653 0
3654 0
3655 0
3656 0
3657 0
3658 0
3659 0
3660 0
3661 0
3662 0
3663 0
3664 1
3665 0
3666 0
3667 0
3668 0
3669 1
3670 0
3671 0
3672 0
3673 0
3674 0
3675 0
3676 0
3677 0
3678 0
3679 1
3680 0
3681 0
3682 0
3683 0
3684 1
3685 0
3686 0
3687 0
3688 0
3689 0
3690 0
3691 0
3692 0
3693 0
3694 0
3695 0
3696 0
3697 1
3698 0
3699 0
3700 0
3701 0
3702 1
3703 0
3704 0
3705 1
3706 0
3707 0
3708 0
3709 0
3710 0
3711 0
3712 0
3713 0
3714 0
3715 0
3716 0
3717 0
3718 0
3719 0
3720 0
3721 0
3722 0
3723 0
3724 0
3725 1
3726 0
3727 0
3728 0
3729 0
3730 0
3731 0
3732 0
3733 0
3734 0
3735 0
3736 1
3737 1
3738 0
3739 0
3740 0
3741 0
3742 0
3743 0
3744 0
3745 0
3746 0
3747 1
3748 0
3749 0
3750 0
3751 0
3752 0
3753 0
3754 0
3755 0
3756 0
3757 1
3758 0
3759 0
3760 0
3761 0
3762 0
3763 0
3764 0
3765 1
3766 0
3767 0
3768 0
3769 1
3770 0
3771 0
3772 0
3773 0
3774 0
3775 0
3776 0
3777 0
3778 0
3779 0
3780 0
3781 0
3782 0
3783 0
3784 0
3785 0
3786 0
3787 0
3788 0
3789 0
3790 0
3791 0
3792 0
3793 0
3794 0
3795 0
3796 0
3797 1
3798 0
3799 0
3800 0
3801 0
3802 0
3803 0
3804 0
3805 0
3806 0
3807 0
3808 0
3809 0
3810 0
3811 0
3812 0
3813 0
3814 0
3815 0
3816 1
3817 0
3818 0
3819 0
3820 0
3821 0
3822 0
3823 0
3824 0
3825 0
3826 0
3827 0
3828 0
3829 0
3830 0
3831 0
3832 0
3833 0
3834 0
3835 0
3836 0
3837 0
3838 0
3839 0
3840 0
3841 0
3842 1
3843 0
3844 0
3845 0
3846 0
3847 0
3848 1
3849 0
3850 0
3851 0
3852 0
3853 3
3854 0
3855 0
3856 0
3857 0
3858 0
3859 0
3860 0
3861 1
3862 0
3863 0
3864 0
3865 0
3866 0
3867 0
3868 0
3869 0
3870 0
3871 0
3872 0
3873 0
3874 0
3875 0
3876 0
3877 0
3878 0
3879 0
3880 0
3881 0
3882 0
3883 0
3884 0
3885 1
3886 1
3887 0
3888 0
3889 1
3890 0
3891 0
3892 0
3893 0
3894 0
3895 0
3896 0
3897 0
3898 0
3899 1
3900 0
3901 0
3902 0
3903 0
3904 0
3905 0
3906 0
3907 0
3908 0
3909 0
3910 0
3911 0
3912 0
3913 0
3914 0
3915 0
3916 0
3917 0
3918 0
3919 0
3920 0
3921 0
3922 0
3923 0
3924 1
3925 0
3926 0
3927 0
3928 0
3929 0
3930 1
3931 1
3932 0
3933 0
3934 0
3935 0
3936 0
3937 0
3938 0
3939 0
3940 0
3941 0
3942 0
3943 0
3944 0
3945 1
3946 0
3947 0
3948 0
3949 0
3950 0
3951 0
3952 0
3953 0
3954 0
3955 0
3956 0
3957 0
3958 0
3959 0
3960 0
3961 0
3962 1
3963 0
3964 1
3965 0
3966 0
3967 0
3968 0
3969 0
3970 0
3971 0
3972 0
3973 0
3974 0
3975 0
3976 0
3977 0
3978 0
3979 0
3980 0
3981 0
3982 0
3983 0
3984 0
3985 0
3986 0
3987 0
3988 0
3989 0
3990 0
3991 0
3992 0
3993 0
3994 0
3995 0
3996 0
3997 0
3998 0
3999 0
4000 0
