0 0
1 0
2 0
3 0
4 0
5 0
6 0
7 0
8 0
9 0
10 0
11 0
12 0
13 0
14 0
15 0
16 0
17 0
18 0
19 0
20 0
21 0
22 0
23 0
24 0
25 0
26 0
27 0
28 0
29 0
30 0
31 0
32 0
33 0
34 0
35 0
36 0
37 0
38 0
39 0
40 0
41 0
42 0
43 0
44 0
45 0
46 0
47 0
48 0
49 0
50 0
51 0
52 0
53 0
54 0
55 0
56 0
57 0
58 0
59 0
60 0
61 0
62 0
63 0
64 0
65 0
66 0
67 0
68 0
69 0
70 0
71 0
72 0
73 0
74 0
75 0
76 0
77 0
78 0
79 0
80 0
81 0
82 0
83 0
84 0
85 0
86 0
87 0
88 0
89 0
90 0
91 0
92 0
93 0
94 0
95 0
96 0
97 0
98 0
99 0
100 0
101 0
102 0
103 0
104 0
105 0
106 0
107 0
108 0
109 0
110 0
111 0
112 0
113 0
114 0
115 0
116 0
117 0
118 0
119 0
120 0
121 0
122 0
123 0
124 0
125 0
126 0
127 0
128 0
129 0
130 0
131 0
132 0
133 0
134 0
135 0
136 0
137 0
138 0
139 0
140 0
141 0
142 0
143 0
144 0
145 0
146 0
147 0
148 0
149 1
150 0
151 1
152 2
153 3
154 4
155 3
156 5
157 2
158 2
159 1
160 7
161 5
162 4
163 5
164 3
165 1
166 2
167 3
168 3
169 6
170 6
171 6
172 2
173 6
174 9
175 8
176 9
177 14
178 20
179 40
180 50
181 67
182 97
183 109
184 100
185 112
186 184
187 275
188 634
189 1308
190 2327
191 3397
192 4536
193 5259
194 5754
195 6011
196 5883
197 5787
198 5355
199 5129
200 4875
201 4690
202 4380
203 4185
204 4142
205 3958
206 3868
207 3668
208 3708
209 3544
210 3578
211 3485
212 3532
213 3284
214 3424
215 3327
216 3243
217 3139
218 3125
219 3082
220 3101
221 3101
222 3082
223 3054
224 3002
225 2934
226 2904
227 2908
228 2884
229 2949
230 2871
231 2840
232 2820
233 2857
234 2880
235 2814
236 2734
237 2767
238 2821
239 2769
240 2814
241 2824
242 2791
243 2758
244 2801
245 2788
246 2806
247 2720
248 2672
249 2678
250 2753
251 2681
252 2686
253 2753
254 2783
255 2813
256 2738
257 2736
258 2640
259 2642
260 2701
261 2647
262 2687
263 2582
264 2699
265 2712
266 2711
267 2657
268 2671
269 2640
270 2680
271 2660
272 2657
273 2634
274 2653
275 2677
276 2639
277 2706
278 2676
279 2616
280 2703
281 2663
282 2693
283 2634
284 2722
285 2576
286 2600
287 2741
288 2594
289 2650
290 2621
291 2626
292 2676
293 2589
294 2583
295 2670
296 2664
297 2596
298 2649
299 2667
300 2742
301 2706
302 2631
303 2609
304 2647
305 2661
306 2638
307 2731
308 2628
309 2658
310 2668
311 2615
312 2674
313 2705
314 2624
315 2581
316 2578
317 2618
318 2603
319 2557
320 2670
321 2669
322 2586
323 2672
324 2537
325 2624
326 2708
327 2705
328 2703
329 2629
330 2711
331 2687
332 2753
333 2681
334 2608
335 2635
336 2646
337 2666
338 2685
339 2682
340 2755
341 2760
342 2654
343 2658
344 2716
345 2639
346 2740
347 2704
348 2704
349 2723
350 2705
351 2783
352 2816
353 2730
354 2734
355 2742
356 2756
357 2803
358 2727
359 2771
360 2667
361 2821
362 2692
363 2813
364 2695
365 2799
366 2757
367 2831
368 2801
369 2819
370 2874
371 2755
372 2850
373 2873
374 2896
375 2843
376 2788
377 2813
378 2842
379 2818
380 2902
381 2880
382 2846
383 2878
384 2873
385 2854
386 2907
387 2902
388 2781
389 2928
390 2904
391 2925
392 2852
393 2999
394 2895
395 2925
396 2941
397 3029
398 2887
399 3043
400 2991
401 2957
402 2977
403 2924
404 3036
405 3005
406 3111
407 3091
408 3126
409 3048
410 3026
411 3114
412 3077
413 3011
414 3106
415 3057
416 3115
417 3041
418 3043
419 3099
420 3158
421 3042
422 3057
423 3021
424 3165
425 3077
426 3109
427 3187
428 3019
429 3179
430 3236
431 3040
432 3133
433 3114
434 3116
435 3144
436 3122
437 3098
438 3056
439 3182
440 3185
441 3193
442 3114
443 3127
444 3084
445 3142
446 3163
447 3245
448 3118
449 3162
450 3115
451 3126
452 3211
453 3094
454 3241
455 3186
456 3174
457 3183
458 3196
459 3118
460 3226
461 3063
462 3191
463 3129
464 3163
465 3053
466 3179
467 3131
468 3089
469 3121
470 3137
471 3055
472 3121
473 3081
474 3060
475 3117
476 3095
477 3115
478 3072
479 3065
480 3118
481 2915
482 2987
483 3043
484 3095
485 2996
486 3025
487 3151
488 2963
489 3037
490 3043
491 3045
492 2917
493 3000
494 3075
495 2999
496 3047
497 3020
498 2902
499 2926
500 2810
501 3018
502 2924
503 2891
504 2996
505 2920
506 2856
507 2886
508 2922
509 2786
510 2897
511 2850
512 2868
513 2841
514 2661
515 2736
516 2786
517 2744
518 2620
519 2689
520 2665
521 2722
522 2768
523 2774
524 2796
525 2595
526 2740
527 2659
528 2633
529 2658
530 2579
531 2651
532 2650
533 2472
534 2514
535 2558
536 2601
537 2479
538 2558
539 2537
540 2574
541 2491
542 2460
543 2487
544 2482
545 2510
546 2449
547 2418
548 2335
549 2324
550 2316
551 2339
552 2302
553 2303
554 2367
555 2318
556 2266
557 2278
558 2296
559 2240
560 2246
561 2084
562 2136
563 2133
564 2107
565 2145
566 2040
567 2040
568 2090
569 2053
570 2002
571 2074
572 1940
573 1999
574 2018
575 2029
576 1965
577 1968
578 1940
579 1870
580 1869
581 1848
582 1810
583 1811
584 1806
585 1868
586 1738
587 1792
588 1840
589 1735
590 1739
591 1782
592 1690
593 1702
594 1680
595 1653
596 1659
597 1637
598 1617
599 1612
600 1626
601 1586
602 1596
603 1569
604 1511
605 1569
606 1505
607 1482
608 1415
609 1414
610 1430
611 1406
612 1401
613 1424
614 1430
615 1364
616 1408
617 1330
618 1299
619 1352
620 1291
621 1286
622 1243
623 1243
624 1252
625 1239
626 1259
627 1194
628 1254
629 1218
630 1188
631 1140
632 1177
633 1196
634 1122
635 1178
636 1060
637 1095
638 1112
639 1084
640 1103
641 1047
642 1064
643 1007
644 969
645 1048
646 931
647 987
648 928
649 964
650 937
651 940
652 937
653 906
654 911
655 897
656 851
657 869
658 865
659 815
660 885
661 810
662 800
663 791
664 761
665 827
666 704
667 771
668 783
669 714
670 746
671 713
672 718
673 660
674 668
675 674
676 687
677 647
678 684
679 643
680 670
681 616
682 598
683 608
684 628
685 584
686 603
687 622
688 608
689 596
690 594
691 523
692 571
693 562
694 538
695 501
696 545
697 515
698 518
699 516
700 530
701 456
702 490
703 462
704 468
705 413
706 453
707 445
708 423
709 455
710 429
711 393
712 402
713 425
714 406
715 405
716 406
717 336
718 404
719 375
720 369
721 348
722 358
723 374
724 350
725 348
726 356
727 349
728 326
729 350
730 306
731 300
732 327
733 317
734 296
735 292
736 287
737 340
738 304
739 280
740 286
741 265
742 264
743 276
744 261
745 256
746 269
747 253
748 243
749 224
750 246
751 243
752 216
753 229
754 247
755 214
756 210
757 213
758 220
759 224
760 228
761 174
762 198
763 204
764 188
765 183
766 214
767 183
768 183
769 175
770 154
771 150
772 189
773 160
774 178
775 162
776 191
777 154
778 172
779 143
780 147
781 159
782 159
783 162
784 153
785 137
786 151
787 134
788 128
789 153
790 166
791 125
792 132
793 143
794 122
795 130
796 113
797 130
798 106
799 106
800 117
801 112
802 107
803 90
804 113
805 94
806 106
807 92
808 109
809 95
810 115
811 109
812 101
813 97
814 101
815 95
816 89
817 78
818 86
819 88
820 81
821 74
822 80
823 90
824 79
825 74
826 97
827 86
828 68
829 78
830 74
831 47
832 78
833 74
834 78
835 78
836 70
837 81
838 67
839 75
840 72
841 73
842 68
843 68
844 60
845 54
846 59
847 53
848 52
849 74
850 58
851 67
852 55
853 54
854 63
855 57
856 60
857 50
858 52
859 40
860 44
861 47
862 56
863 55
864 46
865 43
866 39
867 59
868 42
869 43
870 49
871 40
872 48
873 63
874 48
875 33
876 60
877 46
878 55
879 37
880 42
881 49
882 40
883 40
884 40
885 38
886 48
887 44
888 33
889 46
890 31
891 32
892 36
893 43
894 42
895 44
896 21
897 34
898 29
899 30
900 29
901 27
902 40
903 36
904 36
905 40
906 26
907 42
908 28
909 41
910 30
911 35
912 35
913 31
914 34
915 32
916 42
917 30
918 32
919 30
920 26
921 37
922 27
923 37
924 36
925 31
926 29
927 27
928 27
929 28
930 30
931 27
932 29
933 30
934 29
935 28
936 34
937 24
938 38
939 32
940 34
941 19
942 28
943 26
944 32
945 27
946 32
947 15
948 28
949 32
950 22
951 32
952 17
953 21
954 14
955 26
956 20
957 31
958 37
959 24
960 26
961 27
962 35
963 25
964 15
965 15
966 28
967 18
968 18
969 17
970 22
971 21
972 24
973 21
974 24
975 21
976 23
977 17
978 28
979 21
980 15
981 19
982 17
983 25
984 19
985 22
986 25
987 15
988 23
989 23
990 21
991 16
992 18
993 24
994 22
995 18
996 23
997 21
998 24
999 14
1000 32
1001 11
1002 19
1003 29
1004 22
1005 17
1006 18
1007 16
1008 14
1009 22
1010 14
1011 13
1012 23
1013 18
1014 20
1015 12
1016 14
1017 14
1018 21
1019 21
1020 23
1021 9
1022 19
1023 20
1024 16
1025 12
1026 15
1027 11
1028 13
1029 22
1030 13
1031 18
1032 5
1033 22
1034 16
1035 14
1036 17
1037 20
1038 12
1039 10
1040 18
1041 22
1042 21
1043 12
1044 16
1045 22
1046 15
1047 18
1048 19
1049 16
1050 11
1051 9
1052 11
1053 13
1054 10
1055 13
1056 12
1057 11
1058 13
1059 11
1060 10
1061 10
1062 14
1063 13
1064 14
1065 13
1066 15
1067 15
1068 17
1069 4
1070 11
1071 7
1072 14
1073 11
1074 10
1075 16
1076 9
1077 12
1078 7
1079 13
1080 12
1081 13
1082 16
1083 12
1084 7
1085 7
1086 9
1087 12
1088 15
1089 9
1090 13
1091 10
1092 13
1093 11
1094 10
1095 15
1096 8
1097 11
1098 16
1099 10
1100 12
1101 18
1102 14
1103 6
1104 5
1105 8
1106 12
1107 8
1108 4
1109 9
1110 6
1111 12
1112 19
1113 10
1114 11
1115 5
1116 14
1117 9
1118 7
1119 12
1120 12
1121 10
1122 8
1123 7
1124 12
1125 9
1126 7
1127 7
1128 7
1129 9
1130 9
1131 11
1132 7
1133 13
1134 4
1135 7
1136 6
1137 4
1138 13
1139 9
1140 9
1141 5
1142 7
1143 10
1144 6
1145 6
1146 3
1147 11
1148 8
1149 9
1150 10
1151 12
1152 9
1153 6
1154 5
1155 10
1156 13
1157 10
1158 5
1159 7
1160 9
1161 13
1162 5
1163 8
1164 11
1165 3
1166 6
1167 1
1168 9
1169 4
1170 5
1171 4
1172 3
1173 13
1174 6
1175 7
1176 7
1177 7
1178 5
1179 2
1180 5
1181 6
1182 2
1183 11
1184 3
1185 4
1186 8
1187 3
1188 7
1189 1
1190 2
1191 4
1192 7
1193 8
1194 12
1195 2
1196 4
1197 5
1198 4
1199 8
1200 1
1201 6
1202 5
1203 5
1204 4
1205 4
1206 3
1207 4
1208 11
1209 8
1210 2
1211 6
1212 5
1213 8
1214 8
1215 6
1216 5
1217 3
1218 2
1219 8
1220 4
1221 7
1222 4
1223 2
1224 5
1225 2
1226 4
1227 5
1228 8
1229 2
1230 3
1231 6
1232 3
1233 3
1234 7
1235 6
1236 4
1237 4
1238 5
1239 4
1240 5
1241 5
1242 6
1243 2
1244 2
1245 7
1246 4
1247 4
1248 1
1249 1
1250 4
1251 1
1252 4
1253 3
1254 5
1255 3
1256 2
1257 4
1258 1
1259 3
1260 2
1261 1
1262 5
1263 1
1264 0
1265 6
1266 6
1267 6
1268 2
1269 0
1270 0
1271 2
1272 5
1273 4
1274 0
1275 4
1276 3
1277 5
1278 3
1279 2
1280 2
1281 0
1282 3
1283 3
1284 1
1285 1
1286 0
1287 1
1288 5
1289 1
1290 1
1291 3
1292 6
1293 4
1294 2
1295 4
1296 3
1297 4
1298 2
1299 6
1300 5
1301 3
1302 4
1303 2
1304 2
1305 1
1306 2
1307 1
1308 5
1309 0
1310 4
1311 4
1312 4
1313 1
1314 4
1315 2
1316 4
1317 0
1318 1
1319 4
1320 4
1321 2
1322 1
1323 6
1324 3
1325 1
1326 3
1327 0
1328 1
1329 2
1330 1
1331 6
1332 2
1333 1
1334 2
1335 4
1336 2
1337 2
1338 1
1339 1
1340 2
1341 1
1342 2
1343 2
1344 0
1345 3
1346 1
1347 0
1348 0
1349 0
1350 5
1351 2
1352 0
1353 3
1354 2
1355 4
1356 0
1357 1
1358 1
1359 1
1360 1
1361 3
1362 3
1363 0
1364 2
1365 0
1366 1
1367 1
1368 0
1369 2
1370 1
1371 0
1372 3
1373 3
1374 0
1375 1
1376 0
1377 1
1378 3
1379 1
1380 5
1381 1
1382 2
1383 1
1384 1
1385 2
1386 0
1387 0
1388 3
1389 3
1390 1
1391 2
1392 0
1393 1
1394 2
1395 0
1396 2
1397 2
1398 3
1399 0
1400 2
1401 5
1402 3
1403 0
1404 4
1405 2
1406 1
1407 2
1408 3
1409 4
1410 0
1411 0
1412 0
1413 2
1414 1
1415 0
1416 2
1417 1
1418 1
1419 2
1420 2
1421 2
1422 2
1423 2
1424 0
1425 2
1426 1
1427 1
1428 1
1429 2
1430 2
1431 1
1432 2
1433 2
1434 4
1435 1
1436 0
1437 0
1438 3
1439 0
1440 3
1441 2
1442 1
1443 0
1444 0
1445 1
1446 1
1447 2
1448 1
1449 2
1450 1
1451 1
1452 5
1453 1
1454 0
1455 0
1456 1
1457 2
1458 0
1459 1
1460 2
1461 1
1462 3
1463 0
1464 1
1465 2
1466 1
1467 0
1468 3
1469 2
1470 3
1471 1
1472 3
1473 0
1474 2
1475 2
1476 0
1477 2
1478 0
1479 0
1480 2
1481 0
1482 1
1483 0
1484 2
1485 0
1486 0
1487 0
1488 2
1489 1
1490 1
1491 1
1492 2
1493 0
1494 3
1495 2
1496 0
1497 0
1498 1
1499 3
1500 2
1501 3
1502 1
1503 1
1504 0
1505 2
1506 1
1507 0
1508 0
1509 0
1510 3
1511 0
1512 1
1513 0
1514 0
1515 0
1516 0
1517 1
1518 0
1519 0
1520 0
1521 1
1522 0
1523 0
1524 1
1525 1
1526 0
1527 1
1528 0
1529 1
1530 1
1531 0
1532 0
1533 0
1534 1
1535 0
1536 1
1537 0
1538 1
1539 1
1540 1
1541 1
1542 2
1543 0
1544 0
1545 1
1546 0
1547 2
1548 0
1549 1
1550 1
1551 1
1552 0
1553 0
1554 4
1555 3
1556 1
1557 0
1558 0
1559 0
1560 0
1561 0
1562 1
1563 0
1564 2
1565 1
1566 2
1567 0
1568 0
1569 0
1570 0
1571 0
1572 0
1573 2
1574 0
1575 0
1576 0
1577 1
1578 2
1579 2
1580 2
1581 0
1582 1
1583 2
1584 0
1585 2
1586 3
1587 0
1588 1
1589 0
1590 1
1591 1
1592 4
1593 0
1594 0
1595 1
1596 1
1597 2
1598 0
1599 1
1600 2
1601 1
1602 0
1603 0
1604 0
1605 0
1606 2
1607 0
1608 0
1609 1
1610 1
1611 1
1612 0
1613 0
1614 1
1615 4
1616 3
1617 0
1618 1
1619 2
1620 0
1621 2
1622 0
1623 1
1624 0
1625 2
1626 1
1627 0
1628 1
1629 0
1630 0
1631 1
1632 0
1633 1
1634 0
1635 2
1636 2
1637 1
1638 0
1639 0
1640 1
1641 0
1642 1
1643 1
1644 1
1645 1
1646 1
1647 1
1648 1
1649 0
1650 0
1651 2
1652 1
1653 1
1654 1
1655 1
1656 1
1657 1
1658 1
1659 0
1660 1
1661 0
1662 1
1663 0
1664 0
1665 1
1666 0
1667 1
1668 0
1669 1
1670 2
1671 2
1672 1
1673 0
1674 0
1675 0
1676 1
1677 0
1678 2
1679 0
1680 1
1681 1
1682 2
1683 0
1684 1
1685 1
1686 1
1687 1
1688 1
1689 0
1690 0
1691 0
1692 1
1693 2
1694 0
1695 3
1696 3
1697 0
1698 0
1699 1
1700 0
1701 0
1702 0
1703 1
1704 0
1705 1
1706 3
1707 1
1708 0
1709 1
1710 1
1711 0
1712 1
1713 1
1714 0
1715 1
1716 1
1717 1
1718 1
1719 0
1720 1
1721 0
1722 1
1723 0
1724 2
1725 0
1726 0
1727 3
1728 1
1729 0
1730 1
1731 0
1732 0
1733 0
1734 1
1735 0
1736 0
1737 0
1738 0
1739 0
1740 1
1741 2
1742 0
1743 0
1744 1
1745 0
1746 0
1747 2
1748 1
1749 0
1750 0
1751 2
1752 0
1753 0
1754 0
1755 1
1756 1
1757 0
1758 2
1759 0
1760 0
1761 0
1762 0
1763 0
1764 0
1765 0
1766 0
1767 0
1768 1
1769 0
1770 1
1771 1
1772 1
1773 1
1774 1
1775 2
1776 1
1777 0
1778 0
1779 0
1780 1
1781 0
1782 1
1783 0
1784 1
1785 1
1786 0
1787 1
1788 0
1789 2
1790 0
1791 2
1792 0
1793 0
1794 1
1795 0
1796 0
1797 1
1798 0
1799 0
1800 1
1801 0
1802 1
1803 0
1804 0
1805 1
1806 1
1807 0
1808 0
1809 1
1810 0
1811 0
1812 1
1813 1
1814 1
1815 2
1816 1
1817 2
1818 0
1819 1
1820 0
1821 0
1822 1
1823 0
1824 0
1825 2
1826 1
1827 1
1828 1
1829 1
1830 1
1831 1
1832 0
1833 1
1834 2
1835 0
1836 0
1837 1
1838 0
1839 0
1840 0
1841 0
1842 0
1843 1
1844 0
1845 0
1846 1
1847 0
1848 0
1849 0
1850 1
1851 0
1852 0
1853 0
1854 2
1855 1
1856 0
1857 1
1858 0
1859 1
1860 1
1861 1
1862 0
1863 0
1864 0
1865 1
1866 0
1867 2
1868 1
1869 0
1870 1
1871 2
1872 1
1873 4
1874 0
1875 0
1876 1
1877 0
1878 0
1879 0
1880 0
1881 0
1882 1
1883 0
1884 0
1885 1
1886 1
1887 2
1888 0
1889 0
1890 0
1891 1
1892 0
1893 0
1894 0
1895 0
1896 0
1897 1
1898 1
1899 0
1900 0
1901 1
1902 1
1903 0
1904 0
1905 0
1906 0
1907 1
1908 0
1909 0
1910 1
1911 0
1912 1
1913 1
1914 1
1915 1
1916 0
1917 1
1918 0
1919 1
1920 1
1921 0
1922 2
1923 0
1924 1
1925 2
1926 0
1927 0
1928 2
1929 0
1930 1
1931 2
1932 0
1933 0
1934 0
1935 0
1936 0
1937 0
1938 1
1939 0
1940 1
1941 0
1942 0
1943 1
1944 0
1945 0
1946 0
1947 0
1948 2
1949 0
1950 1
1951 1
1952 1
1953 0
1954 0
1955 0
1956 0
1957 1
1958 1
1959 0
1960 0
1961 0
1962 0
1963 1
1964 1
1965 1
1966 2
1967 1
1968 1
1969 1
1970 1
1971 2
1972 0
1973 1
1974 1
1975 1
1976 1
1977 0
1978 2
1979 1
1980 1
1981 1
1982 0
1983 1
1984 1
1985 0
1986 2
1987 1
1988 0
1989 3
1990 0
1991 0
1992 1
1993 1
1994 1
1995 0
1996 0
1997 1
1998 1
1999 0
2000 0
2001 0
2002 0
2003 0
2004 1
2005 1
2006 0
2007 1
2008 2
2009 1
2010 1
2011 0
2012 0
2013 0
2014 0
2015 0
2016 1
2017 0
2018 0
2019 0
2020 1
2021 1
2022 0
2023 0
2024 1
2025 0
2026 1
2027 2
2028 2
2029 0
2030 0
2031 1
2032 1
2033 0
2034 0
2035 2
2036 0
2037 1
2038 0
2039 0
2040 0
2041 3
2042 0
2043 0
2044 1
2045 0
2046 1
2047 0
2048 0
2049 0
2050 4
2051 0
2052 0
2053 0
2054 1
2055 0
2056 0
2057 0
2058 0
2059 0
2060 1
2061 1
2062 0
2063 0
2064 1
2065 0
2066 1
2067 0
2068 0
2069 0
2070 0
2071 0
2072 1
2073 4
2074 0
2075 0
2076 1
2077 0
2078 0
2079 1
2080 0
2081 1
2082 0
2083 0
2084 0
2085 0
2086 2
2087 0
2088 1
2089 1
2090 1
2091 2
2092 0
2093 0
2094 0
2095 2
2096 1
2097 1
2098 1
2099 1
2100 0
2101 1
2102 1
2103 0
2104 1
2105 0
2106 1
2107 0
2108 0
2109 1
2110 0
2111 0
2112 0
2113 0
2114 2
2115 0
2116 0
2117 1
2118 0
2119 0
2120 0
2121 0
2122 0
2123 1
2124 0
2125 2
2126 0
2127 0
2128 0
2129 0
2130 2
2131 2
2132 1
2133 0
2134 0
2135 0
2136 0
2137 0
2138 0
2139 0
2140 0
2141 1
2142 1
2143 0
2144 2
2145 0
2146 0
2147 1
2148 0
2149 0
2150 1
2151 0
2152 1
2153 1
2154 0
2155 1
2156 0
2157 1
2158 0
2159 0
2160 0
2161 0
2162 2
2163 1
2164 0
2165 0
2166 0
2167 0
2168 0
2169 0
2170 1
2171 1
2172 0
2173 0
2174 0
2175 0
2176 1
2177 0
2178 1
2179 0
2180 1
2181 0
2182 2
2183 0
2184 0
2185 0
2186 1
2187 0
2188 1
2189 0
2190 3
2191 2
2192 0
2193 2
2194 1
2195 1
2196 1
2197 0
2198 0
2199 0
2200 0
2201 1
2202 1
2203 1
2204 3
2205 1
2206 0
2207 1
2208 0
2209 0
2210 0
2211 0
2212 0
2213 1
2214 1
2215 0
2216 1
2217 0
2218 1
2219 0
2220 0
2221 0
2222 2
2223 1
2224 1
2225 0
2226 0
2227 1
2228 2
2229 1
2230 0
2231 2
2232 1
2233 0
2234 1
2235 1
2236 0
2237 0
2238 0
2239 0
2240 1
2241 0
2242 0
2243 0
2244 0
2245 0
2246 2
2247 0
2248 0
2249 0
2250 0
2251 0
2252 0
2253 0
2254 2
2255 0
2256 0
2257 1
2258 0
2259 0
2260 0
2261 0
2262 0
2263 0
2264 2
2265 0
2266 0
2267 0
2268 0
2269 0
2270 0
2271 0
2272 0
2273 0
2274 1
2275 0
2276 0
2277 0
2278 2
2279 1
2280 0
2281 0
2282 0
2283 0
2284 0
2285 0
2286 0
2287 2
2288 1
2289 1
2290 0
2291 1
2292 1
2293 0
2294 0
2295 0
2296 0
2297 0
2298 0
2299 0
2300 1
2301 0
2302 2
2303 0
2304 1
2305 0
2306 0
2307 0
2308 0
2309 1
2310 0
2311 1
2312 1
2313 0
2314 0
2315 0
2316 0
2317 0
2318 0
2319 0
2320 0
2321 0
2322 0
2323 1
2324 1
2325 0
2326 1
2327 1
2328 1
2329 2
2330 0
2331 0
2332 1
2333 0
2334 0
2335 0
2336 0
2337 0
2338 1
2339 0
2340 0
2341 1
2342 0
2343 0
2344 1
2345 0
2346 0
2347 0
2348 0
2349 0
2350 1
2351 2
2352 1
2353 2
2354 0
2355 1
2356 0
2357 1
2358 0
2359 0
2360 0
2361 0
2362 0
2363 1
2364 1
2365 3
2366 1
2367 0
2368 0
2369 1
2370 1
2371 0
2372 1
2373 0
2374 0
2375 0
2376 1
2377 0
2378 1
2379 1
2380 2
2381 1
2382 3
2383 0
2384 1
2385 0
2386 1
2387 0
2388 1
2389 0
2390 1
2391 0
2392 2
2393 0
2394 0
2395 1
2396 0
2397 0
2398 1
2399 0
2400 0
2401 2
2402 0
2403 0
2404 0
2405 1
2406 1
2407 0
2408 0
2409 2
2410 0
2411 0
2412 0
2413 1
2414 0
2415 0
2416 0
2417 0
2418 3
2419 0
2420 1
2421 0
2422 0
2423 1
2424 0
2425 0
2426 1
2427 1
2428 0
2429 0
2430 1
2431 2
2432 0
2433 0
2434 0
2435 1
2436 1
2437 0
2438 2
2439 0
2440 0
2441 1
2442 0
2443 0
2444 0
2445 0
2446 0
2447 1
2448 0
2449 0
2450 1
2451 1
2452 0
2453 1
2454 1
2455 1
2456 1
2457 1
2458 0
2459 2
2460 0
2461 1
2462 5
2463 1
2464 0
2465 2
2466 2
2467 0
2468 0
2469 1
2470 1
2471 0
2472 0
2473 1
2474 1
2475 1
2476 0
2477 0
2478 0
2479 0
2480 1
2481 0
2482 1
2483 1
2484 0
2485 1
2486 0
2487 0
2488 1
2489 3
2490 0
2491 0
2492 0
2493 0
2494 0
2495 1
2496 0
2497 2
2498 0
2499 0
2500 0
2501 0
2502 2
2503 1
2504 1
2505 1
2506 2
2507 0
2508 0
2509 0
2510 0
2511 0
2512 1
2513 0
2514 0
2515 1
2516 0
2517 0
2518 1
2519 1
2520 0
2521 0
2522 1
2523 0
2524 0
2525 0
2526 0
2527 0
2528 0
2529 0
2530 0
2531 0
2532 0
2533 0
2534 1
2535 1
2536 0
2537 0
2538 1
2539 0
2540 0
2541 1
2542 1
2543 0
2544 0
2545 1
2546 2
2547 0
2548 0
2549 3
2550 0
2551 1
2552 0
2553 0
2554 0
2555 0
2556 0
2557 0
2558 1
2559 2
2560 1
2561 0
2562 0
2563 1
2564 0
2565 3
2566 2
2567 2
2568 0
2569 3
2570 0
2571 1
2572 1
2573 0
2574 0
2575 0
2576 0
2577 1
2578 0
2579 1
2580 0
2581 0
2582 0
2583 0
2584 1
2585 1
2586 2
2587 0
2588 1
2589 0
2590 0
2591 3
2592 1
2593 0
2594 1
2595 0
2596 0
2597 0
2598 0
2599 0
2600 1
2601 0
2602 0
2603 0
2604 0
2605 0
2606 0
2607 0
2608 0
2609 0
2610 0
2611 0
2612 0
2613 0
2614 0
2615 0
2616 0
2617 0
2618 0
2619 0
2620 0
2621 0
2622 1
2623 0
2624 1
2625 1
2626 0
2627 0
2628 0
2629 0
2630 0
2631 0
2632 2
2633 0
2634 0
2635 1
2636 0
2637 0
2638 0
2639 0
2640 1
2641 0
2642 0
2643 0
2644 0
2645 0
2646 0
2647 0
2648 0
2649 0
2650 0
2651 1
2652 1
2653 0
2654 1
2655 0
2656 0
2657 0
2658 0
2659 0
2660 0
2661 0
2662 0
2663 0
2664 0
2665 0
2666 0
2667 0
2668 0
2669 0
2670 1
2671 1
2672 0
2673 0
2674 0
2675 0
2676 0
2677 0
2678 0
2679 0
2680 0
2681 0
2682 0
2683 0
2684 2
2685 1
2686 1
2687 0
2688 0
2689 0
2690 0
2691 1
2692 0
2693 1
2694 0
2695 2
2696 1
2697 0
2698 0
2699 0
2700 1
2701 1
2702 0
2703 0
2704 0
2705 0
2706 1
2707 0
2708 0
2709 1
2710 2
2711 0
2712 1
2713 0
2714 1
2715 0
2716 0
2717 0
2718 2
2719 1
2720 0
2721 0
2722 0
2723 0
2724 0
2725 0
2726 1
2727 0
2728 0
2729 1
2730 1
2731 0
2732 1
2733 1
2734 0
2735 0
2736 1
2737 0
2738 0
2739 1
2740 1
2741 0
2742 1
2743 0
2744 0
2745 0
2746 0
2747 2
2748 0
2749 0
2750 0
2751 1
2752 0
2753 0
2754 2
2755 0
2756 0
2757 0
2758 0
2759 1
2760 0
2761 0
2762 0
2763 1
2764 1
2765 0
2766 0
2767 0
2768 0
2769 0
2770 0
2771 1
2772 1
2773 0
2774 1
2775 0
2776 1
2777 1
2778 0
2779 1
2780 0
2781 2
2782 0
2783 0
2784 1
2785 0
2786 0
2787 0
2788 0
2789 0
2790 0
2791 0
2792 0
2793 0
2794 2
2795 0
2796 0
2797 1
2798 0
2799 0
2800 0
2801 0
2802 1
2803 0
2804 1
2805 0
2806 0
2807 0
2808 0
2809 0
2810 1
2811 0
2812 0
2813 0
2814 0
2815 2
2816 0
2817 0
2818 1
2819 1
2820 0
2821 1
2822 0
2823 1
2824 1
2825 0
2826 0
2827 0
2828 1
2829 0
2830 0
2831 0
2832 0
2833 0
2834 1
2835 2
2836 2
2837 0
2838 1
2839 0
2840 0
2841 1
2842 1
2843 1
2844 0
2845 1
2846 0
2847 1
2848 0
2849 2
2850 0
2851 0
2852 0
2853 0
2854 0
2855 1
2856 0
2857 0
2858 0
2859 0
2860 0
2861 0
2862 0
2863 0
2864 0
2865 0
2866 1
2867 0
2868 1
2869 1
2870 0
2871 1
2872 0
2873 0
2874 0
2875 0
2876 0
2877 0
2878 0
2879 1
2880 0
2881 0
2882 0
2883 0
2884 0
2885 1
2886 0
2887 0
2888 1
2889 0
2890 1
2891 0
2892 0
2893 0
2894 1
2895 2
2896 0
2897 0
2898 0
2899 0
2900 0
2901 0
2902 0
2903 0
2904 0
2905 0
2906 0
2907 1
2908 1
2909 0
2910 0
2911 0
2912 0
2913 0
2914 0
2915 0
2916 0
2917 1
2918 0
2919 0
2920 1
2921 0
2922 0
2923 1
2924 0
2925 0
2926 0
2927 0
2928 0
2929 0
2930 1
2931 2
2932 1
2933 0
2934 1
2935 0
2936 0
2937 1
2938 0
2939 0
2940 0
2941 0
2942 0
2943 1
2944 1
2945 0
2946 0
2947 0
2948 0
2949 0
2950 3
2951 1
2952 0
2953 0
2954 0
2955 1
2956 0
2957 0
2958 0
2959 1
2960 0
2961 1
2962 1
2963 1
2964 2
2965 0
2966 0
2967 0
2968 1
2969 0
2970 1
2971 0
2972 0
2973 0
2974 0
2975 2
2976 0
2977 0
2978 0
2979 1
2980 0
2981 0
2982 0
2983 1
2984 0
2985 0
2986 0
2987 1
2988 2
2989 0
2990 1
2991 1
2992 1
2993 0
2994 0
2995 1
2996 0
2997 0
2998 2
2999 0
3000 3
3001 0
3002 0
3003 0
3004 1
3005 1
3006 0
3007 1
3008 1
3009 0
3010 1
3011 1
3012 0
3013 0
3014 1
3015 1
3016 0
3017 0
3018 0
3019 1
3020 0
3021 0
3022 0
3023 0
3024 0
3025 0
3026 0
3027 1
3028 0
3029 0
3030 0
3031 2
3032 1
3033 0
3034 0
3035 0
3036 1
3037 0
3038 0
3039 0
3040 0
3041 0
3042 0
3043 0
3044 0
3045 1
3046 0
3047 0
3048 1
3049 0
3050 0
3051 0
3052 1
3053 0
3054 0
3055 0
3056 0
3057 0
3058 0
3059 0
3060 0
3061 0
3062 0
3063 1
3064 0
3065 0
3066 0
3067 0
3068 0
3069 2
3070 0
3071 0
3072 0
3073 1
3074 0
3075 0
3076 0
3077 1
3078 0
3079 0
3080 1
3081 1
3082 1
3083 0
3084 0
3085 0
3086 0
3087 0
3088 0
3089 0
3090 0
3091 0
3092 0
3093 0
3094 1
3095 0
3096 1
3097 0
3098 0
3099 1
3100 0
3101 0
3102 0
3103 1
3104 1
3105 0
3106 0
3107 1
3108 0
3109 2
3110 0
3111 0
3112 1
3113 1
3114 0
3115 0
3116 0
3117 0
3118 0
3119 1
3120 0
3121 0
3122 1
3123 0
3124 0
3125 0
3126 0
3127 1
3128 0
3129 0
3130 0
3131 0
3132 2
3133 0
3134 0
3135 0
3136 0
3137 0
3138 3
3139 1
3140 1
3141 0
3142 0
3143 0
3144 1
3145 0
3146 0
3147 2
3148 1
3149 0
3150 0
3151 0
3152 0
3153 0
3154 1
3155 0
3156 0
3157 1
3158 1
3159 4
3160 1
3161 0
3162 0
3163 1
3164 0
3165 0
3166 2
3167 2
3168 0
3169 1
3170 0
3171 0
3172 1
3173 0
3174 0
3175 0
3176 0
3177 0
3178 1
3179 1
3180 0
3181 1
3182 0
3183 2
3184 0
3185 0
3186 2
3187 0
3188 0
3189 1
3190 1
3191 0
3192 0
3193 1
3194 0
3195 0
3196 0
3197 1
3198 0
3199 1
3200 1
3201 0
3202 0
3203 0
3204 0
3205 0
3206 0
3207 0
3208 1
3209 1
3210 0
3211 0
3212 1
3213 0
3214 0
3215 1
3216 0
3217 1
3218 0
3219 0
3220 0
3221 0
3222 0
3223 1
3224 0
3225 0
3226 0
3227 1
3228 0
3229 0
3230 0
3231 0
3232 0
3233 0
3234 1
3235 0
3236 1
3237 0
3238 0
3239 0
3240 0
3241 0
3242 0
3243 0
3244 0
3245 0
3246 0
3247 0
3248 1
3249 1
3250 0
3251 1
3252 0
3253 0
3254 1
3255 0
3256 1
3257 2
3258 0
3259 1
3260 0
3261 0
3262 1
3263 1
3264 0
3265 0
3266 0
3267 1
3268 2
3269 0
3270 3
3271 0
3272 0
3273 1
3274 1
3275 0
3276 1
3277 0
3278 1
3279 0
3280 0
3281 0
3282 0
3283 1
3284 0
3285 0
3286 0
3287 0
3288 1
3289 1
3290 1
3291 0
3292 1
3293 1
3294 0
3295 0
3296 0
3297 0
3298 0
3299 1
3300 0
3301 1
3302 0
3303 2
3304 0
3305 0
3306 0
3307 0
3308 0
3309 0
3310 1
3311 0
3312 0
3313 0
3314 0
3315 0
3316 2
3317 0
3318 0
3319 1
3320 1
3321 0
3322 1
3323 2
3324 0
3325 0
3326 1
3327 0
3328 0
3329 0
3330 2
3331 0
3332 0
3333 0
3334 0
3335 1
3336 0
3337 1
3338 0
3339 0
3340 0
3341 0
3342 0
3343 1
3344 1
3345 0
3346 0
3347 0
3348 0
3349 0
3350 0
3351 0
3352 0
3353 0
3354 0
3355 0
3356 1
3357 0
3358 0
3359 0
3360 0
3361 0
3362 0
3363 0
3364 1
3365 0
3366 0
3367 0
3368 0
3369 0
3370 0
3371 0
3372 0
3373 1
3374 0
3375 0
3376 0
3377 0
3378 0
3379 1
3380 0
3381 1
3382 1
3383 1
3384 1
3385 1
3386 2
3387 0
3388 1
3389 0
3390 1
3391 0
3392 0
3393 0
3394 0
3395 1
3396 0
3397 1
3398 2
3399 0
3400 0
3401 0
3402 0
3403 0
3404 0
3405 1
3406 0
3407 0
3408 0
3409 0
3410 0
3411 0
3412 0
3413 0
3414 0
3415 0
3416 0
3417 0
3418 1
3419 0
3420 0
3421 0
3422 1
3423 0
3424 1
3425 1
3426 0
3427 0
3428 0
3429 0
3430 0
3431 0
3432 0
3433 0
3434 1
3435 0
3436 1
3437 0
3438 0
3439 1
3440 0
3441 0
3442 1
3443 1
3444 0
3445 0
3446 2
3447 1
3448 0
3449 1
3450 0
3451 0
3452 0
3453 1
3454 0
3455 0
3456 0
3457 0
3458 0
3459 0
3460 0
3461 0
3462 1
3463 0
3464 0
3465 1
3466 1
3467 1
3468 0
3469 2
3470 0
3471 0
3472 0
3473 2
3474 0
3475 0
3476 0
3477 0
3478 0
3479 0
3480 1
3481 1
3482 2
3483 0
3484 0
3485 0
3486 0
3487 0
3488 1
3489 3
3490 0
3491 1
3492 0
3493 0
3494 0
3495 0
3496 1
3497 0
3498 0
3499 1
3500 0
3501 1
3502 0
3503 0
3504 0
3505 0
3506 0
3507 0
3508 0
3509 0
3510 0
3511 0
3512 0
3513 0
3514 0
3515 0
3516 1
3517 0
3518 1
3519 2
3520 1
3521 3
3522 0
3523 1
3524 0
3525 2
3526 0
3527 0
3528 0
3529 0
3530 0
3531 0
3532 0
3533 1
3534 1
3535 0
3536 0
3537 0
3538 0
3539 0
3540 0
3541 0
3542 0
3543 0
3544 0
3545 0
3546 0
3547 1
3548 0
3549 0
3550 0
3551 0
3552 0
3553 0
3554 0
3555 0
3556 0
3557 0
3558 1
3559 0
3560 0
3561 0
3562 0
3563 0
3564 0
3565 0
3566 1
3567 0
3568 0
3569 1
3570 0
3571 0
3572 0
3573 0
3574 0
3575 0
3576 1
3577 0
3578 1
3579 0
3580 0
3581 0
3582 0
3583 0
3584 0
3585 0
3586 0
3587 0
3588 0
3589 0
3590 0
3591 0
3592 0
3593 1
3594 0
3595 1
3596 0
3597 0
3598 0
3599 0
3600 1
3601 0
3602 1
3603 0
3604 0
3605 0
3606 0
3607 0
3608 0
3609 1
3610 1
3611 3
3612 0
3613 0
3614 0
3615 0
3616 1
3617 1
3618 1
3619 0
3620 1
3621 0
3622 1
3623 0
3624 0
3625 0
3626 0
3627 1
3628 0
3629 0
3630 0
3631 0
3632 0
3633 1
3634 1
3635 1
3636 0
3637 0
3638 0
3639 0
3640 0
3641 0
3642 0
3643 0
3644 1
3645 0
3646 1
3647 1
3648 0
3649 1
3650 0
3651 1
3652 0
3653 0
3654 0
3655 0
3656 0
3657 0
3658 0
3659 0
3660 1
3661 0
3662 0
3663 0
3664 0
3665 0
3666 0
3667 1
3668 0
3669 0
3670 0
3671 0
3672 0
3673 0
3674 1
3675 0
3676 0
3677 1
3678 1
3679 1
3680 1
3681 2
3682 0
3683 1
3684 0
3685 1
3686 0
3687 1
3688 0
3689 0
3690 2
3691 0
3692 0
3693 0
3694 0
3695 0
3696 0
3697 0
3698 0
3699 1
3700 0
3701 0
3702 0
3703 1
3704 0
3705 2
3706 0
3707 2
3708 0
3709 0
3710 0
3711 0
3712 1
3713 1
3714 0
3715 0
3716 0
3717 0
3718 0
3719 1
3720 0
3721 0
3722 0
3723 0
3724 0
3725 0
3726 0
3727 0
3728 0
3729 0
3730 0
3731 1
3732 0
3733 1
3734 0
3735 0
3736 0
3737 0
3738 2
3739 0
3740 0
3741 0
3742 1
3743 0
3744 0
3745 0
3746 0
3747 0
3748 0
3749 0
3750 0
3751 0
3752 0
3753 0
3754 0
3755 0
3756 1
3757 0
3758 0
3759 0
3760 0
3761 0
3762 0
3763 0
3764 0
3765 0
3766 1
3767 0
3768 0
3769 0
3770 0
3771 1
3772 0
3773 0
3774 0
3775 1
3776 0
3777 2
3778 0
3779 0
3780 0
3781 0
3782 0
3783 0
3784 0
3785 0
3786 1
3787 0
3788 1
3789 0
3790 2
3791 2
3792 0
3793 0
3794 0
3795 0
3796 1
3797 0
3798 0
3799 1
3800 1
3801 0
3802 1
3803 0
3804 0
3805 1
3806 0
3807 1
3808 2
3809 0
3810 0
3811 0
3812 0
3813 0
3814 2
3815 0
3816 1
3817 0
3818 0
3819 0
3820 0
3821 0
3822 0
3823 0
3824 0
3825 1
3826 0
3827 0
3828 0
3829 0
3830 0
3831 0
3832 0
3833 0
3834 0
3835 0
3836 1
3837 1
3838 0
3839 0
3840 0
3841 0
3842 0
3843 0
3844 0
3845 0
3846 0
3847 0
3848 0
3849 1
3850 0
3851 0
3852 0
3853 0
3854 0
3855 1
3856 0
3857 0
3858 1
3859 1
3860 2
3861 0
3862 1
3863 0
3864 2
3865 0
3866 0
3867 1
3868 0
3869 0
3870 1
3871 0
3872 0
3873 0
3874 0
3875 0
3876 0
3877 0
3878 0
3879 0
3880 0
3881 0
3882 0
3883 0
3884 0
3885 0
3886 0
3887 0
3888 0
3889 0
3890 0
3891 0
3892 0
3893 0
3894 1
3895 0
3896 0
3897 1
3898 0
3899 0
3900 0
3901 0
3902 0
3903 1
3904 0
3905 0
3906 0
3907 0
3908 0
3909 1
3910 0
3911 0
3912 1
3913 0
3914 0
3915 0
3916 0
3917 0
3918 0
3919 1
3920 1
3921 0
3922 1
3923 0
3924 0
3925 0
3926 0
3927 0
3928 0
3929 1
3930 0
3931 1
3932 0
3933 0
3934 0
3935 0
3936 0
3937 0
3938 1
3939 0
3940 0
3941 0
3942 1
3943 0
3944 0
3945 0
3946 1
3947 0
3948 1
3949 0
3950 0
3951 0
3952 0
3953 1
3954 0
3955 0
3956 0
3957 0
3958 0
3959 0
3960 0
3961 1
3962 0
3963 0
3964 0
3965 0
3966 0
3967 1
3968 1
3969 0
3970 0
3971 0
3972 0
3973 0
3974 0
3975 0
3976 0
3977 0
3978 0
3979 0
3980 0
3981 0
3982 0
3983 0
3984 0
3985 0
3986 0
3987 1
3988 0
3989 0
3990 0
3991 0
3992 0
3993 0
3994 0
3995 0
3996 0
3997 0
3998 0
3999 0
4000 0
