0 0
1 0
2 0
3 0
4 0
5 0
6 0
7 0
8 0
9 0
10 0
11 0
12 0
13 0
14 0
15 0
16 0
17 0
18 0
19 0
20 0
21 0
22 0
23 1
24 0
25 0
26 0
27 0
28 0
29 0
30 0
31 0
32 0
33 0
34 0
35 0
36 0
37 0
38 0
39 0
40 0
41 0
42 0
43 0
44 0
45 0
46 0
47 0
48 0
49 0
50 0
51 0
52 0
53 0
54 0
55 0
56 0
57 0
58 0
59 0
60 0
61 0
62 0
63 0
64 0
65 0
66 0
67 0
68 0
69 0
70 0
71 0
72 0
73 0
74 0
75 0
76 0
77 0
78 0
79 0
80 0
81 0
82 0
83 0
84 0
85 0
86 0
87 0
88 0
89 0
90 0
91 0
92 0
93 0
94 0
95 0
96 0
97 0
98 0
99 0
100 0
101 0
102 1
103 0
104 0
105 0
106 0
107 0
108 0
109 0
110 0
111 0
112 0
113 0
114 0
115 0
116 0
117 0
118 0
119 0
120 0
121 0
122 0
123 0
124 0
125 0
126 0
127 0
128 0
129 0
130 0
131 0
132 0
133 0
134 0
135 0
136 0
137 0
138 0
139 0
140 0
141 0
142 0
143 0
144 1
145 0
146 0
147 0
148 0
149 0
150 0
151 1
152 0
153 1
154 4
155 1
156 2
157 2
158 3
159 3
160 1
161 2
162 0
163 3
164 3
165 2
166 4
167 4
168 4
169 5
170 3
171 2
172 1
173 4
174 0
175 4
176 8
177 7
178 14
179 22
180 35
181 31
182 47
183 52
184 80
185 84
186 77
187 156
188 267
189 589
190 1219
191 2209
192 3294
193 4416
194 5117
195 5746
196 5694
197 5807
198 5368
199 5212
200 4959
201 4465
202 4278
203 4068
204 3990
205 3782
206 3586
207 3427
208 3422
209 3293
210 3208
211 3172
212 3214
213 3143
214 3066
215 3107
216 2904
217 2906
218 3028
219 2827
220 2822
221 2754
222 2871
223 2700
224 2760
225 2680
226 2598
227 2632
228 2610
229 2662
230 2632
231 2610
232 2531
233 2589
234 2485
235 2528
236 2596
237 2471
238 2579
239 2628
240 2607
241 2427
242 2532
243 2436
244 2466
245 2421
246 2403
247 2434
248 2424
249 2477
250 2506
251 2491
252 2487
253 2484
254 2375
255 2460
256 2438
257 2438
258 2343
259 2444
260 2430
261 2406
262 2398
263 2390
264 2326
265 2389
266 2333
267 2397
268 2400
269 2407
270 2449
271 2359
272 2360
273 2356
274 2436
275 2379
276 2302
277 2399
278 2396
279 2421
280 2417
281 2368
282 2329
283 2350
284 2290
285 2374
286 2358
287 2423
288 2407
289 2356
290 2314
291 2368
292 2422
293 2323
294 2267
295 2304
296 2270
297 2275
298 2348
299 2441
300 2314
301 2350
302 2266
303 2280
304 2320
305 2427
306 2330
307 2305
308 2377
309 2461
310 2423
311 2383
312 2299
313 2305
314 2255
315 2388
316 2348
317 2321
318 2387
319 2407
320 2330
321 2377
322 2362
323 2388
324 2335
325 2284
326 2385
327 2383
328 2319
329 2355
330 2375
331 2366
332 2385
333 2360
334 2404
335 2442
336 2289
337 2282
338 2399
339 2407
340 2334
341 2414
342 2315
343 2427
344 2336
345 2429
346 2413
347 2369
348 2457
349 2428
350 2337
351 2527
352 2471
353 2430
354 2433
355 2457
356 2352
357 2479
358 2413
359 2448
360 2495
361 2533
362 2457
363 2374
364 2567
365 2440
366 2460
367 2453
368 2436
369 2418
370 2452
371 2571
372 2520
373 2530
374 2517
375 2590
376 2489
377 2491
378 2416
379 2513
380 2550
381 2500
382 2480
383 2474
384 2566
385 2595
386 2532
387 2432
388 2582
389 2598
390 2532
391 2516
392 2568
393 2606
394 2538
395 2600
396 2538
397 2606
398 2589
399 2614
400 2529
401 2558
402 2685
403 2620
404 2506
405 2653
406 2566
407 2554
408 2492
409 2604
410 2577
411 2621
412 2654
413 2630
414 2539
415 2589
416 2540
417 2644
418 2562
419 2631
420 2564
421 2554
422 2563
423 2515
424 2627
425 2583
426 2495
427 2666
428 2593
429 2571
430 2578
431 2603
432 2506
433 2648
434 2606
435 2571
436 2676
437 2611
438 2692
439 2566
440 2510
441 2502
442 2557
443 2555
444 2564
445 2603
446 2476
447 2546
448 2549
449 2552
450 2480
451 2626
452 2557
453 2532
454 2541
455 2512
456 2430
457 2545
458 2563
459 2550
460 2475
461 2538
462 2464
463 2458
464 2399
465 2418
466 2496
467 2376
468 2510
469 2398
470 2392
471 2399
472 2458
473 2471
474 2372
475 2263
476 2355
477 2330
478 2300
479 2363
480 2337
481 2408
482 2322
483 2342
484 2246
485 2307
486 2373
487 2294
488 2229
489 2305
490 2240
491 2351
492 2327
493 2206
494 2213
495 2220
496 2274
497 2301
498 2252
499 2116
500 2231
501 2254
502 2055
503 2047
504 2227
505 2109
506 2151
507 2127
508 2124
509 2007
510 2156
511 2126
512 2059
513 1967
514 1947
515 2049
516 1963
517 1979
518 1969
519 2001
520 1892
521 1985
522 1954
523 1868
524 1952
525 1853
526 1896
527 1870
528 1862
529 1864
530 1853
531 1809
532 1799
533 1778
534 1817
535 1786
536 1744
537 1855
538 1660
539 1690
540 1758
541 1638
542 1675
543 1731
544 1708
545 1626
546 1627
547 1621
548 1569
549 1626
550 1608
551 1527
552 1560
553 1556
554 1542
555 1552
556 1516
557 1482
558 1502
559 1489
560 1517
561 1445
562 1412
563 1433
564 1449
565 1382
566 1367
567 1415
568 1308
569 1366
570 1394
571 1310
572 1301
573 1310
574 1316
575 1289
576 1334
577 1282
578 1206
579 1225
580 1167
581 1228
582 1173
583 1213
584 1104
585 1129
586 1086
587 1121
588 1107
589 1120
590 1101
591 1058
592 1104
593 1113
594 1099
595 1071
596 989
597 1003
598 1014
599 1065
600 977
601 944
602 944
603 944
604 962
605 908
606 898
607 883
608 860
609 867
610 925
611 931
612 921
613 795
614 830
615 830
616 821
617 811
618 802
619 807
620 810
621 777
622 762
623 804
624 746
625 695
626 729
627 728
628 693
629 723
630 683
631 702
632 653
633 625
634 679
635 679
636 664
637 598
638 648
639 596
640 663
641 560
642 574
643 618
644 567
645 541
646 558
647 551
648 576
649 556
650 560
651 530
652 559
653 528
654 510
655 521
656 503
657 463
658 461
659 502
660 515
661 451
662 476
663 416
664 455
665 410
666 438
667 427
668 424
669 407
670 400
671 416
672 393
673 370
674 379
675 349
676 366
677 338
678 382
679 356
680 354
681 356
682 367
683 363
684 306
685 312
686 316
687 312
688 314
689 312
690 311
691 301
692 290
693 326
694 250
695 303
696 289
697 267
698 263
699 258
700 257
701 247
702 271
703 262
704 235
705 231
706 248
707 229
708 236
709 250
710 229
711 178
712 202
713 203
714 173
715 209
716 201
717 208
718 205
719 215
720 193
721 197
722 182
723 214
724 178
725 188
726 192
727 164
728 189
729 157
730 177
731 165
732 165
733 166
734 180
735 171
736 163
737 135
738 144
739 142
740 132
741 176
742 148
743 135
744 134
745 126
746 118
747 140
748 142
749 124
750 115
751 106
752 129
753 103
754 123
755 117
756 117
757 102
758 132
759 104
760 105
761 97
762 96
763 105
764 86
765 84
766 92
767 107
768 100
769 89
770 98
771 64
772 79
773 80
774 90
775 87
776 77
777 81
778 67
779 101
780 108
781 80
782 82
783 79
784 68
785 85
786 77
787 82
788 60
789 68
790 70
791 85
792 68
793 74
794 60
795 63
796 57
797 81
798 63
799 63
800 55
801 60
802 58
803 59
804 44
805 69
806 46
807 53
808 55
809 57
810 55
811 44
812 59
813 61
814 39
815 39
816 49
817 61
818 42
819 49
820 49
821 48
822 42
823 49
824 43
825 37
826 53
827 45
828 47
829 39
830 41
831 38
832 59
833 54
834 37
835 40
836 33
837 39
838 46
839 39
840 39
841 45
842 39
843 38
844 23
845 39
846 42
847 38
848 32
849 27
850 36
851 35
852 35
853 32
854 36
855 44
856 31
857 30
858 40
859 31
860 39
861 39
862 33
863 32
864 23
865 24
866 33
867 23
868 27
869 34
870 40
871 30
872 33
873 22
874 32
875 27
876 27
877 31
878 26
879 31
880 25
881 27
882 23
883 29
884 26
885 33
886 29
887 38
888 17
889 28
890 29
891 24
892 21
893 25
894 27
895 21
896 25
897 19
898 25
899 21
900 26
901 29
902 26
903 22
904 32
905 21
906 35
907 25
908 19
909 32
910 16
911 20
912 24
913 14
914 22
915 21
916 18
917 24
918 21
919 11
920 18
921 23
922 19
923 21
924 28
925 25
926 26
927 17
928 17
929 28
930 23
931 21
932 18
933 16
934 18
935 21
936 17
937 19
938 26
939 18
940 20
941 18
942 18
943 16
944 13
945 16
946 23
947 17
948 16
949 20
950 22
951 19
952 19
953 20
954 21
955 24
956 21
957 23
958 15
959 15
960 13
961 23
962 12
963 18
964 23
965 12
966 20
967 18
968 19
969 16
970 6
971 20
972 18
973 7
974 11
975 18
976 14
977 10
978 18
979 12
980 22
981 15
982 12
983 10
984 9
985 12
986 17
987 19
988 17
989 14
990 18
991 18
992 15
993 19
994 19
995 14
996 12
997 10
998 14
999 15
1000 15
1001 11
1002 17
1003 11
1004 5
1005 16
1006 17
1007 12
1008 5
1009 14
1010 12
1011 13
1012 22
1013 17
1014 9
1015 11
1016 12
1017 12
1018 16
1019 7
1020 6
1021 11
1022 13
1023 10
1024 7
1025 8
1026 13
1027 11
1028 10
1029 7
1030 10
1031 6
1032 10
1033 8
1034 10
1035 11
1036 11
1037 11
1038 9
1039 10
1040 9
1041 12
1042 4
1043 9
1044 10
1045 7
1046 8
1047 12
1048 6
1049 10
1050 8
1051 9
1052 7
1053 8
1054 6
1055 11
1056 8
1057 8
1058 11
1059 18
1060 15
1061 9
1062 13
1063 8
1064 4
1065 11
1066 5
1067 9
1068 8
1069 5
1070 9
1071 8
1072 10
1073 3
1074 6
1075 11
1076 4
1077 8
1078 8
1079 15
1080 9
1081 7
1082 9
1083 12
1084 4
1085 7
1086 5
1087 13
1088 9
1089 6
1090 2
1091 6
1092 7
1093 6
1094 4
1095 3
1096 13
1097 2
1098 6
1099 10
1100 4
1101 9
1102 9
1103 7
1104 5
1105 4
1106 4
1107 9
1108 4
1109 11
1110 6
1111 4
1112 5
1113 2
1114 8
1115 7
1116 4
1117 7
1118 11
1119 7
1120 6
1121 6
1122 8
1123 5
1124 10
1125 9
1126 1
1127 7
1128 4
1129 3
1130 5
1131 5
1132 7
1133 10
1134 8
1135 3
1136 5
1137 3
1138 5
1139 8
1140 3
1141 5
1142 4
1143 4
1144 5
1145 7
1146 3
1147 2
1148 5
1149 3
1150 4
1151 7
1152 4
1153 3
1154 10
1155 1
1156 4
1157 7
1158 6
1159 3
1160 8
1161 5
1162 4
1163 6
1164 8
1165 4
1166 3
1167 3
1168 2
1169 6
1170 4
1171 7
1172 5
1173 2
1174 5
1175 3
1176 1
1177 5
1178 4
1179 4
1180 5
1181 5
1182 1
1183 1
1184 2
1185 2
1186 4
1187 1
1188 4
1189 3
1190 1
1191 7
1192 3
1193 1
1194 4
1195 1
1196 1
1197 2
1198 3
1199 4
1200 3
1201 7
1202 2
1203 3
1204 3
1205 2
1206 2
1207 2
1208 3
1209 1
1210 3
1211 0
1212 3
1213 1
1214 1
1215 3
1216 5
1217 1
1218 6
1219 1
1220 1
1221 1
1222 4
1223 2
1224 3
1225 7
1226 4
1227 4
1228 0
1229 4
1230 3
1231 2
1232 2
1233 1
1234 3
1235 2
1236 4
1237 2
1238 1
1239 3
1240 0
1241 0
1242 2
1243 1
1244 0
1245 1
1246 0
1247 4
1248 1
1249 3
1250 1
1251 0
1252 1
1253 2
1254 2
1255 5
1256 1
1257 2
1258 3
1259 1
1260 1
1261 1
1262 0
1263 2
1264 2
1265 1
1266 1
1267 4
1268 0
1269 4
1270 1
1271 1
1272 1
1273 0
1274 2
1275 3
1276 4
1277 2
1278 2
1279 0
1280 0
1281 1
1282 2
1283 0
1284 1
1285 1
1286 1
1287 4
1288 1
1289 0
1290 1
1291 2
1292 2
1293 2
1294 1
1295 3
1296 1
1297 0
1298 0
1299 2
1300 0
1301 1
1302 0
1303 0
1304 2
1305 1
1306 0
1307 3
1308 2
1309 1
1310 1
1311 0
1312 0
1313 0
1314 0
1315 0
1316 1
1317 1
1318 1
1319 0
1320 1
1321 3
1322 0
1323 0
1324 4
1325 0
1326 2
1327 1
1328 2
1329 6
1330 1
1331 1
1332 3
1333 0
1334 1
1335 1
1336 0
1337 2
1338 2
1339 2
1340 1
1341 0
1342 2
1343 0
1344 1
1345 1
1346 0
1347 2
1348 1
1349 1
1350 0
1351 0
1352 2
1353 0
1354 1
1355 1
1356 1
1357 1
1358 0
1359 0
1360 1
1361 0
1362 0
1363 4
1364 2
1365 1
1366 1
1367 0
1368 1
1369 4
1370 1
1371 0
1372 1
1373 1
1374 1
1375 0
1376 2
1377 1
1378 0
1379 1
1380 0
1381 1
1382 1
1383 0
1384 0
1385 1
1386 1
1387 0
1388 1
1389 1
1390 1
1391 2
1392 0
1393 0
1394 0
1395 0
1396 1
1397 1
1398 2
1399 1
1400 1
1401 1
1402 1
1403 0
1404 1
1405 0
1406 1
1407 0
1408 0
1409 1
1410 1
1411 0
1412 0
1413 0
1414 1
1415 0
1416 0
1417 0
1418 0
1419 2
1420 0
1421 1
1422 0
1423 0
1424 1
1425 0
1426 0
1427 0
1428 0
1429 0
1430 0
1431 0
1432 0
1433 0
1434 1
1435 0
1436 0
1437 0
1438 2
1439 0
1440 0
1441 0
1442 1
1443 0
1444 1
1445 1
1446 2
1447 1
1448 0
1449 1
1450 0
1451 0
1452 2
1453 0
1454 0
1455 1
1456 1
1457 0
1458 0
1459 1
1460 1
1461 0
1462 2
1463 0
1464 0
1465 1
1466 1
1467 1
1468 0
1469 0
1470 1
1471 1
1472 0
1473 0
1474 2
1475 1
1476 0
1477 0
1478 2
1479 0
1480 0
1481 1
1482 0
1483 0
1484 0
1485 0
1486 0
1487 1
1488 0
1489 1
1490 0
1491 0
1492 0
1493 0
1494 1
1495 0
1496 1
1497 1
1498 1
1499 0
1500 0
1501 0
1502 2
1503 0
1504 1
1505 0
1506 1
1507 1
1508 0
1509 0
1510 2
1511 0
1512 0
1513 0
1514 3
1515 0
1516 0
1517 0
1518 1
1519 0
1520 0
1521 1
1522 0
1523 1
1524 0
1525 2
1526 0
1527 2
1528 2
1529 2
1530 2
1531 0
1532 0
1533 0
1534 0
1535 1
1536 0
1537 2
1538 0
1539 3
1540 2
1541 0
1542 1
1543 0
1544 0
1545 1
1546 0
1547 0
1548 1
1549 0
1550 2
1551 1
1552 0
1553 0
1554 0
1555 0
1556 0
1557 0
1558 0
1559 0
1560 0
1561 1
1562 0
1563 0
1564 0
1565 0
1566 0
1567 0
1568 1
1569 0
1570 0
1571 0
1572 1
1573 0
1574 0
1575 0
1576 1
1577 1
1578 1
1579 1
1580 0
1581 2
1582 0
1583 0
1584 0
1585 0
1586 1
1587 0
1588 0
1589 0
1590 0
1591 0
1592 0
1593 0
1594 0
1595 1
1596 1
1597 0
1598 1
1599 1
1600 0
1601 0
1602 0
1603 1
1604 1
1605 0
1606 0
1607 0
1608 1
1609 0
1610 0
1611 0
1612 0
1613 0
1614 1
1615 0
1616 1
1617 0
1618 0
1619 0
1620 0
1621 0
1622 0
1623 1
1624 1
1625 0
1626 1
1627 0
1628 0
1629 0
1630 0
1631 1
1632 0
1633 0
1634 0
1635 1
1636 0
1637 1
1638 0
1639 0
1640 0
1641 0
1642 0
1643 0
1644 0
1645 0
1646 0
1647 0
1648 1
1649 0
1650 1
1651 0
1652 1
1653 2
1654 0
1655 1
1656 0
1657 0
1658 1
1659 0
1660 0
1661 1
1662 0
1663 0
1664 0
1665 0
1666 0
1667 0
1668 2
1669 0
1670 0
1671 0
1672 1
1673 0
1674 0
1675 0
1676 2
1677 1
1678 0
1679 0
1680 1
1681 0
1682 0
1683 0
1684 0
1685 0
1686 0
1687 0
1688 0
1689 0
1690 0
1691 0
1692 1
1693 0
1694 0
1695 0
1696 0
1697 3
1698 1
1699 0
1700 1
1701 0
1702 0
1703 1
1704 1
1705 0
1706 0
1707 0
1708 1
1709 0
1710 0
1711 0
1712 0
1713 0
1714 0
1715 0
1716 0
1717 0
1718 0
1719 0
1720 0
1721 1
1722 0
1723 0
1724 1
1725 1
1726 0
1727 0
1728 0
1729 0
1730 0
1731 0
1732 0
1733 0
1734 0
1735 0
1736 0
1737 0
1738 1
1739 1
1740 1
1741 0
1742 1
1743 0
1744 0
1745 0
1746 0
1747 0
1748 1
1749 0
1750 0
1751 0
1752 0
1753 0
1754 0
1755 0
1756 0
1757 0
1758 0
1759 0
1760 0
1761 1
1762 1
1763 2
1764 0
1765 0
1766 0
1767 0
1768 0
1769 0
1770 0
1771 1
1772 0
1773 1
1774 1
1775 2
1776 0
1777 0
1778 1
1779 0
1780 0
1781 0
1782 0
1783 0
1784 0
1785 0
1786 0
1787 0
1788 0
1789 0
1790 1
1791 2
1792 1
1793 0
1794 0
1795 0
1796 0
1797 1
1798 0
1799 1
1800 0
1801 0
1802 1
1803 1
1804 0
1805 0
1806 0
1807 0
1808 0
1809 0
1810 0
1811 1
1812 0
1813 0
1814 0
1815 1
1816 0
1817 0
1818 0
1819 0
1820 0
1821 0
1822 0
1823 0
1824 0
1825 1
1826 2
1827 0
1828 1
1829 0
1830 0
1831 0
1832 0
1833 0
1834 0
1835 0
1836 0
1837 0
1838 1
1839 0
1840 0
1841 0
1842 0
1843 0
1844 0
1845 1
1846 0
1847 0
1848 1
1849 1
1850 1
1851 0
1852 0
1853 0
1854 0
1855 0
1856 0
1857 2
1858 0
1859 0
1860 0
1861 0
1862 1
1863 0
1864 0
1865 0
1866 0
1867 0
1868 0
1869 1
1870 0
1871 1
1872 0
1873 1
1874 0
1875 0
1876 0
1877 0
1878 0
1879 0
1880 0
1881 0
1882 0
1883 0
1884 1
1885 0
1886 0
1887 1
1888 0
1889 1
1890 0
1891 0
1892 1
1893 0
1894 0
1895 0
1896 2
1897 0
1898 0
1899 1
1900 0
1901 0
1902 0
1903 0
1904 0
1905 0
1906 0
1907 0
1908 0
1909 0
1910 0
1911 1
1912 0
1913 0
1914 0
1915 1
1916 0
1917 0
1918 1
1919 0
1920 0
1921 0
1922 0
1923 0
1924 2
1925 0
1926 0
1927 0
1928 0
1929 0
1930 0
1931 0
1932 0
1933 0
1934 0
1935 1
1936 0
1937 0
1938 0
1939 2
1940 0
1941 0
1942 0
1943 0
1944 1
1945 1
1946 1
1947 0
1948 0
1949 0
1950 0
1951 0
1952 0
1953 0
1954 0
1955 0
1956 0
1957 0
1958 1
1959 0
1960 1
1961 0
1962 0
1963 0
1964 0
1965 1
1966 0
1967 1
1968 0
1969 0
1970 0
1971 0
1972 0
1973 0
1974 0
1975 0
1976 0
1977 0
1978 0
1979 0
1980 0
1981 0
1982 0
1983 0
1984 0
1985 2
1986 1
1987 0
1988 0
1989 0
1990 1
1991 0
1992 0
1993 0
1994 1
1995 0
1996 0
1997 0
1998 0
1999 0
2000 0
2001 1
2002 0
2003 0
2004 0
2005 0
2006 0
2007 0
2008 1
2009 0
2010 0
2011 0
2012 0
2013 0
2014 0
2015 0
2016 0
2017 0
2018 0
2019 0
2020 1
2021 0
2022 0
2023 0
2024 0
2025 0
2026 0
2027 1
2028 0
2029 0
2030 0
2031 0
2032 0
2033 0
2034 0
2035 1
2036 0
2037 1
2038 1
2039 0
2040 0
2041 1
2042 0
2043 0
2044 0
2045 0
2046 0
2047 0
2048 0
2049 0
2050 0
2051 0
2052 0
2053 0
2054 0
2055 0
2056 0
2057 0
2058 0
2059 0
2060 0
2061 0
2062 0
2063 0
2064 0
2065 0
2066 0
2067 0
2068 0
2069 0
2070 0
2071 0
2072 0
2073 0
2074 0
2075 0
2076 0
2077 0
2078 0
2079 0
2080 0
2081 0
2082 0
2083 0
2084 0
2085 0
2086 0
2087 0
2088 0
2089 0
2090 0
2091 0
2092 0
2093 0
2094 0
2095 0
2096 0
2097 0
2098 0
2099 0
2100 2
2101 0
2102 0
2103 0
2104 0
2105 1
2106 0
2107 0
2108 0
2109 0
2110 0
2111 0
2112 0
2113 0
2114 0
2115 0
2116 1
2117 0
2118 0
2119 0
2120 0
2121 0
2122 0
2123 0
2124 0
2125 0
2126 0
2127 1
2128 0
2129 1
2130 0
2131 0
2132 0
2133 0
2134 0
2135 0
2136 0
2137 0
2138 0
2139 1
2140 0
2141 0
2142 1
2143 0
2144 0
2145 0
2146 0
2147 0
2148 0
2149 0
2150 0
2151 0
2152 0
2153 0
2154 0
2155 0
2156 0
2157 0
2158 0
2159 0
2160 0
2161 0
2162 0
2163 0
2164 0
2165 0
2166 0
2167 0
2168 0
2169 0
2170 0
2171 0
2172 0
2173 0
2174 0
2175 0
2176 0
2177 0
2178 1
2179 0
2180 1
2181 0
2182 0
2183 0
2184 0
2185 0
2186 0
2187 0
2188 0
2189 0
2190 0
2191 0
2192 1
2193 0
2194 0
2195 0
2196 0
2197 0
2198 0
2199 0
2200 0
2201 0
2202 1
2203 0
2204 0
2205 2
2206 0
2207 1
2208 3
2209 0
2210 0
2211 0
2212 0
2213 1
2214 0
2215 0
2216 1
2217 0
2218 0
2219 1
2220 1
2221 0
2222 0
2223 0
2224 1
2225 1
2226 0
2227 0
2228 0
2229 0
2230 0
2231 1
2232 0
2233 0
2234 0
2235 0
2236 1
2237 0
2238 1
2239 0
2240 1
2241 0
2242 1
2243 0
2244 0
2245 0
2246 0
2247 0
2248 0
2249 0
2250 0
2251 0
2252 0
2253 0
2254 0
2255 0
2256 0
2257 0
2258 0
2259 0
2260 0
2261 0
2262 0
2263 0
2264 0
2265 0
2266 0
2267 0
2268 0
2269 0
2270 0
2271 0
2272 0
2273 0
2274 0
2275 0
2276 0
2277 0
2278 0
2279 0
2280 0
2281 0
2282 0
2283 1
2284 0
2285 0
2286 1
2287 0
2288 0
2289 0
2290 0
2291 0
2292 0
2293 1
2294 0
2295 1
2296 0
2297 0
2298 0
2299 0
2300 0
2301 0
2302 0
2303 0
2304 0
2305 0
2306 0
2307 0
2308 0
2309 0
2310 0
2311 0
2312 0
2313 0
2314 0
2315 0
2316 0
2317 0
2318 0
2319 0
2320 0
2321 0
2322 0
2323 0
2324 0
2325 0
2326 0
2327 0
2328 1
2329 0
2330 0
2331 0
2332 0
2333 1
2334 1
2335 0
2336 1
2337 0
2338 0
2339 0
2340 0
2341 0
2342 1
2343 0
2344 0
2345 0
2346 0
2347 0
2348 0
2349 0
2350 1
2351 0
2352 0
2353 0
2354 0
2355 0
2356 0
2357 0
2358 0
2359 0
2360 0
2361 0
2362 0
2363 0
2364 0
2365 0
2366 0
2367 0
2368 0
2369 0
2370 0
2371 0
2372 0
2373 0
2374 0
2375 0
2376 0
2377 0
2378 1
2379 0
2380 0
2381 0
2382 0
2383 0
2384 0
2385 0
2386 1
2387 0
2388 0
2389 0
2390 2
2391 1
2392 0
2393 1
2394 0
2395 0
2396 0
2397 0
2398 0
2399 0
2400 0
2401 0
2402 0
2403 0
2404 1
2405 0
2406 0
2407 0
2408 2
2409 0
2410 1
2411 0
2412 0
2413 0
2414 0
2415 0
2416 1
2417 0
2418 0
2419 0
2420 0
2421 0
2422 0
2423 0
2424 0
2425 0
2426 0
2427 0
2428 0
2429 1
2430 1
2431 0
2432 0
2433 0
2434 0
2435 0
2436 0
2437 0
2438 1
2439 0
2440 0
2441 0
2442 0
2443 0
2444 0
2445 0
2446 0
2447 0
2448 0
2449 0
2450 0
2451 0
2452 1
2453 0
2454 0
2455 0
2456 0
2457 0
2458 0
2459 1
2460 0
2461 0
2462 0
2463 0
2464 0
2465 0
2466 0
2467 0
2468 0
2469 0
2470 0
2471 0
2472 0
2473 0
2474 0
2475 0
2476 0
2477 0
2478 0
2479 0
2480 0
2481 0
2482 0
2483 1
2484 0
2485 0
2486 0
2487 1
2488 0
2489 0
2490 0
2491 0
2492 0
2493 0
2494 0
2495 0
2496 0
2497 1
2498 0
2499 0
2500 0
2501 0
2502 0
2503 0
2504 0
2505 0
2506 0
2507 0
2508 0
2509 0
2510 1
2511 0
2512 0
2513 0
2514 0
2515 0
2516 0
2517 0
2518 0
2519 0
2520 0
2521 0
2522 0
2523 1
2524 0
2525 0
2526 1
2527 0
2528 0
2529 0
2530 0
2531 0
2532 0
2533 0
2534 0
2535 0
2536 0
2537 0
2538 0
2539 0
2540 0
2541 0
2542 0
2543 0
2544 0
2545 0
2546 0
2547 0
2548 0
2549 0
2550 0
2551 0
2552 1
2553 0
2554 0
2555 1
2556 1
2557 0
2558 0
2559 0
2560 0
2561 0
2562 0
2563 1
2564 0
2565 0
2566 0
2567 0
2568 0
2569 0
2570 0
2571 0
2572 0
2573 0
2574 0
2575 0
2576 0
2577 0
2578 0
2579 0
2580 1
2581 0
2582 0
2583 0
2584 0
2585 2
2586 0
2587 0
2588 1
2589 0
2590 0
2591 0
2592 1
2593 2
2594 0
2595 0
2596 0
2597 0
2598 0
2599 0
2600 0
2601 0
2602 0
2603 0
2604 0
2605 0
2606 0
2607 0
2608 0
2609 0
2610 0
2611 0
2612 0
2613 0
2614 0
2615 0
2616 0
2617 0
2618 0
2619 0
2620 0
2621 0
2622 0
2623 1
2624 1
2625 0
2626 0
2627 0
2628 0
2629 0
2630 0
2631 0
2632 0
2633 2
2634 0
2635 0
2636 0
2637 1
2638 0
2639 0
2640 0
2641 0
2642 0
2643 0
2644 0
2645 0
2646 0
2647 0
2648 0
2649 0
2650 0
2651 0
2652 0
2653 0
2654 1
2655 1
2656 0
2657 0
2658 0
2659 2
2660 0
2661 1
2662 0
2663 1
2664 1
2665 0
2666 0
2667 0
2668 1
2669 0
2670 0
2671 1
2672 0
2673 0
2674 0
2675 0
2676 1
2677 0
2678 0
2679 0
2680 0
2681 0
2682 1
2683 1
2684 0
2685 0
2686 0
2687 1
2688 0
2689 0
2690 1
2691 0
2692 0
2693 0
2694 0
2695 0
2696 0
2697 0
2698 0
2699 0
2700 0
2701 0
2702 1
2703 0
2704 0
2705 0
2706 0
2707 0
2708 0
2709 0
2710 0
2711 0
2712 0
2713 0
2714 0
2715 0
2716 0
2717 0
2718 0
2719 0
2720 0
2721 0
2722 0
2723 1
2724 0
2725 0
2726 0
2727 1
2728 0
2729 0
2730 0
2731 0
2732 0
2733 0
2734 0
2735 0
2736 0
2737 1
2738 1
2739 0
2740 0
2741 0
2742 0
2743 0
2744 0
2745 0
2746 0
2747 0
2748 0
2749 0
2750 0
2751 0
2752 0
2753 0
2754 1
2755 0
2756 0
2757 0
2758 0
2759 0
2760 0
2761 0
2762 0
2763 1
2764 1
2765 0
2766 0
2767 1
2768 0
2769 0
2770 0
2771 0
2772 0
2773 0
2774 0
2775 0
2776 0
2777 0
2778 0
2779 0
2780 0
2781 0
2782 0
2783 0
2784 0
2785 0
2786 0
2787 0
2788 0
2789 0
2790 1
2791 0
2792 0
2793 0
2794 0
2795 0
2796 0
2797 0
2798 0
2799 0
2800 0
2801 0
2802 0
2803 0
2804 0
2805 0
2806 0
2807 0
2808 0
2809 0
2810 0
2811 0
2812 0
2813 0
2814 0
2815 0
2816 0
2817 0
2818 0
2819 0
2820 0
2821 0
2822 0
2823 0
2824 0
2825 0
2826 0
2827 0
2828 1
2829 0
2830 0
2831 0
2832 0
2833 0
2834 0
2835 0
2836 0
2837 0
2838 0
2839 0
2840 0
2841 1
2842 0
2843 0
2844 0
2845 0
2846 0
2847 0
2848 0
2849 0
2850 0
2851 0
2852 0
2853 0
2854 0
2855 0
2856 0
2857 0
2858 0
2859 0
2860 0
2861 1
2862 0
2863 1
2864 0
2865 0
2866 1
2867 0
2868 0
2869 0
2870 0
2871 0
2872 0
2873 0
2874 0
2875 1
2876 0
2877 0
2878 0
2879 0
2880 0
2881 0
2882 0
2883 0
2884 0
2885 0
2886 0
2887 0
2888 0
2889 0
2890 0
2891 0
2892 0
2893 0
2894 0
2895 0
2896 0
2897 0
2898 0
2899 0
2900 0
2901 0
2902 0
2903 0
2904 1
2905 0
2906 1
2907 0
2908 0
2909 1
2910 1
2911 0
2912 0
2913 0
2914 0
2915 0
2916 0
2917 0
2918 0
2919 0
2920 0
2921 0
2922 0
2923 0
2924 0
2925 1
2926 0
2927 0
2928 0
2929 0
2930 0
2931 0
2932 0
2933 0
2934 0
2935 0
2936 1
2937 0
2938 0
2939 0
2940 0
2941 0
2942 1
2943 0
2944 0
2945 0
2946 0
2947 0
2948 0
2949 0
2950 0
2951 0
2952 0
2953 0
2954 0
2955 0
2956 0
2957 0
2958 0
2959 0
2960 0
2961 0
2962 0
2963 0
2964 0
2965 0
2966 0
2967 0
2968 0
2969 0
2970 1
2971 0
2972 0
2973 0
2974 0
2975 0
2976 0
2977 1
2978 0
2979 1
2980 1
2981 0
2982 0
2983 0
2984 0
2985 0
2986 0
2987 0
2988 0
2989 0
2990 0
2991 0
2992 0
2993 0
2994 0
2995 0
2996 0
2997 0
2998 0
2999 0
3000 0
3001 0
3002 0
3003 0
3004 0
3005 0
3006 0
3007 0
3008 0
3009 0
3010 0
3011 0
3012 1
3013 0
3014 0
3015 1
3016 0
3017 0
3018 0
3019 0
3020 0
3021 0
3022 0
3023 0
3024 0
3025 1
3026 0
3027 1
3028 0
3029 0
3030 0
3031 0
3032 0
3033 0
3034 0
3035 0
3036 0
3037 0
3038 0
3039 1
3040 0
3041 0
3042 0
3043 0
3044 0
3045 0
3046 0
3047 0
3048 1
3049 0
3050 0
3051 0
3052 0
3053 0
3054 0
3055 1
3056 0
3057 0
3058 0
3059 0
3060 0
3061 0
3062 0
3063 0
3064 1
3065 1
3066 0
3067 0
3068 0
3069 0
3070 0
3071 0
3072 0
3073 0
3074 0
3075 0
3076 0
3077 0
3078 1
3079 0
3080 1
3081 1
3082 1
3083 1
3084 0
3085 0
3086 0
3087 0
3088 0
3089 0
3090 0
3091 0
3092 0
3093 0
3094 1
3095 0
3096 0
3097 0
3098 0
3099 0
3100 0
3101 0
3102 0
3103 1
3104 0
3105 0
3106 0
3107 1
3108 0
3109 0
3110 0
3111 0
3112 0
3113 1
3114 0
3115 0
3116 0
3117 0
3118 0
3119 1
3120 0
3121 0
3122 0
3123 1
3124 0
3125 0
3126 0
3127 0
3128 0
3129 0
3130 1
3131 0
3132 0
3133 1
3134 0
3135 0
3136 0
3137 1
3138 0
3139 0
3140 0
3141 0
3142 0
3143 0
3144 0
3145 0
3146 1
3147 0
3148 0
3149 0
3150 1
3151 0
3152 0
3153 0
3154 0
3155 0
3156 0
3157 0
3158 1
3159 0
3160 1
3161 0
3162 2
3163 1
3164 1
3165 0
3166 0
3167 0
3168 0
3169 0
3170 0
3171 0
3172 0
3173 0
3174 0
3175 1
3176 0
3177 0
3178 0
3179 0
3180 1
3181 0
3182 0
3183 0
3184 0
3185 1
3186 0
3187 0
3188 0
3189 0
3190 0
3191 0
3192 1
3193 0
3194 0
3195 0
3196 0
3197 0
3198 0
3199 0
3200 0
3201 0
3202 0
3203 0
3204 0
3205 0
3206 0
3207 0
3208 0
3209 0
3210 1
3211 0
3212 0
3213 0
3214 2
3215 0
3216 1
3217 0
3218 0
3219 0
3220 0
3221 1
3222 0
3223 0
3224 0
3225 0
3226 0
3227 0
3228 0
3229 0
3230 0
3231 0
3232 0
3233 1
3234 0
3235 0
3236 0
3237 0
3238 0
3239 0
3240 0
3241 0
3242 0
3243 0
3244 0
3245 0
3246 1
3247 0
3248 0
3249 0
3250 0
3251 0
3252 0
3253 0
3254 0
3255 0
3256 0
3257 0
3258 0
3259 0
3260 0
3261 0
3262 0
3263 1
3264 0
3265 0
3266 1
3267 0
3268 0
3269 0
3270 0
3271 1
3272 0
3273 0
3274 0
3275 0
3276 0
3277 0
3278 0
3279 0
3280 0
3281 0
3282 0
3283 1
3284 0
3285 0
3286 0
3287 0
3288 0
3289 0
3290 0
3291 0
3292 0
3293 0
3294 0
3295 0
3296 0
3297 0
3298 0
3299 0
3300 0
3301 0
3302 0
3303 0
3304 0
3305 0
3306 0
3307 0
3308 0
3309 0
3310 1
3311 0
3312 0
3313 0
3314 0
3315 0
3316 0
3317 0
3318 0
3319 0
3320 0
3321 0
3322 1
3323 0
3324 0
3325 0
3326 0
3327 0
3328 0
3329 0
3330 0
3331 0
3332 0
3333 0
3334 1
3335 0
3336 0
3337 0
3338 0
3339 0
3340 1
3341 1
3342 0
3343 0
3344 0
3345 0
3346 1
3347 0
3348 0
3349 0
3350 0
3351 0
3352 0
3353 1
3354 0
3355 0
3356 0
3357 0
3358 0
3359 0
3360 0
3361 0
3362 0
3363 0
3364 0
3365 0
3366 0
3367 0
3368 0
3369 0
3370 0
3371 0
3372 1
3373 0
3374 0
3375 0
3376 0
3377 0
3378 0
3379 0
3380 0
3381 0
3382 0
3383 0
3384 0
3385 0
3386 0
3387 0
3388 0
3389 0
3390 0
3391 0
3392 0
3393 0
3394 1
3395 0
3396 0
3397 1
3398 0
3399 0
3400 0
3401 0
3402 0
3403 0
3404 0
3405 0
3406 0
3407 0
3408 0
3409 0
3410 0
3411 0
3412 0
3413 0
3414 0
3415 1
3416 0
3417 1
3418 0
3419 0
3420 0
3421 0
3422 1
3423 0
3424 0
3425 0
3426 0
3427 1
3428 1
3429 0
3430 0
3431 0
3432 0
3433 0
3434 0
3435 0
3436 0
3437 0
3438 0
3439 0
3440 0
3441 1
3442 0
3443 0
3444 0
3445 1
3446 0
3447 0
3448 0
3449 0
3450 0
3451 0
3452 0
3453 0
3454 1
3455 0
3456 0
3457 0
3458 2
3459 0
3460 0
3461 1
3462 1
3463 0
3464 0
3465 0
3466 0
3467 0
3468 0
3469 1
3470 0
3471 0
3472 0
3473 0
3474 0
3475 0
3476 0
3477 0
3478 0
3479 0
3480 1
3481 0
3482 0
3483 0
3484 0
3485 0
3486 0
3487 0
3488 0
3489 0
3490 0
3491 0
3492 0
3493 0
3494 1
3495 0
3496 0
3497 0
3498 0
3499 0
3500 0
3501 0
3502 0
3503 0
3504 0
3505 0
3506 0
3507 0
3508 0
3509 0
3510 0
3511 0
3512 0
3513 0
3514 0
3515 0
3516 0
3517 0
3518 0
3519 0
3520 0
3521 0
3522 0
3523 0
3524 0
3525 0
3526 0
3527 0
3528 0
3529 0
3530 0
3531 0
3532 0
3533 0
3534 0
3535 0
3536 0
3537 0
3538 0
3539 0
3540 0
3541 0
3542 0
3543 0
3544 0
3545 0
3546 2
3547 0
3548 0
3549 0
3550 0
3551 0
3552 0
3553 0
3554 0
3555 0
3556 0
3557 0
3558 0
3559 1
3560 0
3561 0
3562 0
3563 0
3564 0
3565 0
3566 1
3567 0
3568 0
3569 0
3570 0
3571 0
3572 0
3573 0
3574 1
3575 0
3576 0
3577 0
3578 0
3579 0
3580 0
3581 0
3582 0
3583 0
3584 0
3585 0
3586 0
3587 0
3588 0
3589 0
3590 0
3591 0
3592 0
3593 0
3594 1
3595 0
3596 0
3597 0
3598 0
3599 0
3600 0
3601 0
3602 0
3603 1
3604 0
3605 0
3606 1
3607 0
3608 2
3609 0
3610 0
3611 0
3612 0
3613 0
3614 1
3615 0
3616 0
3617 0
3618 0
3619 0
3620 1
3621 0
3622 0
3623 0
3624 0
3625 0
3626 0
3627 0
3628 1
3629 0
3630 0
3631 0
3632 0
3633 1
3634 1
3635 0
3636 0
3637 0
3638 0
3639 0
3640 0
3641 0
3642 0
3643 0
3644 0
3645 0
3646 0
3647 0
3648 0
3649 0
3650 0
3651 0
3652 0
3653 0
3654 0
3655 0
3656 0
3657 0
3658 0
3659 0
3660 0
3661 0
3662 0
3663 0
3664 0
3665 1
3666 0
3667 0
3668 0
3669 0
3670 0
3671 1
3672 0
3673 0
3674 0
3675 0
3676 0
3677 0
3678 0
3679 0
3680 0
3681 0
3682 0
3683 0
3684 0
3685 0
3686 0
3687 1
3688 0
3689 0
3690 0
3691 0
3692 0
3693 0
3694 0
3695 0
3696 0
3697 0
3698 0
3699 0
3700 0
3701 0
3702 0
3703 0
3704 0
3705 0
3706 0
3707 0
3708 0
3709 0
3710 0
3711 0
3712 0
3713 0
3714 0
3715 0
3716 0
3717 0
3718 0
3719 0
3720 0
3721 0
3722 0
3723 0
3724 0
3725 0
3726 0
3727 0
3728 0
3729 1
3730 0
3731 0
3732 0
3733 0
3734 0
3735 0
3736 0
3737 0
3738 0
3739 0
3740 0
3741 0
3742 0
3743 0
3744 0
3745 0
3746 0
3747 0
3748 0
3749 0
3750 0
3751 0
3752 0
3753 0
3754 1
3755 0
3756 0
3757 0
3758 1
3759 0
3760 0
3761 0
3762 0
3763 0
3764 0
3765 0
3766 0
3767 0
3768 0
3769 0
3770 0
3771 0
3772 0
3773 0
3774 0
3775 0
3776 1
3777 0
3778 1
3779 1
3780 0
3781 0
3782 0
3783 0
3784 0
3785 0
3786 0
3787 0
3788 0
3789 0
3790 0
3791 1
3792 0
3793 1
3794 0
3795 0
3796 0
3797 0
3798 0
3799 0
3800 1
3801 0
3802 0
3803 0
3804 1
3805 0
3806 0
3807 0
3808 0
3809 0
3810 0
3811 0
3812 0
3813 0
3814 0
3815 0
3816 0
3817 0
3818 0
3819 0
3820 0
3821 1
3822 0
3823 0
3824 1
3825 0
3826 0
3827 0
3828 0
3829 1
3830 0
3831 0
3832 0
3833 0
3834 0
3835 0
3836 0
3837 0
3838 0
3839 0
3840 0
3841 0
3842 0
3843 0
3844 0
3845 0
3846 0
3847 0
3848 0
3849 0
3850 0
3851 0
3852 0
3853 0
3854 0
3855 0
3856 0
3857 0
3858 0
3859 0
3860 0
3861 0
3862 0
3863 0
3864 0
3865 0
3866 0
3867 0
3868 0
3869 0
3870 1
3871 0
3872 0
3873 0
3874 1
3875 0
3876 0
3877 0
3878 0
3879 0
3880 0
3881 0
3882 0
3883 0
3884 1
3885 0
3886 0
3887 1
3888 0
3889 0
3890 0
3891 0
3892 0
3893 0
3894 0
3895 0
3896 0
3897 0
3898 0
3899 0
3900 0
3901 0
3902 0
3903 0
3904 0
3905 0
3906 0
3907 0
3908 0
3909 0
3910 0
3911 0
3912 0
3913 0
3914 0
3915 0
3916 0
3917 0
3918 0
3919 0
3920 0
3921 0
3922 0
3923 0
3924 0
3925 0
3926 0
3927 0
3928 0
3929 0
3930 0
3931 0
3932 0
3933 0
3934 0
3935 0
3936 0
3937 0
3938 0
3939 0
3940 0
3941 0
3942 0
3943 0
3944 0
3945 0
3946 0
3947 0
3948 0
3949 0
3950 0
3951 0
3952 0
3953 0
3954 0
3955 0
3956 0
3957 0
3958 0
3959 0
3960 0
3961 0
3962 0
3963 0
3964 0
3965 0
3966 0
3967 0
3968 0
3969 0
3970 0
3971 0
3972 0
3973 0
3974 0
3975 0
3976 0
3977 1
3978 0
3979 0
3980 0
3981 0
3982 0
3983 0
3984 0
3985 0
3986 0
3987 0
3988 0
3989 0
3990 0
3991 0
3992 0
3993 0
3994 0
3995 0
3996 0
3997 0
3998 0
3999 0
4000 0
