0 0
1 0
2 0
3 0
4 0
5 0
6 0
7 0
8 0
9 0
10 0
11 0
12 0
13 0
14 0
15 0
16 0
17 0
18 0
19 0
20 0
21 0
22 0
23 0
24 0
25 0
26 0
27 0
28 0
29 0
30 0
31 0
32 0
33 0
34 0
35 0
36 0
37 0
38 0
39 0
40 0
41 0
42 0
43 0
44 0
45 0
46 0
47 0
48 0
49 0
50 0
51 0
52 0
53 0
54 0
55 0
56 0
57 0
58 0
59 0
60 0
61 0
62 0
63 0
64 0
65 0
66 0
67 0
68 0
69 0
70 0
71 0
72 0
73 0
74 0
75 0
76 0
77 0
78 0
79 0
80 0
81 0
82 0
83 0
84 0
85 0
86 0
87 0
88 0
89 0
90 0
91 0
92 0
93 0
94 0
95 0
96 0
97 0
98 0
99 0
100 0
101 0
102 0
103 0
104 0
105 0
106 0
107 0
108 0
109 0
110 0
111 0
112 0
113 0
114 0
115 0
116 0
117 0
118 0
119 0
120 0
121 0
122 0
123 0
124 0
125 0
126 0
127 0
128 0
129 0
130 0
131 0
132 0
133 0
134 0
135 0
136 0
137 0
138 0
139 0
140 0
141 0
142 0
143 0
144 0
145 0
146 0
147 0
148 0
149 0
150 0
151 0
152 2
153 0
154 3
155 4
156 8
157 5
158 3
159 4
160 5
161 4
162 5
163 4
164 2
165 1
166 4
167 5
168 6
169 7
170 6
171 5
172 3
173 4
174 5
175 5
176 2
177 2
178 8
179 16
180 29
181 42
182 43
183 68
184 87
185 84
186 108
187 147
188 260
189 532
190 1077
191 1943
192 3038
193 4109
194 4914
195 5463
196 5528
197 5564
198 5478
199 5182
200 4783
201 4629
202 4404
203 4172
204 3985
205 3868
206 3740
207 3625
208 3414
209 3527
210 3470
211 3412
212 3248
213 3173
214 3347
215 3211
216 3267
217 3208
218 3132
219 3133
220 2988
221 3047
222 3016
223 2993
224 3070
225 2993
226 2974
227 2990
228 2987
229 3090
230 2882
231 2914
232 3013
233 2908
234 3007
235 2838
236 2963
237 2899
238 2888
239 2939
240 3008
241 2976
242 2940
243 2923
244 2931
245 3028
246 2984
247 2922
248 2971
249 3069
250 2944
251 2963
252 2988
253 3048
254 3037
255 3007
256 2950
257 2999
258 2934
259 2919
260 2897
261 2911
262 3075
263 2986
264 2992
265 2878
266 2924
267 2816
268 2961
269 2984
270 3002
271 2976
272 2914
273 2978
274 2974
275 3023
276 2975
277 3043
278 2957
279 2917
280 2907
281 2972
282 2991
283 3023
284 2964
285 2931
286 2949
287 3061
288 2974
289 2913
290 3042
291 2914
292 2934
293 2974
294 3035
295 3020
296 2987
297 2869
298 2953
299 2941
300 3021
301 2956
302 3014
303 2974
304 3018
305 2996
306 2847
307 3003
308 3029
309 2983
310 3069
311 3046
312 3024
313 2948
314 2914
315 3077
316 3076
317 2999
318 3099
319 3059
320 2915
321 3081
322 3098
323 3020
324 3017
325 3060
326 3013
327 3029
328 3154
329 2977
330 3066
331 3045
332 3045
333 3096
334 3057
335 3087
336 3054
337 3058
338 3051
339 3109
340 3158
341 3118
342 3028
343 3116
344 3191
345 3174
346 3186
347 3233
348 3030
349 3068
350 3253
351 3262
352 3111
353 3315
354 3137
355 3159
356 3189
357 3172
358 3229
359 3158
360 3196
361 3234
362 3192
363 3221
364 3206
365 3251
366 3210
367 3217
368 3196
369 3268
370 3193
371 3247
372 3291
373 3425
374 3240
375 3288
376 3279
377 3329
378 3230
379 3107
380 3249
381 3209
382 3280
383 3288
384 3292
385 3347
386 3325
387 3156
388 3326
389 3271
390 3259
391 3373
392 3299
393 3376
394 3187
395 3362
396 3204
397 3381
398 3298
399 3404
400 3239
401 3405
402 3329
403 3317
404 3444
405 3413
406 3251
407 3505
408 3306
409 3316
410 3341
411 3347
412 3326
413 3418
414 3271
415 3308
416 3404
417 3405
418 3296
419 3325
420 3381
421 3350
422 3447
423 3296
424 3351
425 3279
426 3272
427 3301
428 3329
429 3241
430 3396
431 3235
432 3386
433 3322
434 3279
435 3296
436 3329
437 3245
438 3230
439 3282
440 3206
441 3389
442 3273
443 3185
444 3169
445 3269
446 3224
447 3247
448 3223
449 3269
450 3315
451 3184
452 3279
453 3236
454 3183
455 3090
456 3228
457 3183
458 3067
459 3083
460 3027
461 3111
462 3187
463 2987
464 3040
465 3058
466 2967
467 3046
468 3075
469 3017
470 3006
471 3046
472 2882
473 3020
474 2965
475 2967
476 2978
477 2934
478 2895
479 2864
480 2918
481 2813
482 2864
483 2717
484 2890
485 2841
486 2790
487 2815
488 2766
489 2873
490 2689
491 2796
492 2769
493 2642
494 2780
495 2641
496 2690
497 2694
498 2688
499 2657
500 2659
501 2681
502 2560
503 2461
504 2519
505 2543
506 2458
507 2457
508 2544
509 2397
510 2480
511 2476
512 2473
513 2456
514 2382
515 2489
516 2278
517 2343
518 2386
519 2373
520 2312
521 2363
522 2312
523 2279
524 2240
525 2185
526 2142
527 2187
528 2211
529 2139
530 2217
531 2086
532 2151
533 2049
534 2063
535 2173
536 2006
537 2032
538 1963
539 2030
540 1961
541 2021
542 1976
543 1919
544 1928
545 1952
546 1895
547 1778
548 1901
549 1844
550 1905
551 1835
552 1763
553 1792
554 1721
555 1676
556 1703
557 1621
558 1726
559 1637
560 1577
561 1714
562 1619
563 1582
564 1608
565 1524
566 1553
567 1482
568 1488
569 1519
570 1501
571 1496
572 1487
573 1416
574 1443
575 1433
576 1437
577 1398
578 1399
579 1385
580 1403
581 1321
582 1258
583 1263
584 1239
585 1269
586 1236
587 1254
588 1233
589 1199
590 1178
591 1216
592 1189
593 1160
594 1168
595 1107
596 1155
597 1113
598 1055
599 1125
600 1097
601 1166
602 1062
603 1030
604 1061
605 1002
606 1036
607 967
608 982
609 959
610 988
611 918
612 955
613 892
614 861
615 869
616 935
617 855
618 801
619 857
620 851
621 776
622 816
623 825
624 816
625 744
626 807
627 734
628 758
629 753
630 746
631 703
632 708
633 737
634 671
635 719
636 687
637 712
638 655
639 640
640 597
641 620
642 587
643 620
644 596
645 592
646 581
647 549
648 560
649 596
650 578
651 547
652 556
653 553
654 538
655 539
656 512
657 507
658 531
659 479
660 462
661 484
662 483
663 462
664 448
665 457
666 464
667 410
668 457
669 407
670 411
671 448
672 387
673 427
674 423
675 361
676 414
677 387
678 404
679 346
680 369
681 302
682 347
683 349
684 353
685 344
686 339
687 325
688 324
689 320
690 297
691 310
692 290
693 301
694 282
695 280
696 307
697 290
698 275
699 280
700 309
701 262
702 234
703 230
704 263
705 237
706 229
707 250
708 246
709 218
710 230
711 229
712 235
713 204
714 192
715 205
716 218
717 192
718 179
719 198
720 177
721 182
722 188
723 181
724 188
725 216
726 173
727 172
728 161
729 181
730 164
731 152
732 155
733 169
734 186
735 137
736 158
737 146
738 132
739 125
740 138
741 144
742 125
743 178
744 116
745 125
746 108
747 133
748 100
749 136
750 119
751 112
752 133
753 129
754 117
755 110
756 103
757 116
758 120
759 89
760 110
761 88
762 113
763 93
764 89
765 97
766 95
767 97
768 93
769 68
770 97
771 89
772 90
773 72
774 98
775 85
776 82
777 80
778 84
779 86
780 91
781 71
782 74
783 72
784 66
785 76
786 78
787 79
788 74
789 58
790 71
791 52
792 56
793 80
794 69
795 62
796 60
797 62
798 63
799 53
800 55
801 55
802 62
803 58
804 53
805 60
806 69
807 52
808 51
809 57
810 50
811 65
812 43
813 69
814 51
815 47
816 60
817 65
818 51
819 39
820 52
821 40
822 35
823 48
824 33
825 52
826 43
827 41
828 34
829 37
830 51
831 32
832 48
833 48
834 41
835 47
836 28
837 32
838 40
839 29
840 49
841 37
842 37
843 36
844 27
845 37
846 50
847 31
848 21
849 43
850 42
851 42
852 44
853 38
854 30
855 25
856 26
857 31
858 41
859 35
860 31
861 41
862 22
863 28
864 41
865 31
866 41
867 23
868 25
869 37
870 25
871 29
872 31
873 23
874 29
875 25
876 33
877 28
878 14
879 24
880 24
881 30
882 27
883 29
884 21
885 20
886 22
887 29
888 25
889 23
890 31
891 27
892 20
893 25
894 18
895 15
896 30
897 23
898 20
899 21
900 17
901 31
902 23
903 12
904 18
905 20
906 18
907 22
908 14
909 26
910 18
911 17
912 11
913 23
914 23
915 17
916 23
917 21
918 22
919 33
920 29
921 20
922 28
923 18
924 24
925 24
926 26
927 19
928 11
929 19
930 29
931 22
932 15
933 22
934 19
935 15
936 11
937 16
938 20
939 19
940 18
941 18
942 16
943 15
944 23
945 14
946 15
947 18
948 21
949 16
950 8
951 20
952 9
953 13
954 14
955 12
956 19
957 17
958 19
959 17
960 10
961 14
962 14
963 20
964 11
965 17
966 22
967 10
968 9
969 10
970 12
971 14
972 17
973 9
974 17
975 17
976 10
977 24
978 13
979 15
980 19
981 12
982 19
983 14
984 14
985 14
986 16
987 12
988 15
989 12
990 11
991 10
992 12
993 19
994 11
995 19
996 14
997 13
998 10
999 12
1000 13
1001 7
1002 13
1003 12
1004 7
1005 15
1006 15
1007 19
1008 9
1009 6
1010 9
1011 13
1012 9
1013 12
1014 9
1015 7
1016 11
1017 8
1018 9
1019 9
1020 10
1021 8
1022 20
1023 14
1024 11
1025 13
1026 8
1027 7
1028 11
1029 11
1030 9
1031 11
1032 12
1033 8
1034 12
1035 9
1036 12
1037 13
1038 8
1039 15
1040 2
1041 19
1042 6
1043 9
1044 8
1045 10
1046 11
1047 13
1048 9
1049 7
1050 8
1051 7
1052 7
1053 9
1054 6
1055 9
1056 12
1057 10
1058 1
1059 8
1060 8
1061 7
1062 11
1063 7
1064 10
1065 4
1066 8
1067 8
1068 10
1069 11
1070 9
1071 7
1072 9
1073 7
1074 4
1075 3
1076 11
1077 10
1078 7
1079 8
1080 7
1081 9
1082 6
1083 6
1084 5
1085 11
1086 5
1087 1
1088 7
1089 7
1090 8
1091 3
1092 7
1093 8
1094 11
1095 9
1096 4
1097 7
1098 10
1099 0
1100 4
1101 4
1102 8
1103 8
1104 3
1105 5
1106 3
1107 6
1108 4
1109 4
1110 6
1111 6
1112 7
1113 5
1114 5
1115 3
1116 7
1117 8
1118 2
1119 8
1120 3
1121 8
1122 6
1123 5
1124 3
1125 5
1126 9
1127 7
1128 2
1129 3
1130 6
1131 3
1132 6
1133 2
1134 4
1135 2
1136 5
1137 3
1138 4
1139 6
1140 7
1141 4
1142 5
1143 6
1144 2
1145 2
1146 6
1147 3
1148 4
1149 5
1150 6
1151 5
1152 5
1153 3
1154 3
1155 1
1156 1
1157 2
1158 4
1159 7
1160 1
1161 2
1162 2
1163 2
1164 7
1165 4
1166 2
1167 3
1168 3
1169 4
1170 2
1171 3
1172 6
1173 4
1174 6
1175 7
1176 2
1177 2
1178 6
1179 5
1180 2
1181 4
1182 6
1183 6
1184 2
1185 3
1186 6
1187 0
1188 0
1189 0
1190 6
1191 0
1192 3
1193 3
1194 1
1195 0
1196 2
1197 4
1198 4
1199 4
1200 2
1201 4
1202 3
1203 0
1204 0
1205 4
1206 1
1207 3
1208 3
1209 1
1210 4
1211 4
1212 2
1213 5
1214 1
1215 4
1216 4
1217 8
1218 4
1219 2
1220 3
1221 4
1222 1
1223 3
1224 1
1225 4
1226 3
1227 1
1228 1
1229 0
1230 1
1231 1
1232 1
1233 2
1234 3
1235 2
1236 1
1237 1
1238 4
1239 1
1240 0
1241 2
1242 1
1243 2
1244 1
1245 2
1246 1
1247 1
1248 3
1249 2
1250 0
1251 2
1252 1
1253 1
1254 2
1255 1
1256 1
1257 0
1258 3
1259 1
1260 0
1261 2
1262 1
1263 1
1264 4
1265 3
1266 1
1267 1
1268 2
1269 0
1270 0
1271 0
1272 0
1273 0
1274 1
1275 1
1276 1
1277 1
1278 1
1279 2
1280 2
1281 1
1282 4
1283 2
1284 0
1285 1
1286 0
1287 1
1288 0
1289 0
1290 2
1291 2
1292 1
1293 1
1294 1
1295 3
1296 2
1297 3
1298 1
1299 2
1300 0
1301 6
1302 4
1303 1
1304 3
1305 3
1306 1
1307 3
1308 0
1309 0
1310 1
1311 1
1312 0
1313 1
1314 0
1315 1
1316 1
1317 2
1318 0
1319 0
1320 1
1321 2
1322 0
1323 3
1324 5
1325 1
1326 1
1327 1
1328 1
1329 1
1330 0
1331 0
1332 0
1333 0
1334 2
1335 0
1336 3
1337 0
1338 0
1339 2
1340 2
1341 1
1342 0
1343 3
1344 1
1345 2
1346 1
1347 1
1348 1
1349 0
1350 1
1351 0
1352 0
1353 0
1354 1
1355 1
1356 1
1357 0
1358 2
1359 1
1360 1
1361 2
1362 1
1363 1
1364 0
1365 0
1366 0
1367 1
1368 0
1369 0
1370 0
1371 0
1372 0
1373 0
1374 0
1375 2
1376 2
1377 2
1378 0
1379 0
1380 0
1381 0
1382 0
1383 2
1384 0
1385 0
1386 0
1387 1
1388 0
1389 0
1390 1
1391 1
1392 1
1393 2
1394 1
1395 1
1396 1
1397 1
1398 1
1399 2
1400 1
1401 1
1402 2
1403 0
1404 1
1405 0
1406 0
1407 0
1408 1
1409 0
1410 4
1411 2
1412 1
1413 2
1414 0
1415 0
1416 0
1417 0
1418 0
1419 0
1420 3
1421 0
1422 3
1423 0
1424 1
1425 0
1426 0
1427 0
1428 0
1429 0
1430 0
1431 0
1432 1
1433 1
1434 1
1435 0
1436 0
1437 0
1438 1
1439 0
1440 1
1441 0
1442 1
1443 1
1444 1
1445 2
1446 0
1447 1
1448 1
1449 0
1450 1
1451 0
1452 1
1453 0
1454 0
1455 0
1456 1
1457 1
1458 0
1459 0
1460 0
1461 0
1462 1
1463 1
1464 0
1465 0
1466 1
1467 1
1468 0
1469 0
1470 0
1471 0
1472 0
1473 0
1474 2
1475 0
1476 0
1477 0
1478 0
1479 0
1480 1
1481 0
1482 0
1483 0
1484 0
1485 0
1486 1
1487 1
1488 0
1489 1
1490 0
1491 0
1492 0
1493 1
1494 1
1495 1
1496 2
1497 0
1498 1
1499 0
1500 0
1501 0
1502 0
1503 0
1504 0
1505 0
1506 0
1507 1
1508 0
1509 1
1510 0
1511 0
1512 0
1513 1
1514 0
1515 0
1516 1
1517 0
1518 3
1519 0
1520 0
1521 0
1522 3
1523 0
1524 1
1525 0
1526 1
1527 0
1528 0
1529 0
1530 0
1531 1
1532 1
1533 1
1534 0
1535 1
1536 0
1537 0
1538 0
1539 0
1540 1
1541 0
1542 1
1543 1
1544 1
1545 0
1546 0
1547 1
1548 0
1549 0
1550 1
1551 2
1552 0
1553 1
1554 0
1555 0
1556 0
1557 0
1558 0
1559 0
1560 0
1561 0
1562 0
1563 1
1564 0
1565 0
1566 0
1567 0
1568 1
1569 0
1570 0
1571 0
1572 0
1573 0
1574 0
1575 0
1576 0
1577 0
1578 0
1579 1
1580 0
1581 0
1582 0
1583 0
1584 0
1585 1
1586 0
1587 0
1588 0
1589 0
1590 0
1591 1
1592 0
1593 1
1594 1
1595 1
1596 0
1597 0
1598 1
1599 0
1600 0
1601 0
1602 0
1603 0
1604 0
1605 0
1606 0
1607 0
1608 2
1609 0
1610 0
1611 0
1612 0
1613 1
1614 0
1615 0
1616 0
1617 2
1618 0
1619 0
1620 0
1621 0
1622 1
1623 0
1624 0
1625 0
1626 0
1627 0
1628 1
1629 0
1630 0
1631 0
1632 0
1633 0
1634 0
1635 1
1636 0
1637 0
1638 0
1639 0
1640 0
1641 0
1642 0
1643 0
1644 1
1645 0
1646 0
1647 0
1648 0
1649 0
1650 0
1651 0
1652 0
1653 0
1654 1
1655 0
1656 0
1657 0
1658 0
1659 0
1660 0
1661 0
1662 1
1663 0
1664 0
1665 0
1666 0
1667 2
1668 1
1669 0
1670 0
1671 0
1672 0
1673 1
1674 0
1675 1
1676 0
1677 0
1678 0
1679 0
1680 0
1681 0
1682 0
1683 1
1684 0
1685 0
1686 0
1687 0
1688 1
1689 0
1690 0
1691 0
1692 0
1693 0
1694 0
1695 0
1696 0
1697 0
1698 1
1699 0
1700 1
1701 0
1702 0
1703 0
1704 0
1705 2
1706 0
1707 0
1708 0
1709 0
1710 0
1711 0
1712 0
1713 1
1714 0
1715 0
1716 0
1717 1
1718 0
1719 0
1720 0
1721 0
1722 1
1723 0
1724 0
1725 0
1726 0
1727 0
1728 1
1729 0
1730 0
1731 0
1732 0
1733 0
1734 0
1735 0
1736 1
1737 0
1738 1
1739 0
1740 0
1741 0
1742 0
1743 0
1744 0
1745 0
1746 0
1747 1
1748 0
1749 0
1750 0
1751 0
1752 1
1753 0
1754 0
1755 0
1756 0
1757 1
1758 0
1759 0
1760 0
1761 0
1762 0
1763 0
1764 0
1765 0
1766 0
1767 0
1768 0
1769 0
1770 0
1771 0
1772 0
1773 0
1774 0
1775 1
1776 0
1777 0
1778 1
1779 0
1780 0
1781 1
1782 0
1783 0
1784 0
1785 1
1786 0
1787 0
1788 0
1789 0
1790 0
1791 0
1792 0
1793 0
1794 1
1795 1
1796 0
1797 1
1798 0
1799 0
1800 0
1801 0
1802 0
1803 0
1804 1
1805 0
1806 0
1807 0
1808 0
1809 1
1810 0
1811 0
1812 0
1813 0
1814 0
1815 1
1816 0
1817 0
1818 1
1819 0
1820 0
1821 0
1822 1
1823 0
1824 0
1825 0
1826 0
1827 0
1828 0
1829 1
1830 0
1831 0
1832 0
1833 0
1834 0
1835 1
1836 0
1837 0
1838 0
1839 1
1840 1
1841 1
1842 0
1843 0
1844 0
1845 1
1846 0
1847 0
1848 0
1849 0
1850 1
1851 1
1852 0
1853 0
1854 0
1855 0
1856 0
1857 0
1858 0
1859 1
1860 0
1861 0
1862 0
1863 1
1864 0
1865 0
1866 0
1867 0
1868 0
1869 1
1870 0
1871 0
1872 0
1873 0
1874 0
1875 0
1876 0
1877 1
1878 0
1879 0
1880 1
1881 0
1882 1
1883 0
1884 0
1885 0
1886 0
1887 0
1888 0
1889 1
1890 1
1891 0
1892 0
1893 0
1894 0
1895 1
1896 0
1897 0
1898 1
1899 0
1900 0
1901 0
1902 2
1903 0
1904 0
1905 0
1906 2
1907 0
1908 1
1909 0
1910 0
1911 0
1912 0
1913 0
1914 0
1915 0
1916 1
1917 0
1918 0
1919 0
1920 0
1921 0
1922 0
1923 0
1924 0
1925 0
1926 0
1927 1
1928 1
1929 0
1930 2
1931 0
1932 1
1933 1
1934 0
1935 0
1936 0
1937 0
1938 0
1939 0
1940 0
1941 0
1942 0
1943 0
1944 0
1945 0
1946 0
1947 0
1948 0
1949 0
1950 0
1951 0
1952 0
1953 0
1954 0
1955 1
1956 0
1957 0
1958 0
1959 0
1960 0
1961 0
1962 0
1963 0
1964 0
1965 0
1966 1
1967 0
1968 0
1969 0
1970 0
1971 0
1972 0
1973 0
1974 1
1975 0
1976 0
1977 0
1978 0
1979 0
1980 1
1981 1
1982 1
1983 0
1984 0
1985 0
1986 2
1987 0
1988 0
1989 0
1990 0
1991 0
1992 0
1993 0
1994 0
1995 1
1996 1
1997 1
1998 0
1999 0
2000 0
2001 0
2002 1
2003 0
2004 0
2005 0
2006 0
2007 0
2008 0
2009 1
2010 0
2011 1
2012 0
2013 0
2014 0
2015 1
2016 0
2017 1
2018 0
2019 0
2020 1
2021 0
2022 0
2023 0
2024 0
2025 0
2026 0
2027 0
2028 0
2029 0
2030 0
2031 0
2032 1
2033 0
2034 0
2035 0
2036 0
2037 0
2038 0
2039 0
2040 1
2041 0
2042 0
2043 0
2044 0
2045 0
2046 0
2047 1
2048 0
2049 0
2050 0
2051 0
2052 1
2053 1
2054 0
2055 0
2056 0
2057 0
2058 0
2059 1
2060 0
2061 0
2062 0
2063 1
2064 0
2065 0
2066 0
2067 0
2068 0
2069 0
2070 0
2071 1
2072 0
2073 0
2074 0
2075 1
2076 1
2077 0
2078 0
2079 0
2080 0
2081 0
2082 0
2083 0
2084 0
2085 0
2086 0
2087 0
2088 0
2089 1
2090 0
2091 0
2092 0
2093 0
2094 0
2095 0
2096 0
2097 0
2098 0
2099 0
2100 0
2101 0
2102 0
2103 0
2104 0
2105 0
2106 0
2107 0
2108 0
2109 0
2110 0
2111 0
2112 1
2113 0
2114 0
2115 0
2116 0
2117 0
2118 0
2119 0
2120 0
2121 0
2122 0
2123 0
2124 0
2125 1
2126 0
2127 0
2128 0
2129 0
2130 1
2131 0
2132 0
2133 1
2134 0
2135 0
2136 0
2137 0
2138 1
2139 0
2140 0
2141 0
2142 0
2143 0
2144 0
2145 0
2146 0
2147 0
2148 0
2149 0
2150 0
2151 0
2152 0
2153 0
2154 0
2155 0
2156 1
2157 0
2158 0
2159 0
2160 1
2161 0
2162 0
2163 0
2164 0
2165 0
2166 0
2167 0
2168 0
2169 0
2170 0
2171 0
2172 1
2173 0
2174 0
2175 0
2176 0
2177 0
2178 0
2179 0
2180 0
2181 0
2182 0
2183 0
2184 0
2185 0
2186 0
2187 0
2188 0
2189 0
2190 0
2191 0
2192 0
2193 0
2194 0
2195 0
2196 0
2197 0
2198 0
2199 0
2200 0
2201 0
2202 0
2203 0
2204 1
2205 0
2206 1
2207 0
2208 0
2209 0
2210 0
2211 1
2212 0
2213 0
2214 0
2215 0
2216 0
2217 0
2218 1
2219 0
2220 0
2221 0
2222 0
2223 0
2224 0
2225 0
2226 0
2227 0
2228 1
2229 0
2230 0
2231 0
2232 0
2233 0
2234 0
2235 0
2236 0
2237 0
2238 0
2239 0
2240 0
2241 0
2242 0
2243 0
2244 0
2245 0
2246 0
2247 0
2248 0
2249 0
2250 0
2251 0
2252 0
2253 0
2254 0
2255 0
2256 0
2257 1
2258 0
2259 0
2260 0
2261 0
2262 0
2263 0
2264 0
2265 0
2266 0
2267 0
2268 0
2269 0
2270 0
2271 1
2272 0
2273 0
2274 0
2275 0
2276 1
2277 0
2278 0
2279 0
2280 0
2281 0
2282 0
2283 1
2284 0
2285 0
2286 0
2287 0
2288 0
2289 0
2290 0
2291 0
2292 0
2293 1
2294 0
2295 0
2296 0
2297 1
2298 0
2299 1
2300 0
2301 0
2302 0
2303 0
2304 0
2305 0
2306 0
2307 1
2308 1
2309 0
2310 1
2311 0
2312 0
2313 0
2314 0
2315 0
2316 0
2317 0
2318 0
2319 0
2320 1
2321 1
2322 0
2323 0
2324 1
2325 0
2326 0
2327 0
2328 0
2329 0
2330 0
2331 0
2332 0
2333 0
2334 0
2335 0
2336 0
2337 0
2338 0
2339 0
2340 0
2341 0
2342 0
2343 0
2344 0
2345 0
2346 0
2347 0
2348 0
2349 0
2350 0
2351 0
2352 0
2353 0
2354 0
2355 0
2356 0
2357 0
2358 0
2359 0
2360 0
2361 0
2362 0
2363 0
2364 0
2365 0
2366 0
2367 0
2368 0
2369 0
2370 0
2371 0
2372 0
2373 0
2374 0
2375 0
2376 0
2377 1
2378 1
2379 0
2380 1
2381 0
2382 0
2383 0
2384 0
2385 1
2386 0
2387 0
2388 0
2389 0
2390 0
2391 0
2392 0
2393 0
2394 0
2395 0
2396 0
2397 0
2398 0
2399 1
2400 0
2401 0
2402 0
2403 0
2404 0
2405 1
2406 0
2407 0
2408 0
2409 0
2410 1
2411 0
2412 0
2413 0
2414 0
2415 0
2416 0
2417 0
2418 0
2419 0
2420 0
2421 1
2422 0
2423 0
2424 0
2425 0
2426 0
2427 0
2428 0
2429 0
2430 0
2431 0
2432 0
2433 0
2434 0
2435 0
2436 0
2437 0
2438 0
2439 0
2440 0
2441 0
2442 0
2443 0
2444 0
2445 0
2446 0
2447 0
2448 0
2449 0
2450 0
2451 0
2452 0
2453 0
2454 1
2455 0
2456 0
2457 0
2458 1
2459 0
2460 0
2461 0
2462 0
2463 0
2464 1
2465 1
2466 0
2467 1
2468 0
2469 0
2470 0
2471 0
2472 0
2473 0
2474 1
2475 0
2476 0
2477 0
2478 0
2479 0
2480 0
2481 0
2482 0
2483 0
2484 0
2485 0
2486 0
2487 0
2488 1
2489 0
2490 0
2491 0
2492 0
2493 0
2494 1
2495 0
2496 0
2497 0
2498 0
2499 0
2500 0
2501 0
2502 0
2503 1
2504 0
2505 0
2506 0
2507 0
2508 0
2509 0
2510 0
2511 1
2512 0
2513 0
2514 0
2515 0
2516 0
2517 0
2518 0
2519 0
2520 0
2521 0
2522 0
2523 0
2524 1
2525 0
2526 0
2527 1
2528 0
2529 0
2530 0
2531 0
2532 0
2533 0
2534 0
2535 0
2536 0
2537 3
2538 0
2539 0
2540 0
2541 0
2542 0
2543 0
2544 0
2545 0
2546 0
2547 0
2548 0
2549 0
2550 1
2551 0
2552 0
2553 0
2554 0
2555 0
2556 0
2557 0
2558 0
2559 0
2560 0
2561 0
2562 0
2563 0
2564 0
2565 1
2566 0
2567 0
2568 0
2569 0
2570 0
2571 0
2572 0
2573 0
2574 0
2575 0
2576 0
2577 1
2578 0
2579 0
2580 0
2581 1
2582 1
2583 0
2584 0
2585 0
2586 0
2587 0
2588 1
2589 0
2590 1
2591 0
2592 0
2593 0
2594 0
2595 0
2596 0
2597 1
2598 0
2599 0
2600 0
2601 0
2602 0
2603 0
2604 1
2605 0
2606 0
2607 0
2608 0
2609 0
2610 0
2611 1
2612 0
2613 0
2614 0
2615 0
2616 0
2617 0
2618 0
2619 0
2620 0
2621 0
2622 0
2623 0
2624 1
2625 1
2626 0
2627 0
2628 0
2629 0
2630 0
2631 0
2632 1
2633 1
2634 1
2635 0
2636 0
2637 0
2638 0
2639 0
2640 0
2641 0
2642 0
2643 0
2644 0
2645 0
2646 0
2647 0
2648 0
2649 0
2650 0
2651 0
2652 0
2653 0
2654 0
2655 0
2656 1
2657 0
2658 0
2659 1
2660 0
2661 0
2662 0
2663 0
2664 0
2665 0
2666 0
2667 0
2668 0
2669 0
2670 0
2671 1
2672 0
2673 1
2674 1
2675 0
2676 0
2677 1
2678 0
2679 0
2680 0
2681 0
2682 0
2683 0
2684 1
2685 0
2686 0
2687 0
2688 0
2689 0
2690 0
2691 0
2692 0
2693 0
2694 0
2695 0
2696 0
2697 1
2698 1
2699 0
2700 0
2701 0
2702 0
2703 0
2704 0
2705 0
2706 0
2707 0
2708 0
2709 0
2710 0
2711 0
2712 0
2713 0
2714 1
2715 0
2716 0
2717 0
2718 0
2719 0
2720 0
2721 0
2722 0
2723 0
2724 0
2725 0
2726 0
2727 0
2728 0
2729 0
2730 0
2731 0
2732 0
2733 0
2734 0
2735 0
2736 0
2737 0
2738 0
2739 0
2740 1
2741 0
2742 0
2743 0
2744 0
2745 0
2746 0
2747 0
2748 0
2749 0
2750 0
2751 0
2752 0
2753 0
2754 1
2755 0
2756 0
2757 0
2758 0
2759 0
2760 0
2761 1
2762 0
2763 0
2764 0
2765 0
2766 0
2767 0
2768 0
2769 0
2770 0
2771 0
2772 0
2773 0
2774 0
2775 0
2776 0
2777 0
2778 0
2779 0
2780 0
2781 0
2782 0
2783 0
2784 0
2785 0
2786 0
2787 0
2788 0
2789 0
2790 0
2791 1
2792 0
2793 0
2794 0
2795 0
2796 1
2797 0
2798 0
2799 0
2800 0
2801 0
2802 0
2803 0
2804 0
2805 0
2806 0
2807 0
2808 1
2809 0
2810 0
2811 0
2812 0
2813 0
2814 0
2815 0
2816 0
2817 0
2818 1
2819 0
2820 0
2821 0
2822 0
2823 0
2824 0
2825 1
2826 0
2827 0
2828 0
2829 0
2830 0
2831 1
2832 1
2833 0
2834 0
2835 0
2836 0
2837 0
2838 0
2839 1
2840 1
2841 0
2842 0
2843 0
2844 0
2845 0
2846 0
2847 0
2848 0
2849 0
2850 0
2851 0
2852 0
2853 0
2854 0
2855 0
2856 0
2857 0
2858 0
2859 1
2860 0
2861 0
2862 0
2863 0
2864 0
2865 0
2866 0
2867 0
2868 0
2869 0
2870 0
2871 0
2872 0
2873 0
2874 0
2875 0
2876 0
2877 0
2878 0
2879 0
2880 0
2881 1
2882 1
2883 0
2884 0
2885 0
2886 0
2887 1
2888 0
2889 0
2890 0
2891 0
2892 0
2893 0
2894 0
2895 0
2896 0
2897 1
2898 0
2899 0
2900 0
2901 0
2902 0
2903 0
2904 1
2905 0
2906 0
2907 0
2908 0
2909 0
2910 0
2911 0
2912 0
2913 1
2914 0
2915 0
2916 0
2917 0
2918 0
2919 0
2920 0
2921 0
2922 0
2923 0
2924 0
2925 0
2926 0
2927 0
2928 0
2929 0
2930 1
2931 0
2932 0
2933 1
2934 0
2935 0
2936 1
2937 1
2938 1
2939 0
2940 1
2941 0
2942 0
2943 0
2944 0
2945 0
2946 0
2947 0
2948 0
2949 0
2950 0
2951 0
2952 0
2953 1
2954 0
2955 0
2956 0
2957 0
2958 0
2959 0
2960 0
2961 0
2962 0
2963 0
2964 0
2965 0
2966 0
2967 0
2968 0
2969 0
2970 0
2971 0
2972 0
2973 0
2974 0
2975 0
2976 0
2977 0
2978 0
2979 0
2980 0
2981 0
2982 0
2983 0
2984 0
2985 0
2986 0
2987 0
2988 0
2989 0
2990 0
2991 1
2992 0
2993 1
2994 0
2995 0
2996 0
2997 0
2998 0
2999 0
3000 0
3001 0
3002 0
3003 1
3004 1
3005 0
3006 1
3007 0
3008 0
3009 0
3010 1
3011 0
3012 0
3013 0
3014 0
3015 0
3016 0
3017 0
3018 0
3019 0
3020 0
3021 0
3022 0
3023 1
3024 0
3025 0
3026 0
3027 0
3028 0
3029 0
3030 0
3031 0
3032 0
3033 0
3034 0
3035 0
3036 0
3037 0
3038 0
3039 0
3040 0
3041 0
3042 0
3043 0
3044 0
3045 0
3046 0
3047 0
3048 0
3049 0
3050 0
3051 0
3052 0
3053 0
3054 1
3055 0
3056 0
3057 0
3058 0
3059 0
3060 1
3061 0
3062 0
3063 0
3064 0
3065 0
3066 0
3067 0
3068 0
3069 0
3070 0
3071 0
3072 1
3073 0
3074 0
3075 0
3076 0
3077 0
3078 0
3079 0
3080 0
3081 0
3082 0
3083 0
3084 1
3085 0
3086 0
3087 0
3088 0
3089 0
3090 0
3091 0
3092 0
3093 0
3094 0
3095 0
3096 0
3097 0
3098 0
3099 0
3100 0
3101 0
3102 1
3103 0
3104 1
3105 0
3106 0
3107 0
3108 0
3109 1
3110 1
3111 0
3112 0
3113 0
3114 0
3115 0
3116 0
3117 0
3118 0
3119 0
3120 0
3121 0
3122 0
3123 0
3124 0
3125 1
3126 0
3127 0
3128 1
3129 0
3130 1
3131 0
3132 0
3133 0
3134 0
3135 1
3136 0
3137 0
3138 0
3139 0
3140 0
3141 0
3142 0
3143 0
3144 0
3145 0
3146 0
3147 0
3148 0
3149 1
3150 1
3151 0
3152 1
3153 0
3154 0
3155 0
3156 0
3157 0
3158 0
3159 0
3160 0
3161 0
3162 0
3163 0
3164 0
3165 0
3166 0
3167 0
3168 0
3169 1
3170 0
3171 1
3172 0
3173 0
3174 0
3175 0
3176 1
3177 0
3178 0
3179 0
3180 0
3181 0
3182 0
3183 0
3184 0
3185 0
3186 0
3187 0
3188 0
3189 0
3190 1
3191 0
3192 0
3193 0
3194 0
3195 0
3196 0
3197 0
3198 0
3199 0
3200 1
3201 0
3202 0
3203 0
3204 0
3205 0
3206 0
3207 0
3208 0
3209 0
3210 0
3211 0
3212 0
3213 0
3214 0
3215 0
3216 1
3217 0
3218 0
3219 0
3220 0
3221 0
3222 0
3223 0
3224 0
3225 0
3226 0
3227 0
3228 0
3229 1
3230 0
3231 0
3232 0
3233 0
3234 0
3235 0
3236 0
3237 0
3238 0
3239 0
3240 1
3241 0
3242 1
3243 0
3244 0
3245 0
3246 1
3247 0
3248 0
3249 0
3250 1
3251 0
3252 0
3253 0
3254 0
3255 0
3256 0
3257 0
3258 0
3259 0
3260 0
3261 0
3262 0
3263 0
3264 0
3265 0
3266 0
3267 0
3268 0
3269 1
3270 0
3271 0
3272 0
3273 0
3274 0
3275 0
3276 1
3277 0
3278 0
3279 0
3280 0
3281 0
3282 0
3283 0
3284 1
3285 0
3286 0
3287 0
3288 0
3289 0
3290 0
3291 0
3292 0
3293 0
3294 0
3295 0
3296 0
3297 0
3298 0
3299 0
3300 0
3301 0
3302 0
3303 0
3304 0
3305 0
3306 0
3307 0
3308 0
3309 0
3310 0
3311 0
3312 0
3313 0
3314 0
3315 0
3316 0
3317 1
3318 0
3319 0
3320 0
3321 0
3322 0
3323 1
3324 0
3325 0
3326 0
3327 0
3328 0
3329 0
3330 0
3331 0
3332 0
3333 0
3334 0
3335 0
3336 0
3337 0
3338 0
3339 0
3340 0
3341 0
3342 0
3343 0
3344 0
3345 0
3346 0
3347 1
3348 0
3349 0
3350 0
3351 0
3352 1
3353 0
3354 0
3355 0
3356 0
3357 0
3358 1
3359 0
3360 0
3361 0
3362 0
3363 0
3364 0
3365 0
3366 0
3367 0
3368 0
3369 0
3370 0
3371 0
3372 0
3373 0
3374 0
3375 0
3376 0
3377 0
3378 0
3379 0
3380 0
3381 0
3382 0
3383 0
3384 0
3385 0
3386 0
3387 0
3388 0
3389 0
3390 0
3391 0
3392 1
3393 0
3394 0
3395 0
3396 0
3397 0
3398 0
3399 0
3400 0
3401 0
3402 0
3403 0
3404 0
3405 0
3406 0
3407 0
3408 0
3409 0
3410 0
3411 0
3412 0
3413 2
3414 0
3415 0
3416 0
3417 0
3418 0
3419 0
3420 1
3421 0
3422 0
3423 1
3424 0
3425 0
3426 0
3427 0
3428 0
3429 0
3430 0
3431 0
3432 1
3433 0
3434 0
3435 0
3436 0
3437 0
3438 0
3439 0
3440 0
3441 0
3442 0
3443 0
3444 0
3445 0
3446 0
3447 0
3448 0
3449 0
3450 0
3451 0
3452 0
3453 1
3454 0
3455 0
3456 0
3457 0
3458 1
3459 0
3460 0
3461 0
3462 0
3463 0
3464 0
3465 0
3466 0
3467 0
3468 0
3469 0
3470 0
3471 0
3472 0
3473 1
3474 0
3475 0
3476 0
3477 1
3478 0
3479 0
3480 0
3481 0
3482 0
3483 0
3484 0
3485 0
3486 0
3487 0
3488 0
3489 0
3490 0
3491 0
3492 0
3493 0
3494 0
3495 0
3496 0
3497 0
3498 0
3499 0
3500 0
3501 0
3502 0
3503 0
3504 0
3505 0
3506 0
3507 0
3508 0
3509 0
3510 0
3511 0
3512 0
3513 0
3514 0
3515 0
3516 0
3517 0
3518 0
3519 0
3520 0
3521 0
3522 0
3523 0
3524 0
3525 0
3526 0
3527 0
3528 0
3529 0
3530 0
3531 0
3532 0
3533 0
3534 0
3535 0
3536 0
3537 0
3538 0
3539 0
3540 0
3541 0
3542 0
3543 0
3544 0
3545 0
3546 0
3547 0
3548 0
3549 0
3550 0
3551 0
3552 0
3553 0
3554 0
3555 0
3556 0
3557 0
3558 0
3559 0
3560 0
3561 0
3562 0
3563 0
3564 0
3565 0
3566 0
3567 0
3568 0
3569 0
3570 0
3571 0
3572 0
3573 0
3574 0
3575 0
3576 0
3577 0
3578 0
3579 0
3580 0
3581 0
3582 0
3583 0
3584 0
3585 0
3586 0
3587 0
3588 0
3589 0
3590 1
3591 0
3592 0
3593 0
3594 0
3595 0
3596 0
3597 0
3598 0
3599 0
3600 0
3601 0
3602 0
3603 0
3604 0
3605 0
3606 1
3607 0
3608 0
3609 0
3610 0
3611 0
3612 0
3613 0
3614 0
3615 0
3616 0
3617 0
3618 0
3619 0
3620 0
3621 0
3622 0
3623 0
3624 0
3625 0
3626 0
3627 0
3628 0
3629 0
3630 0
3631 0
3632 0
3633 0
3634 0
3635 0
3636 0
3637 0
3638 2
3639 0
3640 0
3641 0
3642 0
3643 0
3644 0
3645 0
3646 0
3647 0
3648 0
3649 0
3650 0
3651 0
3652 0
3653 0
3654 0
3655 0
3656 0
3657 0
3658 0
3659 0
3660 0
3661 0
3662 0
3663 0
3664 0
3665 0
3666 0
3667 0
3668 1
3669 0
3670 0
3671 0
3672 0
3673 0
3674 0
3675 0
3676 0
3677 0
3678 0
3679 0
3680 0
3681 0
3682 0
3683 0
3684 0
3685 0
3686 1
3687 0
3688 0
3689 0
3690 0
3691 1
3692 1
3693 0
3694 0
3695 0
3696 0
3697 0
3698 0
3699 0
3700 0
3701 0
3702 0
3703 0
3704 0
3705 0
3706 0
3707 0
3708 0
3709 0
3710 0
3711 0
3712 0
3713 0
3714 0
3715 0
3716 0
3717 0
3718 0
3719 0
3720 0
3721 0
3722 0
3723 0
3724 0
3725 0
3726 0
3727 0
3728 0
3729 0
3730 0
3731 0
3732 0
3733 0
3734 2
3735 0
3736 0
3737 0
3738 0
3739 0
3740 0
3741 0
3742 0
3743 0
3744 0
3745 0
3746 0
3747 0
3748 0
3749 0
3750 0
3751 0
3752 0
3753 0
3754 0
3755 0
3756 0
3757 0
3758 0
3759 0
3760 0
3761 0
3762 0
3763 0
3764 0
3765 0
3766 1
3767 0
3768 0
3769 0
3770 0
3771 0
3772 0
3773 0
3774 0
3775 1
3776 1
3777 0
3778 0
3779 0
3780 0
3781 0
3782 0
3783 0
3784 0
3785 0
3786 0
3787 0
3788 0
3789 0
3790 0
3791 0
3792 1
3793 0
3794 0
3795 0
3796 0
3797 0
3798 0
3799 0
3800 2
3801 0
3802 0
3803 0
3804 0
3805 0
3806 0
3807 0
3808 0
3809 0
3810 0
3811 0
3812 0
3813 0
3814 0
3815 0
3816 0
3817 0
3818 0
3819 0
3820 0
3821 0
3822 0
3823 0
3824 0
3825 0
3826 0
3827 0
3828 0
3829 0
3830 0
3831 0
3832 0
3833 0
3834 0
3835 0
3836 0
3837 0
3838 0
3839 0
3840 0
3841 1
3842 0
3843 0
3844 0
3845 0
3846 0
3847 0
3848 0
3849 0
3850 0
3851 0
3852 0
3853 1
3854 0
3855 0
3856 0
3857 0
3858 1
3859 0
3860 0
3861 0
3862 0
3863 0
3864 1
3865 0
3866 0
3867 0
3868 1
3869 0
3870 0
3871 0
3872 0
3873 0
3874 0
3875 0
3876 1
3877 0
3878 0
3879 0
3880 0
3881 0
3882 0
3883 0
3884 0
3885 0
3886 0
3887 1
3888 0
3889 0
3890 0
3891 0
3892 0
3893 0
3894 0
3895 0
3896 0
3897 0
3898 0
3899 0
3900 0
3901 0
3902 0
3903 0
3904 0
3905 0
3906 0
3907 0
3908 0
3909 0
3910 0
3911 0
3912 0
3913 0
3914 0
3915 0
3916 0
3917 0
3918 0
3919 0
3920 0
3921 0
3922 0
3923 0
3924 0
3925 0
3926 0
3927 0
3928 0
3929 0
3930 0
3931 0
3932 0
3933 0
3934 0
3935 0
3936 1
3937 1
3938 0
3939 0
3940 0
3941 0
3942 0
3943 0
3944 0
3945 1
3946 0
3947 0
3948 0
3949 0
3950 0
3951 0
3952 0
3953 0
3954 0
3955 0
3956 0
3957 0
3958 0
3959 0
3960 0
3961 0
3962 0
3963 0
3964 0
3965 0
3966 0
3967 0
3968 0
3969 0
3970 0
3971 0
3972 0
3973 0
3974 0
3975 0
3976 0
3977 0
3978 0
3979 0
3980 0
3981 1
3982 0
3983 0
3984 0
3985 0
3986 0
3987 0
3988 0
3989 0
3990 0
3991 0
3992 0
3993 0
3994 0
3995 0
3996 0
3997 0
3998 0
3999 0
4000 0
