0 0
1 0
2 0
3 0
4 0
5 0
6 0
7 0
8 0
9 0
10 0
11 0
12 0
13 0
14 0
15 0
16 0
17 0
18 0
19 0
20 0
21 0
22 0
23 0
24 0
25 0
26 0
27 0
28 0
29 0
30 0
31 0
32 0
33 0
34 0
35 0
36 0
37 0
38 0
39 0
40 0
41 0
42 0
43 0
44 0
45 0
46 0
47 0
48 0
49 0
50 0
51 0
52 0
53 0
54 0
55 0
56 0
57 0
58 0
59 0
60 0
61 0
62 0
63 0
64 0
65 0
66 0
67 0
68 0
69 0
70 0
71 0
72 0
73 0
74 0
75 0
76 0
77 0
78 0
79 0
80 0
81 0
82 0
83 0
84 0
85 0
86 0
87 0
88 0
89 0
90 0
91 0
92 0
93 0
94 0
95 0
96 0
97 0
98 0
99 0
100 0
101 0
102 0
103 0
104 0
105 0
106 0
107 0
108 0
109 0
110 0
111 0
112 0
113 0
114 0
115 0
116 0
117 0
118 0
119 0
120 0
121 0
122 0
123 0
124 0
125 0
126 0
127 0
128 0
129 0
130 0
131 0
132 0
133 0
134 0
135 0
136 0
137 0
138 0
139 0
140 0
141 0
142 0
143 0
144 0
145 0
146 0
147 1
148 0
149 2
150 0
151 1
152 1
153 4
154 9
155 3
156 7
157 8
158 5
159 9
160 4
161 5
162 6
163 6
164 4
165 8
166 6
167 5
168 8
169 6
170 7
171 15
172 36
173 56
174 81
175 133
176 219
177 214
178 244
179 323
180 352
181 474
182 713
183 1029
184 1572
185 2280
186 2956
187 3450
188 3764
189 3824
190 3743
191 3541
192 3351
193 3093
194 2874
195 2529
196 2301
197 2198
198 1857
199 1742
200 1567
201 1428
202 1216
203 1140
204 1042
205 979
206 919
207 860
208 873
209 772
210 799
211 760
212 725
213 753
214 783
215 780
216 736
217 793
218 791
219 809
220 775
221 767
222 733
223 799
224 803
225 754
226 809
227 801
228 787
229 729
230 824
231 749
232 791
233 800
234 812
235 790
236 810
237 817
238 865
239 806
240 874
241 859
242 840
243 842
244 830
245 848
246 847
247 847
248 871
249 819
250 911
251 856
252 871
253 842
254 877
255 912
256 928
257 908
258 875
259 879
260 913
261 899
262 894
263 925
264 842
265 951
266 883
267 888
268 878
269 896
270 906
271 917
272 945
273 908
274 924
275 900
276 923
277 932
278 922
279 964
280 937
281 928
282 914
283 921
284 956
285 923
286 883
287 1027
288 1020
289 1010
290 940
291 923
292 935
293 973
294 946
295 989
296 949
297 907
298 948
299 961
300 983
301 1020
302 992
303 962
304 947
305 968
306 1002
307 1009
308 1001
309 993
310 966
311 1012
312 957
313 997
314 963
315 1022
316 953
317 952
318 941
319 976
320 1022
321 962
322 1008
323 1013
324 1046
325 1007
326 988
327 1004
328 990
329 996
330 1046
331 987
332 983
333 1037
334 1036
335 969
336 1036
337 1005
338 1007
339 1027
340 994
341 988
342 1014
343 1086
344 1024
345 1052
346 1034
347 1103
348 983
349 1089
350 1023
351 1012
352 1118
353 1031
354 1054
355 1021
356 1084
357 1048
358 1053
359 1071
360 1064
361 1031
362 1060
363 1075
364 1047
365 1053
366 1084
367 1119
368 1042
369 1107
370 1051
371 1071
372 1101
373 1107
374 1137
375 1077
376 1135
377 1112
378 1112
379 1161
380 1149
381 1175
382 1133
383 1126
384 1098
385 1122
386 1149
387 1178
388 1145
389 1186
390 1169
391 1170
392 1156
393 1097
394 1196
395 1138
396 1142
397 1103
398 1222
399 1195
400 1212
401 1311
402 1279
403 1178
404 1232
405 1259
406 1150
407 1164
408 1246
409 1222
410 1253
411 1254
412 1292
413 1319
414 1246
415 1232
416 1314
417 1297
418 1206
419 1291
420 1260
421 1315
422 1273
423 1291
424 1302
425 1358
426 1299
427 1325
428 1247
429 1343
430 1337
431 1402
432 1411
433 1358
434 1397
435 1403
436 1417
437 1436
438 1406
439 1417
440 1458
441 1458
442 1438
443 1410
444 1439
445 1447
446 1488
447 1519
448 1400
449 1426
450 1510
451 1547
452 1514
453 1479
454 1497
455 1489
456 1491
457 1558
458 1548
459 1551
460 1541
461 1574
462 1599
463 1498
464 1556
465 1577
466 1623
467 1546
468 1606
469 1604
470 1719
471 1543
472 1595
473 1614
474 1653
475 1673
476 1616
477 1609
478 1631
479 1676
480 1610
481 1647
482 1683
483 1711
484 1633
485 1681
486 1669
487 1717
488 1696
489 1751
490 1729
491 1754
492 1686
493 1691
494 1801
495 1705
496 1739
497 1863
498 1683
499 1810
500 1826
501 1786
502 1791
503 1781
504 1757
505 1745
506 1790
507 1769
508 1780
509 1839
510 1753
511 1843
512 1781
513 1787
514 1834
515 1848
516 1821
517 1832
518 1830
519 1905
520 1861
521 1821
522 1959
523 1900
524 1900
525 1857
526 1846
527 1864
528 1846
529 1935
530 1828
531 1861
532 1766
533 1855
534 1925
535 1810
536 1899
537 1916
538 1943
539 1914
540 1855
541 1906
542 1935
543 1850
544 1895
545 2023
546 1876
547 1934
548 1945
549 1858
550 1939
551 1893
552 1991
553 1908
554 1902
555 2044
556 1906
557 1977
558 1844
559 1876
560 1968
561 1904
562 1936
563 1908
564 1894
565 1993
566 1929
567 1886
568 1911
569 1947
570 1928
571 2034
572 1935
573 1950
574 1874
575 1879
576 1898
577 1785
578 1861
579 1926
580 2001
581 1890
582 1876
583 1846
584 1872
585 1903
586 1810
587 1910
588 1872
589 1837
590 1776
591 1863
592 1868
593 1790
594 1811
595 1834
596 1845
597 1921
598 1778
599 1779
600 1864
601 1812
602 1811
603 1811
604 1735
605 1787
606 1800
607 1774
608 1834
609 1766
610 1791
611 1743
612 1730
613 1741
614 1749
615 1731
616 1773
617 1697
618 1755
619 1675
620 1732
621 1730
622 1684
623 1690
624 1705
625 1672
626 1645
627 1627
628 1732
629 1643
630 1682
631 1676
632 1660
633 1708
634 1652
635 1517
636 1570
637 1596
638 1622
639 1546
640 1499
641 1579
642 1561
643 1569
644 1583
645 1545
646 1550
647 1571
648 1591
649 1594
650 1514
651 1500
652 1584
653 1564
654 1491
655 1485
656 1472
657 1457
658 1433
659 1452
660 1437
661 1460
662 1456
663 1397
664 1405
665 1414
666 1392
667 1428
668 1311
669 1412
670 1352
671 1402
672 1331
673 1336
674 1318
675 1348
676 1327
677 1280
678 1330
679 1360
680 1283
681 1240
682 1257
683 1205
684 1229
685 1316
686 1234
687 1264
688 1222
689 1211
690 1194
691 1184
692 1176
693 1213
694 1124
695 1173
696 1207
697 1206
698 1246
699 1125
700 1135
701 1071
702 1064
703 1132
704 1112
705 1149
706 1054
707 1120
708 1106
709 1103
710 1072
711 1027
712 1040
713 1020
714 1091
715 1039
716 1028
717 994
718 1010
719 990
720 1020
721 1046
722 957
723 981
724 962
725 1004
726 980
727 984
728 951
729 929
730 1000
731 895
732 830
733 909
734 900
735 887
736 858
737 906
738 905
739 906
740 880
741 845
742 846
743 856
744 898
745 884
746 809
747 808
748 783
749 813
750 847
751 774
752 794
753 803
754 774
755 742
756 792
757 730
758 743
759 712
760 737
761 734
762 685
763 713
764 706
765 680
766 732
767 693
768 650
769 719
770 691
771 683
772 684
773 666
774 676
775 666
776 644
777 654
778 661
779 643
780 653
781 610
782 648
783 645
784 622
785 543
786 614
787 617
788 603
789 585
790 585
791 535
792 607
793 579
794 577
795 598
796 554
797 579
798 561
799 560
800 523
801 579
802 572
803 523
804 549
805 507
806 538
807 558
808 548
809 526
810 494
811 516
812 520
813 434
814 477
815 488
816 413
817 491
818 494
819 526
820 504
821 492
822 459
823 461
824 495
825 430
826 465
827 487
828 421
829 418
830 414
831 439
832 428
833 425
834 392
835 409
836 427
837 433
838 381
839 426
840 432
841 406
842 405
843 381
844 376
845 369
846 365
847 381
848 429
849 375
850 363
851 407
852 407
853 367
854 350
855 340
856 367
857 305
858 372
859 372
860 349
861 340
862 363
863 339
864 377
865 327
866 344
867 365
868 331
869 365
870 364
871 341
872 328
873 331
874 335
875 356
876 299
877 370
878 345
879 319
880 294
881 289
882 323
883 306
884 284
885 317
886 315
887 313
888 293
889 300
890 280
891 304
892 289
893 319
894 324
895 334
896 295
897 314
898 292
899 300
900 260
901 253
902 285
903 268
904 282
905 286
906 300
907 270
908 300
909 294
910 290
911 270
912 252
913 281
914 304
915 268
916 270
917 258
918 265
919 262
920 250
921 259
922 249
923 282
924 270
925 288
926 275
927 234
928 280
929 264
930 270
931 247
932 257
933 246
934 285
935 278
936 233
937 248
938 269
939 275
940 226
941 260
942 253
943 260
944 233
945 262
946 242
947 265
948 243
949 229
950 260
951 258
952 266
953 247
954 255
955 258
956 209
957 244
958 274
959 228
960 243
961 232
962 222
963 239
964 236
965 222
966 242
967 255
968 259
969 236
970 236
971 244
972 236
973 253
974 254
975 282
976 218
977 242
978 249
979 245
980 249
981 234
982 230
983 238
984 239
985 228
986 231
987 240
988 235
989 229
990 212
991 216
992 215
993 238
994 194
995 230
996 200
997 246
998 224
999 240
1000 230
1001 193
1002 211
1003 222
1004 215
1005 247
1006 203
1007 222
1008 232
1009 216
1010 245
1011 239
1012 264
1013 221
1014 220
1015 211
1016 242
1017 208
1018 246
1019 216
1020 229
1021 219
1022 222
1023 224
1024 226
1025 224
1026 217
1027 201
1028 208
1029 231
1030 228
1031 234
1032 230
1033 227
1034 229
1035 220
1036 234
1037 212
1038 236
1039 230
1040 236
1041 236
1042 198
1043 203
1044 208
1045 252
1046 188
1047 217
1048 211
1049 201
1050 213
1051 211
1052 236
1053 220
1054 225
1055 199
1056 218
1057 209
1058 188
1059 187
1060 223
1061 239
1062 220
1063 222
1064 179
1065 234
1066 205
1067 228
1068 206
1069 226
1070 223
1071 218
1072 209
1073 243
1074 217
1075 216
1076 181
1077 210
1078 218
1079 219
1080 223
1081 198
1082 194
1083 207
1084 213
1085 231
1086 197
1087 180
1088 205
1089 230
1090 186
1091 223
1092 219
1093 219
1094 216
1095 194
1096 205
1097 203
1098 206
1099 184
1100 227
1101 204
1102 194
1103 207
1104 210
1105 221
1106 189
1107 222
1108 209
1109 219
1110 231
1111 199
1112 224
1113 206
1114 210
1115 201
1116 216
1117 207
1118 195
1119 229
1120 206
1121 217
1122 240
1123 221
1124 224
1125 223
1126 186
1127 199
1128 233
1129 206
1130 212
1131 224
1132 208
1133 227
1134 226
1135 186
1136 192
1137 219
1138 227
1139 216
1140 194
1141 216
1142 186
1143 211
1144 201
1145 189
1146 205
1147 244
1148 203
1149 208
1150 183
1151 191
1152 218
1153 216
1154 186
1155 209
1156 213
1157 204
1158 172
1159 201
1160 197
1161 197
1162 206
1163 194
1164 210
1165 212
1166 208
1167 201
1168 223
1169 180
1170 207
1171 211
1172 199
1173 215
1174 214
1175 214
1176 228
1177 210
1178 165
1179 227
1180 208
1181 210
1182 187
1183 209
1184 190
1185 237
1186 194
1187 208
1188 214
1189 217
1190 198
1191 172
1192 209
1193 182
1194 216
1195 215
1196 227
1197 218
1198 197
1199 193
1200 200
1201 199
1202 184
1203 214
1204 172
1205 191
1206 191
1207 221
1208 204
1209 214
1210 238
1211 202
1212 215
1213 218
1214 201
1215 184
1216 210
1217 191
1218 198
1219 216
1220 225
1221 204
1222 205
1223 177
1224 220
1225 203
1226 229
1227 195
1228 210
1229 203
1230 202
1231 176
1232 213
1233 196
1234 205
1235 189
1236 203
1237 169
1238 208
1239 204
1240 204
1241 195
1242 187
1243 210
1244 217
1245 213
1246 202
1247 176
1248 230
1249 229
1250 169
1251 221
1252 205
1253 223
1254 174
1255 184
1256 179
1257 204
1258 193
1259 209
1260 211
1261 188
1262 203
1263 203
1264 185
1265 192
1266 196
1267 206
1268 207
1269 194
1270 209
1271 222
1272 194
1273 218
1274 188
1275 177
1276 231
1277 172
1278 195
1279 182
1280 210
1281 220
1282 203
1283 219
1284 199
1285 232
1286 212
1287 180
1288 214
1289 210
1290 206
1291 206
1292 211
1293 202
1294 194
1295 197
1296 178
1297 182
1298 195
1299 199
1300 178
1301 193
1302 161
1303 174
1304 190
1305 198
1306 186
1307 208
1308 176
1309 180
1310 164
1311 184
1312 166
1313 187
1314 210
1315 185
1316 180
1317 181
1318 214
1319 222
1320 197
1321 203
1322 218
1323 203
1324 173
1325 194
1326 180
1327 196
1328 162
1329 199
1330 192
1331 201
1332 197
1333 186
1334 185
1335 188
1336 189
1337 183
1338 175
1339 222
1340 209
1341 178
1342 196
1343 209
1344 193
1345 189
1346 186
1347 167
1348 182
1349 181
1350 179
1351 191
1352 174
1353 224
1354 177
1355 171
1356 184
1357 175
1358 172
1359 193
1360 203
1361 184
1362 177
1363 154
1364 200
1365 185
1366 191
1367 174
1368 191
1369 195
1370 174
1371 172
1372 166
1373 166
1374 186
1375 174
1376 186
1377 191
1378 148
1379 173
1380 197
1381 169
1382 164
1383 176
1384 170
1385 192
1386 185
1387 158
1388 191
1389 168
1390 165
1391 174
1392 160
1393 175
1394 169
1395 174
1396 162
1397 145
1398 173
1399 182
1400 160
1401 172
1402 191
1403 146
1404 148
1405 163
1406 171
1407 190
1408 174
1409 160
1410 181
1411 156
1412 165
1413 168
1414 168
1415 164
1416 168
1417 174
1418 153
1419 146
1420 164
1421 156
1422 153
1423 173
1424 153
1425 162
1426 170
1427 154
1428 157
1429 153
1430 171
1431 142
1432 177
1433 169
1434 170
1435 154
1436 127
1437 151
1438 160
1439 155
1440 147
1441 171
1442 153
1443 159
1444 162
1445 161
1446 153
1447 170
1448 135
1449 168
1450 167
1451 162
1452 134
1453 154
1454 147
1455 134
1456 156
1457 153
1458 133
1459 135
1460 161
1461 128
1462 137
1463 137
1464 155
1465 123
1466 137
1467 144
1468 136
1469 145
1470 142
1471 136
1472 146
1473 146
1474 157
1475 135
1476 141
1477 161
1478 149
1479 145
1480 147
1481 144
1482 135
1483 137
1484 145
1485 131
1486 127
1487 143
1488 136
1489 135
1490 129
1491 142
1492 138
1493 121
1494 121
1495 132
1496 143
1497 133
1498 122
1499 142
1500 147
1501 138
1502 145
1503 121
1504 139
1505 127
1506 127
1507 115
1508 128
1509 138
1510 148
1511 126
1512 134
1513 140
1514 137
1515 132
1516 124
1517 125
1518 135
1519 140
1520 121
1521 128
1522 108
1523 134
1524 101
1525 136
1526 123
1527 122
1528 114
1529 126
1530 112
1531 138
1532 121
1533 109
1534 120
1535 117
1536 135
1537 116
1538 116
1539 121
1540 116
1541 113
1542 102
1543 104
1544 117
1545 111
1546 105
1547 121
1548 100
1549 108
1550 116
1551 114
1552 106
1553 127
1554 124
1555 107
1556 130
1557 112
1558 114
1559 123
1560 113
1561 125
1562 123
1563 127
1564 102
1565 126
1566 101
1567 118
1568 113
1569 98
1570 104
1571 116
1572 101
1573 87
1574 91
1575 109
1576 98
1577 104
1578 114
1579 96
1580 90
1581 114
1582 121
1583 107
1584 105
1585 104
1586 102
1587 90
1588 104
1589 106
1590 105
1591 100
1592 98
1593 104
1594 103
1595 101
1596 90
1597 96
1598 98
1599 94
1600 112
1601 111
1602 96
1603 112
1604 98
1605 93
1606 95
1607 92
1608 105
1609 102
1610 105
1611 86
1612 95
1613 99
1614 104
1615 100
1616 108
1617 71
1618 85
1619 107
1620 90
1621 95
1622 93
1623 109
1624 89
1625 102
1626 103
1627 85
1628 79
1629 87
1630 88
1631 95
1632 94
1633 84
1634 91
1635 96
1636 99
1637 82
1638 89
1639 100
1640 77
1641 78
1642 74
1643 81
1644 89
1645 101
1646 80
1647 91
1648 89
1649 86
1650 91
1651 83
1652 76
1653 89
1654 71
1655 68
1656 76
1657 99
1658 94
1659 73
1660 82
1661 84
1662 92
1663 87
1664 71
1665 86
1666 71
1667 78
1668 60
1669 84
1670 82
1671 76
1672 81
1673 78
1674 71
1675 74
1676 74
1677 75
1678 74
1679 88
1680 83
1681 70
1682 61
1683 84
1684 77
1685 86
1686 71
1687 85
1688 60
1689 84
1690 81
1691 82
1692 81
1693 70
1694 68
1695 60
1696 74
1697 87
1698 62
1699 74
1700 68
1701 71
1702 79
1703 73
1704 59
1705 83
1706 88
1707 89
1708 50
1709 76
1710 68
1711 72
1712 49
1713 71
1714 71
1715 78
1716 68
1717 69
1718 68
1719 72
1720 64
1721 56
1722 67
1723 70
1724 62
1725 69
1726 76
1727 74
1728 67
1729 55
1730 62
1731 71
1732 49
1733 68
1734 74
1735 63
1736 61
1737 71
1738 58
1739 73
1740 64
1741 51
1742 52
1743 54
1744 58
1745 57
1746 69
1747 57
1748 77
1749 65
1750 52
1751 61
1752 59
1753 58
1754 59
1755 56
1756 55
1757 62
1758 60
1759 57
1760 72
1761 67
1762 57
1763 59
1764 50
1765 53
1766 58
1767 62
1768 54
1769 53
1770 48
1771 56
1772 58
1773 65
1774 55
1775 45
1776 62
1777 55
1778 42
1779 41
1780 52
1781 62
1782 56
1783 57
1784 55
1785 41
1786 40
1787 54
1788 62
1789 49
1790 56
1791 62
1792 45
1793 61
1794 40
1795 57
1796 50
1797 57
1798 49
1799 60
1800 49
1801 51
1802 51
1803 44
1804 52
1805 45
1806 53
1807 52
1808 48
1809 40
1810 41
1811 55
1812 56
1813 61
1814 53
1815 43
1816 54
1817 47
1818 54
1819 55
1820 59
1821 46
1822 41
1823 37
1824 40
1825 35
1826 38
1827 36
1828 40
1829 36
1830 37
1831 47
1832 54
1833 35
1834 47
1835 44
1836 45
1837 43
1838 49
1839 36
1840 43
1841 49
1842 47
1843 44
1844 51
1845 40
1846 29
1847 32
1848 32
1849 36
1850 40
1851 38
1852 37
1853 44
1854 38
1855 34
1856 46
1857 27
1858 36
1859 28
1860 33
1861 46
1862 46
1863 35
1864 51
1865 47
1866 35
1867 30
1868 39
1869 30
1870 42
1871 32
1872 39
1873 34
1874 34
1875 43
1876 43
1877 30
1878 35
1879 40
1880 49
1881 35
1882 43
1883 31
1884 30
1885 37
1886 35
1887 42
1888 25
1889 33
1890 32
1891 44
1892 40
1893 51
1894 33
1895 33
1896 29
1897 33
1898 36
1899 33
1900 29
1901 34
1902 37
1903 26
1904 34
1905 20
1906 37
1907 28
1908 31
1909 37
1910 26
1911 33
1912 35
1913 33
1914 30
1915 22
1916 27
1917 40
1918 33
1919 36
1920 28
1921 40
1922 32
1923 17
1924 31
1925 19
1926 22
1927 41
1928 31
1929 28
1930 28
1931 38
1932 32
1933 48
1934 25
1935 32
1936 32
1937 38
1938 32
1939 30
1940 31
1941 27
1942 22
1943 24
1944 32
1945 23
1946 26
1947 23
1948 30
1949 23
1950 29
1951 20
1952 27
1953 28
1954 38
1955 26
1956 24
1957 38
1958 32
1959 24
1960 28
1961 26
1962 31
1963 32
1964 28
1965 28
1966 24
1967 22
1968 22
1969 19
1970 23
1971 24
1972 22
1973 14
1974 16
1975 30
1976 22
1977 17
1978 32
1979 28
1980 12
1981 25
1982 37
1983 23
1984 26
1985 32
1986 21
1987 19
1988 32
1989 17
1990 20
1991 24
1992 20
1993 17
1994 22
1995 15
1996 22
1997 24
1998 30
1999 20
2000 19
2001 19
2002 28
2003 17
2004 15
2005 22
2006 28
2007 28
2008 19
2009 24
2010 27
2011 17
2012 21
2013 24
2014 24
2015 27
2016 20
2017 27
2018 17
2019 20
2020 22
2021 18
2022 27
2023 19
2024 23
2025 14
2026 16
2027 25
2028 15
2029 25
2030 14
2031 22
2032 24
2033 23
2034 21
2035 23
2036 21
2037 20
2038 19
2039 17
2040 15
2041 18
2042 23
2043 17
2044 18
2045 11
2046 20
2047 16
2048 24
2049 12
2050 18
2051 17
2052 23
2053 18
2054 22
2055 21
2056 14
2057 14
2058 16
2059 17
2060 15
2061 20
2062 18
2063 9
2064 19
2065 9
2066 11
2067 15
2068 13
2069 18
2070 17
2071 12
2072 12
2073 17
2074 14
2075 21
2076 14
2077 18
2078 23
2079 20
2080 13
2081 11
2082 15
2083 13
2084 12
2085 18
2086 14
2087 14
2088 16
2089 16
2090 8
2091 18
2092 14
2093 11
2094 12
2095 14
2096 17
2097 7
2098 16
2099 12
2100 12
2101 16
2102 17
2103 17
2104 13
2105 26
2106 13
2107 17
2108 8
2109 11
2110 11
2111 7
2112 12
2113 11
2114 12
2115 7
2116 9
2117 19
2118 12
2119 11
2120 16
2121 14
2122 9
2123 11
2124 10
2125 15
2126 8
2127 5
2128 10
2129 11
2130 14
2131 6
2132 13
2133 16
2134 10
2135 6
2136 9
2137 11
2138 15
2139 14
2140 8
2141 10
2142 9
2143 7
2144 6
2145 11
2146 12
2147 11
2148 12
2149 11
2150 16
2151 7
2152 9
2153 8
2154 7
2155 10
2156 7
2157 5
2158 3
2159 10
2160 11
2161 11
2162 7
2163 8
2164 8
2165 13
2166 9
2167 9
2168 11
2169 7
2170 8
2171 5
2172 9
2173 8
2174 9
2175 9
2176 7
2177 14
2178 13
2179 6
2180 14
2181 9
2182 10
2183 5
2184 7
2185 17
2186 7
2187 6
2188 11
2189 4
2190 9
2191 13
2192 5
2193 13
2194 9
2195 6
2196 9
2197 8
2198 10
2199 8
2200 9
2201 8
2202 10
2203 10
2204 7
2205 6
2206 13
2207 8
2208 5
2209 12
2210 3
2211 6
2212 5
2213 9
2214 7
2215 3
2216 8
2217 6
2218 6
2219 3
2220 10
2221 7
2222 9
2223 7
2224 3
2225 10
2226 5
2227 4
2228 12
2229 12
2230 8
2231 6
2232 5
2233 4
2234 11
2235 7
2236 3
2237 8
2238 3
2239 6
2240 2
2241 2
2242 4
2243 7
2244 4
2245 8
2246 3
2247 2
2248 4
2249 8
2250 1
2251 9
2252 7
2253 7
2254 6
2255 3
2256 7
2257 7
2258 5
2259 7
2260 4
2261 5
2262 7
2263 6
2264 5
2265 5
2266 2
2267 5
2268 4
2269 8
2270 4
2271 5
2272 2
2273 5
2274 4
2275 7
2276 6
2277 1
2278 8
2279 8
2280 4
2281 6
2282 9
2283 5
2284 3
2285 2
2286 6
2287 6
2288 3
2289 4
2290 3
2291 3
2292 9
2293 5
2294 8
2295 4
2296 2
2297 3
2298 2
2299 5
2300 6
2301 3
2302 5
2303 4
2304 2
2305 8
2306 2
2307 2
2308 5
2309 3
2310 5
2311 2
2312 3
2313 6
2314 4
2315 3
2316 6
2317 4
2318 5
2319 4
2320 7
2321 4
2322 4
2323 0
2324 4
2325 3
2326 3
2327 2
2328 4
2329 3
2330 5
2331 1
2332 2
2333 1
2334 2
2335 4
2336 4
2337 3
2338 4
2339 5
2340 6
2341 4
2342 0
2343 6
2344 2
2345 3
2346 5
2347 4
2348 4
2349 3
2350 2
2351 4
2352 2
2353 2
2354 3
2355 4
2356 3
2357 1
2358 4
2359 1
2360 3
2361 7
2362 3
2363 5
2364 4
2365 2
2366 5
2367 4
2368 2
2369 3
2370 2
2371 4
2372 1
2373 0
2374 1
2375 2
2376 0
2377 1
2378 3
2379 5
2380 1
2381 1
2382 5
2383 1
2384 3
2385 2
2386 5
2387 0
2388 3
2389 0
2390 4
2391 0
2392 6
2393 3
2394 5
2395 1
2396 1
2397 2
2398 1
2399 2
2400 1
2401 3
2402 5
2403 3
2404 4
2405 5
2406 2
2407 2
2408 2
2409 2
2410 2
2411 5
2412 3
2413 3
2414 0
2415 2
2416 1
2417 3
2418 3
2419 3
2420 1
2421 2
2422 1
2423 0
2424 3
2425 5
2426 3
2427 4
2428 1
2429 6
2430 2
2431 2
2432 2
2433 2
2434 1
2435 1
2436 1
2437 1
2438 2
2439 0
2440 2
2441 0
2442 1
2443 3
2444 1
2445 2
2446 0
2447 0
2448 1
2449 2
2450 0
2451 3
2452 1
2453 3
2454 0
2455 0
2456 2
2457 4
2458 0
2459 2
2460 1
2461 1
2462 6
2463 1
2464 0
2465 1
2466 1
2467 2
2468 2
2469 0
2470 2
2471 1
2472 1
2473 2
2474 3
2475 1
2476 4
2477 1
2478 2
2479 1
2480 1
2481 2
2482 0
2483 2
2484 7
2485 2
2486 1
2487 3
2488 3
2489 0
2490 0
2491 2
2492 1
2493 2
2494 2
2495 1
2496 1
2497 2
2498 1
2499 2
2500 4
2501 0
2502 0
2503 2
2504 0
2505 1
2506 1
2507 2
2508 1
2509 0
2510 1
2511 1
2512 0
2513 0
2514 1
2515 0
2516 1
2517 3
2518 2
2519 1
2520 0
2521 1
2522 1
2523 1
2524 1
2525 2
2526 0
2527 1
2528 0
2529 1
2530 0
2531 2
2532 1
2533 0
2534 1
2535 0
2536 0
2537 1
2538 1
2539 2
2540 0
2541 0
2542 1
2543 1
2544 2
2545 0
2546 3
2547 1
2548 3
2549 3
2550 0
2551 0
2552 0
2553 0
2554 1
2555 0
2556 3
2557 1
2558 0
2559 2
2560 3
2561 0
2562 1
2563 0
2564 0
2565 0
2566 0
2567 0
2568 1
2569 1
2570 0
2571 0
2572 1
2573 1
2574 1
2575 0
2576 0
2577 3
2578 0
2579 0
2580 0
2581 0
2582 0
2583 0
2584 1
2585 1
2586 1
2587 0
2588 0
2589 1
2590 0
2591 0
2592 0
2593 1
2594 0
2595 1
2596 0
2597 2
2598 0
2599 2
2600 2
2601 0
2602 0
2603 1
2604 0
2605 1
2606 0
2607 1
2608 0
2609 0
2610 2
2611 2
2612 0
2613 0
2614 0
2615 0
2616 1
2617 0
2618 0
2619 0
2620 0
2621 0
2622 1
2623 1
2624 1
2625 0
2626 4
2627 0
2628 0
2629 2
2630 1
2631 0
2632 2
2633 0
2634 0
2635 0
2636 1
2637 0
2638 0
2639 0
2640 1
2641 0
2642 1
2643 0
2644 0
2645 0
2646 0
2647 1
2648 0
2649 0
2650 2
2651 1
2652 2
2653 1
2654 0
2655 0
2656 1
2657 0
2658 1
2659 1
2660 1
2661 0
2662 0
2663 0
2664 0
2665 1
2666 2
2667 0
2668 1
2669 1
2670 0
2671 0
2672 0
2673 0
2674 0
2675 2
2676 0
2677 1
2678 0
2679 0
2680 0
2681 0
2682 1
2683 0
2684 0
2685 0
2686 2
2687 1
2688 0
2689 0
2690 0
2691 0
2692 1
2693 0
2694 0
2695 0
2696 1
2697 0
2698 1
2699 0
2700 1
2701 0
2702 0
2703 0
2704 0
2705 2
2706 0
2707 0
2708 0
2709 0
2710 0
2711 1
2712 0
2713 0
2714 0
2715 1
2716 1
2717 1
2718 0
2719 0
2720 0
2721 0
2722 0
2723 0
2724 0
2725 0
2726 1
2727 1
2728 0
2729 1
2730 0
2731 1
2732 0
2733 0
2734 0
2735 0
2736 0
2737 1
2738 1
2739 0
2740 0
2741 1
2742 0
2743 0
2744 0
2745 0
2746 1
2747 0
2748 0
2749 1
2750 1
2751 1
2752 0
2753 0
2754 0
2755 0
2756 0
2757 0
2758 0
2759 0
2760 0
2761 0
2762 0
2763 0
2764 0
2765 1
2766 1
2767 0
2768 0
2769 0
2770 0
2771 0
2772 0
2773 1
2774 2
2775 1
2776 0
2777 0
2778 0
2779 0
2780 0
2781 1
2782 0
2783 0
2784 0
2785 0
2786 1
2787 0
2788 0
2789 0
2790 0
2791 0
2792 0
2793 2
2794 0
2795 1
2796 0
2797 1
2798 0
2799 0
2800 0
2801 0
2802 0
2803 0
2804 1
2805 0
2806 1
2807 0
2808 0
2809 1
2810 0
2811 0
2812 0
2813 0
2814 1
2815 0
2816 0
2817 0
2818 1
2819 0
2820 1
2821 0
2822 0
2823 1
2824 0
2825 0
2826 0
2827 0
2828 0
2829 0
2830 0
2831 0
2832 0
2833 0
2834 0
2835 0
2836 1
2837 0
2838 0
2839 0
2840 1
2841 0
2842 0
2843 0
2844 0
2845 0
2846 0
2847 0
2848 0
2849 0
2850 1
2851 0
2852 0
2853 0
2854 0
2855 0
2856 0
2857 1
2858 0
2859 0
2860 0
2861 0
2862 0
2863 0
2864 0
2865 0
2866 1
2867 0
2868 0
2869 0
2870 0
2871 0
2872 0
2873 1
2874 0
2875 0
2876 0
2877 0
2878 0
2879 0
2880 0
2881 0
2882 0
2883 0
2884 0
2885 0
2886 0
2887 1
2888 0
2889 0
2890 1
2891 1
2892 0
2893 1
2894 1
2895 0
2896 0
2897 0
2898 0
2899 0
2900 0
2901 0
2902 0
2903 0
2904 0
2905 1
2906 0
2907 0
2908 1
2909 0
2910 0
2911 0
2912 0
2913 0
2914 0
2915 0
2916 0
2917 0
2918 0
2919 0
2920 0
2921 0
2922 0
2923 0
2924 0
2925 0
2926 0
2927 0
2928 0
2929 2
2930 0
2931 0
2932 0
2933 0
2934 0
2935 0
2936 1
2937 1
2938 0
2939 0
2940 1
2941 1
2942 0
2943 0
2944 0
2945 0
2946 0
2947 0
2948 0
2949 0
2950 0
2951 2
2952 0
2953 0
2954 0
2955 0
2956 0
2957 0
2958 0
2959 0
2960 0
2961 1
2962 0
2963 0
2964 0
2965 0
2966 0
2967 0
2968 0
2969 1
2970 0
2971 0
2972 0
2973 0
2974 0
2975 0
2976 0
2977 0
2978 0
2979 0
2980 0
2981 0
2982 1
2983 0
2984 0
2985 0
2986 0
2987 0
2988 0
2989 1
2990 0
2991 0
2992 1
2993 0
2994 0
2995 0
2996 0
2997 0
2998 0
2999 0
3000 0
3001 0
3002 0
3003 1
3004 1
3005 0
3006 1
3007 0
3008 1
3009 0
3010 0
3011 0
3012 0
3013 0
3014 0
3015 1
3016 0
3017 0
3018 0
3019 1
3020 1
3021 0
3022 0
3023 0
3024 0
3025 0
3026 1
3027 0
3028 0
3029 0
3030 1
3031 0
3032 0
3033 0
3034 0
3035 0
3036 0
3037 1
3038 0
3039 0
3040 0
3041 0
3042 0
3043 0
3044 0
3045 0
3046 0
3047 0
3048 0
3049 0
3050 0
3051 0
3052 0
3053 0
3054 0
3055 0
3056 0
3057 0
3058 0
3059 0
3060 0
3061 0
3062 0
3063 0
3064 0
3065 0
3066 0
3067 0
3068 0
3069 0
3070 1
3071 0
3072 0
3073 0
3074 0
3075 0
3076 0
3077 0
3078 0
3079 1
3080 0
3081 0
3082 0
3083 0
3084 0
3085 0
3086 0
3087 0
3088 0
3089 0
3090 0
3091 1
3092 0
3093 0
3094 0
3095 0
3096 0
3097 0
3098 0
3099 0
3100 1
3101 0
3102 0
3103 0
3104 0
3105 0
3106 0
3107 0
3108 0
3109 1
3110 0
3111 0
3112 0
3113 1
3114 0
3115 0
3116 0
3117 0
3118 0
3119 0
3120 0
3121 0
3122 0
3123 0
3124 0
3125 1
3126 1
3127 0
3128 0
3129 0
3130 0
3131 0
3132 0
3133 0
3134 0
3135 0
3136 0
3137 0
3138 0
3139 0
3140 0
3141 0
3142 0
3143 0
3144 0
3145 0
3146 0
3147 0
3148 0
3149 0
3150 0
3151 0
3152 0
3153 0
3154 0
3155 1
3156 0
3157 0
3158 0
3159 0
3160 0
3161 0
3162 0
3163 0
3164 0
3165 0
3166 0
3167 0
3168 0
3169 1
3170 0
3171 0
3172 0
3173 0
3174 0
3175 0
3176 0
3177 0
3178 0
3179 0
3180 0
3181 0
3182 0
3183 0
3184 0
3185 0
3186 0
3187 0
3188 0
3189 1
3190 0
3191 0
3192 0
3193 0
3194 0
3195 0
3196 0
3197 0
3198 0
3199 0
3200 0
3201 0
3202 0
3203 0
3204 0
3205 0
3206 0
3207 0
3208 0
3209 0
3210 0
3211 0
3212 0
3213 0
3214 0
3215 0
3216 0
3217 0
3218 0
3219 0
3220 0
3221 0
3222 0
3223 0
3224 0
3225 0
3226 0
3227 0
3228 0
3229 0
3230 1
3231 0
3232 0
3233 0
3234 0
3235 0
3236 0
3237 0
3238 0
3239 1
3240 0
3241 0
3242 0
3243 0
3244 0
3245 0
3246 0
3247 0
3248 0
3249 0
3250 0
3251 0
3252 0
3253 0
3254 0
3255 0
3256 0
3257 0
3258 0
3259 0
3260 0
3261 0
3262 0
3263 0
3264 0
3265 0
3266 0
3267 0
3268 0
3269 0
3270 0
3271 0
3272 0
3273 0
3274 0
3275 0
3276 0
3277 0
3278 0
3279 1
3280 0
3281 0
3282 1
3283 0
3284 0
3285 0
3286 0
3287 0
3288 0
3289 0
3290 0
3291 1
3292 0
3293 0
3294 0
3295 0
3296 0
3297 1
3298 0
3299 0
3300 0
3301 1
3302 0
3303 0
3304 0
3305 0
3306 0
3307 0
3308 0
3309 0
3310 0
3311 0
3312 0
3313 0
3314 0
3315 0
3316 0
3317 0
3318 0
3319 0
3320 0
3321 0
3322 0
3323 0
3324 0
3325 0
3326 0
3327 0
3328 0
3329 0
3330 0
3331 0
3332 1
3333 0
3334 0
3335 0
3336 0
3337 0
3338 0
3339 0
3340 0
3341 0
3342 0
3343 0
3344 0
3345 0
3346 0
3347 0
3348 0
3349 0
3350 0
3351 1
3352 0
3353 0
3354 0
3355 0
3356 0
3357 0
3358 0
3359 0
3360 0
3361 0
3362 0
3363 0
3364 0
3365 0
3366 0
3367 0
3368 0
3369 0
3370 0
3371 0
3372 0
3373 0
3374 0
3375 0
3376 0
3377 0
3378 0
3379 0
3380 0
3381 0
3382 0
3383 0
3384 0
3385 0
3386 0
3387 0
3388 0
3389 0
3390 0
3391 1
3392 0
3393 0
3394 0
3395 0
3396 0
3397 0
3398 0
3399 0
3400 0
3401 0
3402 0
3403 1
3404 1
3405 0
3406 0
3407 0
3408 0
3409 0
3410 0
3411 0
3412 0
3413 0
3414 0
3415 1
3416 0
3417 0
3418 0
3419 0
3420 0
3421 0
3422 0
3423 0
3424 0
3425 0
3426 0
3427 0
3428 0
3429 0
3430 0
3431 0
3432 0
3433 0
3434 0
3435 0
3436 0
3437 0
3438 0
3439 0
3440 0
3441 0
3442 0
3443 0
3444 0
3445 0
3446 0
3447 0
3448 0
3449 0
3450 0
3451 0
3452 0
3453 0
3454 0
3455 0
3456 0
3457 0
3458 0
3459 0
3460 0
3461 0
3462 0
3463 0
3464 0
3465 0
3466 0
3467 0
3468 0
3469 0
3470 0
3471 0
3472 0
3473 0
3474 0
3475 1
3476 0
3477 0
3478 0
3479 0
3480 0
3481 0
3482 0
3483 0
3484 0
3485 0
3486 0
3487 0
3488 0
3489 0
3490 0
3491 0
3492 0
3493 0
3494 0
3495 1
3496 0
3497 0
3498 0
3499 0
3500 0
3501 0
3502 0
3503 0
3504 0
3505 0
3506 1
3507 0
3508 0
3509 0
3510 0
3511 0
3512 0
3513 0
3514 0
3515 0
3516 0
3517 0
3518 0
3519 0
3520 0
3521 0
3522 0
3523 0
3524 0
3525 0
3526 0
3527 0
3528 0
3529 0
3530 0
3531 0
3532 0
3533 0
3534 0
3535 1
3536 0
3537 0
3538 0
3539 0
3540 0
3541 0
3542 0
3543 0
3544 0
3545 0
3546 0
3547 0
3548 0
3549 0
3550 0
3551 0
3552 0
3553 0
3554 0
3555 0
3556 0
3557 0
3558 0
3559 0
3560 0
3561 0
3562 0
3563 0
3564 0
3565 0
3566 0
3567 0
3568 0
3569 0
3570 0
3571 0
3572 0
3573 0
3574 0
3575 0
3576 0
3577 0
3578 0
3579 0
3580 0
3581 0
3582 0
3583 0
3584 0
3585 0
3586 0
3587 0
3588 0
3589 0
3590 0
3591 0
3592 0
3593 0
3594 0
3595 0
3596 0
3597 0
3598 1
3599 0
3600 0
3601 0
3602 0
3603 0
3604 0
3605 0
3606 0
3607 0
3608 0
3609 0
3610 0
3611 0
3612 0
3613 0
3614 0
3615 0
3616 0
3617 0
3618 0
3619 0
3620 0
3621 0
3622 0
3623 0
3624 0
3625 1
3626 0
3627 0
3628 0
3629 0
3630 0
3631 0
3632 0
3633 0
3634 0
3635 0
3636 0
3637 0
3638 0
3639 0
3640 0
3641 0
3642 0
3643 0
3644 0
3645 0
3646 0
3647 0
3648 0
3649 0
3650 0
3651 0
3652 0
3653 0
3654 0
3655 0
3656 0
3657 0
3658 0
3659 0
3660 0
3661 0
3662 0
3663 0
3664 0
3665 0
3666 0
3667 0
3668 0
3669 0
3670 0
3671 0
3672 1
3673 0
3674 0
3675 0
3676 0
3677 0
3678 0
3679 0
3680 0
3681 0
3682 0
3683 0
3684 0
3685 0
3686 0
3687 0
3688 0
3689 0
3690 0
3691 0
3692 0
3693 0
3694 0
3695 0
3696 0
3697 0
3698 0
3699 0
3700 0
3701 0
3702 0
3703 0
3704 1
3705 0
3706 0
3707 0
3708 0
3709 0
3710 0
3711 0
3712 0
3713 0
3714 0
3715 0
3716 0
3717 0
3718 0
3719 0
3720 0
3721 0
3722 0
3723 0
3724 0
3725 0
3726 0
3727 0
3728 0
3729 0
3730 0
3731 0
3732 0
3733 0
3734 0
3735 0
3736 0
3737 0
3738 0
3739 0
3740 0
3741 0
3742 0
3743 0
3744 0
3745 0
3746 0
3747 0
3748 0
3749 0
3750 0
3751 0
3752 0
3753 0
3754 0
3755 0
3756 0
3757 0
3758 0
3759 0
3760 0
3761 0
3762 0
3763 0
3764 0
3765 0
3766 0
3767 0
3768 0
3769 0
3770 0
3771 0
3772 0
3773 0
3774 0
3775 0
3776 0
3777 0
3778 0
3779 0
3780 0
3781 0
3782 0
3783 0
3784 0
3785 0
3786 0
3787 0
3788 0
3789 0
3790 0
3791 0
3792 0
3793 0
3794 0
3795 0
3796 0
3797 0
3798 0
3799 0
3800 1
3801 0
3802 0
3803 0
3804 0
3805 0
3806 0
3807 0
3808 0
3809 0
3810 0
3811 0
3812 0
3813 0
3814 0
3815 0
3816 0
3817 0
3818 0
3819 0
3820 0
3821 0
3822 0
3823 0
3824 0
3825 0
3826 0
3827 0
3828 0
3829 0
3830 0
3831 0
3832 0
3833 0
3834 0
3835 0
3836 0
3837 0
3838 0
3839 0
3840 0
3841 0
3842 0
3843 0
3844 0
3845 0
3846 0
3847 0
3848 0
3849 0
3850 0
3851 0
3852 0
3853 0
3854 0
3855 0
3856 0
3857 0
3858 0
3859 0
3860 0
3861 0
3862 0
3863 0
3864 0
3865 0
3866 0
3867 0
3868 0
3869 0
3870 0
3871 0
3872 0
3873 0
3874 0
3875 0
3876 0
3877 0
3878 0
3879 0
3880 0
3881 0
3882 0
3883 0
3884 1
3885 0
3886 0
3887 0
3888 0
3889 0
3890 0
3891 0
3892 0
3893 0
3894 0
3895 0
3896 0
3897 0
3898 0
3899 0
3900 0
3901 0
3902 0
3903 0
3904 0
3905 0
3906 0
3907 0
3908 0
3909 0
3910 0
3911 0
3912 0
3913 0
3914 0
3915 0
3916 0
3917 0
3918 0
3919 0
3920 0
3921 0
3922 0
3923 0
3924 0
3925 0
3926 0
3927 0
3928 0
3929 0
3930 0
3931 0
3932 0
3933 0
3934 0
3935 0
3936 0
3937 0
3938 0
3939 0
3940 0
3941 0
3942 0
3943 0
3944 0
3945 0
3946 0
3947 0
3948 0
3949 0
3950 0
3951 0
3952 0
3953 0
3954 0
3955 0
3956 0
3957 0
3958 0
3959 0
3960 0
3961 0
3962 0
3963 0
3964 0
3965 0
3966 0
3967 0
3968 0
3969 0
3970 0
3971 0
3972 0
3973 0
3974 0
3975 0
3976 0
3977 0
3978 0
3979 0
3980 0
3981 0
3982 0
3983 0
3984 0
3985 0
3986 0
3987 0
3988 0
3989 0
3990 0
3991 0
3992 0
3993 0
3994 0
3995 0
3996 0
3997 0
3998 0
3999 0
4000 0
