0 0
1 0
2 0
3 0
4 0
5 0
6 0
7 0
8 0
9 0
10 0
11 0
12 0
13 0
14 0
15 0
16 0
17 0
18 0
19 0
20 0
21 0
22 0
23 0
24 0
25 0
26 0
27 0
28 0
29 0
30 0
31 0
32 0
33 0
34 0
35 0
36 0
37 0
38 0
39 0
40 0
41 0
42 0
43 0
44 0
45 0
46 0
47 0
48 0
49 0
50 0
51 0
52 0
53 0
54 0
55 0
56 0
57 0
58 0
59 0
60 0
61 0
62 0
63 0
64 0
65 0
66 0
67 0
68 0
69 0
70 0
71 0
72 0
73 0
74 0
75 0
76 0
77 0
78 0
79 0
80 0
81 0
82 0
83 0
84 0
85 0
86 0
87 0
88 0
89 0
90 0
91 0
92 0
93 0
94 0
95 0
96 0
97 0
98 0
99 0
100 0
101 0
102 0
103 0
104 0
105 0
106 0
107 0
108 0
109 0
110 0
111 0
112 0
113 0
114 0
115 0
116 0
117 0
118 0
119 0
120 0
121 0
122 0
123 0
124 0
125 0
126 0
127 0
128 0
129 0
130 0
131 0
132 0
133 0
134 0
135 0
136 0
137 0
138 0
139 0
140 0
141 0
142 0
143 0
144 0
145 0
146 0
147 0
148 1
149 1
150 0
151 0
152 1
153 3
154 4
155 4
156 5
157 1
158 2
159 3
160 3
161 0
162 5
163 5
164 5
165 5
166 5
167 3
168 8
169 5
170 9
171 7
172 2
173 10
174 9
175 17
176 32
177 47
178 81
179 92
180 120
181 151
182 163
183 210
184 256
185 367
186 584
187 984
188 1552
189 2135
190 2643
191 2852
192 2889
193 2987
194 2700
195 2599
196 2436
197 2258
198 2083
199 1878
200 1634
201 1574
202 1407
203 1318
204 1224
205 1089
206 1004
207 945
208 936
209 915
210 875
211 935
212 841
213 851
214 788
215 831
216 806
217 807
218 878
219 832
220 787
221 854
222 868
223 874
224 844
225 854
226 827
227 827
228 900
229 895
230 928
231 902
232 908
233 914
234 919
235 890
236 980
237 914
238 945
239 987
240 989
241 984
242 959
243 1012
244 958
245 948
246 1030
247 948
248 1030
249 985
250 969
251 1020
252 975
253 1029
254 1002
255 1040
256 1042
257 1068
258 1019
259 1003
260 1061
261 1063
262 989
263 1070
264 1042
265 1091
266 1087
267 1023
268 1065
269 1003
270 1105
271 1084
272 1109
273 1104
274 1126
275 1089
276 1053
277 1104
278 1154
279 1156
280 1094
281 1133
282 1136
283 1141
284 1099
285 1149
286 1152
287 1146
288 1055
289 1086
290 1112
291 1111
292 1172
293 1111
294 1179
295 1132
296 1154
297 1159
298 1178
299 1212
300 1163
301 1108
302 1126
303 1141
304 1089
305 1118
306 1174
307 1213
308 1138
309 1105
310 1176
311 1202
312 1180
313 1178
314 1161
315 1158
316 1159
317 1184
318 1180
319 1175
320 1234
321 1191
322 1093
323 1149
324 1243
325 1162
326 1194
327 1190
328 1193
329 1188
330 1241
331 1277
332 1214
333 1189
334 1278
335 1282
336 1203
337 1220
338 1279
339 1262
340 1248
341 1242
342 1285
343 1219
344 1217
345 1303
346 1270
347 1281
348 1286
349 1239
350 1341
351 1258
352 1251
353 1260
354 1284
355 1282
356 1324
357 1309
358 1284
359 1264
360 1306
361 1369
362 1251
363 1304
364 1302
365 1300
366 1317
367 1311
368 1319
369 1450
370 1304
371 1323
372 1319
373 1397
374 1333
375 1411
376 1379
377 1426
378 1362
379 1402
380 1372
381 1413
382 1395
383 1466
384 1446
385 1310
386 1376
387 1362
388 1416
389 1415
390 1466
391 1461
392 1366
393 1452
394 1456
395 1467
396 1395
397 1427
398 1500
399 1493
400 1454
401 1461
402 1503
403 1450
404 1453
405 1528
406 1437
407 1501
408 1461
409 1536
410 1519
411 1472
412 1497
413 1524
414 1509
415 1613
416 1567
417 1523
418 1468
419 1547
420 1520
421 1584
422 1525
423 1558
424 1532
425 1594
426 1633
427 1561
428 1572
429 1549
430 1487
431 1595
432 1605
433 1652
434 1560
435 1547
436 1575
437 1695
438 1522
439 1568
440 1607
441 1645
442 1582
443 1638
444 1632
445 1618
446 1640
447 1676
448 1627
449 1570
450 1658
451 1640
452 1690
453 1666
454 1755
455 1685
456 1639
457 1644
458 1666
459 1716
460 1636
461 1560
462 1690
463 1647
464 1678
465 1607
466 1706
467 1650
468 1652
469 1714
470 1637
471 1615
472 1683
473 1626
474 1683
475 1663
476 1650
477 1549
478 1622
479 1671
480 1617
481 1642
482 1639
483 1675
484 1670
485 1636
486 1647
487 1615
488 1574
489 1616
490 1688
491 1622
492 1602
493 1657
494 1622
495 1610
496 1550
497 1688
498 1655
499 1556
500 1634
501 1620
502 1584
503 1554
504 1633
505 1581
506 1621
507 1592
508 1658
509 1625
510 1625
511 1599
512 1647
513 1599
514 1544
515 1563
516 1572
517 1632
518 1593
519 1596
520 1570
521 1494
522 1544
523 1471
524 1511
525 1615
526 1527
527 1555
528 1553
529 1555
530 1618
531 1478
532 1521
533 1486
534 1555
535 1497
536 1546
537 1437
538 1458
539 1425
540 1482
541 1501
542 1504
543 1496
544 1491
545 1459
546 1344
547 1429
548 1461
549 1446
550 1437
551 1410
552 1432
553 1434
554 1444
555 1407
556 1403
557 1360
558 1383
559 1373
560 1301
561 1340
562 1307
563 1330
564 1317
565 1318
566 1362
567 1309
568 1297
569 1316
570 1284
571 1247
572 1271
573 1272
574 1285
575 1270
576 1290
577 1243
578 1271
579 1253
580 1206
581 1269
582 1256
583 1199
584 1179
585 1218
586 1175
587 1193
588 1266
589 1174
590 1155
591 1158
592 1208
593 1146
594 1083
595 1146
596 1067
597 1136
598 1115
599 1071
600 1055
601 1087
602 1075
603 1113
604 1028
605 1062
606 1020
607 1053
608 1073
609 1037
610 1073
611 985
612 959
613 993
614 1030
615 1025
616 987
617 955
618 1009
619 1019
620 952
621 961
622 949
623 988
624 899
625 871
626 933
627 971
628 842
629 919
630 866
631 840
632 855
633 869
634 864
635 837
636 823
637 840
638 826
639 880
640 820
641 843
642 841
643 855
644 799
645 829
646 786
647 838
648 802
649 827
650 800
651 786
652 778
653 755
654 771
655 741
656 697
657 700
658 706
659 767
660 716
661 758
662 676
663 735
664 725
665 714
666 709
667 730
668 682
669 677
670 643
671 643
672 656
673 631
674 650
675 620
676 662
677 619
678 622
679 624
680 644
681 631
682 636
683 591
684 593
685 602
686 590
687 622
688 564
689 543
690 526
691 561
692 558
693 498
694 570
695 519
696 540
697 505
698 551
699 523
700 537
701 510
702 487
703 499
704 491
705 535
706 526
707 465
708 520
709 539
710 470
711 498
712 467
713 473
714 522
715 510
716 446
717 435
718 441
719 431
720 416
721 462
722 462
723 437
724 405
725 427
726 371
727 439
728 435
729 419
730 425
731 416
732 414
733 371
734 428
735 357
736 373
737 399
738 394
739 363
740 391
741 397
742 336
743 388
744 380
745 307
746 336
747 354
748 368
749 368
750 397
751 348
752 336
753 329
754 339
755 373
756 364
757 338
758 317
759 318
760 328
761 333
762 311
763 349
764 311
765 344
766 323
767 333
768 324
769 321
770 288
771 305
772 298
773 295
774 291
775 287
776 304
777 315
778 299
779 322
780 320
781 298
782 295
783 310
784 299
785 301
786 281
787 275
788 301
789 289
790 290
791 287
792 287
793 309
794 279
795 281
796 285
797 264
798 278
799 276
800 282
801 286
802 266
803 258
804 276
805 271
806 283
807 270
808 241
809 270
810 248
811 231
812 269
813 274
814 251
815 259
816 217
817 240
818 252
819 280
820 270
821 256
822 252
823 241
824 234
825 251
826 232
827 233
828 267
829 232
830 226
831 239
832 263
833 255
834 235
835 249
836 211
837 239
838 245
839 236
840 219
841 216
842 240
843 238
844 253
845 227
846 249
847 200
848 243
849 209
850 231
851 205
852 228
853 232
854 243
855 213
856 225
857 257
858 224
859 218
860 210
861 214
862 206
863 204
864 206
865 206
866 206
867 250
868 218
869 230
870 183
871 219
872 218
873 213
874 201
875 223
876 203
877 238
878 227
879 233
880 213
881 231
882 207
883 222
884 248
885 195
886 219
887 209
888 228
889 227
890 204
891 198
892 206
893 204
894 231
895 233
896 198
897 207
898 192
899 218
900 216
901 227
902 220
903 196
904 209
905 197
906 183
907 202
908 203
909 225
910 224
911 219
912 192
913 226
914 194
915 196
916 196
917 190
918 181
919 201
920 226
921 191
922 193
923 203
924 218
925 204
926 206
927 207
928 194
929 185
930 184
931 207
932 204
933 231
934 194
935 191
936 195
937 196
938 200
939 180
940 222
941 185
942 193
943 205
944 228
945 189
946 193
947 194
948 215
949 193
950 186
951 185
952 219
953 216
954 205
955 191
956 200
957 206
958 191
959 182
960 163
961 215
962 186
963 211
964 192
965 202
966 186
967 183
968 235
969 199
970 177
971 175
972 186
973 189
974 182
975 220
976 177
977 205
978 175
979 186
980 205
981 180
982 201
983 218
984 202
985 184
986 194
987 187
988 180
989 187
990 206
991 167
992 190
993 208
994 190
995 202
996 197
997 195
998 180
999 175
1000 190
1001 180
1002 187
1003 201
1004 200
1005 186
1006 189
1007 186
1008 201
1009 195
1010 169
1011 206
1012 192
1013 167
1014 197
1015 188
1016 186
1017 188
1018 187
1019 194
1020 202
1021 194
1022 204
1023 184
1024 176
1025 171
1026 162
1027 197
1028 187
1029 207
1030 187
1031 187
1032 174
1033 169
1034 191
1035 173
1036 180
1037 158
1038 176
1039 183
1040 171
1041 164
1042 210
1043 187
1044 193
1045 151
1046 169
1047 220
1048 173
1049 172
1050 178
1051 190
1052 170
1053 173
1054 175
1055 192
1056 173
1057 190
1058 195
1059 167
1060 197
1061 173
1062 177
1063 180
1064 162
1065 177
1066 154
1067 172
1068 167
1069 177
1070 165
1071 173
1072 207
1073 169
1074 193
1075 180
1076 180
1077 174
1078 197
1079 195
1080 175
1081 148
1082 169
1083 172
1084 193
1085 172
1086 175
1087 172
1088 188
1089 165
1090 184
1091 174
1092 149
1093 156
1094 174
1095 162
1096 172
1097 174
1098 162
1099 164
1100 170
1101 173
1102 160
1103 167
1104 145
1105 177
1106 184
1107 167
1108 174
1109 155
1110 177
1111 174
1112 155
1113 160
1114 168
1115 196
1116 171
1117 139
1118 139
1119 155
1120 147
1121 161
1122 161
1123 147
1124 147
1125 168
1126 164
1127 175
1128 167
1129 160
1130 162
1131 172
1132 163
1133 189
1134 134
1135 149
1136 178
1137 156
1138 158
1139 153
1140 156
1141 141
1142 154
1143 164
1144 168
1145 145
1146 177
1147 143
1148 145
1149 143
1150 137
1151 145
1152 164
1153 152
1154 147
1155 172
1156 161
1157 166
1158 166
1159 162
1160 151
1161 147
1162 151
1163 148
1164 163
1165 129
1166 167
1167 153
1168 147
1169 160
1170 170
1171 142
1172 144
1173 144
1174 152
1175 148
1176 143
1177 149
1178 146
1179 184
1180 156
1181 166
1182 143
1183 130
1184 141
1185 140
1186 135
1187 146
1188 159
1189 149
1190 141
1191 140
1192 126
1193 140
1194 127
1195 153
1196 137
1197 130
1198 149
1199 131
1200 141
1201 143
1202 143
1203 144
1204 135
1205 137
1206 143
1207 134
1208 130
1209 122
1210 150
1211 163
1212 136
1213 137
1214 145
1215 105
1216 130
1217 121
1218 114
1219 130
1220 129
1221 130
1222 141
1223 129
1224 138
1225 121
1226 148
1227 116
1228 134
1229 127
1230 121
1231 118
1232 116
1233 130
1234 122
1235 129
1236 131
1237 137
1238 137
1239 123
1240 126
1241 123
1242 124
1243 119
1244 113
1245 135
1246 127
1247 131
1248 110
1249 136
1250 131
1251 122
1252 134
1253 111
1254 125
1255 113
1256 139
1257 108
1258 131
1259 103
1260 116
1261 122
1262 117
1263 112
1264 121
1265 111
1266 124
1267 111
1268 138
1269 108
1270 89
1271 105
1272 106
1273 108
1274 111
1275 122
1276 121
1277 91
1278 107
1279 115
1280 112
1281 104
1282 91
1283 132
1284 102
1285 108
1286 107
1287 115
1288 107
1289 99
1290 100
1291 121
1292 92
1293 93
1294 102
1295 95
1296 96
1297 113
1298 101
1299 95
1300 106
1301 86
1302 81
1303 105
1304 100
1305 105
1306 93
1307 90
1308 89
1309 99
1310 94
1311 96
1312 111
1313 99
1314 91
1315 88
1316 88
1317 92
1318 90
1319 89
1320 74
1321 99
1322 98
1323 89
1324 92
1325 112
1326 97
1327 81
1328 89
1329 88
1330 91
1331 86
1332 98
1333 87
1334 88
1335 83
1336 75
1337 79
1338 105
1339 106
1340 80
1341 89
1342 80
1343 83
1344 97
1345 96
1346 80
1347 97
1348 84
1349 93
1350 73
1351 74
1352 87
1353 78
1354 88
1355 85
1356 74
1357 90
1358 72
1359 71
1360 77
1361 83
1362 85
1363 88
1364 81
1365 71
1366 74
1367 64
1368 80
1369 69
1370 76
1371 85
1372 74
1373 72
1374 68
1375 80
1376 65
1377 78
1378 62
1379 74
1380 79
1381 80
1382 83
1383 73
1384 76
1385 64
1386 69
1387 70
1388 69
1389 85
1390 70
1391 67
1392 76
1393 68
1394 86
1395 52
1396 62
1397 69
1398 67
1399 70
1400 67
1401 68
1402 51
1403 84
1404 65
1405 68
1406 61
1407 56
1408 63
1409 62
1410 56
1411 68
1412 66
1413 61
1414 62
1415 59
1416 57
1417 65
1418 62
1419 55
1420 62
1421 68
1422 55
1423 56
1424 59
1425 60
1426 63
1427 62
1428 55
1429 55
1430 72
1431 56
1432 57
1433 52
1434 54
1435 41
1436 63
1437 51
1438 59
1439 60
1440 55
1441 67
1442 64
1443 53
1444 68
1445 77
1446 49
1447 54
1448 51
1449 64
1450 51
1451 49
1452 56
1453 45
1454 70
1455 46
1456 56
1457 64
1458 47
1459 53
1460 54
1461 59
1462 53
1463 51
1464 54
1465 46
1466 49
1467 45
1468 46
1469 42
1470 46
1471 54
1472 49
1473 47
1474 56
1475 45
1476 43
1477 44
1478 37
1479 41
1480 46
1481 52
1482 35
1483 54
1484 51
1485 48
1486 49
1487 46
1488 37
1489 37
1490 39
1491 50
1492 40
1493 50
1494 37
1495 45
1496 54
1497 55
1498 32
1499 48
1500 42
1501 50
1502 47
1503 42
1504 42
1505 37
1506 58
1507 40
1508 42
1509 38
1510 36
1511 33
1512 36
1513 39
1514 45
1515 33
1516 40
1517 45
1518 45
1519 31
1520 35
1521 36
1522 39
1523 42
1524 49
1525 31
1526 42
1527 39
1528 29
1529 34
1530 32
1531 39
1532 32
1533 42
1534 42
1535 44
1536 33
1537 39
1538 37
1539 42
1540 40
1541 38
1542 34
1543 34
1544 32
1545 43
1546 28
1547 41
1548 35
1549 36
1550 32
1551 29
1552 30
1553 33
1554 32
1555 28
1556 29
1557 36
1558 34
1559 26
1560 36
1561 32
1562 27
1563 36
1564 37
1565 34
1566 34
1567 35
1568 34
1569 29
1570 36
1571 24
1572 26
1573 36
1574 38
1575 29
1576 24
1577 28
1578 19
1579 22
1580 31
1581 18
1582 37
1583 25
1584 29
1585 33
1586 22
1587 27
1588 25
1589 27
1590 22
1591 32
1592 28
1593 21
1594 24
1595 31
1596 28
1597 28
1598 26
1599 34
1600 27
1601 30
1602 25
1603 25
1604 27
1605 34
1606 21
1607 42
1608 17
1609 24
1610 27
1611 25
1612 32
1613 25
1614 23
1615 29
1616 24
1617 22
1618 27
1619 31
1620 22
1621 20
1622 31
1623 21
1624 31
1625 20
1626 19
1627 20
1628 32
1629 21
1630 28
1631 30
1632 20
1633 19
1634 29
1635 25
1636 26
1637 21
1638 18
1639 30
1640 25
1641 20
1642 24
1643 19
1644 20
1645 23
1646 23
1647 19
1648 21
1649 23
1650 21
1651 17
1652 27
1653 17
1654 21
1655 19
1656 16
1657 26
1658 25
1659 20
1660 16
1661 14
1662 17
1663 22
1664 18
1665 17
1666 26
1667 13
1668 17
1669 21
1670 17
1671 19
1672 17
1673 22
1674 14
1675 18
1676 25
1677 17
1678 15
1679 18
1680 16
1681 16
1682 21
1683 15
1684 15
1685 18
1686 17
1687 16
1688 15
1689 19
1690 22
1691 18
1692 17
1693 16
1694 23
1695 15
1696 10
1697 10
1698 11
1699 19
1700 13
1701 20
1702 11
1703 17
1704 16
1705 20
1706 11
1707 10
1708 7
1709 11
1710 12
1711 9
1712 14
1713 11
1714 14
1715 10
1716 14
1717 16
1718 20
1719 14
1720 15
1721 14
1722 10
1723 12
1724 14
1725 19
1726 10
1727 11
1728 16
1729 13
1730 8
1731 7
1732 10
1733 9
1734 14
1735 16
1736 18
1737 10
1738 15
1739 13
1740 11
1741 10
1742 14
1743 11
1744 16
1745 10
1746 8
1747 11
1748 8
1749 11
1750 11
1751 12
1752 10
1753 18
1754 9
1755 8
1756 15
1757 8
1758 9
1759 11
1760 12
1761 5
1762 14
1763 12
1764 7
1765 12
1766 12
1767 12
1768 7
1769 9
1770 12
1771 7
1772 11
1773 13
1774 13
1775 10
1776 7
1777 17
1778 10
1779 11
1780 9
1781 7
1782 9
1783 11
1784 10
1785 7
1786 5
1787 13
1788 7
1789 9
1790 9
1791 23
1792 11
1793 6
1794 13
1795 10
1796 4
1797 8
1798 6
1799 10
1800 8
1801 7
1802 9
1803 9
1804 7
1805 9
1806 9
1807 12
1808 10
1809 8
1810 16
1811 6
1812 8
1813 7
1814 10
1815 7
1816 7
1817 7
1818 7
1819 7
1820 9
1821 6
1822 9
1823 5
1824 8
1825 5
1826 5
1827 12
1828 7
1829 11
1830 10
1831 6
1832 9
1833 10
1834 10
1835 10
1836 6
1837 9
1838 8
1839 5
1840 5
1841 3
1842 5
1843 8
1844 4
1845 7
1846 5
1847 6
1848 13
1849 12
1850 6
1851 5
1852 10
1853 3
1854 12
1855 8
1856 12
1857 11
1858 3
1859 5
1860 6
1861 11
1862 7
1863 4
1864 7
1865 2
1866 9
1867 6
1868 6
1869 4
1870 8
1871 3
1872 5
1873 5
1874 4
1875 5
1876 6
1877 6
1878 9
1879 6
1880 8
1881 10
1882 4
1883 5
1884 6
1885 3
1886 8
1887 4
1888 3
1889 6
1890 2
1891 6
1892 7
1893 4
1894 4
1895 4
1896 1
1897 6
1898 2
1899 6
1900 10
1901 3
1902 3
1903 0
1904 7
1905 6
1906 6
1907 5
1908 2
1909 5
1910 4
1911 3
1912 5
1913 6
1914 4
1915 4
1916 6
1917 3
1918 2
1919 1
1920 3
1921 4
1922 2
1923 5
1924 5
1925 5
1926 0
1927 4
1928 4
1929 3
1930 4
1931 6
1932 1
1933 6
1934 5
1935 6
1936 4
1937 10
1938 4
1939 2
1940 6
1941 3
1942 4
1943 4
1944 6
1945 3
1946 5
1947 4
1948 4
1949 5
1950 4
1951 8
1952 2
1953 3
1954 2
1955 3
1956 6
1957 4
1958 6
1959 4
1960 3
1961 3
1962 2
1963 3
1964 5
1965 2
1966 5
1967 3
1968 7
1969 3
1970 3
1971 5
1972 2
1973 3
1974 0
1975 1
1976 3
1977 4
1978 5
1979 0
1980 2
1981 2
1982 6
1983 5
1984 3
1985 2
1986 2
1987 5
1988 4
1989 3
1990 0
1991 3
1992 0
1993 1
1994 3
1995 1
1996 4
1997 4
1998 3
1999 1
2000 7
2001 3
2002 3
2003 3
2004 1
2005 3
2006 2
2007 1
2008 2
2009 0
2010 1
2011 0
2012 1
2013 1
2014 3
2015 1
2016 3
2017 5
2018 1
2019 3
2020 2
2021 1
2022 2
2023 3
2024 1
2025 0
2026 2
2027 2
2028 1
2029 4
2030 1
2031 2
2032 5
2033 1
2034 4
2035 5
2036 4
2037 0
2038 2
2039 6
2040 3
2041 1
2042 1
2043 2
2044 0
2045 1
2046 1
2047 1
2048 5
2049 1
2050 4
2051 4
2052 1
2053 3
2054 3
2055 0
2056 2
2057 0
2058 2
2059 1
2060 0
2061 0
2062 0
2063 1
2064 0
2065 2
2066 0
2067 4
2068 3
2069 3
2070 3
2071 1
2072 1
2073 2
2074 2
2075 1
2076 2
2077 0
2078 0
2079 1
2080 0
2081 1
2082 2
2083 2
2084 2
2085 0
2086 1
2087 1
2088 1
2089 1
2090 1
2091 1
2092 1
2093 1
2094 1
2095 1
2096 2
2097 0
2098 1
2099 1
2100 0
2101 0
2102 1
2103 3
2104 1
2105 0
2106 1
2107 1
2108 1
2109 0
2110 0
2111 2
2112 0
2113 0
2114 2
2115 0
2116 1
2117 1
2118 1
2119 0
2120 2
2121 1
2122 1
2123 1
2124 0
2125 0
2126 0
2127 3
2128 2
2129 1
2130 1
2131 2
2132 0
2133 1
2134 2
2135 1
2136 1
2137 2
2138 0
2139 0
2140 2
2141 0
2142 4
2143 0
2144 4
2145 1
2146 0
2147 2
2148 1
2149 0
2150 2
2151 3
2152 1
2153 0
2154 0
2155 1
2156 1
2157 0
2158 2
2159 1
2160 4
2161 1
2162 0
2163 0
2164 2
2165 2
2166 1
2167 0
2168 0
2169 1
2170 0
2171 0
2172 0
2173 0
2174 1
2175 0
2176 0
2177 0
2178 2
2179 0
2180 2
2181 1
2182 0
2183 0
2184 1
2185 2
2186 0
2187 0
2188 3
2189 4
2190 0
2191 1
2192 1
2193 2
2194 0
2195 1
2196 1
2197 0
2198 1
2199 1
2200 1
2201 0
2202 0
2203 2
2204 1
2205 1
2206 0
2207 2
2208 2
2209 1
2210 1
2211 1
2212 3
2213 1
2214 0
2215 0
2216 0
2217 1
2218 2
2219 2
2220 0
2221 0
2222 2
2223 1
2224 0
2225 0
2226 0
2227 0
2228 0
2229 2
2230 0
2231 0
2232 0
2233 0
2234 1
2235 0
2236 2
2237 2
2238 0
2239 2
2240 0
2241 0
2242 0
2243 0
2244 2
2245 1
2246 0
2247 1
2248 2
2249 0
2250 1
2251 0
2252 2
2253 4
2254 0
2255 2
2256 2
2257 0
2258 0
2259 0
2260 0
2261 1
2262 0
2263 0
2264 0
2265 0
2266 0
2267 0
2268 0
2269 0
2270 0
2271 0
2272 0
2273 0
2274 1
2275 1
2276 0
2277 1
2278 0
2279 0
2280 0
2281 0
2282 0
2283 1
2284 0
2285 2
2286 1
2287 1
2288 1
2289 0
2290 0
2291 0
2292 1
2293 0
2294 0
2295 2
2296 0
2297 0
2298 1
2299 1
2300 0
2301 1
2302 1
2303 1
2304 0
2305 0
2306 0
2307 1
2308 0
2309 1
2310 0
2311 0
2312 0
2313 0
2314 0
2315 1
2316 1
2317 0
2318 0
2319 0
2320 0
2321 1
2322 0
2323 0
2324 0
2325 0
2326 0
2327 1
2328 0
2329 0
2330 1
2331 1
2332 0
2333 1
2334 0
2335 0
2336 0
2337 0
2338 2
2339 0
2340 0
2341 0
2342 1
2343 0
2344 1
2345 0
2346 0
2347 0
2348 1
2349 0
2350 0
2351 0
2352 0
2353 1
2354 1
2355 0
2356 0
2357 1
2358 0
2359 0
2360 1
2361 0
2362 0
2363 0
2364 0
2365 0
2366 1
2367 1
2368 0
2369 1
2370 0
2371 0
2372 0
2373 1
2374 0
2375 0
2376 0
2377 0
2378 1
2379 1
2380 1
2381 0
2382 0
2383 0
2384 0
2385 0
2386 0
2387 0
2388 0
2389 0
2390 0
2391 0
2392 0
2393 0
2394 0
2395 0
2396 0
2397 0
2398 1
2399 0
2400 0
2401 1
2402 0
2403 0
2404 1
2405 0
2406 0
2407 1
2408 0
2409 1
2410 0
2411 0
2412 1
2413 0
2414 0
2415 0
2416 0
2417 1
2418 0
2419 0
2420 2
2421 0
2422 0
2423 0
2424 0
2425 1
2426 0
2427 0
2428 0
2429 0
2430 0
2431 0
2432 0
2433 0
2434 0
2435 1
2436 1
2437 1
2438 1
2439 0
2440 1
2441 1
2442 0
2443 0
2444 0
2445 0
2446 1
2447 0
2448 0
2449 1
2450 0
2451 0
2452 0
2453 1
2454 1
2455 0
2456 0
2457 0
2458 0
2459 0
2460 0
2461 0
2462 0
2463 1
2464 1
2465 0
2466 1
2467 0
2468 0
2469 0
2470 0
2471 0
2472 0
2473 0
2474 0
2475 0
2476 0
2477 1
2478 0
2479 0
2480 0
2481 0
2482 1
2483 0
2484 0
2485 1
2486 0
2487 1
2488 0
2489 0
2490 0
2491 0
2492 0
2493 0
2494 0
2495 0
2496 0
2497 0
2498 0
2499 0
2500 0
2501 0
2502 0
2503 0
2504 0
2505 0
2506 0
2507 2
2508 0
2509 0
2510 0
2511 0
2512 0
2513 0
2514 0
2515 0
2516 0
2517 0
2518 0
2519 0
2520 0
2521 1
2522 0
2523 0
2524 0
2525 0
2526 0
2527 1
2528 0
2529 0
2530 0
2531 0
2532 0
2533 1
2534 1
2535 0
2536 0
2537 0
2538 0
2539 0
2540 0
2541 0
2542 0
2543 0
2544 0
2545 0
2546 0
2547 0
2548 0
2549 0
2550 0
2551 0
2552 0
2553 0
2554 0
2555 0
2556 0
2557 0
2558 0
2559 0
2560 0
2561 0
2562 1
2563 0
2564 0
2565 1
2566 0
2567 0
2568 1
2569 0
2570 0
2571 0
2572 0
2573 0
2574 0
2575 0
2576 0
2577 1
2578 1
2579 0
2580 0
2581 0
2582 0
2583 0
2584 0
2585 0
2586 2
2587 0
2588 0
2589 0
2590 0
2591 0
2592 0
2593 0
2594 0
2595 0
2596 0
2597 0
2598 0
2599 1
2600 0
2601 1
2602 0
2603 0
2604 0
2605 0
2606 0
2607 1
2608 0
2609 0
2610 0
2611 0
2612 0
2613 0
2614 0
2615 0
2616 0
2617 0
2618 0
2619 0
2620 0
2621 0
2622 0
2623 0
2624 0
2625 0
2626 0
2627 0
2628 0
2629 0
2630 0
2631 0
2632 0
2633 0
2634 0
2635 1
2636 0
2637 0
2638 0
2639 0
2640 0
2641 0
2642 0
2643 0
2644 0
2645 0
2646 0
2647 0
2648 0
2649 0
2650 0
2651 0
2652 0
2653 0
2654 1
2655 0
2656 0
2657 0
2658 0
2659 0
2660 0
2661 0
2662 0
2663 0
2664 0
2665 0
2666 0
2667 1
2668 0
2669 0
2670 0
2671 0
2672 1
2673 0
2674 0
2675 0
2676 0
2677 0
2678 0
2679 0
2680 0
2681 0
2682 0
2683 0
2684 0
2685 0
2686 0
2687 0
2688 1
2689 0
2690 0
2691 0
2692 0
2693 0
2694 0
2695 0
2696 0
2697 0
2698 0
2699 0
2700 0
2701 0
2702 0
2703 0
2704 0
2705 0
2706 0
2707 0
2708 0
2709 1
2710 0
2711 0
2712 1
2713 0
2714 0
2715 0
2716 0
2717 0
2718 0
2719 0
2720 0
2721 0
2722 0
2723 0
2724 0
2725 0
2726 0
2727 0
2728 0
2729 0
2730 0
2731 0
2732 0
2733 0
2734 0
2735 0
2736 0
2737 0
2738 0
2739 0
2740 0
2741 0
2742 0
2743 0
2744 0
2745 0
2746 0
2747 0
2748 0
2749 0
2750 0
2751 0
2752 0
2753 0
2754 0
2755 0
2756 0
2757 0
2758 0
2759 0
2760 0
2761 0
2762 0
2763 0
2764 0
2765 0
2766 0
2767 0
2768 0
2769 0
2770 0
2771 0
2772 0
2773 0
2774 0
2775 0
2776 0
2777 0
2778 0
2779 0
2780 0
2781 0
2782 0
2783 0
2784 0
2785 0
2786 1
2787 0
2788 0
2789 0
2790 0
2791 0
2792 0
2793 0
2794 0
2795 0
2796 0
2797 0
2798 0
2799 0
2800 0
2801 0
2802 0
2803 0
2804 0
2805 0
2806 0
2807 0
2808 0
2809 0
2810 0
2811 0
2812 0
2813 0
2814 0
2815 0
2816 0
2817 0
2818 0
2819 0
2820 0
2821 0
2822 0
2823 0
2824 0
2825 0
2826 0
2827 1
2828 0
2829 1
2830 0
2831 0
2832 0
2833 0
2834 0
2835 0
2836 0
2837 0
2838 0
2839 0
2840 0
2841 0
2842 0
2843 0
2844 0
2845 0
2846 0
2847 0
2848 0
2849 1
2850 0
2851 0
2852 0
2853 0
2854 0
2855 0
2856 0
2857 0
2858 0
2859 0
2860 0
2861 0
2862 0
2863 0
2864 0
2865 0
2866 0
2867 0
2868 0
2869 0
2870 0
2871 0
2872 0
2873 0
2874 0
2875 0
2876 0
2877 0
2878 0
2879 0
2880 0
2881 0
2882 0
2883 0
2884 0
2885 0
2886 0
2887 0
2888 0
2889 0
2890 0
2891 0
2892 0
2893 0
2894 0
2895 0
2896 0
2897 0
2898 0
2899 1
2900 0
2901 0
2902 0
2903 0
2904 0
2905 0
2906 0
2907 0
2908 0
2909 0
2910 0
2911 0
2912 0
2913 0
2914 0
2915 0
2916 0
2917 0
2918 0
2919 0
2920 0
2921 0
2922 0
2923 0
2924 0
2925 0
2926 0
2927 0
2928 0
2929 0
2930 0
2931 0
2932 0
2933 0
2934 0
2935 0
2936 0
2937 0
2938 0
2939 0
2940 0
2941 0
2942 0
2943 0
2944 0
2945 0
2946 0
2947 0
2948 0
2949 0
2950 0
2951 0
2952 0
2953 0
2954 0
2955 0
2956 1
2957 1
2958 0
2959 0
2960 0
2961 0
2962 0
2963 0
2964 0
2965 0
2966 0
2967 0
2968 0
2969 0
2970 0
2971 0
2972 0
2973 0
2974 0
2975 0
2976 0
2977 0
2978 0
2979 0
2980 0
2981 0
2982 0
2983 0
2984 0
2985 0
2986 0
2987 0
2988 0
2989 0
2990 0
2991 0
2992 0
2993 0
2994 0
2995 0
2996 0
2997 0
2998 0
2999 0
3000 0
3001 0
3002 0
3003 0
3004 0
3005 0
3006 0
3007 0
3008 0
3009 0
3010 0
3011 0
3012 0
3013 0
3014 0
3015 0
3016 0
3017 0
3018 0
3019 1
3020 0
3021 0
3022 0
3023 0
3024 0
3025 0
3026 0
3027 0
3028 0
3029 0
3030 0
3031 0
3032 0
3033 0
3034 0
3035 0
3036 0
3037 0
3038 0
3039 0
3040 0
3041 0
3042 0
3043 0
3044 0
3045 0
3046 0
3047 0
3048 0
3049 0
3050 0
3051 0
3052 0
3053 0
3054 0
3055 0
3056 0
3057 0
3058 0
3059 0
3060 0
3061 0
3062 0
3063 0
3064 0
3065 0
3066 0
3067 0
3068 0
3069 0
3070 1
3071 0
3072 0
3073 0
3074 0
3075 0
3076 0
3077 0
3078 0
3079 0
3080 0
3081 0
3082 0
3083 0
3084 0
3085 0
3086 1
3087 0
3088 0
3089 0
3090 0
3091 0
3092 0
3093 0
3094 0
3095 0
3096 0
3097 0
3098 0
3099 0
3100 0
3101 0
3102 0
3103 0
3104 0
3105 0
3106 0
3107 0
3108 0
3109 0
3110 0
3111 0
3112 0
3113 0
3114 0
3115 0
3116 0
3117 0
3118 0
3119 0
3120 0
3121 0
3122 0
3123 0
3124 0
3125 0
3126 0
3127 0
3128 0
3129 0
3130 0
3131 0
3132 0
3133 0
3134 0
3135 0
3136 0
3137 0
3138 0
3139 0
3140 0
3141 0
3142 0
3143 0
3144 0
3145 0
3146 0
3147 0
3148 0
3149 0
3150 0
3151 0
3152 0
3153 0
3154 0
3155 0
3156 0
3157 0
3158 0
3159 0
3160 0
3161 0
3162 0
3163 0
3164 0
3165 0
3166 0
3167 0
3168 0
3169 0
3170 1
3171 0
3172 0
3173 0
3174 0
3175 0
3176 0
3177 0
3178 0
3179 0
3180 0
3181 0
3182 0
3183 0
3184 0
3185 0
3186 0
3187 0
3188 0
3189 0
3190 0
3191 0
3192 0
3193 0
3194 0
3195 0
3196 0
3197 0
3198 0
3199 0
3200 0
3201 0
3202 0
3203 0
3204 0
3205 0
3206 0
3207 0
3208 0
3209 0
3210 0
3211 0
3212 0
3213 0
3214 0
3215 1
3216 1
3217 0
3218 0
3219 0
3220 0
3221 0
3222 0
3223 0
3224 0
3225 0
3226 0
3227 0
3228 0
3229 0
3230 0
3231 0
3232 0
3233 0
3234 0
3235 0
3236 0
3237 0
3238 0
3239 0
3240 0
3241 0
3242 0
3243 0
3244 0
3245 0
3246 0
3247 0
3248 0
3249 0
3250 0
3251 0
3252 0
3253 0
3254 0
3255 0
3256 0
3257 0
3258 0
3259 0
3260 0
3261 0
3262 0
3263 0
3264 0
3265 0
3266 0
3267 0
3268 0
3269 0
3270 0
3271 0
3272 0
3273 0
3274 0
3275 0
3276 0
3277 0
3278 0
3279 0
3280 0
3281 0
3282 0
3283 0
3284 0
3285 0
3286 0
3287 0
3288 0
3289 0
3290 0
3291 0
3292 0
3293 0
3294 0
3295 0
3296 0
3297 0
3298 0
3299 0
3300 0
3301 0
3302 0
3303 0
3304 0
3305 0
3306 0
3307 0
3308 0
3309 0
3310 0
3311 0
3312 0
3313 0
3314 0
3315 0
3316 0
3317 0
3318 0
3319 0
3320 0
3321 0
3322 0
3323 0
3324 0
3325 0
3326 0
3327 0
3328 0
3329 0
3330 0
3331 0
3332 0
3333 0
3334 0
3335 0
3336 0
3337 0
3338 0
3339 0
3340 0
3341 0
3342 0
3343 0
3344 0
3345 0
3346 0
3347 0
3348 0
3349 0
3350 0
3351 0
3352 0
3353 0
3354 0
3355 0
3356 0
3357 0
3358 0
3359 0
3360 0
3361 0
3362 0
3363 0
3364 0
3365 1
3366 0
3367 0
3368 0
3369 0
3370 1
3371 0
3372 0
3373 0
3374 0
3375 0
3376 0
3377 0
3378 0
3379 0
3380 0
3381 0
3382 0
3383 0
3384 0
3385 0
3386 0
3387 0
3388 0
3389 0
3390 0
3391 0
3392 0
3393 0
3394 0
3395 0
3396 0
3397 0
3398 0
3399 0
3400 0
3401 0
3402 1
3403 0
3404 0
3405 0
3406 0
3407 0
3408 0
3409 0
3410 0
3411 0
3412 0
3413 0
3414 0
3415 0
3416 0
3417 0
3418 0
3419 0
3420 0
3421 0
3422 0
3423 0
3424 0
3425 0
3426 0
3427 0
3428 0
3429 0
3430 0
3431 0
3432 0
3433 0
3434 0
3435 0
3436 0
3437 0
3438 0
3439 0
3440 0
3441 0
3442 0
3443 0
3444 0
3445 0
3446 0
3447 0
3448 0
3449 0
3450 0
3451 0
3452 0
3453 0
3454 0
3455 0
3456 0
3457 0
3458 0
3459 0
3460 0
3461 0
3462 0
3463 0
3464 0
3465 0
3466 0
3467 0
3468 0
3469 0
3470 0
3471 0
3472 0
3473 0
3474 0
3475 0
3476 0
3477 0
3478 0
3479 0
3480 1
3481 0
3482 0
3483 0
3484 0
3485 0
3486 0
3487 0
3488 1
3489 0
3490 0
3491 0
3492 0
3493 0
3494 0
3495 0
3496 0
3497 0
3498 0
3499 0
3500 0
3501 0
3502 0
3503 0
3504 0
3505 0
3506 0
3507 0
3508 0
3509 0
3510 1
3511 0
3512 0
3513 0
3514 0
3515 0
3516 0
3517 0
3518 0
3519 1
3520 0
3521 0
3522 1
3523 0
3524 0
3525 0
3526 0
3527 0
3528 0
3529 0
3530 0
3531 0
3532 0
3533 0
3534 0
3535 0
3536 0
3537 0
3538 0
3539 0
3540 0
3541 0
3542 0
3543 0
3544 0
3545 0
3546 0
3547 0
3548 0
3549 0
3550 0
3551 0
3552 0
3553 0
3554 0
3555 0
3556 0
3557 0
3558 0
3559 0
3560 0
3561 0
3562 0
3563 0
3564 0
3565 1
3566 0
3567 0
3568 0
3569 0
3570 0
3571 0
3572 0
3573 0
3574 0
3575 0
3576 0
3577 0
3578 0
3579 0
3580 0
3581 0
3582 0
3583 0
3584 0
3585 0
3586 0
3587 0
3588 0
3589 0
3590 0
3591 0
3592 0
3593 0
3594 0
3595 0
3596 0
3597 0
3598 0
3599 0
3600 0
3601 0
3602 0
3603 0
3604 0
3605 0
3606 0
3607 0
3608 0
3609 0
3610 0
3611 0
3612 0
3613 0
3614 0
3615 0
3616 0
3617 0
3618 0
3619 0
3620 0
3621 0
3622 0
3623 0
3624 0
3625 0
3626 0
3627 0
3628 1
3629 0
3630 0
3631 0
3632 0
3633 0
3634 0
3635 0
3636 0
3637 0
3638 0
3639 0
3640 0
3641 0
3642 0
3643 0
3644 0
3645 0
3646 0
3647 0
3648 0
3649 0
3650 0
3651 0
3652 0
3653 0
3654 0
3655 0
3656 0
3657 0
3658 0
3659 0
3660 0
3661 0
3662 0
3663 0
3664 0
3665 0
3666 0
3667 0
3668 0
3669 0
3670 0
3671 0
3672 0
3673 0
3674 0
3675 0
3676 0
3677 0
3678 0
3679 0
3680 0
3681 0
3682 0
3683 0
3684 0
3685 0
3686 0
3687 0
3688 0
3689 0
3690 1
3691 0
3692 0
3693 0
3694 0
3695 0
3696 0
3697 0
3698 0
3699 0
3700 0
3701 0
3702 0
3703 0
3704 0
3705 0
3706 0
3707 0
3708 0
3709 0
3710 0
3711 0
3712 0
3713 0
3714 0
3715 0
3716 0
3717 0
3718 0
3719 0
3720 0
3721 0
3722 0
3723 0
3724 0
3725 0
3726 0
3727 0
3728 0
3729 0
3730 1
3731 0
3732 0
3733 0
3734 0
3735 0
3736 0
3737 0
3738 0
3739 0
3740 0
3741 0
3742 0
3743 0
3744 0
3745 0
3746 0
3747 0
3748 0
3749 0
3750 0
3751 0
3752 0
3753 0
3754 0
3755 0
3756 1
3757 0
3758 0
3759 0
3760 0
3761 0
3762 0
3763 0
3764 0
3765 0
3766 0
3767 0
3768 0
3769 1
3770 0
3771 0
3772 0
3773 0
3774 0
3775 0
3776 0
3777 0
3778 0
3779 0
3780 0
3781 0
3782 0
3783 0
3784 0
3785 0
3786 0
3787 0
3788 1
3789 0
3790 0
3791 0
3792 0
3793 0
3794 0
3795 0
3796 0
3797 0
3798 0
3799 0
3800 0
3801 0
3802 0
3803 0
3804 0
3805 1
3806 0
3807 0
3808 0
3809 0
3810 0
3811 0
3812 0
3813 0
3814 0
3815 0
3816 0
3817 0
3818 0
3819 0
3820 0
3821 0
3822 1
3823 0
3824 0
3825 0
3826 0
3827 0
3828 0
3829 0
3830 0
3831 0
3832 0
3833 0
3834 0
3835 1
3836 0
3837 0
3838 0
3839 1
3840 0
3841 0
3842 0
3843 0
3844 0
3845 0
3846 0
3847 0
3848 0
3849 0
3850 0
3851 0
3852 0
3853 0
3854 0
3855 0
3856 0
3857 0
3858 0
3859 0
3860 0
3861 0
3862 0
3863 0
3864 0
3865 0
3866 0
3867 0
3868 0
3869 0
3870 0
3871 0
3872 0
3873 0
3874 1
3875 0
3876 0
3877 0
3878 0
3879 0
3880 0
3881 0
3882 0
3883 0
3884 0
3885 0
3886 0
3887 0
3888 0
3889 0
3890 0
3891 0
3892 0
3893 0
3894 0
3895 0
3896 1
3897 0
3898 0
3899 0
3900 0
3901 0
3902 0
3903 0
3904 0
3905 0
3906 0
3907 0
3908 0
3909 0
3910 0
3911 0
3912 0
3913 0
3914 0
3915 0
3916 0
3917 0
3918 0
3919 0
3920 0
3921 1
3922 0
3923 0
3924 0
3925 0
3926 0
3927 0
3928 0
3929 0
3930 0
3931 0
3932 0
3933 0
3934 0
3935 0
3936 0
3937 0
3938 0
3939 0
3940 0
3941 0
3942 0
3943 0
3944 0
3945 0
3946 0
3947 0
3948 0
3949 0
3950 0
3951 0
3952 0
3953 0
3954 0
3955 0
3956 0
3957 0
3958 0
3959 0
3960 0
3961 0
3962 0
3963 0
3964 0
3965 0
3966 0
3967 0
3968 0
3969 0
3970 0
3971 0
3972 0
3973 0
3974 0
3975 0
3976 0
3977 0
3978 0
3979 0
3980 0
3981 0
3982 0
3983 0
3984 0
3985 0
3986 0
3987 0
3988 0
3989 0
3990 0
3991 0
3992 0
3993 0
3994 0
3995 0
3996 0
3997 0
3998 0
3999 0
4000 0
