0 0
1 0
2 0
3 0
4 0
5 0
6 0
7 0
8 0
9 0
10 0
11 0
12 0
13 0
14 0
15 0
16 0
17 0
18 0
19 0
20 0
21 0
22 0
23 0
24 0
25 0
26 0
27 0
28 0
29 0
30 0
31 0
32 0
33 0
34 0
35 0
36 0
37 0
38 0
39 0
40 0
41 0
42 0
43 0
44 0
45 0
46 0
47 0
48 0
49 0
50 0
51 0
52 0
53 0
54 0
55 0
56 0
57 0
58 0
59 0
60 0
61 0
62 0
63 0
64 0
65 0
66 0
67 0
68 0
69 0
70 0
71 0
72 0
73 0
74 0
75 0
76 0
77 0
78 0
79 0
80 0
81 0
82 0
83 0
84 0
85 0
86 0
87 0
88 0
89 0
90 0
91 0
92 0
93 0
94 0
95 0
96 0
97 0
98 0
99 0
100 0
101 0
102 0
103 0
104 0
105 0
106 0
107 0
108 0
109 0
110 0
111 0
112 0
113 0
114 0
115 0
116 0
117 0
118 0
119 0
120 0
121 0
122 0
123 0
124 0
125 0
126 0
127 0
128 0
129 0
130 0
131 0
132 0
133 0
134 0
135 0
136 0
137 0
138 0
139 0
140 0
141 0
142 0
143 0
144 0
145 0
146 0
147 0
148 1
149 1
150 1
151 0
152 2
153 2
154 4
155 8
156 5
157 7
158 4
159 4
160 7
161 4
162 3
163 6
164 3
165 3
166 7
167 7
168 3
169 8
170 12
171 16
172 20
173 57
174 91
175 132
176 158
177 229
178 278
179 286
180 335
181 392
182 569
183 938
184 1385
185 1974
186 2633
187 3193
188 3381
189 3452
190 3503
191 3264
192 3067
193 2775
194 2629
195 2346
196 2174
197 1880
198 1724
199 1511
200 1405
201 1270
202 1163
203 1056
204 989
205 896
206 851
207 752
208 754
209 748
210 703
211 691
212 667
213 695
214 694
215 724
216 658
217 683
218 657
219 695
220 604
221 652
222 665
223 691
224 721
225 680
226 703
227 690
228 711
229 659
230 718
231 679
232 696
233 713
234 788
235 694
236 713
237 702
238 694
239 734
240 727
241 756
242 742
243 704
244 728
245 775
246 777
247 704
248 760
249 760
250 742
251 808
252 747
253 760
254 797
255 741
256 736
257 745
258 758
259 807
260 777
261 829
262 820
263 737
264 778
265 838
266 756
267 750
268 803
269 861
270 852
271 809
272 820
273 839
274 804
275 840
276 801
277 867
278 809
279 809
280 813
281 846
282 845
283 769
284 815
285 851
286 851
287 826
288 846
289 846
290 879
291 927
292 841
293 854
294 831
295 851
296 868
297 868
298 825
299 819
300 859
301 889
302 832
303 833
304 874
305 859
306 870
307 888
308 895
309 862
310 828
311 881
312 899
313 852
314 877
315 928
316 831
317 873
318 925
319 912
320 908
321 920
322 899
323 864
324 931
325 894
326 864
327 873
328 877
329 880
330 891
331 890
332 877
333 895
334 901
335 891
336 933
337 865
338 842
339 913
340 929
341 919
342 880
343 883
344 900
345 916
346 888
347 950
348 944
349 904
350 937
351 940
352 904
353 962
354 927
355 961
356 892
357 923
358 881
359 915
360 975
361 950
362 884
363 986
364 914
365 907
366 949
367 1001
368 984
369 891
370 924
371 937
372 942
373 982
374 961
375 931
376 959
377 970
378 924
379 930
380 930
381 983
382 954
383 972
384 910
385 946
386 1006
387 1013
388 1016
389 989
390 983
391 1045
392 1011
393 958
394 1021
395 991
396 1028
397 1026
398 1048
399 1006
400 1029
401 1049
402 987
403 1041
404 1038
405 1101
406 1025
407 1073
408 1065
409 1044
410 1078
411 1081
412 1070
413 1038
414 1106
415 1052
416 1107
417 1085
418 1149
419 1103
420 1118
421 1124
422 1093
423 1147
424 1081
425 1121
426 1115
427 1158
428 1147
429 1182
430 1127
431 1174
432 1161
433 1215
434 1252
435 1104
436 1169
437 1204
438 1182
439 1161
440 1234
441 1223
442 1188
443 1168
444 1268
445 1182
446 1249
447 1205
448 1173
449 1228
450 1238
451 1256
452 1235
453 1275
454 1248
455 1295
456 1293
457 1259
458 1297
459 1311
460 1280
461 1319
462 1405
463 1366
464 1243
465 1354
466 1362
467 1319
468 1364
469 1349
470 1398
471 1363
472 1371
473 1418
474 1387
475 1408
476 1444
477 1442
478 1396
479 1407
480 1406
481 1441
482 1525
483 1483
484 1389
485 1536
486 1519
487 1443
488 1462
489 1476
490 1519
491 1459
492 1497
493 1525
494 1505
495 1491
496 1455
497 1627
498 1617
499 1534
500 1497
501 1571
502 1526
503 1559
504 1524
505 1569
506 1553
507 1442
508 1552
509 1564
510 1590
511 1582
512 1561
513 1685
514 1613
515 1563
516 1533
517 1651
518 1595
519 1589
520 1611
521 1658
522 1697
523 1624
524 1613
525 1649
526 1668
527 1595
528 1676
529 1655
530 1647
531 1692
532 1699
533 1657
534 1679
535 1624
536 1672
537 1680
538 1705
539 1645
540 1720
541 1679
542 1664
543 1768
544 1679
545 1730
546 1726
547 1724
548 1690
549 1707
550 1751
551 1715
552 1691
553 1769
554 1714
555 1620
556 1702
557 1721
558 1695
559 1767
560 1706
561 1767
562 1728
563 1745
564 1839
565 1744
566 1726
567 1744
568 1786
569 1712
570 1714
571 1763
572 1723
573 1770
574 1838
575 1743
576 1820
577 1802
578 1694
579 1701
580 1781
581 1735
582 1730
583 1716
584 1802
585 1730
586 1678
587 1715
588 1712
589 1752
590 1794
591 1704
592 1754
593 1749
594 1731
595 1693
596 1707
597 1733
598 1727
599 1740
600 1714
601 1735
602 1747
603 1812
604 1658
605 1752
606 1732
607 1674
608 1742
609 1741
610 1701
611 1664
612 1566
613 1697
614 1715
615 1731
616 1659
617 1693
618 1709
619 1703
620 1647
621 1617
622 1678
623 1641
624 1612
625 1581
626 1558
627 1611
628 1657
629 1591
630 1599
631 1588
632 1496
633 1649
634 1602
635 1582
636 1595
637 1584
638 1580
639 1593
640 1667
641 1591
642 1535
643 1474
644 1551
645 1532
646 1507
647 1488
648 1533
649 1494
650 1526
651 1557
652 1518
653 1502
654 1425
655 1498
656 1505
657 1474
658 1496
659 1461
660 1429
661 1419
662 1464
663 1479
664 1423
665 1414
666 1358
667 1394
668 1381
669 1363
670 1416
671 1389
672 1402
673 1383
674 1398
675 1298
676 1374
677 1352
678 1381
679 1328
680 1302
681 1385
682 1300
683 1334
684 1237
685 1275
686 1263
687 1223
688 1260
689 1301
690 1220
691 1270
692 1235
693 1259
694 1224
695 1264
696 1212
697 1232
698 1160
699 1241
700 1195
701 1164
702 1224
703 1180
704 1199
705 1221
706 1151
707 1180
708 1117
709 1100
710 1121
711 1128
712 1124
713 1074
714 1116
715 1158
716 1052
717 1060
718 1092
719 1060
720 1073
721 1050
722 1004
723 1040
724 1030
725 1020
726 978
727 991
728 1007
729 1005
730 912
731 979
732 958
733 983
734 1002
735 988
736 904
737 980
738 928
739 947
740 939
741 920
742 898
743 905
744 912
745 858
746 857
747 907
748 811
749 860
750 884
751 897
752 850
753 847
754 834
755 832
756 810
757 841
758 798
759 835
760 796
761 807
762 786
763 799
764 766
765 769
766 778
767 746
768 768
769 753
770 755
771 738
772 706
773 744
774 684
775 689
776 691
777 670
778 719
779 685
780 726
781 721
782 651
783 707
784 702
785 656
786 648
787 667
788 659
789 638
790 632
791 639
792 645
793 623
794 620
795 592
796 613
797 640
798 610
799 564
800 594
801 640
802 617
803 562
804 560
805 557
806 548
807 584
808 578
809 546
810 561
811 564
812 526
813 526
814 527
815 561
816 525
817 527
818 501
819 497
820 489
821 524
822 497
823 508
824 484
825 492
826 478
827 477
828 541
829 505
830 463
831 438
832 474
833 483
834 443
835 420
836 437
837 478
838 446
839 454
840 407
841 437
842 420
843 483
844 417
845 422
846 432
847 450
848 432
849 417
850 424
851 411
852 393
853 414
854 392
855 424
856 390
857 374
858 399
859 387
860 405
861 342
862 355
863 350
864 402
865 379
866 388
867 383
868 380
869 378
870 326
871 315
872 326
873 350
874 366
875 352
876 364
877 374
878 330
879 308
880 316
881 325
882 344
883 320
884 334
885 309
886 318
887 323
888 289
889 301
890 330
891 317
892 306
893 297
894 318
895 321
896 306
897 277
898 288
899 309
900 325
901 295
902 291
903 289
904 296
905 258
906 269
907 298
908 293
909 280
910 300
911 270
912 266
913 256
914 238
915 280
916 287
917 276
918 262
919 242
920 283
921 268
922 254
923 262
924 296
925 272
926 283
927 275
928 276
929 259
930 286
931 233
932 294
933 253
934 242
935 249
936 249
937 245
938 274
939 212
940 240
941 235
942 281
943 250
944 281
945 246
946 267
947 234
948 235
949 205
950 263
951 241
952 234
953 217
954 238
955 232
956 231
957 229
958 227
959 237
960 234
961 242
962 220
963 235
964 220
965 187
966 229
967 251
968 237
969 227
970 227
971 227
972 229
973 205
974 208
975 241
976 223
977 234
978 228
979 219
980 231
981 219
982 214
983 212
984 209
985 204
986 214
987 230
988 212
989 198
990 203
991 223
992 202
993 218
994 196
995 188
996 214
997 222
998 213
999 207
1000 197
1001 208
1002 196
1003 265
1004 197
1005 208
1006 217
1007 232
1008 186
1009 212
1010 206
1011 199
1012 205
1013 212
1014 200
1015 201
1016 200
1017 211
1018 194
1019 194
1020 191
1021 167
1022 196
1023 190
1024 226
1025 198
1026 177
1027 197
1028 201
1029 189
1030 214
1031 203
1032 190
1033 199
1034 204
1035 216
1036 187
1037 211
1038 204
1039 205
1040 220
1041 205
1042 210
1043 183
1044 211
1045 200
1046 206
1047 206
1048 184
1049 187
1050 205
1051 178
1052 200
1053 201
1054 180
1055 203
1056 193
1057 208
1058 183
1059 203
1060 208
1061 166
1062 187
1063 205
1064 200
1065 196
1066 207
1067 199
1068 190
1069 200
1070 204
1071 184
1072 188
1073 189
1074 192
1075 204
1076 207
1077 232
1078 176
1079 212
1080 186
1081 159
1082 210
1083 178
1084 201
1085 183
1086 208
1087 188
1088 199
1089 216
1090 192
1091 174
1092 196
1093 201
1094 171
1095 204
1096 210
1097 176
1098 200
1099 169
1100 181
1101 188
1102 190
1103 161
1104 188
1105 194
1106 206
1107 179
1108 173
1109 198
1110 179
1111 196
1112 201
1113 181
1114 194
1115 227
1116 183
1117 179
1118 195
1119 198
1120 212
1121 211
1122 186
1123 157
1124 206
1125 188
1126 184
1127 164
1128 178
1129 173
1130 174
1131 191
1132 186
1133 177
1134 214
1135 192
1136 194
1137 189
1138 156
1139 231
1140 195
1141 183
1142 165
1143 167
1144 191
1145 185
1146 186
1147 217
1148 191
1149 198
1150 184
1151 206
1152 197
1153 198
1154 175
1155 189
1156 187
1157 178
1158 214
1159 165
1160 174
1161 205
1162 207
1163 176
1164 192
1165 200
1166 187
1167 142
1168 191
1169 209
1170 189
1171 188
1172 200
1173 188
1174 216
1175 186
1176 181
1177 186
1178 182
1179 186
1180 200
1181 164
1182 197
1183 182
1184 206
1185 167
1186 198
1187 196
1188 209
1189 186
1190 186
1191 187
1192 190
1193 207
1194 171
1195 190
1196 193
1197 170
1198 180
1199 163
1200 225
1201 209
1202 173
1203 184
1204 188
1205 201
1206 202
1207 182
1208 177
1209 199
1210 168
1211 215
1212 166
1213 185
1214 185
1215 165
1216 178
1217 193
1218 202
1219 163
1220 189
1221 189
1222 176
1223 193
1224 191
1225 180
1226 198
1227 196
1228 192
1229 181
1230 213
1231 181
1232 204
1233 188
1234 187
1235 174
1236 181
1237 177
1238 196
1239 187
1240 185
1241 192
1242 202
1243 169
1244 201
1245 158
1246 183
1247 200
1248 209
1249 183
1250 188
1251 206
1252 161
1253 185
1254 181
1255 192
1256 174
1257 193
1258 151
1259 203
1260 193
1261 170
1262 194
1263 159
1264 167
1265 188
1266 177
1267 181
1268 167
1269 175
1270 193
1271 177
1272 174
1273 192
1274 192
1275 192
1276 190
1277 193
1278 164
1279 164
1280 189
1281 168
1282 185
1283 173
1284 184
1285 184
1286 182
1287 175
1288 188
1289 176
1290 157
1291 158
1292 175
1293 200
1294 158
1295 169
1296 196
1297 181
1298 176
1299 180
1300 190
1301 178
1302 188
1303 186
1304 216
1305 192
1306 179
1307 193
1308 188
1309 190
1310 188
1311 171
1312 197
1313 174
1314 176
1315 193
1316 177
1317 185
1318 206
1319 188
1320 186
1321 155
1322 168
1323 181
1324 164
1325 209
1326 194
1327 188
1328 184
1329 202
1330 192
1331 183
1332 181
1333 191
1334 186
1335 155
1336 192
1337 174
1338 169
1339 160
1340 184
1341 199
1342 178
1343 176
1344 180
1345 169
1346 168
1347 168
1348 186
1349 175
1350 201
1351 191
1352 210
1353 191
1354 189
1355 184
1356 184
1357 161
1358 168
1359 160
1360 197
1361 174
1362 179
1363 163
1364 183
1365 184
1366 162
1367 155
1368 171
1369 160
1370 189
1371 180
1372 174
1373 183
1374 166
1375 173
1376 177
1377 184
1378 154
1379 186
1380 169
1381 160
1382 168
1383 170
1384 167
1385 178
1386 185
1387 175
1388 139
1389 163
1390 150
1391 156
1392 162
1393 153
1394 157
1395 180
1396 157
1397 152
1398 145
1399 195
1400 161
1401 171
1402 156
1403 175
1404 174
1405 165
1406 163
1407 165
1408 155
1409 167
1410 159
1411 152
1412 156
1413 168
1414 138
1415 172
1416 155
1417 158
1418 158
1419 158
1420 164
1421 136
1422 139
1423 150
1424 165
1425 171
1426 160
1427 170
1428 152
1429 146
1430 162
1431 137
1432 140
1433 163
1434 158
1435 177
1436 140
1437 178
1438 153
1439 167
1440 187
1441 178
1442 155
1443 153
1444 153
1445 144
1446 164
1447 168
1448 158
1449 144
1450 150
1451 175
1452 152
1453 143
1454 171
1455 158
1456 158
1457 156
1458 149
1459 144
1460 142
1461 165
1462 143
1463 140
1464 125
1465 163
1466 160
1467 140
1468 185
1469 150
1470 130
1471 158
1472 169
1473 136
1474 143
1475 138
1476 129
1477 124
1478 127
1479 159
1480 123
1481 128
1482 150
1483 138
1484 140
1485 138
1486 133
1487 140
1488 144
1489 146
1490 139
1491 155
1492 146
1493 134
1494 138
1495 161
1496 136
1497 156
1498 137
1499 150
1500 128
1501 124
1502 131
1503 139
1504 109
1505 147
1506 132
1507 139
1508 142
1509 149
1510 130
1511 158
1512 126
1513 142
1514 130
1515 121
1516 139
1517 134
1518 134
1519 139
1520 118
1521 142
1522 125
1523 123
1524 141
1525 119
1526 122
1527 144
1528 128
1529 135
1530 110
1531 112
1532 111
1533 125
1534 124
1535 142
1536 120
1537 113
1538 124
1539 115
1540 123
1541 118
1542 135
1543 111
1544 119
1545 123
1546 122
1547 104
1548 137
1549 110
1550 107
1551 117
1552 134
1553 131
1554 133
1555 127
1556 138
1557 124
1558 119
1559 119
1560 120
1561 122
1562 106
1563 112
1564 119
1565 117
1566 108
1567 103
1568 125
1569 114
1570 108
1571 123
1572 107
1573 115
1574 112
1575 133
1576 111
1577 130
1578 101
1579 113
1580 124
1581 105
1582 114
1583 98
1584 104
1585 106
1586 128
1587 117
1588 112
1589 130
1590 121
1591 91
1592 99
1593 114
1594 118
1595 90
1596 90
1597 103
1598 103
1599 91
1600 115
1601 104
1602 115
1603 95
1604 112
1605 105
1606 105
1607 94
1608 103
1609 105
1610 100
1611 95
1612 108
1613 100
1614 109
1615 90
1616 100
1617 90
1618 97
1619 100
1620 105
1621 95
1622 91
1623 103
1624 103
1625 95
1626 93
1627 99
1628 103
1629 86
1630 95
1631 87
1632 91
1633 88
1634 104
1635 90
1636 96
1637 97
1638 99
1639 89
1640 103
1641 106
1642 86
1643 109
1644 84
1645 100
1646 94
1647 95
1648 88
1649 95
1650 96
1651 86
1652 84
1653 91
1654 111
1655 84
1656 83
1657 102
1658 78
1659 88
1660 85
1661 79
1662 94
1663 86
1664 100
1665 81
1666 75
1667 98
1668 75
1669 75
1670 90
1671 92
1672 97
1673 95
1674 86
1675 80
1676 82
1677 91
1678 87
1679 93
1680 75
1681 79
1682 98
1683 92
1684 80
1685 87
1686 77
1687 72
1688 82
1689 89
1690 79
1691 67
1692 84
1693 100
1694 73
1695 80
1696 78
1697 65
1698 83
1699 73
1700 80
1701 87
1702 79
1703 76
1704 68
1705 77
1706 87
1707 67
1708 83
1709 71
1710 84
1711 74
1712 79
1713 68
1714 81
1715 76
1716 73
1717 81
1718 76
1719 74
1720 66
1721 78
1722 90
1723 60
1724 80
1725 66
1726 80
1727 77
1728 76
1729 74
1730 66
1731 74
1732 59
1733 63
1734 66
1735 65
1736 64
1737 67
1738 77
1739 66
1740 76
1741 64
1742 67
1743 54
1744 77
1745 63
1746 67
1747 64
1748 61
1749 78
1750 56
1751 74
1752 60
1753 73
1754 68
1755 61
1756 57
1757 66
1758 66
1759 50
1760 55
1761 73
1762 65
1763 62
1764 51
1765 56
1766 71
1767 59
1768 65
1769 67
1770 55
1771 60
1772 57
1773 66
1774 79
1775 60
1776 58
1777 70
1778 62
1779 52
1780 50
1781 60
1782 73
1783 62
1784 67
1785 62
1786 70
1787 59
1788 69
1789 57
1790 54
1791 57
1792 67
1793 67
1794 53
1795 53
1796 50
1797 55
1798 58
1799 62
1800 50
1801 42
1802 66
1803 46
1804 59
1805 44
1806 55
1807 61
1808 55
1809 69
1810 56
1811 59
1812 42
1813 61
1814 62
1815 44
1816 49
1817 39
1818 53
1819 51
1820 55
1821 55
1822 57
1823 52
1824 46
1825 39
1826 59
1827 54
1828 53
1829 62
1830 50
1831 50
1832 53
1833 61
1834 43
1835 50
1836 51
1837 44
1838 53
1839 45
1840 48
1841 50
1842 55
1843 49
1844 51
1845 46
1846 30
1847 49
1848 37
1849 39
1850 60
1851 38
1852 56
1853 40
1854 48
1855 54
1856 48
1857 43
1858 46
1859 50
1860 47
1861 41
1862 51
1863 51
1864 33
1865 35
1866 52
1867 47
1868 54
1869 31
1870 54
1871 55
1872 49
1873 60
1874 34
1875 40
1876 37
1877 45
1878 37
1879 44
1880 43
1881 29
1882 47
1883 38
1884 57
1885 36
1886 47
1887 45
1888 33
1889 37
1890 34
1891 36
1892 43
1893 29
1894 41
1895 47
1896 44
1897 41
1898 42
1899 50
1900 47
1901 38
1902 43
1903 39
1904 41
1905 36
1906 37
1907 42
1908 46
1909 34
1910 47
1911 34
1912 50
1913 39
1914 45
1915 54
1916 31
1917 39
1918 31
1919 35
1920 37
1921 47
1922 28
1923 38
1924 36
1925 35
1926 41
1927 31
1928 30
1929 28
1930 34
1931 25
1932 23
1933 24
1934 25
1935 37
1936 36
1937 33
1938 39
1939 34
1940 29
1941 40
1942 33
1943 24
1944 37
1945 36
1946 36
1947 27
1948 36
1949 25
1950 36
1951 23
1952 37
1953 35
1954 35
1955 36
1956 29
1957 35
1958 46
1959 29
1960 29
1961 30
1962 29
1963 32
1964 42
1965 22
1966 35
1967 34
1968 27
1969 36
1970 32
1971 34
1972 29
1973 34
1974 22
1975 26
1976 38
1977 24
1978 26
1979 15
1980 26
1981 27
1982 21
1983 28
1984 34
1985 33
1986 26
1987 33
1988 25
1989 32
1990 24
1991 24
1992 29
1993 27
1994 26
1995 31
1996 20
1997 28
1998 33
1999 24
2000 21
2001 30
2002 27
2003 25
2004 21
2005 14
2006 26
2007 30
2008 18
2009 33
2010 26
2011 25
2012 33
2013 29
2014 19
2015 35
2016 25
2017 30
2018 24
2019 28
2020 29
2021 16
2022 29
2023 21
2024 28
2025 22
2026 20
2027 17
2028 17
2029 29
2030 22
2031 25
2032 15
2033 37
2034 17
2035 19
2036 28
2037 34
2038 17
2039 27
2040 16
2041 24
2042 20
2043 23
2044 24
2045 27
2046 14
2047 24
2048 14
2049 37
2050 28
2051 20
2052 19
2053 26
2054 20
2055 19
2056 19
2057 29
2058 28
2059 21
2060 19
2061 20
2062 22
2063 16
2064 17
2065 19
2066 26
2067 20
2068 16
2069 19
2070 16
2071 15
2072 14
2073 19
2074 19
2075 20
2076 18
2077 16
2078 19
2079 16
2080 23
2081 15
2082 21
2083 13
2084 16
2085 23
2086 14
2087 17
2088 26
2089 21
2090 9
2091 16
2092 16
2093 16
2094 27
2095 13
2096 12
2097 13
2098 12
2099 18
2100 22
2101 15
2102 17
2103 18
2104 15
2105 15
2106 10
2107 25
2108 17
2109 19
2110 10
2111 22
2112 15
2113 20
2114 19
2115 12
2116 29
2117 14
2118 14
2119 11
2120 20
2121 14
2122 13
2123 14
2124 15
2125 20
2126 17
2127 16
2128 17
2129 18
2130 15
2131 15
2132 14
2133 9
2134 19
2135 17
2136 14
2137 14
2138 11
2139 14
2140 12
2141 20
2142 16
2143 8
2144 12
2145 16
2146 12
2147 14
2148 11
2149 17
2150 11
2151 13
2152 18
2153 16
2154 11
2155 14
2156 11
2157 15
2158 20
2159 18
2160 7
2161 17
2162 11
2163 17
2164 11
2165 11
2166 8
2167 12
2168 8
2169 12
2170 23
2171 9
2172 9
2173 13
2174 12
2175 10
2176 7
2177 6
2178 11
2179 8
2180 9
2181 12
2182 10
2183 8
2184 7
2185 15
2186 10
2187 13
2188 11
2189 8
2190 8
2191 8
2192 11
2193 7
2194 14
2195 8
2196 13
2197 16
2198 7
2199 9
2200 8
2201 7
2202 8
2203 6
2204 11
2205 17
2206 10
2207 11
2208 6
2209 9
2210 10
2211 7
2212 10
2213 10
2214 8
2215 14
2216 7
2217 7
2218 9
2219 11
2220 11
2221 11
2222 11
2223 6
2224 7
2225 11
2226 9
2227 10
2228 13
2229 14
2230 10
2231 13
2232 8
2233 14
2234 8
2235 9
2236 8
2237 11
2238 7
2239 8
2240 7
2241 8
2242 10
2243 10
2244 10
2245 11
2246 11
2247 6
2248 4
2249 10
2250 5
2251 7
2252 2
2253 10
2254 8
2255 8
2256 8
2257 6
2258 11
2259 7
2260 3
2261 6
2262 5
2263 8
2264 10
2265 12
2266 8
2267 7
2268 9
2269 5
2270 6
2271 6
2272 5
2273 6
2274 10
2275 5
2276 5
2277 9
2278 6
2279 5
2280 8
2281 5
2282 5
2283 8
2284 5
2285 9
2286 9
2287 7
2288 1
2289 3
2290 7
2291 5
2292 5
2293 3
2294 4
2295 6
2296 11
2297 4
2298 4
2299 6
2300 4
2301 1
2302 6
2303 8
2304 6
2305 3
2306 2
2307 3
2308 3
2309 6
2310 6
2311 3
2312 0
2313 5
2314 6
2315 13
2316 5
2317 4
2318 3
2319 8
2320 2
2321 8
2322 3
2323 4
2324 5
2325 2
2326 5
2327 4
2328 7
2329 3
2330 2
2331 7
2332 7
2333 3
2334 5
2335 2
2336 9
2337 9
2338 6
2339 4
2340 4
2341 1
2342 8
2343 7
2344 4
2345 6
2346 6
2347 9
2348 8
2349 4
2350 10
2351 0
2352 2
2353 3
2354 6
2355 4
2356 4
2357 0
2358 4
2359 7
2360 4
2361 3
2362 4
2363 3
2364 5
2365 2
2366 2
2367 1
2368 4
2369 6
2370 3
2371 2
2372 3
2373 3
2374 3
2375 3
2376 2
2377 4
2378 6
2379 1
2380 0
2381 2
2382 4
2383 6
2384 5
2385 4
2386 2
2387 2
2388 5
2389 2
2390 6
2391 3
2392 6
2393 3
2394 3
2395 5
2396 6
2397 3
2398 3
2399 3
2400 1
2401 3
2402 3
2403 3
2404 3
2405 4
2406 5
2407 5
2408 3
2409 4
2410 4
2411 6
2412 1
2413 2
2414 4
2415 4
2416 2
2417 5
2418 1
2419 1
2420 5
2421 1
2422 4
2423 2
2424 3
2425 1
2426 0
2427 7
2428 4
2429 5
2430 1
2431 3
2432 3
2433 1
2434 2
2435 0
2436 2
2437 1
2438 1
2439 1
2440 2
2441 4
2442 7
2443 4
2444 3
2445 0
2446 4
2447 1
2448 1
2449 3
2450 5
2451 3
2452 2
2453 3
2454 2
2455 2
2456 6
2457 3
2458 0
2459 2
2460 3
2461 1
2462 2
2463 2
2464 3
2465 2
2466 3
2467 2
2468 2
2469 2
2470 2
2471 2
2472 3
2473 2
2474 2
2475 2
2476 4
2477 3
2478 1
2479 1
2480 2
2481 1
2482 1
2483 2
2484 5
2485 4
2486 3
2487 2
2488 2
2489 3
2490 1
2491 1
2492 1
2493 6
2494 2
2495 1
2496 2
2497 4
2498 2
2499 1
2500 1
2501 1
2502 1
2503 1
2504 2
2505 4
2506 2
2507 2
2508 1
2509 1
2510 0
2511 0
2512 2
2513 1
2514 1
2515 2
2516 1
2517 4
2518 0
2519 2
2520 0
2521 2
2522 0
2523 2
2524 1
2525 0
2526 1
2527 0
2528 2
2529 2
2530 2
2531 0
2532 1
2533 3
2534 1
2535 0
2536 1
2537 0
2538 3
2539 2
2540 1
2541 2
2542 0
2543 1
2544 0
2545 1
2546 1
2547 2
2548 1
2549 1
2550 0
2551 1
2552 1
2553 0
2554 0
2555 1
2556 2
2557 1
2558 0
2559 2
2560 3
2561 0
2562 0
2563 3
2564 3
2565 3
2566 2
2567 3
2568 0
2569 0
2570 0
2571 2
2572 2
2573 1
2574 4
2575 1
2576 0
2577 1
2578 2
2579 0
2580 1
2581 1
2582 0
2583 1
2584 0
2585 3
2586 1
2587 2
2588 1
2589 4
2590 1
2591 3
2592 1
2593 1
2594 0
2595 1
2596 1
2597 0
2598 0
2599 1
2600 0
2601 0
2602 1
2603 0
2604 1
2605 1
2606 3
2607 0
2608 0
2609 0
2610 1
2611 2
2612 1
2613 3
2614 0
2615 1
2616 0
2617 0
2618 0
2619 0
2620 0
2621 2
2622 1
2623 1
2624 0
2625 1
2626 0
2627 1
2628 0
2629 3
2630 1
2631 1
2632 0
2633 4
2634 0
2635 1
2636 1
2637 0
2638 2
2639 1
2640 1
2641 1
2642 1
2643 1
2644 2
2645 1
2646 3
2647 1
2648 1
2649 1
2650 0
2651 1
2652 1
2653 0
2654 1
2655 0
2656 0
2657 1
2658 0
2659 1
2660 1
2661 0
2662 1
2663 0
2664 2
2665 0
2666 1
2667 1
2668 1
2669 0
2670 0
2671 1
2672 1
2673 1
2674 1
2675 0
2676 1
2677 1
2678 0
2679 0
2680 0
2681 2
2682 0
2683 0
2684 0
2685 0
2686 1
2687 1
2688 0
2689 2
2690 0
2691 0
2692 1
2693 0
2694 2
2695 1
2696 1
2697 0
2698 0
2699 0
2700 0
2701 1
2702 0
2703 0
2704 0
2705 0
2706 0
2707 0
2708 0
2709 0
2710 0
2711 2
2712 2
2713 0
2714 0
2715 1
2716 0
2717 1
2718 1
2719 1
2720 0
2721 0
2722 0
2723 0
2724 0
2725 0
2726 0
2727 0
2728 1
2729 0
2730 1
2731 1
2732 0
2733 0
2734 1
2735 1
2736 2
2737 1
2738 1
2739 0
2740 0
2741 0
2742 0
2743 1
2744 0
2745 0
2746 1
2747 0
2748 1
2749 0
2750 0
2751 0
2752 0
2753 0
2754 1
2755 1
2756 1
2757 0
2758 0
2759 0
2760 1
2761 0
2762 1
2763 0
2764 0
2765 0
2766 0
2767 0
2768 0
2769 0
2770 0
2771 0
2772 0
2773 1
2774 1
2775 0
2776 1
2777 0
2778 1
2779 0
2780 0
2781 2
2782 0
2783 0
2784 1
2785 0
2786 0
2787 0
2788 0
2789 1
2790 1
2791 0
2792 0
2793 0
2794 1
2795 0
2796 0
2797 1
2798 0
2799 0
2800 2
2801 0
2802 0
2803 0
2804 0
2805 0
2806 1
2807 1
2808 0
2809 1
2810 0
2811 0
2812 0
2813 1
2814 1
2815 0
2816 0
2817 1
2818 0
2819 1
2820 0
2821 0
2822 1
2823 0
2824 1
2825 0
2826 0
2827 1
2828 0
2829 0
2830 0
2831 1
2832 0
2833 0
2834 0
2835 0
2836 0
2837 1
2838 0
2839 0
2840 0
2841 0
2842 0
2843 0
2844 0
2845 0
2846 1
2847 0
2848 1
2849 0
2850 0
2851 0
2852 0
2853 0
2854 0
2855 0
2856 1
2857 0
2858 0
2859 0
2860 1
2861 0
2862 0
2863 0
2864 0
2865 0
2866 0
2867 0
2868 0
2869 0
2870 0
2871 0
2872 0
2873 1
2874 1
2875 0
2876 0
2877 0
2878 0
2879 0
2880 0
2881 0
2882 1
2883 0
2884 0
2885 1
2886 0
2887 0
2888 0
2889 0
2890 0
2891 0
2892 0
2893 1
2894 0
2895 0
2896 0
2897 0
2898 0
2899 0
2900 0
2901 0
2902 0
2903 1
2904 0
2905 0
2906 0
2907 0
2908 1
2909 1
2910 0
2911 0
2912 0
2913 0
2914 0
2915 0
2916 0
2917 0
2918 0
2919 0
2920 0
2921 0
2922 0
2923 0
2924 0
2925 0
2926 2
2927 0
2928 0
2929 0
2930 0
2931 0
2932 0
2933 0
2934 0
2935 0
2936 0
2937 0
2938 0
2939 0
2940 0
2941 0
2942 0
2943 0
2944 0
2945 0
2946 0
2947 0
2948 0
2949 0
2950 0
2951 0
2952 1
2953 0
2954 0
2955 0
2956 0
2957 0
2958 0
2959 0
2960 0
2961 0
2962 0
2963 0
2964 0
2965 0
2966 0
2967 0
2968 0
2969 0
2970 0
2971 0
2972 0
2973 0
2974 0
2975 0
2976 0
2977 0
2978 0
2979 0
2980 0
2981 0
2982 0
2983 0
2984 0
2985 0
2986 0
2987 0
2988 0
2989 0
2990 1
2991 0
2992 0
2993 0
2994 0
2995 0
2996 0
2997 1
2998 0
2999 0
3000 0
3001 0
3002 0
3003 0
3004 0
3005 0
3006 0
3007 0
3008 0
3009 0
3010 0
3011 1
3012 0
3013 0
3014 1
3015 0
3016 0
3017 0
3018 0
3019 0
3020 0
3021 0
3022 0
3023 0
3024 0
3025 0
3026 0
3027 1
3028 0
3029 0
3030 0
3031 0
3032 0
3033 0
3034 0
3035 2
3036 0
3037 0
3038 0
3039 0
3040 0
3041 0
3042 1
3043 0
3044 0
3045 0
3046 1
3047 0
3048 0
3049 0
3050 0
3051 2
3052 0
3053 0
3054 1
3055 0
3056 0
3057 0
3058 1
3059 0
3060 0
3061 0
3062 0
3063 0
3064 0
3065 0
3066 0
3067 0
3068 0
3069 0
3070 0
3071 0
3072 0
3073 0
3074 0
3075 0
3076 0
3077 0
3078 0
3079 0
3080 0
3081 0
3082 0
3083 1
3084 0
3085 0
3086 0
3087 0
3088 0
3089 0
3090 0
3091 0
3092 1
3093 0
3094 0
3095 1
3096 0
3097 0
3098 0
3099 0
3100 0
3101 0
3102 0
3103 0
3104 0
3105 0
3106 0
3107 0
3108 0
3109 0
3110 0
3111 0
3112 1
3113 1
3114 0
3115 0
3116 0
3117 0
3118 0
3119 0
3120 0
3121 0
3122 0
3123 0
3124 0
3125 0
3126 0
3127 0
3128 0
3129 0
3130 0
3131 0
3132 0
3133 0
3134 0
3135 0
3136 0
3137 0
3138 0
3139 0
3140 0
3141 0
3142 0
3143 1
3144 0
3145 0
3146 0
3147 0
3148 0
3149 0
3150 0
3151 0
3152 0
3153 0
3154 0
3155 0
3156 0
3157 1
3158 0
3159 0
3160 0
3161 0
3162 0
3163 0
3164 0
3165 0
3166 0
3167 0
3168 0
3169 0
3170 0
3171 0
3172 0
3173 0
3174 0
3175 0
3176 0
3177 0
3178 0
3179 0
3180 0
3181 0
3182 1
3183 0
3184 0
3185 0
3186 0
3187 0
3188 0
3189 0
3190 0
3191 0
3192 1
3193 0
3194 0
3195 0
3196 0
3197 0
3198 0
3199 0
3200 0
3201 0
3202 0
3203 0
3204 0
3205 0
3206 0
3207 0
3208 0
3209 0
3210 0
3211 0
3212 0
3213 0
3214 0
3215 0
3216 1
3217 0
3218 0
3219 1
3220 0
3221 0
3222 0
3223 0
3224 0
3225 0
3226 0
3227 0
3228 0
3229 0
3230 0
3231 0
3232 0
3233 0
3234 0
3235 0
3236 0
3237 0
3238 0
3239 0
3240 0
3241 0
3242 0
3243 1
3244 0
3245 0
3246 0
3247 0
3248 0
3249 0
3250 0
3251 0
3252 0
3253 0
3254 0
3255 0
3256 0
3257 0
3258 0
3259 0
3260 0
3261 0
3262 0
3263 0
3264 0
3265 0
3266 0
3267 0
3268 0
3269 0
3270 0
3271 0
3272 0
3273 0
3274 0
3275 0
3276 0
3277 0
3278 0
3279 0
3280 0
3281 0
3282 1
3283 0
3284 0
3285 0
3286 0
3287 0
3288 1
3289 0
3290 0
3291 0
3292 0
3293 0
3294 0
3295 0
3296 0
3297 0
3298 0
3299 0
3300 0
3301 0
3302 0
3303 0
3304 0
3305 0
3306 0
3307 0
3308 0
3309 0
3310 0
3311 0
3312 0
3313 0
3314 1
3315 0
3316 0
3317 0
3318 0
3319 0
3320 0
3321 0
3322 0
3323 0
3324 0
3325 0
3326 0
3327 0
3328 0
3329 0
3330 0
3331 0
3332 0
3333 0
3334 0
3335 0
3336 0
3337 0
3338 0
3339 0
3340 0
3341 0
3342 0
3343 0
3344 0
3345 0
3346 0
3347 0
3348 0
3349 0
3350 0
3351 0
3352 0
3353 0
3354 0
3355 0
3356 0
3357 0
3358 0
3359 0
3360 0
3361 0
3362 0
3363 0
3364 0
3365 0
3366 0
3367 0
3368 0
3369 0
3370 0
3371 0
3372 0
3373 0
3374 0
3375 0
3376 0
3377 0
3378 0
3379 0
3380 0
3381 0
3382 0
3383 0
3384 0
3385 0
3386 0
3387 0
3388 0
3389 0
3390 0
3391 1
3392 0
3393 0
3394 0
3395 1
3396 0
3397 0
3398 0
3399 0
3400 0
3401 0
3402 1
3403 0
3404 0
3405 0
3406 0
3407 0
3408 0
3409 0
3410 0
3411 0
3412 0
3413 0
3414 0
3415 0
3416 0
3417 0
3418 0
3419 0
3420 0
3421 0
3422 0
3423 0
3424 0
3425 0
3426 0
3427 0
3428 0
3429 0
3430 0
3431 0
3432 0
3433 0
3434 0
3435 0
3436 0
3437 0
3438 0
3439 0
3440 0
3441 0
3442 0
3443 0
3444 0
3445 0
3446 0
3447 0
3448 0
3449 0
3450 0
3451 0
3452 0
3453 0
3454 0
3455 0
3456 0
3457 0
3458 0
3459 0
3460 0
3461 0
3462 0
3463 0
3464 0
3465 0
3466 0
3467 0
3468 0
3469 0
3470 0
3471 0
3472 0
3473 0
3474 0
3475 0
3476 0
3477 0
3478 0
3479 0
3480 0
3481 0
3482 0
3483 0
3484 0
3485 0
3486 0
3487 0
3488 0
3489 0
3490 0
3491 0
3492 0
3493 0
3494 0
3495 0
3496 0
3497 0
3498 0
3499 0
3500 0
3501 0
3502 0
3503 0
3504 1
3505 0
3506 0
3507 0
3508 0
3509 0
3510 0
3511 0
3512 0
3513 0
3514 0
3515 0
3516 0
3517 0
3518 0
3519 0
3520 0
3521 0
3522 0
3523 0
3524 0
3525 0
3526 0
3527 0
3528 0
3529 0
3530 0
3531 0
3532 0
3533 0
3534 0
3535 0
3536 0
3537 0
3538 0
3539 0
3540 0
3541 0
3542 0
3543 0
3544 0
3545 0
3546 0
3547 0
3548 0
3549 0
3550 0
3551 0
3552 0
3553 0
3554 0
3555 0
3556 0
3557 0
3558 0
3559 1
3560 0
3561 0
3562 0
3563 0
3564 0
3565 1
3566 0
3567 0
3568 0
3569 1
3570 0
3571 0
3572 0
3573 0
3574 0
3575 0
3576 0
3577 0
3578 0
3579 0
3580 0
3581 1
3582 0
3583 0
3584 0
3585 0
3586 0
3587 0
3588 0
3589 0
3590 0
3591 0
3592 0
3593 0
3594 0
3595 0
3596 0
3597 0
3598 0
3599 0
3600 0
3601 0
3602 0
3603 0
3604 0
3605 0
3606 0
3607 0
3608 0
3609 0
3610 0
3611 0
3612 0
3613 0
3614 0
3615 0
3616 0
3617 0
3618 0
3619 0
3620 0
3621 0
3622 0
3623 0
3624 0
3625 0
3626 0
3627 0
3628 0
3629 0
3630 0
3631 0
3632 0
3633 0
3634 0
3635 0
3636 0
3637 0
3638 0
3639 0
3640 0
3641 0
3642 0
3643 0
3644 0
3645 0
3646 0
3647 0
3648 0
3649 0
3650 0
3651 0
3652 0
3653 0
3654 0
3655 0
3656 0
3657 0
3658 0
3659 0
3660 0
3661 0
3662 0
3663 0
3664 0
3665 0
3666 0
3667 0
3668 0
3669 0
3670 0
3671 0
3672 0
3673 0
3674 0
3675 0
3676 0
3677 0
3678 0
3679 0
3680 0
3681 0
3682 0
3683 0
3684 0
3685 0
3686 0
3687 0
3688 0
3689 0
3690 0
3691 0
3692 0
3693 0
3694 0
3695 0
3696 0
3697 0
3698 0
3699 0
3700 0
3701 0
3702 0
3703 0
3704 0
3705 0
3706 0
3707 0
3708 0
3709 0
3710 0
3711 0
3712 1
3713 0
3714 0
3715 0
3716 0
3717 0
3718 0
3719 0
3720 0
3721 0
3722 0
3723 0
3724 0
3725 0
3726 0
3727 0
3728 0
3729 0
3730 0
3731 0
3732 0
3733 0
3734 0
3735 0
3736 0
3737 0
3738 0
3739 0
3740 0
3741 0
3742 0
3743 0
3744 0
3745 0
3746 0
3747 0
3748 0
3749 0
3750 0
3751 0
3752 0
3753 0
3754 0
3755 0
3756 0
3757 0
3758 0
3759 0
3760 0
3761 0
3762 0
3763 0
3764 0
3765 0
3766 0
3767 0
3768 0
3769 0
3770 0
3771 0
3772 0
3773 0
3774 0
3775 0
3776 0
3777 0
3778 0
3779 0
3780 0
3781 0
3782 0
3783 0
3784 0
3785 0
3786 0
3787 0
3788 0
3789 0
3790 0
3791 0
3792 0
3793 0
3794 0
3795 0
3796 0
3797 0
3798 0
3799 1
3800 0
3801 0
3802 0
3803 0
3804 0
3805 0
3806 0
3807 0
3808 0
3809 0
3810 0
3811 0
3812 0
3813 0
3814 0
3815 0
3816 0
3817 0
3818 0
3819 0
3820 0
3821 0
3822 0
3823 0
3824 0
3825 1
3826 0
3827 0
3828 0
3829 0
3830 0
3831 0
3832 0
3833 0
3834 0
3835 0
3836 0
3837 0
3838 0
3839 0
3840 0
3841 0
3842 0
3843 0
3844 0
3845 0
3846 0
3847 0
3848 0
3849 0
3850 0
3851 0
3852 0
3853 0
3854 0
3855 0
3856 0
3857 0
3858 0
3859 0
3860 0
3861 0
3862 0
3863 0
3864 0
3865 0
3866 0
3867 0
3868 0
3869 0
3870 0
3871 0
3872 0
3873 0
3874 0
3875 0
3876 0
3877 0
3878 0
3879 0
3880 0
3881 0
3882 0
3883 0
3884 0
3885 0
3886 0
3887 0
3888 0
3889 0
3890 0
3891 0
3892 0
3893 0
3894 0
3895 0
3896 0
3897 0
3898 0
3899 0
3900 0
3901 0
3902 0
3903 0
3904 0
3905 0
3906 0
3907 0
3908 0
3909 0
3910 0
3911 0
3912 0
3913 1
3914 0
3915 0
3916 0
3917 0
3918 0
3919 0
3920 0
3921 0
3922 0
3923 0
3924 0
3925 0
3926 0
3927 0
3928 0
3929 0
3930 0
3931 0
3932 0
3933 0
3934 0
3935 0
3936 0
3937 0
3938 0
3939 0
3940 0
3941 0
3942 0
3943 0
3944 0
3945 0
3946 0
3947 0
3948 0
3949 0
3950 0
3951 0
3952 0
3953 0
3954 0
3955 0
3956 0
3957 0
3958 0
3959 0
3960 0
3961 0
3962 0
3963 0
3964 0
3965 0
3966 0
3967 0
3968 0
3969 0
3970 0
3971 0
3972 0
3973 0
3974 0
3975 0
3976 0
3977 0
3978 0
3979 0
3980 0
3981 0
3982 0
3983 0
3984 0
3985 0
3986 0
3987 0
3988 0
3989 0
3990 0
3991 0
3992 0
3993 0
3994 0
3995 0
3996 0
3997 0
3998 0
3999 0
4000 0
