0 0
1 0
2 0
3 0
4 0
5 0
6 0
7 0
8 0
9 0
10 0
11 0
12 0
13 0
14 0
15 0
16 0
17 0
18 0
19 0
20 0
21 0
22 0
23 0
24 0
25 0
26 0
27 0
28 0
29 0
30 0
31 0
32 0
33 0
34 0
35 0
36 0
37 0
38 0
39 0
40 0
41 0
42 0
43 0
44 0
45 0
46 0
47 0
48 0
49 0
50 0
51 0
52 0
53 0
54 0
55 0
56 0
57 0
58 0
59 0
60 0
61 0
62 0
63 0
64 0
65 0
66 0
67 0
68 0
69 0
70 0
71 0
72 0
73 0
74 0
75 0
76 0
77 0
78 0
79 0
80 0
81 0
82 0
83 0
84 0
85 0
86 0
87 0
88 0
89 0
90 0
91 0
92 0
93 0
94 0
95 0
96 0
97 0
98 0
99 0
100 0
101 0
102 0
103 0
104 0
105 0
106 0
107 0
108 0
109 0
110 0
111 0
112 0
113 0
114 0
115 0
116 0
117 0
118 0
119 0
120 0
121 0
122 0
123 0
124 0
125 0
126 0
127 0
128 0
129 0
130 0
131 0
132 0
133 0
134 0
135 0
136 0
137 0
138 0
139 0
140 0
141 0
142 0
143 0
144 0
145 0
146 1
147 1
148 0
149 0
150 3
151 1
152 2
153 5
154 5
155 10
156 9
157 5
158 5
159 7
160 6
161 5
162 5
163 3
164 9
165 5
166 3
167 4
168 5
169 3
170 3
171 11
172 31
173 57
174 58
175 138
176 153
177 232
178 222
179 247
180 318
181 434
182 588
183 918
184 1420
185 2038
186 2259
187 2710
188 3001
189 2955
190 2933
191 2767
192 2613
193 2343
194 2201
195 1982
196 1778
197 1571
198 1334
199 1328
200 1161
201 984
202 936
203 823
204 737
205 677
206 647
207 607
208 572
209 575
210 553
211 521
212 546
213 511
214 505
215 515
216 484
217 487
218 520
219 492
220 538
221 515
222 492
223 531
224 527
225 497
226 485
227 506
228 521
229 518
230 548
231 484
232 487
233 538
234 593
235 509
236 548
237 521
238 566
239 501
240 532
241 532
242 553
243 567
244 580
245 556
246 562
247 560
248 520
249 574
250 560
251 559
252 607
253 571
254 597
255 574
256 580
257 588
258 596
259 610
260 601
261 508
262 562
263 563
264 610
265 614
266 611
267 619
268 588
269 564
270 601
271 559
272 586
273 591
274 646
275 643
276 585
277 629
278 612
279 619
280 570
281 652
282 606
283 570
284 627
285 605
286 610
287 617
288 630
289 604
290 595
291 617
292 618
293 616
294 608
295 618
296 650
297 634
298 643
299 639
300 618
301 622
302 607
303 657
304 618
305 654
306 606
307 660
308 658
309 669
310 659
311 658
312 617
313 656
314 655
315 645
316 648
317 657
318 645
319 614
320 640
321 686
322 621
323 666
324 687
325 673
326 695
327 653
328 648
329 692
330 717
331 671
332 631
333 640
334 615
335 674
336 618
337 648
338 699
339 694
340 702
341 672
342 685
343 662
344 708
345 706
346 712
347 732
348 663
349 691
350 705
351 673
352 703
353 683
354 764
355 701
356 718
357 714
358 693
359 729
360 742
361 721
362 749
363 746
364 718
365 708
366 725
367 717
368 702
369 712
370 709
371 730
372 733
373 771
374 744
375 721
376 730
377 735
378 778
379 755
380 760
381 724
382 804
383 764
384 800
385 809
386 779
387 846
388 738
389 815
390 837
391 767
392 786
393 764
394 771
395 780
396 842
397 867
398 799
399 807
400 788
401 799
402 846
403 857
404 860
405 832
406 850
407 782
408 882
409 837
410 911
411 805
412 877
413 843
414 902
415 921
416 855
417 847
418 834
419 885
420 899
421 861
422 853
423 891
424 907
425 872
426 918
427 935
428 991
429 960
430 899
431 980
432 952
433 962
434 978
435 958
436 979
437 964
438 964
439 942
440 1023
441 968
442 986
443 965
444 971
445 1005
446 1004
447 936
448 974
449 1043
450 937
451 1123
452 1026
453 987
454 1035
455 1088
456 1056
457 1035
458 1052
459 1045
460 999
461 1108
462 1020
463 1060
464 1076
465 1123
466 1031
467 1106
468 1006
469 1104
470 1118
471 1168
472 1118
473 1133
474 1092
475 1146
476 1101
477 1190
478 1149
479 1095
480 1176
481 1188
482 1139
483 1133
484 1110
485 1200
486 1120
487 1126
488 1103
489 1177
490 1191
491 1239
492 1135
493 1129
494 1130
495 1156
496 1191
497 1198
498 1153
499 1164
500 1119
501 1172
502 1152
503 1225
504 1201
505 1192
506 1245
507 1229
508 1200
509 1180
510 1222
511 1221
512 1217
513 1243
514 1235
515 1190
516 1210
517 1207
518 1222
519 1160
520 1162
521 1241
522 1210
523 1226
524 1216
525 1215
526 1252
527 1193
528 1237
529 1256
530 1153
531 1209
532 1206
533 1237
534 1257
535 1181
536 1201
537 1237
538 1245
539 1240
540 1284
541 1214
542 1295
543 1212
544 1241
545 1333
546 1241
547 1202
548 1259
549 1258
550 1264
551 1242
552 1178
553 1311
554 1242
555 1229
556 1222
557 1226
558 1226
559 1265
560 1197
561 1218
562 1208
563 1207
564 1233
565 1195
566 1247
567 1240
568 1206
569 1180
570 1166
571 1228
572 1269
573 1253
574 1230
575 1191
576 1164
577 1172
578 1132
579 1217
580 1205
581 1170
582 1172
583 1207
584 1140
585 1158
586 1205
587 1156
588 1170
589 1171
590 1184
591 1206
592 1177
593 1170
594 1153
595 1205
596 1145
597 1100
598 1085
599 1109
600 1139
601 1159
602 1089
603 1099
604 1065
605 1134
606 1054
607 1101
608 1080
609 1109
610 1060
611 1113
612 1072
613 1060
614 1102
615 1109
616 1042
617 1081
618 1032
619 1061
620 1116
621 1111
622 1031
623 1050
624 1042
625 991
626 988
627 990
628 1019
629 1015
630 970
631 1011
632 1011
633 1001
634 1020
635 1009
636 966
637 983
638 964
639 919
640 968
641 928
642 978
643 957
644 941
645 972
646 931
647 933
648 888
649 934
650 955
651 876
652 892
653 909
654 867
655 869
656 926
657 874
658 846
659 926
660 810
661 834
662 834
663 879
664 789
665 796
666 807
667 821
668 823
669 840
670 840
671 787
672 732
673 758
674 812
675 785
676 690
677 698
678 796
679 774
680 788
681 771
682 778
683 750
684 761
685 761
686 740
687 731
688 745
689 747
690 696
691 738
692 673
693 756
694 698
695 719
696 656
697 708
698 663
699 667
700 652
701 649
702 674
703 615
704 661
705 601
706 658
707 598
708 632
709 582
710 626
711 548
712 621
713 570
714 616
715 594
716 598
717 575
718 602
719 569
720 614
721 581
722 533
723 551
724 560
725 540
726 546
727 538
728 561
729 558
730 555
731 495
732 505
733 490
734 515
735 529
736 545
737 513
738 502
739 513
740 522
741 501
742 493
743 509
744 490
745 483
746 436
747 466
748 454
749 439
750 444
751 421
752 492
753 453
754 459
755 459
756 461
757 449
758 410
759 409
760 412
761 423
762 431
763 409
764 384
765 400
766 442
767 352
768 394
769 391
770 416
771 399
772 361
773 353
774 364
775 396
776 368
777 380
778 389
779 359
780 413
781 364
782 355
783 385
784 353
785 323
786 337
787 319
788 326
789 355
790 344
791 330
792 351
793 328
794 305
795 324
796 306
797 316
798 293
799 300
800 311
801 296
802 305
803 340
804 314
805 294
806 296
807 306
808 273
809 277
810 276
811 282
812 316
813 264
814 262
815 277
816 279
817 298
818 263
819 251
820 262
821 267
822 234
823 271
824 256
825 236
826 252
827 267
828 249
829 265
830 242
831 254
832 258
833 257
834 241
835 229
836 256
837 239
838 229
839 220
840 247
841 237
842 260
843 223
844 237
845 224
846 223
847 238
848 235
849 246
850 223
851 237
852 225
853 204
854 224
855 205
856 227
857 211
858 188
859 207
860 208
861 210
862 216
863 204
864 233
865 217
866 203
867 211
868 178
869 170
870 196
871 187
872 207
873 177
874 197
875 202
876 166
877 191
878 203
879 201
880 185
881 197
882 172
883 179
884 192
885 182
886 174
887 177
888 185
889 171
890 178
891 185
892 155
893 188
894 174
895 174
896 175
897 183
898 155
899 181
900 174
901 179
902 178
903 183
904 160
905 182
906 172
907 178
908 156
909 167
910 179
911 177
912 157
913 187
914 184
915 162
916 187
917 163
918 168
919 157
920 175
921 179
922 163
923 159
924 157
925 149
926 163
927 176
928 152
929 164
930 160
931 151
932 151
933 156
934 175
935 177
936 188
937 153
938 170
939 155
940 168
941 162
942 164
943 162
944 156
945 136
946 132
947 166
948 154
949 151
950 178
951 154
952 153
953 150
954 171
955 169
956 170
957 160
958 149
959 158
960 148
961 174
962 140
963 166
964 156
965 148
966 127
967 158
968 153
969 139
970 148
971 167
972 128
973 128
974 164
975 141
976 145
977 173
978 155
979 139
980 141
981 139
982 140
983 148
984 142
985 115
986 136
987 169
988 140
989 125
990 148
991 141
992 153
993 144
994 142
995 141
996 148
997 153
998 160
999 155
1000 152
1001 147
1002 174
1003 121
1004 138
1005 161
1006 135
1007 135
1008 143
1009 145
1010 146
1011 131
1012 149
1013 161
1014 168
1015 155
1016 151
1017 141
1018 154
1019 152
1020 133
1021 158
1022 165
1023 145
1024 138
1025 151
1026 166
1027 136
1028 142
1029 117
1030 147
1031 152
1032 144
1033 147
1034 150
1035 147
1036 150
1037 140
1038 148
1039 135
1040 137
1041 130
1042 144
1043 129
1044 161
1045 141
1046 126
1047 128
1048 160
1049 136
1050 142
1051 146
1052 174
1053 143
1054 164
1055 134
1056 166
1057 141
1058 127
1059 146
1060 132
1061 137
1062 139
1063 146
1064 165
1065 152
1066 150
1067 148
1068 144
1069 131
1070 125
1071 162
1072 120
1073 152
1074 150
1075 138
1076 124
1077 149
1078 144
1079 122
1080 117
1081 143
1082 151
1083 166
1084 158
1085 158
1086 134
1087 146
1088 132
1089 137
1090 139
1091 136
1092 143
1093 129
1094 153
1095 144
1096 143
1097 142
1098 135
1099 166
1100 133
1101 119
1102 127
1103 133
1104 133
1105 141
1106 129
1107 142
1108 132
1109 134
1110 119
1111 143
1112 143
1113 150
1114 144
1115 147
1116 125
1117 124
1118 150
1119 167
1120 135
1121 130
1122 139
1123 128
1124 132
1125 145
1126 136
1127 139
1128 140
1129 141
1130 138
1131 128
1132 162
1133 114
1134 127
1135 135
1136 147
1137 138
1138 129
1139 134
1140 145
1141 147
1142 134
1143 132
1144 137
1145 155
1146 141
1147 149
1148 153
1149 144
1150 118
1151 139
1152 142
1153 137
1154 143
1155 143
1156 151
1157 127
1158 137
1159 140
1160 124
1161 146
1162 148
1163 138
1164 133
1165 127
1166 130
1167 142
1168 119
1169 118
1170 131
1171 143
1172 134
1173 141
1174 149
1175 144
1176 121
1177 126
1178 121
1179 134
1180 137
1181 145
1182 122
1183 128
1184 133
1185 134
1186 135
1187 135
1188 140
1189 145
1190 133
1191 147
1192 131
1193 125
1194 145
1195 142
1196 140
1197 120
1198 144
1199 133
1200 134
1201 135
1202 132
1203 159
1204 142
1205 146
1206 127
1207 136
1208 141
1209 138
1210 153
1211 111
1212 129
1213 126
1214 134
1215 126
1216 126
1217 135
1218 120
1219 113
1220 148
1221 164
1222 99
1223 143
1224 132
1225 141
1226 127
1227 140
1228 125
1229 162
1230 139
1231 134
1232 136
1233 131
1234 129
1235 128
1236 103
1237 120
1238 133
1239 133
1240 125
1241 128
1242 113
1243 121
1244 151
1245 118
1246 121
1247 132
1248 141
1249 141
1250 139
1251 153
1252 116
1253 148
1254 136
1255 136
1256 140
1257 140
1258 114
1259 146
1260 124
1261 139
1262 125
1263 109
1264 137
1265 125
1266 135
1267 111
1268 131
1269 115
1270 127
1271 122
1272 123
1273 121
1274 117
1275 129
1276 140
1277 137
1278 125
1279 131
1280 126
1281 123
1282 112
1283 136
1284 121
1285 147
1286 129
1287 119
1288 142
1289 114
1290 117
1291 119
1292 126
1293 123
1294 127
1295 121
1296 131
1297 133
1298 123
1299 117
1300 124
1301 133
1302 140
1303 106
1304 132
1305 117
1306 133
1307 109
1308 134
1309 116
1310 121
1311 122
1312 119
1313 121
1314 148
1315 107
1316 129
1317 129
1318 108
1319 103
1320 123
1321 118
1322 125
1323 130
1324 119
1325 111
1326 116
1327 128
1328 123
1329 128
1330 102
1331 112
1332 133
1333 128
1334 108
1335 103
1336 103
1337 115
1338 128
1339 103
1340 110
1341 118
1342 125
1343 89
1344 109
1345 106
1346 122
1347 115
1348 108
1349 107
1350 122
1351 116
1352 106
1353 98
1354 135
1355 132
1356 108
1357 108
1358 107
1359 126
1360 113
1361 120
1362 115
1363 126
1364 118
1365 115
1366 89
1367 111
1368 112
1369 118
1370 101
1371 95
1372 97
1373 109
1374 125
1375 126
1376 114
1377 125
1378 96
1379 115
1380 113
1381 118
1382 105
1383 122
1384 103
1385 109
1386 116
1387 120
1388 122
1389 109
1390 104
1391 122
1392 103
1393 119
1394 106
1395 110
1396 107
1397 104
1398 103
1399 116
1400 100
1401 109
1402 100
1403 114
1404 102
1405 100
1406 97
1407 91
1408 99
1409 91
1410 107
1411 98
1412 81
1413 84
1414 85
1415 103
1416 88
1417 111
1418 92
1419 85
1420 87
1421 97
1422 82
1423 102
1424 110
1425 112
1426 119
1427 102
1428 95
1429 85
1430 97
1431 88
1432 91
1433 106
1434 100
1435 99
1436 110
1437 98
1438 88
1439 113
1440 85
1441 106
1442 75
1443 93
1444 89
1445 106
1446 88
1447 82
1448 91
1449 84
1450 79
1451 79
1452 97
1453 87
1454 77
1455 100
1456 93
1457 91
1458 94
1459 82
1460 89
1461 75
1462 83
1463 96
1464 90
1465 87
1466 98
1467 96
1468 84
1469 91
1470 93
1471 103
1472 91
1473 93
1474 92
1475 86
1476 68
1477 97
1478 84
1479 78
1480 88
1481 66
1482 82
1483 73
1484 69
1485 71
1486 79
1487 78
1488 87
1489 73
1490 79
1491 69
1492 81
1493 80
1494 76
1495 90
1496 84
1497 76
1498 67
1499 91
1500 84
1501 93
1502 69
1503 84
1504 75
1505 91
1506 86
1507 83
1508 89
1509 72
1510 75
1511 78
1512 69
1513 84
1514 66
1515 65
1516 68
1517 82
1518 67
1519 97
1520 66
1521 82
1522 62
1523 81
1524 56
1525 61
1526 69
1527 79
1528 72
1529 66
1530 78
1531 62
1532 62
1533 80
1534 87
1535 78
1536 48
1537 70
1538 81
1539 74
1540 66
1541 67
1542 84
1543 68
1544 83
1545 78
1546 69
1547 53
1548 71
1549 70
1550 74
1551 70
1552 46
1553 77
1554 88
1555 62
1556 57
1557 61
1558 59
1559 68
1560 64
1561 64
1562 62
1563 72
1564 68
1565 48
1566 76
1567 82
1568 61
1569 72
1570 62
1571 52
1572 78
1573 58
1574 64
1575 73
1576 49
1577 62
1578 64
1579 53
1580 62
1581 75
1582 59
1583 62
1584 53
1585 67
1586 59
1587 52
1588 61
1589 50
1590 60
1591 63
1592 47
1593 74
1594 49
1595 78
1596 54
1597 52
1598 59
1599 61
1600 63
1601 52
1602 46
1603 54
1604 48
1605 69
1606 46
1607 66
1608 49
1609 61
1610 66
1611 44
1612 50
1613 52
1614 70
1615 52
1616 52
1617 54
1618 47
1619 41
1620 59
1621 56
1622 50
1623 61
1624 57
1625 46
1626 47
1627 47
1628 53
1629 53
1630 47
1631 60
1632 53
1633 49
1634 43
1635 50
1636 45
1637 46
1638 55
1639 53
1640 41
1641 66
1642 63
1643 52
1644 48
1645 43
1646 56
1647 49
1648 53
1649 51
1650 64
1651 41
1652 49
1653 67
1654 43
1655 46
1656 58
1657 56
1658 57
1659 35
1660 48
1661 44
1662 54
1663 51
1664 47
1665 49
1666 50
1667 52
1668 34
1669 45
1670 46
1671 51
1672 52
1673 48
1674 40
1675 40
1676 53
1677 43
1678 38
1679 39
1680 42
1681 40
1682 36
1683 40
1684 45
1685 36
1686 45
1687 32
1688 39
1689 30
1690 48
1691 43
1692 44
1693 48
1694 40
1695 36
1696 41
1697 45
1698 42
1699 50
1700 29
1701 45
1702 39
1703 49
1704 39
1705 28
1706 44
1707 41
1708 43
1709 34
1710 35
1711 44
1712 35
1713 34
1714 29
1715 34
1716 40
1717 38
1718 42
1719 40
1720 41
1721 43
1722 35
1723 41
1724 33
1725 29
1726 37
1727 25
1728 39
1729 35
1730 48
1731 42
1732 29
1733 29
1734 39
1735 41
1736 40
1737 29
1738 38
1739 40
1740 30
1741 47
1742 35
1743 36
1744 33
1745 34
1746 27
1747 36
1748 40
1749 45
1750 41
1751 43
1752 38
1753 33
1754 44
1755 33
1756 35
1757 41
1758 45
1759 36
1760 31
1761 48
1762 26
1763 30
1764 48
1765 26
1766 21
1767 42
1768 29
1769 45
1770 30
1771 39
1772 31
1773 32
1774 30
1775 25
1776 26
1777 28
1778 29
1779 38
1780 31
1781 27
1782 23
1783 30
1784 27
1785 24
1786 28
1787 28
1788 36
1789 31
1790 35
1791 33
1792 27
1793 40
1794 37
1795 22
1796 32
1797 21
1798 28
1799 18
1800 26
1801 43
1802 25
1803 27
1804 27
1805 24
1806 31
1807 29
1808 26
1809 31
1810 29
1811 35
1812 30
1813 18
1814 24
1815 17
1816 18
1817 32
1818 26
1819 36
1820 25
1821 23
1822 29
1823 24
1824 29
1825 32
1826 25
1827 33
1828 16
1829 23
1830 25
1831 30
1832 28
1833 21
1834 23
1835 17
1836 21
1837 16
1838 27
1839 26
1840 21
1841 21
1842 14
1843 29
1844 23
1845 23
1846 18
1847 19
1848 17
1849 22
1850 22
1851 19
1852 18
1853 23
1854 26
1855 29
1856 13
1857 26
1858 28
1859 28
1860 29
1861 28
1862 20
1863 20
1864 26
1865 24
1866 25
1867 15
1868 22
1869 34
1870 25
1871 30
1872 11
1873 26
1874 25
1875 23
1876 20
1877 18
1878 18
1879 21
1880 19
1881 17
1882 20
1883 29
1884 25
1885 19
1886 15
1887 28
1888 18
1889 19
1890 20
1891 12
1892 20
1893 17
1894 19
1895 20
1896 28
1897 8
1898 20
1899 20
1900 21
1901 28
1902 20
1903 14
1904 11
1905 12
1906 17
1907 21
1908 17
1909 17
1910 15
1911 22
1912 27
1913 9
1914 24
1915 17
1916 14
1917 28
1918 19
1919 18
1920 15
1921 16
1922 22
1923 24
1924 15
1925 23
1926 15
1927 15
1928 19
1929 19
1930 13
1931 14
1932 23
1933 14
1934 16
1935 16
1936 14
1937 20
1938 13
1939 18
1940 18
1941 20
1942 14
1943 17
1944 17
1945 20
1946 10
1947 9
1948 21
1949 10
1950 18
1951 21
1952 10
1953 7
1954 15
1955 11
1956 10
1957 14
1958 21
1959 13
1960 19
1961 8
1962 14
1963 15
1964 7
1965 22
1966 18
1967 12
1968 17
1969 10
1970 10
1971 11
1972 12
1973 11
1974 22
1975 18
1976 13
1977 16
1978 13
1979 8
1980 15
1981 18
1982 9
1983 12
1984 13
1985 16
1986 13
1987 15
1988 12
1989 13
1990 14
1991 13
1992 10
1993 16
1994 11
1995 9
1996 15
1997 9
1998 10
1999 10
2000 15
2001 10
2002 9
2003 11
2004 14
2005 19
2006 9
2007 9
2008 9
2009 15
2010 9
2011 19
2012 14
2013 11
2014 16
2015 9
2016 4
2017 8
2018 8
2019 15
2020 6
2021 7
2022 10
2023 7
2024 10
2025 8
2026 11
2027 6
2028 11
2029 11
2030 6
2031 9
2032 12
2033 9
2034 8
2035 6
2036 7
2037 9
2038 6
2039 11
2040 6
2041 7
2042 7
2043 4
2044 11
2045 10
2046 8
2047 14
2048 14
2049 11
2050 9
2051 9
2052 10
2053 7
2054 8
2055 13
2056 6
2057 9
2058 7
2059 10
2060 9
2061 5
2062 11
2063 5
2064 4
2065 7
2066 11
2067 2
2068 8
2069 8
2070 3
2071 12
2072 9
2073 6
2074 10
2075 10
2076 11
2077 6
2078 11
2079 8
2080 6
2081 4
2082 10
2083 7
2084 7
2085 6
2086 8
2087 5
2088 11
2089 8
2090 7
2091 5
2092 1
2093 7
2094 7
2095 7
2096 7
2097 5
2098 9
2099 2
2100 10
2101 7
2102 8
2103 3
2104 2
2105 9
2106 11
2107 6
2108 6
2109 9
2110 5
2111 2
2112 4
2113 6
2114 10
2115 5
2116 6
2117 10
2118 7
2119 11
2120 5
2121 10
2122 6
2123 7
2124 4
2125 6
2126 5
2127 4
2128 6
2129 5
2130 3
2131 3
2132 6
2133 7
2134 8
2135 6
2136 7
2137 10
2138 1
2139 8
2140 4
2141 3
2142 4
2143 6
2144 3
2145 7
2146 2
2147 3
2148 7
2149 1
2150 4
2151 2
2152 5
2153 6
2154 6
2155 2
2156 2
2157 4
2158 5
2159 9
2160 4
2161 3
2162 6
2163 4
2164 5
2165 4
2166 5
2167 0
2168 6
2169 8
2170 4
2171 9
2172 3
2173 3
2174 8
2175 0
2176 7
2177 2
2178 3
2179 3
2180 4
2181 2
2182 5
2183 4
2184 2
2185 3
2186 7
2187 3
2188 4
2189 3
2190 2
2191 3
2192 3
2193 6
2194 6
2195 3
2196 6
2197 1
2198 6
2199 1
2200 3
2201 2
2202 3
2203 4
2204 3
2205 8
2206 0
2207 1
2208 5
2209 4
2210 4
2211 3
2212 7
2213 4
2214 3
2215 2
2216 2
2217 3
2218 2
2219 4
2220 5
2221 2
2222 7
2223 3
2224 5
2225 4
2226 3
2227 4
2228 1
2229 5
2230 1
2231 3
2232 4
2233 3
2234 1
2235 1
2236 3
2237 3
2238 2
2239 2
2240 0
2241 3
2242 3
2243 2
2244 1
2245 5
2246 2
2247 2
2248 3
2249 1
2250 2
2251 2
2252 3
2253 1
2254 4
2255 3
2256 6
2257 2
2258 1
2259 4
2260 1
2261 1
2262 1
2263 3
2264 2
2265 2
2266 1
2267 3
2268 4
2269 1
2270 3
2271 4
2272 2
2273 0
2274 0
2275 0
2276 6
2277 5
2278 3
2279 2
2280 3
2281 2
2282 2
2283 0
2284 2
2285 1
2286 0
2287 1
2288 1
2289 1
2290 2
2291 2
2292 2
2293 0
2294 4
2295 0
2296 2
2297 2
2298 6
2299 3
2300 2
2301 1
2302 1
2303 3
2304 4
2305 3
2306 2
2307 1
2308 3
2309 2
2310 0
2311 4
2312 1
2313 1
2314 3
2315 1
2316 0
2317 1
2318 1
2319 0
2320 0
2321 1
2322 0
2323 0
2324 2
2325 3
2326 2
2327 3
2328 0
2329 2
2330 2
2331 1
2332 2
2333 3
2334 0
2335 1
2336 5
2337 1
2338 2
2339 1
2340 1
2341 2
2342 1
2343 4
2344 2
2345 1
2346 0
2347 0
2348 1
2349 1
2350 0
2351 1
2352 1
2353 0
2354 3
2355 3
2356 3
2357 2
2358 1
2359 1
2360 1
2361 1
2362 1
2363 2
2364 0
2365 1
2366 1
2367 0
2368 0
2369 1
2370 1
2371 0
2372 1
2373 0
2374 1
2375 0
2376 1
2377 1
2378 0
2379 1
2380 2
2381 0
2382 2
2383 1
2384 0
2385 0
2386 0
2387 2
2388 0
2389 1
2390 1
2391 1
2392 0
2393 0
2394 1
2395 0
2396 0
2397 2
2398 2
2399 1
2400 2
2401 1
2402 1
2403 0
2404 0
2405 1
2406 0
2407 2
2408 0
2409 0
2410 0
2411 0
2412 1
2413 1
2414 1
2415 0
2416 0
2417 0
2418 0
2419 0
2420 0
2421 1
2422 3
2423 0
2424 1
2425 4
2426 1
2427 2
2428 1
2429 0
2430 0
2431 1
2432 2
2433 2
2434 0
2435 2
2436 0
2437 2
2438 0
2439 0
2440 1
2441 0
2442 1
2443 0
2444 1
2445 1
2446 0
2447 0
2448 1
2449 1
2450 0
2451 0
2452 2
2453 0
2454 2
2455 1
2456 1
2457 2
2458 0
2459 1
2460 0
2461 0
2462 2
2463 0
2464 0
2465 0
2466 1
2467 1
2468 3
2469 0
2470 0
2471 2
2472 1
2473 0
2474 3
2475 1
2476 1
2477 0
2478 1
2479 4
2480 2
2481 0
2482 0
2483 1
2484 0
2485 0
2486 1
2487 0
2488 0
2489 1
2490 0
2491 2
2492 1
2493 0
2494 0
2495 1
2496 1
2497 1
2498 1
2499 1
2500 0
2501 1
2502 0
2503 0
2504 1
2505 3
2506 2
2507 0
2508 0
2509 0
2510 0
2511 0
2512 0
2513 2
2514 1
2515 0
2516 0
2517 0
2518 0
2519 0
2520 1
2521 0
2522 1
2523 0
2524 0
2525 0
2526 0
2527 2
2528 0
2529 1
2530 0
2531 1
2532 0
2533 0
2534 0
2535 0
2536 1
2537 0
2538 0
2539 0
2540 0
2541 0
2542 3
2543 1
2544 0
2545 0
2546 0
2547 0
2548 1
2549 1
2550 1
2551 2
2552 1
2553 0
2554 0
2555 1
2556 0
2557 0
2558 0
2559 1
2560 0
2561 0
2562 0
2563 0
2564 0
2565 0
2566 0
2567 2
2568 0
2569 2
2570 0
2571 0
2572 0
2573 1
2574 0
2575 0
2576 0
2577 1
2578 0
2579 0
2580 0
2581 0
2582 1
2583 1
2584 1
2585 0
2586 0
2587 2
2588 0
2589 0
2590 0
2591 0
2592 1
2593 0
2594 0
2595 0
2596 1
2597 0
2598 0
2599 1
2600 0
2601 2
2602 1
2603 0
2604 0
2605 0
2606 0
2607 0
2608 0
2609 1
2610 0
2611 0
2612 0
2613 0
2614 1
2615 1
2616 0
2617 1
2618 0
2619 1
2620 0
2621 0
2622 1
2623 0
2624 1
2625 1
2626 0
2627 0
2628 1
2629 0
2630 0
2631 0
2632 0
2633 1
2634 0
2635 0
2636 0
2637 0
2638 0
2639 0
2640 0
2641 0
2642 0
2643 0
2644 0
2645 0
2646 0
2647 0
2648 0
2649 0
2650 1
2651 0
2652 0
2653 0
2654 0
2655 0
2656 0
2657 1
2658 1
2659 1
2660 1
2661 1
2662 0
2663 1
2664 1
2665 0
2666 0
2667 0
2668 1
2669 0
2670 1
2671 0
2672 0
2673 0
2674 1
2675 0
2676 0
2677 0
2678 0
2679 0
2680 0
2681 1
2682 0
2683 0
2684 1
2685 0
2686 1
2687 0
2688 1
2689 0
2690 0
2691 0
2692 0
2693 0
2694 1
2695 0
2696 0
2697 0
2698 0
2699 0
2700 0
2701 0
2702 0
2703 0
2704 0
2705 0
2706 0
2707 0
2708 0
2709 0
2710 1
2711 0
2712 0
2713 0
2714 1
2715 0
2716 3
2717 1
2718 1
2719 0
2720 0
2721 0
2722 0
2723 0
2724 0
2725 0
2726 0
2727 0
2728 0
2729 1
2730 1
2731 0
2732 0
2733 0
2734 0
2735 0
2736 0
2737 0
2738 0
2739 0
2740 0
2741 0
2742 0
2743 0
2744 0
2745 1
2746 0
2747 0
2748 0
2749 0
2750 0
2751 0
2752 0
2753 0
2754 0
2755 0
2756 0
2757 0
2758 0
2759 0
2760 1
2761 0
2762 1
2763 0
2764 0
2765 0
2766 0
2767 0
2768 0
2769 0
2770 0
2771 0
2772 0
2773 0
2774 0
2775 0
2776 0
2777 0
2778 0
2779 1
2780 0
2781 0
2782 0
2783 0
2784 0
2785 0
2786 0
2787 1
2788 0
2789 0
2790 0
2791 0
2792 0
2793 0
2794 1
2795 0
2796 0
2797 0
2798 0
2799 1
2800 0
2801 0
2802 0
2803 0
2804 0
2805 0
2806 0
2807 0
2808 0
2809 0
2810 0
2811 0
2812 0
2813 0
2814 0
2815 0
2816 1
2817 0
2818 0
2819 0
2820 0
2821 0
2822 0
2823 0
2824 0
2825 0
2826 0
2827 0
2828 0
2829 0
2830 0
2831 0
2832 0
2833 0
2834 0
2835 0
2836 0
2837 0
2838 0
2839 0
2840 0
2841 0
2842 0
2843 0
2844 0
2845 0
2846 0
2847 0
2848 0
2849 0
2850 0
2851 0
2852 0
2853 0
2854 0
2855 0
2856 0
2857 0
2858 0
2859 0
2860 0
2861 0
2862 0
2863 0
2864 0
2865 0
2866 0
2867 0
2868 0
2869 0
2870 0
2871 0
2872 0
2873 0
2874 1
2875 0
2876 0
2877 0
2878 0
2879 0
2880 0
2881 0
2882 0
2883 0
2884 0
2885 0
2886 0
2887 0
2888 1
2889 0
2890 0
2891 0
2892 0
2893 0
2894 0
2895 1
2896 0
2897 2
2898 0
2899 0
2900 0
2901 0
2902 0
2903 0
2904 0
2905 0
2906 0
2907 0
2908 0
2909 0
2910 0
2911 0
2912 0
2913 0
2914 0
2915 0
2916 0
2917 0
2918 0
2919 1
2920 0
2921 0
2922 0
2923 0
2924 0
2925 0
2926 0
2927 0
2928 0
2929 0
2930 0
2931 0
2932 0
2933 0
2934 0
2935 0
2936 0
2937 0
2938 0
2939 0
2940 0
2941 0
2942 0
2943 0
2944 0
2945 0
2946 0
2947 0
2948 1
2949 0
2950 0
2951 0
2952 0
2953 0
2954 0
2955 0
2956 0
2957 0
2958 0
2959 0
2960 0
2961 0
2962 0
2963 0
2964 0
2965 0
2966 0
2967 0
2968 0
2969 0
2970 0
2971 0
2972 0
2973 0
2974 0
2975 0
2976 0
2977 0
2978 0
2979 0
2980 0
2981 0
2982 0
2983 0
2984 0
2985 1
2986 0
2987 0
2988 0
2989 0
2990 0
2991 0
2992 0
2993 0
2994 0
2995 0
2996 0
2997 1
2998 0
2999 0
3000 0
3001 0
3002 0
3003 0
3004 0
3005 0
3006 0
3007 0
3008 0
3009 0
3010 0
3011 0
3012 0
3013 0
3014 0
3015 0
3016 0
3017 0
3018 0
3019 0
3020 0
3021 0
3022 0
3023 0
3024 0
3025 0
3026 0
3027 0
3028 0
3029 0
3030 0
3031 0
3032 0
3033 1
3034 0
3035 0
3036 0
3037 0
3038 0
3039 0
3040 0
3041 0
3042 0
3043 0
3044 0
3045 0
3046 0
3047 0
3048 1
3049 0
3050 0
3051 0
3052 0
3053 0
3054 0
3055 0
3056 0
3057 0
3058 0
3059 0
3060 0
3061 0
3062 0
3063 0
3064 0
3065 0
3066 0
3067 0
3068 0
3069 0
3070 0
3071 0
3072 0
3073 0
3074 0
3075 0
3076 0
3077 0
3078 0
3079 0
3080 0
3081 0
3082 0
3083 0
3084 0
3085 0
3086 0
3087 0
3088 0
3089 0
3090 1
3091 0
3092 0
3093 0
3094 0
3095 1
3096 0
3097 0
3098 0
3099 0
3100 0
3101 0
3102 0
3103 0
3104 0
3105 0
3106 0
3107 0
3108 0
3109 0
3110 0
3111 0
3112 0
3113 0
3114 0
3115 0
3116 0
3117 0
3118 0
3119 0
3120 0
3121 0
3122 0
3123 0
3124 0
3125 0
3126 0
3127 0
3128 0
3129 0
3130 0
3131 0
3132 0
3133 0
3134 0
3135 0
3136 0
3137 0
3138 0
3139 0
3140 0
3141 0
3142 0
3143 1
3144 1
3145 0
3146 0
3147 0
3148 0
3149 0
3150 0
3151 0
3152 0
3153 0
3154 0
3155 0
3156 0
3157 0
3158 0
3159 0
3160 0
3161 0
3162 0
3163 0
3164 0
3165 0
3166 0
3167 0
3168 0
3169 0
3170 0
3171 0
3172 0
3173 0
3174 0
3175 0
3176 0
3177 0
3178 0
3179 0
3180 0
3181 0
3182 0
3183 0
3184 0
3185 0
3186 0
3187 0
3188 0
3189 0
3190 0
3191 0
3192 0
3193 0
3194 0
3195 0
3196 0
3197 0
3198 0
3199 0
3200 0
3201 0
3202 0
3203 0
3204 0
3205 0
3206 0
3207 0
3208 1
3209 0
3210 1
3211 0
3212 0
3213 0
3214 0
3215 0
3216 0
3217 0
3218 0
3219 0
3220 0
3221 0
3222 0
3223 0
3224 0
3225 0
3226 0
3227 0
3228 0
3229 0
3230 0
3231 0
3232 0
3233 0
3234 0
3235 0
3236 0
3237 0
3238 0
3239 0
3240 0
3241 0
3242 0
3243 0
3244 0
3245 0
3246 0
3247 0
3248 0
3249 1
3250 0
3251 0
3252 0
3253 0
3254 0
3255 0
3256 0
3257 0
3258 0
3259 0
3260 0
3261 0
3262 0
3263 0
3264 0
3265 0
3266 0
3267 0
3268 0
3269 0
3270 0
3271 0
3272 0
3273 0
3274 0
3275 0
3276 0
3277 0
3278 0
3279 0
3280 0
3281 0
3282 0
3283 0
3284 0
3285 0
3286 0
3287 0
3288 0
3289 0
3290 0
3291 0
3292 0
3293 0
3294 0
3295 0
3296 0
3297 0
3298 0
3299 0
3300 0
3301 0
3302 0
3303 1
3304 0
3305 0
3306 0
3307 0
3308 0
3309 0
3310 0
3311 0
3312 0
3313 0
3314 0
3315 0
3316 0
3317 0
3318 0
3319 0
3320 0
3321 0
3322 0
3323 0
3324 0
3325 0
3326 0
3327 0
3328 0
3329 0
3330 0
3331 0
3332 0
3333 0
3334 0
3335 0
3336 0
3337 0
3338 0
3339 0
3340 0
3341 0
3342 0
3343 0
3344 0
3345 0
3346 0
3347 0
3348 0
3349 0
3350 0
3351 0
3352 0
3353 0
3354 0
3355 0
3356 0
3357 0
3358 0
3359 0
3360 0
3361 0
3362 0
3363 0
3364 0
3365 0
3366 0
3367 0
3368 0
3369 0
3370 0
3371 0
3372 0
3373 0
3374 0
3375 0
3376 0
3377 0
3378 0
3379 0
3380 0
3381 0
3382 0
3383 0
3384 0
3385 0
3386 0
3387 0
3388 0
3389 0
3390 0
3391 0
3392 0
3393 0
3394 0
3395 0
3396 0
3397 0
3398 0
3399 0
3400 0
3401 0
3402 0
3403 0
3404 0
3405 0
3406 0
3407 0
3408 0
3409 0
3410 0
3411 0
3412 0
3413 0
3414 0
3415 0
3416 0
3417 0
3418 0
3419 0
3420 0
3421 0
3422 0
3423 0
3424 0
3425 0
3426 0
3427 0
3428 0
3429 0
3430 0
3431 0
3432 0
3433 0
3434 0
3435 0
3436 0
3437 0
3438 0
3439 0
3440 0
3441 0
3442 0
3443 0
3444 0
3445 0
3446 0
3447 0
3448 0
3449 0
3450 0
3451 0
3452 0
3453 1
3454 0
3455 1
3456 0
3457 0
3458 0
3459 0
3460 0
3461 0
3462 0
3463 0
3464 0
3465 0
3466 0
3467 0
3468 0
3469 0
3470 0
3471 0
3472 0
3473 0
3474 0
3475 0
3476 0
3477 0
3478 0
3479 0
3480 0
3481 0
3482 0
3483 0
3484 0
3485 0
3486 0
3487 0
3488 0
3489 0
3490 0
3491 0
3492 0
3493 0
3494 0
3495 0
3496 0
3497 0
3498 0
3499 0
3500 0
3501 0
3502 1
3503 0
3504 0
3505 0
3506 0
3507 0
3508 0
3509 0
3510 0
3511 0
3512 0
3513 0
3514 0
3515 0
3516 0
3517 0
3518 0
3519 0
3520 0
3521 0
3522 0
3523 0
3524 0
3525 0
3526 0
3527 0
3528 0
3529 0
3530 0
3531 0
3532 0
3533 0
3534 0
3535 0
3536 0
3537 0
3538 0
3539 0
3540 0
3541 0
3542 0
3543 0
3544 0
3545 0
3546 0
3547 0
3548 0
3549 0
3550 0
3551 0
3552 0
3553 0
3554 0
3555 0
3556 0
3557 0
3558 0
3559 0
3560 0
3561 0
3562 0
3563 0
3564 0
3565 0
3566 0
3567 0
3568 0
3569 0
3570 0
3571 0
3572 0
3573 0
3574 0
3575 0
3576 0
3577 0
3578 0
3579 0
3580 0
3581 0
3582 0
3583 0
3584 0
3585 0
3586 0
3587 0
3588 0
3589 0
3590 0
3591 0
3592 0
3593 0
3594 0
3595 0
3596 0
3597 0
3598 0
3599 0
3600 0
3601 0
3602 0
3603 0
3604 0
3605 0
3606 1
3607 1
3608 0
3609 0
3610 0
3611 0
3612 0
3613 0
3614 0
3615 0
3616 0
3617 0
3618 0
3619 0
3620 0
3621 0
3622 0
3623 0
3624 0
3625 0
3626 0
3627 0
3628 0
3629 0
3630 0
3631 0
3632 0
3633 0
3634 0
3635 0
3636 1
3637 0
3638 0
3639 1
3640 0
3641 0
3642 0
3643 0
3644 0
3645 0
3646 0
3647 0
3648 0
3649 0
3650 0
3651 0
3652 0
3653 0
3654 0
3655 0
3656 0
3657 0
3658 0
3659 0
3660 0
3661 0
3662 0
3663 0
3664 0
3665 0
3666 0
3667 0
3668 0
3669 0
3670 0
3671 0
3672 0
3673 0
3674 0
3675 0
3676 0
3677 0
3678 0
3679 0
3680 0
3681 0
3682 0
3683 0
3684 0
3685 0
3686 0
3687 0
3688 0
3689 0
3690 0
3691 0
3692 0
3693 0
3694 0
3695 0
3696 1
3697 0
3698 0
3699 0
3700 0
3701 0
3702 0
3703 0
3704 0
3705 0
3706 0
3707 0
3708 0
3709 0
3710 0
3711 0
3712 0
3713 0
3714 1
3715 0
3716 0
3717 0
3718 0
3719 0
3720 0
3721 0
3722 0
3723 0
3724 0
3725 0
3726 0
3727 0
3728 0
3729 0
3730 1
3731 0
3732 0
3733 0
3734 0
3735 0
3736 0
3737 0
3738 0
3739 0
3740 0
3741 0
3742 0
3743 0
3744 0
3745 0
3746 0
3747 0
3748 0
3749 0
3750 0
3751 0
3752 0
3753 0
3754 0
3755 0
3756 0
3757 0
3758 0
3759 0
3760 0
3761 0
3762 0
3763 0
3764 0
3765 0
3766 0
3767 0
3768 0
3769 0
3770 0
3771 0
3772 0
3773 0
3774 0
3775 0
3776 0
3777 0
3778 0
3779 0
3780 0
3781 0
3782 0
3783 0
3784 0
3785 0
3786 0
3787 0
3788 0
3789 0
3790 0
3791 0
3792 0
3793 0
3794 0
3795 0
3796 0
3797 0
3798 0
3799 0
3800 0
3801 0
3802 0
3803 0
3804 1
3805 0
3806 0
3807 0
3808 0
3809 0
3810 0
3811 0
3812 0
3813 0
3814 0
3815 0
3816 0
3817 0
3818 0
3819 0
3820 0
3821 0
3822 0
3823 0
3824 0
3825 0
3826 0
3827 0
3828 0
3829 0
3830 0
3831 0
3832 0
3833 0
3834 0
3835 0
3836 0
3837 0
3838 0
3839 0
3840 0
3841 0
3842 0
3843 0
3844 0
3845 0
3846 0
3847 0
3848 0
3849 0
3850 0
3851 0
3852 0
3853 0
3854 0
3855 0
3856 0
3857 0
3858 0
3859 0
3860 0
3861 0
3862 0
3863 0
3864 0
3865 0
3866 0
3867 0
3868 0
3869 0
3870 0
3871 0
3872 0
3873 0
3874 0
3875 0
3876 0
3877 0
3878 0
3879 0
3880 0
3881 0
3882 0
3883 0
3884 0
3885 0
3886 0
3887 0
3888 0
3889 0
3890 0
3891 0
3892 0
3893 0
3894 0
3895 0
3896 0
3897 0
3898 0
3899 0
3900 0
3901 0
3902 0
3903 0
3904 0
3905 0
3906 0
3907 0
3908 0
3909 0
3910 0
3911 0
3912 0
3913 0
3914 0
3915 0
3916 0
3917 0
3918 0
3919 0
3920 0
3921 0
3922 0
3923 0
3924 0
3925 0
3926 0
3927 0
3928 0
3929 0
3930 0
3931 0
3932 0
3933 0
3934 0
3935 0
3936 0
3937 0
3938 0
3939 0
3940 0
3941 0
3942 0
3943 0
3944 0
3945 0
3946 0
3947 0
3948 0
3949 1
3950 0
3951 0
3952 0
3953 0
3954 0
3955 0
3956 0
3957 0
3958 0
3959 0
3960 0
3961 0
3962 0
3963 0
3964 0
3965 0
3966 0
3967 0
3968 0
3969 0
3970 0
3971 0
3972 0
3973 0
3974 0
3975 0
3976 0
3977 0
3978 0
3979 0
3980 0
3981 0
3982 0
3983 0
3984 0
3985 0
3986 0
3987 0
3988 0
3989 0
3990 0
3991 0
3992 0
3993 0
3994 0
3995 0
3996 0
3997 0
3998 0
3999 0
4000 0
