0 0
1 0
2 0
3 0
4 0
5 0
6 0
7 0
8 0
9 0
10 0
11 0
12 0
13 0
14 0
15 0
16 0
17 0
18 0
19 0
20 0
21 0
22 0
23 0
24 0
25 0
26 0
27 0
28 0
29 0
30 0
31 0
32 0
33 0
34 0
35 0
36 0
37 0
38 0
39 0
40 0
41 0
42 0
43 0
44 0
45 0
46 0
47 0
48 0
49 0
50 0
51 0
52 1
53 0
54 0
55 0
56 0
57 0
58 0
59 0
60 0
61 0
62 0
63 0
64 0
65 0
66 0
67 0
68 0
69 0
70 0
71 0
72 0
73 0
74 0
75 0
76 1
77 0
78 0
79 0
80 0
81 0
82 0
83 0
84 0
85 0
86 0
87 0
88 0
89 0
90 0
91 0
92 0
93 0
94 0
95 0
96 0
97 0
98 0
99 0
100 0
101 0
102 0
103 0
104 0
105 0
106 0
107 0
108 0
109 0
110 0
111 0
112 0
113 0
114 0
115 0
116 0
117 0
118 0
119 0
120 0
121 0
122 0
123 0
124 0
125 0
126 0
127 0
128 0
129 0
130 1
131 0
132 0
133 0
134 0
135 0
136 0
137 0
138 0
139 0
140 0
141 0
142 0
143 0
144 0
145 0
146 0
147 0
148 2
149 4
150 6
151 16
152 42
153 145
154 239
155 379
156 379
157 360
158 288
159 261
160 186
161 177
162 168
163 120
164 120
165 96
166 98
167 93
168 74
169 83
170 65
171 63
172 86
173 92
174 125
175 307
176 792
177 1876
178 3753
179 6492
180 9591
181 12940
182 15808
183 18733
184 21324
185 23806
186 26810
187 30239
188 34688
189 39526
190 44251
191 47384
192 49374
193 49901
194 49628
195 48498
196 46826
197 44977
198 43278
199 41644
200 40053
201 37766
202 35239
203 33022
204 30242
205 27492
206 24923
207 22848
208 20851
209 19232
210 17927
211 16710
212 15781
213 15305
214 14676
215 14217
216 13938
217 13696
218 13354
219 13279
220 13214
221 12717
222 12708
223 12355
224 12186
225 11660
226 11538
227 11026
228 10574
229 10390
230 9935
231 9409
232 9062
233 8514
234 8157
235 7625
236 7328
237 6880
238 6458
239 5968
240 5659
241 5313
242 5054
243 4782
244 4435
245 4116
246 4017
247 3706
248 3458
249 3256
250 3142
251 2983
252 2861
253 2697
254 2487
255 2441
256 2367
257 2267
258 2188
259 1973
260 1966
261 1880
262 1728
263 1707
264 1564
265 1655
266 1410
267 1396
268 1280
269 1271
270 1203
271 1141
272 1131
273 1051
274 1101
275 950
276 941
277 966
278 844
279 871
280 777
281 709
282 812
283 696
284 740
285 671
286 627
287 617
288 642
289 623
290 599
291 579
292 580
293 562
294 534
295 505
296 526
297 508
298 545
299 481
300 481
301 481
302 509
303 473
304 433
305 472
306 439
307 455
308 444
309 425
310 450
311 450
312 423
313 412
314 399
315 433
316 397
317 408
318 417
319 403
320 401
321 399
322 399
323 385
324 414
325 421
326 355
327 385
328 396
329 391
330 377
331 390
332 407
333 368
334 352
335 384
336 350
337 372
338 372
339 382
340 369
341 377
342 401
343 410
344 405
345 353
346 409
347 378
348 388
349 344
350 401
351 381
352 372
353 351
354 355
355 391
356 407
357 403
358 376
359 387
360 372
361 374
362 411
363 387
364 393
365 324
366 427
367 372
368 365
369 390
370 381
371 404
372 397
373 375
374 366
375 398
376 361
377 372
378 379
379 378
380 368
381 428
382 375
383 404
384 348
385 383
386 381
387 382
388 369
389 422
390 373
391 394
392 404
393 388
394 373
395 368
396 391
397 405
398 390
399 438
400 435
401 397
402 390
403 400
404 412
405 396
406 396
407 421
408 417
409 385
410 407
411 401
412 414
413 443
414 424
415 430
416 406
417 409
418 404
419 434
420 434
421 419
422 409
423 433
424 459
425 422
426 410
427 449
428 425
429 418
430 439
431 445
432 450
433 422
434 428
435 409
436 440
437 448
438 411
439 426
440 432
441 449
442 446
443 463
444 435
445 452
446 481
447 476
448 430
449 465
450 471
451 437
452 448
453 475
454 464
455 454
456 450
457 452
458 483
459 474
460 517
461 486
462 520
463 458
464 510
465 474
466 463
467 504
468 480
469 489
470 503
471 486
472 513
473 469
474 514
475 506
476 471
477 483
478 477
479 512
480 485
481 514
482 534
483 489
484 476
485 526
486 509
487 550
488 535
489 530
490 527
491 496
492 520
493 543
494 553
495 537
496 533
497 575
498 534
499 550
500 528
501 545
502 548
503 522
504 575
505 556
506 582
507 537
508 521
509 546
510 547
511 567
512 587
513 537
514 617
515 601
516 539
517 565
518 549
519 587
520 583
521 614
522 581
523 569
524 606
525 588
526 552
527 596
528 606
529 574
530 606
531 608
532 611
533 570
534 606
535 594
536 573
537 619
538 581
539 631
540 625
541 627
542 582
543 644
544 611
545 629
546 626
547 632
548 636
549 629
550 589
551 671
552 623
553 648
554 630
555 617
556 653
557 637
558 647
559 560
560 659
561 619
562 639
563 613
564 635
565 595
566 656
567 638
568 665
569 619
570 605
571 652
572 597
573 666
574 639
575 652
576 615
577 660
578 612
579 616
580 637
581 573
582 671
583 618
584 674
585 644
586 648
587 587
588 635
589 611
590 644
591 616
592 646
593 622
594 645
595 595
596 615
597 675
598 624
599 653
600 638
601 668
602 611
603 610
604 591
605 634
606 616
607 666
608 617
609 655
610 664
611 668
612 608
613 657
614 649
615 604
616 633
617 637
618 639
619 659
620 648
621 637
622 629
623 643
624 608
625 649
626 655
627 644
628 635
629 599
630 605
631 585
632 626
633 612
634 600
635 601
636 606
637 613
638 560
639 618
640 635
641 617
642 634
643 574
644 626
645 586
646 576
647 619
648 573
649 562
650 571
651 570
652 602
653 548
654 556
655 588
656 589
657 593
658 544
659 588
660 559
661 540
662 597
663 539
664 573
665 560
666 581
667 548
668 568
669 526
670 581
671 516
672 548
673 545
674 547
675 538
676 557
677 508
678 492
679 510
680 489
681 530
682 511
683 547
684 553
685 514
686 503
687 543
688 487
689 473
690 539
691 471
692 497
693 486
694 528
695 490
696 491
697 513
698 492
699 427
700 488
701 474
702 513
703 474
704 448
705 452
706 471
707 437
708 427
709 483
710 445
711 446
712 454
713 457
714 451
715 423
716 458
717 447
718 410
719 431
720 440
721 459
722 457
723 404
724 419
725 430
726 423
727 434
728 387
729 400
730 410
731 426
732 420
733 436
734 427
735 397
736 382
737 421
738 388
739 412
740 385
741 406
742 356
743 386
744 380
745 400
746 364
747 370
748 379
749 365
750 366
751 355
752 307
753 340
754 331
755 313
756 359
757 339
758 310
759 324
760 312
761 323
762 312
763 342
764 365
765 324
766 362
767 317
768 301
769 327
770 338
771 320
772 294
773 304
774 303
775 289
776 306
777 299
778 278
779 292
780 318
781 279
782 271
783 287
784 267
785 288
786 277
787 261
788 252
789 252
790 263
791 288
792 277
793 285
794 278
795 271
796 256
797 237
798 245
799 251
800 271
801 258
802 266
803 216
804 257
805 275
806 233
807 250
808 235
809 229
810 227
811 224
812 239
813 215
814 251
815 221
816 196
817 245
818 228
819 210
820 220
821 201
822 196
823 216
824 208
825 206
826 196
827 208
828 209
829 213
830 199
831 218
832 194
833 201
834 205
835 210
836 177
837 166
838 199
839 198
840 173
841 201
842 190
843 180
844 214
845 174
846 179
847 174
848 174
849 153
850 167
851 179
852 174
853 183
854 164
855 175
856 160
857 190
858 157
859 182
860 172
861 154
862 180
863 149
864 159
865 149
866 161
867 169
868 152
869 180
870 142
871 148
872 145
873 155
874 152
875 130
876 142
877 130
878 149
879 125
880 172
881 132
882 132
883 133
884 139
885 134
886 108
887 126
888 145
889 133
890 137
891 129
892 146
893 131
894 129
895 110
896 124
897 128
898 115
899 125
900 132
901 128
902 140
903 132
904 128
905 132
906 125
907 127
908 124
909 123
910 123
911 130
912 109
913 116
914 129
915 104
916 116
917 125
918 113
919 112
920 111
921 111
922 100
923 103
924 107
925 118
926 91
927 91
928 97
929 108
930 100
931 101
932 117
933 102
934 90
935 108
936 101
937 110
938 104
939 113
940 110
941 93
942 97
943 95
944 120
945 86
946 95
947 96
948 84
949 91
950 99
951 93
952 101
953 82
954 102
955 87
956 75
957 88
958 87
959 85
960 89
961 90
962 86
963 101
964 84
965 59
966 80
967 86
968 85
969 78
970 87
971 93
972 82
973 85
974 86
975 104
976 87
977 83
978 83
979 74
980 84
981 86
982 80
983 73
984 88
985 76
986 91
987 83
988 72
989 72
990 84
991 92
992 65
993 80
994 79
995 79
996 84
997 100
998 92
999 80
1000 77
1001 59
1002 71
1003 85
1004 70
1005 72
1006 75
1007 72
1008 66
1009 80
1010 77
1011 59
1012 72
1013 67
1014 66
1015 79
1016 83
1017 84
1018 89
1019 84
1020 63
1021 79
1022 76
1023 70
1024 84
1025 79
1026 70
1027 78
1028 80
1029 77
1030 72
1031 66
1032 69
1033 57
1034 68
1035 76
1036 77
1037 60
1038 81
1039 64
1040 64
1041 64
1042 79
1043 60
1044 72
1045 73
1046 67
1047 76
1048 59
1049 62
1050 71
1051 68
1052 64
1053 83
1054 55
1055 75
1056 69
1057 71
1058 70
1059 65
1060 70
1061 70
1062 68
1063 58
1064 66
1065 70
1066 79
1067 50
1068 65
1069 74
1070 67
1071 58
1072 67
1073 69
1074 70
1075 48
1076 63
1077 67
1078 82
1079 81
1080 75
1081 60
1082 69
1083 77
1084 78
1085 61
1086 64
1087 64
1088 66
1089 70
1090 67
1091 59
1092 64
1093 76
1094 48
1095 56
1096 60
1097 81
1098 57
1099 72
1100 53
1101 67
1102 59
1103 61
1104 64
1105 66
1106 61
1107 70
1108 54
1109 60
1110 68
1111 61
1112 63
1113 66
1114 54
1115 71
1116 63
1117 77
1118 63
1119 75
1120 70
1121 67
1122 68
1123 61
1124 71
1125 72
1126 56
1127 73
1128 68
1129 66
1130 70
1131 61
1132 60
1133 60
1134 55
1135 61
1136 67
1137 45
1138 59
1139 65
1140 64
1141 77
1142 56
1143 78
1144 58
1145 55
1146 58
1147 70
1148 55
1149 62
1150 68
1151 67
1152 60
1153 70
1154 59
1155 63
1156 61
1157 58
1158 63
1159 70
1160 57
1161 64
1162 69
1163 61
1164 77
1165 78
1166 72
1167 75
1168 60
1169 56
1170 67
1171 60
1172 64
1173 60
1174 60
1175 54
1176 59
1177 46
1178 69
1179 79
1180 52
1181 52
1182 64
1183 65
1184 60
1185 74
1186 76
1187 57
1188 59
1189 61
1190 55
1191 74
1192 69
1193 60
1194 67
1195 71
1196 62
1197 58
1198 60
1199 59
1200 76
1201 46
1202 66
1203 73
1204 72
1205 58
1206 57
1207 70
1208 65
1209 67
1210 53
1211 69
1212 65
1213 61
1214 67
1215 58
1216 51
1217 68
1218 74
1219 59
1220 60
1221 48
1222 60
1223 51
1224 69
1225 54
1226 67
1227 55
1228 62
1229 65
1230 70
1231 60
1232 79
1233 59
1234 68
1235 64
1236 55
1237 70
1238 70
1239 54
1240 52
1241 69
1242 67
1243 66
1244 63
1245 59
1246 74
1247 69
1248 63
1249 65
1250 66
1251 82
1252 65
1253 59
1254 77
1255 68
1256 60
1257 61
1258 58
1259 58
1260 57
1261 62
1262 68
1263 72
1264 55
1265 60
1266 61
1267 68
1268 67
1269 57
1270 64
1271 47
1272 72
1273 53
1274 74
1275 67
1276 57
1277 53
1278 60
1279 75
1280 63
1281 63
1282 75
1283 65
1284 63
1285 61
1286 69
1287 68
1288 62
1289 50
1290 61
1291 63
1292 72
1293 59
1294 71
1295 65
1296 56
1297 59
1298 59
1299 62
1300 51
1301 66
1302 69
1303 58
1304 61
1305 55
1306 55
1307 59
1308 73
1309 62
1310 59
1311 67
1312 59
1313 70
1314 49
1315 56
1316 65
1317 67
1318 67
1319 63
1320 70
1321 63
1322 53
1323 79
1324 51
1325 72
1326 66
1327 65
1328 45
1329 58
1330 55
1331 63
1332 64
1333 64
1334 72
1335 60
1336 59
1337 58
1338 55
1339 60
1340 67
1341 60
1342 62
1343 51
1344 57
1345 59
1346 56
1347 55
1348 63
1349 57
1350 73
1351 56
1352 70
1353 88
1354 63
1355 59
1356 63
1357 61
1358 38
1359 57
1360 72
1361 57
1362 53
1363 61
1364 64
1365 75
1366 57
1367 60
1368 52
1369 69
1370 63
1371 57
1372 46
1373 60
1374 66
1375 71
1376 54
1377 51
1378 54
1379 55
1380 65
1381 79
1382 69
1383 51
1384 59
1385 64
1386 65
1387 53
1388 56
1389 49
1390 49
1391 47
1392 50
1393 64
1394 63
1395 51
1396 51
1397 54
1398 64
1399 56
1400 62
1401 61
1402 55
1403 69
1404 63
1405 58
1406 61
1407 60
1408 50
1409 56
1410 56
1411 59
1412 61
1413 67
1414 50
1415 54
1416 40
1417 60
1418 52
1419 58
1420 48
1421 48
1422 58
1423 48
1424 55
1425 50
1426 54
1427 63
1428 54
1429 52
1430 47
1431 65
1432 52
1433 43
1434 52
1435 65
1436 59
1437 52
1438 57
1439 58
1440 51
1441 49
1442 64
1443 47
1444 54
1445 66
1446 58
1447 56
1448 57
1449 60
1450 60
1451 60
1452 59
1453 57
1454 53
1455 56
1456 62
1457 69
1458 39
1459 67
1460 53
1461 50
1462 53
1463 48
1464 57
1465 47
1466 40
1467 54
1468 59
1469 48
1470 52
1471 57
1472 58
1473 49
1474 45
1475 53
1476 62
1477 57
1478 47
1479 50
1480 45
1481 45
1482 53
1483 54
1484 50
1485 44
1486 54
1487 51
1488 43
1489 59
1490 61
1491 56
1492 56
1493 55
1494 51
1495 47
1496 49
1497 45
1498 46
1499 56
1500 53
1501 52
1502 60
1503 48
1504 54
1505 33
1506 39
1507 62
1508 49
1509 52
1510 39
1511 53
1512 49
1513 55
1514 58
1515 41
1516 47
1517 40
1518 53
1519 37
1520 36
1521 61
1522 42
1523 43
1524 54
1525 50
1526 53
1527 49
1528 49
1529 61
1530 35
1531 46
1532 51
1533 37
1534 56
1535 39
1536 36
1537 52
1538 30
1539 51
1540 52
1541 38
1542 48
1543 57
1544 60
1545 43
1546 58
1547 40
1548 44
1549 37
1550 43
1551 38
1552 40
1553 40
1554 48
1555 43
1556 37
1557 36
1558 48
1559 35
1560 42
1561 25
1562 46
1563 36
1564 37
1565 44
1566 46
1567 38
1568 44
1569 45
1570 40
1571 40
1572 37
1573 33
1574 47
1575 32
1576 46
1577 39
1578 38
1579 35
1580 55
1581 45
1582 47
1583 35
1584 33
1585 39
1586 33
1587 45
1588 41
1589 49
1590 37
1591 49
1592 34
1593 36
1594 46
1595 49
1596 31
1597 30
1598 45
1599 36
1600 36
1601 48
1602 47
1603 44
1604 34
1605 35
1606 43
1607 43
1608 37
1609 40
1610 40
1611 36
1612 34
1613 36
1614 32
1615 44
1616 37
1617 39
1618 40
1619 35
1620 36
1621 45
1622 50
1623 35
1624 38
1625 36
1626 32
1627 34
1628 34
1629 51
1630 44
1631 36
1632 28
1633 32
1634 32
1635 41
1636 31
1637 34
1638 33
1639 41
1640 43
1641 39
1642 36
1643 28
1644 45
1645 42
1646 36
1647 41
1648 37
1649 36
1650 37
1651 31
1652 38
1653 30
1654 27
1655 26
1656 41
1657 36
1658 35
1659 33
1660 43
1661 31
1662 42
1663 27
1664 36
1665 32
1666 23
1667 39
1668 30
1669 19
1670 30
1671 29
1672 35
1673 30
1674 39
1675 29
1676 21
1677 22
1678 33
1679 16
1680 30
1681 30
1682 39
1683 31
1684 34
1685 36
1686 20
1687 23
1688 31
1689 33
1690 24
1691 28
1692 37
1693 31
1694 28
1695 23
1696 22
1697 35
1698 33
1699 36
1700 30
1701 29
1702 27
1703 30
1704 34
1705 28
1706 20
1707 27
1708 31
1709 34
1710 27
1711 26
1712 31
1713 30
1714 24
1715 19
1716 26
1717 23
1718 31
1719 26
1720 34
1721 22
1722 35
1723 26
1724 25
1725 24
1726 29
1727 25
1728 35
1729 25
1730 19
1731 29
1732 28
1733 35
1734 27
1735 26
1736 21
1737 26
1738 34
1739 30
1740 36
1741 24
1742 26
1743 22
1744 30
1745 28
1746 22
1747 34
1748 23
1749 21
1750 31
1751 31
1752 25
1753 29
1754 40
1755 28
1756 21
1757 27
1758 37
1759 17
1760 26
1761 23
1762 28
1763 28
1764 38
1765 29
1766 22
1767 31
1768 31
1769 23
1770 22
1771 21
1772 24
1773 22
1774 27
1775 25
1776 28
1777 20
1778 28
1779 29
1780 36
1781 17
1782 23
1783 29
1784 19
1785 28
1786 21
1787 26
1788 25
1789 15
1790 18
1791 36
1792 31
1793 29
1794 16
1795 14
1796 21
1797 23
1798 23
1799 16
1800 20
1801 17
1802 23
1803 28
1804 19
1805 12
1806 21
1807 25
1808 31
1809 23
1810 26
1811 19
1812 23
1813 20
1814 23
1815 24
1816 10
1817 22
1818 11
1819 13
1820 22
1821 26
1822 19
1823 14
1824 20
1825 21
1826 20
1827 16
1828 17
1829 23
1830 23
1831 29
1832 25
1833 19
1834 19
1835 19
1836 27
1837 21
1838 20
1839 19
1840 10
1841 21
1842 18
1843 17
1844 12
1845 16
1846 21
1847 24
1848 22
1849 16
1850 19
1851 22
1852 11
1853 25
1854 12
1855 21
1856 21
1857 14
1858 13
1859 24
1860 18
1861 19
1862 21
1863 23
1864 17
1865 24
1866 19
1867 23
1868 19
1869 23
1870 14
1871 15
1872 23
1873 19
1874 13
1875 17
1876 11
1877 20
1878 15
1879 17
1880 17
1881 15
1882 21
1883 24
1884 24
1885 23
1886 18
1887 20
1888 14
1889 20
1890 13
1891 14
1892 17
1893 23
1894 17
1895 17
1896 21
1897 17
1898 9
1899 20
1900 16
1901 16
1902 17
1903 25
1904 18
1905 15
1906 19
1907 18
1908 12
1909 15
1910 7
1911 18
1912 10
1913 16
1914 10
1915 18
1916 18
1917 17
1918 19
1919 13
1920 14
1921 11
1922 10
1923 16
1924 19
1925 21
1926 19
1927 10
1928 16
1929 15
1930 17
1931 6
1932 14
1933 16
1934 15
1935 17
1936 19
1937 22
1938 9
1939 11
1940 10
1941 13
1942 13
1943 12
1944 14
1945 6
1946 16
1947 11
1948 9
1949 15
1950 16
1951 6
1952 15
1953 13
1954 16
1955 14
1956 14
1957 16
1958 15
1959 18
1960 15
1961 17
1962 15
1963 10
1964 22
1965 15
1966 14
1967 15
1968 8
1969 11
1970 14
1971 18
1972 9
1973 16
1974 11
1975 22
1976 14
1977 14
1978 10
1979 9
1980 13
1981 13
1982 11
1983 10
1984 15
1985 11
1986 14
1987 15
1988 10
1989 11
1990 9
1991 13
1992 6
1993 13
1994 6
1995 10
1996 11
1997 13
1998 10
1999 7
2000 8
2001 11
2002 12
2003 11
2004 12
2005 10
2006 15
2007 10
2008 13
2009 12
2010 15
2011 9
2012 6
2013 12
2014 13
2015 9
2016 10
2017 13
2018 14
2019 11
2020 11
2021 13
2022 5
2023 13
2024 7
2025 12
2026 5
2027 9
2028 14
2029 12
2030 14
2031 10
2032 13
2033 13
2034 10
2035 13
2036 11
2037 6
2038 8
2039 12
2040 7
2041 4
2042 13
2043 8
2044 6
2045 4
2046 6
2047 2
2048 7
2049 14
2050 9
2051 6
2052 6
2053 9
2054 10
2055 7
2056 8
2057 14
2058 9
2059 10
2060 11
2061 8
2062 6
2063 13
2064 9
2065 12
2066 9
2067 5
2068 9
2069 6
2070 7
2071 8
2072 12
2073 6
2074 13
2075 11
2076 11
2077 5
2078 11
2079 12
2080 4
2081 11
2082 6
2083 3
2084 8
2085 8
2086 4
2087 5
2088 7
2089 3
2090 12
2091 6
2092 3
2093 10
2094 6
2095 8
2096 7
2097 9
2098 11
2099 8
2100 9
2101 6
2102 7
2103 8
2104 4
2105 6
2106 8
2107 4
2108 5
2109 6
2110 7
2111 6
2112 7
2113 7
2114 6
2115 8
2116 5
2117 7
2118 5
2119 10
2120 5
2121 7
2122 7
2123 6
2124 3
2125 9
2126 4
2127 4
2128 4
2129 4
2130 3
2131 4
2132 6
2133 4
2134 1
2135 5
2136 5
2137 6
2138 8
2139 6
2140 4
2141 3
2142 9
2143 9
2144 9
2145 6
2146 9
2147 8
2148 5
2149 7
2150 14
2151 3
2152 10
2153 9
2154 2
2155 7
2156 1
2157 5
2158 8
2159 3
2160 3
2161 8
2162 5
2163 6
2164 4
2165 7
2166 8
2167 9
2168 6
2169 6
2170 5
2171 6
2172 6
2173 3
2174 6
2175 0
2176 5
2177 7
2178 6
2179 6
2180 5
2181 6
2182 4
2183 4
2184 5
2185 4
2186 3
2187 4
2188 2
2189 6
2190 5
2191 9
2192 1
2193 6
2194 3
2195 4
2196 8
2197 5
2198 4
2199 4
2200 5
2201 4
2202 5
2203 4
2204 5
2205 5
2206 2
2207 4
2208 9
2209 2
2210 3
2211 4
2212 4
2213 4
2214 2
2215 3
2216 1
2217 5
2218 3
2219 5
2220 6
2221 3
2222 4
2223 7
2224 3
2225 2
2226 4
2227 5
2228 3
2229 5
2230 3
2231 4
2232 4
2233 5
2234 5
2235 1
2236 1
2237 3
2238 6
2239 3
2240 7
2241 3
2242 4
2243 6
2244 1
2245 2
2246 0
2247 3
2248 1
2249 5
2250 1
2251 6
2252 2
2253 4
2254 3
2255 2
2256 4
2257 2
2258 2
2259 3
2260 4
2261 1
2262 5
2263 5
2264 9
2265 3
2266 1
2267 3
2268 3
2269 1
2270 4
2271 3
2272 4
2273 6
2274 1
2275 7
2276 3
2277 5
2278 4
2279 4
2280 9
2281 4
2282 2
2283 4
2284 3
2285 5
2286 1
2287 4
2288 4
2289 0
2290 2
2291 3
2292 3
2293 2
2294 5
2295 3
2296 3
2297 3
2298 3
2299 2
2300 4
2301 3
2302 3
2303 0
2304 0
2305 2
2306 1
2307 1
2308 3
2309 2
2310 0
2311 0
2312 3
2313 0
2314 2
2315 3
2316 3
2317 0
2318 3
2319 1
2320 2
2321 4
2322 2
2323 2
2324 0
2325 4
2326 3
2327 0
2328 2
2329 5
2330 4
2331 1
2332 1
2333 2
2334 2
2335 1
2336 2
2337 2
2338 1
2339 6
2340 3
2341 2
2342 4
2343 3
2344 1
2345 2
2346 4
2347 3
2348 0
2349 0
2350 1
2351 1
2352 1
2353 4
2354 3
2355 3
2356 3
2357 0
2358 3
2359 2
2360 1
2361 2
2362 4
2363 2
2364 2
2365 1
2366 2
2367 0
2368 1
2369 0
2370 3
2371 1
2372 0
2373 5
2374 4
2375 2
2376 1
2377 2
2378 1
2379 0
2380 2
2381 1
2382 2
2383 0
2384 2
2385 0
2386 0
2387 2
2388 2
2389 1
2390 1
2391 3
2392 1
2393 1
2394 0
2395 1
2396 2
2397 0
2398 1
2399 2
2400 2
2401 4
2402 2
2403 2
2404 3
2405 1
2406 3
2407 1
2408 1
2409 2
2410 2
2411 2
2412 2
2413 2
2414 3
2415 1
2416 1
2417 3
2418 2
2419 2
2420 1
2421 0
2422 0
2423 3
2424 0
2425 1
2426 0
2427 0
2428 2
2429 1
2430 2
2431 3
2432 1
2433 1
2434 2
2435 1
2436 4
2437 0
2438 2
2439 1
2440 3
2441 2
2442 0
2443 1
2444 2
2445 2
2446 2
2447 0
2448 0
2449 2
2450 0
2451 0
2452 0
2453 2
2454 0
2455 2
2456 3
2457 3
2458 0
2459 3
2460 2
2461 0
2462 2
2463 0
2464 1
2465 0
2466 0
2467 1
2468 2
2469 1
2470 1
2471 0
2472 1
2473 0
2474 0
2475 0
2476 2
2477 2
2478 1
2479 0
2480 1
2481 0
2482 1
2483 3
2484 0
2485 1
2486 1
2487 0
2488 3
2489 2
2490 0
2491 3
2492 1
2493 3
2494 0
2495 1
2496 0
2497 2
2498 2
2499 2
2500 0
2501 0
2502 1
2503 2
2504 4
2505 3
2506 0
2507 1
2508 1
2509 1
2510 2
2511 1
2512 1
2513 0
2514 3
2515 1
2516 1
2517 0
2518 0
2519 1
2520 1
2521 0
2522 0
2523 0
2524 0
2525 1
2526 0
2527 0
2528 2
2529 0
2530 0
2531 0
2532 0
2533 1
2534 2
2535 0
2536 1
2537 2
2538 1
2539 1
2540 1
2541 2
2542 2
2543 1
2544 0
2545 0
2546 2
2547 0
2548 3
2549 1
2550 0
2551 1
2552 1
2553 1
2554 0
2555 2
2556 0
2557 1
2558 0
2559 3
2560 1
2561 0
2562 0
2563 1
2564 1
2565 1
2566 3
2567 1
2568 0
2569 0
2570 0
2571 1
2572 1
2573 0
2574 0
2575 2
2576 0
2577 0
2578 0
2579 0
2580 0
2581 0
2582 0
2583 0
2584 1
2585 0
2586 1
2587 0
2588 1
2589 1
2590 0
2591 0
2592 1
2593 0
2594 0
2595 0
2596 0
2597 0
2598 0
2599 0
2600 0
2601 0
2602 0
2603 0
2604 0
2605 0
2606 0
2607 0
2608 0
2609 0
2610 1
2611 0
2612 3
2613 2
2614 1
2615 1
2616 1
2617 1
2618 0
2619 0
2620 0
2621 0
2622 0
2623 1
2624 1
2625 0
2626 0
2627 0
2628 0
2629 0
2630 0
2631 1
2632 0
2633 1
2634 1
2635 0
2636 0
2637 0
2638 0
2639 0
2640 1
2641 0
2642 3
2643 1
2644 0
2645 0
2646 0
2647 1
2648 0
2649 0
2650 0
2651 0
2652 1
2653 1
2654 1
2655 0
2656 0
2657 0
2658 0
2659 0
2660 2
2661 1
2662 0
2663 0
2664 0
2665 0
2666 0
2667 0
2668 0
2669 0
2670 0
2671 0
2672 0
2673 0
2674 0
2675 0
2676 0
2677 0
2678 1
2679 1
2680 0
2681 0
2682 2
2683 0
2684 0
2685 0
2686 0
2687 0
2688 0
2689 0
2690 0
2691 0
2692 0
2693 0
2694 0
2695 0
2696 0
2697 0
2698 0
2699 1
2700 0
2701 0
2702 0
2703 0
2704 0
2705 1
2706 1
2707 1
2708 0
2709 0
2710 0
2711 1
2712 0
2713 1
2714 2
2715 0
2716 1
2717 0
2718 1
2719 0
2720 0
2721 0
2722 1
2723 0
2724 0
2725 0
2726 0
2727 0
2728 1
2729 0
2730 1
2731 0
2732 0
2733 1
2734 2
2735 0
2736 1
2737 0
2738 0
2739 0
2740 0
2741 0
2742 0
2743 0
2744 1
2745 0
2746 1
2747 1
2748 0
2749 1
2750 1
2751 0
2752 1
2753 0
2754 0
2755 1
2756 0
2757 0
2758 0
2759 0
2760 0
2761 0
2762 0
2763 0
2764 0
2765 0
2766 0
2767 0
2768 1
2769 0
2770 0
2771 0
2772 0
2773 0
2774 1
2775 0
2776 0
2777 0
2778 0
2779 0
2780 0
2781 0
2782 0
2783 1
2784 0
2785 0
2786 0
2787 0
2788 0
2789 1
2790 0
2791 0
2792 0
2793 0
2794 0
2795 0
2796 0
2797 0
2798 0
2799 1
2800 0
2801 0
2802 0
2803 0
2804 0
2805 0
2806 1
2807 0
2808 0
2809 0
2810 0
2811 0
2812 1
2813 0
2814 0
2815 0
2816 0
2817 0
2818 0
2819 0
2820 1
2821 0
2822 0
2823 0
2824 0
2825 0
2826 0
2827 0
2828 0
2829 0
2830 0
2831 0
2832 0
2833 0
2834 0
2835 0
2836 0
2837 0
2838 0
2839 1
2840 0
2841 0
2842 0
2843 0
2844 0
2845 0
2846 0
2847 1
2848 0
2849 0
2850 0
2851 0
2852 0
2853 0
2854 0
2855 0
2856 0
2857 0
2858 1
2859 0
2860 0
2861 0
2862 0
2863 0
2864 0
2865 0
2866 0
2867 0
2868 0
2869 0
2870 1
2871 0
2872 1
2873 0
2874 1
2875 0
2876 0
2877 0
2878 0
2879 0
2880 0
2881 0
2882 0
2883 0
2884 1
2885 0
2886 0
2887 0
2888 1
2889 0
2890 1
2891 0
2892 1
2893 0
2894 0
2895 0
2896 0
2897 0
2898 0
2899 0
2900 0
2901 0
2902 0
2903 1
2904 0
2905 1
2906 0
2907 0
2908 0
2909 0
2910 0
2911 0
2912 0
2913 0
2914 0
2915 0
2916 0
2917 0
2918 0
2919 0
2920 0
2921 0
2922 0
2923 0
2924 0
2925 0
2926 1
2927 0
2928 0
2929 0
2930 0
2931 0
2932 0
2933 0
2934 0
2935 1
2936 0
2937 0
2938 1
2939 0
2940 0
2941 0
2942 0
2943 0
2944 0
2945 0
2946 0
2947 0
2948 0
2949 0
2950 0
2951 0
2952 1
2953 0
2954 0
2955 0
2956 0
2957 0
2958 0
2959 0
2960 0
2961 0
2962 0
2963 0
2964 0
2965 0
2966 0
2967 0
2968 0
2969 0
2970 0
2971 1
2972 0
2973 0
2974 0
2975 0
2976 0
2977 0
2978 1
2979 0
2980 0
2981 0
2982 1
2983 0
2984 0
2985 0
2986 0
2987 0
2988 0
2989 2
2990 0
2991 0
2992 0
2993 0
2994 0
2995 0
2996 0
2997 0
2998 0
2999 0
3000 0
3001 1
3002 0
3003 0
3004 0
3005 0
3006 0
3007 0
3008 0
3009 0
3010 1
3011 1
3012 1
3013 0
3014 0
3015 0
3016 0
3017 0
3018 0
3019 0
3020 0
3021 0
3022 0
3023 0
3024 0
3025 0
3026 0
3027 0
3028 0
3029 0
3030 0
3031 0
3032 0
3033 0
3034 0
3035 0
3036 0
3037 0
3038 0
3039 0
3040 0
3041 0
3042 0
3043 0
3044 0
3045 0
3046 0
3047 0
3048 0
3049 0
3050 0
3051 0
3052 0
3053 0
3054 1
3055 0
3056 0
3057 0
3058 0
3059 0
3060 0
3061 0
3062 0
3063 0
3064 0
3065 0
3066 0
3067 0
3068 0
3069 0
3070 0
3071 0
3072 1
3073 0
3074 0
3075 0
3076 0
3077 0
3078 0
3079 0
3080 0
3081 0
3082 0
3083 0
3084 0
3085 0
3086 1
3087 0
3088 0
3089 0
3090 0
3091 0
3092 0
3093 0
3094 0
3095 0
3096 0
3097 0
3098 0
3099 0
3100 0
3101 0
3102 0
3103 0
3104 0
3105 1
3106 0
3107 0
3108 0
3109 1
3110 1
3111 0
3112 0
3113 0
3114 0
3115 0
3116 1
3117 0
3118 0
3119 0
3120 0
3121 0
3122 0
3123 0
3124 0
3125 0
3126 0
3127 0
3128 0
3129 0
3130 0
3131 0
3132 0
3133 0
3134 0
3135 0
3136 0
3137 0
3138 0
3139 0
3140 0
3141 0
3142 0
3143 0
3144 0
3145 0
3146 0
3147 0
3148 0
3149 0
3150 0
3151 0
3152 0
3153 0
3154 0
3155 0
3156 0
3157 0
3158 0
3159 1
3160 0
3161 0
3162 0
3163 0
3164 0
3165 0
3166 0
3167 0
3168 0
3169 0
3170 0
3171 0
3172 0
3173 0
3174 0
3175 0
3176 0
3177 0
3178 0
3179 0
3180 0
3181 0
3182 0
3183 0
3184 0
3185 0
3186 0
3187 0
3188 0
3189 0
3190 0
3191 0
3192 0
3193 0
3194 0
3195 0
3196 0
3197 0
3198 0
3199 0
3200 0
3201 0
3202 0
3203 0
3204 0
3205 0
3206 0
3207 0
3208 0
3209 0
3210 0
3211 0
3212 1
3213 0
3214 0
3215 0
3216 0
3217 0
3218 0
3219 0
3220 0
3221 0
3222 0
3223 0
3224 0
3225 0
3226 1
3227 0
3228 0
3229 0
3230 0
3231 0
3232 0
3233 0
3234 0
3235 0
3236 0
3237 0
3238 0
3239 0
3240 0
3241 0
3242 0
3243 0
3244 0
3245 0
3246 1
3247 0
3248 0
3249 0
3250 0
3251 0
3252 0
3253 0
3254 0
3255 0
3256 0
3257 0
3258 0
3259 0
3260 0
3261 0
3262 0
3263 0
3264 0
3265 0
3266 0
3267 0
3268 0
3269 0
3270 0
3271 0
3272 0
3273 0
3274 0
3275 0
3276 0
3277 0
3278 0
3279 0
3280 0
3281 0
3282 0
3283 0
3284 0
3285 0
3286 0
3287 0
3288 0
3289 0
3290 0
3291 0
3292 0
3293 0
3294 0
3295 0
3296 0
3297 0
3298 0
3299 0
3300 0
3301 1
3302 0
3303 0
3304 0
3305 0
3306 0
3307 0
3308 0
3309 0
3310 0
3311 0
3312 0
3313 0
3314 0
3315 0
3316 0
3317 0
3318 0
3319 0
3320 0
3321 0
3322 0
3323 0
3324 0
3325 0
3326 0
3327 0
3328 0
3329 0
3330 0
3331 0
3332 0
3333 0
3334 0
3335 0
3336 0
3337 0
3338 0
3339 0
3340 0
3341 0
3342 0
3343 0
3344 0
3345 0
3346 0
3347 0
3348 0
3349 0
3350 0
3351 0
3352 0
3353 0
3354 0
3355 0
3356 0
3357 1
3358 0
3359 0
3360 0
3361 0
3362 0
3363 0
3364 0
3365 0
3366 0
3367 0
3368 0
3369 0
3370 0
3371 0
3372 0
3373 0
3374 0
3375 0
3376 0
3377 0
3378 0
3379 0
3380 0
3381 0
3382 0
3383 0
3384 0
3385 0
3386 0
3387 0
3388 0
3389 0
3390 0
3391 0
3392 0
3393 0
3394 0
3395 0
3396 0
3397 0
3398 0
3399 0
3400 1
3401 0
3402 0
3403 0
3404 0
3405 0
3406 0
3407 0
3408 0
3409 0
3410 0
3411 0
3412 0
3413 0
3414 0
3415 0
3416 0
3417 0
3418 0
3419 0
3420 0
3421 0
3422 0
3423 0
3424 0
3425 0
3426 0
3427 0
3428 0
3429 0
3430 0
3431 0
3432 0
3433 0
3434 0
3435 0
3436 0
3437 0
3438 0
3439 0
3440 0
3441 0
3442 0
3443 0
3444 0
3445 0
3446 0
3447 0
3448 0
3449 0
3450 0
3451 0
3452 0
3453 0
3454 0
3455 0
3456 0
3457 0
3458 0
3459 0
3460 0
3461 0
3462 0
3463 0
3464 0
3465 0
3466 1
3467 0
3468 0
3469 0
3470 0
3471 0
3472 0
3473 0
3474 0
3475 0
3476 0
3477 0
3478 0
3479 0
3480 0
3481 0
3482 0
3483 0
3484 0
3485 0
3486 0
3487 0
3488 0
3489 0
3490 0
3491 0
3492 0
3493 0
3494 0
3495 0
3496 0
3497 0
3498 0
3499 0
3500 0
3501 0
3502 0
3503 0
3504 0
3505 0
3506 0
3507 0
3508 0
3509 0
3510 0
3511 0
3512 0
3513 0
3514 0
3515 0
3516 0
3517 0
3518 0
3519 0
3520 0
3521 0
3522 0
3523 0
3524 0
3525 0
3526 0
3527 0
3528 0
3529 0
3530 0
3531 0
3532 0
3533 0
3534 0
3535 0
3536 0
3537 0
3538 0
3539 0
3540 0
3541 0
3542 0
3543 0
3544 0
3545 0
3546 0
3547 0
3548 0
3549 0
3550 0
3551 0
3552 0
3553 0
3554 0
3555 0
3556 0
3557 0
3558 0
3559 0
3560 0
3561 0
3562 0
3563 0
3564 0
3565 0
3566 0
3567 0
3568 0
3569 0
3570 0
3571 0
3572 0
3573 0
3574 0
3575 0
3576 0
3577 0
3578 0
3579 0
3580 0
3581 0
3582 0
3583 0
3584 0
3585 0
3586 0
3587 0
3588 0
3589 0
3590 0
3591 0
3592 0
3593 0
3594 0
3595 0
3596 0
3597 0
3598 0
3599 0
3600 0
3601 0
3602 0
3603 0
3604 0
3605 0
3606 0
3607 0
3608 0
3609 0
3610 0
3611 0
3612 0
3613 0
3614 0
3615 0
3616 0
3617 0
3618 0
3619 0
3620 0
3621 0
3622 0
3623 0
3624 0
3625 0
3626 0
3627 0
3628 0
3629 0
3630 0
3631 0
3632 0
3633 0
3634 0
3635 0
3636 0
3637 0
3638 0
3639 0
3640 0
3641 0
3642 0
3643 0
3644 0
3645 0
3646 0
3647 0
3648 0
3649 0
3650 0
3651 0
3652 0
3653 0
3654 0
3655 0
3656 0
3657 0
3658 0
3659 0
3660 0
3661 0
3662 0
3663 0
3664 0
3665 0
3666 0
3667 0
3668 0
3669 0
3670 0
3671 0
3672 0
3673 0
3674 0
3675 0
3676 0
3677 0
3678 0
3679 0
3680 0
3681 0
3682 0
3683 0
3684 0
3685 0
3686 0
3687 0
3688 0
3689 0
3690 0
3691 0
3692 0
3693 0
3694 0
3695 0
3696 0
3697 0
3698 0
3699 0
3700 0
3701 0
3702 0
3703 0
3704 0
3705 0
3706 0
3707 0
3708 0
3709 0
3710 0
3711 0
3712 0
3713 0
3714 0
3715 0
3716 0
3717 0
3718 0
3719 0
3720 0
3721 0
3722 0
3723 0
3724 0
3725 0
3726 0
3727 0
3728 0
3729 0
3730 0
3731 0
3732 0
3733 0
3734 0
3735 0
3736 0
3737 0
3738 0
3739 0
3740 0
3741 0
3742 0
3743 0
3744 0
3745 0
3746 0
3747 0
3748 0
3749 0
3750 0
3751 0
3752 0
3753 0
3754 0
3755 0
3756 0
3757 0
3758 0
3759 0
3760 0
3761 0
3762 0
3763 0
3764 0
3765 0
3766 0
3767 0
3768 0
3769 0
3770 0
3771 0
3772 0
3773 0
3774 0
3775 0
3776 0
3777 0
3778 0
3779 0
3780 0
3781 0
3782 0
3783 0
3784 0
3785 0
3786 0
3787 0
3788 0
3789 0
3790 0
3791 0
3792 0
3793 0
3794 0
3795 0
3796 0
3797 0
3798 0
3799 0
3800 0
3801 0
3802 0
3803 0
3804 0
3805 0
3806 0
3807 0
3808 0
3809 0
3810 0
3811 0
3812 0
3813 0
3814 0
3815 0
3816 0
3817 0
3818 0
3819 0
3820 0
3821 0
3822 0
3823 0
3824 0
3825 0
3826 0
3827 0
3828 0
3829 0
3830 0
3831 0
3832 0
3833 0
3834 0
3835 0
3836 0
3837 0
3838 0
3839 0
3840 0
3841 0
3842 0
3843 0
3844 0
3845 0
3846 0
3847 0
3848 0
3849 0
3850 0
3851 0
3852 0
3853 0
3854 0
3855 1
3856 0
3857 0
3858 0
3859 0
3860 0
3861 0
3862 0
3863 0
3864 0
3865 0
3866 0
3867 0
3868 0
3869 0
3870 0
3871 0
3872 0
3873 0
3874 0
3875 0
3876 0
3877 0
3878 0
3879 0
3880 0
3881 0
3882 0
3883 0
3884 0
3885 0
3886 0
3887 0
3888 0
3889 0
3890 0
3891 0
3892 0
3893 0
3894 0
3895 0
3896 0
3897 0
3898 0
3899 1
3900 0
3901 0
3902 0
3903 0
3904 0
3905 0
3906 0
3907 0
3908 0
3909 0
3910 0
3911 0
3912 0
3913 0
3914 1
3915 0
3916 0
3917 0
3918 0
3919 0
3920 0
3921 0
3922 0
3923 0
3924 0
3925 0
3926 0
3927 0
3928 0
3929 0
3930 0
3931 0
3932 0
3933 0
3934 0
3935 0
3936 0
3937 0
3938 0
3939 0
3940 0
3941 0
3942 0
3943 0
3944 0
3945 0
3946 0
3947 0
3948 0
3949 0
3950 0
3951 0
3952 0
3953 0
3954 0
3955 0
3956 0
3957 0
3958 0
3959 0
3960 0
3961 0
3962 0
3963 0
3964 0
3965 0
3966 0
3967 0
3968 0
3969 0
3970 0
3971 0
3972 0
3973 0
3974 0
3975 0
3976 0
3977 0
3978 0
3979 0
3980 0
3981 0
3982 0
3983 0
3984 0
3985 0
3986 0
3987 0
3988 0
3989 0
3990 0
3991 0
3992 0
3993 0
3994 0
3995 0
3996 0
3997 0
3998 0
3999 0
4000 0
