0 0
1 0
2 0
3 0
4 0
5 0
6 0
7 0
8 0
9 0
10 0
11 0
12 0
13 0
14 0
15 0
16 0
17 0
18 0
19 0
20 0
21 0
22 0
23 0
24 0
25 0
26 0
27 0
28 0
29 0
30 0
31 0
32 0
33 0
34 0
35 0
36 0
37 0
38 0
39 0
40 0
41 0
42 0
43 0
44 0
45 0
46 0
47 0
48 0
49 0
50 0
51 0
52 0
53 0
54 0
55 0
56 0
57 0
58 0
59 0
60 0
61 0
62 0
63 0
64 0
65 0
66 0
67 0
68 0
69 0
70 0
71 0
72 0
73 0
74 0
75 0
76 0
77 0
78 0
79 0
80 0
81 0
82 0
83 0
84 0
85 0
86 0
87 0
88 0
89 0
90 0
91 0
92 0
93 0
94 0
95 0
96 0
97 0
98 0
99 0
100 0
101 0
102 0
103 0
104 0
105 0
106 0
107 0
108 0
109 0
110 0
111 0
112 0
113 0
114 0
115 0
116 0
117 0
118 0
119 0
120 0
121 0
122 0
123 0
124 0
125 0
126 0
127 0
128 0
129 0
130 0
131 0
132 0
133 0
134 0
135 0
136 0
137 0
138 0
139 0
140 0
141 0
142 0
143 0
144 0
145 0
146 0
147 0
148 0
149 0
150 0
151 1
152 8
153 4
154 5
155 5
156 7
157 8
158 11
159 4
160 5
161 8
162 10
163 11
164 2
165 3
166 10
167 9
168 11
169 6
170 8
171 28
172 47
173 83
174 169
175 202
176 265
177 326
178 377
179 419
180 522
181 747
182 1185
183 1877
184 3091
185 4325
186 5584
187 6344
188 6607
189 6668
190 6446
191 6188
192 5648
193 5101
194 4657
195 4189
196 3873
197 3485
198 3039
199 2817
200 2462
201 2247
202 2013
203 1842
204 1652
205 1523
206 1449
207 1331
208 1257
209 1257
210 1221
211 1176
212 1221
213 1206
214 1181
215 1181
216 1196
217 1154
218 1208
219 1166
220 1231
221 1143
222 1145
223 1189
224 1208
225 1141
226 1210
227 1172
228 1234
229 1246
230 1189
231 1182
232 1219
233 1288
234 1265
235 1286
236 1272
237 1258
238 1274
239 1277
240 1258
241 1285
242 1273
243 1310
244 1309
245 1282
246 1349
247 1304
248 1351
249 1326
250 1345
251 1317
252 1373
253 1325
254 1352
255 1378
256 1362
257 1349
258 1341
259 1367
260 1354
261 1350
262 1329
263 1294
264 1402
265 1324
266 1383
267 1419
268 1418
269 1429
270 1399
271 1431
272 1383
273 1401
274 1399
275 1439
276 1408
277 1410
278 1430
279 1368
280 1425
281 1424
282 1391
283 1483
284 1444
285 1467
286 1526
287 1442
288 1483
289 1480
290 1453
291 1450
292 1480
293 1459
294 1569
295 1506
296 1515
297 1476
298 1520
299 1570
300 1547
301 1452
302 1552
303 1483
304 1586
305 1554
306 1551
307 1499
308 1609
309 1607
310 1539
311 1557
312 1590
313 1594
314 1524
315 1578
316 1573
317 1561
318 1585
319 1561
320 1616
321 1538
322 1616
323 1570
324 1542
325 1656
326 1620
327 1645
328 1625
329 1644
330 1635
331 1536
332 1649
333 1674
334 1630
335 1662
336 1705
337 1726
338 1679
339 1727
340 1731
341 1727
342 1696
343 1671
344 1717
345 1609
346 1717
347 1687
348 1716
349 1744
350 1777
351 1698
352 1684
353 1745
354 1801
355 1725
356 1718
357 1778
358 1793
359 1782
360 1701
361 1682
362 1776
363 1856
364 1742
365 1799
366 1747
367 1765
368 1730
369 1765
370 1768
371 1903
372 1777
373 1825
374 1836
375 1790
376 1854
377 1892
378 1843
379 1820
380 1862
381 1771
382 1830
383 1876
384 1872
385 1891
386 1876
387 1830
388 1845
389 1891
390 1871
391 1901
392 1856
393 1817
394 1805
395 1823
396 1844
397 1800
398 1925
399 1833
400 1883
401 1845
402 1899
403 1847
404 1872
405 1918
406 1837
407 1885
408 1924
409 1831
410 1862
411 1892
412 1834
413 1906
414 1841
415 1865
416 1929
417 1865
418 1840
419 1840
420 1875
421 1881
422 1878
423 1807
424 1810
425 1865
426 1875
427 1788
428 1855
429 1814
430 1770
431 1831
432 1825
433 1836
434 1784
435 1823
436 1868
437 1758
438 1865
439 1826
440 1830
441 1766
442 1766
443 1785
444 1748
445 1784
446 1841
447 1734
448 1796
449 1716
450 1791
451 1687
452 1764
453 1697
454 1808
455 1722
456 1750
457 1684
458 1605
459 1710
460 1709
461 1683
462 1676
463 1818
464 1676
465 1673
466 1665
467 1708
468 1676
469 1659
470 1685
471 1619
472 1621
473 1667
474 1647
475 1680
476 1616
477 1616
478 1563
479 1659
480 1566
481 1530
482 1559
483 1517
484 1510
485 1502
486 1529
487 1522
488 1461
489 1495
490 1540
491 1518
492 1480
493 1486
494 1479
495 1481
496 1428
497 1438
498 1457
499 1374
500 1404
501 1426
502 1343
503 1351
504 1327
505 1367
506 1392
507 1373
508 1380
509 1412
510 1346
511 1378
512 1322
513 1327
514 1297
515 1315
516 1211
517 1283
518 1260
519 1256
520 1215
521 1274
522 1277
523 1225
524 1217
525 1285
526 1225
527 1236
528 1223
529 1158
530 1170
531 1184
532 1172
533 1195
534 1102
535 1093
536 1141
537 1087
538 1092
539 1127
540 1153
541 1129
542 1079
543 1083
544 1025
545 1026
546 1066
547 1015
548 1092
549 1028
550 1068
551 1015
552 965
553 1008
554 933
555 987
556 1008
557 953
558 911
559 923
560 956
561 900
562 882
563 954
564 872
565 901
566 877
567 868
568 906
569 858
570 890
571 840
572 860
573 795
574 860
575 874
576 808
577 786
578 823
579 808
580 797
581 795
582 767
583 765
584 780
585 759
586 757
587 755
588 722
589 742
590 760
591 734
592 760
593 758
594 733
595 717
596 659
597 666
598 677
599 676
600 694
601 680
602 670
603 627
604 683
605 615
606 603
607 641
608 658
609 599
610 630
611 602
612 600
613 606
614 627
615 601
616 627
617 580
618 613
619 553
620 534
621 561
622 595
623 565
624 538
625 520
626 534
627 549
628 536
629 520
630 503
631 522
632 532
633 525
634 498
635 525
636 490
637 487
638 505
639 483
640 488
641 467
642 474
643 518
644 458
645 459
646 469
647 443
648 464
649 396
650 475
651 423
652 477
653 452
654 457
655 435
656 445
657 427
658 411
659 395
660 434
661 426
662 392
663 441
664 415
665 432
666 429
667 391
668 358
669 358
670 405
671 409
672 336
673 418
674 366
675 390
676 366
677 369
678 362
679 390
680 342
681 332
682 342
683 348
684 354
685 390
686 361
687 331
688 365
689 366
690 385
691 324
692 348
693 348
694 321
695 325
696 330
697 344
698 304
699 312
700 333
701 327
702 305
703 330
704 302
705 343
706 313
707 321
708 309
709 327
710 303
711 322
712 308
713 318
714 312
715 306
716 301
717 313
718 289
719 311
720 290
721 304
722 305
723 308
724 269
725 312
726 297
727 296
728 243
729 325
730 272
731 266
732 280
733 279
734 267
735 296
736 292
737 289
738 258
739 267
740 258
741 285
742 294
743 283
744 258
745 263
746 271
747 246
748 264
749 237
750 258
751 268
752 273
753 278
754 260
755 284
756 258
757 302
758 260
759 276
760 270
761 276
762 272
763 302
764 256
765 270
766 248
767 260
768 264
769 264
770 253
771 282
772 266
773 272
774 244
775 271
776 276
777 273
778 267
779 242
780 246
781 236
782 247
783 244
784 244
785 261
786 252
787 255
788 219
789 242
790 264
791 240
792 246
793 260
794 253
795 234
796 246
797 237
798 246
799 250
800 231
801 246
802 231
803 253
804 243
805 220
806 212
807 238
808 253
809 228
810 240
811 239
812 226
813 233
814 261
815 237
816 227
817 230
818 248
819 249
820 227
821 247
822 241
823 209
824 213
825 222
826 229
827 207
828 243
829 232
830 246
831 244
832 217
833 229
834 235
835 217
836 226
837 246
838 253
839 244
840 223
841 248
842 237
843 236
844 265
845 231
846 232
847 272
848 250
849 203
850 197
851 221
852 221
853 215
854 242
855 211
856 228
857 217
858 220
859 203
860 242
861 216
862 211
863 240
864 221
865 233
866 222
867 220
868 236
869 232
870 191
871 241
872 228
873 220
874 228
875 213
876 203
877 204
878 203
879 219
880 226
881 216
882 209
883 213
884 236
885 250
886 230
887 195
888 217
889 205
890 217
891 220
892 224
893 215
894 223
895 223
896 221
897 227
898 213
899 205
900 214
901 194
902 204
903 200
904 207
905 226
906 214
907 233
908 206
909 219
910 224
911 210
912 211
913 226
914 200
915 211
916 193
917 173
918 231
919 179
920 205
921 197
922 201
923 218
924 198
925 192
926 213
927 197
928 211
929 195
930 214
931 186
932 192
933 197
934 230
935 185
936 190
937 197
938 200
939 221
940 214
941 214
942 203
943 169
944 203
945 191
946 175
947 175
948 196
949 173
950 201
951 171
952 188
953 178
954 207
955 207
956 202
957 176
958 183
959 194
960 201
961 168
962 197
963 172
964 199
965 171
966 184
967 181
968 182
969 190
970 197
971 188
972 197
973 206
974 194
975 192
976 161
977 187
978 195
979 192
980 168
981 159
982 187
983 183
984 164
985 174
986 156
987 182
988 183
989 166
990 149
991 171
992 156
993 178
994 180
995 176
996 163
997 175
998 161
999 175
1000 192
1001 206
1002 149
1003 154
1004 179
1005 175
1006 167
1007 177
1008 173
1009 167
1010 136
1011 178
1012 182
1013 156
1014 174
1015 179
1016 162
1017 158
1018 150
1019 182
1020 178
1021 164
1022 155
1023 167
1024 161
1025 182
1026 147
1027 182
1028 169
1029 165
1030 164
1031 133
1032 159
1033 150
1034 173
1035 152
1036 163
1037 171
1038 148
1039 120
1040 141
1041 132
1042 138
1043 161
1044 160
1045 163
1046 167
1047 159
1048 147
1049 152
1050 135
1051 154
1052 168
1053 131
1054 176
1055 145
1056 147
1057 135
1058 146
1059 141
1060 163
1061 135
1062 133
1063 143
1064 153
1065 134
1066 126
1067 114
1068 134
1069 126
1070 146
1071 142
1072 135
1073 144
1074 136
1075 142
1076 127
1077 123
1078 139
1079 112
1080 129
1081 131
1082 138
1083 116
1084 104
1085 127
1086 118
1087 143
1088 128
1089 128
1090 138
1091 114
1092 126
1093 140
1094 133
1095 135
1096 125
1097 103
1098 136
1099 125
1100 128
1101 119
1102 137
1103 127
1104 107
1105 121
1106 116
1107 114
1108 120
1109 109
1110 138
1111 116
1112 117
1113 108
1114 131
1115 93
1116 115
1117 101
1118 108
1119 126
1120 126
1121 110
1122 131
1123 109
1124 105
1125 115
1126 139
1127 120
1128 113
1129 129
1130 119
1131 115
1132 129
1133 116
1134 115
1135 104
1136 90
1137 93
1138 118
1139 108
1140 117
1141 92
1142 131
1143 91
1144 121
1145 95
1146 115
1147 116
1148 87
1149 111
1150 92
1151 94
1152 94
1153 111
1154 80
1155 122
1156 67
1157 105
1158 92
1159 86
1160 89
1161 88
1162 97
1163 78
1164 101
1165 86
1166 96
1167 93
1168 94
1169 72
1170 92
1171 90
1172 93
1173 99
1174 88
1175 83
1176 100
1177 96
1178 86
1179 92
1180 72
1181 88
1182 82
1183 75
1184 83
1185 77
1186 90
1187 71
1188 93
1189 88
1190 93
1191 90
1192 72
1193 82
1194 74
1195 87
1196 89
1197 95
1198 86
1199 76
1200 93
1201 80
1202 68
1203 65
1204 71
1205 85
1206 85
1207 78
1208 85
1209 80
1210 64
1211 76
1212 91
1213 87
1214 81
1215 75
1216 79
1217 94
1218 80
1219 70
1220 68
1221 73
1222 60
1223 80
1224 76
1225 65
1226 61
1227 59
1228 76
1229 64
1230 84
1231 63
1232 68
1233 71
1234 63
1235 76
1236 54
1237 69
1238 82
1239 74
1240 77
1241 74
1242 63
1243 67
1244 70
1245 68
1246 62
1247 78
1248 51
1249 62
1250 50
1251 65
1252 59
1253 63
1254 64
1255 63
1256 52
1257 54
1258 71
1259 62
1260 62
1261 56
1262 75
1263 64
1264 57
1265 56
1266 43
1267 56
1268 50
1269 53
1270 60
1271 53
1272 65
1273 58
1274 46
1275 56
1276 51
1277 54
1278 56
1279 52
1280 63
1281 46
1282 58
1283 52
1284 46
1285 38
1286 49
1287 54
1288 50
1289 51
1290 43
1291 49
1292 44
1293 53
1294 54
1295 55
1296 49
1297 46
1298 49
1299 59
1300 52
1301 61
1302 46
1303 48
1304 43
1305 46
1306 46
1307 43
1308 45
1309 50
1310 45
1311 41
1312 46
1313 43
1314 45
1315 41
1316 47
1317 56
1318 43
1319 32
1320 39
1321 52
1322 51
1323 40
1324 35
1325 35
1326 29
1327 33
1328 32
1329 48
1330 36
1331 31
1332 40
1333 34
1334 36
1335 33
1336 37
1337 42
1338 39
1339 43
1340 32
1341 46
1342 35
1343 41
1344 31
1345 35
1346 40
1347 30
1348 42
1349 37
1350 48
1351 39
1352 36
1353 31
1354 37
1355 42
1356 33
1357 26
1358 40
1359 20
1360 39
1361 42
1362 28
1363 43
1364 32
1365 33
1366 29
1367 30
1368 28
1369 40
1370 30
1371 35
1372 30
1373 30
1374 34
1375 40
1376 27
1377 33
1378 30
1379 38
1380 23
1381 34
1382 28
1383 23
1384 30
1385 28
1386 31
1387 16
1388 39
1389 26
1390 30
1391 30
1392 23
1393 30
1394 25
1395 30
1396 29
1397 27
1398 34
1399 25
1400 28
1401 25
1402 32
1403 22
1404 34
1405 29
1406 24
1407 27
1408 20
1409 29
1410 23
1411 20
1412 29
1413 30
1414 25
1415 21
1416 41
1417 25
1418 26
1419 23
1420 21
1421 25
1422 29
1423 20
1424 22
1425 20
1426 26
1427 19
1428 13
1429 20
1430 24
1431 20
1432 23
1433 17
1434 18
1435 34
1436 25
1437 26
1438 28
1439 20
1440 17
1441 21
1442 18
1443 14
1444 22
1445 17
1446 20
1447 16
1448 18
1449 26
1450 17
1451 16
1452 21
1453 23
1454 18
1455 31
1456 19
1457 26
1458 25
1459 20
1460 15
1461 25
1462 21
1463 21
1464 23
1465 13
1466 19
1467 11
1468 21
1469 21
1470 23
1471 25
1472 20
1473 16
1474 14
1475 20
1476 16
1477 20
1478 25
1479 15
1480 24
1481 18
1482 16
1483 22
1484 15
1485 16
1486 16
1487 13
1488 16
1489 20
1490 11
1491 11
1492 25
1493 24
1494 15
1495 22
1496 18
1497 13
1498 19
1499 11
1500 15
1501 17
1502 16
1503 14
1504 17
1505 19
1506 15
1507 16
1508 13
1509 18
1510 18
1511 11
1512 21
1513 13
1514 19
1515 14
1516 16
1517 9
1518 7
1519 8
1520 23
1521 14
1522 12
1523 16
1524 14
1525 10
1526 10
1527 14
1528 13
1529 16
1530 11
1531 20
1532 15
1533 14
1534 13
1535 12
1536 18
1537 9
1538 15
1539 12
1540 22
1541 13
1542 10
1543 11
1544 11
1545 17
1546 19
1547 5
1548 5
1549 12
1550 12
1551 11
1552 14
1553 11
1554 12
1555 4
1556 11
1557 13
1558 12
1559 17
1560 12
1561 9
1562 13
1563 11
1564 13
1565 18
1566 6
1567 9
1568 14
1569 16
1570 10
1571 8
1572 9
1573 7
1574 6
1575 8
1576 15
1577 16
1578 10
1579 12
1580 7
1581 9
1582 8
1583 10
1584 11
1585 9
1586 11
1587 8
1588 15
1589 10
1590 11
1591 16
1592 7
1593 4
1594 7
1595 8
1596 12
1597 11
1598 6
1599 10
1600 9
1601 11
1602 12
1603 7
1604 10
1605 6
1606 9
1607 16
1608 7
1609 8
1610 10
1611 9
1612 9
1613 5
1614 8
1615 7
1616 9
1617 9
1618 4
1619 8
1620 7
1621 7
1622 6
1623 5
1624 4
1625 9
1626 7
1627 5
1628 5
1629 10
1630 3
1631 7
1632 8
1633 6
1634 6
1635 11
1636 13
1637 6
1638 2
1639 4
1640 10
1641 6
1642 4
1643 6
1644 4
1645 7
1646 4
1647 6
1648 8
1649 7
1650 8
1651 6
1652 5
1653 6
1654 7
1655 5
1656 7
1657 6
1658 5
1659 5
1660 8
1661 5
1662 7
1663 3
1664 8
1665 5
1666 4
1667 6
1668 5
1669 4
1670 7
1671 3
1672 6
1673 5
1674 4
1675 12
1676 7
1677 6
1678 4
1679 4
1680 4
1681 2
1682 3
1683 5
1684 10
1685 7
1686 4
1687 7
1688 2
1689 5
1690 4
1691 5
1692 4
1693 9
1694 5
1695 6
1696 3
1697 3
1698 3
1699 9
1700 6
1701 4
1702 2
1703 4
1704 2
1705 3
1706 9
1707 8
1708 3
1709 5
1710 5
1711 7
1712 5
1713 5
1714 4
1715 3
1716 3
1717 5
1718 4
1719 3
1720 6
1721 4
1722 3
1723 2
1724 5
1725 3
1726 4
1727 5
1728 3
1729 4
1730 4
1731 3
1732 5
1733 2
1734 2
1735 3
1736 2
1737 3
1738 4
1739 2
1740 2
1741 4
1742 0
1743 4
1744 3
1745 3
1746 3
1747 1
1748 3
1749 2
1750 3
1751 3
1752 4
1753 4
1754 4
1755 7
1756 2
1757 3
1758 4
1759 3
1760 1
1761 5
1762 2
1763 1
1764 1
1765 5
1766 3
1767 4
1768 3
1769 3
1770 7
1771 1
1772 2
1773 4
1774 5
1775 1
1776 7
1777 2
1778 2
1779 3
1780 2
1781 5
1782 3
1783 4
1784 0
1785 3
1786 6
1787 2
1788 0
1789 4
1790 1
1791 2
1792 5
1793 4
1794 2
1795 3
1796 1
1797 2
1798 2
1799 5
1800 3
1801 0
1802 2
1803 4
1804 2
1805 4
1806 5
1807 3
1808 3
1809 2
1810 4
1811 2
1812 1
1813 1
1814 1
1815 3
1816 0
1817 1
1818 1
1819 2
1820 5
1821 1
1822 2
1823 4
1824 4
1825 3
1826 0
1827 3
1828 2
1829 0
1830 1
1831 2
1832 3
1833 0
1834 2
1835 0
1836 2
1837 0
1838 1
1839 1
1840 0
1841 1
1842 0
1843 0
1844 0
1845 1
1846 0
1847 0
1848 3
1849 2
1850 2
1851 2
1852 0
1853 1
1854 2
1855 2
1856 2
1857 0
1858 4
1859 1
1860 1
1861 1
1862 1
1863 4
1864 3
1865 2
1866 0
1867 1
1868 0
1869 2
1870 1
1871 1
1872 2
1873 2
1874 1
1875 3
1876 1
1877 0
1878 2
1879 1
1880 3
1881 2
1882 3
1883 1
1884 1
1885 1
1886 1
1887 3
1888 0
1889 1
1890 1
1891 3
1892 1
1893 2
1894 1
1895 3
1896 2
1897 2
1898 1
1899 0
1900 0
1901 3
1902 3
1903 2
1904 2
1905 0
1906 4
1907 2
1908 0
1909 3
1910 2
1911 0
1912 4
1913 3
1914 1
1915 1
1916 0
1917 1
1918 0
1919 2
1920 1
1921 1
1922 2
1923 0
1924 0
1925 0
1926 0
1927 1
1928 1
1929 2
1930 0
1931 1
1932 1
1933 2
1934 3
1935 4
1936 3
1937 0
1938 0
1939 4
1940 0
1941 2
1942 2
1943 2
1944 0
1945 0
1946 1
1947 2
1948 0
1949 2
1950 0
1951 1
1952 1
1953 0
1954 2
1955 0
1956 0
1957 0
1958 1
1959 0
1960 0
1961 1
1962 0
1963 1
1964 1
1965 1
1966 2
1967 0
1968 0
1969 0
1970 0
1971 0
1972 2
1973 0
1974 0
1975 0
1976 1
1977 0
1978 1
1979 1
1980 2
1981 1
1982 0
1983 1
1984 0
1985 1
1986 0
1987 1
1988 2
1989 1
1990 1
1991 1
1992 1
1993 1
1994 1
1995 1
1996 3
1997 0
1998 2
1999 0
2000 2
2001 1
2002 1
2003 0
2004 0
2005 0
2006 0
2007 1
2008 4
2009 2
2010 0
2011 0
2012 0
2013 1
2014 2
2015 0
2016 1
2017 0
2018 0
2019 0
2020 0
2021 1
2022 0
2023 0
2024 0
2025 2
2026 0
2027 2
2028 0
2029 2
2030 0
2031 1
2032 0
2033 0
2034 0
2035 0
2036 0
2037 1
2038 2
2039 0
2040 0
2041 0
2042 1
2043 0
2044 0
2045 0
2046 0
2047 0
2048 0
2049 0
2050 0
2051 0
2052 2
2053 0
2054 0
2055 1
2056 0
2057 0
2058 1
2059 1
2060 0
2061 0
2062 0
2063 1
2064 0
2065 0
2066 0
2067 0
2068 0
2069 0
2070 3
2071 0
2072 1
2073 0
2074 0
2075 0
2076 0
2077 1
2078 0
2079 0
2080 0
2081 0
2082 1
2083 0
2084 0
2085 0
2086 0
2087 0
2088 0
2089 0
2090 0
2091 0
2092 0
2093 0
2094 1
2095 0
2096 0
2097 1
2098 0
2099 0
2100 0
2101 0
2102 1
2103 0
2104 0
2105 0
2106 0
2107 0
2108 0
2109 2
2110 0
2111 1
2112 0
2113 0
2114 0
2115 0
2116 0
2117 1
2118 0
2119 0
2120 0
2121 0
2122 1
2123 0
2124 0
2125 1
2126 1
2127 1
2128 1
2129 0
2130 0
2131 0
2132 0
2133 0
2134 1
2135 1
2136 0
2137 0
2138 0
2139 0
2140 0
2141 0
2142 0
2143 0
2144 0
2145 0
2146 0
2147 0
2148 0
2149 0
2150 0
2151 0
2152 0
2153 1
2154 0
2155 0
2156 0
2157 0
2158 0
2159 0
2160 1
2161 0
2162 0
2163 0
2164 1
2165 1
2166 0
2167 0
2168 0
2169 0
2170 0
2171 0
2172 0
2173 0
2174 1
2175 0
2176 0
2177 0
2178 0
2179 0
2180 1
2181 1
2182 0
2183 0
2184 0
2185 0
2186 0
2187 0
2188 0
2189 0
2190 0
2191 1
2192 1
2193 0
2194 0
2195 0
2196 0
2197 0
2198 0
2199 0
2200 0
2201 0
2202 0
2203 0
2204 0
2205 0
2206 0
2207 0
2208 0
2209 0
2210 0
2211 1
2212 0
2213 0
2214 0
2215 0
2216 0
2217 0
2218 0
2219 0
2220 0
2221 0
2222 0
2223 0
2224 0
2225 2
2226 1
2227 0
2228 1
2229 0
2230 2
2231 0
2232 0
2233 0
2234 0
2235 0
2236 0
2237 0
2238 1
2239 1
2240 0
2241 0
2242 0
2243 0
2244 0
2245 0
2246 0
2247 0
2248 0
2249 0
2250 1
2251 0
2252 0
2253 0
2254 0
2255 1
2256 0
2257 0
2258 0
2259 1
2260 0
2261 0
2262 0
2263 0
2264 1
2265 0
2266 0
2267 0
2268 1
2269 0
2270 0
2271 0
2272 0
2273 0
2274 0
2275 0
2276 0
2277 0
2278 0
2279 0
2280 0
2281 0
2282 0
2283 0
2284 1
2285 0
2286 0
2287 0
2288 1
2289 0
2290 1
2291 0
2292 1
2293 0
2294 0
2295 0
2296 0
2297 0
2298 0
2299 0
2300 0
2301 0
2302 0
2303 1
2304 0
2305 0
2306 0
2307 0
2308 0
2309 0
2310 0
2311 0
2312 0
2313 0
2314 0
2315 0
2316 0
2317 0
2318 0
2319 0
2320 1
2321 0
2322 0
2323 0
2324 0
2325 2
2326 0
2327 0
2328 0
2329 0
2330 0
2331 0
2332 0
2333 0
2334 0
2335 0
2336 0
2337 0
2338 0
2339 0
2340 1
2341 0
2342 0
2343 0
2344 0
2345 0
2346 0
2347 0
2348 1
2349 0
2350 1
2351 0
2352 0
2353 0
2354 0
2355 0
2356 0
2357 0
2358 0
2359 0
2360 0
2361 0
2362 0
2363 0
2364 1
2365 0
2366 0
2367 0
2368 0
2369 0
2370 0
2371 0
2372 0
2373 0
2374 0
2375 0
2376 0
2377 0
2378 0
2379 0
2380 0
2381 0
2382 0
2383 0
2384 0
2385 0
2386 0
2387 0
2388 0
2389 0
2390 1
2391 0
2392 0
2393 0
2394 0
2395 0
2396 0
2397 0
2398 0
2399 0
2400 0
2401 0
2402 0
2403 0
2404 0
2405 0
2406 0
2407 0
2408 0
2409 0
2410 0
2411 0
2412 1
2413 0
2414 0
2415 0
2416 0
2417 0
2418 0
2419 0
2420 0
2421 0
2422 0
2423 0
2424 0
2425 0
2426 0
2427 0
2428 0
2429 0
2430 0
2431 0
2432 2
2433 0
2434 0
2435 0
2436 1
2437 0
2438 0
2439 0
2440 0
2441 0
2442 0
2443 0
2444 0
2445 0
2446 0
2447 0
2448 0
2449 0
2450 0
2451 0
2452 0
2453 0
2454 0
2455 0
2456 0
2457 0
2458 0
2459 0
2460 0
2461 0
2462 0
2463 0
2464 0
2465 0
2466 0
2467 0
2468 0
2469 0
2470 0
2471 1
2472 0
2473 0
2474 0
2475 0
2476 0
2477 0
2478 0
2479 0
2480 0
2481 0
2482 0
2483 1
2484 0
2485 0
2486 0
2487 0
2488 0
2489 1
2490 0
2491 0
2492 0
2493 0
2494 0
2495 0
2496 0
2497 0
2498 0
2499 0
2500 0
2501 0
2502 0
2503 0
2504 0
2505 0
2506 0
2507 0
2508 0
2509 0
2510 0
2511 0
2512 0
2513 0
2514 0
2515 0
2516 0
2517 0
2518 0
2519 0
2520 0
2521 0
2522 0
2523 0
2524 0
2525 0
2526 0
2527 0
2528 0
2529 0
2530 0
2531 0
2532 0
2533 1
2534 0
2535 0
2536 0
2537 0
2538 0
2539 0
2540 0
2541 0
2542 0
2543 0
2544 0
2545 0
2546 0
2547 0
2548 0
2549 0
2550 0
2551 0
2552 0
2553 0
2554 0
2555 0
2556 0
2557 0
2558 0
2559 0
2560 0
2561 0
2562 0
2563 0
2564 0
2565 0
2566 0
2567 0
2568 0
2569 0
2570 0
2571 0
2572 0
2573 0
2574 0
2575 1
2576 0
2577 0
2578 0
2579 0
2580 0
2581 0
2582 0
2583 0
2584 0
2585 0
2586 0
2587 0
2588 0
2589 0
2590 0
2591 0
2592 0
2593 0
2594 0
2595 0
2596 0
2597 0
2598 1
2599 0
2600 0
2601 0
2602 0
2603 0
2604 0
2605 0
2606 0
2607 0
2608 0
2609 0
2610 0
2611 0
2612 0
2613 0
2614 0
2615 0
2616 0
2617 0
2618 0
2619 0
2620 0
2621 0
2622 0
2623 0
2624 0
2625 0
2626 0
2627 0
2628 0
2629 0
2630 0
2631 0
2632 0
2633 1
2634 0
2635 0
2636 0
2637 0
2638 0
2639 0
2640 0
2641 0
2642 0
2643 0
2644 1
2645 0
2646 0
2647 0
2648 0
2649 0
2650 0
2651 0
2652 0
2653 0
2654 0
2655 0
2656 0
2657 0
2658 0
2659 0
2660 0
2661 0
2662 0
2663 0
2664 0
2665 1
2666 0
2667 0
2668 0
2669 0
2670 0
2671 0
2672 0
2673 0
2674 0
2675 0
2676 0
2677 0
2678 0
2679 0
2680 0
2681 0
2682 0
2683 0
2684 0
2685 0
2686 0
2687 0
2688 0
2689 0
2690 0
2691 0
2692 0
2693 0
2694 0
2695 0
2696 0
2697 0
2698 0
2699 0
2700 0
2701 0
2702 0
2703 0
2704 0
2705 0
2706 0
2707 0
2708 0
2709 0
2710 0
2711 0
2712 0
2713 0
2714 0
2715 0
2716 1
2717 0
2718 0
2719 0
2720 0
2721 0
2722 0
2723 0
2724 0
2725 0
2726 0
2727 0
2728 0
2729 0
2730 0
2731 1
2732 0
2733 0
2734 0
2735 0
2736 0
2737 0
2738 0
2739 0
2740 0
2741 0
2742 0
2743 0
2744 0
2745 0
2746 0
2747 0
2748 0
2749 0
2750 0
2751 0
2752 0
2753 0
2754 0
2755 0
2756 0
2757 0
2758 0
2759 0
2760 0
2761 0
2762 0
2763 0
2764 0
2765 0
2766 0
2767 0
2768 0
2769 0
2770 0
2771 1
2772 1
2773 1
2774 0
2775 0
2776 0
2777 0
2778 0
2779 0
2780 0
2781 0
2782 0
2783 0
2784 0
2785 0
2786 0
2787 0
2788 0
2789 0
2790 0
2791 0
2792 0
2793 0
2794 0
2795 0
2796 0
2797 0
2798 0
2799 0
2800 0
2801 0
2802 0
2803 0
2804 0
2805 0
2806 0
2807 0
2808 0
2809 0
2810 0
2811 0
2812 0
2813 0
2814 0
2815 0
2816 0
2817 0
2818 0
2819 1
2820 0
2821 0
2822 0
2823 0
2824 0
2825 0
2826 0
2827 0
2828 0
2829 0
2830 0
2831 0
2832 0
2833 0
2834 0
2835 0
2836 0
2837 0
2838 0
2839 0
2840 0
2841 0
2842 0
2843 0
2844 0
2845 0
2846 0
2847 0
2848 0
2849 0
2850 0
2851 0
2852 0
2853 0
2854 0
2855 0
2856 0
2857 1
2858 0
2859 0
2860 0
2861 0
2862 0
2863 1
2864 0
2865 0
2866 0
2867 0
2868 0
2869 0
2870 0
2871 0
2872 0
2873 0
2874 0
2875 0
2876 0
2877 0
2878 0
2879 0
2880 0
2881 0
2882 0
2883 0
2884 0
2885 0
2886 0
2887 0
2888 0
2889 0
2890 0
2891 0
2892 0
2893 0
2894 0
2895 0
2896 0
2897 0
2898 0
2899 0
2900 0
2901 0
2902 0
2903 0
2904 0
2905 0
2906 0
2907 0
2908 0
2909 0
2910 0
2911 0
2912 0
2913 0
2914 0
2915 0
2916 0
2917 0
2918 0
2919 0
2920 0
2921 0
2922 0
2923 0
2924 0
2925 0
2926 1
2927 0
2928 0
2929 0
2930 1
2931 0
2932 0
2933 0
2934 0
2935 0
2936 0
2937 0
2938 0
2939 1
2940 0
2941 0
2942 0
2943 0
2944 0
2945 0
2946 0
2947 0
2948 0
2949 0
2950 0
2951 0
2952 0
2953 0
2954 0
2955 0
2956 0
2957 0
2958 0
2959 0
2960 0
2961 0
2962 0
2963 0
2964 1
2965 0
2966 0
2967 0
2968 0
2969 0
2970 0
2971 0
2972 0
2973 0
2974 0
2975 0
2976 0
2977 0
2978 0
2979 0
2980 0
2981 0
2982 0
2983 0
2984 0
2985 0
2986 0
2987 0
2988 0
2989 0
2990 0
2991 0
2992 0
2993 0
2994 0
2995 0
2996 0
2997 0
2998 0
2999 0
3000 0
3001 0
3002 0
3003 0
3004 0
3005 0
3006 0
3007 0
3008 0
3009 0
3010 0
3011 0
3012 1
3013 0
3014 0
3015 0
3016 0
3017 0
3018 0
3019 0
3020 0
3021 0
3022 0
3023 0
3024 0
3025 0
3026 0
3027 0
3028 0
3029 0
3030 0
3031 0
3032 0
3033 0
3034 0
3035 0
3036 0
3037 0
3038 0
3039 0
3040 0
3041 0
3042 0
3043 0
3044 0
3045 0
3046 0
3047 0
3048 0
3049 0
3050 1
3051 0
3052 0
3053 0
3054 0
3055 0
3056 0
3057 0
3058 0
3059 0
3060 0
3061 0
3062 0
3063 0
3064 0
3065 0
3066 0
3067 0
3068 0
3069 0
3070 0
3071 0
3072 0
3073 0
3074 0
3075 0
3076 0
3077 0
3078 0
3079 0
3080 0
3081 0
3082 0
3083 0
3084 1
3085 0
3086 0
3087 0
3088 0
3089 0
3090 0
3091 0
3092 0
3093 0
3094 0
3095 0
3096 0
3097 0
3098 0
3099 0
3100 0
3101 0
3102 0
3103 0
3104 0
3105 0
3106 0
3107 0
3108 0
3109 0
3110 0
3111 0
3112 0
3113 0
3114 0
3115 0
3116 0
3117 0
3118 0
3119 0
3120 0
3121 0
3122 0
3123 0
3124 0
3125 0
3126 0
3127 0
3128 0
3129 0
3130 0
3131 0
3132 0
3133 0
3134 0
3135 0
3136 0
3137 0
3138 0
3139 0
3140 0
3141 0
3142 0
3143 0
3144 0
3145 0
3146 0
3147 0
3148 0
3149 0
3150 0
3151 0
3152 0
3153 0
3154 0
3155 0
3156 0
3157 0
3158 0
3159 0
3160 0
3161 0
3162 0
3163 0
3164 0
3165 0
3166 1
3167 0
3168 0
3169 0
3170 0
3171 0
3172 0
3173 0
3174 0
3175 0
3176 0
3177 0
3178 0
3179 0
3180 0
3181 0
3182 0
3183 0
3184 0
3185 0
3186 0
3187 0
3188 0
3189 0
3190 0
3191 0
3192 0
3193 0
3194 0
3195 0
3196 0
3197 0
3198 0
3199 0
3200 0
3201 0
3202 0
3203 0
3204 0
3205 1
3206 0
3207 0
3208 0
3209 0
3210 0
3211 0
3212 0
3213 0
3214 0
3215 0
3216 0
3217 0
3218 0
3219 0
3220 0
3221 0
3222 0
3223 0
3224 0
3225 0
3226 0
3227 0
3228 0
3229 0
3230 0
3231 0
3232 0
3233 0
3234 0
3235 0
3236 0
3237 0
3238 0
3239 0
3240 0
3241 0
3242 0
3243 0
3244 0
3245 0
3246 0
3247 0
3248 0
3249 0
3250 0
3251 0
3252 0
3253 0
3254 0
3255 0
3256 0
3257 0
3258 0
3259 0
3260 0
3261 0
3262 0
3263 0
3264 0
3265 0
3266 0
3267 0
3268 0
3269 0
3270 0
3271 0
3272 0
3273 0
3274 0
3275 0
3276 0
3277 0
3278 0
3279 0
3280 0
3281 0
3282 0
3283 0
3284 0
3285 0
3286 0
3287 0
3288 0
3289 0
3290 0
3291 0
3292 0
3293 0
3294 0
3295 0
3296 0
3297 0
3298 0
3299 0
3300 0
3301 0
3302 0
3303 0
3304 0
3305 0
3306 0
3307 0
3308 0
3309 1
3310 0
3311 0
3312 1
3313 0
3314 0
3315 0
3316 1
3317 0
3318 0
3319 0
3320 0
3321 0
3322 0
3323 0
3324 0
3325 0
3326 0
3327 0
3328 0
3329 0
3330 0
3331 0
3332 0
3333 0
3334 0
3335 0
3336 0
3337 0
3338 0
3339 0
3340 0
3341 0
3342 0
3343 0
3344 0
3345 1
3346 0
3347 0
3348 0
3349 0
3350 0
3351 0
3352 0
3353 0
3354 0
3355 0
3356 0
3357 0
3358 0
3359 0
3360 0
3361 0
3362 0
3363 0
3364 0
3365 0
3366 0
3367 0
3368 0
3369 0
3370 0
3371 0
3372 0
3373 0
3374 0
3375 0
3376 0
3377 0
3378 1
3379 0
3380 0
3381 0
3382 0
3383 0
3384 0
3385 0
3386 0
3387 0
3388 0
3389 0
3390 0
3391 1
3392 1
3393 0
3394 0
3395 0
3396 0
3397 0
3398 0
3399 0
3400 0
3401 0
3402 0
3403 0
3404 0
3405 0
3406 0
3407 0
3408 0
3409 0
3410 0
3411 0
3412 0
3413 0
3414 0
3415 0
3416 0
3417 0
3418 0
3419 0
3420 0
3421 0
3422 0
3423 0
3424 0
3425 0
3426 0
3427 0
3428 0
3429 0
3430 0
3431 0
3432 0
3433 0
3434 0
3435 0
3436 0
3437 0
3438 0
3439 0
3440 0
3441 0
3442 0
3443 0
3444 0
3445 0
3446 0
3447 0
3448 0
3449 0
3450 0
3451 0
3452 0
3453 0
3454 0
3455 1
3456 0
3457 0
3458 0
3459 0
3460 0
3461 0
3462 0
3463 0
3464 0
3465 0
3466 1
3467 0
3468 0
3469 0
3470 0
3471 0
3472 0
3473 0
3474 0
3475 0
3476 0
3477 0
3478 0
3479 0
3480 0
3481 0
3482 0
3483 0
3484 0
3485 0
3486 0
3487 0
3488 0
3489 0
3490 0
3491 0
3492 0
3493 0
3494 0
3495 0
3496 0
3497 0
3498 0
3499 0
3500 0
3501 0
3502 0
3503 0
3504 0
3505 0
3506 0
3507 0
3508 0
3509 0
3510 0
3511 0
3512 0
3513 0
3514 0
3515 0
3516 0
3517 0
3518 0
3519 0
3520 0
3521 0
3522 0
3523 0
3524 0
3525 0
3526 0
3527 0
3528 0
3529 0
3530 1
3531 0
3532 0
3533 0
3534 0
3535 0
3536 0
3537 0
3538 0
3539 0
3540 0
3541 0
3542 0
3543 0
3544 0
3545 0
3546 0
3547 0
3548 0
3549 0
3550 0
3551 0
3552 0
3553 0
3554 0
3555 0
3556 0
3557 0
3558 0
3559 0
3560 0
3561 0
3562 0
3563 0
3564 0
3565 0
3566 0
3567 0
3568 0
3569 0
3570 0
3571 0
3572 0
3573 0
3574 0
3575 1
3576 0
3577 0
3578 0
3579 0
3580 0
3581 0
3582 0
3583 1
3584 0
3585 0
3586 0
3587 0
3588 0
3589 0
3590 0
3591 1
3592 0
3593 0
3594 0
3595 0
3596 0
3597 0
3598 0
3599 0
3600 0
3601 0
3602 0
3603 0
3604 0
3605 0
3606 0
3607 0
3608 0
3609 0
3610 0
3611 0
3612 0
3613 0
3614 0
3615 0
3616 0
3617 0
3618 0
3619 0
3620 0
3621 0
3622 0
3623 0
3624 0
3625 0
3626 0
3627 0
3628 0
3629 0
3630 0
3631 0
3632 0
3633 0
3634 0
3635 0
3636 0
3637 0
3638 0
3639 0
3640 0
3641 0
3642 0
3643 0
3644 0
3645 0
3646 0
3647 0
3648 0
3649 0
3650 0
3651 0
3652 0
3653 0
3654 0
3655 0
3656 0
3657 0
3658 0
3659 0
3660 0
3661 0
3662 0
3663 0
3664 0
3665 0
3666 0
3667 0
3668 0
3669 0
3670 0
3671 0
3672 0
3673 0
3674 0
3675 0
3676 0
3677 0
3678 0
3679 0
3680 0
3681 0
3682 0
3683 0
3684 0
3685 0
3686 0
3687 0
3688 0
3689 0
3690 0
3691 0
3692 0
3693 0
3694 0
3695 0
3696 0
3697 0
3698 0
3699 0
3700 0
3701 0
3702 0
3703 1
3704 0
3705 0
3706 0
3707 0
3708 0
3709 0
3710 0
3711 0
3712 0
3713 0
3714 0
3715 0
3716 0
3717 0
3718 0
3719 0
3720 0
3721 0
3722 0
3723 0
3724 0
3725 0
3726 0
3727 0
3728 0
3729 0
3730 0
3731 0
3732 0
3733 0
3734 0
3735 0
3736 0
3737 0
3738 0
3739 0
3740 0
3741 0
3742 0
3743 0
3744 0
3745 0
3746 0
3747 0
3748 0
3749 0
3750 0
3751 0
3752 0
3753 0
3754 0
3755 0
3756 0
3757 0
3758 0
3759 0
3760 0
3761 0
3762 0
3763 0
3764 0
3765 0
3766 0
3767 0
3768 0
3769 0
3770 0
3771 0
3772 0
3773 0
3774 0
3775 0
3776 1
3777 0
3778 0
3779 0
3780 0
3781 0
3782 0
3783 0
3784 0
3785 0
3786 0
3787 0
3788 0
3789 0
3790 0
3791 0
3792 0
3793 0
3794 0
3795 0
3796 0
3797 0
3798 0
3799 0
3800 0
3801 0
3802 0
3803 0
3804 0
3805 0
3806 0
3807 0
3808 0
3809 0
3810 0
3811 0
3812 0
3813 1
3814 0
3815 0
3816 0
3817 0
3818 0
3819 0
3820 0
3821 0
3822 0
3823 0
3824 0
3825 0
3826 0
3827 0
3828 0
3829 0
3830 0
3831 0
3832 0
3833 0
3834 0
3835 0
3836 0
3837 0
3838 0
3839 0
3840 0
3841 0
3842 0
3843 0
3844 0
3845 0
3846 0
3847 0
3848 0
3849 0
3850 0
3851 0
3852 0
3853 0
3854 0
3855 0
3856 0
3857 0
3858 0
3859 0
3860 0
3861 0
3862 0
3863 0
3864 0
3865 0
3866 0
3867 0
3868 0
3869 0
3870 0
3871 0
3872 0
3873 1
3874 1
3875 0
3876 0
3877 0
3878 0
3879 0
3880 0
3881 0
3882 0
3883 0
3884 0
3885 0
3886 0
3887 0
3888 0
3889 0
3890 1
3891 0
3892 0
3893 0
3894 0
3895 0
3896 0
3897 0
3898 0
3899 0
3900 0
3901 0
3902 0
3903 0
3904 0
3905 0
3906 0
3907 0
3908 0
3909 0
3910 0
3911 1
3912 0
3913 0
3914 0
3915 0
3916 0
3917 0
3918 0
3919 0
3920 0
3921 0
3922 0
3923 0
3924 0
3925 0
3926 0
3927 0
3928 0
3929 0
3930 0
3931 0
3932 0
3933 0
3934 0
3935 0
3936 0
3937 0
3938 0
3939 0
3940 0
3941 0
3942 0
3943 0
3944 0
3945 0
3946 0
3947 0
3948 0
3949 0
3950 0
3951 0
3952 0
3953 0
3954 0
3955 0
3956 0
3957 0
3958 0
3959 0
3960 0
3961 0
3962 0
3963 0
3964 0
3965 0
3966 0
3967 0
3968 0
3969 0
3970 0
3971 0
3972 0
3973 0
3974 0
3975 0
3976 0
3977 0
3978 0
3979 0
3980 0
3981 0
3982 0
3983 0
3984 0
3985 0
3986 0
3987 0
3988 0
3989 0
3990 0
3991 0
3992 0
3993 0
3994 0
3995 0
3996 0
3997 0
3998 0
3999 0
4000 0
