0 0
1 0
2 0
3 0
4 0
5 0
6 0
7 0
8 0
9 0
10 0
11 0
12 0
13 0
14 0
15 0
16 0
17 0
18 0
19 0
20 0
21 0
22 0
23 0
24 0
25 0
26 0
27 0
28 0
29 0
30 0
31 0
32 0
33 0
34 0
35 0
36 0
37 0
38 0
39 0
40 0
41 0
42 0
43 0
44 0
45 0
46 0
47 0
48 0
49 0
50 0
51 0
52 0
53 0
54 0
55 0
56 0
57 0
58 0
59 0
60 0
61 0
62 0
63 0
64 0
65 0
66 0
67 0
68 0
69 0
70 0
71 0
72 0
73 0
74 0
75 0
76 0
77 0
78 0
79 0
80 0
81 0
82 0
83 0
84 0
85 0
86 0
87 0
88 0
89 0
90 0
91 0
92 0
93 0
94 0
95 0
96 0
97 0
98 0
99 0
100 0
101 0
102 0
103 0
104 0
105 0
106 0
107 0
108 0
109 0
110 0
111 0
112 0
113 0
114 0
115 0
116 0
117 0
118 0
119 0
120 0
121 0
122 0
123 0
124 0
125 0
126 0
127 0
128 0
129 0
130 0
131 0
132 0
133 0
134 0
135 0
136 0
137 1
138 0
139 0
140 0
141 0
142 0
143 0
144 0
145 0
146 0
147 0
148 2
149 0
150 0
151 2
152 5
153 7
154 8
155 4
156 11
157 4
158 3
159 5
160 3
161 7
162 9
163 2
164 3
165 5
166 7
167 5
168 4
169 5
170 7
171 20
172 34
173 68
174 94
175 170
176 243
177 325
178 332
179 420
180 493
181 599
182 853
183 1327
184 2070
185 2935
186 3778
187 4503
188 4860
189 5029
190 5081
191 4903
192 4417
193 4267
194 3726
195 3422
196 3013
197 2811
198 2429
199 2190
200 1952
201 1725
202 1570
203 1354
204 1172
205 1057
206 902
207 881
208 888
209 762
210 736
211 691
212 701
213 656
214 669
215 652
216 670
217 664
218 659
219 591
220 611
221 627
222 612
223 699
224 654
225 674
226 635
227 633
228 646
229 655
230 684
231 676
232 655
233 635
234 694
235 635
236 675
237 678
238 690
239 651
240 695
241 697
242 723
243 694
244 722
245 640
246 670
247 723
248 710
249 710
250 724
251 719
252 751
253 708
254 724
255 748
256 700
257 745
258 703
259 757
260 702
261 719
262 735
263 712
264 747
265 770
266 779
267 715
268 775
269 739
270 808
271 769
272 748
273 743
274 759
275 732
276 782
277 743
278 759
279 773
280 775
281 837
282 772
283 806
284 760
285 785
286 787
287 825
288 794
289 835
290 814
291 800
292 760
293 722
294 795
295 853
296 832
297 786
298 821
299 766
300 730
301 772
302 808
303 811
304 830
305 782
306 817
307 802
308 788
309 826
310 813
311 819
312 804
313 819
314 792
315 807
316 834
317 806
318 761
319 876
320 810
321 845
322 780
323 769
324 781
325 861
326 843
327 883
328 805
329 837
330 822
331 822
332 819
333 815
334 825
335 854
336 806
337 825
338 845
339 837
340 805
341 845
342 834
343 842
344 889
345 854
346 807
347 822
348 883
349 841
350 805
351 824
352 862
353 847
354 812
355 887
356 870
357 860
358 829
359 865
360 838
361 872
362 841
363 859
364 822
365 871
366 904
367 859
368 897
369 796
370 899
371 822
372 882
373 870
374 908
375 842
376 892
377 870
378 843
379 907
380 852
381 912
382 923
383 893
384 853
385 877
386 866
387 918
388 910
389 904
390 896
391 923
392 973
393 917
394 977
395 899
396 876
397 903
398 935
399 933
400 904
401 963
402 904
403 977
404 901
405 908
406 970
407 1031
408 998
409 960
410 912
411 938
412 965
413 955
414 961
415 972
416 993
417 992
418 974
419 1048
420 1020
421 1035
422 1082
423 1069
424 981
425 994
426 988
427 1078
428 1017
429 1015
430 1035
431 1030
432 1062
433 985
434 1091
435 1091
436 1033
437 1111
438 1051
439 1084
440 1053
441 1049
442 1065
443 1088
444 1093
445 1143
446 1075
447 1078
448 1145
449 1102
450 1101
451 1169
452 1168
453 1120
454 1162
455 1134
456 1147
457 1139
458 1220
459 1208
460 1149
461 1190
462 1191
463 1208
464 1217
465 1184
466 1221
467 1254
468 1235
469 1222
470 1232
471 1269
472 1202
473 1241
474 1196
475 1242
476 1267
477 1315
478 1309
479 1276
480 1291
481 1266
482 1320
483 1323
484 1310
485 1319
486 1305
487 1360
488 1269
489 1284
490 1356
491 1353
492 1362
493 1313
494 1349
495 1365
496 1331
497 1373
498 1370
499 1415
500 1379
501 1356
502 1373
503 1331
504 1375
505 1420
506 1422
507 1449
508 1515
509 1435
510 1462
511 1427
512 1371
513 1410
514 1423
515 1449
516 1429
517 1493
518 1396
519 1494
520 1426
521 1478
522 1513
523 1478
524 1456
525 1490
526 1549
527 1500
528 1507
529 1506
530 1487
531 1513
532 1552
533 1603
534 1537
535 1524
536 1520
537 1526
538 1549
539 1558
540 1568
541 1562
542 1559
543 1656
544 1547
545 1490
546 1629
547 1515
548 1598
549 1558
550 1550
551 1621
552 1554
553 1589
554 1553
555 1605
556 1597
557 1594
558 1591
559 1519
560 1657
561 1615
562 1583
563 1672
564 1596
565 1588
566 1597
567 1613
568 1585
569 1570
570 1610
571 1666
572 1579
573 1586
574 1642
575 1683
576 1648
577 1662
578 1593
579 1693
580 1604
581 1631
582 1651
583 1678
584 1574
585 1579
586 1602
587 1654
588 1571
589 1646
590 1658
591 1638
592 1583
593 1643
594 1640
595 1660
596 1580
597 1650
598 1590
599 1559
600 1605
601 1623
602 1726
603 1609
604 1636
605 1574
606 1547
607 1624
608 1577
609 1492
610 1583
611 1718
612 1521
613 1730
614 1624
615 1550
616 1600
617 1550
618 1626
619 1601
620 1575
621 1561
622 1535
623 1581
624 1602
625 1578
626 1511
627 1597
628 1608
629 1536
630 1555
631 1466
632 1571
633 1598
634 1538
635 1522
636 1536
637 1500
638 1533
639 1469
640 1578
641 1506
642 1523
643 1537
644 1526
645 1494
646 1504
647 1527
648 1474
649 1458
650 1439
651 1437
652 1491
653 1458
654 1415
655 1449
656 1398
657 1460
658 1380
659 1445
660 1409
661 1478
662 1384
663 1330
664 1394
665 1365
666 1419
667 1438
668 1348
669 1388
670 1441
671 1375
672 1317
673 1282
674 1316
675 1348
676 1350
677 1303
678 1355
679 1314
680 1215
681 1305
682 1347
683 1261
684 1295
685 1280
686 1230
687 1242
688 1176
689 1222
690 1220
691 1271
692 1240
693 1216
694 1213
695 1250
696 1270
697 1204
698 1194
699 1224
700 1212
701 1245
702 1196
703 1207
704 1150
705 1184
706 1202
707 1105
708 1102
709 1105
710 1137
711 1117
712 1091
713 1122
714 1102
715 1055
716 1088
717 1092
718 1049
719 1058
720 1070
721 1044
722 976
723 1053
724 989
725 1040
726 1002
727 991
728 986
729 939
730 965
731 995
732 993
733 1018
734 961
735 921
736 903
737 938
738 955
739 929
740 949
741 974
742 929
743 944
744 901
745 912
746 884
747 890
748 867
749 921
750 919
751 853
752 882
753 912
754 867
755 871
756 839
757 829
758 770
759 775
760 843
761 820
762 803
763 773
764 780
765 810
766 783
767 742
768 771
769 776
770 828
771 741
772 781
773 749
774 757
775 715
776 709
777 718
778 696
779 703
780 694
781 706
782 685
783 666
784 683
785 667
786 687
787 665
788 670
789 646
790 743
791 651
792 615
793 655
794 613
795 657
796 595
797 551
798 641
799 606
800 626
801 627
802 577
803 606
804 608
805 592
806 598
807 580
808 515
809 592
810 587
811 562
812 582
813 524
814 513
815 517
816 498
817 536
818 566
819 500
820 495
821 522
822 532
823 554
824 566
825 484
826 518
827 507
828 492
829 498
830 487
831 448
832 431
833 451
834 446
835 515
836 471
837 457
838 459
839 470
840 434
841 439
842 464
843 406
844 412
845 414
846 468
847 431
848 425
849 445
850 448
851 442
852 401
853 409
854 386
855 413
856 392
857 388
858 395
859 377
860 355
861 386
862 391
863 406
864 357
865 370
866 352
867 380
868 370
869 327
870 404
871 383
872 355
873 331
874 348
875 330
876 353
877 331
878 339
879 324
880 332
881 343
882 349
883 354
884 347
885 365
886 357
887 292
888 314
889 302
890 304
891 322
892 298
893 309
894 325
895 314
896 299
897 296
898 296
899 308
900 278
901 311
902 318
903 295
904 282
905 313
906 254
907 288
908 277
909 291
910 266
911 271
912 264
913 292
914 257
915 288
916 255
917 245
918 294
919 294
920 294
921 275
922 240
923 269
924 280
925 256
926 237
927 250
928 238
929 272
930 267
931 239
932 245
933 241
934 237
935 250
936 276
937 260
938 254
939 254
940 245
941 220
942 269
943 239
944 217
945 244
946 246
947 228
948 216
949 237
950 215
951 222
952 218
953 248
954 259
955 221
956 246
957 240
958 241
959 221
960 212
961 215
962 218
963 225
964 230
965 227
966 184
967 229
968 220
969 257
970 203
971 195
972 233
973 226
974 192
975 249
976 226
977 239
978 211
979 206
980 237
981 216
982 203
983 211
984 207
985 198
986 210
987 220
988 203
989 208
990 209
991 213
992 218
993 195
994 211
995 179
996 198
997 187
998 226
999 192
1000 206
1001 200
1002 187
1003 204
1004 222
1005 192
1006 181
1007 202
1008 209
1009 202
1010 199
1011 201
1012 233
1013 181
1014 211
1015 192
1016 237
1017 215
1018 175
1019 210
1020 179
1021 210
1022 194
1023 194
1024 189
1025 180
1026 194
1027 215
1028 223
1029 173
1030 185
1031 197
1032 175
1033 182
1034 168
1035 182
1036 163
1037 191
1038 202
1039 201
1040 201
1041 182
1042 193
1043 198
1044 164
1045 185
1046 188
1047 202
1048 205
1049 189
1050 149
1051 188
1052 176
1053 198
1054 169
1055 198
1056 165
1057 199
1058 193
1059 143
1060 191
1061 177
1062 209
1063 180
1064 169
1065 197
1066 158
1067 164
1068 176
1069 181
1070 188
1071 166
1072 174
1073 198
1074 143
1075 184
1076 145
1077 155
1078 180
1079 157
1080 165
1081 193
1082 168
1083 184
1084 176
1085 175
1086 183
1087 177
1088 184
1089 186
1090 169
1091 188
1092 172
1093 163
1094 174
1095 184
1096 174
1097 174
1098 177
1099 175
1100 172
1101 179
1102 179
1103 180
1104 160
1105 182
1106 203
1107 205
1108 170
1109 175
1110 182
1111 167
1112 210
1113 192
1114 186
1115 192
1116 176
1117 180
1118 162
1119 169
1120 190
1121 175
1122 160
1123 184
1124 189
1125 175
1126 165
1127 154
1128 172
1129 187
1130 172
1131 209
1132 199
1133 198
1134 171
1135 175
1136 172
1137 185
1138 159
1139 180
1140 186
1141 173
1142 171
1143 170
1144 163
1145 179
1146 169
1147 147
1148 159
1149 151
1150 174
1151 198
1152 186
1153 157
1154 178
1155 162
1156 180
1157 177
1158 181
1159 159
1160 164
1161 178
1162 165
1163 176
1164 173
1165 160
1166 182
1167 170
1168 181
1169 174
1170 192
1171 164
1172 160
1173 181
1174 153
1175 181
1176 160
1177 142
1178 188
1179 171
1180 187
1181 184
1182 161
1183 196
1184 173
1185 178
1186 158
1187 185
1188 174
1189 168
1190 163
1191 156
1192 154
1193 175
1194 174
1195 175
1196 181
1197 162
1198 182
1199 168
1200 183
1201 175
1202 165
1203 177
1204 153
1205 180
1206 169
1207 185
1208 160
1209 172
1210 166
1211 196
1212 175
1213 185
1214 174
1215 163
1216 165
1217 176
1218 141
1219 181
1220 165
1221 173
1222 166
1223 172
1224 163
1225 173
1226 159
1227 169
1228 198
1229 156
1230 178
1231 152
1232 172
1233 179
1234 186
1235 157
1236 164
1237 176
1238 169
1239 173
1240 178
1241 189
1242 146
1243 200
1244 186
1245 180
1246 183
1247 148
1248 174
1249 162
1250 183
1251 182
1252 194
1253 168
1254 182
1255 173
1256 176
1257 173
1258 137
1259 166
1260 173
1261 179
1262 168
1263 161
1264 187
1265 145
1266 162
1267 189
1268 160
1269 172
1270 151
1271 185
1272 166
1273 173
1274 183
1275 161
1276 152
1277 161
1278 193
1279 173
1280 182
1281 167
1282 158
1283 144
1284 181
1285 172
1286 173
1287 177
1288 171
1289 178
1290 175
1291 195
1292 168
1293 184
1294 181
1295 195
1296 186
1297 160
1298 156
1299 178
1300 168
1301 171
1302 184
1303 175
1304 146
1305 178
1306 163
1307 169
1308 167
1309 175
1310 173
1311 161
1312 155
1313 166
1314 166
1315 181
1316 160
1317 163
1318 157
1319 151
1320 166
1321 156
1322 150
1323 162
1324 177
1325 168
1326 157
1327 158
1328 162
1329 150
1330 155
1331 160
1332 165
1333 165
1334 153
1335 156
1336 151
1337 157
1338 179
1339 148
1340 176
1341 159
1342 174
1343 147
1344 168
1345 157
1346 155
1347 170
1348 160
1349 154
1350 175
1351 182
1352 184
1353 192
1354 179
1355 180
1356 156
1357 135
1358 166
1359 145
1360 173
1361 169
1362 149
1363 149
1364 158
1365 156
1366 171
1367 178
1368 160
1369 161
1370 187
1371 160
1372 167
1373 153
1374 176
1375 165
1376 161
1377 150
1378 147
1379 141
1380 152
1381 163
1382 152
1383 138
1384 170
1385 135
1386 173
1387 151
1388 203
1389 161
1390 157
1391 147
1392 167
1393 154
1394 174
1395 139
1396 135
1397 149
1398 159
1399 162
1400 182
1401 160
1402 142
1403 159
1404 178
1405 149
1406 139
1407 166
1408 168
1409 149
1410 154
1411 158
1412 162
1413 136
1414 150
1415 141
1416 111
1417 174
1418 139
1419 164
1420 159
1421 165
1422 164
1423 153
1424 162
1425 166
1426 182
1427 139
1428 155
1429 141
1430 150
1431 151
1432 161
1433 157
1434 171
1435 148
1436 132
1437 153
1438 160
1439 153
1440 149
1441 135
1442 147
1443 165
1444 149
1445 151
1446 166
1447 140
1448 151
1449 142
1450 170
1451 153
1452 161
1453 153
1454 129
1455 156
1456 156
1457 168
1458 135
1459 139
1460 149
1461 141
1462 147
1463 147
1464 154
1465 155
1466 158
1467 156
1468 132
1469 167
1470 137
1471 144
1472 165
1473 150
1474 152
1475 146
1476 131
1477 135
1478 148
1479 147
1480 167
1481 149
1482 132
1483 123
1484 119
1485 140
1486 137
1487 140
1488 144
1489 151
1490 150
1491 171
1492 147
1493 131
1494 154
1495 154
1496 137
1497 142
1498 143
1499 135
1500 127
1501 134
1502 153
1503 131
1504 113
1505 131
1506 127
1507 158
1508 121
1509 159
1510 144
1511 126
1512 137
1513 126
1514 146
1515 134
1516 140
1517 134
1518 124
1519 126
1520 136
1521 139
1522 136
1523 132
1524 143
1525 143
1526 133
1527 128
1528 115
1529 110
1530 143
1531 133
1532 131
1533 117
1534 133
1535 148
1536 114
1537 139
1538 145
1539 100
1540 119
1541 100
1542 126
1543 117
1544 137
1545 121
1546 106
1547 122
1548 108
1549 117
1550 119
1551 115
1552 125
1553 118
1554 134
1555 97
1556 124
1557 92
1558 120
1559 113
1560 128
1561 125
1562 141
1563 107
1564 107
1565 129
1566 110
1567 109
1568 119
1569 120
1570 117
1571 115
1572 115
1573 111
1574 112
1575 109
1576 110
1577 128
1578 93
1579 132
1580 103
1581 103
1582 134
1583 117
1584 104
1585 102
1586 120
1587 126
1588 85
1589 118
1590 100
1591 120
1592 107
1593 121
1594 114
1595 108
1596 103
1597 105
1598 116
1599 109
1600 105
1601 106
1602 115
1603 103
1604 105
1605 95
1606 113
1607 101
1608 112
1609 116
1610 97
1611 94
1612 106
1613 124
1614 94
1615 99
1616 108
1617 105
1618 104
1619 100
1620 89
1621 107
1622 117
1623 112
1624 86
1625 103
1626 106
1627 105
1628 115
1629 89
1630 99
1631 98
1632 105
1633 98
1634 92
1635 85
1636 81
1637 112
1638 98
1639 100
1640 94
1641 91
1642 104
1643 94
1644 88
1645 96
1646 94
1647 94
1648 95
1649 92
1650 85
1651 68
1652 101
1653 85
1654 103
1655 96
1656 85
1657 95
1658 98
1659 81
1660 86
1661 100
1662 91
1663 89
1664 84
1665 85
1666 99
1667 108
1668 72
1669 76
1670 83
1671 79
1672 83
1673 98
1674 82
1675 86
1676 84
1677 87
1678 92
1679 97
1680 94
1681 96
1682 82
1683 69
1684 94
1685 79
1686 79
1687 81
1688 83
1689 77
1690 75
1691 84
1692 75
1693 78
1694 79
1695 97
1696 79
1697 86
1698 79
1699 92
1700 79
1701 74
1702 81
1703 87
1704 98
1705 82
1706 87
1707 76
1708 73
1709 72
1710 78
1711 79
1712 92
1713 73
1714 90
1715 90
1716 83
1717 79
1718 71
1719 78
1720 79
1721 89
1722 77
1723 74
1724 67
1725 83
1726 81
1727 70
1728 74
1729 79
1730 86
1731 76
1732 70
1733 68
1734 79
1735 77
1736 65
1737 83
1738 77
1739 71
1740 64
1741 75
1742 75
1743 66
1744 56
1745 65
1746 72
1747 56
1748 61
1749 66
1750 61
1751 63
1752 76
1753 69
1754 76
1755 65
1756 75
1757 72
1758 57
1759 61
1760 67
1761 52
1762 60
1763 68
1764 64
1765 59
1766 55
1767 62
1768 70
1769 73
1770 51
1771 61
1772 67
1773 66
1774 67
1775 57
1776 67
1777 69
1778 73
1779 56
1780 64
1781 68
1782 57
1783 57
1784 60
1785 48
1786 78
1787 77
1788 56
1789 62
1790 70
1791 52
1792 76
1793 55
1794 56
1795 69
1796 47
1797 65
1798 52
1799 57
1800 58
1801 52
1802 67
1803 71
1804 51
1805 67
1806 53
1807 61
1808 55
1809 53
1810 56
1811 62
1812 54
1813 72
1814 74
1815 66
1816 46
1817 59
1818 58
1819 36
1820 64
1821 66
1822 48
1823 54
1824 54
1825 51
1826 56
1827 45
1828 53
1829 52
1830 49
1831 55
1832 46
1833 66
1834 41
1835 52
1836 49
1837 63
1838 59
1839 55
1840 69
1841 48
1842 50
1843 53
1844 47
1845 47
1846 59
1847 48
1848 45
1849 44
1850 57
1851 48
1852 49
1853 44
1854 36
1855 47
1856 60
1857 48
1858 56
1859 41
1860 52
1861 52
1862 45
1863 42
1864 50
1865 56
1866 49
1867 57
1868 45
1869 48
1870 46
1871 48
1872 59
1873 41
1874 50
1875 51
1876 46
1877 51
1878 37
1879 43
1880 51
1881 63
1882 54
1883 40
1884 47
1885 36
1886 54
1887 52
1888 37
1889 40
1890 50
1891 53
1892 55
1893 43
1894 47
1895 52
1896 36
1897 44
1898 44
1899 55
1900 46
1901 43
1902 46
1903 40
1904 40
1905 37
1906 45
1907 45
1908 47
1909 43
1910 34
1911 46
1912 33
1913 34
1914 46
1915 40
1916 48
1917 35
1918 43
1919 48
1920 35
1921 35
1922 33
1923 40
1924 35
1925 36
1926 36
1927 39
1928 33
1929 40
1930 38
1931 33
1932 33
1933 31
1934 29
1935 37
1936 33
1937 45
1938 49
1939 38
1940 44
1941 38
1942 48
1943 30
1944 31
1945 45
1946 37
1947 36
1948 35
1949 38
1950 41
1951 31
1952 50
1953 35
1954 30
1955 27
1956 49
1957 40
1958 42
1959 34
1960 28
1961 46
1962 47
1963 26
1964 35
1965 37
1966 29
1967 41
1968 39
1969 34
1970 23
1971 33
1972 34
1973 31
1974 32
1975 42
1976 25
1977 37
1978 35
1979 35
1980 28
1981 26
1982 28
1983 40
1984 39
1985 26
1986 31
1987 31
1988 31
1989 39
1990 34
1991 34
1992 31
1993 30
1994 24
1995 40
1996 26
1997 32
1998 41
1999 30
2000 36
2001 34
2002 36
2003 25
2004 28
2005 32
2006 28
2007 26
2008 24
2009 24
2010 23
2011 23
2012 31
2013 23
2014 34
2015 28
2016 35
2017 33
2018 38
2019 24
2020 20
2021 20
2022 26
2023 29
2024 28
2025 27
2026 27
2027 21
2028 25
2029 28
2030 23
2031 26
2032 16
2033 30
2034 26
2035 19
2036 30
2037 27
2038 23
2039 32
2040 25
2041 28
2042 21
2043 25
2044 18
2045 20
2046 32
2047 30
2048 20
2049 33
2050 26
2051 21
2052 15
2053 19
2054 18
2055 16
2056 17
2057 34
2058 26
2059 20
2060 26
2061 18
2062 25
2063 20
2064 21
2065 17
2066 26
2067 21
2068 19
2069 26
2070 25
2071 26
2072 26
2073 27
2074 24
2075 17
2076 23
2077 16
2078 24
2079 23
2080 22
2081 24
2082 33
2083 23
2084 19
2085 27
2086 25
2087 19
2088 15
2089 21
2090 29
2091 19
2092 30
2093 21
2094 14
2095 24
2096 24
2097 25
2098 16
2099 18
2100 25
2101 22
2102 14
2103 14
2104 18
2105 28
2106 21
2107 21
2108 13
2109 16
2110 18
2111 16
2112 21
2113 23
2114 27
2115 15
2116 15
2117 25
2118 18
2119 18
2120 24
2121 17
2122 19
2123 21
2124 17
2125 21
2126 18
2127 23
2128 14
2129 17
2130 13
2131 16
2132 15
2133 16
2134 17
2135 21
2136 17
2137 22
2138 11
2139 14
2140 18
2141 12
2142 11
2143 19
2144 22
2145 13
2146 17
2147 17
2148 17
2149 20
2150 15
2151 14
2152 16
2153 12
2154 11
2155 14
2156 11
2157 11
2158 22
2159 18
2160 15
2161 9
2162 15
2163 17
2164 12
2165 19
2166 14
2167 23
2168 19
2169 17
2170 17
2171 17
2172 22
2173 24
2174 16
2175 19
2176 13
2177 12
2178 9
2179 14
2180 12
2181 8
2182 15
2183 10
2184 12
2185 14
2186 14
2187 11
2188 16
2189 9
2190 12
2191 15
2192 7
2193 7
2194 18
2195 16
2196 11
2197 15
2198 10
2199 16
2200 7
2201 14
2202 11
2203 14
2204 5
2205 8
2206 14
2207 14
2208 12
2209 17
2210 11
2211 16
2212 14
2213 11
2214 11
2215 14
2216 8
2217 15
2218 13
2219 15
2220 8
2221 9
2222 16
2223 12
2224 12
2225 10
2226 15
2227 11
2228 11
2229 8
2230 12
2231 11
2232 6
2233 12
2234 16
2235 9
2236 9
2237 7
2238 13
2239 9
2240 14
2241 11
2242 10
2243 13
2244 10
2245 9
2246 15
2247 8
2248 11
2249 13
2250 14
2251 13
2252 9
2253 15
2254 10
2255 12
2256 8
2257 10
2258 8
2259 8
2260 6
2261 11
2262 9
2263 6
2264 11
2265 8
2266 20
2267 15
2268 12
2269 7
2270 6
2271 12
2272 14
2273 4
2274 5
2275 8
2276 7
2277 9
2278 6
2279 13
2280 9
2281 10
2282 14
2283 7
2284 10
2285 6
2286 10
2287 7
2288 8
2289 7
2290 6
2291 10
2292 5
2293 7
2294 6
2295 7
2296 8
2297 6
2298 8
2299 9
2300 5
2301 10
2302 6
2303 7
2304 9
2305 5
2306 4
2307 5
2308 7
2309 10
2310 6
2311 12
2312 7
2313 3
2314 5
2315 4
2316 10
2317 5
2318 10
2319 9
2320 6
2321 11
2322 5
2323 10
2324 6
2325 7
2326 9
2327 6
2328 6
2329 9
2330 6
2331 6
2332 8
2333 3
2334 6
2335 5
2336 13
2337 9
2338 5
2339 1
2340 6
2341 2
2342 7
2343 5
2344 8
2345 6
2346 2
2347 4
2348 4
2349 11
2350 4
2351 4
2352 1
2353 7
2354 9
2355 8
2356 6
2357 7
2358 4
2359 4
2360 3
2361 3
2362 2
2363 6
2364 2
2365 3
2366 5
2367 2
2368 5
2369 5
2370 6
2371 8
2372 3
2373 4
2374 4
2375 6
2376 6
2377 4
2378 2
2379 5
2380 3
2381 2
2382 3
2383 7
2384 4
2385 4
2386 5
2387 1
2388 5
2389 4
2390 7
2391 2
2392 4
2393 7
2394 4
2395 2
2396 1
2397 2
2398 3
2399 5
2400 5
2401 4
2402 6
2403 4
2404 4
2405 8
2406 3
2407 4
2408 3
2409 4
2410 5
2411 6
2412 3
2413 1
2414 5
2415 4
2416 4
2417 4
2418 2
2419 6
2420 5
2421 5
2422 2
2423 3
2424 3
2425 6
2426 6
2427 4
2428 4
2429 4
2430 4
2431 0
2432 2
2433 2
2434 2
2435 5
2436 3
2437 10
2438 1
2439 3
2440 5
2441 1
2442 3
2443 6
2444 7
2445 5
2446 2
2447 1
2448 2
2449 2
2450 2
2451 2
2452 4
2453 2
2454 1
2455 2
2456 3
2457 3
2458 3
2459 3
2460 6
2461 5
2462 4
2463 6
2464 3
2465 4
2466 4
2467 3
2468 0
2469 2
2470 1
2471 1
2472 1
2473 5
2474 3
2475 7
2476 3
2477 0
2478 3
2479 4
2480 1
2481 2
2482 3
2483 1
2484 4
2485 3
2486 3
2487 1
2488 0
2489 4
2490 2
2491 1
2492 2
2493 0
2494 4
2495 1
2496 3
2497 1
2498 4
2499 4
2500 2
2501 1
2502 2
2503 1
2504 3
2505 1
2506 1
2507 4
2508 5
2509 1
2510 1
2511 1
2512 2
2513 0
2514 4
2515 1
2516 4
2517 0
2518 0
2519 3
2520 2
2521 4
2522 6
2523 1
2524 4
2525 1
2526 1
2527 4
2528 1
2529 2
2530 1
2531 1
2532 1
2533 3
2534 2
2535 1
2536 1
2537 0
2538 1
2539 1
2540 3
2541 1
2542 1
2543 3
2544 2
2545 2
2546 0
2547 1
2548 1
2549 1
2550 2
2551 2
2552 0
2553 1
2554 2
2555 0
2556 2
2557 3
2558 1
2559 1
2560 2
2561 0
2562 3
2563 2
2564 2
2565 1
2566 3
2567 3
2568 2
2569 1
2570 3
2571 2
2572 4
2573 4
2574 2
2575 1
2576 3
2577 1
2578 1
2579 0
2580 2
2581 0
2582 0
2583 2
2584 1
2585 1
2586 0
2587 2
2588 1
2589 2
2590 3
2591 1
2592 3
2593 1
2594 0
2595 0
2596 2
2597 0
2598 1
2599 1
2600 1
2601 2
2602 0
2603 0
2604 0
2605 0
2606 2
2607 2
2608 2
2609 0
2610 1
2611 2
2612 3
2613 1
2614 2
2615 2
2616 2
2617 0
2618 3
2619 2
2620 0
2621 0
2622 4
2623 1
2624 0
2625 2
2626 0
2627 0
2628 2
2629 1
2630 0
2631 0
2632 2
2633 2
2634 0
2635 1
2636 2
2637 1
2638 2
2639 0
2640 0
2641 1
2642 2
2643 3
2644 0
2645 1
2646 0
2647 0
2648 3
2649 1
2650 2
2651 2
2652 2
2653 2
2654 2
2655 1
2656 1
2657 0
2658 1
2659 1
2660 0
2661 0
2662 0
2663 0
2664 3
2665 2
2666 2
2667 0
2668 0
2669 2
2670 0
2671 0
2672 2
2673 0
2674 1
2675 1
2676 0
2677 1
2678 0
2679 2
2680 0
2681 1
2682 0
2683 1
2684 1
2685 1
2686 0
2687 0
2688 0
2689 0
2690 0
2691 0
2692 0
2693 2
2694 1
2695 2
2696 0
2697 1
2698 0
2699 0
2700 0
2701 1
2702 0
2703 1
2704 2
2705 0
2706 2
2707 0
2708 0
2709 0
2710 3
2711 1
2712 0
2713 0
2714 2
2715 1
2716 0
2717 1
2718 1
2719 1
2720 0
2721 2
2722 0
2723 0
2724 0
2725 0
2726 0
2727 1
2728 0
2729 0
2730 1
2731 2
2732 0
2733 0
2734 0
2735 1
2736 0
2737 1
2738 0
2739 0
2740 0
2741 0
2742 0
2743 0
2744 2
2745 1
2746 0
2747 0
2748 1
2749 1
2750 0
2751 0
2752 0
2753 1
2754 0
2755 0
2756 0
2757 2
2758 1
2759 0
2760 0
2761 0
2762 0
2763 0
2764 1
2765 3
2766 0
2767 1
2768 3
2769 0
2770 0
2771 0
2772 0
2773 0
2774 0
2775 0
2776 0
2777 0
2778 1
2779 0
2780 1
2781 0
2782 0
2783 0
2784 1
2785 2
2786 1
2787 0
2788 0
2789 2
2790 0
2791 1
2792 0
2793 0
2794 1
2795 0
2796 0
2797 0
2798 0
2799 1
2800 0
2801 0
2802 0
2803 1
2804 1
2805 0
2806 0
2807 0
2808 1
2809 0
2810 0
2811 0
2812 0
2813 1
2814 0
2815 0
2816 1
2817 0
2818 0
2819 0
2820 0
2821 1
2822 1
2823 0
2824 0
2825 1
2826 0
2827 0
2828 0
2829 0
2830 1
2831 1
2832 0
2833 1
2834 2
2835 1
2836 0
2837 2
2838 2
2839 0
2840 0
2841 0
2842 0
2843 0
2844 0
2845 0
2846 1
2847 0
2848 0
2849 1
2850 0
2851 0
2852 0
2853 0
2854 0
2855 0
2856 0
2857 1
2858 0
2859 1
2860 0
2861 0
2862 0
2863 0
2864 0
2865 0
2866 0
2867 0
2868 2
2869 0
2870 0
2871 1
2872 0
2873 0
2874 1
2875 0
2876 0
2877 2
2878 0
2879 0
2880 0
2881 0
2882 0
2883 0
2884 0
2885 1
2886 0
2887 1
2888 0
2889 0
2890 0
2891 0
2892 1
2893 1
2894 0
2895 0
2896 0
2897 0
2898 1
2899 0
2900 0
2901 0
2902 0
2903 0
2904 0
2905 0
2906 0
2907 0
2908 0
2909 0
2910 0
2911 0
2912 0
2913 0
2914 0
2915 0
2916 1
2917 0
2918 1
2919 0
2920 1
2921 0
2922 0
2923 0
2924 0
2925 0
2926 0
2927 0
2928 0
2929 0
2930 0
2931 0
2932 0
2933 0
2934 0
2935 0
2936 0
2937 0
2938 0
2939 1
2940 0
2941 0
2942 1
2943 0
2944 0
2945 0
2946 0
2947 0
2948 0
2949 0
2950 0
2951 1
2952 0
2953 0
2954 0
2955 0
2956 0
2957 0
2958 0
2959 1
2960 0
2961 0
2962 0
2963 0
2964 0
2965 0
2966 0
2967 0
2968 1
2969 0
2970 1
2971 1
2972 0
2973 0
2974 0
2975 0
2976 0
2977 0
2978 0
2979 0
2980 0
2981 0
2982 0
2983 0
2984 0
2985 0
2986 0
2987 0
2988 1
2989 0
2990 0
2991 0
2992 0
2993 1
2994 0
2995 2
2996 0
2997 0
2998 0
2999 0
3000 0
3001 0
3002 0
3003 0
3004 0
3005 0
3006 0
3007 0
3008 0
3009 0
3010 0
3011 0
3012 0
3013 0
3014 1
3015 0
3016 1
3017 0
3018 0
3019 0
3020 0
3021 0
3022 0
3023 0
3024 0
3025 0
3026 0
3027 0
3028 0
3029 0
3030 0
3031 1
3032 0
3033 0
3034 0
3035 0
3036 0
3037 0
3038 0
3039 1
3040 0
3041 0
3042 0
3043 0
3044 0
3045 0
3046 0
3047 0
3048 0
3049 0
3050 0
3051 0
3052 0
3053 0
3054 0
3055 0
3056 0
3057 0
3058 0
3059 0
3060 1
3061 0
3062 0
3063 0
3064 0
3065 0
3066 0
3067 0
3068 0
3069 0
3070 0
3071 0
3072 0
3073 0
3074 0
3075 0
3076 0
3077 0
3078 0
3079 0
3080 1
3081 0
3082 0
3083 2
3084 0
3085 0
3086 1
3087 0
3088 0
3089 0
3090 0
3091 0
3092 0
3093 0
3094 0
3095 0
3096 0
3097 0
3098 0
3099 0
3100 0
3101 0
3102 0
3103 0
3104 0
3105 0
3106 0
3107 0
3108 0
3109 0
3110 0
3111 0
3112 0
3113 2
3114 0
3115 0
3116 0
3117 1
3118 0
3119 0
3120 0
3121 0
3122 0
3123 0
3124 0
3125 0
3126 0
3127 1
3128 0
3129 0
3130 0
3131 0
3132 1
3133 0
3134 0
3135 0
3136 0
3137 0
3138 0
3139 0
3140 0
3141 0
3142 0
3143 0
3144 0
3145 0
3146 0
3147 0
3148 0
3149 0
3150 0
3151 0
3152 0
3153 0
3154 0
3155 0
3156 0
3157 0
3158 0
3159 0
3160 0
3161 0
3162 0
3163 0
3164 0
3165 0
3166 0
3167 0
3168 0
3169 0
3170 0
3171 0
3172 0
3173 0
3174 0
3175 0
3176 0
3177 0
3178 0
3179 0
3180 0
3181 0
3182 0
3183 0
3184 0
3185 0
3186 0
3187 0
3188 0
3189 0
3190 0
3191 0
3192 1
3193 0
3194 0
3195 0
3196 0
3197 0
3198 0
3199 0
3200 0
3201 0
3202 0
3203 0
3204 0
3205 0
3206 0
3207 0
3208 0
3209 0
3210 1
3211 0
3212 0
3213 0
3214 0
3215 1
3216 0
3217 0
3218 0
3219 0
3220 0
3221 0
3222 0
3223 0
3224 0
3225 0
3226 0
3227 0
3228 0
3229 0
3230 0
3231 0
3232 0
3233 0
3234 1
3235 0
3236 0
3237 0
3238 0
3239 0
3240 0
3241 0
3242 0
3243 0
3244 0
3245 1
3246 0
3247 0
3248 0
3249 0
3250 0
3251 0
3252 0
3253 0
3254 0
3255 0
3256 0
3257 0
3258 0
3259 0
3260 0
3261 0
3262 0
3263 0
3264 0
3265 0
3266 1
3267 0
3268 0
3269 0
3270 0
3271 0
3272 0
3273 0
3274 0
3275 0
3276 0
3277 0
3278 0
3279 0
3280 0
3281 0
3282 0
3283 0
3284 0
3285 0
3286 0
3287 0
3288 0
3289 0
3290 0
3291 0
3292 0
3293 0
3294 0
3295 0
3296 0
3297 0
3298 0
3299 0
3300 0
3301 0
3302 0
3303 0
3304 0
3305 0
3306 0
3307 0
3308 0
3309 0
3310 0
3311 0
3312 0
3313 0
3314 0
3315 0
3316 0
3317 0
3318 0
3319 1
3320 0
3321 1
3322 0
3323 0
3324 0
3325 0
3326 0
3327 0
3328 0
3329 1
3330 0
3331 0
3332 0
3333 0
3334 0
3335 0
3336 0
3337 0
3338 1
3339 0
3340 0
3341 0
3342 0
3343 0
3344 0
3345 0
3346 0
3347 0
3348 0
3349 0
3350 0
3351 0
3352 0
3353 0
3354 0
3355 0
3356 0
3357 0
3358 0
3359 0
3360 0
3361 0
3362 0
3363 0
3364 0
3365 0
3366 0
3367 0
3368 0
3369 0
3370 0
3371 0
3372 0
3373 0
3374 0
3375 0
3376 0
3377 0
3378 0
3379 0
3380 0
3381 0
3382 0
3383 0
3384 0
3385 0
3386 0
3387 0
3388 0
3389 0
3390 0
3391 0
3392 0
3393 1
3394 0
3395 0
3396 0
3397 0
3398 0
3399 0
3400 0
3401 0
3402 0
3403 0
3404 0
3405 0
3406 0
3407 0
3408 0
3409 0
3410 0
3411 0
3412 0
3413 0
3414 0
3415 0
3416 0
3417 0
3418 0
3419 0
3420 0
3421 0
3422 0
3423 0
3424 1
3425 0
3426 0
3427 0
3428 0
3429 0
3430 0
3431 0
3432 0
3433 0
3434 0
3435 0
3436 0
3437 0
3438 0
3439 0
3440 0
3441 0
3442 0
3443 0
3444 0
3445 0
3446 0
3447 0
3448 0
3449 0
3450 0
3451 0
3452 0
3453 0
3454 0
3455 0
3456 0
3457 0
3458 0
3459 0
3460 0
3461 0
3462 0
3463 0
3464 0
3465 0
3466 1
3467 0
3468 0
3469 0
3470 0
3471 0
3472 0
3473 0
3474 0
3475 0
3476 0
3477 1
3478 0
3479 0
3480 0
3481 0
3482 0
3483 0
3484 0
3485 0
3486 0
3487 0
3488 0
3489 0
3490 0
3491 0
3492 0
3493 0
3494 0
3495 0
3496 0
3497 0
3498 0
3499 0
3500 0
3501 0
3502 0
3503 0
3504 0
3505 0
3506 0
3507 0
3508 0
3509 0
3510 0
3511 0
3512 0
3513 1
3514 0
3515 0
3516 0
3517 0
3518 0
3519 0
3520 0
3521 0
3522 0
3523 0
3524 0
3525 0
3526 0
3527 0
3528 0
3529 0
3530 0
3531 0
3532 0
3533 0
3534 0
3535 0
3536 0
3537 0
3538 0
3539 0
3540 0
3541 0
3542 0
3543 0
3544 0
3545 0
3546 0
3547 0
3548 0
3549 0
3550 0
3551 0
3552 0
3553 0
3554 0
3555 0
3556 0
3557 0
3558 0
3559 0
3560 0
3561 0
3562 0
3563 0
3564 0
3565 0
3566 0
3567 0
3568 0
3569 0
3570 0
3571 0
3572 0
3573 0
3574 1
3575 0
3576 0
3577 0
3578 0
3579 0
3580 0
3581 0
3582 0
3583 0
3584 0
3585 0
3586 0
3587 0
3588 0
3589 0
3590 0
3591 0
3592 0
3593 0
3594 0
3595 0
3596 0
3597 0
3598 0
3599 0
3600 0
3601 0
3602 0
3603 0
3604 0
3605 0
3606 0
3607 0
3608 0
3609 0
3610 0
3611 0
3612 0
3613 0
3614 0
3615 0
3616 0
3617 0
3618 0
3619 0
3620 0
3621 0
3622 0
3623 0
3624 0
3625 0
3626 0
3627 0
3628 0
3629 0
3630 0
3631 0
3632 0
3633 0
3634 0
3635 0
3636 0
3637 0
3638 0
3639 0
3640 0
3641 0
3642 0
3643 0
3644 0
3645 0
3646 0
3647 0
3648 0
3649 0
3650 0
3651 0
3652 0
3653 0
3654 0
3655 0
3656 0
3657 0
3658 0
3659 0
3660 0
3661 0
3662 0
3663 0
3664 0
3665 0
3666 0
3667 0
3668 0
3669 0
3670 0
3671 0
3672 0
3673 0
3674 0
3675 0
3676 0
3677 0
3678 0
3679 0
3680 0
3681 0
3682 0
3683 0
3684 0
3685 0
3686 0
3687 0
3688 0
3689 0
3690 0
3691 0
3692 0
3693 1
3694 0
3695 0
3696 0
3697 0
3698 0
3699 0
3700 0
3701 0
3702 0
3703 0
3704 0
3705 0
3706 0
3707 0
3708 0
3709 0
3710 0
3711 0
3712 0
3713 0
3714 0
3715 0
3716 0
3717 0
3718 0
3719 0
3720 0
3721 0
3722 0
3723 0
3724 0
3725 0
3726 0
3727 0
3728 0
3729 0
3730 0
3731 0
3732 0
3733 0
3734 0
3735 0
3736 0
3737 0
3738 0
3739 0
3740 0
3741 0
3742 0
3743 0
3744 0
3745 0
3746 0
3747 0
3748 0
3749 0
3750 0
3751 0
3752 0
3753 1
3754 0
3755 0
3756 0
3757 0
3758 0
3759 0
3760 0
3761 0
3762 0
3763 0
3764 0
3765 0
3766 0
3767 1
3768 0
3769 0
3770 0
3771 0
3772 0
3773 0
3774 0
3775 1
3776 0
3777 0
3778 0
3779 0
3780 0
3781 0
3782 0
3783 0
3784 0
3785 0
3786 0
3787 0
3788 0
3789 0
3790 0
3791 0
3792 0
3793 0
3794 0
3795 0
3796 0
3797 0
3798 0
3799 0
3800 0
3801 0
3802 0
3803 0
3804 0
3805 0
3806 0
3807 0
3808 0
3809 0
3810 0
3811 0
3812 0
3813 0
3814 0
3815 0
3816 0
3817 0
3818 0
3819 0
3820 0
3821 0
3822 0
3823 0
3824 0
3825 0
3826 0
3827 0
3828 0
3829 0
3830 0
3831 0
3832 0
3833 0
3834 0
3835 1
3836 0
3837 0
3838 0
3839 0
3840 0
3841 0
3842 0
3843 0
3844 0
3845 0
3846 0
3847 0
3848 0
3849 0
3850 0
3851 0
3852 0
3853 1
3854 0
3855 0
3856 0
3857 0
3858 0
3859 0
3860 0
3861 0
3862 0
3863 0
3864 0
3865 0
3866 0
3867 0
3868 0
3869 0
3870 0
3871 0
3872 0
3873 0
3874 0
3875 0
3876 0
3877 0
3878 0
3879 0
3880 0
3881 0
3882 0
3883 0
3884 0
3885 0
3886 0
3887 0
3888 0
3889 1
3890 0
3891 0
3892 0
3893 0
3894 0
3895 0
3896 0
3897 0
3898 0
3899 0
3900 0
3901 0
3902 0
3903 0
3904 0
3905 0
3906 0
3907 0
3908 0
3909 0
3910 0
3911 0
3912 0
3913 0
3914 0
3915 0
3916 0
3917 0
3918 0
3919 0
3920 0
3921 0
3922 0
3923 0
3924 0
3925 0
3926 0
3927 0
3928 0
3929 0
3930 0
3931 0
3932 0
3933 0
3934 0
3935 0
3936 0
3937 0
3938 0
3939 0
3940 0
3941 0
3942 0
3943 0
3944 0
3945 0
3946 0
3947 0
3948 0
3949 0
3950 0
3951 0
3952 0
3953 0
3954 0
3955 0
3956 0
3957 1
3958 0
3959 0
3960 0
3961 0
3962 0
3963 0
3964 0
3965 0
3966 0
3967 0
3968 0
3969 0
3970 0
3971 0
3972 0
3973 0
3974 0
3975 0
3976 0
3977 0
3978 0
3979 0
3980 0
3981 0
3982 0
3983 0
3984 0
3985 0
3986 0
3987 0
3988 0
3989 0
3990 1
3991 0
3992 0
3993 0
3994 0
3995 0
3996 0
3997 0
3998 0
3999 0
4000 0
