0 0
1 0
2 0
3 0
4 0
5 0
6 0
7 0
8 0
9 0
10 0
11 0
12 0
13 0
14 0
15 0
16 0
17 0
18 0
19 0
20 0
21 0
22 0
23 0
24 0
25 0
26 0
27 0
28 0
29 0
30 0
31 0
32 0
33 0
34 0
35 0
36 0
37 0
38 0
39 0
40 0
41 0
42 0
43 0
44 0
45 0
46 0
47 0
48 0
49 0
50 0
51 0
52 0
53 0
54 0
55 0
56 0
57 0
58 0
59 0
60 0
61 0
62 0
63 0
64 0
65 0
66 0
67 0
68 0
69 0
70 0
71 0
72 0
73 0
74 0
75 0
76 0
77 0
78 0
79 0
80 0
81 0
82 0
83 0
84 0
85 0
86 0
87 0
88 0
89 0
90 0
91 0
92 0
93 0
94 0
95 0
96 0
97 0
98 0
99 0
100 0
101 0
102 0
103 0
104 0
105 0
106 0
107 0
108 0
109 0
110 0
111 0
112 0
113 0
114 0
115 0
116 0
117 0
118 0
119 0
120 0
121 0
122 0
123 0
124 0
125 0
126 0
127 0
128 0
129 0
130 0
131 0
132 0
133 0
134 0
135 0
136 0
137 0
138 0
139 0
140 0
141 0
142 0
143 0
144 0
145 0
146 0
147 0
148 1
149 1
150 1
151 0
152 4
153 7
154 2
155 8
156 8
157 3
158 7
159 2
160 6
161 5
162 6
163 8
164 9
165 5
166 7
167 4
168 6
169 7
170 10
171 6
172 4
173 9
174 9
175 26
176 44
177 67
178 118
179 134
180 225
181 252
182 289
183 345
184 455
185 586
186 946
187 1611
188 2499
189 3509
190 4431
191 5172
192 5362
193 5284
194 5187
195 4751
196 4462
197 3980
198 3622
199 3246
200 2825
201 2591
202 2300
203 2138
204 1898
205 1635
206 1580
207 1430
208 1293
209 1258
210 1130
211 1137
212 1084
213 1097
214 1000
215 962
216 1022
217 982
218 995
219 1047
220 1033
221 987
222 1024
223 957
224 1043
225 1025
226 1035
227 973
228 1058
229 1102
230 1082
231 1170
232 1075
233 1130
234 1121
235 1137
236 1131
237 1120
238 1173
239 1116
240 1151
241 1128
242 1163
243 1270
244 1177
245 1221
246 1266
247 1193
248 1186
249 1183
250 1194
251 1218
252 1222
253 1214
254 1276
255 1220
256 1295
257 1175
258 1292
259 1182
260 1299
261 1276
262 1239
263 1270
264 1229
265 1262
266 1273
267 1342
268 1300
269 1362
270 1298
271 1375
272 1352
273 1354
274 1271
275 1300
276 1326
277 1274
278 1279
279 1402
280 1370
281 1326
282 1346
283 1464
284 1395
285 1360
286 1359
287 1409
288 1435
289 1377
290 1423
291 1367
292 1392
293 1434
294 1358
295 1402
296 1461
297 1438
298 1481
299 1462
300 1411
301 1378
302 1414
303 1399
304 1453
305 1455
306 1421
307 1393
308 1495
309 1474
310 1462
311 1411
312 1458
313 1475
314 1467
315 1516
316 1512
317 1492
318 1514
319 1549
320 1541
321 1517
322 1504
323 1554
324 1486
325 1559
326 1561
327 1582
328 1540
329 1617
330 1496
331 1526
332 1541
333 1564
334 1569
335 1597
336 1616
337 1612
338 1543
339 1627
340 1617
341 1647
342 1587
343 1621
344 1655
345 1679
346 1612
347 1565
348 1620
349 1655
350 1687
351 1610
352 1587
353 1667
354 1688
355 1686
356 1729
357 1635
358 1677
359 1749
360 1708
361 1677
362 1612
363 1696
364 1659
365 1723
366 1700
367 1728
368 1798
369 1798
370 1810
371 1705
372 1721
373 1699
374 1769
375 1785
376 1713
377 1779
378 1709
379 1758
380 1776
381 1801
382 1753
383 1874
384 1785
385 1777
386 1791
387 1777
388 1804
389 1836
390 1836
391 1752
392 1797
393 1826
394 1785
395 1803
396 1847
397 1842
398 1828
399 1801
400 1807
401 1838
402 1853
403 1886
404 1768
405 1819
406 1838
407 1895
408 1932
409 1777
410 1844
411 1816
412 1809
413 1826
414 1859
415 1870
416 1855
417 1845
418 1832
419 1890
420 1848
421 1817
422 1772
423 1746
424 1769
425 1748
426 1910
427 1865
428 1808
429 1787
430 1929
431 1838
432 1816
433 1801
434 1814
435 1834
436 1780
437 1810
438 1775
439 1856
440 1816
441 1820
442 1851
443 1824
444 1811
445 1832
446 1808
447 1806
448 1744
449 1802
450 1744
451 1836
452 1738
453 1759
454 1773
455 1780
456 1755
457 1742
458 1771
459 1700
460 1789
461 1814
462 1767
463 1672
464 1748
465 1662
466 1723
467 1752
468 1705
469 1731
470 1654
471 1785
472 1737
473 1663
474 1647
475 1644
476 1730
477 1657
478 1682
479 1622
480 1562
481 1543
482 1634
483 1668
484 1663
485 1650
486 1566
487 1575
488 1596
489 1638
490 1582
491 1532
492 1550
493 1593
494 1561
495 1535
496 1593
497 1492
498 1560
499 1547
500 1519
501 1512
502 1487
503 1459
504 1440
505 1435
506 1474
507 1518
508 1444
509 1488
510 1430
511 1439
512 1477
513 1371
514 1481
515 1374
516 1427
517 1352
518 1367
519 1438
520 1318
521 1309
522 1304
523 1346
524 1324
525 1285
526 1395
527 1230
528 1319
529 1295
530 1231
531 1251
532 1219
533 1299
534 1242
535 1279
536 1192
537 1190
538 1239
539 1164
540 1208
541 1139
542 1182
543 1204
544 1163
545 1183
546 1197
547 1135
548 1130
549 1194
550 1101
551 1139
552 1130
553 1067
554 1047
555 1054
556 1064
557 1125
558 1057
559 1049
560 1011
561 986
562 1026
563 1028
564 947
565 1026
566 1002
567 979
568 986
569 981
570 976
571 940
572 947
573 881
574 925
575 916
576 969
577 885
578 877
579 934
580 915
581 879
582 828
583 888
584 869
585 844
586 851
587 843
588 841
589 811
590 884
591 795
592 764
593 792
594 837
595 769
596 741
597 757
598 780
599 754
600 740
601 744
602 778
603 728
604 718
605 694
606 668
607 693
608 675
609 680
610 690
611 684
612 669
613 668
614 654
615 615
616 623
617 623
618 643
619 651
620 628
621 602
622 604
623 637
624 639
625 564
626 595
627 593
628 586
629 620
630 555
631 564
632 563
633 630
634 558
635 571
636 600
637 546
638 493
639 540
640 572
641 557
642 526
643 537
644 502
645 497
646 530
647 490
648 525
649 507
650 530
651 529
652 466
653 477
654 455
655 471
656 504
657 475
658 453
659 517
660 473
661 469
662 424
663 497
664 433
665 416
666 436
667 449
668 437
669 417
670 450
671 396
672 419
673 432
674 435
675 406
676 416
677 396
678 396
679 399
680 392
681 380
682 398
683 364
684 375
685 418
686 379
687 366
688 367
689 357
690 380
691 364
692 405
693 390
694 381
695 362
696 335
697 378
698 376
699 360
700 358
701 396
702 357
703 362
704 376
705 324
706 318
707 308
708 331
709 325
710 332
711 363
712 350
713 342
714 319
715 338
716 325
717 279
718 314
719 347
720 302
721 286
722 315
723 309
724 317
725 309
726 300
727 304
728 312
729 313
730 289
731 285
732 343
733 300
734 332
735 302
736 277
737 254
738 314
739 288
740 260
741 296
742 281
743 287
744 292
745 310
746 284
747 272
748 301
749 285
750 294
751 286
752 312
753 249
754 266
755 275
756 285
757 267
758 292
759 316
760 279
761 258
762 285
763 263
764 261
765 266
766 267
767 257
768 289
769 275
770 279
771 290
772 265
773 267
774 270
775 255
776 263
777 248
778 296
779 277
780 256
781 274
782 284
783 263
784 270
785 257
786 241
787 274
788 277
789 249
790 286
791 249
792 243
793 263
794 247
795 247
796 225
797 238
798 235
799 259
800 252
801 236
802 253
803 238
804 218
805 226
806 239
807 248
808 258
809 259
810 255
811 264
812 247
813 257
814 250
815 244
816 240
817 253
818 228
819 259
820 240
821 222
822 255
823 248
824 234
825 247
826 272
827 236
828 272
829 238
830 217
831 248
832 244
833 244
834 215
835 256
836 246
837 254
838 221
839 236
840 222
841 213
842 230
843 238
844 254
845 217
846 257
847 232
848 222
849 247
850 219
851 242
852 252
853 245
854 244
855 194
856 238
857 203
858 234
859 215
860 239
861 226
862 207
863 242
864 216
865 240
866 222
867 248
868 231
869 211
870 220
871 263
872 207
873 208
874 223
875 240
876 239
877 219
878 189
879 217
880 207
881 237
882 215
883 250
884 215
885 232
886 207
887 228
888 184
889 209
890 219
891 222
892 222
893 217
894 229
895 216
896 215
897 206
898 205
899 240
900 240
901 217
902 216
903 231
904 213
905 199
906 224
907 223
908 210
909 220
910 216
911 215
912 212
913 212
914 192
915 186
916 212
917 185
918 199
919 219
920 218
921 209
922 220
923 222
924 206
925 184
926 212
927 197
928 221
929 205
930 183
931 209
932 220
933 229
934 213
935 213
936 212
937 177
938 189
939 210
940 182
941 209
942 191
943 191
944 217
945 201
946 163
947 195
948 217
949 194
950 188
951 198
952 195
953 199
954 202
955 184
956 173
957 194
958 215
959 202
960 187
961 178
962 188
963 190
964 202
965 202
966 204
967 178
968 174
969 196
970 186
971 224
972 206
973 216
974 187
975 180
976 174
977 170
978 178
979 173
980 201
981 190
982 176
983 190
984 196
985 195
986 184
987 189
988 219
989 177
990 185
991 176
992 172
993 206
994 163
995 164
996 165
997 196
998 189
999 168
1000 184
1001 162
1002 187
1003 182
1004 187
1005 210
1006 174
1007 156
1008 177
1009 213
1010 167
1011 173
1012 193
1013 162
1014 198
1015 178
1016 173
1017 170
1018 189
1019 176
1020 178
1021 182
1022 163
1023 185
1024 139
1025 169
1026 182
1027 191
1028 139
1029 180
1030 174
1031 166
1032 155
1033 172
1034 151
1035 150
1036 149
1037 157
1038 165
1039 187
1040 157
1041 171
1042 158
1043 145
1044 152
1045 165
1046 144
1047 144
1048 171
1049 145
1050 122
1051 153
1052 166
1053 174
1054 175
1055 150
1056 140
1057 165
1058 147
1059 173
1060 155
1061 170
1062 144
1063 175
1064 143
1065 142
1066 142
1067 144
1068 144
1069 130
1070 154
1071 146
1072 156
1073 136
1074 141
1075 167
1076 146
1077 147
1078 138
1079 168
1080 138
1081 156
1082 135
1083 158
1084 141
1085 154
1086 138
1087 139
1088 129
1089 138
1090 134
1091 148
1092 153
1093 123
1094 149
1095 140
1096 160
1097 139
1098 138
1099 166
1100 146
1101 152
1102 156
1103 131
1104 143
1105 138
1106 152
1107 159
1108 144
1109 144
1110 138
1111 135
1112 128
1113 118
1114 138
1115 133
1116 125
1117 129
1118 105
1119 128
1120 114
1121 127
1122 115
1123 116
1124 111
1125 124
1126 127
1127 117
1128 139
1129 131
1130 132
1131 135
1132 119
1133 111
1134 127
1135 118
1136 115
1137 118
1138 112
1139 108
1140 110
1141 113
1142 106
1143 101
1144 123
1145 118
1146 122
1147 137
1148 89
1149 120
1150 102
1151 109
1152 117
1153 113
1154 107
1155 105
1156 113
1157 102
1158 105
1159 109
1160 94
1161 118
1162 100
1163 126
1164 99
1165 98
1166 97
1167 113
1168 105
1169 110
1170 118
1171 92
1172 115
1173 94
1174 99
1175 97
1176 109
1177 101
1178 109
1179 101
1180 92
1181 89
1182 96
1183 100
1184 96
1185 106
1186 95
1187 99
1188 94
1189 79
1190 83
1191 104
1192 93
1193 95
1194 97
1195 83
1196 87
1197 80
1198 86
1199 81
1200 80
1201 106
1202 119
1203 98
1204 105
1205 96
1206 80
1207 72
1208 63
1209 82
1210 88
1211 82
1212 72
1213 78
1214 80
1215 86
1216 87
1217 91
1218 77
1219 76
1220 92
1221 99
1222 77
1223 74
1224 81
1225 66
1226 81
1227 84
1228 76
1229 74
1230 67
1231 71
1232 73
1233 73
1234 76
1235 64
1236 69
1237 76
1238 77
1239 84
1240 66
1241 63
1242 76
1243 80
1244 63
1245 84
1246 83
1247 59
1248 75
1249 80
1250 84
1251 68
1252 61
1253 80
1254 74
1255 65
1256 58
1257 69
1258 79
1259 60
1260 88
1261 77
1262 62
1263 67
1264 65
1265 79
1266 74
1267 61
1268 72
1269 66
1270 76
1271 68
1272 64
1273 59
1274 68
1275 65
1276 67
1277 56
1278 48
1279 72
1280 76
1281 53
1282 65
1283 57
1284 47
1285 78
1286 68
1287 49
1288 60
1289 74
1290 52
1291 56
1292 50
1293 59
1294 53
1295 49
1296 51
1297 64
1298 56
1299 52
1300 60
1301 57
1302 54
1303 75
1304 61
1305 46
1306 60
1307 60
1308 58
1309 64
1310 52
1311 35
1312 51
1313 59
1314 61
1315 44
1316 48
1317 60
1318 53
1319 40
1320 50
1321 56
1322 46
1323 47
1324 63
1325 52
1326 55
1327 52
1328 49
1329 47
1330 53
1331 41
1332 51
1333 39
1334 46
1335 46
1336 56
1337 40
1338 54
1339 44
1340 55
1341 63
1342 33
1343 46
1344 52
1345 40
1346 41
1347 42
1348 49
1349 57
1350 45
1351 37
1352 32
1353 50
1354 46
1355 38
1356 42
1357 36
1358 34
1359 39
1360 30
1361 46
1362 36
1363 41
1364 53
1365 42
1366 34
1367 41
1368 39
1369 38
1370 44
1371 49
1372 44
1373 29
1374 33
1375 39
1376 50
1377 43
1378 30
1379 31
1380 46
1381 43
1382 34
1383 38
1384 37
1385 42
1386 33
1387 37
1388 31
1389 33
1390 35
1391 31
1392 38
1393 27
1394 31
1395 37
1396 34
1397 29
1398 33
1399 44
1400 35
1401 24
1402 41
1403 32
1404 36
1405 31
1406 36
1407 38
1408 37
1409 47
1410 31
1411 38
1412 33
1413 26
1414 36
1415 25
1416 34
1417 31
1418 30
1419 37
1420 29
1421 38
1422 24
1423 27
1424 32
1425 22
1426 36
1427 29
1428 30
1429 24
1430 20
1431 26
1432 23
1433 26
1434 23
1435 26
1436 33
1437 24
1438 25
1439 34
1440 24
1441 30
1442 18
1443 26
1444 23
1445 23
1446 29
1447 29
1448 33
1449 38
1450 20
1451 22
1452 23
1453 24
1454 30
1455 20
1456 15
1457 24
1458 24
1459 26
1460 16
1461 31
1462 30
1463 28
1464 30
1465 24
1466 27
1467 20
1468 24
1469 24
1470 24
1471 21
1472 22
1473 25
1474 23
1475 24
1476 22
1477 25
1478 32
1479 33
1480 17
1481 29
1482 21
1483 16
1484 17
1485 20
1486 18
1487 27
1488 19
1489 13
1490 10
1491 23
1492 19
1493 13
1494 21
1495 16
1496 23
1497 23
1498 12
1499 17
1500 17
1501 16
1502 20
1503 12
1504 19
1505 16
1506 18
1507 17
1508 16
1509 23
1510 14
1511 20
1512 21
1513 25
1514 15
1515 19
1516 17
1517 11
1518 17
1519 15
1520 15
1521 17
1522 22
1523 22
1524 13
1525 12
1526 19
1527 15
1528 14
1529 13
1530 18
1531 18
1532 21
1533 9
1534 10
1535 11
1536 13
1537 15
1538 21
1539 18
1540 11
1541 15
1542 17
1543 16
1544 15
1545 15
1546 18
1547 12
1548 19
1549 9
1550 9
1551 7
1552 19
1553 15
1554 18
1555 12
1556 22
1557 15
1558 15
1559 13
1560 16
1561 15
1562 19
1563 13
1564 8
1565 9
1566 15
1567 17
1568 12
1569 9
1570 14
1571 5
1572 13
1573 13
1574 18
1575 12
1576 14
1577 9
1578 8
1579 16
1580 5
1581 13
1582 8
1583 12
1584 11
1585 14
1586 9
1587 15
1588 8
1589 8
1590 12
1591 5
1592 12
1593 13
1594 10
1595 15
1596 14
1597 7
1598 16
1599 10
1600 10
1601 4
1602 7
1603 8
1604 10
1605 8
1606 7
1607 14
1608 9
1609 13
1610 7
1611 9
1612 11
1613 10
1614 10
1615 11
1616 11
1617 4
1618 8
1619 10
1620 17
1621 7
1622 10
1623 10
1624 4
1625 6
1626 9
1627 17
1628 9
1629 9
1630 7
1631 6
1632 8
1633 8
1634 11
1635 12
1636 5
1637 11
1638 12
1639 13
1640 8
1641 7
1642 9
1643 8
1644 4
1645 4
1646 6
1647 5
1648 6
1649 8
1650 9
1651 11
1652 8
1653 6
1654 9
1655 8
1656 9
1657 10
1658 7
1659 13
1660 11
1661 9
1662 1
1663 9
1664 3
1665 9
1666 8
1667 5
1668 7
1669 13
1670 6
1671 4
1672 12
1673 6
1674 2
1675 5
1676 9
1677 6
1678 7
1679 10
1680 10
1681 4
1682 6
1683 9
1684 3
1685 3
1686 5
1687 11
1688 17
1689 8
1690 6
1691 4
1692 7
1693 5
1694 10
1695 6
1696 3
1697 5
1698 7
1699 3
1700 2
1701 8
1702 6
1703 8
1704 2
1705 4
1706 9
1707 6
1708 6
1709 6
1710 6
1711 4
1712 4
1713 7
1714 5
1715 10
1716 5
1717 8
1718 3
1719 4
1720 4
1721 4
1722 7
1723 2
1724 6
1725 5
1726 4
1727 3
1728 1
1729 1
1730 1
1731 5
1732 5
1733 4
1734 4
1735 4
1736 8
1737 4
1738 7
1739 7
1740 4
1741 10
1742 5
1743 4
1744 4
1745 5
1746 6
1747 2
1748 6
1749 1
1750 4
1751 5
1752 3
1753 4
1754 5
1755 3
1756 1
1757 2
1758 8
1759 1
1760 4
1761 2
1762 4
1763 3
1764 3
1765 6
1766 1
1767 6
1768 6
1769 5
1770 3
1771 3
1772 3
1773 6
1774 2
1775 3
1776 5
1777 10
1778 5
1779 5
1780 4
1781 1
1782 2
1783 6
1784 3
1785 2
1786 3
1787 3
1788 5
1789 3
1790 2
1791 2
1792 3
1793 3
1794 1
1795 4
1796 1
1797 2
1798 2
1799 2
1800 4
1801 2
1802 1
1803 5
1804 5
1805 2
1806 1
1807 2
1808 3
1809 1
1810 0
1811 3
1812 2
1813 2
1814 1
1815 2
1816 2
1817 3
1818 1
1819 2
1820 3
1821 2
1822 4
1823 8
1824 4
1825 1
1826 2
1827 3
1828 2
1829 2
1830 1
1831 5
1832 4
1833 4
1834 1
1835 3
1836 2
1837 2
1838 2
1839 2
1840 2
1841 3
1842 1
1843 3
1844 0
1845 2
1846 5
1847 0
1848 5
1849 2
1850 5
1851 1
1852 3
1853 0
1854 0
1855 2
1856 1
1857 1
1858 1
1859 2
1860 1
1861 2
1862 3
1863 1
1864 0
1865 4
1866 2
1867 0
1868 1
1869 2
1870 3
1871 3
1872 3
1873 1
1874 2
1875 1
1876 3
1877 1
1878 4
1879 1
1880 3
1881 0
1882 1
1883 2
1884 1
1885 1
1886 4
1887 0
1888 1
1889 1
1890 2
1891 1
1892 1
1893 6
1894 3
1895 2
1896 1
1897 2
1898 0
1899 1
1900 1
1901 0
1902 0
1903 2
1904 3
1905 2
1906 0
1907 1
1908 1
1909 2
1910 2
1911 0
1912 4
1913 3
1914 0
1915 2
1916 1
1917 2
1918 0
1919 2
1920 3
1921 0
1922 0
1923 4
1924 0
1925 1
1926 1
1927 0
1928 2
1929 2
1930 2
1931 0
1932 2
1933 3
1934 0
1935 1
1936 1
1937 1
1938 1
1939 1
1940 2
1941 0
1942 1
1943 0
1944 1
1945 1
1946 1
1947 0
1948 2
1949 1
1950 4
1951 3
1952 2
1953 0
1954 1
1955 0
1956 1
1957 0
1958 0
1959 2
1960 1
1961 1
1962 1
1963 1
1964 0
1965 0
1966 0
1967 2
1968 0
1969 1
1970 0
1971 1
1972 1
1973 0
1974 1
1975 0
1976 1
1977 0
1978 1
1979 0
1980 0
1981 1
1982 0
1983 0
1984 0
1985 1
1986 0
1987 1
1988 0
1989 1
1990 0
1991 1
1992 1
1993 1
1994 0
1995 1
1996 3
1997 1
1998 1
1999 1
2000 1
2001 2
2002 0
2003 0
2004 0
2005 1
2006 0
2007 2
2008 1
2009 2
2010 2
2011 1
2012 1
2013 2
2014 1
2015 1
2016 3
2017 2
2018 0
2019 0
2020 3
2021 1
2022 2
2023 1
2024 0
2025 0
2026 0
2027 0
2028 0
2029 1
2030 0
2031 1
2032 0
2033 0
2034 0
2035 0
2036 1
2037 0
2038 1
2039 1
2040 0
2041 0
2042 0
2043 1
2044 2
2045 2
2046 0
2047 0
2048 0
2049 0
2050 1
2051 0
2052 0
2053 1
2054 0
2055 1
2056 0
2057 0
2058 0
2059 0
2060 1
2061 0
2062 0
2063 0
2064 0
2065 1
2066 0
2067 0
2068 0
2069 2
2070 1
2071 2
2072 1
2073 0
2074 1
2075 1
2076 1
2077 0
2078 0
2079 0
2080 0
2081 0
2082 0
2083 0
2084 0
2085 2
2086 1
2087 0
2088 0
2089 0
2090 0
2091 1
2092 0
2093 0
2094 0
2095 0
2096 0
2097 2
2098 1
2099 1
2100 0
2101 1
2102 0
2103 0
2104 0
2105 1
2106 0
2107 1
2108 0
2109 1
2110 0
2111 1
2112 1
2113 1
2114 0
2115 1
2116 1
2117 0
2118 0
2119 1
2120 1
2121 0
2122 0
2123 1
2124 0
2125 0
2126 0
2127 0
2128 0
2129 1
2130 0
2131 0
2132 0
2133 0
2134 0
2135 0
2136 0
2137 0
2138 2
2139 0
2140 0
2141 0
2142 1
2143 0
2144 0
2145 0
2146 1
2147 0
2148 1
2149 1
2150 0
2151 1
2152 0
2153 0
2154 1
2155 0
2156 0
2157 0
2158 0
2159 0
2160 0
2161 0
2162 0
2163 1
2164 0
2165 0
2166 0
2167 0
2168 0
2169 1
2170 0
2171 1
2172 1
2173 1
2174 1
2175 0
2176 0
2177 1
2178 0
2179 1
2180 2
2181 0
2182 0
2183 0
2184 0
2185 0
2186 2
2187 0
2188 0
2189 0
2190 0
2191 0
2192 0
2193 0
2194 0
2195 0
2196 0
2197 1
2198 0
2199 0
2200 0
2201 0
2202 0
2203 0
2204 0
2205 1
2206 0
2207 1
2208 0
2209 1
2210 0
2211 1
2212 0
2213 0
2214 0
2215 0
2216 0
2217 1
2218 0
2219 0
2220 1
2221 0
2222 0
2223 1
2224 2
2225 0
2226 0
2227 0
2228 0
2229 0
2230 0
2231 0
2232 0
2233 0
2234 0
2235 0
2236 0
2237 0
2238 1
2239 2
2240 0
2241 0
2242 0
2243 0
2244 0
2245 0
2246 0
2247 0
2248 0
2249 0
2250 0
2251 0
2252 0
2253 0
2254 0
2255 0
2256 0
2257 2
2258 0
2259 0
2260 1
2261 1
2262 0
2263 0
2264 1
2265 0
2266 0
2267 1
2268 0
2269 0
2270 1
2271 0
2272 0
2273 0
2274 0
2275 0
2276 0
2277 0
2278 0
2279 1
2280 1
2281 0
2282 0
2283 0
2284 0
2285 0
2286 0
2287 0
2288 0
2289 1
2290 0
2291 0
2292 0
2293 0
2294 0
2295 0
2296 0
2297 0
2298 0
2299 0
2300 0
2301 0
2302 0
2303 0
2304 0
2305 0
2306 0
2307 0
2308 0
2309 0
2310 0
2311 0
2312 1
2313 0
2314 0
2315 0
2316 0
2317 0
2318 0
2319 0
2320 0
2321 0
2322 0
2323 0
2324 0
2325 0
2326 0
2327 2
2328 0
2329 1
2330 0
2331 0
2332 0
2333 0
2334 0
2335 0
2336 0
2337 0
2338 0
2339 0
2340 0
2341 0
2342 0
2343 0
2344 0
2345 1
2346 0
2347 0
2348 0
2349 0
2350 0
2351 0
2352 0
2353 0
2354 0
2355 0
2356 0
2357 0
2358 0
2359 0
2360 0
2361 1
2362 0
2363 0
2364 2
2365 0
2366 0
2367 0
2368 1
2369 0
2370 0
2371 0
2372 0
2373 0
2374 0
2375 0
2376 0
2377 0
2378 1
2379 0
2380 0
2381 1
2382 0
2383 0
2384 0
2385 0
2386 0
2387 1
2388 0
2389 0
2390 0
2391 0
2392 0
2393 0
2394 0
2395 0
2396 0
2397 0
2398 0
2399 0
2400 0
2401 1
2402 0
2403 1
2404 0
2405 0
2406 0
2407 0
2408 1
2409 0
2410 0
2411 0
2412 0
2413 0
2414 0
2415 0
2416 0
2417 0
2418 0
2419 0
2420 0
2421 0
2422 0
2423 0
2424 0
2425 0
2426 0
2427 0
2428 0
2429 0
2430 0
2431 0
2432 0
2433 0
2434 1
2435 0
2436 0
2437 0
2438 0
2439 0
2440 0
2441 0
2442 0
2443 0
2444 0
2445 0
2446 0
2447 0
2448 0
2449 0
2450 0
2451 0
2452 0
2453 0
2454 0
2455 1
2456 1
2457 0
2458 0
2459 0
2460 0
2461 0
2462 0
2463 0
2464 0
2465 0
2466 0
2467 0
2468 0
2469 0
2470 0
2471 0
2472 0
2473 0
2474 0
2475 0
2476 0
2477 2
2478 0
2479 0
2480 0
2481 0
2482 0
2483 0
2484 0
2485 0
2486 0
2487 0
2488 0
2489 0
2490 1
2491 0
2492 0
2493 0
2494 0
2495 1
2496 0
2497 0
2498 0
2499 0
2500 0
2501 0
2502 0
2503 0
2504 0
2505 0
2506 0
2507 0
2508 0
2509 0
2510 0
2511 0
2512 0
2513 0
2514 0
2515 0
2516 0
2517 0
2518 0
2519 0
2520 0
2521 0
2522 0
2523 0
2524 0
2525 0
2526 0
2527 0
2528 0
2529 0
2530 0
2531 0
2532 0
2533 0
2534 0
2535 0
2536 0
2537 0
2538 1
2539 0
2540 0
2541 0
2542 0
2543 0
2544 0
2545 0
2546 0
2547 0
2548 0
2549 0
2550 0
2551 0
2552 0
2553 0
2554 0
2555 0
2556 0
2557 0
2558 0
2559 0
2560 0
2561 0
2562 0
2563 0
2564 0
2565 0
2566 0
2567 0
2568 0
2569 0
2570 0
2571 0
2572 0
2573 0
2574 0
2575 0
2576 0
2577 0
2578 0
2579 0
2580 0
2581 0
2582 0
2583 0
2584 0
2585 1
2586 0
2587 0
2588 0
2589 0
2590 0
2591 0
2592 0
2593 0
2594 0
2595 0
2596 0
2597 0
2598 0
2599 0
2600 0
2601 0
2602 0
2603 0
2604 0
2605 0
2606 0
2607 0
2608 0
2609 0
2610 0
2611 0
2612 0
2613 0
2614 0
2615 0
2616 0
2617 0
2618 0
2619 0
2620 0
2621 0
2622 0
2623 0
2624 1
2625 0
2626 0
2627 0
2628 0
2629 0
2630 0
2631 1
2632 0
2633 0
2634 0
2635 0
2636 0
2637 0
2638 0
2639 0
2640 0
2641 0
2642 0
2643 0
2644 0
2645 0
2646 0
2647 0
2648 0
2649 0
2650 0
2651 0
2652 0
2653 0
2654 0
2655 0
2656 1
2657 0
2658 0
2659 0
2660 0
2661 0
2662 0
2663 0
2664 0
2665 0
2666 0
2667 0
2668 0
2669 0
2670 0
2671 0
2672 0
2673 0
2674 0
2675 0
2676 0
2677 0
2678 0
2679 0
2680 0
2681 0
2682 0
2683 0
2684 0
2685 0
2686 0
2687 0
2688 0
2689 0
2690 0
2691 0
2692 0
2693 0
2694 0
2695 0
2696 0
2697 0
2698 1
2699 0
2700 0
2701 0
2702 0
2703 0
2704 0
2705 0
2706 0
2707 0
2708 0
2709 0
2710 0
2711 0
2712 0
2713 0
2714 0
2715 0
2716 0
2717 0
2718 0
2719 0
2720 0
2721 0
2722 0
2723 0
2724 0
2725 0
2726 0
2727 0
2728 0
2729 0
2730 0
2731 0
2732 0
2733 0
2734 0
2735 0
2736 0
2737 0
2738 0
2739 0
2740 0
2741 0
2742 0
2743 0
2744 0
2745 0
2746 0
2747 0
2748 0
2749 0
2750 0
2751 0
2752 1
2753 0
2754 0
2755 0
2756 0
2757 0
2758 0
2759 0
2760 1
2761 0
2762 0
2763 0
2764 0
2765 0
2766 0
2767 0
2768 0
2769 0
2770 0
2771 0
2772 0
2773 0
2774 0
2775 0
2776 0
2777 0
2778 0
2779 0
2780 0
2781 0
2782 0
2783 0
2784 0
2785 0
2786 0
2787 0
2788 0
2789 0
2790 0
2791 0
2792 0
2793 0
2794 0
2795 0
2796 0
2797 0
2798 0
2799 0
2800 0
2801 0
2802 0
2803 0
2804 0
2805 0
2806 0
2807 0
2808 0
2809 0
2810 0
2811 0
2812 0
2813 0
2814 0
2815 0
2816 0
2817 0
2818 0
2819 0
2820 0
2821 0
2822 0
2823 0
2824 0
2825 0
2826 0
2827 0
2828 0
2829 0
2830 0
2831 0
2832 0
2833 1
2834 0
2835 0
2836 0
2837 0
2838 0
2839 1
2840 0
2841 0
2842 0
2843 0
2844 0
2845 0
2846 0
2847 0
2848 0
2849 0
2850 0
2851 0
2852 0
2853 0
2854 0
2855 0
2856 0
2857 0
2858 0
2859 0
2860 0
2861 0
2862 0
2863 0
2864 0
2865 0
2866 0
2867 0
2868 0
2869 0
2870 0
2871 0
2872 0
2873 0
2874 0
2875 0
2876 0
2877 0
2878 0
2879 0
2880 0
2881 0
2882 0
2883 0
2884 0
2885 0
2886 0
2887 0
2888 0
2889 0
2890 0
2891 0
2892 0
2893 0
2894 0
2895 0
2896 0
2897 0
2898 0
2899 0
2900 0
2901 0
2902 0
2903 0
2904 0
2905 0
2906 0
2907 0
2908 0
2909 0
2910 0
2911 0
2912 0
2913 0
2914 0
2915 0
2916 0
2917 0
2918 0
2919 0
2920 0
2921 0
2922 0
2923 0
2924 0
2925 0
2926 0
2927 1
2928 0
2929 0
2930 0
2931 0
2932 0
2933 0
2934 0
2935 0
2936 0
2937 0
2938 0
2939 0
2940 0
2941 0
2942 0
2943 0
2944 0
2945 0
2946 0
2947 0
2948 0
2949 0
2950 0
2951 0
2952 0
2953 0
2954 0
2955 0
2956 0
2957 0
2958 0
2959 0
2960 0
2961 0
2962 0
2963 0
2964 0
2965 0
2966 0
2967 0
2968 0
2969 0
2970 0
2971 0
2972 0
2973 0
2974 0
2975 0
2976 0
2977 0
2978 0
2979 0
2980 0
2981 0
2982 0
2983 1
2984 0
2985 0
2986 0
2987 0
2988 0
2989 0
2990 0
2991 0
2992 0
2993 0
2994 0
2995 0
2996 0
2997 0
2998 0
2999 0
3000 0
3001 0
3002 0
3003 0
3004 0
3005 0
3006 0
3007 0
3008 0
3009 0
3010 0
3011 1
3012 0
3013 0
3014 0
3015 0
3016 0
3017 0
3018 0
3019 0
3020 0
3021 0
3022 0
3023 0
3024 0
3025 0
3026 0
3027 0
3028 0
3029 0
3030 0
3031 0
3032 0
3033 0
3034 0
3035 0
3036 0
3037 0
3038 0
3039 0
3040 0
3041 0
3042 0
3043 0
3044 0
3045 0
3046 0
3047 0
3048 0
3049 0
3050 0
3051 0
3052 0
3053 0
3054 0
3055 0
3056 0
3057 0
3058 0
3059 0
3060 0
3061 0
3062 0
3063 0
3064 0
3065 0
3066 0
3067 0
3068 0
3069 0
3070 0
3071 0
3072 0
3073 0
3074 0
3075 0
3076 0
3077 0
3078 0
3079 0
3080 0
3081 0
3082 0
3083 0
3084 0
3085 0
3086 0
3087 0
3088 0
3089 0
3090 0
3091 0
3092 0
3093 0
3094 0
3095 0
3096 0
3097 0
3098 0
3099 0
3100 0
3101 0
3102 0
3103 0
3104 0
3105 0
3106 0
3107 0
3108 0
3109 0
3110 0
3111 0
3112 0
3113 0
3114 0
3115 0
3116 0
3117 0
3118 0
3119 0
3120 0
3121 0
3122 0
3123 0
3124 0
3125 0
3126 0
3127 0
3128 0
3129 0
3130 0
3131 0
3132 0
3133 0
3134 0
3135 0
3136 0
3137 1
3138 0
3139 0
3140 0
3141 0
3142 0
3143 0
3144 0
3145 0
3146 0
3147 0
3148 0
3149 0
3150 0
3151 0
3152 0
3153 0
3154 0
3155 0
3156 0
3157 0
3158 0
3159 0
3160 0
3161 0
3162 0
3163 0
3164 0
3165 0
3166 0
3167 0
3168 0
3169 0
3170 0
3171 0
3172 0
3173 0
3174 0
3175 0
3176 0
3177 0
3178 0
3179 0
3180 0
3181 0
3182 0
3183 0
3184 0
3185 0
3186 0
3187 0
3188 0
3189 0
3190 0
3191 0
3192 0
3193 0
3194 0
3195 0
3196 0
3197 0
3198 0
3199 0
3200 0
3201 0
3202 0
3203 0
3204 0
3205 0
3206 0
3207 0
3208 0
3209 0
3210 0
3211 0
3212 0
3213 0
3214 0
3215 0
3216 0
3217 0
3218 0
3219 0
3220 0
3221 0
3222 0
3223 0
3224 0
3225 0
3226 0
3227 0
3228 0
3229 0
3230 0
3231 0
3232 0
3233 0
3234 0
3235 0
3236 0
3237 0
3238 0
3239 0
3240 0
3241 0
3242 0
3243 0
3244 0
3245 0
3246 0
3247 0
3248 0
3249 0
3250 0
3251 0
3252 0
3253 0
3254 0
3255 0
3256 0
3257 0
3258 0
3259 0
3260 0
3261 0
3262 0
3263 0
3264 0
3265 0
3266 0
3267 0
3268 0
3269 0
3270 0
3271 0
3272 0
3273 0
3274 0
3275 0
3276 0
3277 0
3278 0
3279 0
3280 0
3281 0
3282 0
3283 0
3284 0
3285 0
3286 0
3287 0
3288 0
3289 0
3290 0
3291 0
3292 0
3293 0
3294 0
3295 0
3296 0
3297 0
3298 0
3299 0
3300 0
3301 0
3302 0
3303 0
3304 1
3305 0
3306 0
3307 0
3308 0
3309 0
3310 0
3311 0
3312 0
3313 0
3314 0
3315 0
3316 0
3317 0
3318 0
3319 0
3320 0
3321 0
3322 0
3323 0
3324 0
3325 0
3326 0
3327 0
3328 0
3329 0
3330 0
3331 0
3332 0
3333 0
3334 0
3335 0
3336 0
3337 0
3338 0
3339 0
3340 0
3341 0
3342 0
3343 0
3344 0
3345 0
3346 1
3347 0
3348 0
3349 0
3350 0
3351 0
3352 0
3353 0
3354 0
3355 0
3356 0
3357 0
3358 0
3359 0
3360 0
3361 0
3362 0
3363 0
3364 0
3365 0
3366 0
3367 0
3368 0
3369 0
3370 0
3371 0
3372 0
3373 0
3374 0
3375 1
3376 0
3377 0
3378 0
3379 0
3380 0
3381 0
3382 0
3383 0
3384 0
3385 0
3386 0
3387 0
3388 0
3389 0
3390 0
3391 0
3392 0
3393 0
3394 0
3395 0
3396 1
3397 0
3398 0
3399 0
3400 0
3401 0
3402 0
3403 0
3404 0
3405 0
3406 0
3407 0
3408 0
3409 0
3410 0
3411 0
3412 0
3413 0
3414 0
3415 0
3416 0
3417 0
3418 0
3419 0
3420 0
3421 0
3422 0
3423 0
3424 0
3425 0
3426 0
3427 0
3428 0
3429 0
3430 0
3431 0
3432 0
3433 0
3434 0
3435 0
3436 0
3437 0
3438 1
3439 0
3440 0
3441 0
3442 0
3443 0
3444 0
3445 0
3446 0
3447 0
3448 0
3449 0
3450 0
3451 0
3452 0
3453 0
3454 0
3455 0
3456 0
3457 0
3458 0
3459 0
3460 0
3461 0
3462 0
3463 0
3464 0
3465 0
3466 0
3467 0
3468 0
3469 0
3470 0
3471 0
3472 0
3473 0
3474 0
3475 0
3476 0
3477 0
3478 0
3479 0
3480 0
3481 1
3482 0
3483 0
3484 0
3485 0
3486 0
3487 0
3488 0
3489 0
3490 0
3491 0
3492 0
3493 0
3494 0
3495 0
3496 0
3497 0
3498 0
3499 0
3500 0
3501 0
3502 0
3503 0
3504 0
3505 0
3506 0
3507 0
3508 0
3509 0
3510 0
3511 0
3512 0
3513 0
3514 0
3515 0
3516 0
3517 0
3518 0
3519 0
3520 0
3521 0
3522 0
3523 0
3524 0
3525 0
3526 0
3527 0
3528 0
3529 0
3530 0
3531 0
3532 0
3533 0
3534 0
3535 0
3536 0
3537 0
3538 0
3539 0
3540 0
3541 0
3542 0
3543 0
3544 0
3545 0
3546 0
3547 0
3548 0
3549 0
3550 0
3551 0
3552 0
3553 0
3554 0
3555 0
3556 0
3557 0
3558 0
3559 0
3560 0
3561 0
3562 0
3563 0
3564 0
3565 0
3566 0
3567 0
3568 0
3569 0
3570 0
3571 0
3572 0
3573 0
3574 0
3575 0
3576 1
3577 0
3578 0
3579 0
3580 0
3581 0
3582 0
3583 0
3584 0
3585 0
3586 0
3587 0
3588 0
3589 0
3590 0
3591 0
3592 0
3593 0
3594 0
3595 0
3596 0
3597 0
3598 0
3599 0
3600 0
3601 0
3602 0
3603 0
3604 0
3605 0
3606 0
3607 0
3608 0
3609 0
3610 0
3611 0
3612 0
3613 0
3614 0
3615 0
3616 0
3617 0
3618 0
3619 0
3620 0
3621 0
3622 0
3623 0
3624 0
3625 0
3626 0
3627 0
3628 0
3629 0
3630 0
3631 0
3632 0
3633 0
3634 0
3635 0
3636 0
3637 0
3638 0
3639 0
3640 0
3641 0
3642 0
3643 0
3644 0
3645 0
3646 0
3647 0
3648 0
3649 0
3650 0
3651 0
3652 0
3653 0
3654 0
3655 0
3656 1
3657 0
3658 0
3659 0
3660 0
3661 0
3662 0
3663 0
3664 0
3665 0
3666 0
3667 0
3668 0
3669 0
3670 0
3671 0
3672 0
3673 0
3674 0
3675 0
3676 0
3677 0
3678 1
3679 1
3680 0
3681 0
3682 0
3683 0
3684 0
3685 0
3686 0
3687 0
3688 0
3689 0
3690 0
3691 0
3692 0
3693 0
3694 0
3695 0
3696 0
3697 0
3698 0
3699 0
3700 0
3701 0
3702 0
3703 0
3704 0
3705 0
3706 0
3707 0
3708 0
3709 0
3710 0
3711 0
3712 0
3713 0
3714 0
3715 0
3716 0
3717 0
3718 0
3719 0
3720 0
3721 0
3722 0
3723 0
3724 0
3725 0
3726 0
3727 0
3728 0
3729 0
3730 0
3731 0
3732 0
3733 0
3734 0
3735 0
3736 0
3737 0
3738 0
3739 0
3740 0
3741 0
3742 0
3743 0
3744 0
3745 0
3746 0
3747 0
3748 0
3749 0
3750 0
3751 0
3752 0
3753 0
3754 0
3755 0
3756 0
3757 0
3758 0
3759 0
3760 0
3761 0
3762 0
3763 0
3764 0
3765 0
3766 0
3767 0
3768 0
3769 0
3770 0
3771 0
3772 0
3773 0
3774 0
3775 0
3776 0
3777 0
3778 0
3779 0
3780 0
3781 0
3782 0
3783 0
3784 0
3785 0
3786 0
3787 0
3788 0
3789 0
3790 0
3791 0
3792 0
3793 0
3794 0
3795 0
3796 0
3797 0
3798 0
3799 0
3800 0
3801 0
3802 0
3803 0
3804 0
3805 0
3806 0
3807 0
3808 0
3809 0
3810 1
3811 0
3812 0
3813 0
3814 0
3815 0
3816 0
3817 0
3818 0
3819 0
3820 0
3821 0
3822 0
3823 0
3824 0
3825 0
3826 0
3827 0
3828 0
3829 0
3830 0
3831 0
3832 0
3833 0
3834 0
3835 0
3836 0
3837 0
3838 0
3839 0
3840 0
3841 0
3842 0
3843 0
3844 0
3845 0
3846 0
3847 0
3848 0
3849 0
3850 0
3851 0
3852 0
3853 0
3854 0
3855 0
3856 0
3857 0
3858 0
3859 0
3860 0
3861 0
3862 0
3863 0
3864 0
3865 0
3866 0
3867 0
3868 0
3869 0
3870 0
3871 0
3872 1
3873 0
3874 0
3875 0
3876 0
3877 0
3878 0
3879 0
3880 0
3881 0
3882 0
3883 0
3884 0
3885 0
3886 0
3887 0
3888 0
3889 0
3890 0
3891 0
3892 0
3893 0
3894 0
3895 0
3896 0
3897 0
3898 0
3899 0
3900 0
3901 0
3902 0
3903 0
3904 0
3905 0
3906 0
3907 0
3908 0
3909 0
3910 0
3911 0
3912 0
3913 0
3914 0
3915 0
3916 0
3917 0
3918 1
3919 0
3920 0
3921 0
3922 0
3923 0
3924 0
3925 0
3926 0
3927 0
3928 0
3929 0
3930 0
3931 0
3932 0
3933 0
3934 0
3935 0
3936 0
3937 0
3938 0
3939 0
3940 0
3941 0
3942 0
3943 0
3944 0
3945 0
3946 0
3947 0
3948 0
3949 0
3950 0
3951 0
3952 0
3953 0
3954 0
3955 0
3956 0
3957 0
3958 0
3959 0
3960 0
3961 0
3962 0
3963 0
3964 0
3965 0
3966 0
3967 0
3968 0
3969 0
3970 0
3971 0
3972 0
3973 0
3974 0
3975 0
3976 0
3977 0
3978 0
3979 0
3980 0
3981 0
3982 0
3983 0
3984 0
3985 0
3986 0
3987 0
3988 0
3989 0
3990 0
3991 0
3992 0
3993 0
3994 0
3995 0
3996 0
3997 0
3998 0
3999 0
4000 0
