0 0
1 0
2 0
3 0
4 0
5 0
6 0
7 0
8 0
9 0
10 0
11 0
12 0
13 0
14 0
15 0
16 0
17 0
18 0
19 0
20 0
21 0
22 0
23 0
24 0
25 0
26 0
27 0
28 0
29 0
30 0
31 0
32 0
33 0
34 0
35 0
36 0
37 0
38 0
39 0
40 0
41 0
42 0
43 0
44 0
45 0
46 0
47 0
48 0
49 0
50 0
51 0
52 0
53 0
54 0
55 0
56 0
57 0
58 0
59 0
60 0
61 0
62 0
63 0
64 0
65 0
66 0
67 0
68 0
69 0
70 0
71 0
72 0
73 0
74 0
75 0
76 0
77 0
78 0
79 0
80 0
81 0
82 0
83 0
84 0
85 0
86 0
87 0
88 0
89 0
90 0
91 0
92 0
93 0
94 0
95 0
96 0
97 0
98 0
99 0
100 0
101 0
102 0
103 0
104 0
105 0
106 0
107 0
108 0
109 0
110 0
111 0
112 0
113 0
114 0
115 0
116 0
117 0
118 0
119 0
120 0
121 0
122 0
123 0
124 0
125 0
126 0
127 0
128 0
129 0
130 0
131 0
132 0
133 0
134 0
135 0
136 0
137 0
138 0
139 0
140 0
141 0
142 0
143 0
144 0
145 0
146 1
147 0
148 0
149 0
150 0
151 1
152 2
153 2
154 8
155 6
156 6
157 6
158 6
159 2
160 5
161 3
162 5
163 5
164 3
165 3
166 3
167 10
168 5
169 2
170 5
171 5
172 9
173 7
174 10
175 23
176 47
177 93
178 129
179 205
180 217
181 306
182 340
183 372
184 484
185 661
186 1169
187 1865
188 2863
189 3911
190 4815
191 5328
192 5626
193 5580
194 5128
195 4899
196 4325
197 3746
198 3410
199 3142
200 2754
201 2440
202 2055
203 1926
204 1703
205 1477
206 1294
207 1209
208 1087
209 1031
210 919
211 851
212 903
213 778
214 796
215 765
216 707
217 750
218 756
219 770
220 734
221 759
222 741
223 735
224 757
225 713
226 775
227 723
228 725
229 791
230 756
231 762
232 781
233 789
234 801
235 761
236 831
237 787
238 824
239 795
240 796
241 808
242 820
243 828
244 847
245 842
246 895
247 879
248 892
249 844
250 875
251 824
252 891
253 921
254 863
255 913
256 892
257 842
258 862
259 884
260 910
261 910
262 902
263 853
264 914
265 830
266 881
267 890
268 898
269 895
270 912
271 929
272 941
273 886
274 949
275 932
276 949
277 944
278 893
279 951
280 929
281 916
282 960
283 967
284 955
285 954
286 915
287 975
288 1011
289 930
290 952
291 931
292 980
293 967
294 961
295 960
296 947
297 985
298 987
299 966
300 1008
301 994
302 954
303 972
304 1041
305 947
306 988
307 939
308 954
309 1028
310 976
311 1018
312 999
313 912
314 999
315 915
316 980
317 967
318 977
319 966
320 982
321 1045
322 998
323 970
324 949
325 1002
326 1004
327 1010
328 978
329 1006
330 980
331 1032
332 959
333 1048
334 972
335 991
336 967
337 1022
338 1021
339 964
340 997
341 1036
342 1002
343 1009
344 1051
345 990
346 1004
347 1037
348 989
349 1065
350 1065
351 1056
352 1079
353 1057
354 1023
355 1000
356 1000
357 997
358 1015
359 1110
360 1004
361 1057
362 1008
363 1047
364 1022
365 1028
366 1066
367 955
368 1083
369 1021
370 1059
371 1068
372 1039
373 1061
374 1117
375 1040
376 1043
377 1039
378 1052
379 1079
380 1043
381 1008
382 1075
383 1024
384 1077
385 1049
386 1112
387 1101
388 1095
389 1105
390 1039
391 1070
392 1128
393 1095
394 1112
395 1122
396 1057
397 1083
398 1044
399 1119
400 1124
401 1116
402 1093
403 1122
404 1154
405 1132
406 1135
407 1108
408 1125
409 1098
410 1145
411 1196
412 1077
413 1199
414 1131
415 1173
416 1136
417 1160
418 1138
419 1177
420 1188
421 1155
422 1137
423 1197
424 1202
425 1203
426 1171
427 1199
428 1154
429 1217
430 1212
431 1185
432 1192
433 1250
434 1130
435 1184
436 1199
437 1296
438 1265
439 1242
440 1287
441 1263
442 1239
443 1233
444 1230
445 1276
446 1261
447 1259
448 1258
449 1308
450 1302
451 1281
452 1286
453 1260
454 1263
455 1277
456 1292
457 1367
458 1340
459 1362
460 1352
461 1267
462 1307
463 1294
464 1305
465 1395
466 1367
467 1321
468 1343
469 1320
470 1363
471 1334
472 1339
473 1361
474 1305
475 1308
476 1367
477 1384
478 1390
479 1375
480 1314
481 1409
482 1398
483 1315
484 1385
485 1380
486 1455
487 1364
488 1409
489 1388
490 1364
491 1458
492 1490
493 1380
494 1400
495 1356
496 1481
497 1420
498 1494
499 1415
500 1421
501 1454
502 1509
503 1394
504 1410
505 1441
506 1358
507 1453
508 1437
509 1358
510 1390
511 1435
512 1440
513 1482
514 1457
515 1486
516 1486
517 1495
518 1466
519 1479
520 1500
521 1473
522 1417
523 1430
524 1493
525 1494
526 1426
527 1464
528 1490
529 1539
530 1440
531 1415
532 1442
533 1418
534 1502
535 1414
536 1462
537 1410
538 1385
539 1408
540 1453
541 1519
542 1449
543 1495
544 1469
545 1482
546 1461
547 1459
548 1389
549 1423
550 1429
551 1467
552 1379
553 1392
554 1421
555 1464
556 1459
557 1368
558 1442
559 1424
560 1451
561 1429
562 1485
563 1390
564 1354
565 1418
566 1416
567 1460
568 1413
569 1364
570 1416
571 1408
572 1431
573 1425
574 1420
575 1432
576 1440
577 1387
578 1332
579 1358
580 1416
581 1389
582 1422
583 1342
584 1388
585 1398
586 1377
587 1351
588 1245
589 1354
590 1362
591 1343
592 1325
593 1287
594 1260
595 1279
596 1268
597 1308
598 1295
599 1269
600 1279
601 1263
602 1293
603 1315
604 1307
605 1348
606 1254
607 1296
608 1174
609 1277
610 1261
611 1240
612 1284
613 1253
614 1298
615 1255
616 1223
617 1208
618 1237
619 1180
620 1154
621 1219
622 1160
623 1173
624 1200
625 1188
626 1151
627 1139
628 1157
629 1135
630 1149
631 1056
632 1060
633 1207
634 1212
635 1171
636 1040
637 1142
638 1069
639 1084
640 1125
641 1142
642 1050
643 1058
644 1112
645 1114
646 1101
647 1127
648 1023
649 1078
650 964
651 1061
652 993
653 1014
654 1032
655 978
656 989
657 1049
658 966
659 966
660 987
661 1006
662 987
663 974
664 947
665 986
666 980
667 935
668 935
669 907
670 920
671 941
672 938
673 928
674 870
675 878
676 902
677 866
678 850
679 886
680 866
681 852
682 896
683 885
684 841
685 791
686 828
687 861
688 846
689 781
690 822
691 786
692 816
693 862
694 826
695 820
696 780
697 765
698 832
699 772
700 803
701 754
702 736
703 750
704 779
705 779
706 737
707 741
708 651
709 743
710 674
711 714
712 703
713 745
714 715
715 685
716 662
717 704
718 724
719 733
720 643
721 611
722 660
723 663
724 671
725 661
726 631
727 668
728 632
729 643
730 650
731 606
732 592
733 628
734 563
735 551
736 597
737 549
738 545
739 586
740 615
741 565
742 562
743 579
744 556
745 572
746 510
747 534
748 513
749 515
750 541
751 536
752 523
753 494
754 535
755 497
756 563
757 488
758 496
759 498
760 453
761 474
762 485
763 489
764 459
765 460
766 449
767 487
768 473
769 503
770 448
771 504
772 407
773 429
774 450
775 448
776 462
777 413
778 439
779 426
780 427
781 410
782 392
783 441
784 440
785 435
786 418
787 414
788 393
789 363
790 411
791 395
792 352
793 404
794 388
795 357
796 352
797 389
798 397
799 367
800 363
801 345
802 380
803 368
804 360
805 353
806 344
807 339
808 356
809 319
810 369
811 318
812 318
813 350
814 338
815 341
816 320
817 331
818 318
819 313
820 273
821 317
822 311
823 310
824 320
825 282
826 314
827 282
828 293
829 260
830 327
831 277
832 298
833 308
834 296
835 300
836 326
837 280
838 298
839 266
840 274
841 283
842 273
843 288
844 289
845 263
846 249
847 281
848 264
849 266
850 277
851 261
852 277
853 244
854 282
855 240
856 273
857 260
858 233
859 256
860 247
861 219
862 268
863 254
864 273
865 239
866 252
867 240
868 251
869 245
870 273
871 224
872 240
873 238
874 205
875 221
876 230
877 230
878 205
879 254
880 223
881 224
882 239
883 268
884 247
885 224
886 235
887 242
888 217
889 215
890 227
891 216
892 211
893 230
894 225
895 215
896 200
897 219
898 213
899 223
900 193
901 205
902 219
903 204
904 245
905 189
906 230
907 212
908 222
909 217
910 206
911 200
912 211
913 187
914 207
915 184
916 222
917 209
918 206
919 207
920 213
921 187
922 187
923 226
924 187
925 218
926 207
927 194
928 196
929 203
930 209
931 192
932 205
933 207
934 201
935 200
936 179
937 182
938 220
939 209
940 161
941 188
942 183
943 200
944 215
945 157
946 188
947 177
948 172
949 198
950 172
951 189
952 196
953 190
954 187
955 178
956 191
957 193
958 191
959 179
960 189
961 165
962 190
963 173
964 181
965 179
966 171
967 185
968 174
969 172
970 194
971 194
972 186
973 178
974 176
975 174
976 192
977 161
978 171
979 166
980 181
981 157
982 187
983 171
984 176
985 183
986 172
987 156
988 201
989 180
990 173
991 200
992 183
993 156
994 166
995 141
996 183
997 173
998 156
999 165
1000 184
1001 161
1002 164
1003 162
1004 157
1005 167
1006 153
1007 177
1008 196
1009 153
1010 160
1011 180
1012 193
1013 156
1014 167
1015 164
1016 151
1017 168
1018 177
1019 144
1020 189
1021 181
1022 166
1023 205
1024 160
1025 165
1026 160
1027 172
1028 191
1029 177
1030 160
1031 140
1032 165
1033 156
1034 149
1035 159
1036 151
1037 142
1038 172
1039 160
1040 147
1041 149
1042 142
1043 153
1044 150
1045 143
1046 175
1047 163
1048 175
1049 157
1050 176
1051 164
1052 160
1053 156
1054 151
1055 160
1056 140
1057 155
1058 170
1059 177
1060 153
1061 149
1062 141
1063 162
1064 163
1065 170
1066 165
1067 160
1068 155
1069 151
1070 144
1071 154
1072 172
1073 171
1074 168
1075 153
1076 185
1077 159
1078 148
1079 150
1080 150
1081 147
1082 138
1083 168
1084 167
1085 146
1086 171
1087 158
1088 166
1089 171
1090 169
1091 151
1092 155
1093 182
1094 161
1095 146
1096 168
1097 144
1098 137
1099 140
1100 148
1101 157
1102 166
1103 174
1104 136
1105 186
1106 179
1107 159
1108 169
1109 165
1110 162
1111 134
1112 161
1113 175
1114 178
1115 162
1116 158
1117 154
1118 147
1119 157
1120 153
1121 153
1122 183
1123 147
1124 144
1125 172
1126 154
1127 127
1128 143
1129 164
1130 168
1131 177
1132 153
1133 132
1134 151
1135 165
1136 169
1137 166
1138 147
1139 142
1140 164
1141 134
1142 154
1143 147
1144 164
1145 168
1146 168
1147 145
1148 166
1149 141
1150 151
1151 151
1152 158
1153 132
1154 160
1155 142
1156 155
1157 152
1158 165
1159 127
1160 170
1161 131
1162 151
1163 144
1164 156
1165 156
1166 150
1167 162
1168 156
1169 137
1170 143
1171 149
1172 158
1173 147
1174 129
1175 143
1176 143
1177 164
1178 156
1179 127
1180 153
1181 155
1182 155
1183 136
1184 151
1185 142
1186 135
1187 147
1188 136
1189 156
1190 161
1191 150
1192 155
1193 168
1194 145
1195 145
1196 157
1197 140
1198 152
1199 144
1200 150
1201 150
1202 140
1203 139
1204 135
1205 151
1206 147
1207 150
1208 144
1209 137
1210 141
1211 151
1212 159
1213 137
1214 155
1215 147
1216 170
1217 139
1218 149
1219 163
1220 149
1221 139
1222 151
1223 162
1224 143
1225 127
1226 133
1227 132
1228 132
1229 151
1230 131
1231 125
1232 127
1233 143
1234 153
1235 137
1236 152
1237 133
1238 119
1239 137
1240 141
1241 129
1242 130
1243 154
1244 128
1245 148
1246 159
1247 136
1248 142
1249 151
1250 153
1251 170
1252 148
1253 133
1254 122
1255 150
1256 140
1257 134
1258 155
1259 149
1260 152
1261 143
1262 122
1263 173
1264 136
1265 144
1266 139
1267 141
1268 127
1269 133
1270 128
1271 138
1272 120
1273 121
1274 149
1275 132
1276 127
1277 153
1278 147
1279 138
1280 126
1281 134
1282 143
1283 143
1284 137
1285 114
1286 112
1287 123
1288 144
1289 116
1290 126
1291 112
1292 132
1293 119
1294 142
1295 120
1296 116
1297 137
1298 138
1299 146
1300 124
1301 125
1302 117
1303 129
1304 143
1305 100
1306 117
1307 117
1308 125
1309 122
1310 98
1311 169
1312 114
1313 107
1314 147
1315 120
1316 137
1317 117
1318 108
1319 118
1320 145
1321 131
1322 137
1323 111
1324 98
1325 119
1326 102
1327 122
1328 121
1329 139
1330 134
1331 125
1332 117
1333 133
1334 118
1335 122
1336 101
1337 131
1338 124
1339 115
1340 115
1341 110
1342 136
1343 108
1344 105
1345 122
1346 121
1347 119
1348 133
1349 93
1350 110
1351 110
1352 127
1353 128
1354 95
1355 100
1356 117
1357 106
1358 125
1359 113
1360 91
1361 120
1362 114
1363 120
1364 117
1365 93
1366 116
1367 98
1368 103
1369 114
1370 113
1371 99
1372 117
1373 91
1374 118
1375 108
1376 120
1377 119
1378 104
1379 101
1380 107
1381 119
1382 109
1383 107
1384 113
1385 108
1386 105
1387 121
1388 89
1389 115
1390 105
1391 113
1392 99
1393 111
1394 111
1395 103
1396 111
1397 99
1398 71
1399 102
1400 102
1401 99
1402 68
1403 84
1404 100
1405 98
1406 108
1407 104
1408 89
1409 111
1410 99
1411 89
1412 85
1413 105
1414 105
1415 86
1416 87
1417 94
1418 106
1419 115
1420 99
1421 88
1422 101
1423 98
1424 118
1425 106
1426 85
1427 102
1428 83
1429 101
1430 86
1431 99
1432 103
1433 101
1434 78
1435 103
1436 98
1437 83
1438 89
1439 104
1440 82
1441 103
1442 68
1443 87
1444 79
1445 91
1446 94
1447 106
1448 90
1449 77
1450 76
1451 90
1452 77
1453 88
1454 84
1455 100
1456 80
1457 82
1458 85
1459 71
1460 89
1461 95
1462 84
1463 99
1464 71
1465 100
1466 92
1467 74
1468 90
1469 81
1470 80
1471 64
1472 82
1473 88
1474 69
1475 90
1476 94
1477 67
1478 73
1479 72
1480 86
1481 73
1482 87
1483 81
1484 71
1485 77
1486 79
1487 55
1488 77
1489 83
1490 72
1491 81
1492 66
1493 81
1494 73
1495 73
1496 78
1497 83
1498 91
1499 79
1500 84
1501 70
1502 80
1503 87
1504 67
1505 80
1506 78
1507 78
1508 79
1509 73
1510 77
1511 60
1512 80
1513 72
1514 63
1515 72
1516 80
1517 79
1518 68
1519 69
1520 89
1521 96
1522 77
1523 52
1524 70
1525 68
1526 74
1527 68
1528 76
1529 70
1530 71
1531 62
1532 66
1533 55
1534 72
1535 77
1536 63
1537 72
1538 66
1539 50
1540 50
1541 46
1542 58
1543 53
1544 76
1545 64
1546 65
1547 48
1548 54
1549 66
1550 54
1551 59
1552 61
1553 50
1554 67
1555 71
1556 72
1557 60
1558 63
1559 60
1560 65
1561 48
1562 56
1563 54
1564 54
1565 55
1566 70
1567 56
1568 54
1569 47
1570 56
1571 55
1572 59
1573 60
1574 51
1575 61
1576 62
1577 58
1578 57
1579 57
1580 65
1581 45
1582 51
1583 34
1584 52
1585 53
1586 57
1587 54
1588 56
1589 42
1590 59
1591 53
1592 53
1593 56
1594 58
1595 49
1596 58
1597 64
1598 40
1599 49
1600 51
1601 55
1602 55
1603 47
1604 42
1605 53
1606 48
1607 50
1608 49
1609 49
1610 52
1611 45
1612 48
1613 49
1614 43
1615 50
1616 50
1617 40
1618 45
1619 56
1620 41
1621 37
1622 40
1623 56
1624 54
1625 41
1626 38
1627 52
1628 33
1629 47
1630 56
1631 40
1632 45
1633 40
1634 47
1635 51
1636 41
1637 39
1638 46
1639 37
1640 49
1641 54
1642 42
1643 40
1644 33
1645 37
1646 45
1647 37
1648 37
1649 36
1650 39
1651 34
1652 51
1653 33
1654 40
1655 51
1656 51
1657 45
1658 32
1659 44
1660 41
1661 38
1662 24
1663 31
1664 42
1665 34
1666 36
1667 49
1668 38
1669 34
1670 39
1671 35
1672 49
1673 33
1674 39
1675 38
1676 44
1677 38
1678 36
1679 38
1680 37
1681 39
1682 23
1683 47
1684 38
1685 49
1686 33
1687 37
1688 43
1689 31
1690 30
1691 36
1692 31
1693 32
1694 35
1695 31
1696 30
1697 30
1698 45
1699 23
1700 26
1701 24
1702 36
1703 35
1704 38
1705 41
1706 37
1707 37
1708 39
1709 31
1710 46
1711 29
1712 39
1713 23
1714 27
1715 19
1716 39
1717 36
1718 37
1719 32
1720 31
1721 30
1722 23
1723 22
1724 35
1725 21
1726 23
1727 37
1728 22
1729 32
1730 33
1731 22
1732 22
1733 39
1734 19
1735 22
1736 26
1737 28
1738 29
1739 30
1740 26
1741 29
1742 28
1743 26
1744 30
1745 26
1746 25
1747 31
1748 16
1749 30
1750 28
1751 28
1752 24
1753 26
1754 25
1755 16
1756 29
1757 31
1758 26
1759 19
1760 28
1761 24
1762 34
1763 18
1764 30
1765 21
1766 19
1767 18
1768 21
1769 30
1770 24
1771 21
1772 27
1773 12
1774 23
1775 19
1776 27
1777 19
1778 23
1779 16
1780 30
1781 13
1782 22
1783 26
1784 17
1785 27
1786 18
1787 28
1788 19
1789 15
1790 23
1791 29
1792 16
1793 25
1794 18
1795 26
1796 26
1797 24
1798 20
1799 21
1800 27
1801 24
1802 30
1803 32
1804 23
1805 17
1806 21
1807 25
1808 19
1809 14
1810 23
1811 21
1812 16
1813 21
1814 10
1815 19
1816 22
1817 15
1818 15
1819 19
1820 24
1821 25
1822 24
1823 24
1824 20
1825 18
1826 18
1827 16
1828 19
1829 14
1830 18
1831 21
1832 23
1833 17
1834 21
1835 22
1836 16
1837 23
1838 20
1839 11
1840 13
1841 10
1842 16
1843 18
1844 18
1845 21
1846 14
1847 22
1848 17
1849 16
1850 22
1851 22
1852 12
1853 12
1854 14
1855 17
1856 13
1857 17
1858 13
1859 11
1860 17
1861 17
1862 17
1863 17
1864 15
1865 22
1866 10
1867 8
1868 18
1869 25
1870 14
1871 13
1872 14
1873 11
1874 12
1875 16
1876 10
1877 14
1878 18
1879 13
1880 16
1881 17
1882 17
1883 13
1884 14
1885 18
1886 16
1887 20
1888 16
1889 18
1890 18
1891 9
1892 9
1893 12
1894 5
1895 14
1896 12
1897 23
1898 17
1899 13
1900 11
1901 11
1902 16
1903 19
1904 16
1905 9
1906 16
1907 15
1908 12
1909 13
1910 16
1911 14
1912 9
1913 11
1914 15
1915 14
1916 8
1917 7
1918 14
1919 15
1920 14
1921 16
1922 10
1923 7
1924 11
1925 18
1926 10
1927 9
1928 10
1929 9
1930 7
1931 17
1932 17
1933 12
1934 12
1935 8
1936 11
1937 12
1938 10
1939 4
1940 10
1941 11
1942 15
1943 9
1944 14
1945 12
1946 10
1947 9
1948 11
1949 16
1950 7
1951 9
1952 9
1953 9
1954 9
1955 5
1956 4
1957 9
1958 8
1959 13
1960 10
1961 8
1962 10
1963 9
1964 14
1965 9
1966 6
1967 11
1968 6
1969 11
1970 9
1971 7
1972 13
1973 10
1974 9
1975 11
1976 9
1977 6
1978 5
1979 6
1980 10
1981 8
1982 6
1983 6
1984 9
1985 9
1986 11
1987 10
1988 6
1989 5
1990 6
1991 6
1992 5
1993 8
1994 12
1995 6
1996 5
1997 9
1998 5
1999 9
2000 14
2001 8
2002 6
2003 7
2004 4
2005 8
2006 5
2007 5
2008 9
2009 5
2010 9
2011 8
2012 4
2013 8
2014 8
2015 8
2016 12
2017 1
2018 9
2019 8
2020 7
2021 6
2022 4
2023 8
2024 5
2025 2
2026 7
2027 3
2028 8
2029 11
2030 9
2031 6
2032 9
2033 4
2034 3
2035 6
2036 4
2037 7
2038 7
2039 5
2040 5
2041 8
2042 3
2043 3
2044 7
2045 7
2046 3
2047 9
2048 5
2049 4
2050 7
2051 2
2052 0
2053 7
2054 7
2055 7
2056 4
2057 4
2058 2
2059 8
2060 6
2061 4
2062 5
2063 6
2064 7
2065 8
2066 10
2067 6
2068 9
2069 6
2070 3
2071 4
2072 9
2073 3
2074 3
2075 2
2076 6
2077 3
2078 4
2079 2
2080 5
2081 8
2082 2
2083 4
2084 6
2085 7
2086 7
2087 11
2088 8
2089 6
2090 1
2091 7
2092 2
2093 5
2094 7
2095 6
2096 1
2097 2
2098 10
2099 8
2100 7
2101 4
2102 7
2103 4
2104 6
2105 3
2106 2
2107 2
2108 1
2109 5
2110 3
2111 4
2112 5
2113 4
2114 7
2115 5
2116 1
2117 3
2118 5
2119 9
2120 4
2121 4
2122 5
2123 1
2124 5
2125 6
2126 1
2127 2
2128 5
2129 7
2130 3
2131 1
2132 3
2133 4
2134 2
2135 4
2136 4
2137 3
2138 4
2139 5
2140 3
2141 2
2142 6
2143 3
2144 8
2145 5
2146 4
2147 2
2148 4
2149 2
2150 3
2151 0
2152 3
2153 3
2154 3
2155 5
2156 4
2157 5
2158 2
2159 1
2160 4
2161 3
2162 2
2163 3
2164 5
2165 5
2166 3
2167 3
2168 2
2169 1
2170 6
2171 3
2172 3
2173 5
2174 2
2175 2
2176 3
2177 3
2178 0
2179 2
2180 3
2181 0
2182 1
2183 1
2184 4
2185 1
2186 3
2187 5
2188 5
2189 3
2190 2
2191 0
2192 2
2193 3
2194 1
2195 5
2196 3
2197 4
2198 1
2199 5
2200 4
2201 2
2202 3
2203 1
2204 4
2205 2
2206 1
2207 1
2208 1
2209 0
2210 2
2211 3
2212 1
2213 1
2214 1
2215 1
2216 2
2217 2
2218 2
2219 1
2220 0
2221 7
2222 5
2223 2
2224 1
2225 2
2226 2
2227 3
2228 4
2229 3
2230 2
2231 3
2232 2
2233 2
2234 2
2235 1
2236 1
2237 2
2238 4
2239 3
2240 4
2241 1
2242 2
2243 3
2244 4
2245 2
2246 4
2247 3
2248 2
2249 3
2250 0
2251 0
2252 0
2253 2
2254 2
2255 1
2256 1
2257 1
2258 1
2259 1
2260 2
2261 0
2262 2
2263 2
2264 2
2265 1
2266 3
2267 1
2268 2
2269 1
2270 2
2271 0
2272 0
2273 1
2274 0
2275 3
2276 2
2277 0
2278 1
2279 0
2280 1
2281 0
2282 1
2283 3
2284 3
2285 0
2286 0
2287 1
2288 1
2289 1
2290 1
2291 3
2292 1
2293 0
2294 2
2295 1
2296 0
2297 0
2298 0
2299 3
2300 3
2301 0
2302 2
2303 0
2304 2
2305 0
2306 3
2307 3
2308 3
2309 1
2310 0
2311 0
2312 1
2313 0
2314 2
2315 2
2316 1
2317 0
2318 0
2319 1
2320 1
2321 1
2322 0
2323 3
2324 1
2325 1
2326 0
2327 0
2328 2
2329 0
2330 0
2331 1
2332 0
2333 1
2334 2
2335 0
2336 2
2337 3
2338 1
2339 0
2340 0
2341 1
2342 1
2343 3
2344 0
2345 3
2346 1
2347 2
2348 1
2349 0
2350 1
2351 0
2352 1
2353 0
2354 1
2355 0
2356 3
2357 0
2358 1
2359 1
2360 0
2361 1
2362 2
2363 3
2364 1
2365 1
2366 0
2367 1
2368 0
2369 0
2370 3
2371 2
2372 0
2373 0
2374 1
2375 1
2376 0
2377 0
2378 0
2379 0
2380 0
2381 0
2382 2
2383 1
2384 1
2385 0
2386 2
2387 0
2388 0
2389 0
2390 1
2391 0
2392 0
2393 0
2394 1
2395 1
2396 1
2397 0
2398 1
2399 1
2400 2
2401 0
2402 1
2403 0
2404 0
2405 1
2406 0
2407 0
2408 3
2409 1
2410 2
2411 0
2412 0
2413 0
2414 2
2415 0
2416 1
2417 0
2418 1
2419 0
2420 0
2421 0
2422 1
2423 0
2424 0
2425 2
2426 0
2427 0
2428 0
2429 0
2430 0
2431 0
2432 0
2433 1
2434 0
2435 0
2436 0
2437 0
2438 3
2439 0
2440 0
2441 1
2442 1
2443 0
2444 0
2445 1
2446 0
2447 0
2448 1
2449 0
2450 0
2451 1
2452 0
2453 1
2454 1
2455 0
2456 1
2457 1
2458 1
2459 1
2460 0
2461 0
2462 1
2463 0
2464 1
2465 0
2466 0
2467 0
2468 1
2469 0
2470 0
2471 0
2472 0
2473 1
2474 0
2475 1
2476 0
2477 0
2478 1
2479 1
2480 1
2481 0
2482 0
2483 0
2484 0
2485 0
2486 1
2487 0
2488 1
2489 0
2490 0
2491 1
2492 0
2493 0
2494 0
2495 1
2496 0
2497 1
2498 0
2499 0
2500 0
2501 0
2502 0
2503 0
2504 2
2505 1
2506 0
2507 0
2508 1
2509 0
2510 1
2511 1
2512 0
2513 0
2514 0
2515 0
2516 0
2517 1
2518 0
2519 1
2520 0
2521 1
2522 0
2523 0
2524 0
2525 0
2526 1
2527 0
2528 2
2529 2
2530 0
2531 0
2532 0
2533 0
2534 0
2535 0
2536 0
2537 1
2538 0
2539 1
2540 1
2541 0
2542 0
2543 0
2544 0
2545 0
2546 0
2547 1
2548 0
2549 0
2550 1
2551 0
2552 0
2553 0
2554 0
2555 0
2556 0
2557 1
2558 0
2559 1
2560 0
2561 0
2562 0
2563 1
2564 0
2565 0
2566 0
2567 0
2568 0
2569 0
2570 0
2571 0
2572 0
2573 0
2574 0
2575 0
2576 0
2577 1
2578 0
2579 0
2580 0
2581 0
2582 0
2583 0
2584 0
2585 1
2586 0
2587 0
2588 0
2589 0
2590 0
2591 1
2592 0
2593 0
2594 1
2595 1
2596 0
2597 0
2598 1
2599 1
2600 1
2601 0
2602 0
2603 0
2604 1
2605 0
2606 0
2607 0
2608 0
2609 0
2610 0
2611 0
2612 0
2613 0
2614 0
2615 1
2616 0
2617 0
2618 0
2619 1
2620 0
2621 0
2622 0
2623 0
2624 0
2625 0
2626 0
2627 0
2628 0
2629 0
2630 1
2631 0
2632 0
2633 0
2634 0
2635 0
2636 0
2637 0
2638 0
2639 0
2640 0
2641 0
2642 0
2643 0
2644 0
2645 0
2646 1
2647 0
2648 0
2649 0
2650 0
2651 1
2652 0
2653 0
2654 0
2655 0
2656 0
2657 0
2658 0
2659 0
2660 0
2661 0
2662 0
2663 0
2664 0
2665 0
2666 0
2667 1
2668 0
2669 0
2670 0
2671 1
2672 0
2673 0
2674 0
2675 0
2676 1
2677 0
2678 0
2679 0
2680 0
2681 0
2682 0
2683 0
2684 0
2685 0
2686 0
2687 1
2688 1
2689 0
2690 0
2691 0
2692 0
2693 0
2694 0
2695 0
2696 0
2697 0
2698 0
2699 0
2700 0
2701 0
2702 0
2703 0
2704 0
2705 0
2706 0
2707 0
2708 0
2709 0
2710 0
2711 1
2712 0
2713 0
2714 0
2715 0
2716 0
2717 0
2718 0
2719 0
2720 0
2721 0
2722 0
2723 0
2724 0
2725 0
2726 0
2727 0
2728 0
2729 0
2730 0
2731 0
2732 1
2733 0
2734 0
2735 0
2736 0
2737 0
2738 0
2739 0
2740 0
2741 0
2742 0
2743 0
2744 1
2745 0
2746 0
2747 0
2748 0
2749 0
2750 0
2751 0
2752 0
2753 0
2754 0
2755 1
2756 0
2757 1
2758 0
2759 1
2760 1
2761 0
2762 0
2763 0
2764 0
2765 0
2766 1
2767 0
2768 0
2769 0
2770 0
2771 0
2772 0
2773 0
2774 0
2775 0
2776 0
2777 0
2778 0
2779 0
2780 0
2781 0
2782 0
2783 1
2784 0
2785 0
2786 0
2787 0
2788 0
2789 0
2790 0
2791 1
2792 0
2793 0
2794 0
2795 0
2796 0
2797 0
2798 0
2799 0
2800 0
2801 0
2802 0
2803 0
2804 0
2805 0
2806 0
2807 0
2808 0
2809 0
2810 0
2811 1
2812 0
2813 0
2814 0
2815 0
2816 0
2817 0
2818 0
2819 0
2820 0
2821 0
2822 0
2823 0
2824 0
2825 0
2826 0
2827 0
2828 0
2829 0
2830 0
2831 0
2832 0
2833 0
2834 0
2835 0
2836 0
2837 0
2838 0
2839 1
2840 0
2841 0
2842 0
2843 0
2844 0
2845 0
2846 0
2847 0
2848 0
2849 0
2850 0
2851 0
2852 0
2853 0
2854 0
2855 0
2856 0
2857 0
2858 0
2859 0
2860 0
2861 0
2862 0
2863 0
2864 0
2865 0
2866 0
2867 0
2868 0
2869 0
2870 0
2871 0
2872 0
2873 0
2874 0
2875 0
2876 0
2877 0
2878 0
2879 1
2880 0
2881 0
2882 0
2883 0
2884 0
2885 0
2886 0
2887 0
2888 0
2889 0
2890 0
2891 0
2892 0
2893 0
2894 0
2895 0
2896 0
2897 0
2898 0
2899 0
2900 0
2901 0
2902 0
2903 0
2904 0
2905 0
2906 0
2907 0
2908 0
2909 0
2910 0
2911 0
2912 0
2913 0
2914 0
2915 0
2916 0
2917 0
2918 0
2919 0
2920 0
2921 0
2922 0
2923 0
2924 0
2925 0
2926 0
2927 0
2928 0
2929 0
2930 0
2931 0
2932 0
2933 0
2934 1
2935 0
2936 0
2937 0
2938 0
2939 0
2940 0
2941 0
2942 0
2943 0
2944 0
2945 0
2946 0
2947 0
2948 0
2949 0
2950 0
2951 0
2952 0
2953 1
2954 0
2955 0
2956 0
2957 0
2958 0
2959 0
2960 0
2961 0
2962 0
2963 0
2964 0
2965 0
2966 0
2967 0
2968 0
2969 0
2970 0
2971 0
2972 0
2973 0
2974 0
2975 0
2976 0
2977 0
2978 0
2979 0
2980 0
2981 0
2982 0
2983 1
2984 0
2985 0
2986 0
2987 0
2988 0
2989 0
2990 0
2991 0
2992 0
2993 0
2994 0
2995 0
2996 0
2997 0
2998 0
2999 0
3000 0
3001 0
3002 0
3003 0
3004 0
3005 0
3006 0
3007 1
3008 0
3009 0
3010 0
3011 0
3012 0
3013 0
3014 0
3015 0
3016 0
3017 0
3018 0
3019 0
3020 0
3021 0
3022 0
3023 0
3024 0
3025 0
3026 0
3027 1
3028 0
3029 0
3030 0
3031 0
3032 0
3033 0
3034 0
3035 0
3036 0
3037 0
3038 0
3039 0
3040 0
3041 0
3042 0
3043 0
3044 0
3045 0
3046 0
3047 0
3048 0
3049 0
3050 0
3051 0
3052 0
3053 0
3054 0
3055 0
3056 0
3057 0
3058 0
3059 0
3060 0
3061 1
3062 0
3063 0
3064 0
3065 0
3066 0
3067 0
3068 0
3069 0
3070 0
3071 0
3072 0
3073 0
3074 0
3075 0
3076 0
3077 0
3078 0
3079 0
3080 0
3081 0
3082 0
3083 0
3084 0
3085 0
3086 0
3087 0
3088 0
3089 0
3090 0
3091 0
3092 0
3093 0
3094 0
3095 0
3096 0
3097 0
3098 0
3099 0
3100 0
3101 0
3102 0
3103 0
3104 0
3105 0
3106 0
3107 0
3108 0
3109 0
3110 0
3111 0
3112 0
3113 0
3114 0
3115 0
3116 0
3117 0
3118 0
3119 0
3120 0
3121 0
3122 0
3123 0
3124 0
3125 0
3126 0
3127 0
3128 0
3129 0
3130 0
3131 0
3132 0
3133 1
3134 0
3135 0
3136 0
3137 0
3138 0
3139 0
3140 0
3141 0
3142 0
3143 0
3144 0
3145 0
3146 0
3147 0
3148 0
3149 1
3150 0
3151 0
3152 0
3153 0
3154 0
3155 0
3156 0
3157 0
3158 0
3159 0
3160 0
3161 0
3162 0
3163 1
3164 0
3165 0
3166 0
3167 0
3168 0
3169 0
3170 0
3171 0
3172 0
3173 0
3174 0
3175 0
3176 0
3177 0
3178 0
3179 0
3180 0
3181 0
3182 0
3183 0
3184 0
3185 0
3186 0
3187 0
3188 0
3189 0
3190 0
3191 0
3192 0
3193 0
3194 0
3195 0
3196 0
3197 0
3198 0
3199 0
3200 0
3201 0
3202 0
3203 0
3204 0
3205 0
3206 0
3207 0
3208 0
3209 0
3210 0
3211 0
3212 0
3213 0
3214 0
3215 0
3216 0
3217 0
3218 0
3219 0
3220 0
3221 0
3222 1
3223 0
3224 0
3225 0
3226 0
3227 0
3228 0
3229 0
3230 0
3231 0
3232 0
3233 0
3234 0
3235 1
3236 0
3237 0
3238 0
3239 0
3240 0
3241 0
3242 0
3243 0
3244 0
3245 0
3246 0
3247 0
3248 0
3249 0
3250 0
3251 0
3252 0
3253 0
3254 0
3255 0
3256 0
3257 0
3258 0
3259 0
3260 0
3261 0
3262 0
3263 0
3264 0
3265 0
3266 0
3267 0
3268 0
3269 0
3270 0
3271 0
3272 0
3273 0
3274 0
3275 1
3276 0
3277 0
3278 0
3279 0
3280 0
3281 0
3282 0
3283 0
3284 0
3285 1
3286 0
3287 0
3288 0
3289 0
3290 0
3291 0
3292 0
3293 0
3294 0
3295 1
3296 0
3297 0
3298 0
3299 0
3300 0
3301 0
3302 0
3303 0
3304 0
3305 0
3306 0
3307 0
3308 0
3309 0
3310 0
3311 0
3312 0
3313 0
3314 0
3315 0
3316 0
3317 0
3318 0
3319 0
3320 0
3321 0
3322 0
3323 0
3324 0
3325 0
3326 0
3327 0
3328 0
3329 0
3330 0
3331 0
3332 0
3333 0
3334 0
3335 0
3336 0
3337 0
3338 0
3339 0
3340 0
3341 0
3342 0
3343 0
3344 0
3345 0
3346 0
3347 0
3348 0
3349 0
3350 0
3351 0
3352 0
3353 0
3354 0
3355 0
3356 0
3357 0
3358 0
3359 0
3360 0
3361 0
3362 0
3363 0
3364 0
3365 0
3366 0
3367 0
3368 0
3369 0
3370 0
3371 0
3372 0
3373 0
3374 0
3375 0
3376 0
3377 0
3378 0
3379 0
3380 0
3381 0
3382 0
3383 0
3384 0
3385 0
3386 0
3387 0
3388 0
3389 0
3390 0
3391 0
3392 0
3393 0
3394 0
3395 0
3396 0
3397 0
3398 0
3399 0
3400 0
3401 0
3402 0
3403 0
3404 0
3405 0
3406 0
3407 0
3408 0
3409 0
3410 0
3411 0
3412 0
3413 0
3414 0
3415 0
3416 0
3417 0
3418 0
3419 0
3420 0
3421 0
3422 0
3423 0
3424 0
3425 0
3426 0
3427 0
3428 0
3429 0
3430 0
3431 0
3432 0
3433 0
3434 0
3435 0
3436 0
3437 0
3438 0
3439 0
3440 0
3441 0
3442 0
3443 0
3444 0
3445 0
3446 0
3447 0
3448 0
3449 0
3450 0
3451 0
3452 0
3453 0
3454 0
3455 0
3456 0
3457 0
3458 0
3459 0
3460 0
3461 0
3462 0
3463 0
3464 0
3465 0
3466 0
3467 0
3468 0
3469 0
3470 0
3471 0
3472 1
3473 0
3474 0
3475 0
3476 0
3477 0
3478 0
3479 0
3480 0
3481 0
3482 0
3483 0
3484 0
3485 0
3486 0
3487 0
3488 0
3489 1
3490 0
3491 0
3492 0
3493 0
3494 0
3495 0
3496 0
3497 0
3498 0
3499 0
3500 0
3501 0
3502 0
3503 0
3504 0
3505 0
3506 0
3507 0
3508 0
3509 0
3510 0
3511 0
3512 0
3513 0
3514 0
3515 0
3516 0
3517 0
3518 0
3519 0
3520 0
3521 0
3522 0
3523 0
3524 1
3525 0
3526 0
3527 0
3528 0
3529 0
3530 0
3531 0
3532 0
3533 0
3534 0
3535 0
3536 0
3537 0
3538 0
3539 0
3540 0
3541 0
3542 0
3543 0
3544 0
3545 0
3546 0
3547 0
3548 0
3549 0
3550 0
3551 0
3552 0
3553 0
3554 0
3555 0
3556 0
3557 0
3558 0
3559 0
3560 0
3561 0
3562 0
3563 0
3564 0
3565 0
3566 0
3567 0
3568 0
3569 0
3570 1
3571 0
3572 0
3573 0
3574 0
3575 0
3576 0
3577 0
3578 0
3579 0
3580 0
3581 0
3582 0
3583 0
3584 0
3585 0
3586 0
3587 0
3588 0
3589 0
3590 0
3591 0
3592 0
3593 0
3594 0
3595 0
3596 0
3597 0
3598 0
3599 0
3600 0
3601 0
3602 0
3603 0
3604 0
3605 0
3606 0
3607 0
3608 0
3609 0
3610 0
3611 0
3612 0
3613 0
3614 0
3615 0
3616 0
3617 0
3618 0
3619 0
3620 0
3621 0
3622 0
3623 0
3624 0
3625 0
3626 0
3627 0
3628 0
3629 0
3630 0
3631 0
3632 0
3633 0
3634 0
3635 0
3636 0
3637 0
3638 1
3639 0
3640 0
3641 0
3642 0
3643 0
3644 0
3645 0
3646 0
3647 0
3648 0
3649 0
3650 0
3651 0
3652 1
3653 0
3654 0
3655 0
3656 0
3657 0
3658 0
3659 1
3660 0
3661 0
3662 1
3663 0
3664 0
3665 0
3666 0
3667 0
3668 0
3669 0
3670 0
3671 0
3672 0
3673 0
3674 0
3675 0
3676 0
3677 0
3678 0
3679 0
3680 0
3681 0
3682 0
3683 0
3684 0
3685 0
3686 0
3687 0
3688 0
3689 0
3690 0
3691 0
3692 1
3693 0
3694 0
3695 0
3696 0
3697 0
3698 0
3699 0
3700 0
3701 0
3702 0
3703 0
3704 0
3705 0
3706 0
3707 0
3708 0
3709 0
3710 0
3711 0
3712 1
3713 0
3714 0
3715 0
3716 0
3717 0
3718 0
3719 0
3720 0
3721 0
3722 0
3723 0
3724 0
3725 0
3726 0
3727 0
3728 0
3729 0
3730 0
3731 0
3732 0
3733 0
3734 0
3735 0
3736 0
3737 0
3738 0
3739 0
3740 0
3741 0
3742 0
3743 0
3744 0
3745 0
3746 0
3747 0
3748 0
3749 0
3750 0
3751 0
3752 0
3753 0
3754 0
3755 0
3756 0
3757 0
3758 0
3759 0
3760 0
3761 0
3762 0
3763 0
3764 0
3765 0
3766 0
3767 0
3768 0
3769 0
3770 0
3771 0
3772 0
3773 0
3774 0
3775 0
3776 0
3777 0
3778 0
3779 0
3780 0
3781 0
3782 0
3783 0
3784 0
3785 0
3786 0
3787 0
3788 0
3789 0
3790 0
3791 0
3792 0
3793 0
3794 0
3795 0
3796 0
3797 0
3798 0
3799 0
3800 0
3801 0
3802 0
3803 0
3804 0
3805 0
3806 0
3807 0
3808 0
3809 0
3810 0
3811 0
3812 0
3813 0
3814 0
3815 0
3816 0
3817 0
3818 0
3819 0
3820 1
3821 0
3822 0
3823 0
3824 0
3825 1
3826 0
3827 0
3828 0
3829 0
3830 0
3831 0
3832 0
3833 0
3834 0
3835 0
3836 0
3837 0
3838 0
3839 0
3840 0
3841 0
3842 0
3843 0
3844 0
3845 0
3846 0
3847 0
3848 0
3849 0
3850 0
3851 0
3852 0
3853 0
3854 0
3855 0
3856 0
3857 0
3858 0
3859 0
3860 0
3861 0
3862 1
3863 0
3864 0
3865 0
3866 0
3867 0
3868 0
3869 0
3870 0
3871 0
3872 0
3873 0
3874 0
3875 0
3876 0
3877 0
3878 0
3879 0
3880 0
3881 0
3882 0
3883 0
3884 0
3885 0
3886 0
3887 0
3888 0
3889 0
3890 0
3891 0
3892 0
3893 0
3894 0
3895 0
3896 0
3897 0
3898 0
3899 0
3900 0
3901 0
3902 0
3903 1
3904 0
3905 0
3906 0
3907 0
3908 0
3909 0
3910 0
3911 0
3912 0
3913 0
3914 0
3915 0
3916 0
3917 0
3918 0
3919 0
3920 0
3921 0
3922 0
3923 0
3924 0
3925 0
3926 0
3927 0
3928 0
3929 0
3930 0
3931 0
3932 0
3933 0
3934 0
3935 0
3936 0
3937 0
3938 0
3939 0
3940 0
3941 0
3942 0
3943 0
3944 0
3945 0
3946 0
3947 0
3948 0
3949 0
3950 0
3951 0
3952 0
3953 0
3954 0
3955 0
3956 0
3957 0
3958 0
3959 0
3960 0
3961 0
3962 0
3963 0
3964 0
3965 0
3966 0
3967 0
3968 0
3969 0
3970 0
3971 0
3972 0
3973 0
3974 0
3975 0
3976 0
3977 0
3978 0
3979 0
3980 0
3981 0
3982 0
3983 0
3984 0
3985 0
3986 0
3987 0
3988 0
3989 0
3990 0
3991 0
3992 0
3993 0
3994 0
3995 0
3996 0
3997 0
3998 0
3999 0
4000 0
