0 0
1 0
2 0
3 0
4 0
5 0
6 0
7 0
8 0
9 0
10 0
11 0
12 0
13 0
14 0
15 0
16 0
17 0
18 0
19 0
20 0
21 0
22 0
23 0
24 0
25 0
26 0
27 0
28 0
29 0
30 0
31 0
32 0
33 0
34 0
35 0
36 0
37 0
38 0
39 0
40 0
41 0
42 0
43 0
44 0
45 0
46 0
47 0
48 0
49 0
50 0
51 0
52 0
53 0
54 0
55 0
56 0
57 0
58 0
59 0
60 0
61 0
62 0
63 0
64 0
65 0
66 0
67 0
68 0
69 0
70 0
71 0
72 0
73 0
74 0
75 0
76 0
77 0
78 0
79 0
80 0
81 0
82 0
83 0
84 0
85 0
86 0
87 0
88 0
89 0
90 0
91 0
92 0
93 0
94 0
95 0
96 0
97 0
98 0
99 0
100 0
101 0
102 0
103 0
104 0
105 0
106 0
107 0
108 0
109 0
110 0
111 0
112 0
113 0
114 0
115 0
116 0
117 0
118 0
119 0
120 0
121 0
122 0
123 0
124 0
125 0
126 0
127 0
128 0
129 0
130 0
131 0
132 0
133 0
134 0
135 0
136 0
137 0
138 0
139 0
140 0
141 0
142 0
143 0
144 0
145 0
146 0
147 1
148 1
149 0
150 4
151 1
152 5
153 9
154 10
155 9
156 7
157 4
158 7
159 14
160 10
161 4
162 8
163 11
164 7
165 6
166 5
167 8
168 5
169 9
170 18
171 29
172 63
173 97
174 163
175 257
176 327
177 375
178 418
179 516
180 609
181 892
182 1316
183 2305
184 3555
185 5031
186 6273
187 7225
188 7758
189 7617
190 7405
191 6916
192 6427
193 5880
194 5353
195 4717
196 4296
197 3669
198 3327
199 2853
200 2628
201 2290
202 2014
203 1698
204 1543
205 1373
206 1315
207 1249
208 1191
209 1099
210 1052
211 1052
212 1007
213 1023
214 951
215 921
216 967
217 963
218 879
219 917
220 980
221 985
222 940
223 956
224 976
225 949
226 911
227 983
228 922
229 978
230 968
231 913
232 944
233 954
234 1049
235 974
236 1000
237 966
238 972
239 1012
240 1029
241 1063
242 997
243 981
244 1068
245 1026
246 1057
247 1075
248 1015
249 1039
250 1072
251 1037
252 999
253 1091
254 1105
255 1074
256 1092
257 1039
258 1047
259 1057
260 1069
261 1029
262 1060
263 1070
264 1080
265 1085
266 1076
267 1122
268 1097
269 1077
270 1114
271 1099
272 1081
273 1065
274 1058
275 1090
276 1105
277 1061
278 1136
279 1124
280 1162
281 1143
282 1164
283 1113
284 1125
285 1120
286 1197
287 1126
288 1143
289 1098
290 1127
291 1155
292 1205
293 1164
294 1143
295 1198
296 1216
297 1191
298 1220
299 1167
300 1136
301 1240
302 1180
303 1186
304 1195
305 1189
306 1126
307 1201
308 1259
309 1204
310 1234
311 1238
312 1245
313 1239
314 1189
315 1257
316 1182
317 1192
318 1338
319 1237
320 1240
321 1250
322 1301
323 1214
324 1300
325 1279
326 1336
327 1205
328 1215
329 1286
330 1306
331 1189
332 1265
333 1254
334 1258
335 1327
336 1300
337 1305
338 1283
339 1286
340 1278
341 1322
342 1393
343 1273
344 1269
345 1313
346 1332
347 1267
348 1324
349 1281
350 1363
351 1303
352 1348
353 1389
354 1381
355 1342
356 1326
357 1407
358 1327
359 1327
360 1371
361 1380
362 1353
363 1413
364 1363
365 1442
366 1360
367 1392
368 1336
369 1379
370 1315
371 1410
372 1403
373 1406
374 1428
375 1419
376 1420
377 1441
378 1392
379 1382
380 1452
381 1397
382 1379
383 1388
384 1509
385 1399
386 1465
387 1483
388 1366
389 1384
390 1396
391 1478
392 1568
393 1404
394 1436
395 1486
396 1468
397 1465
398 1426
399 1445
400 1396
401 1426
402 1426
403 1512
404 1399
405 1469
406 1419
407 1446
408 1466
409 1498
410 1502
411 1455
412 1422
413 1458
414 1433
415 1443
416 1480
417 1403
418 1451
419 1450
420 1467
421 1438
422 1487
423 1442
424 1509
425 1491
426 1518
427 1477
428 1428
429 1489
430 1376
431 1449
432 1435
433 1488
434 1488
435 1478
436 1518
437 1473
438 1429
439 1417
440 1368
441 1475
442 1471
443 1421
444 1435
445 1396
446 1392
447 1466
448 1407
449 1524
450 1426
451 1410
452 1358
453 1398
454 1385
455 1332
456 1370
457 1372
458 1409
459 1433
460 1377
461 1305
462 1398
463 1351
464 1392
465 1313
466 1366
467 1335
468 1272
469 1292
470 1300
471 1325
472 1367
473 1356
474 1360
475 1258
476 1282
477 1293
478 1258
479 1296
480 1252
481 1250
482 1267
483 1299
484 1316
485 1278
486 1242
487 1260
488 1276
489 1235
490 1200
491 1260
492 1235
493 1237
494 1215
495 1172
496 1183
497 1162
498 1154
499 1244
500 1128
501 1166
502 1139
503 1172
504 1211
505 1136
506 1036
507 1140
508 1129
509 1134
510 1100
511 1054
512 1067
513 1124
514 1093
515 1129
516 1074
517 1063
518 1052
519 1019
520 1007
521 1023
522 1027
523 975
524 990
525 1010
526 1020
527 986
528 969
529 1023
530 1004
531 984
532 979
533 961
534 950
535 949
536 931
537 929
538 998
539 910
540 896
541 972
542 904
543 877
544 906
545 868
546 868
547 919
548 871
549 887
550 816
551 807
552 805
553 838
554 850
555 797
556 782
557 807
558 770
559 806
560 758
561 790
562 734
563 742
564 787
565 738
566 810
567 797
568 772
569 736
570 760
571 653
572 777
573 673
574 677
575 688
576 697
577 724
578 649
579 659
580 681
581 674
582 607
583 637
584 628
585 623
586 597
587 595
588 595
589 607
590 631
591 634
592 604
593 564
594 586
595 618
596 577
597 617
598 582
599 553
600 564
601 550
602 563
603 532
604 598
605 556
606 527
607 515
608 511
609 486
610 489
611 528
612 483
613 535
614 490
615 547
616 471
617 474
618 492
619 469
620 502
621 473
622 492
623 487
624 487
625 445
626 432
627 427
628 428
629 423
630 493
631 435
632 457
633 429
634 423
635 397
636 423
637 385
638 424
639 423
640 439
641 418
642 417
643 391
644 442
645 418
646 377
647 394
648 393
649 356
650 393
651 381
652 357
653 353
654 384
655 369
656 380
657 339
658 324
659 349
660 362
661 382
662 336
663 347
664 323
665 346
666 327
667 337
668 316
669 289
670 363
671 311
672 348
673 328
674 307
675 311
676 322
677 319
678 329
679 325
680 314
681 295
682 314
683 315
684 279
685 336
686 295
687 312
688 292
689 302
690 249
691 292
692 293
693 279
694 299
695 281
696 299
697 264
698 259
699 293
700 278
701 276
702 253
703 265
704 262
705 245
706 276
707 252
708 272
709 247
710 240
711 243
712 269
713 251
714 251
715 224
716 257
717 227
718 233
719 222
720 246
721 235
722 259
723 238
724 223
725 244
726 217
727 267
728 262
729 237
730 263
731 265
732 269
733 249
734 222
735 242
736 204
737 246
738 223
739 242
740 199
741 239
742 223
743 181
744 216
745 197
746 220
747 223
748 221
749 210
750 224
751 205
752 220
753 227
754 236
755 225
756 227
757 235
758 238
759 207
760 201
761 226
762 190
763 207
764 186
765 195
766 207
767 226
768 187
769 205
770 251
771 226
772 208
773 187
774 190
775 194
776 193
777 188
778 208
779 204
780 208
781 189
782 177
783 213
784 185
785 181
786 199
787 206
788 171
789 193
790 218
791 203
792 211
793 170
794 216
795 186
796 197
797 184
798 192
799 184
800 193
801 209
802 196
803 184
804 183
805 192
806 212
807 191
808 174
809 191
810 220
811 201
812 195
813 196
814 227
815 179
816 178
817 180
818 233
819 196
820 181
821 188
822 200
823 165
824 198
825 202
826 173
827 195
828 168
829 210
830 177
831 187
832 210
833 179
834 194
835 206
836 178
837 192
838 184
839 213
840 210
841 177
842 175
843 191
844 189
845 204
846 194
847 167
848 201
849 179
850 178
851 179
852 189
853 191
854 136
855 179
856 162
857 162
858 176
859 156
860 187
861 173
862 167
863 159
864 165
865 173
866 160
867 185
868 170
869 160
870 180
871 155
872 161
873 170
874 180
875 209
876 176
877 182
878 164
879 155
880 190
881 196
882 171
883 163
884 165
885 199
886 179
887 167
888 179
889 179
890 167
891 180
892 187
893 185
894 170
895 187
896 159
897 150
898 174
899 168
900 178
901 201
902 170
903 155
904 160
905 166
906 152
907 188
908 162
909 157
910 175
911 175
912 192
913 181
914 160
915 179
916 173
917 154
918 185
919 172
920 188
921 153
922 161
923 140
924 157
925 178
926 164
927 162
928 169
929 167
930 159
931 160
932 156
933 168
934 177
935 148
936 161
937 168
938 179
939 146
940 153
941 152
942 159
943 167
944 155
945 149
946 163
947 148
948 158
949 158
950 172
951 156
952 133
953 149
954 143
955 158
956 139
957 123
958 156
959 149
960 154
961 165
962 155
963 142
964 141
965 144
966 138
967 147
968 129
969 159
970 160
971 137
972 140
973 155
974 163
975 152
976 136
977 134
978 140
979 151
980 133
981 140
982 140
983 143
984 136
985 124
986 147
987 149
988 132
989 147
990 117
991 148
992 134
993 146
994 151
995 137
996 145
997 137
998 137
999 143
1000 135
1001 124
1002 118
1003 138
1004 110
1005 133
1006 145
1007 139
1008 130
1009 114
1010 147
1011 119
1012 144
1013 127
1014 116
1015 147
1016 123
1017 135
1018 123
1019 141
1020 138
1021 147
1022 141
1023 146
1024 141
1025 109
1026 111
1027 128
1028 132
1029 124
1030 145
1031 138
1032 117
1033 125
1034 128
1035 140
1036 130
1037 122
1038 130
1039 117
1040 131
1041 129
1042 115
1043 108
1044 106
1045 135
1046 119
1047 113
1048 119
1049 113
1050 116
1051 105
1052 107
1053 123
1054 109
1055 121
1056 116
1057 129
1058 103
1059 101
1060 101
1061 136
1062 130
1063 117
1064 96
1065 125
1066 105
1067 137
1068 118
1069 101
1070 130
1071 108
1072 108
1073 109
1074 106
1075 128
1076 101
1077 144
1078 110
1079 124
1080 120
1081 108
1082 113
1083 107
1084 106
1085 109
1086 118
1087 101
1088 102
1089 119
1090 111
1091 102
1092 102
1093 112
1094 106
1095 119
1096 95
1097 90
1098 100
1099 117
1100 95
1101 116
1102 109
1103 100
1104 95
1105 100
1106 117
1107 100
1108 100
1109 102
1110 101
1111 101
1112 88
1113 95
1114 79
1115 89
1116 97
1117 89
1118 109
1119 86
1120 77
1121 103
1122 95
1123 73
1124 100
1125 90
1126 98
1127 94
1128 94
1129 96
1130 90
1131 112
1132 91
1133 85
1134 78
1135 79
1136 91
1137 93
1138 83
1139 66
1140 90
1141 89
1142 83
1143 77
1144 84
1145 76
1146 94
1147 75
1148 69
1149 91
1150 70
1151 96
1152 68
1153 76
1154 73
1155 78
1156 73
1157 82
1158 108
1159 84
1160 83
1161 98
1162 78
1163 82
1164 94
1165 84
1166 74
1167 76
1168 86
1169 68
1170 78
1171 65
1172 77
1173 83
1174 75
1175 69
1176 70
1177 83
1178 79
1179 77
1180 79
1181 86
1182 65
1183 66
1184 66
1185 63
1186 79
1187 85
1188 93
1189 67
1190 55
1191 73
1192 79
1193 63
1194 74
1195 68
1196 61
1197 75
1198 60
1199 70
1200 82
1201 71
1202 56
1203 65
1204 45
1205 66
1206 61
1207 70
1208 55
1209 62
1210 57
1211 73
1212 66
1213 56
1214 57
1215 74
1216 51
1217 58
1218 72
1219 62
1220 53
1221 57
1222 61
1223 71
1224 60
1225 67
1226 61
1227 54
1228 62
1229 55
1230 69
1231 66
1232 63
1233 61
1234 60
1235 72
1236 56
1237 78
1238 60
1239 57
1240 56
1241 60
1242 56
1243 46
1244 52
1245 56
1246 55
1247 59
1248 54
1249 62
1250 66
1251 55
1252 45
1253 69
1254 45
1255 60
1256 46
1257 53
1258 47
1259 53
1260 46
1261 60
1262 47
1263 48
1264 44
1265 36
1266 53
1267 59
1268 45
1269 46
1270 54
1271 46
1272 50
1273 44
1274 42
1275 44
1276 41
1277 40
1278 43
1279 49
1280 42
1281 41
1282 41
1283 36
1284 46
1285 43
1286 38
1287 50
1288 41
1289 39
1290 39
1291 44
1292 38
1293 50
1294 39
1295 45
1296 48
1297 36
1298 45
1299 38
1300 40
1301 39
1302 36
1303 51
1304 38
1305 42
1306 40
1307 39
1308 28
1309 35
1310 49
1311 39
1312 37
1313 51
1314 38
1315 38
1316 36
1317 41
1318 35
1319 36
1320 36
1321 39
1322 28
1323 45
1324 36
1325 47
1326 37
1327 48
1328 45
1329 37
1330 33
1331 39
1332 33
1333 36
1334 32
1335 32
1336 30
1337 33
1338 35
1339 21
1340 31
1341 27
1342 38
1343 22
1344 44
1345 29
1346 35
1347 44
1348 34
1349 35
1350 37
1351 36
1352 30
1353 36
1354 42
1355 23
1356 28
1357 31
1358 25
1359 28
1360 44
1361 29
1362 29
1363 31
1364 20
1365 24
1366 35
1367 31
1368 25
1369 22
1370 23
1371 25
1372 32
1373 35
1374 26
1375 18
1376 30
1377 24
1378 28
1379 22
1380 29
1381 26
1382 23
1383 27
1384 39
1385 27
1386 29
1387 26
1388 25
1389 33
1390 28
1391 31
1392 21
1393 33
1394 23
1395 19
1396 24
1397 22
1398 27
1399 18
1400 22
1401 27
1402 20
1403 16
1404 25
1405 30
1406 23
1407 26
1408 15
1409 17
1410 19
1411 16
1412 24
1413 33
1414 14
1415 19
1416 26
1417 23
1418 23
1419 21
1420 28
1421 16
1422 26
1423 19
1424 20
1425 23
1426 21
1427 16
1428 24
1429 25
1430 17
1431 29
1432 15
1433 11
1434 19
1435 25
1436 12
1437 20
1438 19
1439 14
1440 33
1441 17
1442 23
1443 14
1444 16
1445 19
1446 16
1447 15
1448 14
1449 12
1450 18
1451 22
1452 25
1453 27
1454 16
1455 22
1456 16
1457 23
1458 16
1459 24
1460 18
1461 19
1462 13
1463 24
1464 19
1465 22
1466 18
1467 17
1468 11
1469 13
1470 10
1471 17
1472 11
1473 9
1474 10
1475 16
1476 26
1477 19
1478 14
1479 16
1480 21
1481 21
1482 11
1483 21
1484 15
1485 11
1486 19
1487 12
1488 24
1489 12
1490 11
1491 21
1492 12
1493 13
1494 18
1495 14
1496 18
1497 15
1498 14
1499 19
1500 17
1501 11
1502 16
1503 16
1504 11
1505 11
1506 8
1507 11
1508 16
1509 12
1510 18
1511 14
1512 9
1513 18
1514 11
1515 12
1516 15
1517 13
1518 9
1519 10
1520 13
1521 7
1522 12
1523 9
1524 13
1525 17
1526 23
1527 13
1528 11
1529 9
1530 9
1531 10
1532 13
1533 17
1534 15
1535 18
1536 13
1537 11
1538 7
1539 12
1540 16
1541 13
1542 18
1543 9
1544 16
1545 11
1546 12
1547 7
1548 6
1549 11
1550 7
1551 11
1552 11
1553 8
1554 8
1555 9
1556 10
1557 15
1558 13
1559 7
1560 10
1561 16
1562 10
1563 6
1564 7
1565 9
1566 7
1567 5
1568 6
1569 10
1570 8
1571 8
1572 12
1573 11
1574 3
1575 8
1576 12
1577 10
1578 7
1579 10
1580 10
1581 14
1582 11
1583 8
1584 8
1585 9
1586 5
1587 9
1588 11
1589 6
1590 9
1591 7
1592 10
1593 10
1594 5
1595 9
1596 10
1597 6
1598 7
1599 13
1600 5
1601 9
1602 11
1603 9
1604 8
1605 7
1606 9
1607 6
1608 5
1609 6
1610 9
1611 6
1612 10
1613 7
1614 7
1615 6
1616 10
1617 6
1618 9
1619 3
1620 8
1621 5
1622 4
1623 1
1624 7
1625 5
1626 3
1627 7
1628 5
1629 10
1630 3
1631 10
1632 9
1633 6
1634 12
1635 2
1636 7
1637 4
1638 8
1639 7
1640 7
1641 7
1642 4
1643 6
1644 7
1645 5
1646 6
1647 6
1648 1
1649 7
1650 2
1651 5
1652 7
1653 3
1654 7
1655 3
1656 4
1657 8
1658 9
1659 2
1660 12
1661 10
1662 5
1663 3
1664 6
1665 5
1666 7
1667 2
1668 5
1669 4
1670 1
1671 7
1672 3
1673 4
1674 6
1675 2
1676 4
1677 2
1678 5
1679 1
1680 5
1681 4
1682 4
1683 5
1684 5
1685 3
1686 6
1687 4
1688 6
1689 7
1690 3
1691 6
1692 2
1693 4
1694 2
1695 1
1696 3
1697 1
1698 6
1699 7
1700 2
1701 4
1702 1
1703 5
1704 6
1705 6
1706 1
1707 5
1708 7
1709 3
1710 2
1711 1
1712 5
1713 3
1714 1
1715 2
1716 5
1717 3
1718 5
1719 3
1720 8
1721 3
1722 2
1723 3
1724 3
1725 5
1726 4
1727 1
1728 0
1729 2
1730 4
1731 3
1732 1
1733 4
1734 4
1735 1
1736 5
1737 7
1738 2
1739 6
1740 5
1741 6
1742 3
1743 5
1744 1
1745 0
1746 2
1747 4
1748 4
1749 3
1750 4
1751 3
1752 2
1753 6
1754 3
1755 3
1756 2
1757 1
1758 2
1759 1
1760 4
1761 4
1762 2
1763 0
1764 4
1765 3
1766 4
1767 4
1768 1
1769 0
1770 2
1771 3
1772 4
1773 1
1774 3
1775 2
1776 5
1777 2
1778 4
1779 3
1780 7
1781 1
1782 2
1783 3
1784 2
1785 1
1786 2
1787 2
1788 3
1789 2
1790 1
1791 2
1792 3
1793 1
1794 0
1795 5
1796 1
1797 3
1798 2
1799 3
1800 1
1801 1
1802 6
1803 1
1804 2
1805 1
1806 1
1807 5
1808 3
1809 2
1810 1
1811 0
1812 2
1813 3
1814 0
1815 3
1816 3
1817 1
1818 3
1819 2
1820 3
1821 5
1822 2
1823 2
1824 2
1825 1
1826 3
1827 4
1828 1
1829 2
1830 1
1831 1
1832 0
1833 2
1834 3
1835 0
1836 1
1837 1
1838 1
1839 2
1840 2
1841 1
1842 2
1843 2
1844 0
1845 1
1846 3
1847 3
1848 1
1849 1
1850 5
1851 2
1852 0
1853 1
1854 0
1855 0
1856 3
1857 2
1858 1
1859 1
1860 2
1861 1
1862 1
1863 0
1864 2
1865 0
1866 0
1867 1
1868 1
1869 1
1870 6
1871 3
1872 0
1873 0
1874 1
1875 2
1876 0
1877 3
1878 1
1879 1
1880 1
1881 2
1882 0
1883 1
1884 2
1885 0
1886 1
1887 3
1888 2
1889 0
1890 0
1891 1
1892 1
1893 0
1894 0
1895 0
1896 1
1897 2
1898 1
1899 1
1900 1
1901 2
1902 0
1903 0
1904 2
1905 0
1906 1
1907 0
1908 2
1909 0
1910 1
1911 1
1912 1
1913 2
1914 0
1915 0
1916 0
1917 0
1918 0
1919 0
1920 0
1921 0
1922 0
1923 2
1924 3
1925 1
1926 2
1927 1
1928 0
1929 3
1930 0
1931 2
1932 0
1933 0
1934 3
1935 2
1936 1
1937 3
1938 2
1939 0
1940 1
1941 1
1942 1
1943 1
1944 1
1945 1
1946 1
1947 2
1948 0
1949 2
1950 0
1951 1
1952 0
1953 2
1954 3
1955 2
1956 3
1957 2
1958 1
1959 1
1960 0
1961 1
1962 1
1963 1
1964 2
1965 1
1966 2
1967 1
1968 2
1969 2
1970 1
1971 0
1972 0
1973 0
1974 1
1975 0
1976 1
1977 0
1978 1
1979 0
1980 2
1981 0
1982 0
1983 1
1984 0
1985 0
1986 0
1987 0
1988 0
1989 2
1990 1
1991 1
1992 1
1993 0
1994 2
1995 1
1996 1
1997 0
1998 2
1999 0
2000 1
2001 0
2002 0
2003 2
2004 1
2005 1
2006 0
2007 0
2008 0
2009 0
2010 2
2011 1
2012 0
2013 1
2014 1
2015 0
2016 1
2017 1
2018 0
2019 1
2020 1
2021 1
2022 0
2023 0
2024 1
2025 1
2026 0
2027 1
2028 1
2029 0
2030 0
2031 1
2032 0
2033 0
2034 1
2035 0
2036 1
2037 0
2038 1
2039 0
2040 0
2041 0
2042 0
2043 1
2044 0
2045 0
2046 0
2047 0
2048 1
2049 1
2050 1
2051 0
2052 1
2053 0
2054 1
2055 0
2056 0
2057 1
2058 1
2059 1
2060 0
2061 0
2062 1
2063 0
2064 0
2065 0
2066 0
2067 1
2068 0
2069 0
2070 0
2071 0
2072 1
2073 0
2074 0
2075 0
2076 0
2077 1
2078 0
2079 0
2080 0
2081 1
2082 1
2083 0
2084 0
2085 0
2086 0
2087 1
2088 0
2089 0
2090 0
2091 0
2092 1
2093 0
2094 0
2095 0
2096 2
2097 0
2098 0
2099 0
2100 0
2101 0
2102 0
2103 1
2104 0
2105 1
2106 0
2107 0
2108 0
2109 1
2110 0
2111 2
2112 0
2113 0
2114 0
2115 0
2116 1
2117 0
2118 0
2119 0
2120 0
2121 0
2122 0
2123 0
2124 1
2125 0
2126 0
2127 0
2128 0
2129 0
2130 0
2131 0
2132 1
2133 0
2134 0
2135 1
2136 0
2137 1
2138 0
2139 0
2140 0
2141 1
2142 1
2143 1
2144 0
2145 0
2146 1
2147 0
2148 0
2149 0
2150 0
2151 0
2152 2
2153 0
2154 0
2155 0
2156 1
2157 0
2158 0
2159 1
2160 1
2161 0
2162 1
2163 0
2164 1
2165 0
2166 0
2167 0
2168 0
2169 0
2170 0
2171 0
2172 0
2173 0
2174 0
2175 0
2176 0
2177 0
2178 0
2179 0
2180 1
2181 1
2182 0
2183 0
2184 0
2185 1
2186 0
2187 0
2188 1
2189 1
2190 0
2191 0
2192 0
2193 0
2194 0
2195 0
2196 0
2197 1
2198 0
2199 0
2200 0
2201 0
2202 0
2203 1
2204 1
2205 0
2206 1
2207 0
2208 0
2209 1
2210 1
2211 1
2212 0
2213 0
2214 0
2215 1
2216 0
2217 0
2218 1
2219 0
2220 0
2221 0
2222 0
2223 0
2224 1
2225 1
2226 0
2227 0
2228 0
2229 0
2230 0
2231 0
2232 0
2233 0
2234 0
2235 0
2236 0
2237 0
2238 1
2239 0
2240 0
2241 1
2242 0
2243 0
2244 0
2245 0
2246 0
2247 0
2248 0
2249 0
2250 2
2251 0
2252 0
2253 0
2254 0
2255 0
2256 0
2257 0
2258 0
2259 1
2260 1
2261 0
2262 0
2263 0
2264 0
2265 0
2266 1
2267 0
2268 0
2269 0
2270 1
2271 0
2272 0
2273 0
2274 0
2275 0
2276 1
2277 0
2278 0
2279 0
2280 0
2281 0
2282 0
2283 1
2284 0
2285 0
2286 0
2287 1
2288 0
2289 0
2290 0
2291 0
2292 0
2293 0
2294 0
2295 0
2296 0
2297 1
2298 0
2299 0
2300 0
2301 0
2302 1
2303 0
2304 0
2305 1
2306 1
2307 0
2308 0
2309 0
2310 0
2311 0
2312 0
2313 0
2314 0
2315 0
2316 1
2317 0
2318 0
2319 0
2320 0
2321 0
2322 0
2323 0
2324 0
2325 0
2326 0
2327 0
2328 0
2329 0
2330 0
2331 0
2332 0
2333 0
2334 0
2335 0
2336 0
2337 1
2338 0
2339 0
2340 0
2341 0
2342 1
2343 0
2344 0
2345 1
2346 0
2347 0
2348 0
2349 0
2350 0
2351 0
2352 0
2353 0
2354 0
2355 1
2356 0
2357 0
2358 0
2359 0
2360 0
2361 0
2362 0
2363 1
2364 0
2365 0
2366 0
2367 0
2368 0
2369 0
2370 0
2371 0
2372 0
2373 0
2374 0
2375 0
2376 0
2377 0
2378 0
2379 0
2380 1
2381 0
2382 0
2383 0
2384 0
2385 0
2386 1
2387 0
2388 0
2389 0
2390 0
2391 0
2392 0
2393 0
2394 0
2395 0
2396 0
2397 0
2398 0
2399 0
2400 0
2401 0
2402 0
2403 1
2404 0
2405 0
2406 0
2407 0
2408 1
2409 0
2410 0
2411 0
2412 0
2413 1
2414 0
2415 0
2416 0
2417 0
2418 0
2419 0
2420 0
2421 0
2422 0
2423 0
2424 0
2425 0
2426 0
2427 0
2428 0
2429 0
2430 0
2431 0
2432 0
2433 0
2434 0
2435 0
2436 0
2437 0
2438 0
2439 0
2440 0
2441 0
2442 0
2443 0
2444 0
2445 0
2446 0
2447 0
2448 0
2449 0
2450 0
2451 0
2452 0
2453 0
2454 1
2455 0
2456 0
2457 0
2458 0
2459 0
2460 0
2461 0
2462 0
2463 0
2464 0
2465 0
2466 0
2467 0
2468 0
2469 0
2470 0
2471 0
2472 0
2473 0
2474 0
2475 0
2476 0
2477 0
2478 0
2479 0
2480 0
2481 0
2482 0
2483 0
2484 0
2485 0
2486 0
2487 0
2488 0
2489 0
2490 0
2491 0
2492 0
2493 0
2494 0
2495 0
2496 0
2497 0
2498 0
2499 0
2500 0
2501 0
2502 0
2503 0
2504 0
2505 0
2506 0
2507 0
2508 0
2509 0
2510 0
2511 0
2512 0
2513 0
2514 0
2515 0
2516 0
2517 0
2518 0
2519 0
2520 0
2521 0
2522 0
2523 0
2524 0
2525 0
2526 0
2527 0
2528 0
2529 0
2530 0
2531 0
2532 0
2533 0
2534 0
2535 0
2536 0
2537 0
2538 0
2539 0
2540 1
2541 0
2542 0
2543 0
2544 0
2545 0
2546 0
2547 0
2548 0
2549 0
2550 0
2551 0
2552 0
2553 0
2554 0
2555 0
2556 0
2557 0
2558 0
2559 0
2560 0
2561 0
2562 0
2563 0
2564 0
2565 0
2566 0
2567 0
2568 0
2569 0
2570 0
2571 0
2572 0
2573 0
2574 0
2575 0
2576 0
2577 0
2578 0
2579 1
2580 0
2581 0
2582 0
2583 0
2584 0
2585 0
2586 0
2587 0
2588 0
2589 0
2590 0
2591 0
2592 0
2593 0
2594 0
2595 0
2596 0
2597 0
2598 0
2599 0
2600 0
2601 0
2602 0
2603 0
2604 0
2605 0
2606 0
2607 0
2608 0
2609 0
2610 0
2611 0
2612 0
2613 0
2614 0
2615 0
2616 0
2617 0
2618 0
2619 0
2620 0
2621 0
2622 0
2623 0
2624 0
2625 0
2626 0
2627 0
2628 0
2629 0
2630 0
2631 0
2632 0
2633 0
2634 0
2635 0
2636 0
2637 0
2638 0
2639 0
2640 0
2641 0
2642 0
2643 0
2644 0
2645 0
2646 0
2647 0
2648 0
2649 1
2650 0
2651 0
2652 0
2653 0
2654 0
2655 0
2656 0
2657 0
2658 0
2659 0
2660 0
2661 0
2662 0
2663 0
2664 0
2665 0
2666 0
2667 0
2668 0
2669 0
2670 0
2671 0
2672 0
2673 0
2674 0
2675 0
2676 0
2677 0
2678 0
2679 0
2680 0
2681 0
2682 0
2683 0
2684 0
2685 0
2686 0
2687 0
2688 0
2689 0
2690 0
2691 0
2692 0
2693 0
2694 0
2695 0
2696 0
2697 0
2698 0
2699 0
2700 0
2701 0
2702 0
2703 0
2704 0
2705 0
2706 0
2707 0
2708 0
2709 0
2710 0
2711 0
2712 0
2713 0
2714 0
2715 0
2716 0
2717 0
2718 0
2719 0
2720 0
2721 0
2722 0
2723 0
2724 0
2725 0
2726 0
2727 0
2728 0
2729 0
2730 0
2731 0
2732 0
2733 0
2734 0
2735 0
2736 0
2737 0
2738 0
2739 0
2740 0
2741 0
2742 0
2743 1
2744 0
2745 0
2746 0
2747 0
2748 0
2749 0
2750 0
2751 0
2752 0
2753 0
2754 0
2755 0
2756 0
2757 0
2758 0
2759 0
2760 0
2761 0
2762 0
2763 0
2764 0
2765 0
2766 0
2767 0
2768 0
2769 0
2770 0
2771 0
2772 0
2773 0
2774 0
2775 0
2776 0
2777 0
2778 0
2779 0
2780 0
2781 0
2782 0
2783 0
2784 0
2785 0
2786 0
2787 0
2788 0
2789 0
2790 0
2791 0
2792 0
2793 0
2794 0
2795 0
2796 0
2797 0
2798 0
2799 0
2800 0
2801 0
2802 0
2803 0
2804 0
2805 0
2806 0
2807 0
2808 0
2809 0
2810 0
2811 1
2812 0
2813 0
2814 0
2815 0
2816 0
2817 0
2818 0
2819 0
2820 0
2821 0
2822 0
2823 0
2824 0
2825 0
2826 0
2827 0
2828 0
2829 0
2830 0
2831 0
2832 0
2833 0
2834 0
2835 0
2836 0
2837 0
2838 0
2839 0
2840 0
2841 0
2842 0
2843 0
2844 0
2845 0
2846 0
2847 0
2848 0
2849 0
2850 0
2851 0
2852 1
2853 0
2854 0
2855 0
2856 0
2857 0
2858 0
2859 0
2860 0
2861 0
2862 0
2863 0
2864 0
2865 0
2866 0
2867 0
2868 0
2869 0
2870 0
2871 0
2872 0
2873 0
2874 0
2875 0
2876 0
2877 0
2878 0
2879 0
2880 0
2881 0
2882 0
2883 0
2884 0
2885 0
2886 0
2887 0
2888 0
2889 0
2890 0
2891 0
2892 0
2893 0
2894 0
2895 0
2896 0
2897 0
2898 0
2899 0
2900 0
2901 0
2902 0
2903 0
2904 0
2905 0
2906 0
2907 0
2908 0
2909 0
2910 0
2911 0
2912 0
2913 0
2914 0
2915 0
2916 0
2917 0
2918 0
2919 0
2920 0
2921 0
2922 0
2923 0
2924 0
2925 0
2926 0
2927 0
2928 0
2929 0
2930 0
2931 0
2932 0
2933 0
2934 0
2935 0
2936 0
2937 0
2938 0
2939 0
2940 0
2941 0
2942 0
2943 0
2944 0
2945 0
2946 0
2947 0
2948 0
2949 0
2950 0
2951 0
2952 0
2953 0
2954 0
2955 0
2956 0
2957 0
2958 0
2959 0
2960 0
2961 0
2962 0
2963 0
2964 0
2965 0
2966 1
2967 0
2968 0
2969 0
2970 0
2971 0
2972 0
2973 0
2974 0
2975 0
2976 0
2977 0
2978 0
2979 0
2980 0
2981 0
2982 0
2983 0
2984 0
2985 0
2986 0
2987 0
2988 0
2989 0
2990 0
2991 0
2992 0
2993 0
2994 1
2995 0
2996 0
2997 0
2998 0
2999 0
3000 0
3001 0
3002 0
3003 0
3004 0
3005 0
3006 0
3007 0
3008 0
3009 0
3010 0
3011 0
3012 0
3013 0
3014 0
3015 0
3016 0
3017 0
3018 0
3019 0
3020 0
3021 0
3022 0
3023 0
3024 0
3025 0
3026 0
3027 0
3028 0
3029 0
3030 0
3031 0
3032 0
3033 0
3034 0
3035 0
3036 0
3037 0
3038 0
3039 0
3040 0
3041 0
3042 0
3043 0
3044 0
3045 0
3046 0
3047 0
3048 0
3049 0
3050 0
3051 0
3052 0
3053 0
3054 0
3055 0
3056 0
3057 0
3058 0
3059 0
3060 0
3061 0
3062 0
3063 0
3064 0
3065 0
3066 0
3067 0
3068 1
3069 0
3070 0
3071 1
3072 0
3073 0
3074 0
3075 0
3076 0
3077 0
3078 0
3079 0
3080 0
3081 0
3082 0
3083 0
3084 0
3085 0
3086 0
3087 0
3088 0
3089 0
3090 0
3091 0
3092 0
3093 0
3094 0
3095 0
3096 0
3097 0
3098 0
3099 0
3100 0
3101 0
3102 0
3103 0
3104 0
3105 0
3106 0
3107 0
3108 0
3109 0
3110 0
3111 0
3112 0
3113 0
3114 0
3115 0
3116 0
3117 0
3118 0
3119 0
3120 0
3121 0
3122 0
3123 0
3124 0
3125 0
3126 0
3127 0
3128 0
3129 0
3130 0
3131 0
3132 0
3133 0
3134 0
3135 0
3136 0
3137 0
3138 0
3139 0
3140 0
3141 0
3142 0
3143 0
3144 0
3145 0
3146 0
3147 0
3148 0
3149 0
3150 0
3151 0
3152 0
3153 0
3154 0
3155 0
3156 0
3157 0
3158 0
3159 0
3160 0
3161 0
3162 0
3163 0
3164 0
3165 0
3166 0
3167 0
3168 0
3169 0
3170 0
3171 0
3172 0
3173 0
3174 0
3175 0
3176 0
3177 0
3178 0
3179 0
3180 0
3181 0
3182 0
3183 0
3184 0
3185 0
3186 0
3187 0
3188 0
3189 0
3190 0
3191 0
3192 0
3193 0
3194 0
3195 0
3196 0
3197 0
3198 0
3199 0
3200 0
3201 0
3202 0
3203 0
3204 0
3205 0
3206 0
3207 0
3208 0
3209 0
3210 0
3211 0
3212 0
3213 0
3214 0
3215 0
3216 0
3217 0
3218 0
3219 0
3220 0
3221 0
3222 0
3223 0
3224 0
3225 0
3226 0
3227 0
3228 0
3229 0
3230 0
3231 0
3232 0
3233 0
3234 0
3235 0
3236 0
3237 0
3238 0
3239 0
3240 0
3241 0
3242 0
3243 0
3244 0
3245 0
3246 0
3247 0
3248 0
3249 0
3250 0
3251 0
3252 0
3253 0
3254 0
3255 0
3256 1
3257 0
3258 0
3259 0
3260 0
3261 0
3262 0
3263 0
3264 0
3265 0
3266 0
3267 0
3268 0
3269 0
3270 0
3271 0
3272 0
3273 0
3274 0
3275 0
3276 0
3277 0
3278 0
3279 0
3280 0
3281 0
3282 0
3283 0
3284 0
3285 0
3286 0
3287 0
3288 0
3289 0
3290 0
3291 0
3292 0
3293 0
3294 0
3295 0
3296 0
3297 0
3298 0
3299 0
3300 0
3301 0
3302 0
3303 0
3304 0
3305 0
3306 0
3307 1
3308 0
3309 0
3310 0
3311 0
3312 0
3313 0
3314 0
3315 0
3316 0
3317 0
3318 0
3319 0
3320 0
3321 0
3322 0
3323 0
3324 0
3325 0
3326 0
3327 0
3328 0
3329 0
3330 0
3331 0
3332 0
3333 0
3334 0
3335 0
3336 0
3337 0
3338 0
3339 0
3340 0
3341 0
3342 0
3343 0
3344 1
3345 0
3346 0
3347 0
3348 0
3349 0
3350 0
3351 0
3352 0
3353 0
3354 0
3355 0
3356 0
3357 0
3358 0
3359 0
3360 0
3361 0
3362 0
3363 0
3364 0
3365 0
3366 0
3367 0
3368 0
3369 0
3370 0
3371 0
3372 0
3373 0
3374 0
3375 0
3376 0
3377 0
3378 0
3379 0
3380 0
3381 0
3382 0
3383 0
3384 0
3385 0
3386 0
3387 0
3388 0
3389 0
3390 0
3391 0
3392 0
3393 0
3394 0
3395 0
3396 0
3397 0
3398 0
3399 0
3400 0
3401 0
3402 0
3403 0
3404 0
3405 0
3406 0
3407 0
3408 0
3409 0
3410 0
3411 0
3412 0
3413 0
3414 0
3415 0
3416 0
3417 0
3418 0
3419 0
3420 0
3421 0
3422 0
3423 0
3424 0
3425 0
3426 0
3427 0
3428 0
3429 0
3430 0
3431 0
3432 0
3433 0
3434 0
3435 0
3436 0
3437 0
3438 0
3439 0
3440 0
3441 0
3442 0
3443 0
3444 0
3445 0
3446 0
3447 0
3448 0
3449 0
3450 0
3451 0
3452 0
3453 0
3454 0
3455 0
3456 0
3457 0
3458 0
3459 0
3460 0
3461 0
3462 0
3463 0
3464 0
3465 0
3466 0
3467 0
3468 0
3469 0
3470 0
3471 0
3472 0
3473 0
3474 0
3475 0
3476 0
3477 0
3478 0
3479 0
3480 0
3481 0
3482 0
3483 0
3484 0
3485 0
3486 0
3487 0
3488 0
3489 0
3490 0
3491 0
3492 0
3493 0
3494 0
3495 0
3496 0
3497 0
3498 0
3499 0
3500 0
3501 0
3502 0
3503 0
3504 0
3505 0
3506 0
3507 0
3508 0
3509 0
3510 0
3511 0
3512 0
3513 0
3514 0
3515 0
3516 0
3517 0
3518 0
3519 0
3520 1
3521 0
3522 0
3523 0
3524 0
3525 0
3526 0
3527 0
3528 0
3529 0
3530 0
3531 0
3532 0
3533 0
3534 0
3535 0
3536 0
3537 0
3538 0
3539 0
3540 0
3541 0
3542 0
3543 0
3544 0
3545 0
3546 0
3547 0
3548 0
3549 0
3550 0
3551 0
3552 0
3553 0
3554 0
3555 0
3556 0
3557 1
3558 0
3559 0
3560 0
3561 0
3562 0
3563 0
3564 0
3565 0
3566 0
3567 0
3568 0
3569 0
3570 0
3571 0
3572 0
3573 0
3574 0
3575 0
3576 0
3577 1
3578 0
3579 0
3580 0
3581 0
3582 0
3583 0
3584 0
3585 0
3586 0
3587 0
3588 0
3589 0
3590 1
3591 0
3592 0
3593 0
3594 0
3595 0
3596 0
3597 0
3598 0
3599 0
3600 0
3601 0
3602 0
3603 0
3604 0
3605 0
3606 0
3607 0
3608 0
3609 0
3610 0
3611 0
3612 0
3613 0
3614 0
3615 0
3616 0
3617 0
3618 0
3619 0
3620 0
3621 0
3622 1
3623 0
3624 0
3625 0
3626 0
3627 0
3628 0
3629 0
3630 0
3631 0
3632 0
3633 0
3634 0
3635 0
3636 0
3637 0
3638 0
3639 0
3640 0
3641 0
3642 0
3643 0
3644 0
3645 0
3646 0
3647 0
3648 0
3649 0
3650 0
3651 2
3652 0
3653 0
3654 0
3655 0
3656 0
3657 0
3658 0
3659 0
3660 0
3661 0
3662 0
3663 0
3664 0
3665 0
3666 0
3667 0
3668 0
3669 0
3670 0
3671 0
3672 0
3673 0
3674 0
3675 0
3676 0
3677 0
3678 0
3679 0
3680 0
3681 0
3682 0
3683 0
3684 0
3685 0
3686 0
3687 0
3688 0
3689 0
3690 0
3691 0
3692 0
3693 0
3694 0
3695 0
3696 0
3697 0
3698 0
3699 0
3700 0
3701 0
3702 0
3703 0
3704 0
3705 0
3706 0
3707 0
3708 0
3709 0
3710 0
3711 0
3712 0
3713 0
3714 0
3715 0
3716 0
3717 0
3718 0
3719 0
3720 0
3721 0
3722 0
3723 0
3724 0
3725 0
3726 0
3727 0
3728 0
3729 0
3730 0
3731 0
3732 0
3733 0
3734 0
3735 0
3736 0
3737 0
3738 0
3739 0
3740 0
3741 0
3742 0
3743 0
3744 0
3745 0
3746 0
3747 0
3748 0
3749 0
3750 0
3751 0
3752 0
3753 0
3754 0
3755 0
3756 0
3757 0
3758 0
3759 0
3760 1
3761 0
3762 0
3763 0
3764 0
3765 0
3766 0
3767 0
3768 0
3769 0
3770 0
3771 0
3772 0
3773 0
3774 0
3775 0
3776 0
3777 0
3778 0
3779 0
3780 0
3781 0
3782 0
3783 0
3784 0
3785 0
3786 0
3787 1
3788 0
3789 0
3790 0
3791 0
3792 0
3793 0
3794 0
3795 0
3796 0
3797 0
3798 0
3799 0
3800 1
3801 0
3802 0
3803 0
3804 0
3805 0
3806 1
3807 0
3808 0
3809 0
3810 0
3811 0
3812 0
3813 0
3814 0
3815 0
3816 0
3817 0
3818 0
3819 0
3820 0
3821 0
3822 0
3823 0
3824 0
3825 0
3826 0
3827 1
3828 0
3829 0
3830 0
3831 1
3832 0
3833 0
3834 0
3835 0
3836 0
3837 0
3838 0
3839 0
3840 0
3841 0
3842 0
3843 0
3844 0
3845 0
3846 0
3847 0
3848 0
3849 0
3850 0
3851 0
3852 0
3853 0
3854 0
3855 0
3856 0
3857 0
3858 0
3859 0
3860 0
3861 0
3862 0
3863 0
3864 0
3865 0
3866 0
3867 0
3868 0
3869 0
3870 0
3871 0
3872 0
3873 0
3874 0
3875 0
3876 0
3877 0
3878 0
3879 0
3880 0
3881 0
3882 0
3883 0
3884 0
3885 0
3886 0
3887 0
3888 0
3889 0
3890 0
3891 0
3892 0
3893 0
3894 0
3895 0
3896 0
3897 0
3898 0
3899 0
3900 0
3901 0
3902 0
3903 0
3904 0
3905 0
3906 0
3907 0
3908 0
3909 0
3910 0
3911 0
3912 0
3913 0
3914 0
3915 0
3916 0
3917 0
3918 0
3919 0
3920 0
3921 0
3922 0
3923 0
3924 0
3925 0
3926 0
3927 0
3928 0
3929 0
3930 0
3931 0
3932 0
3933 0
3934 0
3935 0
3936 0
3937 0
3938 0
3939 0
3940 0
3941 0
3942 0
3943 0
3944 0
3945 0
3946 0
3947 0
3948 0
3949 0
3950 0
3951 0
3952 0
3953 0
3954 0
3955 0
3956 0
3957 0
3958 0
3959 0
3960 0
3961 0
3962 0
3963 0
3964 0
3965 0
3966 0
3967 0
3968 0
3969 0
3970 0
3971 0
3972 0
3973 0
3974 0
3975 0
3976 0
3977 0
3978 0
3979 0
3980 0
3981 0
3982 0
3983 0
3984 0
3985 0
3986 0
3987 0
3988 0
3989 0
3990 0
3991 0
3992 0
3993 0
3994 0
3995 0
3996 0
3997 0
3998 0
3999 0
4000 0
