0 0
1 0
2 0
3 0
4 0
5 0
6 0
7 0
8 0
9 0
10 0
11 0
12 0
13 0
14 0
15 0
16 0
17 0
18 0
19 0
20 0
21 0
22 0
23 0
24 0
25 0
26 0
27 0
28 0
29 0
30 0
31 0
32 0
33 0
34 0
35 0
36 0
37 0
38 0
39 0
40 0
41 0
42 0
43 0
44 0
45 0
46 0
47 0
48 0
49 0
50 0
51 0
52 0
53 0
54 0
55 0
56 0
57 0
58 0
59 0
60 0
61 0
62 0
63 0
64 0
65 0
66 0
67 0
68 0
69 0
70 0
71 0
72 0
73 0
74 0
75 0
76 0
77 0
78 0
79 0
80 0
81 0
82 0
83 0
84 0
85 0
86 0
87 0
88 0
89 0
90 0
91 0
92 0
93 0
94 0
95 0
96 0
97 0
98 0
99 0
100 0
101 0
102 0
103 0
104 0
105 0
106 0
107 0
108 0
109 0
110 0
111 0
112 0
113 0
114 0
115 0
116 0
117 0
118 0
119 0
120 0
121 0
122 0
123 0
124 0
125 0
126 0
127 0
128 0
129 0
130 0
131 0
132 0
133 0
134 0
135 0
136 0
137 0
138 0
139 0
140 0
141 0
142 0
143 0
144 0
145 0
146 0
147 0
148 1
149 0
150 0
151 2
152 7
153 4
154 6
155 3
156 9
157 4
158 5
159 3
160 5
161 10
162 1
163 1
164 5
165 3
166 4
167 4
168 6
169 8
170 19
171 16
172 44
173 73
174 99
175 132
176 217
177 236
178 268
179 333
180 390
181 530
182 820
183 1263
184 1960
185 2891
186 3524
187 4003
188 4388
189 4305
190 4254
191 4053
192 3699
193 3455
194 3125
195 2817
196 2502
197 2348
198 1963
199 1912
200 1637
201 1526
202 1284
203 1145
204 1094
205 992
206 854
207 853
208 795
209 772
210 748
211 702
212 732
213 698
214 672
215 708
216 663
217 714
218 708
219 665
220 692
221 686
222 702
223 654
224 690
225 712
226 713
227 680
228 724
229 714
230 715
231 679
232 714
233 674
234 726
235 743
236 721
237 714
238 801
239 715
240 722
241 802
242 780
243 783
244 772
245 814
246 763
247 734
248 761
249 773
250 722
251 757
252 790
253 836
254 792
255 778
256 784
257 778
258 788
259 778
260 773
261 766
262 780
263 813
264 832
265 782
266 775
267 794
268 805
269 796
270 827
271 857
272 772
273 798
274 739
275 895
276 795
277 814
278 788
279 851
280 862
281 846
282 876
283 842
284 871
285 815
286 854
287 845
288 833
289 813
290 829
291 844
292 843
293 814
294 901
295 916
296 873
297 911
298 844
299 804
300 890
301 873
302 880
303 893
304 860
305 865
306 862
307 894
308 885
309 829
310 882
311 886
312 879
313 817
314 871
315 857
316 884
317 867
318 922
319 874
320 821
321 851
322 880
323 857
324 852
325 882
326 882
327 890
328 923
329 823
330 936
331 898
332 853
333 845
334 913
335 920
336 895
337 871
338 886
339 921
340 888
341 904
342 930
343 874
344 876
345 949
346 872
347 846
348 923
349 904
350 884
351 882
352 916
353 913
354 898
355 886
356 912
357 885
358 980
359 897
360 879
361 936
362 903
363 927
364 883
365 912
366 958
367 915
368 911
369 942
370 939
371 884
372 941
373 896
374 910
375 951
376 968
377 967
378 892
379 975
380 973
381 969
382 883
383 939
384 916
385 934
386 913
387 921
388 964
389 965
390 989
391 918
392 945
393 953
394 981
395 924
396 919
397 981
398 981
399 1033
400 978
401 978
402 982
403 940
404 1019
405 1034
406 978
407 956
408 1011
409 987
410 1000
411 972
412 1000
413 1018
414 1053
415 985
416 1067
417 1001
418 1012
419 1050
420 1024
421 1012
422 1072
423 1103
424 1050
425 1074
426 1046
427 1011
428 1073
429 1006
430 1025
431 1025
432 1041
433 1037
434 1111
435 1029
436 1103
437 1101
438 1061
439 1092
440 1147
441 1136
442 1141
443 1156
444 1122
445 1129
446 1188
447 1129
448 1108
449 1145
450 1076
451 1182
452 1206
453 1166
454 1216
455 1180
456 1188
457 1228
458 1238
459 1151
460 1225
461 1207
462 1222
463 1179
464 1165
465 1217
466 1227
467 1252
468 1243
469 1212
470 1200
471 1246
472 1241
473 1197
474 1263
475 1276
476 1297
477 1237
478 1279
479 1303
480 1331
481 1238
482 1293
483 1277
484 1343
485 1346
486 1320
487 1353
488 1307
489 1384
490 1317
491 1356
492 1360
493 1337
494 1448
495 1388
496 1356
497 1444
498 1403
499 1359
500 1387
501 1413
502 1371
503 1401
504 1391
505 1471
506 1436
507 1452
508 1391
509 1460
510 1474
511 1455
512 1454
513 1472
514 1474
515 1521
516 1497
517 1386
518 1550
519 1490
520 1550
521 1543
522 1554
523 1518
524 1472
525 1605
526 1490
527 1553
528 1550
529 1544
530 1559
531 1550
532 1561
533 1517
534 1560
535 1554
536 1590
537 1543
538 1643
539 1587
540 1623
541 1600
542 1526
543 1554
544 1604
545 1595
546 1582
547 1536
548 1580
549 1552
550 1592
551 1569
552 1592
553 1583
554 1569
555 1579
556 1658
557 1638
558 1616
559 1662
560 1683
561 1596
562 1551
563 1649
564 1633
565 1736
566 1548
567 1674
568 1655
569 1623
570 1646
571 1635
572 1634
573 1599
574 1768
575 1718
576 1670
577 1615
578 1667
579 1618
580 1640
581 1662
582 1722
583 1627
584 1619
585 1691
586 1695
587 1663
588 1701
589 1705
590 1720
591 1661
592 1605
593 1623
594 1679
595 1727
596 1646
597 1622
598 1624
599 1616
600 1613
601 1656
602 1692
603 1649
604 1591
605 1647
606 1665
607 1666
608 1599
609 1648
610 1718
611 1680
612 1632
613 1633
614 1590
615 1573
616 1637
617 1638
618 1616
619 1663
620 1602
621 1701
622 1540
623 1678
624 1649
625 1533
626 1631
627 1595
628 1559
629 1566
630 1630
631 1560
632 1562
633 1575
634 1476
635 1568
636 1615
637 1567
638 1459
639 1531
640 1523
641 1521
642 1493
643 1521
644 1506
645 1507
646 1466
647 1507
648 1509
649 1511
650 1442
651 1452
652 1505
653 1482
654 1455
655 1479
656 1506
657 1577
658 1418
659 1598
660 1473
661 1435
662 1420
663 1387
664 1455
665 1472
666 1416
667 1385
668 1422
669 1438
670 1381
671 1420
672 1393
673 1361
674 1315
675 1366
676 1363
677 1325
678 1379
679 1408
680 1335
681 1358
682 1271
683 1288
684 1309
685 1335
686 1311
687 1256
688 1335
689 1313
690 1260
691 1292
692 1278
693 1228
694 1240
695 1252
696 1200
697 1227
698 1208
699 1208
700 1153
701 1170
702 1203
703 1156
704 1198
705 1194
706 1132
707 1130
708 1138
709 1078
710 1123
711 1175
712 1193
713 1175
714 1082
715 1144
716 1060
717 1045
718 1119
719 981
720 1064
721 1109
722 1132
723 1027
724 1058
725 1024
726 1057
727 1086
728 1100
729 1019
730 1005
731 963
732 970
733 976
734 1009
735 966
736 1015
737 959
738 957
739 941
740 968
741 928
742 979
743 945
744 916
745 901
746 929
747 913
748 896
749 940
750 908
751 824
752 914
753 922
754 887
755 844
756 827
757 849
758 805
759 830
760 801
761 868
762 824
763 791
764 794
765 792
766 836
767 788
768 813
769 794
770 771
771 804
772 768
773 734
774 778
775 743
776 755
777 747
778 757
779 737
780 748
781 723
782 736
783 706
784 670
785 723
786 703
787 667
788 701
789 658
790 698
791 665
792 626
793 640
794 631
795 670
796 709
797 617
798 589
799 651
800 645
801 600
802 617
803 622
804 585
805 588
806 632
807 583
808 572
809 594
810 518
811 563
812 573
813 599
814 579
815 609
816 564
817 532
818 571
819 517
820 488
821 515
822 525
823 529
824 576
825 475
826 490
827 501
828 521
829 523
830 464
831 474
832 519
833 480
834 491
835 473
836 481
837 453
838 467
839 459
840 487
841 468
842 448
843 417
844 427
845 440
846 415
847 446
848 441
849 432
850 440
851 411
852 439
853 412
854 389
855 435
856 410
857 440
858 408
859 426
860 388
861 404
862 400
863 411
864 380
865 374
866 363
867 373
868 385
869 407
870 358
871 368
872 416
873 358
874 381
875 360
876 362
877 344
878 389
879 343
880 333
881 341
882 371
883 316
884 362
885 354
886 333
887 335
888 309
889 333
890 333
891 331
892 318
893 319
894 309
895 377
896 334
897 309
898 305
899 323
900 308
901 303
902 303
903 284
904 255
905 293
906 278
907 283
908 283
909 268
910 255
911 295
912 272
913 269
914 306
915 258
916 286
917 251
918 284
919 282
920 271
921 280
922 283
923 268
924 238
925 254
926 257
927 282
928 284
929 259
930 235
931 259
932 268
933 260
934 240
935 244
936 264
937 278
938 286
939 219
940 275
941 265
942 265
943 231
944 267
945 228
946 267
947 217
948 244
949 232
950 220
951 210
952 228
953 234
954 220
955 226
956 213
957 252
958 228
959 220
960 225
961 220
962 253
963 220
964 231
965 227
966 218
967 214
968 182
969 218
970 202
971 246
972 210
973 230
974 221
975 204
976 217
977 205
978 220
979 221
980 178
981 196
982 207
983 194
984 185
985 229
986 210
987 208
988 211
989 245
990 219
991 192
992 215
993 184
994 238
995 184
996 194
997 160
998 196
999 235
1000 197
1001 194
1002 178
1003 214
1004 166
1005 180
1006 207
1007 207
1008 192
1009 184
1010 197
1011 190
1012 179
1013 184
1014 204
1015 209
1016 202
1017 195
1018 199
1019 194
1020 169
1021 198
1022 185
1023 185
1024 202
1025 216
1026 181
1027 187
1028 209
1029 221
1030 189
1031 189
1032 179
1033 160
1034 209
1035 199
1036 185
1037 183
1038 183
1039 185
1040 170
1041 184
1042 213
1043 188
1044 208
1045 190
1046 171
1047 161
1048 203
1049 191
1050 186
1051 167
1052 184
1053 179
1054 166
1055 181
1056 192
1057 186
1058 196
1059 170
1060 192
1061 180
1062 200
1063 172
1064 187
1065 162
1066 202
1067 184
1068 182
1069 176
1070 163
1071 191
1072 203
1073 202
1074 210
1075 172
1076 184
1077 192
1078 180
1079 201
1080 175
1081 205
1082 170
1083 168
1084 184
1085 172
1086 165
1087 180
1088 169
1089 179
1090 181
1091 170
1092 173
1093 167
1094 178
1095 178
1096 191
1097 169
1098 166
1099 173
1100 183
1101 168
1102 162
1103 193
1104 171
1105 187
1106 190
1107 167
1108 191
1109 186
1110 181
1111 191
1112 142
1113 171
1114 173
1115 158
1116 194
1117 189
1118 186
1119 180
1120 181
1121 162
1122 169
1123 191
1124 175
1125 171
1126 188
1127 166
1128 162
1129 183
1130 176
1131 165
1132 182
1133 151
1134 173
1135 166
1136 164
1137 181
1138 171
1139 177
1140 158
1141 179
1142 156
1143 162
1144 163
1145 185
1146 173
1147 164
1148 198
1149 150
1150 162
1151 187
1152 188
1153 187
1154 174
1155 168
1156 181
1157 170
1158 177
1159 186
1160 181
1161 138
1162 161
1163 182
1164 187
1165 182
1166 157
1167 176
1168 153
1169 157
1170 178
1171 189
1172 171
1173 159
1174 193
1175 173
1176 173
1177 185
1178 171
1179 196
1180 155
1181 190
1182 149
1183 176
1184 159
1185 173
1186 172
1187 176
1188 176
1189 169
1190 204
1191 160
1192 172
1193 177
1194 173
1195 177
1196 190
1197 166
1198 184
1199 176
1200 174
1201 154
1202 167
1203 162
1204 166
1205 194
1206 167
1207 171
1208 162
1209 156
1210 190
1211 163
1212 162
1213 159
1214 184
1215 196
1216 151
1217 149
1218 169
1219 162
1220 162
1221 159
1222 184
1223 170
1224 170
1225 157
1226 169
1227 180
1228 172
1229 173
1230 147
1231 170
1232 179
1233 172
1234 140
1235 177
1236 192
1237 188
1238 147
1239 166
1240 181
1241 182
1242 180
1243 167
1244 172
1245 164
1246 183
1247 165
1248 155
1249 176
1250 176
1251 171
1252 178
1253 169
1254 172
1255 190
1256 183
1257 152
1258 162
1259 168
1260 191
1261 167
1262 183
1263 164
1264 136
1265 145
1266 201
1267 165
1268 181
1269 177
1270 169
1271 148
1272 174
1273 171
1274 167
1275 164
1276 162
1277 175
1278 142
1279 177
1280 151
1281 156
1282 172
1283 162
1284 176
1285 179
1286 137
1287 171
1288 172
1289 173
1290 196
1291 172
1292 171
1293 171
1294 157
1295 168
1296 171
1297 168
1298 158
1299 162
1300 163
1301 166
1302 170
1303 166
1304 158
1305 173
1306 177
1307 145
1308 161
1309 195
1310 188
1311 161
1312 147
1313 180
1314 156
1315 169
1316 151
1317 180
1318 156
1319 160
1320 148
1321 152
1322 180
1323 152
1324 151
1325 168
1326 167
1327 170
1328 177
1329 169
1330 169
1331 177
1332 185
1333 170
1334 145
1335 161
1336 161
1337 137
1338 153
1339 183
1340 170
1341 160
1342 158
1343 166
1344 166
1345 171
1346 166
1347 164
1348 156
1349 177
1350 166
1351 190
1352 163
1353 160
1354 162
1355 158
1356 166
1357 179
1358 175
1359 151
1360 169
1361 164
1362 161
1363 171
1364 166
1365 170
1366 176
1367 158
1368 179
1369 163
1370 141
1371 150
1372 158
1373 164
1374 165
1375 171
1376 147
1377 165
1378 157
1379 170
1380 164
1381 174
1382 165
1383 170
1384 158
1385 155
1386 145
1387 164
1388 155
1389 151
1390 157
1391 162
1392 188
1393 169
1394 150
1395 168
1396 167
1397 164
1398 166
1399 197
1400 159
1401 149
1402 161
1403 160
1404 154
1405 146
1406 170
1407 159
1408 169
1409 146
1410 163
1411 139
1412 145
1413 149
1414 152
1415 176
1416 170
1417 144
1418 156
1419 148
1420 150
1421 161
1422 134
1423 147
1424 155
1425 157
1426 158
1427 167
1428 147
1429 151
1430 155
1431 150
1432 152
1433 147
1434 161
1435 151
1436 154
1437 161
1438 144
1439 135
1440 144
1441 150
1442 142
1443 144
1444 156
1445 155
1446 148
1447 138
1448 138
1449 144
1450 153
1451 143
1452 156
1453 162
1454 142
1455 139
1456 136
1457 164
1458 160
1459 164
1460 149
1461 162
1462 146
1463 148
1464 142
1465 142
1466 133
1467 142
1468 131
1469 131
1470 127
1471 142
1472 153
1473 122
1474 142
1475 143
1476 122
1477 143
1478 152
1479 170
1480 148
1481 143
1482 140
1483 117
1484 145
1485 163
1486 146
1487 119
1488 142
1489 146
1490 141
1491 145
1492 147
1493 139
1494 117
1495 150
1496 137
1497 126
1498 134
1499 128
1500 152
1501 115
1502 150
1503 128
1504 131
1505 120
1506 123
1507 128
1508 139
1509 128
1510 138
1511 135
1512 143
1513 139
1514 142
1515 128
1516 132
1517 109
1518 117
1519 135
1520 136
1521 131
1522 129
1523 141
1524 120
1525 118
1526 111
1527 126
1528 133
1529 138
1530 118
1531 143
1532 129
1533 116
1534 135
1535 121
1536 126
1537 125
1538 123
1539 137
1540 126
1541 141
1542 121
1543 125
1544 116
1545 100
1546 133
1547 137
1548 125
1549 120
1550 122
1551 118
1552 105
1553 129
1554 106
1555 132
1556 102
1557 114
1558 125
1559 123
1560 112
1561 113
1562 115
1563 115
1564 128
1565 115
1566 100
1567 123
1568 118
1569 112
1570 113
1571 108
1572 132
1573 114
1574 123
1575 107
1576 108
1577 128
1578 116
1579 100
1580 123
1581 102
1582 106
1583 107
1584 95
1585 101
1586 103
1587 108
1588 121
1589 106
1590 123
1591 113
1592 116
1593 84
1594 110
1595 122
1596 125
1597 121
1598 104
1599 94
1600 98
1601 121
1602 112
1603 99
1604 116
1605 114
1606 89
1607 105
1608 105
1609 103
1610 103
1611 83
1612 87
1613 93
1614 101
1615 106
1616 108
1617 98
1618 103
1619 98
1620 80
1621 81
1622 93
1623 99
1624 95
1625 101
1626 95
1627 104
1628 91
1629 97
1630 106
1631 98
1632 93
1633 88
1634 91
1635 93
1636 103
1637 85
1638 114
1639 87
1640 94
1641 100
1642 97
1643 86
1644 81
1645 80
1646 102
1647 81
1648 80
1649 80
1650 104
1651 65
1652 104
1653 93
1654 97
1655 89
1656 86
1657 106
1658 77
1659 79
1660 79
1661 85
1662 76
1663 93
1664 92
1665 82
1666 83
1667 83
1668 71
1669 79
1670 88
1671 75
1672 81
1673 75
1674 91
1675 88
1676 85
1677 86
1678 79
1679 83
1680 91
1681 76
1682 100
1683 103
1684 70
1685 86
1686 67
1687 75
1688 59
1689 86
1690 76
1691 95
1692 89
1693 79
1694 74
1695 74
1696 75
1697 69
1698 83
1699 87
1700 83
1701 88
1702 78
1703 73
1704 87
1705 84
1706 67
1707 80
1708 106
1709 67
1710 68
1711 64
1712 78
1713 70
1714 61
1715 74
1716 64
1717 65
1718 81
1719 94
1720 79
1721 67
1722 65
1723 77
1724 68
1725 60
1726 64
1727 81
1728 81
1729 73
1730 93
1731 59
1732 70
1733 83
1734 75
1735 59
1736 65
1737 60
1738 67
1739 72
1740 60
1741 63
1742 62
1743 59
1744 70
1745 58
1746 52
1747 81
1748 67
1749 72
1750 65
1751 60
1752 56
1753 58
1754 62
1755 52
1756 85
1757 62
1758 56
1759 63
1760 64
1761 60
1762 69
1763 59
1764 47
1765 69
1766 51
1767 65
1768 70
1769 76
1770 51
1771 63
1772 58
1773 57
1774 55
1775 49
1776 66
1777 74
1778 50
1779 75
1780 46
1781 60
1782 72
1783 59
1784 54
1785 60
1786 53
1787 60
1788 46
1789 54
1790 60
1791 48
1792 52
1793 59
1794 52
1795 71
1796 49
1797 65
1798 56
1799 71
1800 58
1801 62
1802 54
1803 43
1804 54
1805 54
1806 61
1807 61
1808 44
1809 53
1810 51
1811 48
1812 54
1813 54
1814 50
1815 45
1816 54
1817 48
1818 59
1819 53
1820 38
1821 54
1822 64
1823 49
1824 63
1825 59
1826 59
1827 42
1828 47
1829 61
1830 54
1831 62
1832 63
1833 47
1834 55
1835 56
1836 45
1837 48
1838 34
1839 53
1840 63
1841 46
1842 35
1843 51
1844 44
1845 52
1846 44
1847 54
1848 57
1849 43
1850 34
1851 36
1852 43
1853 43
1854 38
1855 44
1856 45
1857 43
1858 44
1859 46
1860 51
1861 55
1862 46
1863 38
1864 43
1865 46
1866 46
1867 47
1868 41
1869 39
1870 49
1871 45
1872 36
1873 40
1874 42
1875 42
1876 53
1877 39
1878 34
1879 43
1880 30
1881 44
1882 54
1883 43
1884 40
1885 36
1886 29
1887 41
1888 44
1889 36
1890 37
1891 43
1892 39
1893 33
1894 45
1895 39
1896 41
1897 41
1898 47
1899 35
1900 38
1901 43
1902 35
1903 43
1904 33
1905 34
1906 42
1907 41
1908 46
1909 25
1910 46
1911 36
1912 39
1913 41
1914 49
1915 33
1916 27
1917 25
1918 32
1919 38
1920 25
1921 50
1922 24
1923 47
1924 34
1925 35
1926 48
1927 27
1928 40
1929 32
1930 42
1931 24
1932 35
1933 32
1934 43
1935 36
1936 33
1937 37
1938 33
1939 40
1940 30
1941 30
1942 39
1943 36
1944 40
1945 31
1946 23
1947 28
1948 37
1949 31
1950 36
1951 28
1952 34
1953 35
1954 25
1955 30
1956 24
1957 29
1958 26
1959 27
1960 35
1961 31
1962 25
1963 40
1964 27
1965 31
1966 33
1967 40
1968 40
1969 35
1970 34
1971 32
1972 26
1973 33
1974 35
1975 23
1976 31
1977 30
1978 32
1979 28
1980 32
1981 31
1982 35
1983 32
1984 33
1985 25
1986 27
1987 28
1988 27
1989 27
1990 17
1991 26
1992 25
1993 35
1994 32
1995 32
1996 21
1997 34
1998 21
1999 24
2000 25
2001 29
2002 27
2003 26
2004 24
2005 29
2006 26
2007 26
2008 23
2009 29
2010 25
2011 29
2012 39
2013 28
2014 19
2015 24
2016 28
2017 21
2018 17
2019 26
2020 33
2021 20
2022 19
2023 23
2024 29
2025 16
2026 27
2027 29
2028 15
2029 27
2030 24
2031 25
2032 25
2033 26
2034 30
2035 23
2036 26
2037 29
2038 28
2039 25
2040 22
2041 29
2042 25
2043 19
2044 25
2045 21
2046 23
2047 23
2048 23
2049 29
2050 16
2051 22
2052 27
2053 21
2054 26
2055 18
2056 28
2057 21
2058 23
2059 20
2060 18
2061 25
2062 21
2063 20
2064 23
2065 22
2066 16
2067 33
2068 16
2069 21
2070 36
2071 24
2072 22
2073 23
2074 23
2075 17
2076 22
2077 18
2078 25
2079 22
2080 28
2081 14
2082 15
2083 18
2084 17
2085 21
2086 16
2087 20
2088 21
2089 24
2090 17
2091 15
2092 25
2093 16
2094 9
2095 16
2096 23
2097 23
2098 14
2099 17
2100 14
2101 19
2102 15
2103 19
2104 16
2105 22
2106 11
2107 16
2108 21
2109 17
2110 20
2111 20
2112 17
2113 13
2114 24
2115 19
2116 21
2117 23
2118 16
2119 11
2120 13
2121 15
2122 19
2123 18
2124 17
2125 15
2126 15
2127 16
2128 16
2129 22
2130 14
2131 10
2132 10
2133 6
2134 13
2135 17
2136 13
2137 10
2138 14
2139 18
2140 16
2141 22
2142 12
2143 19
2144 16
2145 14
2146 16
2147 12
2148 19
2149 11
2150 23
2151 14
2152 19
2153 14
2154 21
2155 12
2156 19
2157 12
2158 8
2159 15
2160 16
2161 10
2162 14
2163 13
2164 10
2165 13
2166 15
2167 15
2168 12
2169 13
2170 12
2171 15
2172 15
2173 13
2174 13
2175 12
2176 10
2177 11
2178 9
2179 11
2180 24
2181 15
2182 7
2183 12
2184 10
2185 8
2186 12
2187 14
2188 14
2189 15
2190 9
2191 17
2192 12
2193 9
2194 9
2195 12
2196 12
2197 5
2198 11
2199 10
2200 12
2201 11
2202 6
2203 8
2204 14
2205 13
2206 13
2207 9
2208 10
2209 13
2210 8
2211 13
2212 14
2213 11
2214 12
2215 8
2216 8
2217 11
2218 10
2219 13
2220 10
2221 9
2222 10
2223 12
2224 8
2225 9
2226 7
2227 9
2228 14
2229 9
2230 9
2231 12
2232 13
2233 8
2234 7
2235 11
2236 9
2237 6
2238 9
2239 9
2240 11
2241 12
2242 7
2243 7
2244 9
2245 10
2246 5
2247 7
2248 8
2249 11
2250 7
2251 7
2252 10
2253 7
2254 9
2255 11
2256 9
2257 8
2258 11
2259 6
2260 6
2261 9
2262 5
2263 7
2264 6
2265 9
2266 13
2267 6
2268 6
2269 7
2270 7
2271 4
2272 15
2273 9
2274 8
2275 2
2276 10
2277 11
2278 8
2279 6
2280 7
2281 8
2282 6
2283 7
2284 7
2285 9
2286 11
2287 8
2288 5
2289 2
2290 11
2291 7
2292 9
2293 5
2294 5
2295 10
2296 11
2297 9
2298 5
2299 5
2300 10
2301 6
2302 8
2303 6
2304 6
2305 8
2306 11
2307 5
2308 7
2309 10
2310 6
2311 3
2312 4
2313 4
2314 7
2315 6
2316 4
2317 5
2318 4
2319 5
2320 8
2321 3
2322 10
2323 5
2324 6
2325 5
2326 4
2327 9
2328 4
2329 5
2330 4
2331 7
2332 5
2333 4
2334 6
2335 3
2336 4
2337 5
2338 4
2339 6
2340 7
2341 9
2342 7
2343 5
2344 5
2345 5
2346 4
2347 7
2348 9
2349 11
2350 8
2351 3
2352 4
2353 7
2354 4
2355 5
2356 6
2357 7
2358 7
2359 0
2360 4
2361 1
2362 3
2363 3
2364 1
2365 8
2366 7
2367 6
2368 4
2369 5
2370 2
2371 4
2372 6
2373 4
2374 4
2375 5
2376 1
2377 5
2378 5
2379 6
2380 2
2381 5
2382 4
2383 5
2384 2
2385 3
2386 5
2387 4
2388 1
2389 2
2390 2
2391 3
2392 4
2393 7
2394 8
2395 6
2396 4
2397 2
2398 5
2399 3
2400 3
2401 3
2402 12
2403 3
2404 4
2405 4
2406 2
2407 5
2408 2
2409 7
2410 4
2411 5
2412 1
2413 3
2414 3
2415 4
2416 4
2417 2
2418 2
2419 3
2420 2
2421 5
2422 3
2423 3
2424 4
2425 5
2426 2
2427 7
2428 7
2429 4
2430 3
2431 3
2432 3
2433 3
2434 5
2435 3
2436 4
2437 2
2438 7
2439 4
2440 4
2441 3
2442 1
2443 1
2444 4
2445 4
2446 5
2447 5
2448 2
2449 0
2450 4
2451 3
2452 2
2453 2
2454 4
2455 0
2456 3
2457 1
2458 4
2459 3
2460 3
2461 3
2462 4
2463 2
2464 4
2465 4
2466 1
2467 3
2468 3
2469 1
2470 3
2471 1
2472 2
2473 3
2474 5
2475 0
2476 0
2477 0
2478 3
2479 0
2480 2
2481 1
2482 5
2483 3
2484 2
2485 2
2486 1
2487 2
2488 2
2489 5
2490 5
2491 2
2492 0
2493 0
2494 2
2495 3
2496 2
2497 2
2498 0
2499 1
2500 2
2501 0
2502 3
2503 2
2504 5
2505 3
2506 3
2507 1
2508 4
2509 3
2510 1
2511 0
2512 2
2513 4
2514 1
2515 3
2516 2
2517 4
2518 1
2519 3
2520 0
2521 1
2522 2
2523 4
2524 0
2525 2
2526 0
2527 1
2528 2
2529 1
2530 1
2531 5
2532 4
2533 0
2534 1
2535 1
2536 0
2537 2
2538 0
2539 2
2540 3
2541 1
2542 1
2543 0
2544 3
2545 1
2546 3
2547 1
2548 2
2549 1
2550 1
2551 0
2552 2
2553 7
2554 2
2555 1
2556 1
2557 1
2558 0
2559 2
2560 0
2561 1
2562 2
2563 2
2564 0
2565 1
2566 2
2567 0
2568 2
2569 3
2570 1
2571 2
2572 1
2573 1
2574 0
2575 1
2576 0
2577 1
2578 1
2579 1
2580 1
2581 0
2582 1
2583 1
2584 5
2585 2
2586 1
2587 1
2588 0
2589 1
2590 1
2591 0
2592 2
2593 1
2594 2
2595 0
2596 1
2597 1
2598 3
2599 2
2600 1
2601 3
2602 3
2603 3
2604 1
2605 1
2606 1
2607 1
2608 2
2609 1
2610 1
2611 1
2612 0
2613 1
2614 1
2615 0
2616 0
2617 0
2618 0
2619 1
2620 1
2621 0
2622 0
2623 0
2624 1
2625 2
2626 0
2627 1
2628 1
2629 0
2630 2
2631 1
2632 0
2633 0
2634 2
2635 1
2636 0
2637 1
2638 3
2639 2
2640 1
2641 0
2642 0
2643 2
2644 0
2645 1
2646 0
2647 2
2648 0
2649 1
2650 2
2651 0
2652 1
2653 1
2654 1
2655 0
2656 1
2657 2
2658 0
2659 1
2660 1
2661 1
2662 0
2663 0
2664 1
2665 2
2666 3
2667 1
2668 0
2669 0
2670 1
2671 0
2672 1
2673 1
2674 0
2675 1
2676 1
2677 0
2678 1
2679 2
2680 0
2681 0
2682 1
2683 0
2684 0
2685 2
2686 0
2687 0
2688 0
2689 2
2690 1
2691 0
2692 0
2693 1
2694 1
2695 0
2696 0
2697 1
2698 1
2699 0
2700 0
2701 1
2702 0
2703 0
2704 0
2705 0
2706 1
2707 2
2708 1
2709 0
2710 1
2711 1
2712 0
2713 1
2714 0
2715 2
2716 0
2717 0
2718 0
2719 0
2720 1
2721 1
2722 0
2723 0
2724 0
2725 0
2726 0
2727 0
2728 0
2729 2
2730 0
2731 0
2732 0
2733 0
2734 0
2735 0
2736 0
2737 1
2738 0
2739 0
2740 0
2741 0
2742 1
2743 0
2744 1
2745 1
2746 0
2747 0
2748 0
2749 2
2750 1
2751 0
2752 1
2753 0
2754 0
2755 0
2756 1
2757 0
2758 0
2759 0
2760 0
2761 0
2762 0
2763 0
2764 0
2765 1
2766 0
2767 1
2768 0
2769 1
2770 0
2771 1
2772 0
2773 0
2774 0
2775 2
2776 0
2777 0
2778 1
2779 1
2780 1
2781 0
2782 1
2783 1
2784 1
2785 0
2786 0
2787 1
2788 0
2789 0
2790 1
2791 2
2792 2
2793 0
2794 0
2795 0
2796 1
2797 0
2798 0
2799 0
2800 0
2801 0
2802 1
2803 0
2804 0
2805 0
2806 0
2807 0
2808 0
2809 0
2810 1
2811 1
2812 0
2813 0
2814 0
2815 0
2816 0
2817 0
2818 0
2819 0
2820 1
2821 1
2822 1
2823 0
2824 0
2825 1
2826 1
2827 0
2828 0
2829 0
2830 0
2831 1
2832 0
2833 0
2834 0
2835 0
2836 0
2837 1
2838 0
2839 0
2840 0
2841 0
2842 0
2843 0
2844 0
2845 0
2846 1
2847 0
2848 0
2849 0
2850 0
2851 1
2852 0
2853 1
2854 1
2855 0
2856 0
2857 0
2858 0
2859 0
2860 0
2861 0
2862 1
2863 0
2864 0
2865 0
2866 0
2867 0
2868 1
2869 0
2870 0
2871 0
2872 0
2873 0
2874 0
2875 1
2876 0
2877 0
2878 1
2879 0
2880 0
2881 1
2882 1
2883 0
2884 0
2885 0
2886 0
2887 0
2888 0
2889 0
2890 2
2891 0
2892 0
2893 0
2894 0
2895 1
2896 0
2897 0
2898 2
2899 0
2900 0
2901 1
2902 1
2903 0
2904 0
2905 2
2906 1
2907 1
2908 0
2909 1
2910 2
2911 0
2912 0
2913 0
2914 0
2915 0
2916 0
2917 1
2918 3
2919 0
2920 0
2921 0
2922 0
2923 0
2924 0
2925 0
2926 1
2927 1
2928 0
2929 0
2930 0
2931 0
2932 1
2933 0
2934 0
2935 0
2936 1
2937 0
2938 0
2939 0
2940 1
2941 0
2942 1
2943 0
2944 0
2945 0
2946 0
2947 0
2948 0
2949 0
2950 1
2951 2
2952 0
2953 0
2954 1
2955 0
2956 0
2957 0
2958 1
2959 1
2960 0
2961 0
2962 2
2963 1
2964 0
2965 0
2966 0
2967 1
2968 0
2969 0
2970 0
2971 0
2972 0
2973 1
2974 0
2975 0
2976 0
2977 0
2978 0
2979 1
2980 0
2981 1
2982 0
2983 0
2984 0
2985 1
2986 0
2987 1
2988 0
2989 1
2990 0
2991 0
2992 0
2993 0
2994 0
2995 0
2996 0
2997 0
2998 0
2999 0
3000 0
3001 0
3002 0
3003 0
3004 1
3005 0
3006 0
3007 0
3008 0
3009 0
3010 0
3011 1
3012 1
3013 0
3014 0
3015 0
3016 0
3017 0
3018 0
3019 0
3020 0
3021 1
3022 0
3023 0
3024 1
3025 0
3026 0
3027 0
3028 0
3029 0
3030 0
3031 0
3032 0
3033 1
3034 0
3035 0
3036 0
3037 0
3038 1
3039 0
3040 0
3041 0
3042 0
3043 0
3044 1
3045 0
3046 0
3047 0
3048 0
3049 0
3050 0
3051 0
3052 0
3053 0
3054 0
3055 0
3056 1
3057 0
3058 0
3059 0
3060 0
3061 0
3062 0
3063 0
3064 0
3065 0
3066 0
3067 0
3068 0
3069 1
3070 0
3071 0
3072 0
3073 0
3074 0
3075 0
3076 0
3077 0
3078 0
3079 0
3080 0
3081 0
3082 0
3083 0
3084 0
3085 0
3086 0
3087 0
3088 0
3089 0
3090 0
3091 0
3092 0
3093 0
3094 1
3095 0
3096 0
3097 0
3098 0
3099 0
3100 0
3101 1
3102 0
3103 0
3104 0
3105 0
3106 0
3107 0
3108 0
3109 0
3110 0
3111 0
3112 0
3113 0
3114 0
3115 0
3116 0
3117 0
3118 0
3119 0
3120 0
3121 0
3122 0
3123 0
3124 0
3125 0
3126 0
3127 0
3128 1
3129 0
3130 0
3131 0
3132 0
3133 0
3134 0
3135 0
3136 0
3137 0
3138 0
3139 0
3140 0
3141 0
3142 1
3143 0
3144 0
3145 0
3146 0
3147 0
3148 0
3149 0
3150 0
3151 0
3152 0
3153 1
3154 0
3155 0
3156 0
3157 0
3158 0
3159 0
3160 0
3161 0
3162 0
3163 0
3164 0
3165 0
3166 0
3167 0
3168 0
3169 0
3170 0
3171 0
3172 1
3173 0
3174 0
3175 0
3176 0
3177 0
3178 0
3179 0
3180 0
3181 0
3182 0
3183 0
3184 0
3185 0
3186 0
3187 0
3188 0
3189 0
3190 0
3191 0
3192 0
3193 0
3194 0
3195 0
3196 0
3197 0
3198 0
3199 1
3200 0
3201 0
3202 0
3203 0
3204 0
3205 0
3206 0
3207 0
3208 0
3209 0
3210 0
3211 0
3212 0
3213 0
3214 0
3215 0
3216 0
3217 0
3218 0
3219 0
3220 1
3221 0
3222 0
3223 0
3224 0
3225 0
3226 0
3227 0
3228 0
3229 0
3230 0
3231 0
3232 0
3233 0
3234 0
3235 0
3236 0
3237 0
3238 0
3239 0
3240 0
3241 0
3242 0
3243 0
3244 0
3245 0
3246 0
3247 0
3248 0
3249 0
3250 0
3251 0
3252 0
3253 0
3254 0
3255 0
3256 0
3257 0
3258 0
3259 2
3260 0
3261 0
3262 0
3263 0
3264 0
3265 0
3266 0
3267 0
3268 0
3269 0
3270 0
3271 0
3272 0
3273 0
3274 0
3275 0
3276 0
3277 0
3278 0
3279 0
3280 1
3281 0
3282 0
3283 0
3284 0
3285 0
3286 0
3287 0
3288 0
3289 0
3290 0
3291 0
3292 1
3293 0
3294 0
3295 0
3296 0
3297 0
3298 0
3299 0
3300 0
3301 0
3302 0
3303 0
3304 0
3305 0
3306 0
3307 0
3308 0
3309 0
3310 0
3311 1
3312 0
3313 0
3314 0
3315 0
3316 0
3317 0
3318 0
3319 0
3320 0
3321 0
3322 0
3323 0
3324 0
3325 0
3326 0
3327 0
3328 0
3329 0
3330 0
3331 0
3332 0
3333 0
3334 0
3335 0
3336 0
3337 0
3338 0
3339 0
3340 1
3341 0
3342 0
3343 0
3344 0
3345 1
3346 0
3347 0
3348 0
3349 1
3350 0
3351 0
3352 0
3353 0
3354 0
3355 0
3356 0
3357 0
3358 0
3359 0
3360 0
3361 0
3362 0
3363 0
3364 0
3365 0
3366 0
3367 0
3368 0
3369 0
3370 0
3371 0
3372 0
3373 0
3374 0
3375 0
3376 0
3377 0
3378 0
3379 0
3380 0
3381 0
3382 0
3383 0
3384 0
3385 0
3386 0
3387 0
3388 0
3389 0
3390 0
3391 0
3392 0
3393 0
3394 0
3395 0
3396 0
3397 0
3398 0
3399 0
3400 0
3401 0
3402 0
3403 0
3404 0
3405 0
3406 0
3407 0
3408 0
3409 0
3410 0
3411 0
3412 0
3413 0
3414 0
3415 0
3416 0
3417 0
3418 0
3419 0
3420 0
3421 0
3422 0
3423 0
3424 0
3425 0
3426 1
3427 0
3428 1
3429 0
3430 0
3431 0
3432 0
3433 0
3434 0
3435 0
3436 0
3437 0
3438 0
3439 0
3440 0
3441 0
3442 0
3443 0
3444 0
3445 0
3446 0
3447 0
3448 0
3449 0
3450 0
3451 0
3452 0
3453 0
3454 0
3455 0
3456 0
3457 0
3458 0
3459 0
3460 0
3461 0
3462 0
3463 0
3464 0
3465 0
3466 1
3467 1
3468 0
3469 0
3470 0
3471 0
3472 0
3473 0
3474 0
3475 0
3476 0
3477 0
3478 0
3479 0
3480 0
3481 0
3482 0
3483 0
3484 0
3485 0
3486 0
3487 0
3488 0
3489 0
3490 0
3491 0
3492 0
3493 0
3494 0
3495 0
3496 0
3497 0
3498 0
3499 0
3500 0
3501 0
3502 0
3503 0
3504 0
3505 0
3506 0
3507 0
3508 0
3509 0
3510 0
3511 0
3512 0
3513 0
3514 0
3515 0
3516 0
3517 0
3518 0
3519 0
3520 0
3521 0
3522 0
3523 0
3524 0
3525 0
3526 0
3527 0
3528 0
3529 0
3530 0
3531 0
3532 0
3533 0
3534 0
3535 0
3536 0
3537 0
3538 0
3539 0
3540 0
3541 0
3542 0
3543 1
3544 0
3545 0
3546 0
3547 0
3548 1
3549 0
3550 0
3551 0
3552 0
3553 0
3554 1
3555 0
3556 0
3557 0
3558 0
3559 0
3560 0
3561 0
3562 0
3563 0
3564 0
3565 0
3566 0
3567 0
3568 0
3569 0
3570 0
3571 0
3572 0
3573 0
3574 0
3575 0
3576 0
3577 0
3578 0
3579 0
3580 0
3581 0
3582 0
3583 0
3584 0
3585 1
3586 0
3587 0
3588 0
3589 0
3590 0
3591 0
3592 0
3593 0
3594 0
3595 0
3596 0
3597 0
3598 0
3599 0
3600 0
3601 0
3602 0
3603 0
3604 0
3605 0
3606 0
3607 0
3608 0
3609 0
3610 0
3611 0
3612 0
3613 0
3614 0
3615 0
3616 1
3617 0
3618 0
3619 0
3620 0
3621 0
3622 0
3623 0
3624 0
3625 0
3626 0
3627 0
3628 0
3629 0
3630 0
3631 0
3632 0
3633 0
3634 0
3635 0
3636 0
3637 0
3638 0
3639 0
3640 0
3641 0
3642 0
3643 0
3644 0
3645 0
3646 0
3647 0
3648 0
3649 0
3650 0
3651 0
3652 0
3653 0
3654 0
3655 0
3656 0
3657 0
3658 0
3659 0
3660 0
3661 0
3662 0
3663 0
3664 0
3665 0
3666 0
3667 0
3668 0
3669 0
3670 0
3671 0
3672 0
3673 0
3674 0
3675 0
3676 0
3677 0
3678 0
3679 0
3680 0
3681 0
3682 0
3683 0
3684 0
3685 0
3686 0
3687 0
3688 0
3689 0
3690 0
3691 0
3692 0
3693 0
3694 0
3695 0
3696 0
3697 0
3698 0
3699 0
3700 1
3701 0
3702 0
3703 0
3704 0
3705 0
3706 0
3707 0
3708 0
3709 0
3710 0
3711 0
3712 0
3713 0
3714 0
3715 0
3716 0
3717 0
3718 0
3719 0
3720 0
3721 0
3722 0
3723 0
3724 0
3725 0
3726 0
3727 0
3728 0
3729 0
3730 0
3731 0
3732 0
3733 0
3734 0
3735 0
3736 0
3737 0
3738 0
3739 0
3740 0
3741 0
3742 0
3743 0
3744 1
3745 0
3746 0
3747 0
3748 0
3749 0
3750 0
3751 0
3752 0
3753 0
3754 0
3755 0
3756 0
3757 0
3758 0
3759 0
3760 0
3761 0
3762 0
3763 0
3764 0
3765 0
3766 0
3767 0
3768 0
3769 0
3770 0
3771 0
3772 0
3773 0
3774 0
3775 0
3776 0
3777 0
3778 0
3779 0
3780 0
3781 0
3782 0
3783 0
3784 0
3785 0
3786 0
3787 0
3788 0
3789 0
3790 0
3791 0
3792 0
3793 0
3794 0
3795 0
3796 0
3797 0
3798 0
3799 0
3800 0
3801 0
3802 0
3803 0
3804 0
3805 0
3806 0
3807 0
3808 0
3809 0
3810 0
3811 0
3812 0
3813 0
3814 0
3815 0
3816 0
3817 0
3818 0
3819 0
3820 0
3821 0
3822 1
3823 0
3824 0
3825 0
3826 0
3827 0
3828 1
3829 0
3830 0
3831 0
3832 0
3833 0
3834 0
3835 0
3836 0
3837 0
3838 0
3839 0
3840 0
3841 0
3842 0
3843 0
3844 0
3845 0
3846 0
3847 0
3848 0
3849 0
3850 0
3851 0
3852 0
3853 0
3854 0
3855 0
3856 0
3857 0
3858 0
3859 0
3860 0
3861 1
3862 0
3863 0
3864 0
3865 0
3866 0
3867 0
3868 0
3869 0
3870 0
3871 0
3872 0
3873 0
3874 0
3875 0
3876 0
3877 0
3878 0
3879 0
3880 0
3881 0
3882 0
3883 0
3884 0
3885 0
3886 0
3887 0
3888 0
3889 0
3890 0
3891 0
3892 0
3893 0
3894 0
3895 0
3896 0
3897 0
3898 0
3899 0
3900 0
3901 0
3902 0
3903 0
3904 0
3905 0
3906 0
3907 0
3908 0
3909 0
3910 0
3911 0
3912 0
3913 0
3914 0
3915 0
3916 0
3917 0
3918 0
3919 0
3920 0
3921 0
3922 0
3923 0
3924 0
3925 0
3926 0
3927 0
3928 0
3929 0
3930 0
3931 0
3932 0
3933 0
3934 0
3935 0
3936 0
3937 0
3938 0
3939 0
3940 0
3941 0
3942 0
3943 0
3944 0
3945 0
3946 0
3947 0
3948 0
3949 0
3950 0
3951 1
3952 0
3953 0
3954 0
3955 0
3956 0
3957 0
3958 0
3959 0
3960 0
3961 0
3962 0
3963 0
3964 0
3965 0
3966 0
3967 0
3968 0
3969 0
3970 0
3971 0
3972 0
3973 0
3974 0
3975 0
3976 0
3977 0
3978 0
3979 0
3980 0
3981 0
3982 0
3983 0
3984 0
3985 0
3986 0
3987 0
3988 0
3989 0
3990 0
3991 0
3992 0
3993 0
3994 0
3995 0
3996 0
3997 0
3998 0
3999 0
4000 0
