0 0
1 0
2 0
3 0
4 0
5 0
6 0
7 0
8 0
9 0
10 0
11 0
12 0
13 0
14 0
15 0
16 0
17 0
18 0
19 0
20 0
21 0
22 0
23 0
24 0
25 0
26 0
27 0
28 0
29 0
30 0
31 0
32 0
33 0
34 0
35 0
36 0
37 0
38 0
39 0
40 0
41 0
42 0
43 0
44 0
45 0
46 0
47 0
48 0
49 0
50 0
51 0
52 0
53 0
54 0
55 0
56 0
57 0
58 0
59 0
60 0
61 0
62 0
63 0
64 0
65 0
66 0
67 0
68 0
69 0
70 0
71 0
72 0
73 0
74 0
75 0
76 0
77 0
78 0
79 0
80 0
81 0
82 0
83 0
84 0
85 0
86 0
87 0
88 0
89 0
90 0
91 0
92 0
93 0
94 0
95 0
96 0
97 0
98 0
99 0
100 0
101 0
102 0
103 0
104 0
105 0
106 0
107 0
108 0
109 0
110 0
111 0
112 0
113 0
114 0
115 0
116 0
117 0
118 0
119 0
120 0
121 0
122 0
123 0
124 0
125 0
126 0
127 0
128 0
129 0
130 0
131 0
132 0
133 0
134 0
135 0
136 0
137 0
138 0
139 0
140 0
141 0
142 0
143 0
144 0
145 0
146 0
147 0
148 1
149 1
150 0
151 1
152 4
153 6
154 10
155 8
156 7
157 4
158 6
159 5
160 10
161 7
162 5
163 5
164 6
165 4
166 3
167 8
168 12
169 11
170 11
171 11
172 20
173 56
174 93
175 154
176 229
177 311
178 396
179 441
180 529
181 663
182 875
183 1321
184 2215
185 3393
186 4806
187 6122
188 6925
189 7404
190 7358
191 7277
192 6692
193 6223
194 5605
195 5230
196 4703
197 4310
198 3635
199 3197
200 2822
201 2511
202 2251
203 1892
204 1742
205 1581
206 1496
207 1264
208 1246
209 1131
210 1158
211 1094
212 992
213 1010
214 964
215 932
216 962
217 922
218 984
219 896
220 997
221 886
222 983
223 950
224 936
225 976
226 930
227 991
228 948
229 946
230 1014
231 972
232 1000
233 975
234 1034
235 1017
236 992
237 1024
238 985
239 945
240 1003
241 1006
242 1047
243 993
244 1004
245 1011
246 1047
247 1044
248 1083
249 966
250 1060
251 1079
252 1074
253 1009
254 1035
255 1105
256 1019
257 1081
258 1026
259 1072
260 1072
261 1042
262 1031
263 999
264 1035
265 1110
266 1085
267 1097
268 996
269 1049
270 1130
271 1119
272 1078
273 1097
274 1158
275 1125
276 1097
277 1082
278 1118
279 1075
280 1100
281 1116
282 1096
283 1076
284 1106
285 1108
286 1105
287 1105
288 1075
289 1083
290 1140
291 1155
292 1115
293 1120
294 1129
295 1130
296 1165
297 1102
298 1116
299 1118
300 1145
301 1091
302 1068
303 1153
304 1098
305 1161
306 1145
307 1176
308 1190
309 1146
310 1158
311 1119
312 1247
313 1156
314 1162
315 1173
316 1138
317 1112
318 1163
319 1137
320 1170
321 1206
322 1144
323 1173
324 1128
325 1168
326 1126
327 1183
328 1213
329 1196
330 1177
331 1131
332 1220
333 1187
334 1180
335 1214
336 1206
337 1180
338 1187
339 1175
340 1234
341 1252
342 1242
343 1208
344 1176
345 1177
346 1295
347 1154
348 1210
349 1172
350 1240
351 1253
352 1245
353 1221
354 1184
355 1195
356 1247
357 1236
358 1221
359 1219
360 1221
361 1229
362 1226
363 1243
364 1243
365 1237
366 1306
367 1283
368 1282
369 1298
370 1272
371 1223
372 1245
373 1243
374 1358
375 1309
376 1285
377 1335
378 1311
379 1336
380 1313
381 1265
382 1303
383 1310
384 1354
385 1256
386 1319
387 1393
388 1255
389 1333
390 1323
391 1336
392 1385
393 1406
394 1379
395 1361
396 1347
397 1384
398 1331
399 1295
400 1355
401 1329
402 1432
403 1408
404 1361
405 1387
406 1378
407 1409
408 1443
409 1461
410 1383
411 1443
412 1464
413 1429
414 1446
415 1387
416 1434
417 1469
418 1534
419 1467
420 1531
421 1422
422 1429
423 1481
424 1457
425 1451
426 1438
427 1481
428 1532
429 1498
430 1450
431 1432
432 1513
433 1531
434 1482
435 1494
436 1531
437 1485
438 1523
439 1529
440 1529
441 1539
442 1495
443 1592
444 1551
445 1520
446 1580
447 1485
448 1554
449 1532
450 1538
451 1631
452 1580
453 1562
454 1551
455 1644
456 1574
457 1536
458 1692
459 1502
460 1560
461 1548
462 1620
463 1542
464 1637
465 1572
466 1554
467 1582
468 1546
469 1640
470 1573
471 1520
472 1553
473 1553
474 1531
475 1563
476 1591
477 1582
478 1659
479 1565
480 1561
481 1575
482 1596
483 1606
484 1580
485 1577
486 1572
487 1561
488 1645
489 1519
490 1620
491 1726
492 1556
493 1526
494 1593
495 1606
496 1578
497 1541
498 1567
499 1535
500 1624
501 1488
502 1591
503 1548
504 1577
505 1537
506 1544
507 1513
508 1529
509 1587
510 1595
511 1554
512 1543
513 1594
514 1518
515 1497
516 1598
517 1519
518 1571
519 1566
520 1557
521 1594
522 1440
523 1573
524 1477
525 1485
526 1467
527 1522
528 1518
529 1536
530 1468
531 1507
532 1448
533 1468
534 1455
535 1559
536 1452
537 1475
538 1463
539 1466
540 1498
541 1460
542 1409
543 1436
544 1424
545 1461
546 1419
547 1483
548 1443
549 1442
550 1428
551 1413
552 1376
553 1423
554 1359
555 1388
556 1415
557 1371
558 1344
559 1302
560 1362
561 1352
562 1356
563 1328
564 1332
565 1312
566 1311
567 1281
568 1354
569 1293
570 1315
571 1282
572 1303
573 1253
574 1239
575 1246
576 1217
577 1251
578 1224
579 1230
580 1198
581 1212
582 1281
583 1243
584 1236
585 1213
586 1199
587 1181
588 1194
589 1140
590 1092
591 1125
592 1181
593 1192
594 1111
595 1137
596 1102
597 1133
598 1108
599 1127
600 1096
601 1070
602 1018
603 1126
604 1071
605 1088
606 1073
607 1066
608 1033
609 996
610 1025
611 1016
612 1023
613 997
614 1063
615 1039
616 997
617 1006
618 962
619 931
620 972
621 1006
622 971
623 992
624 924
625 922
626 966
627 968
628 928
629 842
630 914
631 830
632 856
633 910
634 829
635 847
636 814
637 856
638 855
639 867
640 866
641 831
642 813
643 768
644 832
645 842
646 789
647 764
648 824
649 802
650 720
651 766
652 804
653 803
654 769
655 709
656 708
657 808
658 742
659 697
660 785
661 688
662 709
663 720
664 710
665 716
666 674
667 626
668 623
669 667
670 673
671 637
672 658
673 654
674 612
675 667
676 591
677 655
678 619
679 651
680 630
681 608
682 602
683 549
684 554
685 560
686 557
687 589
688 573
689 550
690 542
691 591
692 545
693 597
694 574
695 583
696 558
697 530
698 532
699 580
700 567
701 536
702 546
703 517
704 494
705 534
706 509
707 538
708 498
709 452
710 453
711 483
712 512
713 487
714 460
715 451
716 453
717 478
718 451
719 468
720 441
721 426
722 407
723 413
724 422
725 432
726 444
727 415
728 429
729 402
730 411
731 408
732 363
733 400
734 447
735 418
736 404
737 386
738 385
739 391
740 375
741 386
742 376
743 395
744 402
745 369
746 409
747 403
748 352
749 365
750 343
751 323
752 372
753 334
754 359
755 375
756 357
757 319
758 350
759 340
760 374
761 332
762 363
763 344
764 331
765 386
766 344
767 322
768 274
769 326
770 362
771 339
772 296
773 309
774 320
775 288
776 330
777 305
778 322
779 292
780 290
781 300
782 325
783 327
784 299
785 315
786 309
787 279
788 287
789 305
790 291
791 298
792 298
793 273
794 261
795 287
796 252
797 285
798 290
799 287
800 268
801 274
802 265
803 280
804 261
805 263
806 267
807 240
808 248
809 237
810 248
811 273
812 248
813 245
814 255
815 247
816 257
817 264
818 248
819 275
820 229
821 238
822 221
823 233
824 228
825 245
826 255
827 262
828 242
829 229
830 225
831 250
832 232
833 221
834 240
835 237
836 241
837 249
838 209
839 238
840 236
841 237
842 244
843 226
844 202
845 224
846 219
847 231
848 201
849 226
850 248
851 207
852 225
853 218
854 236
855 208
856 218
857 226
858 234
859 238
860 191
861 237
862 202
863 235
864 201
865 215
866 214
867 208
868 223
869 239
870 191
871 196
872 202
873 206
874 205
875 245
876 203
877 200
878 207
879 195
880 228
881 207
882 214
883 169
884 207
885 203
886 208
887 209
888 195
889 208
890 222
891 196
892 213
893 225
894 214
895 210
896 202
897 202
898 194
899 212
900 207
901 227
902 199
903 189
904 187
905 202
906 181
907 179
908 211
909 199
910 202
911 209
912 188
913 165
914 207
915 196
916 195
917 195
918 193
919 208
920 197
921 199
922 195
923 191
924 187
925 174
926 167
927 190
928 214
929 179
930 206
931 184
932 191
933 191
934 215
935 206
936 180
937 203
938 180
939 190
940 186
941 190
942 225
943 209
944 174
945 216
946 193
947 211
948 193
949 194
950 193
951 195
952 207
953 211
954 174
955 204
956 191
957 178
958 180
959 181
960 191
961 166
962 187
963 192
964 197
965 177
966 211
967 178
968 172
969 188
970 200
971 204
972 187
973 178
974 191
975 183
976 154
977 181
978 192
979 173
980 170
981 202
982 183
983 200
984 180
985 182
986 181
987 186
988 200
989 170
990 196
991 176
992 181
993 170
994 177
995 191
996 175
997 208
998 163
999 184
1000 184
1001 188
1002 184
1003 171
1004 171
1005 170
1006 218
1007 180
1008 178
1009 219
1010 170
1011 202
1012 171
1013 160
1014 170
1015 157
1016 191
1017 169
1018 193
1019 190
1020 164
1021 218
1022 174
1023 187
1024 175
1025 186
1026 179
1027 187
1028 177
1029 165
1030 186
1031 180
1032 161
1033 160
1034 178
1035 158
1036 186
1037 181
1038 173
1039 204
1040 173
1041 166
1042 179
1043 169
1044 185
1045 175
1046 146
1047 162
1048 180
1049 170
1050 173
1051 162
1052 145
1053 160
1054 143
1055 159
1056 155
1057 175
1058 186
1059 162
1060 160
1061 155
1062 161
1063 153
1064 161
1065 179
1066 168
1067 151
1068 163
1069 131
1070 164
1071 190
1072 181
1073 174
1074 171
1075 153
1076 151
1077 156
1078 152
1079 160
1080 163
1081 181
1082 129
1083 177
1084 168
1085 174
1086 155
1087 154
1088 183
1089 149
1090 159
1091 162
1092 140
1093 145
1094 165
1095 178
1096 153
1097 148
1098 157
1099 168
1100 165
1101 143
1102 172
1103 165
1104 168
1105 163
1106 170
1107 155
1108 141
1109 182
1110 162
1111 172
1112 194
1113 186
1114 175
1115 165
1116 167
1117 142
1118 152
1119 169
1120 164
1121 151
1122 151
1123 179
1124 168
1125 152
1126 155
1127 159
1128 157
1129 164
1130 159
1131 157
1132 156
1133 170
1134 148
1135 150
1136 157
1137 162
1138 155
1139 161
1140 153
1141 171
1142 139
1143 138
1144 157
1145 151
1146 160
1147 153
1148 181
1149 154
1150 142
1151 169
1152 151
1153 133
1154 145
1155 162
1156 159
1157 166
1158 143
1159 133
1160 137
1161 139
1162 159
1163 143
1164 131
1165 143
1166 164
1167 130
1168 155
1169 135
1170 131
1171 134
1172 149
1173 129
1174 129
1175 162
1176 145
1177 133
1178 134
1179 147
1180 140
1181 151
1182 150
1183 135
1184 120
1185 159
1186 131
1187 124
1188 152
1189 145
1190 147
1191 129
1192 135
1193 147
1194 136
1195 147
1196 145
1197 135
1198 143
1199 128
1200 145
1201 155
1202 128
1203 124
1204 125
1205 128
1206 130
1207 111
1208 135
1209 138
1210 128
1211 132
1212 110
1213 126
1214 132
1215 141
1216 137
1217 123
1218 147
1219 140
1220 138
1221 135
1222 129
1223 131
1224 113
1225 132
1226 116
1227 118
1228 141
1229 118
1230 124
1231 132
1232 120
1233 109
1234 130
1235 131
1236 120
1237 116
1238 110
1239 106
1240 107
1241 114
1242 117
1243 119
1244 110
1245 130
1246 128
1247 128
1248 123
1249 116
1250 120
1251 120
1252 111
1253 107
1254 121
1255 122
1256 141
1257 115
1258 124
1259 133
1260 108
1261 98
1262 100
1263 111
1264 119
1265 128
1266 130
1267 106
1268 114
1269 103
1270 129
1271 108
1272 98
1273 116
1274 114
1275 110
1276 113
1277 94
1278 111
1279 96
1280 87
1281 100
1282 109
1283 118
1284 116
1285 109
1286 95
1287 94
1288 98
1289 116
1290 112
1291 103
1292 106
1293 109
1294 119
1295 97
1296 104
1297 112
1298 110
1299 96
1300 116
1301 111
1302 108
1303 80
1304 88
1305 90
1306 86
1307 107
1308 90
1309 95
1310 98
1311 101
1312 96
1313 96
1314 98
1315 87
1316 108
1317 84
1318 84
1319 110
1320 102
1321 80
1322 87
1323 100
1324 86
1325 110
1326 88
1327 79
1328 104
1329 86
1330 95
1331 101
1332 79
1333 80
1334 86
1335 90
1336 93
1337 97
1338 77
1339 92
1340 83
1341 79
1342 89
1343 83
1344 76
1345 91
1346 83
1347 83
1348 88
1349 85
1350 95
1351 87
1352 85
1353 91
1354 87
1355 56
1356 82
1357 84
1358 78
1359 84
1360 72
1361 81
1362 77
1363 79
1364 76
1365 76
1366 73
1367 62
1368 64
1369 88
1370 83
1371 73
1372 82
1373 81
1374 76
1375 75
1376 70
1377 72
1378 76
1379 83
1380 81
1381 75
1382 70
1383 67
1384 71
1385 80
1386 68
1387 70
1388 64
1389 73
1390 65
1391 61
1392 64
1393 73
1394 79
1395 62
1396 64
1397 59
1398 77
1399 72
1400 72
1401 75
1402 77
1403 60
1404 53
1405 60
1406 74
1407 68
1408 57
1409 68
1410 72
1411 65
1412 94
1413 65
1414 60
1415 62
1416 69
1417 76
1418 77
1419 66
1420 73
1421 65
1422 55
1423 65
1424 60
1425 68
1426 61
1427 60
1428 60
1429 55
1430 63
1431 48
1432 52
1433 70
1434 59
1435 55
1436 70
1437 59
1438 43
1439 55
1440 60
1441 65
1442 60
1443 68
1444 58
1445 63
1446 50
1447 56
1448 39
1449 45
1450 50
1451 51
1452 52
1453 51
1454 51
1455 63
1456 47
1457 52
1458 60
1459 49
1460 43
1461 52
1462 53
1463 45
1464 59
1465 49
1466 42
1467 47
1468 51
1469 52
1470 58
1471 56
1472 56
1473 43
1474 49
1475 42
1476 38
1477 41
1478 33
1479 54
1480 45
1481 43
1482 50
1483 42
1484 46
1485 41
1486 40
1487 49
1488 55
1489 51
1490 41
1491 39
1492 40
1493 44
1494 38
1495 37
1496 37
1497 43
1498 57
1499 54
1500 43
1501 38
1502 54
1503 34
1504 38
1505 48
1506 35
1507 44
1508 41
1509 47
1510 45
1511 37
1512 32
1513 41
1514 46
1515 36
1516 51
1517 31
1518 50
1519 32
1520 38
1521 34
1522 49
1523 37
1524 36
1525 42
1526 38
1527 40
1528 46
1529 52
1530 40
1531 23
1532 24
1533 39
1534 37
1535 31
1536 37
1537 36
1538 46
1539 34
1540 39
1541 31
1542 34
1543 33
1544 38
1545 33
1546 34
1547 35
1548 42
1549 31
1550 30
1551 33
1552 30
1553 33
1554 37
1555 33
1556 42
1557 36
1558 30
1559 35
1560 25
1561 37
1562 45
1563 38
1564 39
1565 35
1566 29
1567 33
1568 34
1569 36
1570 37
1571 23
1572 32
1573 41
1574 48
1575 38
1576 29
1577 23
1578 37
1579 36
1580 20
1581 36
1582 35
1583 30
1584 32
1585 30
1586 26
1587 28
1588 33
1589 34
1590 32
1591 23
1592 24
1593 27
1594 29
1595 27
1596 17
1597 29
1598 18
1599 28
1600 27
1601 21
1602 30
1603 19
1604 27
1605 34
1606 28
1607 23
1608 30
1609 25
1610 29
1611 34
1612 33
1613 20
1614 22
1615 24
1616 22
1617 15
1618 19
1619 25
1620 31
1621 23
1622 20
1623 26
1624 25
1625 23
1626 22
1627 26
1628 28
1629 28
1630 22
1631 26
1632 28
1633 20
1634 22
1635 25
1636 14
1637 18
1638 25
1639 17
1640 27
1641 28
1642 18
1643 26
1644 17
1645 29
1646 31
1647 16
1648 26
1649 19
1650 19
1651 16
1652 25
1653 18
1654 21
1655 21
1656 25
1657 18
1658 20
1659 15
1660 26
1661 21
1662 17
1663 28
1664 16
1665 21
1666 18
1667 18
1668 21
1669 23
1670 20
1671 22
1672 23
1673 17
1674 17
1675 17
1676 15
1677 21
1678 17
1679 23
1680 17
1681 18
1682 14
1683 19
1684 22
1685 34
1686 18
1687 10
1688 15
1689 16
1690 18
1691 20
1692 18
1693 12
1694 16
1695 18
1696 18
1697 20
1698 23
1699 18
1700 17
1701 16
1702 14
1703 24
1704 15
1705 17
1706 17
1707 13
1708 12
1709 18
1710 17
1711 15
1712 16
1713 13
1714 17
1715 10
1716 12
1717 21
1718 15
1719 14
1720 15
1721 15
1722 17
1723 18
1724 13
1725 9
1726 18
1727 13
1728 18
1729 16
1730 8
1731 15
1732 11
1733 13
1734 18
1735 20
1736 8
1737 14
1738 11
1739 15
1740 12
1741 11
1742 9
1743 20
1744 16
1745 12
1746 13
1747 12
1748 14
1749 10
1750 10
1751 11
1752 17
1753 11
1754 12
1755 10
1756 8
1757 12
1758 12
1759 20
1760 10
1761 11
1762 11
1763 12
1764 9
1765 12
1766 15
1767 12
1768 12
1769 14
1770 10
1771 5
1772 11
1773 18
1774 12
1775 11
1776 9
1777 3
1778 7
1779 6
1780 8
1781 8
1782 4
1783 14
1784 10
1785 6
1786 11
1787 10
1788 10
1789 10
1790 9
1791 10
1792 12
1793 13
1794 6
1795 8
1796 12
1797 5
1798 10
1799 6
1800 13
1801 6
1802 10
1803 10
1804 7
1805 8
1806 11
1807 10
1808 8
1809 10
1810 5
1811 6
1812 6
1813 11
1814 10
1815 6
1816 10
1817 6
1818 6
1819 6
1820 9
1821 10
1822 12
1823 18
1824 9
1825 8
1826 6
1827 7
1828 9
1829 11
1830 5
1831 8
1832 11
1833 7
1834 4
1835 5
1836 5
1837 9
1838 7
1839 9
1840 10
1841 11
1842 12
1843 5
1844 10
1845 11
1846 11
1847 3
1848 11
1849 9
1850 3
1851 3
1852 3
1853 8
1854 6
1855 6
1856 7
1857 6
1858 6
1859 9
1860 4
1861 7
1862 5
1863 6
1864 3
1865 9
1866 7
1867 7
1868 8
1869 5
1870 6
1871 4
1872 7
1873 8
1874 4
1875 6
1876 10
1877 6
1878 9
1879 10
1880 9
1881 6
1882 8
1883 7
1884 7
1885 3
1886 7
1887 4
1888 5
1889 4
1890 8
1891 3
1892 6
1893 4
1894 2
1895 5
1896 6
1897 4
1898 1
1899 4
1900 5
1901 5
1902 9
1903 8
1904 4
1905 4
1906 6
1907 3
1908 4
1909 6
1910 4
1911 6
1912 3
1913 6
1914 8
1915 1
1916 3
1917 6
1918 5
1919 10
1920 4
1921 3
1922 11
1923 4
1924 2
1925 4
1926 4
1927 4
1928 8
1929 5
1930 4
1931 5
1932 6
1933 3
1934 5
1935 2
1936 5
1937 5
1938 2
1939 4
1940 6
1941 5
1942 3
1943 6
1944 1
1945 7
1946 2
1947 2
1948 5
1949 5
1950 2
1951 6
1952 3
1953 7
1954 1
1955 5
1956 2
1957 5
1958 3
1959 5
1960 2
1961 2
1962 3
1963 1
1964 2
1965 1
1966 5
1967 2
1968 2
1969 3
1970 5
1971 7
1972 3
1973 3
1974 4
1975 3
1976 0
1977 3
1978 2
1979 4
1980 2
1981 5
1982 4
1983 3
1984 1
1985 3
1986 1
1987 3
1988 3
1989 2
1990 6
1991 2
1992 4
1993 4
1994 4
1995 2
1996 2
1997 2
1998 1
1999 0
2000 1
2001 1
2002 3
2003 5
2004 4
2005 0
2006 3
2007 2
2008 4
2009 5
2010 5
2011 2
2012 2
2013 5
2014 4
2015 2
2016 3
2017 1
2018 2
2019 1
2020 1
2021 2
2022 2
2023 4
2024 4
2025 2
2026 2
2027 2
2028 2
2029 2
2030 0
2031 6
2032 1
2033 3
2034 0
2035 2
2036 0
2037 1
2038 1
2039 0
2040 3
2041 3
2042 1
2043 1
2044 2
2045 5
2046 1
2047 3
2048 6
2049 3
2050 3
2051 5
2052 0
2053 3
2054 3
2055 3
2056 6
2057 3
2058 0
2059 1
2060 2
2061 3
2062 3
2063 0
2064 1
2065 2
2066 3
2067 2
2068 0
2069 3
2070 1
2071 1
2072 0
2073 1
2074 3
2075 2
2076 1
2077 2
2078 0
2079 2
2080 3
2081 3
2082 3
2083 2
2084 1
2085 0
2086 1
2087 2
2088 1
2089 2
2090 0
2091 1
2092 4
2093 2
2094 3
2095 3
2096 0
2097 3
2098 1
2099 2
2100 2
2101 0
2102 0
2103 1
2104 1
2105 3
2106 1
2107 2
2108 3
2109 4
2110 2
2111 4
2112 0
2113 1
2114 0
2115 0
2116 2
2117 1
2118 1
2119 1
2120 2
2121 1
2122 2
2123 1
2124 3
2125 0
2126 1
2127 0
2128 2
2129 2
2130 0
2131 0
2132 1
2133 1
2134 1
2135 1
2136 1
2137 1
2138 0
2139 2
2140 1
2141 0
2142 0
2143 3
2144 0
2145 2
2146 0
2147 1
2148 1
2149 0
2150 0
2151 1
2152 1
2153 2
2154 3
2155 2
2156 0
2157 0
2158 1
2159 3
2160 0
2161 0
2162 1
2163 2
2164 0
2165 2
2166 2
2167 1
2168 4
2169 0
2170 0
2171 1
2172 0
2173 0
2174 1
2175 1
2176 1
2177 1
2178 0
2179 1
2180 1
2181 2
2182 2
2183 1
2184 2
2185 1
2186 0
2187 1
2188 1
2189 0
2190 3
2191 2
2192 0
2193 0
2194 1
2195 2
2196 0
2197 0
2198 0
2199 0
2200 2
2201 2
2202 0
2203 1
2204 0
2205 0
2206 1
2207 0
2208 1
2209 1
2210 0
2211 0
2212 1
2213 1
2214 1
2215 0
2216 0
2217 1
2218 1
2219 0
2220 2
2221 0
2222 1
2223 0
2224 1
2225 0
2226 0
2227 0
2228 1
2229 0
2230 0
2231 2
2232 1
2233 3
2234 1
2235 1
2236 1
2237 1
2238 1
2239 1
2240 1
2241 2
2242 0
2243 0
2244 1
2245 0
2246 0
2247 1
2248 0
2249 0
2250 0
2251 0
2252 0
2253 1
2254 1
2255 0
2256 1
2257 1
2258 1
2259 1
2260 0
2261 0
2262 1
2263 1
2264 1
2265 0
2266 0
2267 0
2268 0
2269 0
2270 0
2271 0
2272 1
2273 0
2274 2
2275 1
2276 0
2277 1
2278 1
2279 0
2280 1
2281 0
2282 1
2283 2
2284 0
2285 0
2286 0
2287 0
2288 2
2289 1
2290 0
2291 0
2292 0
2293 1
2294 0
2295 0
2296 1
2297 1
2298 0
2299 0
2300 2
2301 1
2302 1
2303 1
2304 2
2305 0
2306 0
2307 0
2308 0
2309 1
2310 0
2311 0
2312 0
2313 0
2314 0
2315 0
2316 0
2317 0
2318 1
2319 0
2320 0
2321 0
2322 0
2323 0
2324 1
2325 1
2326 0
2327 0
2328 0
2329 0
2330 2
2331 0
2332 3
2333 0
2334 1
2335 0
2336 0
2337 0
2338 0
2339 0
2340 1
2341 0
2342 1
2343 0
2344 1
2345 1
2346 0
2347 0
2348 0
2349 1
2350 0
2351 1
2352 0
2353 0
2354 1
2355 0
2356 0
2357 1
2358 0
2359 0
2360 1
2361 0
2362 0
2363 2
2364 1
2365 1
2366 0
2367 0
2368 0
2369 0
2370 0
2371 0
2372 0
2373 1
2374 0
2375 0
2376 0
2377 0
2378 0
2379 0
2380 0
2381 0
2382 0
2383 2
2384 0
2385 0
2386 0
2387 0
2388 0
2389 0
2390 0
2391 0
2392 0
2393 0
2394 1
2395 0
2396 0
2397 0
2398 1
2399 1
2400 0
2401 1
2402 0
2403 0
2404 0
2405 0
2406 0
2407 0
2408 0
2409 0
2410 1
2411 0
2412 0
2413 0
2414 0
2415 0
2416 0
2417 1
2418 0
2419 0
2420 1
2421 0
2422 0
2423 0
2424 0
2425 1
2426 2
2427 0
2428 0
2429 0
2430 0
2431 1
2432 0
2433 0
2434 0
2435 0
2436 0
2437 0
2438 0
2439 0
2440 0
2441 0
2442 0
2443 0
2444 0
2445 1
2446 0
2447 0
2448 0
2449 1
2450 0
2451 1
2452 0
2453 1
2454 0
2455 0
2456 0
2457 0
2458 0
2459 0
2460 0
2461 0
2462 0
2463 0
2464 0
2465 0
2466 0
2467 0
2468 0
2469 0
2470 0
2471 0
2472 0
2473 1
2474 0
2475 0
2476 0
2477 0
2478 0
2479 0
2480 0
2481 0
2482 0
2483 0
2484 0
2485 0
2486 0
2487 0
2488 0
2489 0
2490 0
2491 0
2492 0
2493 0
2494 0
2495 0
2496 0
2497 0
2498 0
2499 0
2500 0
2501 0
2502 0
2503 0
2504 0
2505 0
2506 0
2507 0
2508 0
2509 0
2510 0
2511 0
2512 0
2513 0
2514 0
2515 0
2516 0
2517 0
2518 0
2519 0
2520 0
2521 1
2522 0
2523 0
2524 0
2525 0
2526 0
2527 1
2528 0
2529 0
2530 0
2531 0
2532 0
2533 0
2534 0
2535 0
2536 0
2537 0
2538 0
2539 0
2540 0
2541 0
2542 0
2543 0
2544 0
2545 0
2546 0
2547 0
2548 0
2549 0
2550 0
2551 0
2552 1
2553 0
2554 0
2555 0
2556 0
2557 0
2558 0
2559 0
2560 0
2561 0
2562 0
2563 0
2564 0
2565 0
2566 0
2567 0
2568 0
2569 0
2570 0
2571 0
2572 0
2573 0
2574 0
2575 0
2576 1
2577 0
2578 0
2579 0
2580 1
2581 0
2582 0
2583 0
2584 0
2585 0
2586 0
2587 0
2588 0
2589 0
2590 0
2591 0
2592 0
2593 1
2594 1
2595 0
2596 0
2597 0
2598 0
2599 0
2600 0
2601 0
2602 0
2603 0
2604 0
2605 0
2606 0
2607 1
2608 0
2609 0
2610 0
2611 0
2612 0
2613 0
2614 0
2615 0
2616 0
2617 0
2618 0
2619 0
2620 0
2621 0
2622 0
2623 0
2624 0
2625 0
2626 0
2627 0
2628 0
2629 0
2630 0
2631 0
2632 0
2633 0
2634 0
2635 0
2636 0
2637 0
2638 0
2639 0
2640 0
2641 0
2642 0
2643 0
2644 0
2645 0
2646 0
2647 0
2648 1
2649 0
2650 0
2651 0
2652 1
2653 0
2654 0
2655 0
2656 0
2657 0
2658 0
2659 1
2660 0
2661 0
2662 0
2663 0
2664 0
2665 0
2666 0
2667 0
2668 0
2669 0
2670 0
2671 0
2672 0
2673 0
2674 1
2675 0
2676 0
2677 0
2678 0
2679 0
2680 0
2681 0
2682 0
2683 0
2684 0
2685 0
2686 0
2687 0
2688 0
2689 0
2690 1
2691 1
2692 0
2693 0
2694 0
2695 0
2696 0
2697 0
2698 0
2699 0
2700 0
2701 0
2702 0
2703 0
2704 0
2705 0
2706 0
2707 0
2708 0
2709 0
2710 0
2711 0
2712 0
2713 0
2714 0
2715 0
2716 0
2717 0
2718 0
2719 0
2720 0
2721 0
2722 0
2723 0
2724 0
2725 0
2726 0
2727 0
2728 0
2729 0
2730 0
2731 0
2732 0
2733 0
2734 0
2735 0
2736 0
2737 0
2738 0
2739 0
2740 0
2741 0
2742 0
2743 0
2744 0
2745 1
2746 0
2747 0
2748 0
2749 0
2750 0
2751 0
2752 1
2753 0
2754 0
2755 0
2756 0
2757 0
2758 0
2759 1
2760 0
2761 0
2762 0
2763 0
2764 0
2765 0
2766 0
2767 0
2768 0
2769 0
2770 0
2771 0
2772 0
2773 0
2774 0
2775 0
2776 0
2777 0
2778 0
2779 0
2780 0
2781 0
2782 0
2783 0
2784 1
2785 0
2786 0
2787 0
2788 0
2789 0
2790 0
2791 0
2792 0
2793 0
2794 0
2795 0
2796 0
2797 0
2798 0
2799 0
2800 0
2801 0
2802 0
2803 0
2804 0
2805 0
2806 0
2807 0
2808 0
2809 0
2810 0
2811 0
2812 0
2813 0
2814 1
2815 0
2816 0
2817 0
2818 0
2819 1
2820 0
2821 0
2822 0
2823 0
2824 0
2825 0
2826 0
2827 0
2828 0
2829 0
2830 0
2831 0
2832 0
2833 0
2834 0
2835 0
2836 0
2837 0
2838 0
2839 0
2840 0
2841 0
2842 0
2843 0
2844 0
2845 0
2846 1
2847 0
2848 0
2849 0
2850 0
2851 0
2852 0
2853 0
2854 0
2855 0
2856 0
2857 0
2858 0
2859 0
2860 0
2861 0
2862 0
2863 0
2864 0
2865 0
2866 0
2867 0
2868 0
2869 0
2870 0
2871 0
2872 0
2873 0
2874 0
2875 0
2876 0
2877 0
2878 0
2879 0
2880 0
2881 0
2882 0
2883 0
2884 0
2885 0
2886 0
2887 0
2888 0
2889 0
2890 0
2891 0
2892 0
2893 0
2894 0
2895 0
2896 0
2897 0
2898 0
2899 0
2900 0
2901 0
2902 0
2903 0
2904 1
2905 0
2906 0
2907 0
2908 0
2909 0
2910 0
2911 0
2912 0
2913 0
2914 0
2915 0
2916 0
2917 0
2918 0
2919 0
2920 0
2921 0
2922 0
2923 0
2924 0
2925 0
2926 0
2927 0
2928 0
2929 0
2930 0
2931 0
2932 0
2933 0
2934 0
2935 0
2936 0
2937 0
2938 0
2939 0
2940 0
2941 0
2942 0
2943 0
2944 0
2945 0
2946 0
2947 0
2948 0
2949 0
2950 0
2951 0
2952 0
2953 0
2954 0
2955 0
2956 0
2957 0
2958 0
2959 0
2960 0
2961 0
2962 0
2963 0
2964 0
2965 0
2966 0
2967 0
2968 0
2969 0
2970 0
2971 0
2972 0
2973 0
2974 0
2975 0
2976 0
2977 0
2978 0
2979 0
2980 0
2981 0
2982 1
2983 0
2984 0
2985 0
2986 0
2987 0
2988 0
2989 0
2990 0
2991 0
2992 0
2993 0
2994 0
2995 0
2996 0
2997 0
2998 0
2999 0
3000 0
3001 0
3002 1
3003 1
3004 0
3005 0
3006 0
3007 0
3008 0
3009 0
3010 0
3011 0
3012 0
3013 0
3014 0
3015 0
3016 0
3017 0
3018 1
3019 0
3020 0
3021 0
3022 0
3023 0
3024 0
3025 0
3026 0
3027 0
3028 0
3029 0
3030 0
3031 0
3032 0
3033 0
3034 0
3035 0
3036 0
3037 0
3038 0
3039 0
3040 0
3041 0
3042 0
3043 0
3044 0
3045 0
3046 0
3047 0
3048 0
3049 1
3050 0
3051 0
3052 0
3053 0
3054 0
3055 0
3056 0
3057 0
3058 0
3059 0
3060 0
3061 1
3062 0
3063 0
3064 0
3065 0
3066 0
3067 0
3068 0
3069 0
3070 0
3071 0
3072 0
3073 0
3074 0
3075 0
3076 0
3077 0
3078 0
3079 0
3080 0
3081 0
3082 0
3083 0
3084 0
3085 0
3086 0
3087 0
3088 0
3089 0
3090 0
3091 0
3092 0
3093 0
3094 0
3095 0
3096 0
3097 0
3098 0
3099 0
3100 0
3101 0
3102 0
3103 0
3104 0
3105 0
3106 0
3107 0
3108 0
3109 0
3110 0
3111 0
3112 0
3113 0
3114 0
3115 0
3116 0
3117 0
3118 0
3119 0
3120 0
3121 0
3122 0
3123 0
3124 0
3125 0
3126 0
3127 0
3128 0
3129 0
3130 0
3131 0
3132 0
3133 0
3134 1
3135 0
3136 0
3137 1
3138 0
3139 0
3140 0
3141 0
3142 0
3143 1
3144 0
3145 0
3146 0
3147 0
3148 0
3149 0
3150 0
3151 0
3152 0
3153 0
3154 0
3155 0
3156 0
3157 0
3158 0
3159 0
3160 0
3161 0
3162 0
3163 0
3164 0
3165 0
3166 0
3167 0
3168 0
3169 0
3170 0
3171 0
3172 0
3173 0
3174 0
3175 0
3176 0
3177 0
3178 0
3179 0
3180 0
3181 0
3182 0
3183 0
3184 0
3185 0
3186 1
3187 0
3188 0
3189 0
3190 0
3191 0
3192 0
3193 0
3194 0
3195 0
3196 0
3197 0
3198 0
3199 0
3200 0
3201 0
3202 0
3203 0
3204 0
3205 0
3206 0
3207 0
3208 0
3209 0
3210 0
3211 0
3212 0
3213 0
3214 1
3215 0
3216 0
3217 0
3218 0
3219 0
3220 0
3221 0
3222 0
3223 0
3224 0
3225 0
3226 0
3227 0
3228 0
3229 0
3230 0
3231 0
3232 0
3233 0
3234 0
3235 0
3236 0
3237 1
3238 0
3239 0
3240 0
3241 0
3242 0
3243 0
3244 0
3245 0
3246 0
3247 0
3248 0
3249 0
3250 0
3251 0
3252 0
3253 0
3254 0
3255 0
3256 0
3257 0
3258 0
3259 0
3260 0
3261 0
3262 0
3263 0
3264 0
3265 0
3266 0
3267 0
3268 0
3269 0
3270 0
3271 0
3272 0
3273 0
3274 0
3275 0
3276 0
3277 0
3278 0
3279 0
3280 0
3281 0
3282 0
3283 0
3284 0
3285 0
3286 0
3287 0
3288 0
3289 0
3290 0
3291 0
3292 0
3293 1
3294 0
3295 0
3296 0
3297 0
3298 0
3299 0
3300 0
3301 0
3302 0
3303 0
3304 0
3305 0
3306 1
3307 0
3308 0
3309 0
3310 0
3311 0
3312 0
3313 0
3314 0
3315 0
3316 0
3317 0
3318 0
3319 0
3320 0
3321 0
3322 0
3323 0
3324 0
3325 0
3326 0
3327 0
3328 0
3329 0
3330 0
3331 0
3332 0
3333 0
3334 0
3335 0
3336 0
3337 0
3338 0
3339 0
3340 0
3341 0
3342 0
3343 0
3344 0
3345 0
3346 0
3347 0
3348 0
3349 0
3350 0
3351 0
3352 0
3353 0
3354 0
3355 0
3356 0
3357 0
3358 0
3359 0
3360 0
3361 0
3362 1
3363 0
3364 0
3365 0
3366 0
3367 0
3368 0
3369 0
3370 0
3371 0
3372 0
3373 0
3374 0
3375 0
3376 0
3377 0
3378 0
3379 0
3380 0
3381 0
3382 0
3383 0
3384 0
3385 0
3386 0
3387 0
3388 0
3389 0
3390 1
3391 0
3392 0
3393 0
3394 0
3395 0
3396 0
3397 0
3398 0
3399 0
3400 0
3401 0
3402 0
3403 0
3404 0
3405 0
3406 0
3407 0
3408 0
3409 0
3410 0
3411 0
3412 0
3413 0
3414 0
3415 0
3416 0
3417 1
3418 0
3419 0
3420 0
3421 0
3422 0
3423 0
3424 0
3425 0
3426 1
3427 0
3428 0
3429 0
3430 0
3431 0
3432 0
3433 0
3434 1
3435 0
3436 0
3437 0
3438 0
3439 0
3440 0
3441 0
3442 0
3443 0
3444 0
3445 1
3446 0
3447 0
3448 0
3449 0
3450 0
3451 0
3452 0
3453 0
3454 0
3455 0
3456 1
3457 0
3458 0
3459 1
3460 0
3461 0
3462 0
3463 0
3464 0
3465 0
3466 0
3467 0
3468 0
3469 0
3470 0
3471 0
3472 0
3473 0
3474 0
3475 0
3476 0
3477 1
3478 0
3479 0
3480 0
3481 0
3482 0
3483 0
3484 0
3485 0
3486 0
3487 0
3488 0
3489 0
3490 0
3491 0
3492 0
3493 0
3494 0
3495 0
3496 0
3497 0
3498 0
3499 0
3500 0
3501 0
3502 0
3503 0
3504 0
3505 0
3506 0
3507 0
3508 0
3509 0
3510 0
3511 0
3512 0
3513 0
3514 0
3515 0
3516 0
3517 0
3518 0
3519 0
3520 0
3521 0
3522 0
3523 0
3524 0
3525 0
3526 0
3527 0
3528 0
3529 0
3530 0
3531 0
3532 0
3533 0
3534 0
3535 0
3536 0
3537 0
3538 0
3539 0
3540 0
3541 0
3542 0
3543 0
3544 0
3545 0
3546 0
3547 0
3548 0
3549 0
3550 0
3551 0
3552 0
3553 0
3554 0
3555 0
3556 0
3557 0
3558 0
3559 0
3560 0
3561 0
3562 0
3563 0
3564 0
3565 0
3566 0
3567 0
3568 0
3569 0
3570 0
3571 0
3572 0
3573 0
3574 0
3575 0
3576 0
3577 0
3578 0
3579 0
3580 0
3581 0
3582 0
3583 0
3584 0
3585 0
3586 0
3587 0
3588 0
3589 0
3590 0
3591 0
3592 0
3593 0
3594 0
3595 0
3596 0
3597 0
3598 0
3599 0
3600 0
3601 0
3602 0
3603 0
3604 0
3605 0
3606 0
3607 0
3608 0
3609 0
3610 0
3611 0
3612 0
3613 0
3614 0
3615 0
3616 0
3617 0
3618 0
3619 0
3620 0
3621 0
3622 0
3623 0
3624 0
3625 0
3626 0
3627 0
3628 0
3629 0
3630 0
3631 0
3632 0
3633 0
3634 0
3635 0
3636 0
3637 0
3638 0
3639 0
3640 0
3641 0
3642 0
3643 0
3644 0
3645 0
3646 0
3647 0
3648 0
3649 0
3650 0
3651 0
3652 0
3653 0
3654 0
3655 0
3656 0
3657 0
3658 0
3659 0
3660 0
3661 0
3662 0
3663 0
3664 0
3665 0
3666 0
3667 0
3668 0
3669 0
3670 0
3671 0
3672 0
3673 0
3674 0
3675 0
3676 0
3677 0
3678 0
3679 0
3680 0
3681 0
3682 0
3683 0
3684 0
3685 0
3686 0
3687 0
3688 0
3689 0
3690 0
3691 0
3692 0
3693 0
3694 0
3695 0
3696 0
3697 0
3698 0
3699 0
3700 0
3701 0
3702 0
3703 0
3704 0
3705 0
3706 0
3707 0
3708 0
3709 0
3710 0
3711 0
3712 0
3713 0
3714 0
3715 0
3716 0
3717 0
3718 0
3719 0
3720 0
3721 0
3722 0
3723 0
3724 0
3725 0
3726 0
3727 0
3728 0
3729 0
3730 0
3731 0
3732 0
3733 0
3734 0
3735 0
3736 0
3737 0
3738 0
3739 0
3740 0
3741 0
3742 0
3743 0
3744 0
3745 0
3746 0
3747 0
3748 0
3749 0
3750 0
3751 0
3752 0
3753 0
3754 0
3755 0
3756 0
3757 0
3758 0
3759 0
3760 0
3761 0
3762 0
3763 0
3764 0
3765 0
3766 0
3767 0
3768 0
3769 0
3770 0
3771 0
3772 0
3773 0
3774 0
3775 0
3776 0
3777 0
3778 0
3779 0
3780 0
3781 0
3782 0
3783 0
3784 0
3785 1
3786 0
3787 0
3788 0
3789 0
3790 0
3791 0
3792 0
3793 0
3794 0
3795 0
3796 0
3797 0
3798 0
3799 0
3800 0
3801 0
3802 0
3803 0
3804 0
3805 0
3806 0
3807 0
3808 0
3809 0
3810 0
3811 0
3812 0
3813 0
3814 0
3815 0
3816 0
3817 0
3818 0
3819 0
3820 0
3821 0
3822 0
3823 0
3824 0
3825 0
3826 0
3827 0
3828 0
3829 0
3830 0
3831 0
3832 0
3833 0
3834 0
3835 0
3836 0
3837 0
3838 0
3839 0
3840 0
3841 0
3842 0
3843 0
3844 0
3845 0
3846 0
3847 0
3848 0
3849 0
3850 0
3851 0
3852 0
3853 0
3854 0
3855 0
3856 0
3857 0
3858 0
3859 0
3860 0
3861 0
3862 0
3863 0
3864 0
3865 0
3866 0
3867 0
3868 0
3869 0
3870 0
3871 0
3872 0
3873 0
3874 0
3875 0
3876 0
3877 0
3878 0
3879 0
3880 0
3881 0
3882 0
3883 0
3884 0
3885 0
3886 0
3887 0
3888 0
3889 0
3890 0
3891 0
3892 0
3893 0
3894 0
3895 0
3896 0
3897 0
3898 0
3899 0
3900 0
3901 0
3902 0
3903 0
3904 0
3905 0
3906 0
3907 0
3908 0
3909 0
3910 0
3911 0
3912 0
3913 0
3914 0
3915 0
3916 0
3917 0
3918 0
3919 0
3920 0
3921 0
3922 0
3923 0
3924 0
3925 0
3926 0
3927 0
3928 0
3929 0
3930 0
3931 0
3932 0
3933 0
3934 0
3935 0
3936 0
3937 0
3938 0
3939 0
3940 0
3941 0
3942 0
3943 0
3944 0
3945 0
3946 0
3947 0
3948 0
3949 0
3950 0
3951 0
3952 0
3953 0
3954 0
3955 0
3956 0
3957 0
3958 0
3959 0
3960 0
3961 0
3962 0
3963 0
3964 0
3965 0
3966 1
3967 0
3968 0
3969 0
3970 0
3971 0
3972 0
3973 0
3974 0
3975 0
3976 0
3977 0
3978 0
3979 0
3980 0
3981 0
3982 0
3983 0
3984 0
3985 0
3986 0
3987 0
3988 0
3989 0
3990 0
3991 0
3992 0
3993 0
3994 0
3995 0
3996 0
3997 0
3998 0
3999 0
4000 0
