0 0
1 0
2 0
3 0
4 0
5 0
6 0
7 0
8 0
9 0
10 0
11 0
12 0
13 0
14 0
15 0
16 0
17 0
18 0
19 0
20 0
21 0
22 0
23 0
24 0
25 0
26 0
27 0
28 0
29 0
30 0
31 0
32 0
33 0
34 0
35 0
36 0
37 0
38 0
39 0
40 0
41 0
42 0
43 0
44 0
45 0
46 0
47 0
48 0
49 0
50 0
51 0
52 0
53 0
54 0
55 0
56 0
57 0
58 0
59 0
60 0
61 0
62 0
63 0
64 0
65 0
66 0
67 0
68 0
69 0
70 0
71 0
72 0
73 0
74 0
75 0
76 0
77 0
78 0
79 0
80 0
81 0
82 0
83 0
84 0
85 0
86 0
87 0
88 0
89 0
90 0
91 0
92 0
93 0
94 0
95 0
96 0
97 0
98 0
99 0
100 0
101 0
102 0
103 0
104 0
105 0
106 0
107 0
108 0
109 0
110 0
111 0
112 0
113 0
114 0
115 0
116 0
117 0
118 0
119 0
120 0
121 0
122 0
123 0
124 0
125 0
126 0
127 0
128 0
129 0
130 0
131 0
132 0
133 0
134 0
135 0
136 0
137 0
138 0
139 0
140 0
141 0
142 0
143 0
144 0
145 0
146 0
147 0
148 0
149 0
150 1
151 1
152 5
153 8
154 7
155 10
156 9
157 11
158 9
159 6
160 15
161 9
162 4
163 7
164 10
165 6
166 10
167 9
168 13
169 12
170 16
171 27
172 63
173 125
174 170
175 286
176 377
177 382
178 473
179 617
180 727
181 969
182 1585
183 2652
184 4167
185 5775
186 7389
187 8483
188 8851
189 8959
190 8779
191 8266
192 7491
193 6840
194 6344
195 5594
196 4913
197 4434
198 3930
199 3454
200 3026
201 2654
202 2319
203 2095
204 1891
205 1689
206 1541
207 1434
208 1303
209 1261
210 1217
211 1210
212 1148
213 1159
214 1119
215 1084
216 1095
217 1077
218 1099
219 1073
220 1131
221 1079
222 1036
223 1078
224 1052
225 1013
226 1053
227 1063
228 1073
229 1106
230 1175
231 1145
232 1111
233 1137
234 1179
235 1099
236 1100
237 1153
238 1100
239 1105
240 1191
241 1123
242 1175
243 1132
244 1175
245 1164
246 1195
247 1162
248 1201
249 1209
250 1194
251 1198
252 1182
253 1207
254 1213
255 1194
256 1234
257 1207
258 1157
259 1231
260 1238
261 1193
262 1249
263 1209
264 1228
265 1214
266 1279
267 1234
268 1247
269 1262
270 1197
271 1305
272 1272
273 1268
274 1203
275 1301
276 1238
277 1279
278 1248
279 1261
280 1263
281 1342
282 1291
283 1222
284 1319
285 1213
286 1268
287 1281
288 1297
289 1288
290 1328
291 1278
292 1310
293 1340
294 1280
295 1312
296 1383
297 1311
298 1380
299 1302
300 1351
301 1313
302 1402
303 1356
304 1329
305 1336
306 1288
307 1378
308 1298
309 1392
310 1370
311 1370
312 1391
313 1378
314 1339
315 1333
316 1316
317 1353
318 1405
319 1386
320 1432
321 1425
322 1341
323 1424
324 1375
325 1435
326 1426
327 1414
328 1378
329 1389
330 1456
331 1366
332 1484
333 1401
334 1410
335 1478
336 1427
337 1346
338 1453
339 1517
340 1434
341 1465
342 1460
343 1400
344 1482
345 1466
346 1536
347 1497
348 1465
349 1545
350 1482
351 1494
352 1543
353 1451
354 1496
355 1567
356 1515
357 1442
358 1520
359 1610
360 1509
361 1560
362 1529
363 1472
364 1558
365 1608
366 1564
367 1494
368 1580
369 1552
370 1590
371 1520
372 1624
373 1630
374 1568
375 1515
376 1590
377 1628
378 1685
379 1648
380 1589
381 1555
382 1564
383 1632
384 1567
385 1625
386 1627
387 1671
388 1643
389 1638
390 1696
391 1639
392 1623
393 1671
394 1743
395 1597
396 1730
397 1713
398 1662
399 1624
400 1668
401 1673
402 1679
403 1686
404 1681
405 1634
406 1685
407 1646
408 1642
409 1595
410 1734
411 1702
412 1637
413 1681
414 1622
415 1684
416 1758
417 1741
418 1674
419 1660
420 1719
421 1722
422 1653
423 1723
424 1767
425 1700
426 1708
427 1688
428 1711
429 1716
430 1720
431 1675
432 1745
433 1717
434 1697
435 1741
436 1743
437 1735
438 1668
439 1682
440 1764
441 1632
442 1745
443 1709
444 1711
445 1758
446 1699
447 1647
448 1700
449 1672
450 1699
451 1737
452 1593
453 1706
454 1699
455 1716
456 1623
457 1747
458 1649
459 1730
460 1689
461 1637
462 1658
463 1675
464 1686
465 1627
466 1688
467 1648
468 1618
469 1588
470 1676
471 1649
472 1658
473 1599
474 1637
475 1614
476 1590
477 1683
478 1613
479 1576
480 1606
481 1506
482 1538
483 1599
484 1585
485 1564
486 1509
487 1567
488 1550
489 1474
490 1570
491 1578
492 1496
493 1562
494 1436
495 1530
496 1475
497 1431
498 1508
499 1427
500 1453
501 1439
502 1519
503 1532
504 1416
505 1422
506 1389
507 1427
508 1444
509 1449
510 1470
511 1373
512 1392
513 1308
514 1390
515 1349
516 1460
517 1377
518 1316
519 1381
520 1292
521 1370
522 1273
523 1285
524 1284
525 1351
526 1288
527 1286
528 1266
529 1223
530 1263
531 1244
532 1304
533 1197
534 1259
535 1252
536 1178
537 1232
538 1204
539 1224
540 1212
541 1155
542 1146
543 1183
544 1259
545 1137
546 1183
547 1211
548 1136
549 1183
550 1138
551 1154
552 1137
553 1127
554 1163
555 1168
556 1093
557 1031
558 1036
559 1042
560 1066
561 1038
562 1050
563 1101
564 1002
565 981
566 1044
567 1003
568 1007
569 1024
570 980
571 986
572 981
573 936
574 1015
575 974
576 925
577 901
578 961
579 943
580 837
581 950
582 928
583 831
584 904
585 846
586 864
587 880
588 822
589 860
590 889
591 828
592 881
593 803
594 865
595 823
596 829
597 797
598 793
599 763
600 755
601 751
602 753
603 727
604 770
605 764
606 754
607 759
608 730
609 737
610 727
611 727
612 715
613 717
614 747
615 707
616 664
617 674
618 663
619 700
620 688
621 631
622 661
623 682
624 680
625 651
626 636
627 666
628 627
629 639
630 573
631 573
632 586
633 585
634 592
635 604
636 560
637 593
638 582
639 579
640 573
641 565
642 581
643 545
644 598
645 535
646 549
647 535
648 538
649 522
650 543
651 525
652 525
653 520
654 531
655 489
656 502
657 491
658 501
659 465
660 481
661 466
662 457
663 488
664 467
665 465
666 440
667 451
668 461
669 460
670 427
671 389
672 414
673 457
674 444
675 422
676 428
677 387
678 388
679 413
680 392
681 424
682 398
683 382
684 408
685 416
686 437
687 379
688 395
689 425
690 360
691 391
692 402
693 358
694 368
695 373
696 357
697 342
698 372
699 358
700 386
701 353
702 368
703 351
704 346
705 350
706 332
707 320
708 365
709 343
710 342
711 318
712 359
713 309
714 300
715 313
716 327
717 312
718 321
719 315
720 330
721 336
722 307
723 339
724 316
725 306
726 320
727 274
728 312
729 291
730 318
731 308
732 308
733 318
734 298
735 331
736 275
737 295
738 327
739 300
740 320
741 280
742 281
743 302
744 266
745 284
746 279
747 266
748 303
749 282
750 278
751 268
752 288
753 273
754 291
755 238
756 270
757 241
758 271
759 273
760 270
761 237
762 251
763 263
764 264
765 272
766 275
767 267
768 243
769 256
770 274
771 249
772 264
773 254
774 230
775 253
776 242
777 242
778 244
779 249
780 247
781 269
782 227
783 255
784 260
785 237
786 238
787 229
788 264
789 252
790 242
791 277
792 243
793 243
794 269
795 241
796 220
797 233
798 216
799 219
800 220
801 242
802 242
803 240
804 235
805 263
806 226
807 208
808 246
809 200
810 221
811 242
812 227
813 253
814 244
815 215
816 212
817 228
818 210
819 233
820 216
821 234
822 220
823 228
824 237
825 238
826 215
827 196
828 187
829 243
830 231
831 232
832 229
833 235
834 201
835 218
836 226
837 207
838 191
839 238
840 215
841 225
842 213
843 226
844 205
845 181
846 202
847 197
848 211
849 203
850 198
851 228
852 217
853 214
854 203
855 185
856 198
857 209
858 214
859 189
860 175
861 231
862 212
863 214
864 235
865 211
866 207
867 207
868 215
869 236
870 193
871 223
872 185
873 188
874 198
875 231
876 200
877 222
878 210
879 210
880 206
881 198
882 220
883 214
884 238
885 187
886 212
887 203
888 188
889 203
890 209
891 188
892 205
893 202
894 197
895 207
896 214
897 203
898 231
899 221
900 206
901 205
902 212
903 204
904 210
905 189
906 204
907 230
908 188
909 172
910 211
911 198
912 191
913 216
914 208
915 228
916 198
917 192
918 206
919 206
920 206
921 201
922 190
923 176
924 214
925 188
926 221
927 172
928 183
929 203
930 196
931 183
932 200
933 192
934 196
935 194
936 185
937 196
938 198
939 192
940 223
941 178
942 204
943 185
944 195
945 217
946 193
947 190
948 158
949 191
950 223
951 208
952 182
953 184
954 181
955 213
956 172
957 190
958 181
959 193
960 168
961 185
962 201
963 178
964 184
965 182
966 162
967 172
968 189
969 180
970 168
971 197
972 178
973 181
974 183
975 164
976 188
977 156
978 165
979 221
980 184
981 174
982 171
983 167
984 174
985 209
986 201
987 182
988 173
989 190
990 171
991 164
992 192
993 170
994 162
995 170
996 158
997 179
998 191
999 160
1000 170
1001 183
1002 170
1003 189
1004 165
1005 161
1006 196
1007 157
1008 179
1009 163
1010 162
1011 175
1012 172
1013 157
1014 165
1015 161
1016 162
1017 151
1018 178
1019 151
1020 157
1021 165
1022 165
1023 162
1024 198
1025 166
1026 191
1027 162
1028 179
1029 160
1030 163
1031 153
1032 168
1033 177
1034 155
1035 167
1036 159
1037 160
1038 166
1039 169
1040 159
1041 158
1042 186
1043 145
1044 149
1045 151
1046 158
1047 144
1048 162
1049 187
1050 137
1051 145
1052 159
1053 166
1054 161
1055 172
1056 151
1057 162
1058 160
1059 164
1060 157
1061 166
1062 143
1063 128
1064 164
1065 148
1066 147
1067 161
1068 160
1069 157
1070 147
1071 140
1072 134
1073 128
1074 142
1075 150
1076 137
1077 171
1078 157
1079 148
1080 138
1081 147
1082 155
1083 149
1084 129
1085 139
1086 149
1087 141
1088 123
1089 124
1090 127
1091 129
1092 131
1093 164
1094 129
1095 145
1096 145
1097 137
1098 129
1099 135
1100 139
1101 135
1102 153
1103 135
1104 138
1105 136
1106 139
1107 149
1108 130
1109 146
1110 126
1111 111
1112 131
1113 117
1114 136
1115 128
1116 139
1117 128
1118 133
1119 136
1120 125
1121 121
1122 126
1123 113
1124 121
1125 136
1126 125
1127 118
1128 125
1129 113
1130 139
1131 125
1132 139
1133 115
1134 117
1135 95
1136 130
1137 105
1138 128
1139 115
1140 121
1141 117
1142 154
1143 131
1144 117
1145 127
1146 132
1147 122
1148 114
1149 128
1150 104
1151 128
1152 109
1153 129
1154 121
1155 137
1156 105
1157 123
1158 127
1159 109
1160 100
1161 111
1162 127
1163 123
1164 111
1165 117
1166 87
1167 107
1168 110
1169 90
1170 112
1171 110
1172 90
1173 124
1174 90
1175 120
1176 98
1177 90
1178 104
1179 110
1180 92
1181 103
1182 106
1183 109
1184 95
1185 113
1186 112
1187 116
1188 80
1189 103
1190 102
1191 91
1192 96
1193 93
1194 106
1195 86
1196 94
1197 110
1198 93
1199 98
1200 91
1201 103
1202 93
1203 97
1204 106
1205 83
1206 91
1207 99
1208 95
1209 92
1210 89
1211 105
1212 83
1213 91
1214 94
1215 82
1216 91
1217 89
1218 88
1219 92
1220 86
1221 102
1222 89
1223 60
1224 88
1225 94
1226 78
1227 91
1228 91
1229 84
1230 77
1231 101
1232 80
1233 80
1234 105
1235 80
1236 82
1237 76
1238 97
1239 79
1240 85
1241 67
1242 75
1243 80
1244 78
1245 92
1246 84
1247 66
1248 68
1249 79
1250 67
1251 72
1252 93
1253 84
1254 62
1255 66
1256 76
1257 90
1258 67
1259 74
1260 71
1261 63
1262 64
1263 89
1264 73
1265 77
1266 64
1267 82
1268 64
1269 69
1270 46
1271 74
1272 64
1273 58
1274 79
1275 69
1276 66
1277 65
1278 61
1279 77
1280 69
1281 71
1282 73
1283 75
1284 61
1285 58
1286 68
1287 57
1288 59
1289 53
1290 57
1291 65
1292 80
1293 67
1294 80
1295 61
1296 68
1297 60
1298 53
1299 71
1300 65
1301 65
1302 52
1303 53
1304 46
1305 51
1306 55
1307 59
1308 54
1309 49
1310 49
1311 67
1312 53
1313 66
1314 66
1315 48
1316 61
1317 48
1318 48
1319 47
1320 52
1321 66
1322 47
1323 59
1324 56
1325 51
1326 56
1327 49
1328 47
1329 53
1330 54
1331 49
1332 54
1333 58
1334 44
1335 50
1336 52
1337 56
1338 58
1339 64
1340 48
1341 53
1342 51
1343 37
1344 50
1345 48
1346 36
1347 54
1348 43
1349 56
1350 53
1351 49
1352 40
1353 49
1354 38
1355 40
1356 48
1357 43
1358 31
1359 44
1360 49
1361 45
1362 54
1363 50
1364 43
1365 43
1366 45
1367 52
1368 45
1369 44
1370 44
1371 33
1372 44
1373 47
1374 42
1375 41
1376 48
1377 42
1378 50
1379 42
1380 29
1381 36
1382 44
1383 38
1384 40
1385 41
1386 34
1387 45
1388 42
1389 22
1390 46
1391 37
1392 30
1393 39
1394 26
1395 35
1396 31
1397 31
1398 27
1399 26
1400 31
1401 29
1402 30
1403 36
1404 27
1405 40
1406 27
1407 39
1408 37
1409 36
1410 34
1411 39
1412 34
1413 39
1414 22
1415 32
1416 41
1417 44
1418 33
1419 31
1420 30
1421 29
1422 31
1423 37
1424 32
1425 36
1426 38
1427 35
1428 32
1429 24
1430 35
1431 26
1432 33
1433 30
1434 34
1435 25
1436 30
1437 24
1438 19
1439 29
1440 24
1441 26
1442 31
1443 16
1444 25
1445 24
1446 25
1447 31
1448 22
1449 30
1450 30
1451 27
1452 40
1453 26
1454 24
1455 28
1456 27
1457 31
1458 18
1459 18
1460 20
1461 24
1462 28
1463 32
1464 21
1465 28
1466 28
1467 21
1468 24
1469 21
1470 25
1471 30
1472 22
1473 28
1474 20
1475 29
1476 30
1477 34
1478 25
1479 24
1480 21
1481 29
1482 20
1483 27
1484 17
1485 24
1486 23
1487 27
1488 23
1489 24
1490 21
1491 17
1492 22
1493 20
1494 23
1495 17
1496 17
1497 22
1498 30
1499 13
1500 15
1501 24
1502 16
1503 28
1504 19
1505 22
1506 10
1507 17
1508 26
1509 21
1510 13
1511 21
1512 15
1513 19
1514 22
1515 19
1516 12
1517 20
1518 25
1519 18
1520 17
1521 17
1522 18
1523 21
1524 15
1525 14
1526 19
1527 14
1528 10
1529 14
1530 26
1531 14
1532 18
1533 21
1534 18
1535 24
1536 19
1537 14
1538 24
1539 17
1540 11
1541 15
1542 13
1543 15
1544 12
1545 24
1546 19
1547 17
1548 22
1549 14
1550 9
1551 18
1552 10
1553 12
1554 23
1555 20
1556 21
1557 15
1558 13
1559 26
1560 11
1561 16
1562 18
1563 12
1564 19
1565 19
1566 8
1567 13
1568 17
1569 15
1570 17
1571 10
1572 12
1573 20
1574 14
1575 11
1576 8
1577 16
1578 17
1579 10
1580 7
1581 12
1582 17
1583 11
1584 21
1585 9
1586 10
1587 11
1588 11
1589 11
1590 12
1591 12
1592 15
1593 16
1594 13
1595 11
1596 11
1597 13
1598 10
1599 19
1600 11
1601 8
1602 13
1603 13
1604 14
1605 9
1606 14
1607 16
1608 16
1609 8
1610 14
1611 19
1612 10
1613 10
1614 8
1615 10
1616 10
1617 11
1618 10
1619 11
1620 9
1621 14
1622 9
1623 10
1624 12
1625 6
1626 10
1627 6
1628 19
1629 16
1630 5
1631 10
1632 10
1633 9
1634 12
1635 8
1636 6
1637 11
1638 15
1639 13
1640 10
1641 4
1642 6
1643 7
1644 10
1645 5
1646 7
1647 11
1648 9
1649 12
1650 9
1651 16
1652 8
1653 6
1654 7
1655 12
1656 10
1657 10
1658 3
1659 10
1660 6
1661 14
1662 6
1663 8
1664 8
1665 5
1666 10
1667 5
1668 9
1669 3
1670 9
1671 14
1672 6
1673 5
1674 7
1675 9
1676 5
1677 5
1678 10
1679 9
1680 10
1681 6
1682 5
1683 10
1684 6
1685 9
1686 5
1687 6
1688 5
1689 8
1690 6
1691 4
1692 4
1693 5
1694 5
1695 6
1696 6
1697 4
1698 8
1699 7
1700 6
1701 9
1702 4
1703 7
1704 4
1705 14
1706 7
1707 4
1708 7
1709 8
1710 4
1711 6
1712 6
1713 6
1714 4
1715 3
1716 8
1717 7
1718 8
1719 0
1720 5
1721 4
1722 7
1723 6
1724 3
1725 6
1726 3
1727 8
1728 3
1729 13
1730 10
1731 8
1732 4
1733 4
1734 5
1735 5
1736 0
1737 2
1738 5
1739 4
1740 6
1741 8
1742 3
1743 3
1744 5
1745 6
1746 6
1747 8
1748 3
1749 6
1750 4
1751 6
1752 3
1753 3
1754 5
1755 4
1756 2
1757 3
1758 5
1759 8
1760 5
1761 3
1762 6
1763 4
1764 4
1765 7
1766 1
1767 1
1768 3
1769 4
1770 3
1771 2
1772 10
1773 7
1774 5
1775 3
1776 1
1777 8
1778 2
1779 4
1780 3
1781 4
1782 3
1783 4
1784 2
1785 2
1786 1
1787 4
1788 1
1789 3
1790 2
1791 2
1792 1
1793 3
1794 7
1795 0
1796 5
1797 5
1798 3
1799 4
1800 5
1801 0
1802 3
1803 2
1804 3
1805 4
1806 4
1807 3
1808 5
1809 4
1810 7
1811 3
1812 4
1813 3
1814 4
1815 6
1816 3
1817 4
1818 1
1819 3
1820 2
1821 1
1822 4
1823 2
1824 5
1825 4
1826 5
1827 3
1828 2
1829 3
1830 1
1831 3
1832 1
1833 3
1834 3
1835 1
1836 3
1837 3
1838 1
1839 4
1840 0
1841 7
1842 1
1843 2
1844 2
1845 1
1846 2
1847 6
1848 6
1849 4
1850 0
1851 3
1852 2
1853 3
1854 3
1855 1
1856 1
1857 2
1858 3
1859 3
1860 4
1861 3
1862 3
1863 4
1864 4
1865 3
1866 2
1867 2
1868 2
1869 1
1870 0
1871 1
1872 4
1873 5
1874 4
1875 2
1876 1
1877 1
1878 3
1879 4
1880 2
1881 1
1882 2
1883 1
1884 2
1885 2
1886 5
1887 1
1888 4
1889 3
1890 4
1891 4
1892 3
1893 0
1894 1
1895 1
1896 1
1897 1
1898 5
1899 1
1900 3
1901 4
1902 1
1903 2
1904 1
1905 2
1906 0
1907 3
1908 0
1909 4
1910 3
1911 5
1912 0
1913 1
1914 1
1915 1
1916 0
1917 2
1918 2
1919 0
1920 1
1921 0
1922 2
1923 2
1924 0
1925 0
1926 2
1927 1
1928 1
1929 2
1930 2
1931 0
1932 0
1933 1
1934 0
1935 2
1936 2
1937 1
1938 0
1939 1
1940 1
1941 3
1942 0
1943 0
1944 0
1945 4
1946 2
1947 4
1948 2
1949 1
1950 3
1951 0
1952 0
1953 2
1954 0
1955 1
1956 1
1957 0
1958 0
1959 1
1960 2
1961 2
1962 3
1963 3
1964 0
1965 1
1966 0
1967 4
1968 1
1969 0
1970 3
1971 2
1972 1
1973 1
1974 1
1975 0
1976 2
1977 1
1978 1
1979 1
1980 1
1981 1
1982 2
1983 0
1984 0
1985 2
1986 0
1987 2
1988 2
1989 1
1990 2
1991 2
1992 2
1993 1
1994 0
1995 1
1996 1
1997 4
1998 2
1999 0
2000 1
2001 3
2002 0
2003 0
2004 1
2005 3
2006 1
2007 2
2008 2
2009 0
2010 1
2011 2
2012 1
2013 0
2014 0
2015 3
2016 0
2017 2
2018 0
2019 0
2020 0
2021 0
2022 0
2023 3
2024 1
2025 1
2026 0
2027 0
2028 0
2029 1
2030 0
2031 0
2032 0
2033 0
2034 0
2035 0
2036 0
2037 1
2038 0
2039 0
2040 1
2041 0
2042 1
2043 0
2044 0
2045 3
2046 1
2047 0
2048 2
2049 1
2050 0
2051 0
2052 1
2053 0
2054 0
2055 0
2056 0
2057 1
2058 1
2059 2
2060 1
2061 0
2062 0
2063 1
2064 0
2065 0
2066 1
2067 0
2068 0
2069 0
2070 1
2071 1
2072 1
2073 1
2074 1
2075 0
2076 1
2077 0
2078 1
2079 0
2080 1
2081 0
2082 1
2083 0
2084 2
2085 0
2086 1
2087 0
2088 0
2089 0
2090 1
2091 1
2092 0
2093 0
2094 1
2095 0
2096 0
2097 0
2098 1
2099 0
2100 0
2101 0
2102 0
2103 0
2104 0
2105 0
2106 3
2107 0
2108 0
2109 1
2110 1
2111 2
2112 0
2113 1
2114 0
2115 0
2116 0
2117 0
2118 0
2119 1
2120 0
2121 1
2122 3
2123 0
2124 0
2125 0
2126 0
2127 0
2128 0
2129 1
2130 0
2131 0
2132 0
2133 0
2134 3
2135 0
2136 0
2137 0
2138 1
2139 0
2140 0
2141 0
2142 0
2143 0
2144 0
2145 2
2146 2
2147 0
2148 1
2149 2
2150 1
2151 0
2152 0
2153 0
2154 1
2155 0
2156 1
2157 0
2158 0
2159 1
2160 1
2161 1
2162 0
2163 0
2164 0
2165 0
2166 1
2167 0
2168 0
2169 0
2170 0
2171 0
2172 0
2173 0
2174 0
2175 0
2176 0
2177 0
2178 0
2179 0
2180 0
2181 0
2182 0
2183 0
2184 0
2185 0
2186 1
2187 0
2188 0
2189 1
2190 1
2191 0
2192 0
2193 0
2194 0
2195 2
2196 0
2197 0
2198 0
2199 1
2200 1
2201 1
2202 1
2203 0
2204 0
2205 2
2206 0
2207 1
2208 0
2209 1
2210 0
2211 1
2212 0
2213 0
2214 0
2215 0
2216 0
2217 0
2218 0
2219 0
2220 0
2221 0
2222 0
2223 0
2224 0
2225 0
2226 1
2227 0
2228 0
2229 0
2230 1
2231 0
2232 1
2233 1
2234 0
2235 0
2236 1
2237 0
2238 0
2239 2
2240 0
2241 0
2242 0
2243 0
2244 0
2245 1
2246 2
2247 0
2248 0
2249 0
2250 0
2251 1
2252 0
2253 0
2254 0
2255 0
2256 0
2257 0
2258 0
2259 0
2260 0
2261 0
2262 0
2263 0
2264 0
2265 0
2266 0
2267 1
2268 0
2269 0
2270 0
2271 0
2272 1
2273 0
2274 1
2275 0
2276 1
2277 1
2278 0
2279 0
2280 1
2281 0
2282 0
2283 0
2284 0
2285 0
2286 0
2287 1
2288 0
2289 0
2290 0
2291 1
2292 0
2293 0
2294 0
2295 0
2296 0
2297 0
2298 0
2299 0
2300 0
2301 0
2302 0
2303 1
2304 0
2305 1
2306 0
2307 0
2308 0
2309 0
2310 0
2311 1
2312 0
2313 0
2314 0
2315 0
2316 0
2317 0
2318 0
2319 0
2320 0
2321 1
2322 0
2323 0
2324 0
2325 0
2326 0
2327 1
2328 0
2329 1
2330 0
2331 0
2332 0
2333 0
2334 0
2335 0
2336 0
2337 0
2338 0
2339 0
2340 0
2341 0
2342 0
2343 0
2344 0
2345 0
2346 0
2347 0
2348 0
2349 0
2350 0
2351 0
2352 0
2353 0
2354 0
2355 0
2356 0
2357 1
2358 0
2359 0
2360 0
2361 1
2362 0
2363 0
2364 0
2365 1
2366 0
2367 0
2368 0
2369 0
2370 0
2371 0
2372 1
2373 0
2374 0
2375 0
2376 1
2377 1
2378 0
2379 0
2380 0
2381 0
2382 0
2383 0
2384 0
2385 0
2386 0
2387 0
2388 1
2389 0
2390 0
2391 0
2392 0
2393 0
2394 0
2395 0
2396 0
2397 1
2398 0
2399 0
2400 0
2401 0
2402 1
2403 1
2404 0
2405 0
2406 0
2407 1
2408 1
2409 0
2410 0
2411 0
2412 0
2413 0
2414 0
2415 0
2416 0
2417 0
2418 0
2419 0
2420 0
2421 0
2422 0
2423 0
2424 0
2425 0
2426 0
2427 0
2428 0
2429 0
2430 0
2431 0
2432 0
2433 0
2434 0
2435 0
2436 0
2437 0
2438 0
2439 0
2440 0
2441 0
2442 0
2443 0
2444 1
2445 0
2446 0
2447 1
2448 0
2449 0
2450 0
2451 0
2452 0
2453 0
2454 0
2455 0
2456 0
2457 0
2458 0
2459 2
2460 0
2461 1
2462 0
2463 0
2464 0
2465 0
2466 0
2467 0
2468 0
2469 0
2470 0
2471 0
2472 0
2473 0
2474 0
2475 0
2476 0
2477 0
2478 0
2479 0
2480 0
2481 0
2482 0
2483 0
2484 0
2485 0
2486 0
2487 0
2488 0
2489 0
2490 0
2491 0
2492 0
2493 0
2494 0
2495 0
2496 0
2497 0
2498 0
2499 0
2500 1
2501 0
2502 0
2503 0
2504 0
2505 1
2506 0
2507 0
2508 0
2509 0
2510 0
2511 0
2512 0
2513 0
2514 0
2515 0
2516 0
2517 0
2518 0
2519 1
2520 0
2521 0
2522 0
2523 0
2524 0
2525 1
2526 0
2527 0
2528 0
2529 0
2530 0
2531 0
2532 0
2533 0
2534 0
2535 0
2536 0
2537 0
2538 0
2539 1
2540 0
2541 0
2542 0
2543 0
2544 0
2545 0
2546 2
2547 0
2548 0
2549 0
2550 0
2551 0
2552 0
2553 0
2554 0
2555 0
2556 0
2557 0
2558 0
2559 0
2560 0
2561 0
2562 0
2563 0
2564 0
2565 0
2566 0
2567 0
2568 0
2569 0
2570 0
2571 0
2572 0
2573 0
2574 0
2575 0
2576 0
2577 0
2578 0
2579 0
2580 0
2581 0
2582 0
2583 0
2584 0
2585 0
2586 0
2587 0
2588 0
2589 1
2590 0
2591 0
2592 0
2593 0
2594 0
2595 0
2596 0
2597 0
2598 0
2599 0
2600 0
2601 0
2602 0
2603 0
2604 0
2605 0
2606 0
2607 0
2608 0
2609 0
2610 0
2611 0
2612 0
2613 0
2614 0
2615 0
2616 0
2617 0
2618 0
2619 0
2620 0
2621 0
2622 0
2623 0
2624 0
2625 0
2626 0
2627 0
2628 0
2629 0
2630 0
2631 0
2632 0
2633 0
2634 0
2635 0
2636 0
2637 0
2638 0
2639 0
2640 0
2641 0
2642 0
2643 1
2644 0
2645 0
2646 1
2647 0
2648 0
2649 0
2650 0
2651 0
2652 0
2653 0
2654 0
2655 0
2656 0
2657 0
2658 0
2659 0
2660 0
2661 0
2662 0
2663 0
2664 0
2665 0
2666 0
2667 0
2668 0
2669 0
2670 0
2671 0
2672 0
2673 0
2674 0
2675 0
2676 0
2677 0
2678 0
2679 0
2680 0
2681 0
2682 0
2683 0
2684 0
2685 0
2686 0
2687 0
2688 0
2689 0
2690 0
2691 0
2692 0
2693 0
2694 0
2695 0
2696 0
2697 0
2698 0
2699 0
2700 0
2701 0
2702 0
2703 0
2704 0
2705 0
2706 0
2707 0
2708 0
2709 0
2710 0
2711 0
2712 0
2713 0
2714 0
2715 0
2716 0
2717 0
2718 0
2719 0
2720 0
2721 0
2722 0
2723 0
2724 0
2725 0
2726 0
2727 0
2728 0
2729 0
2730 0
2731 0
2732 0
2733 0
2734 0
2735 0
2736 0
2737 0
2738 0
2739 0
2740 0
2741 0
2742 0
2743 0
2744 0
2745 0
2746 0
2747 0
2748 0
2749 0
2750 0
2751 0
2752 1
2753 0
2754 0
2755 0
2756 0
2757 0
2758 0
2759 0
2760 0
2761 0
2762 0
2763 0
2764 0
2765 0
2766 0
2767 0
2768 0
2769 0
2770 0
2771 0
2772 0
2773 0
2774 0
2775 0
2776 0
2777 0
2778 0
2779 0
2780 0
2781 0
2782 0
2783 0
2784 0
2785 0
2786 0
2787 0
2788 0
2789 0
2790 0
2791 0
2792 0
2793 0
2794 0
2795 0
2796 0
2797 0
2798 0
2799 0
2800 0
2801 0
2802 0
2803 0
2804 0
2805 0
2806 0
2807 0
2808 0
2809 0
2810 0
2811 0
2812 0
2813 0
2814 0
2815 0
2816 0
2817 0
2818 0
2819 0
2820 0
2821 0
2822 0
2823 0
2824 0
2825 0
2826 0
2827 0
2828 0
2829 0
2830 0
2831 0
2832 1
2833 0
2834 1
2835 0
2836 0
2837 0
2838 0
2839 0
2840 0
2841 0
2842 0
2843 0
2844 1
2845 0
2846 0
2847 0
2848 0
2849 0
2850 0
2851 0
2852 0
2853 0
2854 0
2855 0
2856 0
2857 0
2858 0
2859 0
2860 0
2861 0
2862 0
2863 0
2864 0
2865 0
2866 0
2867 0
2868 0
2869 0
2870 0
2871 0
2872 0
2873 0
2874 0
2875 0
2876 0
2877 0
2878 0
2879 0
2880 0
2881 0
2882 0
2883 0
2884 0
2885 0
2886 0
2887 0
2888 0
2889 0
2890 0
2891 0
2892 0
2893 0
2894 0
2895 0
2896 0
2897 0
2898 0
2899 0
2900 0
2901 0
2902 0
2903 0
2904 0
2905 0
2906 0
2907 0
2908 0
2909 0
2910 0
2911 0
2912 0
2913 0
2914 0
2915 0
2916 0
2917 0
2918 0
2919 0
2920 0
2921 0
2922 0
2923 0
2924 0
2925 0
2926 0
2927 0
2928 0
2929 0
2930 0
2931 0
2932 0
2933 0
2934 0
2935 0
2936 0
2937 1
2938 0
2939 0
2940 0
2941 0
2942 0
2943 0
2944 0
2945 0
2946 0
2947 0
2948 0
2949 0
2950 0
2951 0
2952 0
2953 0
2954 0
2955 0
2956 0
2957 0
2958 0
2959 0
2960 0
2961 0
2962 0
2963 0
2964 1
2965 0
2966 0
2967 0
2968 0
2969 0
2970 0
2971 0
2972 0
2973 0
2974 0
2975 0
2976 0
2977 0
2978 0
2979 1
2980 0
2981 0
2982 0
2983 0
2984 0
2985 0
2986 0
2987 0
2988 0
2989 0
2990 0
2991 0
2992 0
2993 0
2994 0
2995 0
2996 0
2997 0
2998 0
2999 0
3000 0
3001 0
3002 0
3003 0
3004 0
3005 0
3006 0
3007 0
3008 0
3009 0
3010 0
3011 0
3012 0
3013 0
3014 0
3015 0
3016 0
3017 0
3018 0
3019 0
3020 0
3021 0
3022 0
3023 0
3024 0
3025 0
3026 0
3027 0
3028 0
3029 0
3030 0
3031 0
3032 0
3033 0
3034 0
3035 0
3036 0
3037 0
3038 0
3039 0
3040 0
3041 0
3042 0
3043 0
3044 0
3045 0
3046 0
3047 0
3048 0
3049 0
3050 0
3051 0
3052 0
3053 0
3054 0
3055 0
3056 0
3057 0
3058 0
3059 0
3060 0
3061 0
3062 0
3063 0
3064 0
3065 0
3066 0
3067 0
3068 0
3069 0
3070 0
3071 0
3072 0
3073 0
3074 0
3075 0
3076 0
3077 0
3078 0
3079 0
3080 0
3081 0
3082 0
3083 0
3084 0
3085 0
3086 0
3087 0
3088 0
3089 0
3090 0
3091 0
3092 1
3093 0
3094 0
3095 0
3096 0
3097 0
3098 0
3099 0
3100 0
3101 0
3102 0
3103 0
3104 0
3105 0
3106 0
3107 0
3108 0
3109 0
3110 0
3111 0
3112 0
3113 0
3114 0
3115 0
3116 0
3117 0
3118 0
3119 0
3120 0
3121 0
3122 0
3123 0
3124 0
3125 0
3126 0
3127 0
3128 0
3129 0
3130 0
3131 0
3132 0
3133 0
3134 1
3135 0
3136 0
3137 0
3138 0
3139 1
3140 0
3141 0
3142 0
3143 0
3144 0
3145 0
3146 0
3147 0
3148 0
3149 0
3150 0
3151 0
3152 0
3153 0
3154 0
3155 0
3156 0
3157 0
3158 0
3159 0
3160 0
3161 0
3162 0
3163 0
3164 0
3165 0
3166 0
3167 0
3168 0
3169 0
3170 0
3171 0
3172 0
3173 0
3174 1
3175 0
3176 0
3177 0
3178 0
3179 0
3180 0
3181 0
3182 0
3183 0
3184 0
3185 0
3186 0
3187 0
3188 0
3189 0
3190 0
3191 0
3192 0
3193 0
3194 0
3195 0
3196 0
3197 0
3198 0
3199 0
3200 0
3201 0
3202 0
3203 0
3204 0
3205 0
3206 0
3207 0
3208 0
3209 0
3210 0
3211 0
3212 0
3213 0
3214 0
3215 0
3216 0
3217 0
3218 0
3219 0
3220 0
3221 0
3222 1
3223 0
3224 0
3225 0
3226 0
3227 0
3228 0
3229 0
3230 1
3231 0
3232 0
3233 0
3234 0
3235 0
3236 0
3237 0
3238 0
3239 0
3240 0
3241 0
3242 0
3243 0
3244 0
3245 0
3246 0
3247 0
3248 0
3249 0
3250 0
3251 0
3252 0
3253 0
3254 0
3255 0
3256 0
3257 0
3258 0
3259 0
3260 0
3261 0
3262 0
3263 0
3264 0
3265 0
3266 0
3267 0
3268 0
3269 0
3270 0
3271 0
3272 0
3273 0
3274 0
3275 0
3276 0
3277 0
3278 0
3279 0
3280 0
3281 0
3282 0
3283 0
3284 0
3285 0
3286 0
3287 0
3288 0
3289 0
3290 0
3291 0
3292 0
3293 0
3294 0
3295 0
3296 0
3297 0
3298 0
3299 0
3300 0
3301 0
3302 0
3303 0
3304 0
3305 0
3306 0
3307 0
3308 0
3309 0
3310 0
3311 0
3312 0
3313 0
3314 0
3315 0
3316 0
3317 0
3318 0
3319 0
3320 0
3321 0
3322 0
3323 0
3324 0
3325 0
3326 0
3327 1
3328 0
3329 0
3330 1
3331 0
3332 0
3333 0
3334 1
3335 0
3336 0
3337 0
3338 0
3339 0
3340 0
3341 0
3342 0
3343 0
3344 0
3345 0
3346 0
3347 0
3348 0
3349 0
3350 0
3351 0
3352 0
3353 0
3354 0
3355 0
3356 0
3357 0
3358 0
3359 0
3360 0
3361 0
3362 0
3363 0
3364 0
3365 0
3366 0
3367 0
3368 0
3369 0
3370 0
3371 0
3372 0
3373 0
3374 1
3375 0
3376 0
3377 0
3378 0
3379 0
3380 0
3381 0
3382 0
3383 0
3384 0
3385 0
3386 1
3387 0
3388 0
3389 0
3390 0
3391 0
3392 0
3393 0
3394 0
3395 0
3396 0
3397 0
3398 0
3399 0
3400 0
3401 0
3402 0
3403 0
3404 0
3405 0
3406 0
3407 0
3408 0
3409 0
3410 0
3411 0
3412 0
3413 0
3414 0
3415 0
3416 0
3417 0
3418 0
3419 0
3420 0
3421 0
3422 0
3423 0
3424 0
3425 0
3426 0
3427 0
3428 0
3429 0
3430 0
3431 0
3432 0
3433 0
3434 0
3435 0
3436 0
3437 0
3438 0
3439 0
3440 0
3441 0
3442 0
3443 0
3444 0
3445 0
3446 0
3447 0
3448 0
3449 0
3450 0
3451 0
3452 0
3453 0
3454 0
3455 0
3456 0
3457 0
3458 0
3459 0
3460 0
3461 0
3462 0
3463 0
3464 0
3465 0
3466 0
3467 0
3468 0
3469 0
3470 0
3471 0
3472 0
3473 0
3474 0
3475 0
3476 0
3477 0
3478 0
3479 1
3480 0
3481 0
3482 0
3483 0
3484 0
3485 0
3486 0
3487 1
3488 0
3489 0
3490 0
3491 0
3492 0
3493 0
3494 0
3495 0
3496 0
3497 0
3498 0
3499 0
3500 0
3501 0
3502 0
3503 0
3504 0
3505 0
3506 0
3507 0
3508 0
3509 0
3510 0
3511 0
3512 0
3513 0
3514 0
3515 0
3516 0
3517 0
3518 0
3519 0
3520 0
3521 0
3522 1
3523 0
3524 0
3525 0
3526 0
3527 0
3528 0
3529 0
3530 0
3531 0
3532 0
3533 0
3534 0
3535 0
3536 0
3537 0
3538 0
3539 0
3540 0
3541 0
3542 0
3543 0
3544 0
3545 0
3546 0
3547 0
3548 0
3549 0
3550 0
3551 0
3552 0
3553 0
3554 0
3555 0
3556 0
3557 0
3558 0
3559 0
3560 0
3561 0
3562 0
3563 0
3564 0
3565 0
3566 0
3567 0
3568 0
3569 0
3570 0
3571 0
3572 0
3573 0
3574 0
3575 0
3576 0
3577 0
3578 0
3579 0
3580 0
3581 0
3582 0
3583 0
3584 0
3585 0
3586 0
3587 0
3588 0
3589 1
3590 0
3591 0
3592 0
3593 0
3594 1
3595 0
3596 0
3597 0
3598 0
3599 0
3600 0
3601 0
3602 0
3603 0
3604 0
3605 0
3606 0
3607 0
3608 0
3609 0
3610 1
3611 0
3612 0
3613 0
3614 0
3615 0
3616 0
3617 0
3618 0
3619 0
3620 0
3621 0
3622 0
3623 0
3624 0
3625 0
3626 0
3627 0
3628 0
3629 0
3630 0
3631 0
3632 0
3633 0
3634 0
3635 0
3636 0
3637 0
3638 0
3639 0
3640 0
3641 0
3642 0
3643 1
3644 0
3645 0
3646 0
3647 0
3648 0
3649 0
3650 0
3651 0
3652 0
3653 0
3654 0
3655 0
3656 0
3657 0
3658 0
3659 0
3660 0
3661 0
3662 0
3663 0
3664 0
3665 0
3666 0
3667 0
3668 0
3669 0
3670 0
3671 0
3672 0
3673 0
3674 0
3675 0
3676 0
3677 0
3678 0
3679 0
3680 0
3681 0
3682 0
3683 0
3684 0
3685 0
3686 0
3687 0
3688 0
3689 0
3690 0
3691 0
3692 0
3693 0
3694 0
3695 0
3696 0
3697 0
3698 0
3699 0
3700 0
3701 0
3702 0
3703 0
3704 0
3705 0
3706 0
3707 0
3708 0
3709 0
3710 0
3711 0
3712 0
3713 0
3714 0
3715 0
3716 0
3717 0
3718 0
3719 0
3720 0
3721 0
3722 0
3723 0
3724 0
3725 0
3726 1
3727 0
3728 0
3729 0
3730 0
3731 0
3732 0
3733 0
3734 0
3735 1
3736 0
3737 0
3738 0
3739 0
3740 0
3741 0
3742 0
3743 0
3744 0
3745 0
3746 0
3747 0
3748 0
3749 0
3750 0
3751 0
3752 0
3753 0
3754 0
3755 0
3756 0
3757 0
3758 0
3759 0
3760 0
3761 0
3762 0
3763 0
3764 0
3765 0
3766 0
3767 0
3768 0
3769 0
3770 0
3771 0
3772 0
3773 0
3774 0
3775 0
3776 0
3777 0
3778 0
3779 0
3780 0
3781 0
3782 0
3783 0
3784 0
3785 0
3786 0
3787 0
3788 0
3789 0
3790 0
3791 0
3792 0
3793 1
3794 0
3795 0
3796 0
3797 0
3798 0
3799 0
3800 0
3801 0
3802 0
3803 0
3804 0
3805 0
3806 0
3807 0
3808 0
3809 0
3810 0
3811 0
3812 0
3813 0
3814 0
3815 0
3816 0
3817 0
3818 0
3819 0
3820 0
3821 0
3822 0
3823 0
3824 0
3825 0
3826 0
3827 0
3828 0
3829 0
3830 0
3831 0
3832 0
3833 0
3834 0
3835 0
3836 0
3837 0
3838 0
3839 0
3840 0
3841 0
3842 0
3843 0
3844 0
3845 0
3846 0
3847 0
3848 0
3849 0
3850 0
3851 0
3852 0
3853 0
3854 0
3855 0
3856 0
3857 0
3858 0
3859 0
3860 0
3861 0
3862 0
3863 0
3864 0
3865 0
3866 0
3867 0
3868 0
3869 0
3870 0
3871 0
3872 0
3873 0
3874 0
3875 0
3876 0
3877 0
3878 0
3879 0
3880 0
3881 0
3882 0
3883 0
3884 0
3885 0
3886 0
3887 0
3888 0
3889 0
3890 0
3891 0
3892 0
3893 0
3894 0
3895 0
3896 0
3897 0
3898 0
3899 0
3900 0
3901 0
3902 0
3903 0
3904 0
3905 0
3906 0
3907 0
3908 0
3909 0
3910 0
3911 0
3912 0
3913 0
3914 0
3915 0
3916 0
3917 0
3918 0
3919 0
3920 0
3921 0
3922 0
3923 0
3924 0
3925 0
3926 0
3927 0
3928 0
3929 0
3930 0
3931 0
3932 0
3933 0
3934 0
3935 0
3936 0
3937 0
3938 0
3939 1
3940 0
3941 0
3942 0
3943 0
3944 0
3945 0
3946 0
3947 0
3948 0
3949 0
3950 0
3951 0
3952 0
3953 0
3954 0
3955 0
3956 0
3957 0
3958 0
3959 0
3960 0
3961 0
3962 0
3963 0
3964 0
3965 0
3966 0
3967 0
3968 0
3969 0
3970 0
3971 0
3972 0
3973 0
3974 0
3975 0
3976 0
3977 0
3978 0
3979 0
3980 0
3981 0
3982 0
3983 0
3984 0
3985 0
3986 0
3987 0
3988 0
3989 0
3990 0
3991 0
3992 0
3993 0
3994 0
3995 0
3996 0
3997 0
3998 0
3999 0
4000 0
