0 0
1 0
2 0
3 0
4 0
5 0
6 0
7 0
8 0
9 0
10 0
11 0
12 0
13 0
14 0
15 0
16 0
17 0
18 0
19 0
20 0
21 0
22 0
23 0
24 0
25 0
26 0
27 0
28 0
29 0
30 0
31 0
32 0
33 0
34 0
35 0
36 0
37 0
38 0
39 0
40 0
41 0
42 0
43 0
44 0
45 0
46 0
47 0
48 0
49 0
50 0
51 0
52 0
53 0
54 0
55 0
56 0
57 0
58 0
59 0
60 0
61 0
62 0
63 0
64 0
65 0
66 0
67 0
68 0
69 0
70 0
71 0
72 0
73 0
74 0
75 0
76 0
77 0
78 0
79 0
80 0
81 0
82 0
83 0
84 0
85 0
86 0
87 0
88 0
89 0
90 0
91 0
92 0
93 0
94 0
95 0
96 0
97 0
98 0
99 0
100 0
101 0
102 0
103 0
104 0
105 0
106 0
107 0
108 0
109 0
110 0
111 0
112 0
113 0
114 0
115 0
116 0
117 0
118 0
119 0
120 0
121 0
122 0
123 0
124 0
125 0
126 0
127 0
128 0
129 0
130 0
131 0
132 0
133 0
134 0
135 0
136 0
137 0
138 0
139 0
140 0
141 0
142 0
143 0
144 0
145 0
146 0
147 0
148 0
149 0
150 0
151 0
152 1
153 0
154 2
155 4
156 5
157 2
158 0
159 3
160 1
161 2
162 4
163 4
164 6
165 0
166 1
167 0
168 3
169 0
170 1
171 3
172 1
173 1
174 7
175 5
176 14
177 32
178 65
179 80
180 99
181 146
182 109
183 151
184 156
185 251
186 383
187 707
188 1077
189 1552
190 2039
191 2278
192 2518
193 2579
194 2408
195 2254
196 2083
197 1939
198 1767
199 1490
200 1345
201 1145
202 1021
203 887
204 785
205 701
206 625
207 564
208 535
209 452
210 393
211 382
212 369
213 372
214 351
215 327
216 347
217 301
218 315
219 301
220 300
221 285
222 322
223 329
224 310
225 322
226 308
227 328
228 332
229 327
230 334
231 319
232 319
233 306
234 342
235 353
236 310
237 354
238 351
239 326
240 340
241 331
242 374
243 351
244 361
245 346
246 350
247 375
248 375
249 325
250 356
251 371
252 362
253 352
254 388
255 344
256 356
257 378
258 370
259 381
260 365
261 379
262 388
263 393
264 400
265 327
266 369
267 404
268 390
269 339
270 386
271 410
272 396
273 364
274 411
275 382
276 386
277 390
278 403
279 384
280 383
281 413
282 408
283 404
284 386
285 429
286 388
287 381
288 380
289 447
290 417
291 420
292 359
293 397
294 416
295 444
296 414
297 415
298 386
299 419
300 366
301 383
302 401
303 387
304 427
305 414
306 413
307 412
308 403
309 401
310 376
311 407
312 407
313 426
314 423
315 421
316 359
317 430
318 394
319 434
320 408
321 407
322 403
323 421
324 388
325 380
326 432
327 403
328 420
329 433
330 465
331 429
332 433
333 456
334 409
335 417
336 417
337 417
338 413
339 414
340 437
341 435
342 415
343 455
344 460
345 419
346 427
347 448
348 463
349 436
350 430
351 414
352 467
353 415
354 424
355 403
356 444
357 423
358 429
359 431
360 465
361 435
362 411
363 436
364 469
365 432
366 440
367 442
368 436
369 460
370 419
371 462
372 436
373 423
374 468
375 445
376 423
377 430
378 483
379 441
380 445
381 453
382 454
383 456
384 474
385 484
386 409
387 461
388 429
389 455
390 458
391 461
392 467
393 461
394 461
395 470
396 449
397 428
398 453
399 475
400 466
401 491
402 499
403 454
404 440
405 487
406 424
407 479
408 467
409 486
410 474
411 468
412 461
413 483
414 460
415 466
416 485
417 508
418 483
419 498
420 513
421 497
422 487
423 494
424 524
425 517
426 528
427 495
428 503
429 529
430 508
431 498
432 483
433 477
434 565
435 513
436 554
437 510
438 530
439 549
440 536
441 520
442 571
443 520
444 498
445 495
446 541
447 550
448 514
449 542
450 535
451 513
452 504
453 544
454 542
455 559
456 559
457 560
458 579
459 590
460 528
461 608
462 480
463 500
464 549
465 532
466 531
467 576
468 570
469 534
470 585
471 538
472 509
473 572
474 650
475 609
476 589
477 534
478 542
479 541
480 623
481 566
482 579
483 572
484 549
485 553
486 542
487 577
488 621
489 614
490 572
491 566
492 575
493 604
494 653
495 574
496 584
497 606
498 596
499 624
500 603
501 604
502 604
503 642
504 547
505 599
506 577
507 619
508 580
509 609
510 592
511 603
512 614
513 568
514 597
515 615
516 623
517 622
518 639
519 660
520 598
521 641
522 598
523 610
524 653
525 613
526 635
527 616
528 631
529 586
530 597
531 603
532 565
533 600
534 602
535 604
536 632
537 588
538 638
539 580
540 610
541 645
542 567
543 610
544 639
545 577
546 611
547 572
548 655
549 616
550 608
551 628
552 612
553 563
554 610
555 588
556 595
557 603
558 573
559 606
560 613
561 620
562 628
563 545
564 561
565 577
566 588
567 590
568 586
569 554
570 579
571 607
572 556
573 594
574 569
575 600
576 614
577 560
578 582
579 580
580 541
581 561
582 542
583 583
584 554
585 561
586 539
587 539
588 572
589 558
590 596
591 543
592 522
593 575
594 564
595 582
596 551
597 563
598 564
599 515
600 524
601 543
602 512
603 521
604 556
605 509
606 523
607 522
608 502
609 475
610 483
611 503
612 535
613 495
614 517
615 480
616 540
617 498
618 496
619 484
620 498
621 472
622 517
623 512
624 501
625 443
626 474
627 511
628 478
629 473
630 451
631 439
632 469
633 453
634 432
635 459
636 468
637 446
638 473
639 443
640 454
641 486
642 429
643 445
644 473
645 394
646 436
647 450
648 424
649 444
650 441
651 453
652 443
653 402
654 424
655 379
656 461
657 388
658 417
659 399
660 398
661 376
662 366
663 385
664 377
665 366
666 390
667 340
668 346
669 347
670 397
671 398
672 367
673 379
674 373
675 358
676 369
677 374
678 360
679 365
680 330
681 371
682 343
683 359
684 372
685 381
686 331
687 325
688 327
689 331
690 349
691 354
692 339
693 328
694 326
695 316
696 318
697 315
698 335
699 314
700 295
701 294
702 292
703 304
704 310
705 303
706 277
707 279
708 291
709 298
710 283
711 286
712 267
713 275
714 269
715 261
716 271
717 263
718 270
719 252
720 275
721 254
722 250
723 253
724 277
725 267
726 252
727 235
728 242
729 214
730 244
731 233
732 202
733 220
734 240
735 238
736 218
737 210
738 232
739 231
740 232
741 229
742 240
743 218
744 199
745 215
746 215
747 230
748 200
749 229
750 211
751 191
752 220
753 196
754 204
755 218
756 206
757 214
758 197
759 184
760 212
761 187
762 202
763 191
764 177
765 185
766 199
767 208
768 191
769 204
770 180
771 182
772 161
773 170
774 174
775 158
776 176
777 193
778 162
779 157
780 185
781 166
782 170
783 171
784 163
785 170
786 173
787 153
788 171
789 159
790 138
791 159
792 177
793 148
794 138
795 160
796 137
797 156
798 148
799 151
800 172
801 146
802 154
803 157
804 135
805 143
806 136
807 136
808 129
809 118
810 150
811 152
812 132
813 128
814 124
815 151
816 129
817 109
818 123
819 117
820 113
821 117
822 144
823 118
824 136
825 129
826 112
827 113
828 130
829 105
830 113
831 112
832 125
833 124
834 117
835 123
836 110
837 105
838 145
839 128
840 103
841 117
842 110
843 123
844 111
845 119
846 116
847 90
848 99
849 103
850 120
851 100
852 112
853 102
854 110
855 104
856 101
857 109
858 105
859 82
860 114
861 100
862 102
863 126
864 88
865 98
866 72
867 123
868 99
869 90
870 82
871 101
872 98
873 95
874 76
875 103
876 99
877 109
878 99
879 116
880 81
881 85
882 72
883 95
884 89
885 99
886 96
887 90
888 79
889 81
890 94
891 108
892 91
893 93
894 78
895 78
896 87
897 71
898 82
899 89
900 88
901 101
902 88
903 78
904 75
905 92
906 99
907 87
908 89
909 82
910 62
911 80
912 91
913 79
914 85
915 71
916 103
917 83
918 86
919 88
920 101
921 90
922 71
923 70
924 71
925 91
926 74
927 95
928 83
929 99
930 73
931 86
932 85
933 74
934 80
935 88
936 92
937 87
938 81
939 68
940 74
941 91
942 77
943 66
944 73
945 55
946 84
947 83
948 69
949 63
950 76
951 76
952 83
953 71
954 79
955 83
956 86
957 78
958 74
959 59
960 90
961 63
962 73
963 80
964 56
965 78
966 77
967 91
968 74
969 69
970 80
971 87
972 68
973 82
974 72
975 73
976 81
977 83
978 71
979 65
980 66
981 70
982 79
983 79
984 57
985 82
986 63
987 74
988 74
989 85
990 82
991 68
992 76
993 60
994 79
995 87
996 66
997 77
998 75
999 79
1000 61
1001 77
1002 73
1003 81
1004 67
1005 80
1006 70
1007 72
1008 81
1009 62
1010 74
1011 85
1012 69
1013 55
1014 69
1015 51
1016 76
1017 69
1018 66
1019 72
1020 70
1021 73
1022 75
1023 69
1024 74
1025 80
1026 83
1027 63
1028 79
1029 63
1030 72
1031 75
1032 63
1033 64
1034 72
1035 66
1036 76
1037 60
1038 75
1039 68
1040 75
1041 67
1042 78
1043 73
1044 67
1045 60
1046 79
1047 62
1048 70
1049 59
1050 61
1051 66
1052 71
1053 65
1054 68
1055 53
1056 63
1057 72
1058 58
1059 56
1060 59
1061 61
1062 82
1063 70
1064 58
1065 73
1066 83
1067 74
1068 53
1069 73
1070 61
1071 60
1072 82
1073 73
1074 54
1075 58
1076 63
1077 59
1078 70
1079 56
1080 66
1081 82
1082 68
1083 57
1084 62
1085 73
1086 62
1087 70
1088 66
1089 68
1090 86
1091 71
1092 63
1093 62
1094 60
1095 63
1096 63
1097 65
1098 74
1099 68
1100 76
1101 65
1102 48
1103 73
1104 73
1105 79
1106 74
1107 56
1108 63
1109 49
1110 63
1111 62
1112 67
1113 56
1114 69
1115 67
1116 51
1117 73
1118 45
1119 55
1120 69
1121 67
1122 79
1123 64
1124 74
1125 66
1126 67
1127 58
1128 61
1129 69
1130 59
1131 56
1132 61
1133 66
1134 57
1135 61
1136 61
1137 56
1138 65
1139 66
1140 56
1141 60
1142 65
1143 53
1144 63
1145 65
1146 73
1147 63
1148 63
1149 65
1150 57
1151 61
1152 74
1153 67
1154 49
1155 53
1156 50
1157 73
1158 58
1159 73
1160 62
1161 57
1162 73
1163 57
1164 52
1165 70
1166 70
1167 67
1168 55
1169 71
1170 55
1171 52
1172 59
1173 70
1174 61
1175 57
1176 70
1177 56
1178 63
1179 64
1180 41
1181 54
1182 70
1183 55
1184 66
1185 72
1186 71
1187 59
1188 64
1189 72
1190 56
1191 62
1192 71
1193 64
1194 62
1195 55
1196 62
1197 56
1198 48
1199 66
1200 58
1201 59
1202 63
1203 69
1204 51
1205 68
1206 61
1207 63
1208 57
1209 73
1210 56
1211 64
1212 47
1213 61
1214 57
1215 51
1216 50
1217 45
1218 61
1219 54
1220 51
1221 58
1222 64
1223 45
1224 58
1225 59
1226 56
1227 63
1228 49
1229 56
1230 47
1231 68
1232 49
1233 52
1234 62
1235 52
1236 55
1237 59
1238 59
1239 57
1240 48
1241 41
1242 55
1243 57
1244 53
1245 46
1246 56
1247 55
1248 68
1249 50
1250 61
1251 62
1252 76
1253 58
1254 57
1255 52
1256 61
1257 59
1258 51
1259 53
1260 57
1261 78
1262 61
1263 57
1264 45
1265 48
1266 50
1267 63
1268 78
1269 54
1270 59
1271 44
1272 49
1273 45
1274 60
1275 50
1276 48
1277 47
1278 71
1279 53
1280 65
1281 50
1282 57
1283 53
1284 58
1285 51
1286 63
1287 52
1288 46
1289 53
1290 69
1291 53
1292 56
1293 48
1294 47
1295 58
1296 47
1297 56
1298 45
1299 49
1300 50
1301 49
1302 51
1303 56
1304 54
1305 47
1306 50
1307 65
1308 48
1309 50
1310 42
1311 44
1312 53
1313 55
1314 39
1315 43
1316 58
1317 53
1318 46
1319 56
1320 53
1321 49
1322 47
1323 52
1324 51
1325 56
1326 48
1327 54
1328 53
1329 43
1330 43
1331 50
1332 47
1333 42
1334 50
1335 47
1336 62
1337 52
1338 53
1339 32
1340 42
1341 50
1342 34
1343 52
1344 49
1345 56
1346 46
1347 50
1348 48
1349 50
1350 56
1351 52
1352 39
1353 38
1354 39
1355 61
1356 33
1357 52
1358 44
1359 40
1360 46
1361 61
1362 34
1363 33
1364 55
1365 47
1366 40
1367 40
1368 55
1369 47
1370 38
1371 54
1372 42
1373 43
1374 46
1375 52
1376 48
1377 39
1378 42
1379 41
1380 34
1381 44
1382 43
1383 41
1384 31
1385 37
1386 54
1387 37
1388 51
1389 44
1390 49
1391 37
1392 49
1393 43
1394 46
1395 40
1396 50
1397 39
1398 44
1399 45
1400 35
1401 30
1402 43
1403 33
1404 42
1405 34
1406 42
1407 49
1408 43
1409 37
1410 28
1411 32
1412 37
1413 35
1414 36
1415 48
1416 30
1417 37
1418 36
1419 50
1420 42
1421 43
1422 34
1423 34
1424 32
1425 32
1426 57
1427 36
1428 29
1429 35
1430 36
1431 47
1432 42
1433 44
1434 34
1435 26
1436 38
1437 44
1438 35
1439 30
1440 30
1441 50
1442 28
1443 39
1444 38
1445 34
1446 40
1447 37
1448 25
1449 23
1450 28
1451 28
1452 23
1453 33
1454 38
1455 35
1456 32
1457 38
1458 34
1459 44
1460 38
1461 42
1462 31
1463 38
1464 37
1465 39
1466 27
1467 31
1468 26
1469 30
1470 33
1471 35
1472 36
1473 38
1474 31
1475 23
1476 38
1477 35
1478 29
1479 48
1480 34
1481 24
1482 30
1483 31
1484 28
1485 27
1486 24
1487 31
1488 33
1489 25
1490 25
1491 39
1492 30
1493 32
1494 27
1495 28
1496 28
1497 36
1498 31
1499 29
1500 39
1501 21
1502 34
1503 40
1504 34
1505 26
1506 28
1507 19
1508 29
1509 32
1510 24
1511 23
1512 27
1513 29
1514 27
1515 31
1516 32
1517 21
1518 29
1519 30
1520 26
1521 24
1522 28
1523 26
1524 31
1525 42
1526 34
1527 33
1528 35
1529 21
1530 20
1531 23
1532 23
1533 28
1534 18
1535 25
1536 17
1537 25
1538 22
1539 27
1540 22
1541 34
1542 19
1543 31
1544 37
1545 19
1546 20
1547 30
1548 22
1549 27
1550 22
1551 26
1552 21
1553 26
1554 24
1555 28
1556 18
1557 21
1558 21
1559 18
1560 22
1561 21
1562 23
1563 17
1564 18
1565 16
1566 15
1567 14
1568 26
1569 22
1570 15
1571 16
1572 23
1573 24
1574 17
1575 26
1576 26
1577 23
1578 25
1579 19
1580 22
1581 18
1582 21
1583 17
1584 32
1585 16
1586 19
1587 21
1588 16
1589 24
1590 23
1591 18
1592 20
1593 23
1594 20
1595 18
1596 16
1597 20
1598 15
1599 18
1600 25
1601 15
1602 25
1603 23
1604 24
1605 21
1606 16
1607 18
1608 17
1609 12
1610 14
1611 21
1612 20
1613 22
1614 20
1615 15
1616 13
1617 15
1618 18
1619 12
1620 23
1621 17
1622 15
1623 16
1624 16
1625 18
1626 13
1627 17
1628 17
1629 31
1630 16
1631 17
1632 17
1633 16
1634 18
1635 16
1636 18
1637 15
1638 20
1639 15
1640 18
1641 11
1642 13
1643 17
1644 19
1645 24
1646 13
1647 14
1648 15
1649 17
1650 18
1651 11
1652 10
1653 28
1654 14
1655 16
1656 15
1657 18
1658 17
1659 11
1660 21
1661 9
1662 16
1663 14
1664 14
1665 17
1666 9
1667 16
1668 13
1669 20
1670 15
1671 15
1672 16
1673 15
1674 16
1675 13
1676 12
1677 17
1678 18
1679 14
1680 9
1681 15
1682 14
1683 10
1684 14
1685 10
1686 16
1687 10
1688 21
1689 19
1690 10
1691 17
1692 6
1693 8
1694 11
1695 21
1696 17
1697 17
1698 14
1699 8
1700 16
1701 20
1702 12
1703 11
1704 10
1705 9
1706 7
1707 7
1708 11
1709 14
1710 22
1711 12
1712 5
1713 16
1714 10
1715 14
1716 13
1717 5
1718 10
1719 11
1720 8
1721 11
1722 12
1723 12
1724 10
1725 7
1726 8
1727 13
1728 14
1729 16
1730 14
1731 12
1732 15
1733 17
1734 8
1735 13
1736 12
1737 17
1738 12
1739 5
1740 7
1741 15
1742 14
1743 11
1744 16
1745 7
1746 9
1747 14
1748 11
1749 12
1750 7
1751 11
1752 14
1753 11
1754 8
1755 15
1756 10
1757 10
1758 10
1759 9
1760 7
1761 5
1762 9
1763 8
1764 6
1765 11
1766 7
1767 12
1768 6
1769 8
1770 14
1771 10
1772 3
1773 8
1774 9
1775 10
1776 11
1777 11
1778 8
1779 5
1780 5
1781 8
1782 8
1783 8
1784 10
1785 8
1786 5
1787 10
1788 10
1789 6
1790 7
1791 7
1792 8
1793 10
1794 9
1795 4
1796 11
1797 6
1798 6
1799 4
1800 6
1801 7
1802 5
1803 3
1804 7
1805 9
1806 15
1807 6
1808 9
1809 9
1810 10
1811 7
1812 6
1813 8
1814 5
1815 7
1816 8
1817 10
1818 5
1819 4
1820 7
1821 9
1822 3
1823 8
1824 5
1825 5
1826 2
1827 12
1828 7
1829 5
1830 7
1831 8
1832 5
1833 5
1834 6
1835 4
1836 3
1837 8
1838 4
1839 6
1840 8
1841 10
1842 1
1843 3
1844 9
1845 7
1846 6
1847 3
1848 2
1849 3
1850 3
1851 6
1852 7
1853 6
1854 9
1855 5
1856 7
1857 9
1858 3
1859 5
1860 4
1861 4
1862 4
1863 6
1864 2
1865 6
1866 3
1867 4
1868 6
1869 8
1870 5
1871 3
1872 4
1873 5
1874 8
1875 5
1876 11
1877 4
1878 2
1879 5
1880 8
1881 5
1882 1
1883 5
1884 2
1885 2
1886 5
1887 3
1888 5
1889 6
1890 4
1891 7
1892 7
1893 6
1894 2
1895 9
1896 6
1897 3
1898 5
1899 2
1900 4
1901 7
1902 3
1903 4
1904 5
1905 2
1906 2
1907 3
1908 7
1909 2
1910 3
1911 4
1912 3
1913 2
1914 3
1915 7
1916 7
1917 5
1918 6
1919 3
1920 7
1921 5
1922 6
1923 3
1924 4
1925 3
1926 5
1927 3
1928 3
1929 6
1930 4
1931 6
1932 5
1933 6
1934 5
1935 3
1936 3
1937 1
1938 1
1939 7
1940 4
1941 2
1942 4
1943 3
1944 5
1945 5
1946 8
1947 3
1948 4
1949 3
1950 1
1951 7
1952 6
1953 2
1954 5
1955 3
1956 3
1957 3
1958 3
1959 2
1960 4
1961 1
1962 3
1963 8
1964 10
1965 3
1966 5
1967 2
1968 3
1969 2
1970 2
1971 2
1972 7
1973 4
1974 2
1975 7
1976 7
1977 2
1978 6
1979 1
1980 4
1981 2
1982 2
1983 7
1984 4
1985 3
1986 4
1987 3
1988 3
1989 3
1990 4
1991 3
1992 4
1993 1
1994 2
1995 3
1996 5
1997 5
1998 4
1999 2
2000 2
2001 2
2002 5
2003 6
2004 1
2005 5
2006 3
2007 0
2008 4
2009 2
2010 3
2011 1
2012 2
2013 1
2014 0
2015 2
2016 4
2017 2
2018 4
2019 3
2020 0
2021 5
2022 1
2023 3
2024 4
2025 3
2026 0
2027 2
2028 0
2029 0
2030 0
2031 2
2032 3
2033 0
2034 2
2035 3
2036 1
2037 1
2038 2
2039 3
2040 3
2041 5
2042 3
2043 2
2044 1
2045 3
2046 2
2047 4
2048 5
2049 2
2050 2
2051 2
2052 2
2053 3
2054 2
2055 1
2056 1
2057 3
2058 0
2059 2
2060 0
2061 1
2062 1
2063 2
2064 5
2065 3
2066 0
2067 1
2068 1
2069 0
2070 1
2071 1
2072 4
2073 2
2074 3
2075 2
2076 1
2077 2
2078 1
2079 0
2080 1
2081 2
2082 0
2083 1
2084 3
2085 2
2086 1
2087 5
2088 0
2089 0
2090 2
2091 1
2092 2
2093 1
2094 6
2095 0
2096 1
2097 2
2098 1
2099 0
2100 1
2101 1
2102 2
2103 1
2104 0
2105 1
2106 0
2107 1
2108 2
2109 1
2110 0
2111 2
2112 1
2113 1
2114 3
2115 1
2116 1
2117 2
2118 2
2119 2
2120 2
2121 1
2122 3
2123 3
2124 2
2125 1
2126 4
2127 3
2128 0
2129 2
2130 1
2131 1
2132 0
2133 0
2134 1
2135 3
2136 0
2137 1
2138 2
2139 2
2140 1
2141 4
2142 0
2143 1
2144 2
2145 0
2146 1
2147 0
2148 0
2149 2
2150 1
2151 0
2152 2
2153 1
2154 0
2155 0
2156 1
2157 0
2158 0
2159 1
2160 1
2161 8
2162 2
2163 3
2164 3
2165 2
2166 0
2167 1
2168 0
2169 0
2170 2
2171 2
2172 1
2173 2
2174 2
2175 0
2176 0
2177 0
2178 1
2179 2
2180 1
2181 0
2182 0
2183 1
2184 1
2185 2
2186 1
2187 2
2188 0
2189 0
2190 1
2191 1
2192 1
2193 0
2194 0
2195 1
2196 1
2197 0
2198 0
2199 2
2200 0
2201 1
2202 1
2203 0
2204 2
2205 1
2206 2
2207 1
2208 1
2209 2
2210 2
2211 3
2212 0
2213 3
2214 3
2215 0
2216 0
2217 1
2218 0
2219 0
2220 0
2221 0
2222 0
2223 0
2224 0
2225 1
2226 0
2227 0
2228 0
2229 1
2230 1
2231 0
2232 0
2233 0
2234 1
2235 0
2236 2
2237 0
2238 1
2239 3
2240 0
2241 2
2242 0
2243 0
2244 2
2245 0
2246 0
2247 2
2248 0
2249 0
2250 0
2251 1
2252 0
2253 0
2254 0
2255 0
2256 1
2257 0
2258 0
2259 2
2260 0
2261 0
2262 1
2263 1
2264 1
2265 0
2266 0
2267 0
2268 0
2269 0
2270 0
2271 0
2272 0
2273 1
2274 1
2275 0
2276 2
2277 1
2278 0
2279 1
2280 0
2281 1
2282 0
2283 0
2284 0
2285 1
2286 0
2287 0
2288 0
2289 1
2290 1
2291 1
2292 0
2293 0
2294 0
2295 1
2296 2
2297 1
2298 0
2299 1
2300 0
2301 2
2302 0
2303 0
2304 0
2305 1
2306 0
2307 0
2308 0
2309 0
2310 0
2311 1
2312 0
2313 1
2314 0
2315 2
2316 1
2317 0
2318 2
2319 0
2320 1
2321 0
2322 0
2323 1
2324 1
2325 0
2326 0
2327 0
2328 0
2329 0
2330 0
2331 2
2332 1
2333 0
2334 0
2335 0
2336 0
2337 1
2338 2
2339 0
2340 2
2341 0
2342 1
2343 0
2344 0
2345 0
2346 2
2347 0
2348 0
2349 0
2350 0
2351 0
2352 1
2353 0
2354 0
2355 0
2356 0
2357 0
2358 0
2359 1
2360 1
2361 0
2362 1
2363 1
2364 1
2365 0
2366 0
2367 1
2368 0
2369 0
2370 0
2371 0
2372 0
2373 1
2374 0
2375 0
2376 0
2377 0
2378 0
2379 0
2380 0
2381 0
2382 2
2383 0
2384 0
2385 0
2386 1
2387 0
2388 0
2389 0
2390 0
2391 0
2392 1
2393 0
2394 0
2395 0
2396 0
2397 0
2398 0
2399 1
2400 0
2401 2
2402 0
2403 0
2404 0
2405 1
2406 0
2407 0
2408 0
2409 1
2410 0
2411 0
2412 0
2413 0
2414 0
2415 0
2416 0
2417 0
2418 1
2419 0
2420 0
2421 0
2422 0
2423 1
2424 0
2425 0
2426 0
2427 0
2428 1
2429 0
2430 0
2431 0
2432 0
2433 0
2434 1
2435 0
2436 0
2437 0
2438 0
2439 1
2440 0
2441 0
2442 0
2443 0
2444 0
2445 0
2446 1
2447 0
2448 0
2449 0
2450 1
2451 1
2452 1
2453 0
2454 0
2455 0
2456 0
2457 0
2458 0
2459 0
2460 0
2461 0
2462 0
2463 0
2464 0
2465 0
2466 0
2467 0
2468 1
2469 0
2470 0
2471 0
2472 1
2473 0
2474 1
2475 0
2476 0
2477 0
2478 0
2479 0
2480 0
2481 0
2482 0
2483 0
2484 0
2485 0
2486 0
2487 0
2488 0
2489 0
2490 0
2491 0
2492 0
2493 1
2494 0
2495 0
2496 0
2497 0
2498 0
2499 0
2500 0
2501 0
2502 0
2503 0
2504 0
2505 0
2506 1
2507 0
2508 0
2509 0
2510 0
2511 0
2512 0
2513 0
2514 0
2515 0
2516 0
2517 1
2518 0
2519 0
2520 0
2521 0
2522 0
2523 0
2524 0
2525 0
2526 1
2527 0
2528 0
2529 0
2530 0
2531 0
2532 0
2533 0
2534 0
2535 0
2536 0
2537 0
2538 0
2539 0
2540 0
2541 0
2542 0
2543 0
2544 0
2545 0
2546 0
2547 0
2548 0
2549 0
2550 0
2551 0
2552 0
2553 0
2554 0
2555 0
2556 0
2557 0
2558 0
2559 0
2560 0
2561 2
2562 1
2563 0
2564 0
2565 0
2566 0
2567 0
2568 0
2569 0
2570 0
2571 0
2572 1
2573 0
2574 1
2575 0
2576 0
2577 1
2578 0
2579 0
2580 0
2581 0
2582 0
2583 1
2584 1
2585 0
2586 0
2587 0
2588 0
2589 0
2590 0
2591 0
2592 1
2593 0
2594 0
2595 0
2596 0
2597 0
2598 0
2599 0
2600 0
2601 0
2602 0
2603 0
2604 0
2605 0
2606 0
2607 0
2608 0
2609 0
2610 0
2611 1
2612 0
2613 0
2614 0
2615 0
2616 0
2617 0
2618 0
2619 0
2620 0
2621 1
2622 0
2623 0
2624 0
2625 0
2626 0
2627 0
2628 0
2629 0
2630 0
2631 0
2632 0
2633 0
2634 0
2635 0
2636 0
2637 0
2638 0
2639 0
2640 0
2641 0
2642 0
2643 0
2644 0
2645 0
2646 0
2647 0
2648 0
2649 0
2650 0
2651 0
2652 0
2653 0
2654 0
2655 0
2656 0
2657 0
2658 0
2659 0
2660 0
2661 0
2662 0
2663 0
2664 0
2665 0
2666 0
2667 0
2668 0
2669 0
2670 0
2671 0
2672 0
2673 0
2674 0
2675 0
2676 0
2677 0
2678 0
2679 0
2680 0
2681 0
2682 0
2683 0
2684 0
2685 0
2686 1
2687 0
2688 0
2689 0
2690 0
2691 0
2692 0
2693 0
2694 0
2695 0
2696 0
2697 0
2698 0
2699 0
2700 0
2701 0
2702 0
2703 0
2704 0
2705 0
2706 0
2707 0
2708 0
2709 0
2710 0
2711 1
2712 0
2713 0
2714 0
2715 0
2716 0
2717 0
2718 0
2719 0
2720 0
2721 0
2722 0
2723 0
2724 0
2725 0
2726 0
2727 0
2728 0
2729 0
2730 0
2731 0
2732 0
2733 0
2734 0
2735 0
2736 0
2737 1
2738 0
2739 0
2740 0
2741 0
2742 0
2743 0
2744 0
2745 0
2746 0
2747 0
2748 0
2749 0
2750 0
2751 0
2752 0
2753 0
2754 0
2755 1
2756 0
2757 0
2758 0
2759 0
2760 0
2761 0
2762 0
2763 0
2764 0
2765 0
2766 0
2767 0
2768 0
2769 0
2770 0
2771 0
2772 0
2773 0
2774 0
2775 0
2776 0
2777 0
2778 0
2779 0
2780 0
2781 0
2782 0
2783 0
2784 0
2785 0
2786 0
2787 0
2788 0
2789 0
2790 0
2791 0
2792 0
2793 0
2794 0
2795 1
2796 0
2797 1
2798 1
2799 0
2800 0
2801 0
2802 1
2803 0
2804 0
2805 0
2806 0
2807 0
2808 0
2809 0
2810 0
2811 0
2812 0
2813 1
2814 0
2815 0
2816 0
2817 0
2818 0
2819 0
2820 0
2821 0
2822 0
2823 0
2824 0
2825 0
2826 0
2827 0
2828 0
2829 0
2830 0
2831 0
2832 0
2833 0
2834 0
2835 0
2836 0
2837 0
2838 0
2839 0
2840 0
2841 0
2842 0
2843 0
2844 0
2845 0
2846 0
2847 0
2848 0
2849 0
2850 0
2851 0
2852 0
2853 0
2854 0
2855 0
2856 0
2857 0
2858 0
2859 0
2860 1
2861 0
2862 0
2863 0
2864 0
2865 0
2866 0
2867 0
2868 0
2869 0
2870 0
2871 0
2872 0
2873 0
2874 0
2875 0
2876 0
2877 0
2878 0
2879 0
2880 0
2881 0
2882 0
2883 1
2884 0
2885 0
2886 0
2887 0
2888 2
2889 0
2890 0
2891 0
2892 0
2893 0
2894 0
2895 0
2896 0
2897 0
2898 0
2899 0
2900 0
2901 0
2902 0
2903 0
2904 0
2905 0
2906 0
2907 0
2908 0
2909 0
2910 0
2911 0
2912 0
2913 0
2914 0
2915 0
2916 0
2917 0
2918 0
2919 0
2920 0
2921 0
2922 0
2923 0
2924 0
2925 0
2926 0
2927 0
2928 0
2929 0
2930 0
2931 0
2932 0
2933 0
2934 0
2935 0
2936 0
2937 0
2938 0
2939 0
2940 0
2941 0
2942 0
2943 0
2944 0
2945 0
2946 0
2947 0
2948 0
2949 0
2950 0
2951 0
2952 0
2953 0
2954 0
2955 0
2956 0
2957 0
2958 0
2959 0
2960 0
2961 0
2962 0
2963 0
2964 0
2965 0
2966 0
2967 0
2968 0
2969 0
2970 0
2971 0
2972 0
2973 0
2974 0
2975 0
2976 0
2977 0
2978 0
2979 0
2980 0
2981 0
2982 0
2983 0
2984 0
2985 0
2986 0
2987 0
2988 0
2989 0
2990 0
2991 0
2992 0
2993 0
2994 0
2995 0
2996 0
2997 0
2998 0
2999 0
3000 0
3001 0
3002 0
3003 0
3004 0
3005 0
3006 0
3007 0
3008 0
3009 0
3010 0
3011 0
3012 0
3013 0
3014 0
3015 0
3016 0
3017 0
3018 0
3019 0
3020 0
3021 0
3022 0
3023 0
3024 0
3025 0
3026 0
3027 0
3028 0
3029 0
3030 0
3031 0
3032 0
3033 0
3034 0
3035 0
3036 0
3037 0
3038 0
3039 0
3040 0
3041 0
3042 0
3043 0
3044 0
3045 0
3046 0
3047 0
3048 0
3049 0
3050 0
3051 0
3052 0
3053 0
3054 0
3055 0
3056 0
3057 0
3058 0
3059 0
3060 0
3061 0
3062 0
3063 0
3064 0
3065 0
3066 0
3067 0
3068 0
3069 0
3070 0
3071 0
3072 0
3073 0
3074 0
3075 0
3076 0
3077 0
3078 0
3079 0
3080 0
3081 0
3082 0
3083 0
3084 0
3085 0
3086 0
3087 0
3088 0
3089 0
3090 0
3091 1
3092 0
3093 0
3094 0
3095 0
3096 0
3097 0
3098 0
3099 0
3100 0
3101 0
3102 0
3103 0
3104 0
3105 0
3106 0
3107 0
3108 0
3109 0
3110 0
3111 0
3112 0
3113 0
3114 0
3115 0
3116 0
3117 0
3118 0
3119 0
3120 0
3121 0
3122 0
3123 0
3124 0
3125 0
3126 0
3127 0
3128 0
3129 0
3130 0
3131 0
3132 0
3133 0
3134 0
3135 0
3136 0
3137 0
3138 0
3139 0
3140 0
3141 0
3142 0
3143 0
3144 0
3145 0
3146 0
3147 0
3148 0
3149 0
3150 0
3151 0
3152 0
3153 0
3154 0
3155 0
3156 0
3157 0
3158 0
3159 0
3160 0
3161 0
3162 0
3163 0
3164 0
3165 0
3166 0
3167 0
3168 0
3169 0
3170 0
3171 0
3172 0
3173 0
3174 0
3175 0
3176 0
3177 0
3178 0
3179 0
3180 0
3181 0
3182 0
3183 0
3184 0
3185 0
3186 0
3187 0
3188 0
3189 0
3190 0
3191 0
3192 0
3193 0
3194 0
3195 0
3196 0
3197 0
3198 0
3199 0
3200 0
3201 0
3202 0
3203 0
3204 0
3205 0
3206 0
3207 0
3208 0
3209 0
3210 0
3211 0
3212 0
3213 0
3214 0
3215 0
3216 0
3217 0
3218 0
3219 0
3220 0
3221 0
3222 0
3223 0
3224 0
3225 0
3226 0
3227 0
3228 0
3229 0
3230 0
3231 0
3232 0
3233 0
3234 0
3235 0
3236 0
3237 0
3238 0
3239 0
3240 0
3241 0
3242 0
3243 1
3244 0
3245 0
3246 0
3247 0
3248 0
3249 0
3250 0
3251 0
3252 0
3253 0
3254 0
3255 0
3256 0
3257 0
3258 0
3259 0
3260 0
3261 0
3262 0
3263 0
3264 0
3265 0
3266 0
3267 0
3268 0
3269 0
3270 0
3271 0
3272 0
3273 0
3274 0
3275 0
3276 0
3277 0
3278 0
3279 0
3280 0
3281 0
3282 0
3283 0
3284 0
3285 0
3286 0
3287 0
3288 0
3289 0
3290 0
3291 0
3292 0
3293 0
3294 1
3295 0
3296 0
3297 0
3298 1
3299 0
3300 0
3301 0
3302 0
3303 0
3304 0
3305 0
3306 0
3307 0
3308 0
3309 0
3310 0
3311 0
3312 0
3313 0
3314 0
3315 0
3316 0
3317 0
3318 0
3319 0
3320 0
3321 0
3322 0
3323 0
3324 0
3325 0
3326 0
3327 0
3328 0
3329 0
3330 0
3331 0
3332 0
3333 0
3334 0
3335 0
3336 1
3337 0
3338 0
3339 0
3340 0
3341 0
3342 0
3343 0
3344 0
3345 0
3346 0
3347 0
3348 0
3349 0
3350 0
3351 0
3352 0
3353 0
3354 0
3355 0
3356 0
3357 0
3358 0
3359 0
3360 0
3361 0
3362 0
3363 0
3364 0
3365 0
3366 0
3367 0
3368 0
3369 0
3370 0
3371 0
3372 0
3373 0
3374 0
3375 0
3376 0
3377 0
3378 0
3379 0
3380 0
3381 0
3382 0
3383 0
3384 0
3385 0
3386 0
3387 0
3388 0
3389 0
3390 0
3391 0
3392 0
3393 0
3394 0
3395 0
3396 0
3397 0
3398 0
3399 0
3400 0
3401 0
3402 0
3403 0
3404 1
3405 0
3406 0
3407 0
3408 0
3409 0
3410 0
3411 0
3412 0
3413 0
3414 0
3415 0
3416 0
3417 0
3418 0
3419 0
3420 0
3421 0
3422 0
3423 0
3424 0
3425 0
3426 0
3427 0
3428 0
3429 1
3430 0
3431 1
3432 0
3433 0
3434 0
3435 0
3436 0
3437 0
3438 0
3439 0
3440 0
3441 0
3442 0
3443 0
3444 0
3445 0
3446 0
3447 0
3448 0
3449 0
3450 0
3451 0
3452 0
3453 0
3454 0
3455 0
3456 0
3457 0
3458 0
3459 0
3460 0
3461 0
3462 0
3463 0
3464 0
3465 0
3466 0
3467 0
3468 0
3469 0
3470 0
3471 0
3472 0
3473 0
3474 0
3475 0
3476 0
3477 0
3478 0
3479 0
3480 0
3481 0
3482 0
3483 0
3484 0
3485 0
3486 0
3487 0
3488 0
3489 0
3490 0
3491 0
3492 0
3493 0
3494 0
3495 0
3496 0
3497 0
3498 0
3499 0
3500 0
3501 0
3502 0
3503 0
3504 0
3505 0
3506 0
3507 0
3508 0
3509 0
3510 0
3511 0
3512 0
3513 0
3514 0
3515 0
3516 0
3517 0
3518 0
3519 0
3520 0
3521 0
3522 0
3523 0
3524 0
3525 0
3526 0
3527 0
3528 0
3529 0
3530 0
3531 0
3532 0
3533 0
3534 0
3535 0
3536 0
3537 0
3538 0
3539 0
3540 0
3541 0
3542 0
3543 0
3544 0
3545 0
3546 0
3547 0
3548 0
3549 0
3550 0
3551 0
3552 0
3553 0
3554 0
3555 0
3556 0
3557 0
3558 0
3559 0
3560 0
3561 0
3562 0
3563 0
3564 0
3565 0
3566 0
3567 0
3568 0
3569 0
3570 0
3571 0
3572 0
3573 0
3574 0
3575 0
3576 0
3577 0
3578 0
3579 0
3580 0
3581 0
3582 0
3583 0
3584 0
3585 0
3586 0
3587 0
3588 0
3589 0
3590 0
3591 0
3592 0
3593 0
3594 0
3595 0
3596 0
3597 0
3598 0
3599 0
3600 0
3601 0
3602 0
3603 0
3604 0
3605 0
3606 0
3607 0
3608 0
3609 0
3610 0
3611 0
3612 0
3613 0
3614 0
3615 0
3616 0
3617 0
3618 0
3619 0
3620 0
3621 0
3622 0
3623 0
3624 0
3625 0
3626 0
3627 0
3628 0
3629 0
3630 0
3631 0
3632 0
3633 0
3634 0
3635 0
3636 0
3637 0
3638 0
3639 0
3640 0
3641 0
3642 0
3643 0
3644 0
3645 0
3646 0
3647 0
3648 0
3649 0
3650 0
3651 0
3652 0
3653 0
3654 0
3655 0
3656 0
3657 0
3658 0
3659 0
3660 0
3661 0
3662 0
3663 0
3664 0
3665 0
3666 0
3667 0
3668 0
3669 0
3670 0
3671 0
3672 0
3673 0
3674 0
3675 0
3676 0
3677 0
3678 0
3679 0
3680 0
3681 0
3682 0
3683 0
3684 0
3685 0
3686 0
3687 0
3688 0
3689 0
3690 0
3691 0
3692 0
3693 0
3694 0
3695 0
3696 0
3697 0
3698 0
3699 0
3700 0
3701 0
3702 0
3703 0
3704 0
3705 0
3706 0
3707 0
3708 0
3709 0
3710 0
3711 0
3712 0
3713 0
3714 0
3715 0
3716 0
3717 0
3718 0
3719 0
3720 0
3721 0
3722 0
3723 0
3724 0
3725 0
3726 0
3727 0
3728 0
3729 0
3730 0
3731 0
3732 0
3733 0
3734 0
3735 0
3736 0
3737 0
3738 0
3739 0
3740 0
3741 0
3742 0
3743 0
3744 0
3745 0
3746 0
3747 0
3748 0
3749 0
3750 0
3751 0
3752 0
3753 0
3754 0
3755 0
3756 0
3757 0
3758 0
3759 0
3760 0
3761 0
3762 0
3763 0
3764 0
3765 0
3766 0
3767 0
3768 0
3769 0
3770 0
3771 0
3772 0
3773 0
3774 0
3775 0
3776 0
3777 0
3778 0
3779 0
3780 0
3781 0
3782 0
3783 0
3784 0
3785 0
3786 0
3787 0
3788 0
3789 0
3790 0
3791 0
3792 0
3793 0
3794 0
3795 0
3796 0
3797 0
3798 0
3799 0
3800 0
3801 0
3802 0
3803 0
3804 0
3805 0
3806 0
3807 0
3808 0
3809 0
3810 0
3811 0
3812 0
3813 0
3814 0
3815 0
3816 0
3817 0
3818 0
3819 0
3820 0
3821 0
3822 0
3823 0
3824 0
3825 0
3826 0
3827 0
3828 0
3829 0
3830 0
3831 0
3832 0
3833 0
3834 0
3835 0
3836 0
3837 0
3838 0
3839 0
3840 0
3841 0
3842 0
3843 0
3844 0
3845 0
3846 0
3847 0
3848 0
3849 0
3850 0
3851 0
3852 0
3853 0
3854 0
3855 0
3856 0
3857 0
3858 0
3859 0
3860 0
3861 0
3862 0
3863 0
3864 0
3865 0
3866 0
3867 0
3868 0
3869 0
3870 0
3871 0
3872 0
3873 0
3874 0
3875 0
3876 0
3877 0
3878 0
3879 0
3880 0
3881 0
3882 0
3883 0
3884 0
3885 0
3886 0
3887 0
3888 0
3889 0
3890 0
3891 0
3892 0
3893 0
3894 0
3895 0
3896 0
3897 0
3898 0
3899 0
3900 0
3901 0
3902 0
3903 0
3904 0
3905 0
3906 0
3907 0
3908 0
3909 1
3910 0
3911 0
3912 0
3913 0
3914 0
3915 0
3916 0
3917 0
3918 0
3919 0
3920 0
3921 0
3922 0
3923 0
3924 0
3925 0
3926 0
3927 0
3928 0
3929 0
3930 0
3931 0
3932 0
3933 0
3934 0
3935 0
3936 0
3937 0
3938 0
3939 0
3940 0
3941 0
3942 0
3943 0
3944 0
3945 0
3946 0
3947 0
3948 0
3949 0
3950 0
3951 0
3952 0
3953 0
3954 0
3955 0
3956 0
3957 0
3958 0
3959 0
3960 0
3961 0
3962 0
3963 0
3964 0
3965 0
3966 0
3967 0
3968 0
3969 0
3970 0
3971 0
3972 0
3973 0
3974 0
3975 0
3976 0
3977 0
3978 0
3979 0
3980 0
3981 0
3982 0
3983 0
3984 0
3985 0
3986 0
3987 0
3988 0
3989 0
3990 0
3991 0
3992 0
3993 0
3994 0
3995 0
3996 0
3997 0
3998 0
3999 0
4000 0
