0 0
1 0
2 0
3 0
4 0
5 0
6 0
7 0
8 0
9 0
10 0
11 0
12 0
13 0
14 0
15 0
16 0
17 0
18 0
19 0
20 0
21 0
22 0
23 0
24 0
25 0
26 0
27 0
28 0
29 0
30 0
31 0
32 0
33 0
34 0
35 0
36 0
37 0
38 0
39 0
40 0
41 0
42 0
43 0
44 0
45 0
46 0
47 0
48 0
49 0
50 0
51 0
52 0
53 0
54 0
55 0
56 0
57 0
58 0
59 0
60 0
61 0
62 0
63 0
64 0
65 0
66 0
67 0
68 0
69 0
70 0
71 0
72 0
73 0
74 0
75 0
76 0
77 0
78 0
79 0
80 0
81 0
82 0
83 0
84 0
85 0
86 0
87 0
88 0
89 0
90 0
91 0
92 0
93 0
94 0
95 0
96 0
97 0
98 0
99 0
100 0
101 0
102 0
103 0
104 0
105 0
106 0
107 0
108 0
109 0
110 0
111 0
112 0
113 0
114 0
115 0
116 0
117 0
118 0
119 0
120 0
121 0
122 0
123 0
124 0
125 0
126 0
127 0
128 0
129 0
130 0
131 0
132 0
133 0
134 0
135 0
136 0
137 0
138 0
139 0
140 0
141 0
142 0
143 0
144 0
145 0
146 0
147 0
148 0
149 0
150 0
151 0
152 2
153 3
154 4
155 4
156 8
157 5
158 5
159 4
160 5
161 4
162 1
163 6
164 6
165 4
166 5
167 8
168 2
169 5
170 6
171 4
172 2
173 4
174 11
175 19
176 34
177 68
178 91
179 161
180 203
181 228
182 238
183 296
184 381
185 532
186 832
187 1358
188 2173
189 3120
190 3969
191 4562
192 4809
193 4883
194 4646
195 4427
196 3928
197 3549
198 3194
199 2843
200 2574
201 2273
202 2002
203 1824
204 1648
205 1503
206 1373
207 1267
208 1070
209 1092
210 1018
211 908
212 1001
213 853
214 902
215 891
216 864
217 876
218 874
219 840
220 878
221 808
222 883
223 816
224 840
225 861
226 857
227 855
228 867
229 940
230 901
231 942
232 926
233 943
234 959
235 881
236 930
237 945
238 972
239 949
240 974
241 943
242 975
243 921
244 1038
245 1026
246 1017
247 997
248 1004
249 980
250 1043
251 1065
252 1054
253 1039
254 1081
255 1004
256 1082
257 973
258 1045
259 1013
260 986
261 1081
262 1070
263 1106
264 1117
265 1102
266 1060
267 1143
268 1108
269 1125
270 1040
271 1050
272 1161
273 1084
274 1088
275 1099
276 1094
277 1147
278 1125
279 1123
280 1156
281 1131
282 1112
283 1105
284 1063
285 1149
286 1205
287 1128
288 1165
289 1155
290 1138
291 1180
292 1151
293 1156
294 1157
295 1224
296 1223
297 1244
298 1186
299 1207
300 1204
301 1143
302 1155
303 1173
304 1209
305 1159
306 1174
307 1203
308 1183
309 1278
310 1237
311 1228
312 1205
313 1169
314 1281
315 1244
316 1278
317 1217
318 1272
319 1211
320 1166
321 1276
322 1289
323 1242
324 1284
325 1209
326 1279
327 1300
328 1256
329 1243
330 1288
331 1287
332 1298
333 1320
334 1374
335 1248
336 1363
337 1395
338 1361
339 1313
340 1338
341 1342
342 1358
343 1370
344 1308
345 1361
346 1351
347 1378
348 1376
349 1362
350 1343
351 1345
352 1358
353 1320
354 1430
355 1335
356 1373
357 1368
358 1329
359 1349
360 1419
361 1403
362 1446
363 1434
364 1365
365 1361
366 1434
367 1399
368 1465
369 1407
370 1407
371 1396
372 1442
373 1491
374 1510
375 1458
376 1436
377 1489
378 1484
379 1448
380 1386
381 1447
382 1552
383 1492
384 1441
385 1503
386 1509
387 1448
388 1461
389 1446
390 1516
391 1484
392 1625
393 1520
394 1531
395 1532
396 1491
397 1493
398 1532
399 1601
400 1568
401 1494
402 1524
403 1564
404 1552
405 1510
406 1542
407 1556
408 1534
409 1619
410 1538
411 1523
412 1551
413 1501
414 1516
415 1498
416 1531
417 1531
418 1561
419 1481
420 1533
421 1521
422 1557
423 1510
424 1578
425 1566
426 1609
427 1617
428 1554
429 1503
430 1553
431 1546
432 1579
433 1589
434 1574
435 1579
436 1554
437 1564
438 1520
439 1564
440 1465
441 1596
442 1509
443 1549
444 1530
445 1518
446 1563
447 1564
448 1509
449 1571
450 1616
451 1497
452 1587
453 1602
454 1475
455 1572
456 1578
457 1497
458 1528
459 1511
460 1516
461 1536
462 1529
463 1539
464 1518
465 1490
466 1425
467 1545
468 1467
469 1471
470 1443
471 1476
472 1501
473 1459
474 1474
475 1454
476 1490
477 1459
478 1500
479 1499
480 1467
481 1423
482 1461
483 1411
484 1475
485 1506
486 1396
487 1379
488 1342
489 1439
490 1387
491 1436
492 1320
493 1420
494 1367
495 1389
496 1323
497 1399
498 1379
499 1371
500 1310
501 1358
502 1264
503 1334
504 1394
505 1339
506 1328
507 1280
508 1261
509 1281
510 1298
511 1259
512 1331
513 1229
514 1267
515 1236
516 1227
517 1256
518 1293
519 1266
520 1277
521 1196
522 1306
523 1210
524 1175
525 1184
526 1160
527 1217
528 1136
529 1178
530 1184
531 1184
532 1123
533 1096
534 1134
535 1069
536 1101
537 1111
538 1121
539 1049
540 1084
541 1060
542 1085
543 1055
544 1064
545 1086
546 1056
547 1008
548 1015
549 1054
550 1104
551 998
552 1014
553 1008
554 961
555 992
556 996
557 985
558 1006
559 968
560 987
561 916
562 887
563 896
564 935
565 872
566 928
567 882
568 915
569 891
570 858
571 879
572 864
573 809
574 871
575 887
576 841
577 860
578 798
579 812
580 871
581 782
582 822
583 867
584 789
585 793
586 785
587 812
588 761
589 773
590 782
591 784
592 710
593 781
594 792
595 737
596 665
597 714
598 747
599 727
600 752
601 728
602 670
603 701
604 680
605 662
606 688
607 623
608 609
609 700
610 660
611 683
612 658
613 599
614 634
615 591
616 619
617 615
618 600
619 621
620 599
621 571
622 600
623 624
624 588
625 625
626 573
627 539
628 558
629 578
630 557
631 523
632 575
633 506
634 567
635 549
636 520
637 496
638 488
639 558
640 520
641 473
642 496
643 497
644 504
645 470
646 522
647 463
648 461
649 410
650 489
651 452
652 463
653 479
654 454
655 465
656 433
657 420
658 434
659 430
660 426
661 440
662 408
663 400
664 433
665 417
666 378
667 405
668 374
669 392
670 393
671 396
672 427
673 403
674 389
675 397
676 374
677 366
678 346
679 399
680 359
681 384
682 400
683 371
684 381
685 353
686 365
687 363
688 321
689 337
690 352
691 358
692 334
693 346
694 341
695 312
696 349
697 335
698 303
699 322
700 318
701 306
702 322
703 323
704 319
705 320
706 306
707 289
708 287
709 281
710 329
711 319
712 324
713 285
714 341
715 246
716 295
717 307
718 291
719 277
720 270
721 303
722 273
723 267
724 301
725 270
726 276
727 290
728 288
729 295
730 247
731 294
732 300
733 308
734 266
735 278
736 278
737 267
738 249
739 243
740 235
741 237
742 236
743 246
744 257
745 244
746 240
747 281
748 239
749 275
750 229
751 253
752 260
753 242
754 240
755 264
756 235
757 245
758 227
759 246
760 243
761 242
762 252
763 233
764 235
765 232
766 239
767 226
768 258
769 227
770 233
771 231
772 238
773 247
774 210
775 211
776 222
777 229
778 225
779 271
780 222
781 228
782 238
783 240
784 216
785 234
786 206
787 219
788 252
789 205
790 219
791 222
792 202
793 223
794 221
795 213
796 199
797 217
798 223
799 212
800 212
801 235
802 219
803 228
804 234
805 206
806 211
807 229
808 200
809 240
810 199
811 229
812 258
813 217
814 209
815 201
816 186
817 195
818 215
819 224
820 204
821 208
822 214
823 227
824 178
825 211
826 197
827 204
828 220
829 216
830 188
831 202
832 198
833 195
834 196
835 198
836 172
837 207
838 215
839 172
840 181
841 176
842 197
843 167
844 205
845 210
846 176
847 227
848 191
849 185
850 177
851 194
852 185
853 193
854 207
855 211
856 208
857 176
858 189
859 196
860 212
861 182
862 192
863 210
864 187
865 196
866 214
867 203
868 185
869 193
870 181
871 190
872 198
873 191
874 196
875 180
876 179
877 205
878 191
879 173
880 199
881 185
882 207
883 180
884 180
885 187
886 179
887 199
888 169
889 156
890 171
891 168
892 177
893 171
894 157
895 185
896 187
897 171
898 193
899 201
900 188
901 181
902 171
903 180
904 179
905 164
906 208
907 198
908 184
909 170
910 179
911 200
912 173
913 175
914 186
915 186
916 182
917 177
918 185
919 181
920 202
921 177
922 186
923 159
924 178
925 175
926 203
927 174
928 190
929 174
930 184
931 198
932 179
933 184
934 188
935 167
936 172
937 183
938 185
939 174
940 169
941 175
942 183
943 166
944 175
945 183
946 157
947 157
948 179
949 196
950 196
951 167
952 175
953 181
954 183
955 198
956 163
957 167
958 183
959 193
960 189
961 181
962 172
963 183
964 156
965 167
966 194
967 178
968 162
969 166
970 166
971 154
972 165
973 157
974 162
975 163
976 166
977 193
978 181
979 165
980 142
981 165
982 175
983 177
984 177
985 183
986 173
987 175
988 139
989 166
990 143
991 138
992 164
993 151
994 175
995 161
996 180
997 151
998 173
999 169
1000 156
1001 177
1002 152
1003 160
1004 127
1005 137
1006 157
1007 148
1008 164
1009 140
1010 142
1011 156
1012 152
1013 158
1014 151
1015 158
1016 165
1017 163
1018 148
1019 153
1020 170
1021 145
1022 159
1023 154
1024 151
1025 175
1026 159
1027 144
1028 164
1029 157
1030 161
1031 129
1032 141
1033 128
1034 145
1035 139
1036 144
1037 171
1038 127
1039 157
1040 158
1041 126
1042 150
1043 160
1044 141
1045 132
1046 168
1047 142
1048 157
1049 134
1050 143
1051 137
1052 122
1053 146
1054 135
1055 153
1056 139
1057 144
1058 146
1059 151
1060 134
1061 150
1062 138
1063 148
1064 109
1065 128
1066 148
1067 153
1068 148
1069 145
1070 128
1071 138
1072 138
1073 135
1074 145
1075 137
1076 134
1077 143
1078 144
1079 135
1080 118
1081 131
1082 137
1083 137
1084 119
1085 129
1086 118
1087 144
1088 114
1089 128
1090 120
1091 127
1092 139
1093 139
1094 127
1095 118
1096 111
1097 126
1098 130
1099 131
1100 126
1101 138
1102 129
1103 133
1104 111
1105 111
1106 127
1107 119
1108 136
1109 129
1110 131
1111 120
1112 138
1113 103
1114 129
1115 122
1116 119
1117 113
1118 111
1119 105
1120 112
1121 130
1122 124
1123 115
1124 103
1125 134
1126 121
1127 105
1128 107
1129 127
1130 117
1131 110
1132 115
1133 115
1134 125
1135 116
1136 91
1137 96
1138 110
1139 116
1140 101
1141 100
1142 101
1143 115
1144 119
1145 124
1146 117
1147 111
1148 90
1149 100
1150 115
1151 88
1152 114
1153 119
1154 107
1155 85
1156 91
1157 109
1158 101
1159 106
1160 91
1161 114
1162 121
1163 84
1164 95
1165 101
1166 103
1167 98
1168 95
1169 85
1170 105
1171 79
1172 104
1173 93
1174 92
1175 100
1176 93
1177 98
1178 105
1179 87
1180 68
1181 106
1182 104
1183 81
1184 108
1185 83
1186 72
1187 81
1188 85
1189 89
1190 107
1191 99
1192 95
1193 72
1194 108
1195 86
1196 97
1197 96
1198 79
1199 85
1200 79
1201 89
1202 82
1203 84
1204 97
1205 78
1206 81
1207 81
1208 100
1209 97
1210 85
1211 78
1212 76
1213 80
1214 90
1215 70
1216 70
1217 67
1218 79
1219 63
1220 85
1221 75
1222 73
1223 66
1224 71
1225 70
1226 67
1227 67
1228 83
1229 81
1230 84
1231 79
1232 70
1233 73
1234 95
1235 76
1236 76
1237 67
1238 63
1239 73
1240 68
1241 69
1242 73
1243 62
1244 55
1245 65
1246 74
1247 73
1248 66
1249 63
1250 61
1251 67
1252 65
1253 88
1254 71
1255 63
1256 66
1257 61
1258 64
1259 78
1260 67
1261 54
1262 56
1263 54
1264 65
1265 59
1266 62
1267 56
1268 70
1269 70
1270 57
1271 59
1272 54
1273 57
1274 68
1275 55
1276 52
1277 59
1278 63
1279 59
1280 50
1281 66
1282 61
1283 68
1284 50
1285 55
1286 70
1287 56
1288 52
1289 54
1290 53
1291 61
1292 49
1293 59
1294 51
1295 52
1296 55
1297 48
1298 54
1299 55
1300 57
1301 59
1302 49
1303 53
1304 48
1305 45
1306 56
1307 58
1308 49
1309 49
1310 50
1311 54
1312 50
1313 60
1314 52
1315 48
1316 45
1317 54
1318 44
1319 55
1320 53
1321 60
1322 48
1323 60
1324 48
1325 54
1326 57
1327 45
1328 42
1329 40
1330 50
1331 49
1332 43
1333 54
1334 44
1335 49
1336 39
1337 34
1338 39
1339 59
1340 49
1341 41
1342 58
1343 37
1344 49
1345 43
1346 36
1347 40
1348 39
1349 36
1350 33
1351 28
1352 53
1353 43
1354 46
1355 47
1356 38
1357 32
1358 30
1359 47
1360 35
1361 37
1362 35
1363 41
1364 25
1365 35
1366 27
1367 31
1368 34
1369 33
1370 39
1371 36
1372 45
1373 56
1374 39
1375 43
1376 34
1377 42
1378 47
1379 50
1380 33
1381 37
1382 46
1383 32
1384 42
1385 25
1386 39
1387 31
1388 37
1389 39
1390 32
1391 31
1392 37
1393 19
1394 37
1395 40
1396 35
1397 32
1398 20
1399 30
1400 31
1401 30
1402 44
1403 45
1404 18
1405 35
1406 32
1407 32
1408 27
1409 34
1410 25
1411 29
1412 40
1413 31
1414 31
1415 21
1416 24
1417 33
1418 39
1419 33
1420 33
1421 33
1422 37
1423 25
1424 30
1425 30
1426 25
1427 30
1428 30
1429 27
1430 26
1431 40
1432 25
1433 38
1434 26
1435 24
1436 22
1437 22
1438 30
1439 24
1440 25
1441 23
1442 29
1443 17
1444 23
1445 16
1446 24
1447 24
1448 26
1449 22
1450 26
1451 34
1452 26
1453 20
1454 17
1455 23
1456 29
1457 28
1458 19
1459 26
1460 31
1461 19
1462 23
1463 26
1464 22
1465 24
1466 25
1467 25
1468 23
1469 18
1470 21
1471 23
1472 27
1473 21
1474 27
1475 28
1476 20
1477 28
1478 20
1479 25
1480 31
1481 20
1482 22
1483 14
1484 20
1485 25
1486 17
1487 20
1488 20
1489 17
1490 23
1491 25
1492 15
1493 25
1494 21
1495 15
1496 17
1497 26
1498 22
1499 10
1500 19
1501 16
1502 22
1503 17
1504 23
1505 25
1506 14
1507 7
1508 14
1509 14
1510 25
1511 31
1512 12
1513 19
1514 21
1515 20
1516 17
1517 18
1518 20
1519 30
1520 19
1521 22
1522 9
1523 23
1524 20
1525 14
1526 14
1527 17
1528 13
1529 10
1530 12
1531 17
1532 12
1533 29
1534 14
1535 19
1536 20
1537 18
1538 9
1539 14
1540 12
1541 15
1542 21
1543 14
1544 17
1545 11
1546 14
1547 17
1548 10
1549 14
1550 16
1551 16
1552 17
1553 9
1554 10
1555 11
1556 13
1557 21
1558 15
1559 16
1560 14
1561 13
1562 14
1563 14
1564 12
1565 17
1566 10
1567 14
1568 12
1569 11
1570 17
1571 6
1572 11
1573 6
1574 13
1575 13
1576 16
1577 14
1578 10
1579 11
1580 13
1581 10
1582 13
1583 11
1584 11
1585 14
1586 11
1587 9
1588 19
1589 18
1590 8
1591 8
1592 9
1593 7
1594 10
1595 7
1596 10
1597 13
1598 9
1599 14
1600 10
1601 12
1602 8
1603 10
1604 16
1605 7
1606 3
1607 3
1608 14
1609 12
1610 17
1611 11
1612 7
1613 13
1614 12
1615 15
1616 8
1617 10
1618 4
1619 8
1620 12
1621 5
1622 7
1623 11
1624 6
1625 11
1626 8
1627 8
1628 14
1629 5
1630 14
1631 11
1632 10
1633 7
1634 3
1635 8
1636 9
1637 7
1638 6
1639 11
1640 14
1641 6
1642 8
1643 11
1644 9
1645 8
1646 10
1647 9
1648 14
1649 6
1650 5
1651 8
1652 7
1653 3
1654 11
1655 10
1656 12
1657 13
1658 12
1659 12
1660 7
1661 7
1662 7
1663 6
1664 7
1665 6
1666 3
1667 5
1668 3
1669 4
1670 5
1671 6
1672 7
1673 5
1674 8
1675 8
1676 6
1677 5
1678 4
1679 9
1680 3
1681 6
1682 9
1683 5
1684 1
1685 10
1686 3
1687 6
1688 8
1689 7
1690 9
1691 7
1692 8
1693 3
1694 5
1695 6
1696 3
1697 3
1698 5
1699 6
1700 6
1701 6
1702 6
1703 4
1704 6
1705 5
1706 8
1707 7
1708 3
1709 4
1710 3
1711 5
1712 5
1713 6
1714 5
1715 3
1716 3
1717 8
1718 3
1719 7
1720 4
1721 6
1722 3
1723 7
1724 3
1725 8
1726 2
1727 3
1728 8
1729 4
1730 8
1731 5
1732 5
1733 5
1734 6
1735 3
1736 3
1737 0
1738 6
1739 5
1740 4
1741 4
1742 4
1743 8
1744 2
1745 2
1746 5
1747 2
1748 1
1749 1
1750 7
1751 2
1752 6
1753 4
1754 2
1755 6
1756 2
1757 7
1758 3
1759 6
1760 2
1761 2
1762 5
1763 5
1764 8
1765 3
1766 3
1767 0
1768 3
1769 1
1770 3
1771 4
1772 5
1773 6
1774 3
1775 6
1776 4
1777 5
1778 2
1779 4
1780 6
1781 4
1782 4
1783 2
1784 3
1785 3
1786 1
1787 4
1788 5
1789 6
1790 2
1791 3
1792 2
1793 3
1794 2
1795 2
1796 3
1797 4
1798 3
1799 2
1800 1
1801 2
1802 1
1803 3
1804 4
1805 1
1806 5
1807 2
1808 3
1809 3
1810 3
1811 6
1812 4
1813 2
1814 2
1815 4
1816 2
1817 5
1818 0
1819 4
1820 1
1821 4
1822 2
1823 2
1824 0
1825 0
1826 4
1827 2
1828 6
1829 3
1830 4
1831 4
1832 2
1833 1
1834 2
1835 2
1836 2
1837 3
1838 2
1839 2
1840 1
1841 1
1842 5
1843 6
1844 5
1845 0
1846 3
1847 1
1848 4
1849 0
1850 3
1851 1
1852 0
1853 2
1854 2
1855 1
1856 1
1857 1
1858 1
1859 0
1860 2
1861 2
1862 2
1863 2
1864 3
1865 1
1866 0
1867 0
1868 3
1869 0
1870 4
1871 2
1872 2
1873 0
1874 3
1875 2
1876 2
1877 1
1878 5
1879 0
1880 1
1881 2
1882 0
1883 3
1884 3
1885 0
1886 1
1887 2
1888 2
1889 4
1890 1
1891 2
1892 0
1893 4
1894 2
1895 1
1896 3
1897 1
1898 1
1899 1
1900 2
1901 4
1902 1
1903 1
1904 4
1905 3
1906 4
1907 2
1908 0
1909 2
1910 0
1911 0
1912 4
1913 0
1914 1
1915 3
1916 2
1917 2
1918 2
1919 5
1920 2
1921 0
1922 0
1923 1
1924 0
1925 3
1926 3
1927 2
1928 3
1929 3
1930 4
1931 2
1932 2
1933 2
1934 2
1935 1
1936 2
1937 2
1938 1
1939 0
1940 1
1941 2
1942 1
1943 1
1944 2
1945 1
1946 0
1947 0
1948 0
1949 2
1950 0
1951 0
1952 0
1953 4
1954 0
1955 1
1956 1
1957 0
1958 1
1959 0
1960 0
1961 1
1962 2
1963 2
1964 0
1965 0
1966 2
1967 0
1968 2
1969 0
1970 1
1971 1
1972 1
1973 1
1974 1
1975 0
1976 1
1977 0
1978 2
1979 1
1980 2
1981 1
1982 1
1983 0
1984 4
1985 1
1986 0
1987 1
1988 1
1989 0
1990 1
1991 1
1992 0
1993 2
1994 1
1995 2
1996 3
1997 0
1998 0
1999 0
2000 1
2001 0
2002 1
2003 1
2004 2
2005 0
2006 1
2007 1
2008 1
2009 1
2010 0
2011 1
2012 0
2013 0
2014 2
2015 0
2016 1
2017 2
2018 0
2019 0
2020 1
2021 0
2022 0
2023 0
2024 1
2025 0
2026 2
2027 0
2028 0
2029 0
2030 1
2031 0
2032 1
2033 2
2034 3
2035 1
2036 0
2037 0
2038 0
2039 1
2040 0
2041 1
2042 1
2043 1
2044 0
2045 0
2046 0
2047 3
2048 3
2049 0
2050 3
2051 0
2052 0
2053 3
2054 0
2055 1
2056 2
2057 0
2058 1
2059 0
2060 0
2061 1
2062 1
2063 0
2064 0
2065 1
2066 0
2067 0
2068 2
2069 1
2070 1
2071 1
2072 0
2073 0
2074 0
2075 0
2076 1
2077 0
2078 0
2079 1
2080 0
2081 0
2082 1
2083 2
2084 0
2085 1
2086 0
2087 1
2088 0
2089 1
2090 0
2091 0
2092 0
2093 1
2094 1
2095 0
2096 0
2097 1
2098 0
2099 2
2100 0
2101 0
2102 0
2103 0
2104 0
2105 0
2106 0
2107 1
2108 0
2109 2
2110 0
2111 0
2112 0
2113 2
2114 0
2115 0
2116 1
2117 2
2118 1
2119 1
2120 3
2121 1
2122 1
2123 0
2124 1
2125 0
2126 0
2127 1
2128 0
2129 2
2130 1
2131 0
2132 0
2133 0
2134 0
2135 1
2136 0
2137 1
2138 0
2139 1
2140 0
2141 0
2142 0
2143 0
2144 0
2145 1
2146 0
2147 1
2148 0
2149 0
2150 1
2151 0
2152 1
2153 0
2154 0
2155 0
2156 0
2157 0
2158 0
2159 0
2160 0
2161 3
2162 0
2163 1
2164 0
2165 0
2166 1
2167 0
2168 0
2169 1
2170 0
2171 1
2172 0
2173 0
2174 1
2175 0
2176 0
2177 1
2178 0
2179 2
2180 0
2181 0
2182 0
2183 0
2184 0
2185 0
2186 0
2187 3
2188 0
2189 0
2190 0
2191 0
2192 0
2193 0
2194 0
2195 0
2196 1
2197 0
2198 0
2199 0
2200 0
2201 0
2202 0
2203 0
2204 0
2205 0
2206 1
2207 1
2208 1
2209 0
2210 0
2211 0
2212 1
2213 0
2214 0
2215 0
2216 0
2217 0
2218 0
2219 0
2220 0
2221 0
2222 0
2223 0
2224 1
2225 0
2226 0
2227 1
2228 0
2229 1
2230 1
2231 0
2232 0
2233 0
2234 1
2235 0
2236 0
2237 0
2238 1
2239 0
2240 0
2241 0
2242 0
2243 0
2244 0
2245 1
2246 0
2247 2
2248 2
2249 0
2250 1
2251 0
2252 0
2253 0
2254 0
2255 0
2256 0
2257 0
2258 0
2259 0
2260 0
2261 0
2262 0
2263 0
2264 1
2265 0
2266 0
2267 0
2268 0
2269 0
2270 0
2271 0
2272 0
2273 0
2274 1
2275 0
2276 0
2277 0
2278 1
2279 0
2280 0
2281 0
2282 0
2283 0
2284 0
2285 1
2286 0
2287 1
2288 1
2289 2
2290 0
2291 0
2292 0
2293 0
2294 0
2295 0
2296 0
2297 0
2298 0
2299 0
2300 0
2301 0
2302 0
2303 0
2304 1
2305 0
2306 1
2307 0
2308 0
2309 0
2310 0
2311 0
2312 0
2313 0
2314 0
2315 0
2316 0
2317 0
2318 0
2319 0
2320 0
2321 0
2322 0
2323 0
2324 0
2325 0
2326 0
2327 0
2328 0
2329 0
2330 0
2331 0
2332 0
2333 0
2334 1
2335 0
2336 0
2337 0
2338 0
2339 0
2340 0
2341 0
2342 0
2343 0
2344 0
2345 0
2346 0
2347 0
2348 0
2349 0
2350 0
2351 0
2352 0
2353 0
2354 0
2355 0
2356 1
2357 0
2358 0
2359 0
2360 0
2361 0
2362 0
2363 0
2364 0
2365 0
2366 0
2367 0
2368 0
2369 0
2370 0
2371 0
2372 0
2373 0
2374 0
2375 0
2376 0
2377 0
2378 0
2379 0
2380 0
2381 1
2382 0
2383 0
2384 0
2385 0
2386 0
2387 0
2388 0
2389 0
2390 0
2391 0
2392 0
2393 0
2394 0
2395 1
2396 0
2397 0
2398 0
2399 4
2400 0
2401 0
2402 0
2403 0
2404 0
2405 0
2406 0
2407 0
2408 0
2409 0
2410 0
2411 0
2412 0
2413 0
2414 0
2415 0
2416 0
2417 0
2418 0
2419 0
2420 0
2421 0
2422 0
2423 0
2424 1
2425 0
2426 0
2427 0
2428 0
2429 0
2430 1
2431 0
2432 0
2433 0
2434 0
2435 0
2436 0
2437 0
2438 0
2439 0
2440 0
2441 1
2442 0
2443 0
2444 0
2445 1
2446 0
2447 0
2448 0
2449 1
2450 0
2451 0
2452 0
2453 0
2454 0
2455 0
2456 0
2457 0
2458 0
2459 0
2460 0
2461 0
2462 0
2463 0
2464 1
2465 0
2466 1
2467 0
2468 0
2469 0
2470 0
2471 0
2472 0
2473 0
2474 0
2475 0
2476 0
2477 0
2478 0
2479 0
2480 0
2481 0
2482 0
2483 0
2484 0
2485 0
2486 0
2487 0
2488 0
2489 0
2490 0
2491 0
2492 0
2493 0
2494 0
2495 0
2496 0
2497 0
2498 0
2499 1
2500 0
2501 0
2502 0
2503 0
2504 0
2505 0
2506 0
2507 0
2508 0
2509 0
2510 0
2511 0
2512 0
2513 0
2514 0
2515 0
2516 1
2517 0
2518 0
2519 0
2520 0
2521 0
2522 0
2523 0
2524 0
2525 0
2526 0
2527 0
2528 0
2529 0
2530 0
2531 0
2532 0
2533 0
2534 0
2535 0
2536 0
2537 0
2538 0
2539 0
2540 0
2541 0
2542 0
2543 0
2544 0
2545 0
2546 0
2547 0
2548 0
2549 0
2550 0
2551 0
2552 0
2553 0
2554 0
2555 0
2556 0
2557 0
2558 0
2559 0
2560 0
2561 0
2562 0
2563 0
2564 0
2565 0
2566 0
2567 0
2568 0
2569 0
2570 0
2571 0
2572 0
2573 0
2574 0
2575 0
2576 0
2577 0
2578 0
2579 0
2580 0
2581 0
2582 0
2583 0
2584 0
2585 0
2586 0
2587 0
2588 0
2589 0
2590 0
2591 0
2592 0
2593 0
2594 0
2595 0
2596 0
2597 0
2598 0
2599 0
2600 0
2601 1
2602 0
2603 0
2604 0
2605 0
2606 0
2607 0
2608 0
2609 0
2610 0
2611 0
2612 0
2613 0
2614 0
2615 0
2616 0
2617 0
2618 0
2619 0
2620 0
2621 0
2622 0
2623 0
2624 0
2625 0
2626 0
2627 0
2628 1
2629 0
2630 0
2631 0
2632 0
2633 0
2634 0
2635 0
2636 0
2637 0
2638 0
2639 0
2640 0
2641 0
2642 0
2643 0
2644 0
2645 0
2646 0
2647 0
2648 0
2649 0
2650 0
2651 0
2652 0
2653 0
2654 0
2655 0
2656 0
2657 0
2658 0
2659 0
2660 0
2661 0
2662 0
2663 0
2664 0
2665 0
2666 1
2667 0
2668 0
2669 0
2670 0
2671 0
2672 0
2673 0
2674 0
2675 0
2676 0
2677 0
2678 0
2679 0
2680 0
2681 0
2682 0
2683 0
2684 0
2685 0
2686 0
2687 0
2688 0
2689 0
2690 0
2691 0
2692 0
2693 0
2694 0
2695 0
2696 0
2697 0
2698 0
2699 0
2700 0
2701 0
2702 0
2703 0
2704 0
2705 0
2706 0
2707 0
2708 1
2709 0
2710 0
2711 0
2712 0
2713 0
2714 0
2715 0
2716 0
2717 0
2718 0
2719 0
2720 0
2721 0
2722 0
2723 0
2724 0
2725 0
2726 0
2727 0
2728 0
2729 0
2730 0
2731 0
2732 0
2733 0
2734 0
2735 0
2736 0
2737 0
2738 0
2739 0
2740 1
2741 0
2742 0
2743 0
2744 0
2745 0
2746 0
2747 0
2748 0
2749 0
2750 0
2751 0
2752 0
2753 0
2754 0
2755 0
2756 0
2757 0
2758 0
2759 0
2760 0
2761 0
2762 0
2763 0
2764 0
2765 0
2766 0
2767 0
2768 0
2769 0
2770 0
2771 0
2772 0
2773 0
2774 0
2775 0
2776 0
2777 0
2778 0
2779 0
2780 0
2781 0
2782 0
2783 0
2784 0
2785 0
2786 0
2787 0
2788 0
2789 0
2790 0
2791 0
2792 0
2793 0
2794 0
2795 0
2796 0
2797 0
2798 0
2799 0
2800 0
2801 0
2802 0
2803 0
2804 0
2805 0
2806 1
2807 0
2808 0
2809 0
2810 0
2811 0
2812 0
2813 0
2814 0
2815 0
2816 0
2817 0
2818 0
2819 0
2820 0
2821 0
2822 0
2823 0
2824 0
2825 0
2826 0
2827 0
2828 0
2829 0
2830 0
2831 0
2832 1
2833 0
2834 0
2835 0
2836 0
2837 0
2838 0
2839 0
2840 0
2841 0
2842 0
2843 0
2844 0
2845 1
2846 0
2847 0
2848 0
2849 0
2850 0
2851 0
2852 0
2853 0
2854 0
2855 0
2856 0
2857 0
2858 0
2859 0
2860 0
2861 0
2862 0
2863 0
2864 0
2865 0
2866 0
2867 0
2868 0
2869 0
2870 0
2871 0
2872 0
2873 0
2874 0
2875 0
2876 0
2877 0
2878 0
2879 0
2880 0
2881 0
2882 0
2883 0
2884 0
2885 0
2886 0
2887 0
2888 0
2889 0
2890 0
2891 0
2892 0
2893 0
2894 0
2895 0
2896 0
2897 0
2898 0
2899 0
2900 0
2901 0
2902 0
2903 0
2904 0
2905 0
2906 0
2907 0
2908 0
2909 0
2910 0
2911 1
2912 0
2913 0
2914 0
2915 0
2916 0
2917 0
2918 0
2919 0
2920 0
2921 0
2922 0
2923 1
2924 0
2925 0
2926 0
2927 0
2928 0
2929 0
2930 0
2931 0
2932 0
2933 0
2934 0
2935 0
2936 0
2937 0
2938 0
2939 0
2940 0
2941 0
2942 0
2943 0
2944 0
2945 0
2946 0
2947 0
2948 0
2949 0
2950 0
2951 0
2952 0
2953 0
2954 0
2955 0
2956 0
2957 0
2958 0
2959 0
2960 0
2961 0
2962 0
2963 0
2964 0
2965 0
2966 0
2967 0
2968 0
2969 0
2970 0
2971 0
2972 0
2973 0
2974 0
2975 0
2976 0
2977 0
2978 0
2979 0
2980 0
2981 0
2982 0
2983 0
2984 0
2985 0
2986 0
2987 0
2988 0
2989 0
2990 0
2991 0
2992 0
2993 0
2994 0
2995 0
2996 0
2997 0
2998 0
2999 0
3000 0
3001 0
3002 0
3003 0
3004 0
3005 0
3006 0
3007 0
3008 0
3009 0
3010 0
3011 0
3012 0
3013 0
3014 0
3015 0
3016 0
3017 0
3018 0
3019 0
3020 0
3021 0
3022 0
3023 0
3024 0
3025 0
3026 1
3027 1
3028 0
3029 0
3030 0
3031 0
3032 0
3033 0
3034 0
3035 0
3036 0
3037 0
3038 0
3039 0
3040 0
3041 0
3042 0
3043 0
3044 0
3045 0
3046 0
3047 0
3048 0
3049 0
3050 0
3051 0
3052 0
3053 0
3054 0
3055 0
3056 0
3057 0
3058 0
3059 1
3060 0
3061 0
3062 0
3063 0
3064 0
3065 0
3066 0
3067 0
3068 0
3069 0
3070 0
3071 0
3072 0
3073 0
3074 0
3075 0
3076 0
3077 0
3078 0
3079 0
3080 0
3081 0
3082 0
3083 0
3084 0
3085 0
3086 0
3087 0
3088 0
3089 0
3090 0
3091 0
3092 0
3093 0
3094 1
3095 0
3096 0
3097 0
3098 0
3099 0
3100 0
3101 0
3102 0
3103 0
3104 0
3105 0
3106 0
3107 0
3108 0
3109 0
3110 0
3111 0
3112 0
3113 0
3114 0
3115 0
3116 0
3117 0
3118 0
3119 0
3120 0
3121 0
3122 0
3123 0
3124 0
3125 0
3126 0
3127 0
3128 0
3129 0
3130 0
3131 0
3132 0
3133 0
3134 0
3135 0
3136 0
3137 0
3138 0
3139 0
3140 0
3141 0
3142 0
3143 0
3144 0
3145 0
3146 0
3147 0
3148 0
3149 0
3150 0
3151 0
3152 0
3153 0
3154 0
3155 0
3156 0
3157 0
3158 0
3159 0
3160 0
3161 0
3162 0
3163 0
3164 0
3165 0
3166 0
3167 0
3168 1
3169 0
3170 0
3171 0
3172 0
3173 0
3174 0
3175 0
3176 0
3177 0
3178 0
3179 0
3180 0
3181 0
3182 0
3183 0
3184 0
3185 0
3186 0
3187 0
3188 0
3189 0
3190 0
3191 0
3192 0
3193 0
3194 0
3195 0
3196 0
3197 0
3198 0
3199 1
3200 0
3201 0
3202 0
3203 0
3204 0
3205 0
3206 0
3207 0
3208 0
3209 0
3210 0
3211 0
3212 0
3213 0
3214 0
3215 0
3216 0
3217 0
3218 0
3219 0
3220 0
3221 0
3222 0
3223 0
3224 0
3225 0
3226 0
3227 0
3228 0
3229 0
3230 0
3231 0
3232 0
3233 0
3234 0
3235 0
3236 0
3237 0
3238 0
3239 0
3240 0
3241 0
3242 0
3243 0
3244 0
3245 0
3246 0
3247 0
3248 0
3249 0
3250 0
3251 0
3252 0
3253 0
3254 0
3255 0
3256 0
3257 0
3258 0
3259 0
3260 0
3261 0
3262 0
3263 0
3264 0
3265 0
3266 0
3267 0
3268 0
3269 0
3270 0
3271 0
3272 0
3273 0
3274 0
3275 0
3276 0
3277 0
3278 0
3279 0
3280 0
3281 0
3282 0
3283 0
3284 0
3285 0
3286 0
3287 0
3288 0
3289 1
3290 0
3291 0
3292 0
3293 0
3294 0
3295 1
3296 0
3297 0
3298 0
3299 0
3300 0
3301 0
3302 0
3303 0
3304 1
3305 0
3306 0
3307 0
3308 0
3309 0
3310 0
3311 1
3312 0
3313 0
3314 0
3315 0
3316 0
3317 0
3318 0
3319 0
3320 0
3321 0
3322 0
3323 0
3324 0
3325 0
3326 0
3327 0
3328 0
3329 0
3330 0
3331 0
3332 0
3333 0
3334 0
3335 1
3336 0
3337 0
3338 0
3339 0
3340 0
3341 0
3342 0
3343 0
3344 0
3345 0
3346 0
3347 0
3348 0
3349 0
3350 0
3351 0
3352 0
3353 1
3354 0
3355 0
3356 0
3357 0
3358 0
3359 0
3360 0
3361 0
3362 0
3363 0
3364 0
3365 0
3366 0
3367 0
3368 0
3369 0
3370 0
3371 0
3372 0
3373 0
3374 0
3375 0
3376 0
3377 0
3378 0
3379 0
3380 0
3381 0
3382 0
3383 0
3384 0
3385 0
3386 0
3387 1
3388 0
3389 0
3390 0
3391 0
3392 0
3393 0
3394 0
3395 0
3396 0
3397 0
3398 0
3399 0
3400 0
3401 0
3402 0
3403 0
3404 0
3405 0
3406 0
3407 0
3408 0
3409 0
3410 0
3411 0
3412 0
3413 0
3414 1
3415 0
3416 0
3417 0
3418 0
3419 0
3420 0
3421 0
3422 0
3423 0
3424 0
3425 0
3426 0
3427 0
3428 0
3429 0
3430 0
3431 0
3432 0
3433 0
3434 0
3435 0
3436 0
3437 0
3438 0
3439 0
3440 0
3441 0
3442 0
3443 0
3444 0
3445 0
3446 0
3447 0
3448 0
3449 0
3450 0
3451 0
3452 0
3453 0
3454 0
3455 0
3456 0
3457 0
3458 0
3459 0
3460 0
3461 0
3462 0
3463 0
3464 0
3465 0
3466 0
3467 0
3468 0
3469 0
3470 0
3471 0
3472 0
3473 0
3474 0
3475 0
3476 0
3477 0
3478 0
3479 0
3480 0
3481 0
3482 0
3483 0
3484 0
3485 0
3486 0
3487 0
3488 1
3489 1
3490 0
3491 0
3492 0
3493 0
3494 0
3495 0
3496 0
3497 0
3498 0
3499 0
3500 0
3501 0
3502 0
3503 0
3504 0
3505 0
3506 0
3507 0
3508 0
3509 0
3510 0
3511 0
3512 0
3513 0
3514 0
3515 0
3516 0
3517 0
3518 0
3519 0
3520 0
3521 0
3522 0
3523 0
3524 1
3525 0
3526 1
3527 0
3528 0
3529 0
3530 0
3531 1
3532 0
3533 0
3534 0
3535 0
3536 0
3537 0
3538 0
3539 0
3540 0
3541 0
3542 0
3543 0
3544 0
3545 0
3546 0
3547 0
3548 0
3549 0
3550 0
3551 0
3552 0
3553 0
3554 0
3555 0
3556 0
3557 0
3558 0
3559 0
3560 0
3561 0
3562 0
3563 0
3564 0
3565 0
3566 0
3567 0
3568 0
3569 0
3570 0
3571 0
3572 0
3573 0
3574 0
3575 0
3576 0
3577 0
3578 0
3579 0
3580 0
3581 0
3582 0
3583 0
3584 1
3585 0
3586 0
3587 0
3588 0
3589 0
3590 0
3591 0
3592 0
3593 0
3594 0
3595 0
3596 0
3597 0
3598 0
3599 0
3600 0
3601 0
3602 0
3603 0
3604 0
3605 0
3606 0
3607 0
3608 0
3609 0
3610 0
3611 0
3612 0
3613 0
3614 0
3615 0
3616 0
3617 0
3618 0
3619 0
3620 0
3621 0
3622 0
3623 0
3624 0
3625 0
3626 0
3627 0
3628 0
3629 0
3630 0
3631 0
3632 0
3633 0
3634 0
3635 0
3636 0
3637 0
3638 0
3639 0
3640 0
3641 0
3642 0
3643 0
3644 0
3645 0
3646 0
3647 0
3648 0
3649 0
3650 0
3651 0
3652 0
3653 0
3654 0
3655 0
3656 0
3657 0
3658 0
3659 0
3660 0
3661 0
3662 0
3663 0
3664 0
3665 0
3666 0
3667 0
3668 1
3669 0
3670 0
3671 0
3672 0
3673 0
3674 0
3675 0
3676 0
3677 0
3678 0
3679 0
3680 0
3681 0
3682 0
3683 0
3684 0
3685 0
3686 0
3687 0
3688 0
3689 0
3690 0
3691 0
3692 0
3693 1
3694 0
3695 1
3696 0
3697 0
3698 0
3699 0
3700 0
3701 0
3702 0
3703 0
3704 0
3705 0
3706 0
3707 0
3708 0
3709 0
3710 0
3711 0
3712 0
3713 0
3714 0
3715 0
3716 0
3717 0
3718 0
3719 0
3720 0
3721 0
3722 0
3723 0
3724 0
3725 0
3726 0
3727 0
3728 0
3729 0
3730 0
3731 0
3732 0
3733 0
3734 0
3735 0
3736 0
3737 0
3738 0
3739 0
3740 0
3741 0
3742 0
3743 0
3744 0
3745 0
3746 0
3747 0
3748 0
3749 0
3750 0
3751 0
3752 0
3753 0
3754 0
3755 0
3756 0
3757 0
3758 0
3759 0
3760 0
3761 0
3762 0
3763 0
3764 0
3765 0
3766 0
3767 0
3768 0
3769 0
3770 1
3771 0
3772 0
3773 0
3774 0
3775 0
3776 0
3777 0
3778 0
3779 1
3780 0
3781 0
3782 0
3783 0
3784 0
3785 0
3786 0
3787 0
3788 0
3789 0
3790 0
3791 0
3792 0
3793 0
3794 0
3795 0
3796 0
3797 0
3798 0
3799 0
3800 0
3801 0
3802 0
3803 0
3804 0
3805 0
3806 0
3807 0
3808 0
3809 0
3810 0
3811 0
3812 0
3813 0
3814 0
3815 0
3816 0
3817 0
3818 0
3819 0
3820 0
3821 0
3822 0
3823 0
3824 0
3825 0
3826 0
3827 0
3828 0
3829 0
3830 0
3831 0
3832 0
3833 0
3834 0
3835 0
3836 0
3837 0
3838 0
3839 0
3840 0
3841 0
3842 0
3843 0
3844 0
3845 0
3846 0
3847 0
3848 0
3849 0
3850 0
3851 0
3852 0
3853 0
3854 1
3855 0
3856 0
3857 0
3858 0
3859 0
3860 0
3861 0
3862 0
3863 0
3864 0
3865 0
3866 0
3867 0
3868 0
3869 0
3870 0
3871 0
3872 0
3873 0
3874 0
3875 0
3876 0
3877 0
3878 0
3879 0
3880 0
3881 0
3882 0
3883 0
3884 0
3885 0
3886 0
3887 0
3888 0
3889 0
3890 0
3891 0
3892 0
3893 0
3894 0
3895 0
3896 0
3897 0
3898 0
3899 0
3900 0
3901 0
3902 0
3903 0
3904 0
3905 0
3906 0
3907 0
3908 0
3909 0
3910 0
3911 0
3912 0
3913 0
3914 0
3915 0
3916 0
3917 0
3918 0
3919 0
3920 0
3921 0
3922 0
3923 0
3924 0
3925 0
3926 0
3927 0
3928 0
3929 0
3930 0
3931 0
3932 0
3933 0
3934 0
3935 0
3936 0
3937 0
3938 0
3939 0
3940 0
3941 0
3942 0
3943 0
3944 0
3945 0
3946 0
3947 0
3948 0
3949 0
3950 0
3951 0
3952 0
3953 0
3954 0
3955 0
3956 0
3957 0
3958 0
3959 0
3960 0
3961 0
3962 0
3963 0
3964 0
3965 0
3966 0
3967 0
3968 0
3969 0
3970 0
3971 0
3972 0
3973 0
3974 0
3975 0
3976 0
3977 0
3978 0
3979 0
3980 0
3981 0
3982 0
3983 0
3984 0
3985 0
3986 0
3987 0
3988 0
3989 0
3990 0
3991 1
3992 0
3993 1
3994 0
3995 0
3996 0
3997 0
3998 0
3999 0
4000 0
