0 0
1 0
2 0
3 0
4 0
5 0
6 0
7 0
8 0
9 0
10 0
11 0
12 0
13 0
14 0
15 0
16 0
17 0
18 0
19 0
20 0
21 0
22 0
23 0
24 0
25 0
26 0
27 0
28 0
29 0
30 0
31 0
32 0
33 0
34 0
35 0
36 0
37 0
38 0
39 0
40 0
41 0
42 0
43 0
44 0
45 0
46 0
47 0
48 0
49 0
50 0
51 0
52 0
53 0
54 0
55 0
56 0
57 0
58 0
59 0
60 0
61 0
62 0
63 0
64 0
65 0
66 0
67 0
68 0
69 0
70 0
71 0
72 0
73 0
74 0
75 0
76 0
77 0
78 0
79 0
80 0
81 0
82 0
83 0
84 0
85 0
86 0
87 0
88 0
89 0
90 0
91 0
92 0
93 0
94 0
95 0
96 0
97 0
98 0
99 0
100 0
101 0
102 0
103 0
104 0
105 0
106 0
107 0
108 0
109 0
110 0
111 0
112 0
113 0
114 0
115 0
116 0
117 0
118 0
119 0
120 0
121 0
122 0
123 0
124 0
125 0
126 0
127 0
128 0
129 0
130 0
131 0
132 0
133 0
134 0
135 0
136 0
137 0
138 0
139 0
140 0
141 0
142 0
143 0
144 0
145 0
146 0
147 0
148 0
149 1
150 0
151 0
152 2
153 1
154 5
155 2
156 5
157 4
158 7
159 6
160 7
161 6
162 5
163 4
164 6
165 9
166 5
167 1
168 10
169 5
170 3
171 2
172 2
173 3
174 8
175 13
176 17
177 30
178 56
179 86
180 111
181 100
182 131
183 159
184 206
185 277
186 508
187 870
188 1408
189 1951
190 2505
191 2897
192 2888
193 3031
194 2902
195 2707
196 2567
197 2284
198 2157
199 2035
200 1930
201 1697
202 1616
203 1489
204 1381
205 1318
206 1231
207 1240
208 1165
209 1172
210 1175
211 1157
212 1163
213 1201
214 1155
215 1148
216 1180
217 1133
218 1130
219 1203
220 1245
221 1257
222 1274
223 1269
224 1293
225 1297
226 1325
227 1397
228 1293
229 1392
230 1333
231 1363
232 1364
233 1445
234 1428
235 1427
236 1542
237 1457
238 1589
239 1500
240 1534
241 1574
242 1561
243 1569
244 1547
245 1654
246 1653
247 1678
248 1682
249 1662
250 1707
251 1759
252 1766
253 1752
254 1742
255 1788
256 1809
257 1783
258 1772
259 1803
260 1809
261 1772
262 1829
263 1835
264 1887
265 1913
266 1845
267 1867
268 1874
269 1960
270 1861
271 1915
272 1940
273 1962
274 1922
275 1944
276 1929
277 1901
278 1946
279 1987
280 1984
281 1978
282 1977
283 2003
284 2050
285 2009
286 1998
287 1972
288 1901
289 2070
290 1951
291 2012
292 2035
293 2040
294 2051
295 2047
296 1980
297 2046
298 2042
299 2073
300 2092
301 1973
302 2021
303 1959
304 2031
305 2031
306 1977
307 2022
308 2065
309 2059
310 2011
311 2005
312 2032
313 1977
314 1979
315 1890
316 2020
317 1982
318 1930
319 1931
320 1965
321 1946
322 2069
323 1908
324 1942
325 1867
326 1878
327 1936
328 2002
329 1873
330 1876
331 1814
332 1771
333 1893
334 1867
335 1812
336 1834
337 1823
338 1834
339 1884
340 1828
341 1795
342 1798
343 1664
344 1728
345 1777
346 1783
347 1737
348 1794
349 1769
350 1706
351 1657
352 1682
353 1637
354 1677
355 1659
356 1706
357 1722
358 1646
359 1612
360 1545
361 1567
362 1541
363 1545
364 1515
365 1506
366 1611
367 1457
368 1553
369 1484
370 1444
371 1496
372 1468
373 1440
374 1471
375 1409
376 1466
377 1328
378 1354
379 1377
380 1358
381 1369
382 1377
383 1309
384 1326
385 1297
386 1319
387 1324
388 1319
389 1291
390 1250
391 1222
392 1263
393 1153
394 1192
395 1185
396 1167
397 1121
398 1160
399 1107
400 1137
401 1130
402 1104
403 1065
404 1118
405 1074
406 1054
407 1022
408 996
409 1008
410 1027
411 1036
412 1016
413 1015
414 1016
415 984
416 976
417 951
418 973
419 926
420 884
421 911
422 892
423 906
424 917
425 894
426 898
427 835
428 828
429 863
430 792
431 814
432 777
433 812
434 772
435 810
436 758
437 804
438 794
439 743
440 736
441 720
442 715
443 723
444 729
445 787
446 674
447 698
448 679
449 703
450 663
451 633
452 657
453 626
454 593
455 622
456 688
457 647
458 613
459 633
460 553
461 553
462 623
463 566
464 604
465 583
466 554
467 554
468 539
469 552
470 558
471 536
472 550
473 490
474 528
475 541
476 538
477 529
478 539
479 523
480 520
481 503
482 517
483 498
484 491
485 492
486 486
487 541
488 458
489 452
490 428
491 468
492 430
493 452
494 438
495 431
496 482
497 430
498 411
499 383
500 434
501 387
502 423
503 412
504 402
505 469
506 427
507 410
508 415
509 421
510 357
511 428
512 390
513 410
514 369
515 408
516 399
517 391
518 389
519 381
520 344
521 345
522 391
523 321
524 347
525 337
526 369
527 343
528 364
529 358
530 360
531 333
532 351
533 342
534 347
535 319
536 337
537 310
538 337
539 344
540 316
541 353
542 297
543 348
544 342
545 325
546 321
547 319
548 338
549 339
550 276
551 298
552 293
553 314
554 288
555 285
556 273
557 307
558 297
559 288
560 302
561 291
562 259
563 272
564 296
565 293
566 276
567 272
568 324
569 283
570 294
571 293
572 306
573 279
574 245
575 271
576 270
577 279
578 251
579 284
580 251
581 259
582 250
583 257
584 262
585 272
586 271
587 277
588 275
589 288
590 263
591 271
592 233
593 242
594 293
595 266
596 295
597 250
598 224
599 264
600 244
601 255
602 219
603 250
604 295
605 239
606 252
607 242
608 255
609 232
610 272
611 251
612 233
613 246
614 251
615 234
616 232
617 220
618 242
619 213
620 244
621 240
622 205
623 228
624 263
625 208
626 241
627 186
628 248
629 203
630 226
631 227
632 242
633 227
634 231
635 224
636 194
637 188
638 212
639 211
640 221
641 206
642 214
643 214
644 210
645 213
646 218
647 213
648 212
649 199
650 198
651 206
652 203
653 217
654 204
655 201
656 201
657 197
658 171
659 210
660 196
661 174
662 183
663 208
664 190
665 210
666 174
667 172
668 208
669 233
670 210
671 192
672 190
673 183
674 172
675 191
676 183
677 166
678 184
679 203
680 169
681 195
682 169
683 163
684 181
685 163
686 174
687 171
688 186
689 181
690 173
691 167
692 163
693 184
694 175
695 182
696 168
697 167
698 151
699 149
700 169
701 182
702 177
703 172
704 167
705 173
706 162
707 167
708 157
709 152
710 160
711 151
712 155
713 123
714 157
715 147
716 143
717 134
718 149
719 129
720 155
721 143
722 125
723 138
724 147
725 146
726 141
727 130
728 138
729 139
730 135
731 154
732 141
733 146
734 140
735 134
736 145
737 149
738 134
739 133
740 130
741 130
742 118
743 109
744 142
745 129
746 124
747 132
748 130
749 129
750 120
751 129
752 129
753 107
754 127
755 123
756 117
757 127
758 115
759 122
760 109
761 149
762 120
763 108
764 114
765 117
766 130
767 122
768 115
769 108
770 126
771 114
772 118
773 109
774 111
775 129
776 93
777 107
778 97
779 118
780 117
781 89
782 108
783 119
784 89
785 106
786 91
787 92
788 108
789 110
790 101
791 115
792 98
793 89
794 86
795 107
796 104
797 84
798 65
799 96
800 105
801 86
802 103
803 84
804 111
805 105
806 70
807 83
808 89
809 79
810 91
811 82
812 80
813 89
814 89
815 93
816 77
817 82
818 92
819 80
820 83
821 75
822 73
823 76
824 76
825 68
826 65
827 62
828 83
829 78
830 79
831 90
832 90
833 68
834 68
835 76
836 86
837 78
838 76
839 77
840 70
841 62
842 56
843 77
844 67
845 67
846 67
847 65
848 78
849 57
850 73
851 68
852 80
853 76
854 62
855 72
856 53
857 64
858 51
859 54
860 67
861 60
862 74
863 66
864 67
865 53
866 75
867 64
868 63
869 70
870 54
871 52
872 67
873 49
874 59
875 58
876 56
877 60
878 65
879 49
880 58
881 45
882 38
883 57
884 63
885 64
886 63
887 57
888 38
889 60
890 41
891 47
892 47
893 59
894 47
895 52
896 44
897 37
898 51
899 53
900 56
901 49
902 48
903 49
904 43
905 55
906 43
907 48
908 41
909 56
910 38
911 54
912 34
913 58
914 40
915 41
916 49
917 32
918 43
919 28
920 39
921 49
922 51
923 60
924 44
925 45
926 54
927 43
928 46
929 47
930 29
931 37
932 41
933 32
934 45
935 30
936 42
937 29
938 41
939 29
940 34
941 32
942 24
943 46
944 31
945 33
946 31
947 29
948 30
949 35
950 33
951 27
952 34
953 38
954 32
955 30
956 26
957 35
958 47
959 30
960 42
961 46
962 32
963 31
964 34
965 27
966 38
967 37
968 34
969 26
970 33
971 33
972 32
973 27
974 35
975 34
976 36
977 30
978 36
979 40
980 34
981 25
982 30
983 28
984 29
985 27
986 35
987 34
988 35
989 35
990 37
991 36
992 30
993 21
994 25
995 17
996 28
997 23
998 31
999 25
1000 25
1001 28
1002 28
1003 20
1004 25
1005 26
1006 31
1007 20
1008 32
1009 23
1010 33
1011 19
1012 36
1013 27
1014 24
1015 20
1016 31
1017 23
1018 23
1019 23
1020 19
1021 23
1022 31
1023 25
1024 28
1025 20
1026 18
1027 24
1028 24
1029 20
1030 31
1031 31
1032 23
1033 29
1034 23
1035 24
1036 18
1037 18
1038 20
1039 9
1040 21
1041 22
1042 25
1043 14
1044 15
1045 28
1046 18
1047 17
1048 23
1049 27
1050 18
1051 21
1052 22
1053 24
1054 27
1055 31
1056 23
1057 22
1058 20
1059 23
1060 20
1061 23
1062 17
1063 13
1064 16
1065 21
1066 12
1067 16
1068 19
1069 20
1070 20
1071 15
1072 13
1073 14
1074 21
1075 20
1076 16
1077 10
1078 16
1079 21
1080 12
1081 15
1082 13
1083 16
1084 17
1085 15
1086 15
1087 16
1088 17
1089 13
1090 19
1091 20
1092 20
1093 9
1094 13
1095 15
1096 12
1097 25
1098 16
1099 22
1100 17
1101 15
1102 12
1103 16
1104 12
1105 13
1106 19
1107 14
1108 20
1109 9
1110 11
1111 19
1112 18
1113 14
1114 16
1115 14
1116 19
1117 17
1118 7
1119 13
1120 8
1121 19
1122 21
1123 16
1124 18
1125 15
1126 15
1127 20
1128 20
1129 15
1130 11
1131 17
1132 11
1133 10
1134 11
1135 7
1136 14
1137 13
1138 14
1139 9
1140 10
1141 16
1142 17
1143 9
1144 13
1145 9
1146 9
1147 10
1148 19
1149 14
1150 11
1151 9
1152 13
1153 19
1154 14
1155 7
1156 15
1157 16
1158 16
1159 8
1160 15
1161 14
1162 16
1163 11
1164 7
1165 13
1166 13
1167 13
1168 22
1169 16
1170 18
1171 11
1172 9
1173 8
1174 14
1175 9
1176 12
1177 7
1178 11
1179 11
1180 13
1181 10
1182 10
1183 8
1184 16
1185 11
1186 7
1187 12
1188 14
1189 8
1190 11
1191 13
1192 14
1193 9
1194 7
1195 6
1196 9
1197 14
1198 9
1199 12
1200 15
1201 11
1202 10
1203 7
1204 8
1205 8
1206 12
1207 11
1208 10
1209 12
1210 14
1211 15
1212 4
1213 11
1214 8
1215 10
1216 9
1217 7
1218 9
1219 8
1220 6
1221 14
1222 6
1223 10
1224 11
1225 9
1226 12
1227 6
1228 8
1229 10
1230 8
1231 7
1232 12
1233 9
1234 13
1235 14
1236 9
1237 10
1238 6
1239 10
1240 5
1241 6
1242 8
1243 9
1244 9
1245 7
1246 6
1247 3
1248 5
1249 7
1250 12
1251 11
1252 9
1253 11
1254 9
1255 10
1256 5
1257 5
1258 3
1259 4
1260 9
1261 4
1262 6
1263 4
1264 7
1265 12
1266 5
1267 9
1268 13
1269 11
1270 5
1271 8
1272 9
1273 7
1274 5
1275 7
1276 10
1277 5
1278 4
1279 7
1280 14
1281 7
1282 8
1283 9
1284 6
1285 6
1286 7
1287 1
1288 8
1289 5
1290 5
1291 9
1292 7
1293 8
1294 8
1295 7
1296 5
1297 9
1298 5
1299 5
1300 6
1301 8
1302 9
1303 6
1304 5
1305 5
1306 2
1307 7
1308 4
1309 8
1310 6
1311 4
1312 2
1313 12
1314 3
1315 2
1316 4
1317 6
1318 9
1319 8
1320 8
1321 6
1322 3
1323 3
1324 7
1325 5
1326 9
1327 11
1328 7
1329 5
1330 5
1331 6
1332 8
1333 8
1334 5
1335 4
1336 5
1337 4
1338 7
1339 6
1340 3
1341 2
1342 5
1343 10
1344 5
1345 10
1346 6
1347 3
1348 3
1349 2
1350 7
1351 4
1352 2
1353 9
1354 6
1355 5
1356 7
1357 6
1358 6
1359 9
1360 4
1361 4
1362 6
1363 5
1364 4
1365 7
1366 5
1367 3
1368 5
1369 3
1370 4
1371 9
1372 6
1373 2
1374 2
1375 3
1376 8
1377 2
1378 2
1379 5
1380 5
1381 6
1382 5
1383 6
1384 5
1385 5
1386 4
1387 2
1388 2
1389 2
1390 7
1391 4
1392 4
1393 6
1394 4
1395 2
1396 5
1397 5
1398 5
1399 5
1400 4
1401 2
1402 4
1403 3
1404 5
1405 2
1406 7
1407 6
1408 5
1409 6
1410 6
1411 2
1412 5
1413 4
1414 0
1415 2
1416 3
1417 3
1418 4
1419 5
1420 2
1421 3
1422 6
1423 3
1424 7
1425 5
1426 4
1427 3
1428 4
1429 4
1430 1
1431 2
1432 4
1433 4
1434 6
1435 4
1436 2
1437 3
1438 2
1439 2
1440 3
1441 4
1442 4
1443 2
1444 3
1445 2
1446 6
1447 5
1448 3
1449 5
1450 7
1451 3
1452 3
1453 3
1454 4
1455 1
1456 1
1457 3
1458 3
1459 2
1460 2
1461 2
1462 3
1463 4
1464 3
1465 3
1466 2
1467 4
1468 2
1469 3
1470 3
1471 1
1472 0
1473 4
1474 3
1475 4
1476 2
1477 3
1478 1
1479 4
1480 2
1481 2
1482 3
1483 3
1484 1
1485 3
1486 1
1487 2
1488 2
1489 4
1490 2
1491 2
1492 2
1493 5
1494 1
1495 4
1496 0
1497 1
1498 3
1499 4
1500 2
1501 4
1502 4
1503 3
1504 4
1505 2
1506 2
1507 2
1508 1
1509 2
1510 2
1511 2
1512 0
1513 2
1514 0
1515 5
1516 1
1517 4
1518 1
1519 3
1520 3
1521 2
1522 1
1523 1
1524 2
1525 1
1526 3
1527 3
1528 3
1529 1
1530 1
1531 5
1532 4
1533 1
1534 2
1535 8
1536 3
1537 5
1538 1
1539 1
1540 4
1541 3
1542 2
1543 3
1544 1
1545 2
1546 2
1547 3
1548 1
1549 2
1550 3
1551 2
1552 4
1553 2
1554 1
1555 1
1556 2
1557 2
1558 1
1559 3
1560 1
1561 3
1562 1
1563 1
1564 1
1565 1
1566 2
1567 1
1568 1
1569 4
1570 2
1571 1
1572 1
1573 1
1574 3
1575 0
1576 1
1577 2
1578 4
1579 3
1580 2
1581 2
1582 4
1583 4
1584 0
1585 0
1586 2
1587 1
1588 1
1589 0
1590 1
1591 3
1592 0
1593 2
1594 1
1595 1
1596 0
1597 1
1598 3
1599 0
1600 2
1601 1
1602 0
1603 1
1604 2
1605 1
1606 1
1607 1
1608 1
1609 2
1610 2
1611 2
1612 1
1613 0
1614 0
1615 2
1616 1
1617 1
1618 4
1619 1
1620 2
1621 2
1622 2
1623 0
1624 1
1625 1
1626 1
1627 1
1628 2
1629 0
1630 0
1631 3
1632 2
1633 0
1634 2
1635 1
1636 1
1637 1
1638 0
1639 0
1640 1
1641 1
1642 1
1643 2
1644 1
1645 3
1646 0
1647 2
1648 1
1649 0
1650 2
1651 1
1652 0
1653 0
1654 1
1655 1
1656 1
1657 1
1658 0
1659 1
1660 5
1661 0
1662 1
1663 1
1664 2
1665 0
1666 1
1667 3
1668 0
1669 0
1670 1
1671 0
1672 3
1673 0
1674 0
1675 0
1676 2
1677 0
1678 1
1679 1
1680 2
1681 0
1682 2
1683 2
1684 2
1685 2
1686 0
1687 2
1688 3
1689 1
1690 0
1691 2
1692 2
1693 2
1694 1
1695 3
1696 0
1697 1
1698 0
1699 1
1700 0
1701 3
1702 0
1703 2
1704 1
1705 0
1706 2
1707 0
1708 1
1709 2
1710 0
1711 3
1712 2
1713 0
1714 1
1715 0
1716 0
1717 0
1718 1
1719 0
1720 3
1721 1
1722 1
1723 0
1724 2
1725 0
1726 1
1727 0
1728 1
1729 1
1730 1
1731 0
1732 4
1733 0
1734 0
1735 1
1736 0
1737 0
1738 0
1739 1
1740 0
1741 0
1742 0
1743 1
1744 1
1745 0
1746 2
1747 3
1748 2
1749 2
1750 3
1751 1
1752 0
1753 0
1754 1
1755 0
1756 2
1757 1
1758 0
1759 0
1760 0
1761 1
1762 0
1763 1
1764 0
1765 1
1766 1
1767 1
1768 0
1769 1
1770 1
1771 1
1772 0
1773 1
1774 0
1775 0
1776 1
1777 0
1778 0
1779 0
1780 0
1781 0
1782 1
1783 0
1784 0
1785 0
1786 1
1787 0
1788 0
1789 0
1790 1
1791 2
1792 1
1793 1
1794 2
1795 1
1796 0
1797 0
1798 0
1799 1
1800 0
1801 2
1802 1
1803 1
1804 2
1805 1
1806 1
1807 2
1808 0
1809 0
1810 1
1811 0
1812 1
1813 0
1814 2
1815 0
1816 2
1817 0
1818 1
1819 0
1820 2
1821 0
1822 0
1823 1
1824 2
1825 0
1826 0
1827 0
1828 1
1829 0
1830 0
1831 1
1832 0
1833 0
1834 1
1835 0
1836 2
1837 0
1838 2
1839 1
1840 0
1841 0
1842 0
1843 0
1844 1
1845 1
1846 1
1847 1
1848 0
1849 0
1850 0
1851 0
1852 0
1853 0
1854 0
1855 1
1856 0
1857 0
1858 0
1859 1
1860 0
1861 1
1862 0
1863 0
1864 0
1865 1
1866 2
1867 1
1868 1
1869 1
1870 0
1871 0
1872 0
1873 0
1874 0
1875 0
1876 0
1877 0
1878 0
1879 0
1880 0
1881 1
1882 0
1883 1
1884 0
1885 2
1886 0
1887 0
1888 0
1889 1
1890 0
1891 0
1892 2
1893 1
1894 0
1895 0
1896 0
1897 0
1898 0
1899 0
1900 2
1901 0
1902 1
1903 0
1904 1
1905 1
1906 2
1907 0
1908 1
1909 0
1910 1
1911 0
1912 1
1913 0
1914 0
1915 0
1916 0
1917 0
1918 1
1919 0
1920 1
1921 1
1922 0
1923 0
1924 0
1925 0
1926 0
1927 0
1928 0
1929 0
1930 0
1931 0
1932 0
1933 1
1934 0
1935 0
1936 1
1937 0
1938 0
1939 0
1940 1
1941 1
1942 0
1943 0
1944 0
1945 0
1946 1
1947 1
1948 0
1949 0
1950 0
1951 0
1952 0
1953 0
1954 2
1955 1
1956 1
1957 0
1958 0
1959 0
1960 0
1961 0
1962 1
1963 1
1964 0
1965 0
1966 0
1967 0
1968 0
1969 0
1970 0
1971 0
1972 1
1973 1
1974 0
1975 0
1976 1
1977 0
1978 0
1979 0
1980 1
1981 0
1982 0
1983 0
1984 0
1985 0
1986 0
1987 0
1988 0
1989 1
1990 0
1991 1
1992 0
1993 0
1994 0
1995 0
1996 0
1997 0
1998 0
1999 0
2000 1
2001 0
2002 0
2003 0
2004 0
2005 0
2006 0
2007 0
2008 0
2009 0
2010 0
2011 0
2012 0
2013 0
2014 0
2015 0
2016 0
2017 0
2018 0
2019 0
2020 0
2021 0
2022 0
2023 1
2024 0
2025 0
2026 0
2027 0
2028 0
2029 0
2030 1
2031 0
2032 0
2033 0
2034 0
2035 0
2036 0
2037 1
2038 0
2039 0
2040 0
2041 0
2042 0
2043 0
2044 0
2045 0
2046 0
2047 0
2048 0
2049 0
2050 1
2051 0
2052 0
2053 0
2054 0
2055 0
2056 1
2057 0
2058 0
2059 0
2060 0
2061 1
2062 0
2063 0
2064 0
2065 1
2066 0
2067 0
2068 0
2069 0
2070 0
2071 1
2072 0
2073 0
2074 0
2075 1
2076 0
2077 0
2078 0
2079 0
2080 1
2081 0
2082 0
2083 0
2084 0
2085 0
2086 0
2087 0
2088 1
2089 0
2090 1
2091 1
2092 0
2093 0
2094 0
2095 0
2096 0
2097 0
2098 0
2099 0
2100 0
2101 0
2102 0
2103 0
2104 0
2105 0
2106 0
2107 0
2108 0
2109 0
2110 0
2111 0
2112 0
2113 0
2114 0
2115 0
2116 1
2117 0
2118 0
2119 0
2120 1
2121 0
2122 0
2123 0
2124 0
2125 0
2126 0
2127 0
2128 0
2129 0
2130 0
2131 0
2132 0
2133 0
2134 0
2135 0
2136 0
2137 0
2138 0
2139 0
2140 0
2141 0
2142 0
2143 0
2144 0
2145 1
2146 0
2147 0
2148 0
2149 0
2150 0
2151 0
2152 1
2153 0
2154 0
2155 0
2156 0
2157 0
2158 0
2159 0
2160 0
2161 0
2162 0
2163 0
2164 0
2165 0
2166 0
2167 0
2168 0
2169 0
2170 0
2171 0
2172 0
2173 0
2174 0
2175 0
2176 0
2177 0
2178 0
2179 0
2180 0
2181 0
2182 0
2183 0
2184 0
2185 0
2186 0
2187 0
2188 0
2189 0
2190 0
2191 0
2192 0
2193 0
2194 0
2195 0
2196 0
2197 0
2198 0
2199 0
2200 0
2201 0
2202 0
2203 0
2204 0
2205 0
2206 0
2207 0
2208 0
2209 0
2210 0
2211 0
2212 0
2213 0
2214 0
2215 0
2216 0
2217 0
2218 0
2219 0
2220 0
2221 0
2222 0
2223 0
2224 0
2225 0
2226 0
2227 0
2228 0
2229 0
2230 0
2231 0
2232 0
2233 1
2234 1
2235 0
2236 0
2237 0
2238 0
2239 0
2240 0
2241 0
2242 0
2243 0
2244 0
2245 0
2246 0
2247 0
2248 0
2249 0
2250 0
2251 0
2252 0
2253 0
2254 0
2255 1
2256 0
2257 0
2258 0
2259 0
2260 0
2261 0
2262 0
2263 0
2264 1
2265 0
2266 0
2267 1
2268 0
2269 0
2270 0
2271 0
2272 0
2273 0
2274 0
2275 0
2276 0
2277 0
2278 0
2279 0
2280 0
2281 0
2282 0
2283 0
2284 0
2285 0
2286 0
2287 0
2288 0
2289 0
2290 1
2291 0
2292 0
2293 0
2294 0
2295 0
2296 0
2297 0
2298 0
2299 0
2300 0
2301 0
2302 0
2303 0
2304 0
2305 0
2306 0
2307 0
2308 0
2309 0
2310 0
2311 0
2312 0
2313 0
2314 0
2315 0
2316 0
2317 0
2318 0
2319 0
2320 0
2321 0
2322 0
2323 0
2324 0
2325 0
2326 0
2327 0
2328 0
2329 0
2330 0
2331 0
2332 0
2333 0
2334 0
2335 0
2336 0
2337 0
2338 0
2339 0
2340 0
2341 0
2342 0
2343 0
2344 0
2345 0
2346 0
2347 1
2348 0
2349 0
2350 0
2351 0
2352 0
2353 0
2354 0
2355 0
2356 0
2357 0
2358 0
2359 0
2360 0
2361 0
2362 0
2363 0
2364 0
2365 0
2366 0
2367 1
2368 0
2369 0
2370 0
2371 0
2372 0
2373 0
2374 0
2375 1
2376 0
2377 0
2378 0
2379 0
2380 0
2381 0
2382 0
2383 0
2384 0
2385 0
2386 0
2387 0
2388 0
2389 0
2390 0
2391 0
2392 0
2393 1
2394 0
2395 0
2396 0
2397 0
2398 0
2399 0
2400 0
2401 0
2402 0
2403 0
2404 0
2405 0
2406 0
2407 0
2408 0
2409 0
2410 1
2411 0
2412 0
2413 0
2414 0
2415 0
2416 0
2417 0
2418 0
2419 0
2420 0
2421 0
2422 0
2423 0
2424 0
2425 0
2426 0
2427 0
2428 0
2429 0
2430 0
2431 0
2432 0
2433 0
2434 0
2435 0
2436 0
2437 1
2438 0
2439 0
2440 0
2441 0
2442 0
2443 0
2444 0
2445 0
2446 0
2447 0
2448 0
2449 0
2450 0
2451 0
2452 0
2453 0
2454 0
2455 0
2456 0
2457 0
2458 0
2459 0
2460 0
2461 0
2462 0
2463 0
2464 0
2465 0
2466 0
2467 0
2468 0
2469 0
2470 0
2471 0
2472 0
2473 0
2474 0
2475 0
2476 0
2477 0
2478 0
2479 0
2480 0
2481 0
2482 0
2483 0
2484 0
2485 0
2486 0
2487 0
2488 0
2489 0
2490 0
2491 0
2492 1
2493 0
2494 0
2495 0
2496 0
2497 0
2498 0
2499 0
2500 0
2501 0
2502 0
2503 0
2504 0
2505 0
2506 0
2507 0
2508 0
2509 0
2510 0
2511 0
2512 0
2513 0
2514 0
2515 0
2516 0
2517 0
2518 0
2519 0
2520 0
2521 0
2522 0
2523 0
2524 0
2525 0
2526 0
2527 0
2528 0
2529 0
2530 0
2531 0
2532 0
2533 0
2534 0
2535 0
2536 0
2537 0
2538 1
2539 0
2540 0
2541 0
2542 0
2543 0
2544 0
2545 0
2546 0
2547 0
2548 0
2549 0
2550 0
2551 0
2552 0
2553 0
2554 0
2555 0
2556 0
2557 0
2558 0
2559 0
2560 0
2561 0
2562 0
2563 0
2564 0
2565 0
2566 0
2567 0
2568 0
2569 0
2570 0
2571 0
2572 0
2573 0
2574 0
2575 0
2576 0
2577 0
2578 0
2579 0
2580 0
2581 0
2582 0
2583 0
2584 0
2585 0
2586 0
2587 0
2588 0
2589 0
2590 0
2591 0
2592 0
2593 0
2594 0
2595 0
2596 0
2597 0
2598 0
2599 0
2600 0
2601 0
2602 0
2603 0
2604 0
2605 0
2606 0
2607 0
2608 0
2609 1
2610 0
2611 0
2612 0
2613 0
2614 0
2615 0
2616 0
2617 0
2618 0
2619 0
2620 0
2621 0
2622 0
2623 0
2624 0
2625 0
2626 0
2627 0
2628 0
2629 0
2630 1
2631 0
2632 0
2633 0
2634 0
2635 0
2636 0
2637 0
2638 0
2639 0
2640 0
2641 0
2642 0
2643 0
2644 0
2645 0
2646 0
2647 0
2648 0
2649 0
2650 0
2651 0
2652 0
2653 0
2654 0
2655 0
2656 0
2657 0
2658 0
2659 0
2660 0
2661 0
2662 0
2663 0
2664 0
2665 0
2666 0
2667 0
2668 0
2669 0
2670 0
2671 0
2672 0
2673 0
2674 1
2675 0
2676 0
2677 0
2678 0
2679 0
2680 0
2681 0
2682 0
2683 0
2684 0
2685 0
2686 0
2687 0
2688 0
2689 0
2690 0
2691 0
2692 0
2693 0
2694 0
2695 0
2696 0
2697 0
2698 0
2699 0
2700 0
2701 0
2702 0
2703 0
2704 0
2705 0
2706 1
2707 0
2708 0
2709 0
2710 0
2711 0
2712 0
2713 0
2714 0
2715 0
2716 0
2717 0
2718 0
2719 0
2720 0
2721 1
2722 0
2723 0
2724 0
2725 0
2726 0
2727 0
2728 0
2729 0
2730 0
2731 0
2732 0
2733 0
2734 0
2735 0
2736 0
2737 0
2738 0
2739 0
2740 0
2741 0
2742 0
2743 0
2744 0
2745 0
2746 0
2747 0
2748 0
2749 0
2750 0
2751 0
2752 0
2753 0
2754 0
2755 0
2756 0
2757 0
2758 0
2759 0
2760 0
2761 0
2762 0
2763 0
2764 0
2765 0
2766 0
2767 0
2768 0
2769 0
2770 0
2771 0
2772 0
2773 0
2774 0
2775 0
2776 1
2777 0
2778 0
2779 0
2780 0
2781 0
2782 0
2783 0
2784 0
2785 0
2786 0
2787 0
2788 0
2789 0
2790 0
2791 0
2792 0
2793 0
2794 0
2795 0
2796 0
2797 0
2798 0
2799 0
2800 0
2801 0
2802 0
2803 0
2804 0
2805 0
2806 0
2807 0
2808 0
2809 0
2810 0
2811 0
2812 0
2813 0
2814 0
2815 0
2816 0
2817 0
2818 0
2819 0
2820 0
2821 0
2822 0
2823 0
2824 0
2825 0
2826 0
2827 0
2828 0
2829 0
2830 0
2831 0
2832 0
2833 0
2834 0
2835 0
2836 0
2837 0
2838 0
2839 0
2840 0
2841 0
2842 0
2843 0
2844 0
2845 0
2846 0
2847 0
2848 0
2849 0
2850 0
2851 0
2852 0
2853 0
2854 0
2855 0
2856 0
2857 0
2858 0
2859 0
2860 0
2861 0
2862 0
2863 0
2864 0
2865 0
2866 0
2867 0
2868 0
2869 0
2870 0
2871 0
2872 0
2873 0
2874 0
2875 0
2876 0
2877 0
2878 0
2879 0
2880 0
2881 0
2882 0
2883 0
2884 0
2885 0
2886 0
2887 0
2888 0
2889 0
2890 0
2891 0
2892 0
2893 0
2894 0
2895 0
2896 0
2897 0
2898 0
2899 0
2900 0
2901 0
2902 0
2903 0
2904 0
2905 0
2906 0
2907 0
2908 0
2909 0
2910 0
2911 0
2912 0
2913 0
2914 0
2915 0
2916 0
2917 0
2918 0
2919 0
2920 0
2921 0
2922 0
2923 0
2924 0
2925 0
2926 0
2927 0
2928 0
2929 0
2930 0
2931 0
2932 0
2933 0
2934 0
2935 0
2936 0
2937 0
2938 0
2939 0
2940 0
2941 0
2942 0
2943 0
2944 0
2945 0
2946 0
2947 0
2948 0
2949 0
2950 0
2951 0
2952 0
2953 0
2954 0
2955 0
2956 0
2957 0
2958 0
2959 0
2960 0
2961 0
2962 0
2963 0
2964 0
2965 0
2966 0
2967 0
2968 0
2969 0
2970 0
2971 0
2972 0
2973 0
2974 0
2975 0
2976 0
2977 0
2978 0
2979 0
2980 0
2981 0
2982 0
2983 0
2984 0
2985 0
2986 0
2987 0
2988 0
2989 0
2990 0
2991 0
2992 0
2993 0
2994 0
2995 0
2996 0
2997 0
2998 0
2999 0
3000 0
3001 0
3002 0
3003 0
3004 0
3005 0
3006 0
3007 0
3008 0
3009 0
3010 0
3011 0
3012 0
3013 0
3014 0
3015 0
3016 0
3017 0
3018 0
3019 0
3020 0
3021 0
3022 0
3023 0
3024 0
3025 0
3026 0
3027 0
3028 0
3029 0
3030 0
3031 0
3032 0
3033 0
3034 0
3035 0
3036 0
3037 0
3038 0
3039 0
3040 0
3041 0
3042 0
3043 0
3044 0
3045 0
3046 0
3047 0
3048 0
3049 0
3050 0
3051 0
3052 0
3053 0
3054 0
3055 0
3056 0
3057 0
3058 0
3059 0
3060 0
3061 0
3062 0
3063 0
3064 0
3065 0
3066 0
3067 0
3068 0
3069 0
3070 0
3071 0
3072 0
3073 0
3074 0
3075 0
3076 0
3077 0
3078 0
3079 0
3080 0
3081 0
3082 0
3083 0
3084 0
3085 0
3086 0
3087 0
3088 0
3089 0
3090 0
3091 0
3092 0
3093 0
3094 0
3095 0
3096 0
3097 0
3098 0
3099 0
3100 0
3101 0
3102 0
3103 0
3104 0
3105 0
3106 0
3107 0
3108 0
3109 0
3110 0
3111 0
3112 0
3113 0
3114 0
3115 0
3116 0
3117 0
3118 0
3119 0
3120 0
3121 0
3122 0
3123 0
3124 0
3125 0
3126 0
3127 0
3128 0
3129 0
3130 0
3131 0
3132 0
3133 0
3134 0
3135 0
3136 0
3137 1
3138 0
3139 0
3140 0
3141 0
3142 0
3143 0
3144 0
3145 0
3146 0
3147 0
3148 0
3149 0
3150 0
3151 0
3152 0
3153 0
3154 0
3155 0
3156 0
3157 0
3158 0
3159 0
3160 0
3161 0
3162 0
3163 0
3164 0
3165 0
3166 0
3167 1
3168 0
3169 0
3170 0
3171 0
3172 0
3173 0
3174 0
3175 0
3176 0
3177 0
3178 0
3179 0
3180 0
3181 0
3182 0
3183 0
3184 0
3185 0
3186 0
3187 0
3188 0
3189 1
3190 1
3191 0
3192 1
3193 0
3194 0
3195 0
3196 0
3197 0
3198 0
3199 0
3200 0
3201 0
3202 0
3203 0
3204 0
3205 0
3206 0
3207 0
3208 0
3209 0
3210 0
3211 0
3212 0
3213 0
3214 0
3215 0
3216 0
3217 0
3218 0
3219 0
3220 0
3221 0
3222 0
3223 0
3224 0
3225 0
3226 0
3227 0
3228 0
3229 0
3230 0
3231 0
3232 0
3233 0
3234 0
3235 1
3236 0
3237 0
3238 0
3239 0
3240 0
3241 0
3242 0
3243 0
3244 0
3245 0
3246 0
3247 0
3248 0
3249 0
3250 0
3251 0
3252 0
3253 0
3254 0
3255 0
3256 0
3257 0
3258 0
3259 1
3260 1
3261 0
3262 0
3263 0
3264 0
3265 0
3266 0
3267 0
3268 0
3269 0
3270 0
3271 0
3272 0
3273 0
3274 0
3275 0
3276 0
3277 0
3278 1
3279 0
3280 0
3281 0
3282 0
3283 0
3284 0
3285 0
3286 0
3287 0
3288 0
3289 0
3290 0
3291 0
3292 0
3293 0
3294 0
3295 0
3296 0
3297 0
3298 0
3299 0
3300 0
3301 0
3302 0
3303 0
3304 0
3305 0
3306 0
3307 0
3308 0
3309 0
3310 0
3311 0
3312 1
3313 0
3314 0
3315 0
3316 0
3317 0
3318 0
3319 0
3320 0
3321 0
3322 0
3323 0
3324 0
3325 0
3326 0
3327 0
3328 0
3329 0
3330 0
3331 0
3332 0
3333 0
3334 0
3335 0
3336 0
3337 0
3338 0
3339 0
3340 0
3341 0
3342 0
3343 0
3344 0
3345 0
3346 0
3347 0
3348 0
3349 0
3350 0
3351 0
3352 0
3353 0
3354 0
3355 0
3356 0
3357 0
3358 0
3359 0
3360 0
3361 0
3362 0
3363 0
3364 0
3365 0
3366 0
3367 0
3368 0
3369 0
3370 0
3371 0
3372 0
3373 0
3374 0
3375 0
3376 0
3377 0
3378 0
3379 0
3380 0
3381 0
3382 0
3383 0
3384 0
3385 0
3386 0
3387 0
3388 0
3389 0
3390 0
3391 0
3392 0
3393 0
3394 0
3395 0
3396 0
3397 0
3398 0
3399 0
3400 0
3401 0
3402 0
3403 0
3404 1
3405 0
3406 0
3407 0
3408 0
3409 0
3410 0
3411 0
3412 0
3413 0
3414 0
3415 0
3416 0
3417 0
3418 0
3419 0
3420 0
3421 0
3422 0
3423 0
3424 0
3425 0
3426 0
3427 0
3428 0
3429 0
3430 0
3431 0
3432 1
3433 0
3434 0
3435 0
3436 0
3437 0
3438 0
3439 0
3440 0
3441 0
3442 0
3443 0
3444 0
3445 0
3446 0
3447 0
3448 0
3449 0
3450 0
3451 0
3452 0
3453 0
3454 0
3455 0
3456 0
3457 0
3458 0
3459 0
3460 0
3461 0
3462 0
3463 0
3464 0
3465 0
3466 0
3467 0
3468 0
3469 0
3470 0
3471 0
3472 0
3473 0
3474 0
3475 0
3476 0
3477 0
3478 0
3479 0
3480 0
3481 0
3482 0
3483 0
3484 0
3485 0
3486 0
3487 0
3488 0
3489 0
3490 0
3491 0
3492 0
3493 0
3494 0
3495 0
3496 0
3497 0
3498 0
3499 0
3500 1
3501 0
3502 0
3503 0
3504 0
3505 0
3506 0
3507 0
3508 0
3509 0
3510 0
3511 0
3512 0
3513 0
3514 0
3515 0
3516 0
3517 0
3518 0
3519 0
3520 0
3521 0
3522 0
3523 0
3524 0
3525 0
3526 0
3527 0
3528 0
3529 0
3530 0
3531 0
3532 0
3533 0
3534 0
3535 0
3536 0
3537 0
3538 0
3539 0
3540 0
3541 0
3542 0
3543 0
3544 0
3545 0
3546 0
3547 0
3548 0
3549 0
3550 0
3551 0
3552 0
3553 0
3554 0
3555 0
3556 0
3557 0
3558 0
3559 0
3560 1
3561 0
3562 0
3563 0
3564 0
3565 0
3566 0
3567 0
3568 0
3569 0
3570 0
3571 0
3572 0
3573 0
3574 0
3575 0
3576 0
3577 0
3578 0
3579 0
3580 0
3581 0
3582 0
3583 0
3584 0
3585 0
3586 0
3587 0
3588 0
3589 0
3590 0
3591 0
3592 0
3593 0
3594 0
3595 0
3596 0
3597 0
3598 0
3599 0
3600 0
3601 0
3602 0
3603 0
3604 0
3605 0
3606 0
3607 0
3608 0
3609 0
3610 0
3611 0
3612 0
3613 0
3614 0
3615 0
3616 0
3617 0
3618 0
3619 0
3620 0
3621 0
3622 0
3623 0
3624 0
3625 0
3626 0
3627 0
3628 0
3629 0
3630 0
3631 0
3632 0
3633 0
3634 0
3635 0
3636 0
3637 0
3638 0
3639 0
3640 0
3641 0
3642 0
3643 0
3644 0
3645 1
3646 0
3647 0
3648 0
3649 0
3650 0
3651 0
3652 0
3653 0
3654 0
3655 0
3656 0
3657 0
3658 0
3659 0
3660 0
3661 0
3662 0
3663 0
3664 0
3665 0
3666 0
3667 0
3668 0
3669 0
3670 0
3671 0
3672 0
3673 0
3674 0
3675 0
3676 0
3677 0
3678 0
3679 0
3680 0
3681 0
3682 0
3683 0
3684 0
3685 0
3686 0
3687 0
3688 0
3689 0
3690 0
3691 0
3692 0
3693 0
3694 0
3695 0
3696 0
3697 0
3698 0
3699 0
3700 0
3701 0
3702 1
3703 0
3704 0
3705 0
3706 0
3707 0
3708 0
3709 0
3710 0
3711 0
3712 0
3713 0
3714 0
3715 0
3716 0
3717 0
3718 0
3719 0
3720 0
3721 0
3722 0
3723 0
3724 0
3725 0
3726 0
3727 0
3728 0
3729 0
3730 0
3731 0
3732 0
3733 0
3734 0
3735 0
3736 0
3737 0
3738 0
3739 0
3740 0
3741 0
3742 0
3743 0
3744 0
3745 0
3746 0
3747 0
3748 0
3749 0
3750 0
3751 0
3752 0
3753 0
3754 0
3755 0
3756 0
3757 0
3758 0
3759 0
3760 0
3761 0
3762 0
3763 0
3764 0
3765 0
3766 0
3767 0
3768 0
3769 0
3770 0
3771 0
3772 0
3773 0
3774 0
3775 0
3776 0
3777 0
3778 0
3779 0
3780 0
3781 0
3782 0
3783 0
3784 0
3785 0
3786 0
3787 0
3788 0
3789 0
3790 0
3791 0
3792 0
3793 0
3794 0
3795 0
3796 0
3797 0
3798 0
3799 0
3800 0
3801 0
3802 0
3803 0
3804 0
3805 0
3806 0
3807 0
3808 0
3809 0
3810 0
3811 0
3812 0
3813 0
3814 0
3815 0
3816 0
3817 0
3818 0
3819 0
3820 0
3821 0
3822 0
3823 0
3824 0
3825 0
3826 0
3827 0
3828 0
3829 0
3830 0
3831 0
3832 0
3833 0
3834 0
3835 0
3836 0
3837 0
3838 0
3839 0
3840 0
3841 0
3842 0
3843 0
3844 0
3845 0
3846 0
3847 0
3848 0
3849 0
3850 0
3851 0
3852 0
3853 0
3854 0
3855 0
3856 0
3857 0
3858 0
3859 0
3860 0
3861 0
3862 0
3863 0
3864 0
3865 0
3866 0
3867 0
3868 0
3869 0
3870 0
3871 0
3872 0
3873 0
3874 0
3875 0
3876 0
3877 0
3878 0
3879 0
3880 0
3881 0
3882 0
3883 0
3884 0
3885 0
3886 0
3887 0
3888 0
3889 0
3890 0
3891 0
3892 0
3893 0
3894 0
3895 0
3896 0
3897 0
3898 0
3899 0
3900 0
3901 0
3902 0
3903 0
3904 0
3905 0
3906 0
3907 0
3908 0
3909 0
3910 0
3911 0
3912 0
3913 1
3914 0
3915 0
3916 0
3917 0
3918 0
3919 0
3920 0
3921 0
3922 0
3923 0
3924 0
3925 0
3926 0
3927 0
3928 0
3929 0
3930 0
3931 0
3932 0
3933 0
3934 0
3935 0
3936 1
3937 0
3938 0
3939 0
3940 0
3941 0
3942 0
3943 0
3944 0
3945 0
3946 0
3947 0
3948 0
3949 0
3950 0
3951 0
3952 0
3953 0
3954 0
3955 0
3956 0
3957 0
3958 0
3959 0
3960 0
3961 0
3962 0
3963 0
3964 0
3965 0
3966 0
3967 0
3968 0
3969 0
3970 0
3971 0
3972 0
3973 0
3974 0
3975 0
3976 0
3977 0
3978 0
3979 0
3980 0
3981 0
3982 0
3983 0
3984 0
3985 0
3986 0
3987 0
3988 0
3989 0
3990 0
3991 0
3992 0
3993 0
3994 0
3995 0
3996 0
3997 0
3998 0
3999 0
4000 0
