0 0
1 0
2 0
3 0
4 0
5 0
6 0
7 0
8 0
9 0
10 0
11 0
12 0
13 0
14 0
15 0
16 0
17 0
18 0
19 0
20 0
21 0
22 0
23 0
24 0
25 0
26 0
27 0
28 0
29 0
30 0
31 0
32 0
33 0
34 0
35 0
36 0
37 0
38 0
39 0
40 0
41 0
42 0
43 0
44 0
45 0
46 0
47 0
48 0
49 0
50 0
51 0
52 0
53 0
54 0
55 0
56 0
57 0
58 0
59 0
60 0
61 0
62 0
63 0
64 0
65 0
66 0
67 0
68 0
69 0
70 0
71 0
72 0
73 0
74 0
75 0
76 0
77 0
78 0
79 0
80 0
81 0
82 0
83 0
84 0
85 0
86 0
87 0
88 0
89 0
90 0
91 0
92 0
93 0
94 0
95 0
96 0
97 0
98 0
99 0
100 0
101 0
102 0
103 0
104 0
105 0
106 0
107 0
108 0
109 0
110 0
111 0
112 0
113 0
114 0
115 0
116 0
117 0
118 0
119 0
120 0
121 0
122 0
123 0
124 0
125 0
126 0
127 0
128 0
129 0
130 0
131 0
132 0
133 0
134 0
135 0
136 0
137 0
138 0
139 0
140 0
141 0
142 0
143 0
144 0
145 0
146 0
147 0
148 0
149 0
150 0
151 2
152 3
153 1
154 0
155 3
156 3
157 4
158 3
159 5
160 6
161 1
162 2
163 5
164 1
165 4
166 0
167 3
168 2
169 4
170 2
171 3
172 2
173 5
174 5
175 11
176 14
177 27
178 36
179 39
180 61
181 59
182 78
183 110
184 152
185 318
186 627
187 1017
188 1498
189 1921
190 2249
191 2324
192 2477
193 2356
194 2397
195 2256
196 2184
197 2109
198 2027
199 1862
200 1850
201 1869
202 1763
203 1748
204 1784
205 1822
206 1798
207 1773
208 1732
209 1750
210 1791
211 1853
212 1807
213 1905
214 1847
215 1937
216 1975
217 1957
218 1934
219 2047
220 2076
221 2044
222 2140
223 2050
224 2073
225 2150
226 2172
227 2140
228 2216
229 2173
230 2148
231 2230
232 2272
233 2248
234 2246
235 2301
236 2281
237 2278
238 2257
239 2267
240 2370
241 2266
242 2390
243 2398
244 2375
245 2302
246 2310
247 2389
248 2305
249 2358
250 2277
251 2416
252 2413
253 2459
254 2326
255 2332
256 2294
257 2328
258 2250
259 2334
260 2328
261 2338
262 2397
263 2374
264 2188
265 2271
266 2272
267 2284
268 2296
269 2161
270 2171
271 2236
272 2204
273 2189
274 2168
275 2155
276 2123
277 2089
278 2162
279 2113
280 2163
281 2142
282 2068
283 2065
284 2097
285 2045
286 2037
287 1967
288 1996
289 2069
290 1941
291 1975
292 1822
293 1909
294 1894
295 1949
296 1860
297 1866
298 1847
299 1731
300 1829
301 1846
302 1720
303 1735
304 1696
305 1703
306 1718
307 1769
308 1586
309 1695
310 1566
311 1681
312 1617
313 1503
314 1500
315 1552
316 1545
317 1555
318 1470
319 1482
320 1426
321 1386
322 1449
323 1465
324 1475
325 1356
326 1336
327 1293
328 1286
329 1334
330 1270
331 1280
332 1293
333 1306
334 1232
335 1269
336 1234
337 1163
338 1147
339 1198
340 1174
341 1214
342 1125
343 1148
344 1096
345 1106
346 1093
347 1026
348 1086
349 1015
350 1055
351 969
352 981
353 1012
354 971
355 988
356 893
357 982
358 955
359 932
360 893
361 912
362 893
363 870
364 906
365 948
366 891
367 823
368 926
369 922
370 855
371 799
372 801
373 792
374 820
375 775
376 811
377 738
378 763
379 735
380 777
381 753
382 728
383 737
384 743
385 701
386 642
387 668
388 721
389 680
390 641
391 669
392 622
393 667
394 638
395 654
396 652
397 667
398 627
399 609
400 589
401 586
402 564
403 585
404 590
405 586
406 594
407 583
408 577
409 543
410 553
411 522
412 509
413 497
414 525
415 511
416 521
417 505
418 525
419 485
420 501
421 472
422 522
423 464
424 513
425 436
426 473
427 484
428 518
429 462
430 425
431 456
432 481
433 432
434 438
435 425
436 404
437 415
438 433
439 430
440 379
441 442
442 427
443 420
444 364
445 363
446 398
447 420
448 392
449 359
450 429
451 371
452 395
453 361
454 361
455 383
456 382
457 352
458 341
459 342
460 369
461 337
462 339
463 326
464 324
465 348
466 310
467 342
468 362
469 312
470 325
471 338
472 301
473 308
474 318
475 288
476 303
477 316
478 279
479 281
480 274
481 300
482 275
483 309
484 282
485 310
486 282
487 307
488 256
489 278
490 284
491 268
492 268
493 271
494 252
495 271
496 296
497 259
498 254
499 268
500 249
501 266
502 267
503 234
504 237
505 227
506 231
507 238
508 226
509 223
510 222
511 205
512 243
513 230
514 210
515 204
516 208
517 230
518 216
519 203
520 213
521 205
522 221
523 218
524 204
525 190
526 198
527 201
528 192
529 189
530 195
531 164
532 188
533 199
534 181
535 174
536 216
537 190
538 200
539 185
540 188
541 164
542 175
543 169
544 179
545 192
546 153
547 161
548 170
549 156
550 178
551 183
552 165
553 178
554 163
555 155
556 148
557 156
558 183
559 151
560 139
561 154
562 161
563 171
564 158
565 132
566 143
567 137
568 143
569 137
570 128
571 162
572 133
573 142
574 134
575 131
576 133
577 111
578 145
579 125
580 120
581 127
582 111
583 105
584 126
585 114
586 121
587 135
588 130
589 99
590 114
591 112
592 112
593 113
594 97
595 127
596 128
597 113
598 88
599 105
600 115
601 101
602 87
603 100
604 108
605 109
606 115
607 116
608 94
609 104
610 90
611 101
612 88
613 87
614 82
615 102
616 77
617 96
618 91
619 90
620 98
621 100
622 93
623 100
624 69
625 94
626 76
627 79
628 85
629 99
630 75
631 101
632 96
633 69
634 106
635 83
636 84
637 83
638 77
639 94
640 82
641 83
642 84
643 57
644 60
645 69
646 82
647 65
648 74
649 93
650 72
651 80
652 79
653 81
654 75
655 75
656 71
657 67
658 71
659 73
660 81
661 64
662 75
663 72
664 59
665 53
666 67
667 56
668 59
669 65
670 64
671 64
672 72
673 68
674 66
675 59
676 65
677 70
678 56
679 61
680 55
681 61
682 53
683 59
684 52
685 58
686 62
687 62
688 65
689 58
690 50
691 47
692 51
693 63
694 49
695 66
696 58
697 38
698 60
699 51
700 51
701 49
702 62
703 62
704 50
705 56
706 48
707 56
708 47
709 44
710 45
711 59
712 47
713 51
714 47
715 60
716 41
717 48
718 42
719 65
720 50
721 51
722 36
723 53
724 44
725 45
726 57
727 41
728 41
729 48
730 46
731 43
732 31
733 44
734 47
735 52
736 49
737 53
738 47
739 49
740 55
741 42
742 46
743 53
744 53
745 48
746 39
747 50
748 36
749 31
750 40
751 44
752 48
753 46
754 34
755 45
756 48
757 35
758 32
759 42
760 47
761 41
762 44
763 47
764 35
765 51
766 33
767 37
768 36
769 40
770 34
771 36
772 39
773 36
774 52
775 43
776 49
777 35
778 44
779 40
780 40
781 43
782 37
783 40
784 42
785 34
786 38
787 45
788 46
789 33
790 33
791 31
792 42
793 32
794 40
795 49
796 44
797 37
798 48
799 30
800 39
801 43
802 29
803 32
804 33
805 40
806 41
807 38
808 37
809 41
810 35
811 42
812 26
813 39
814 31
815 33
816 27
817 34
818 38
819 28
820 24
821 49
822 31
823 34
824 38
825 44
826 36
827 31
828 37
829 35
830 24
831 31
832 34
833 38
834 42
835 32
836 31
837 29
838 35
839 34
840 32
841 40
842 37
843 40
844 39
845 30
846 31
847 35
848 22
849 23
850 26
851 29
852 23
853 26
854 38
855 27
856 31
857 29
858 27
859 34
860 29
861 22
862 34
863 37
864 28
865 34
866 26
867 32
868 33
869 28
870 34
871 44
872 33
873 32
874 42
875 29
876 40
877 29
878 34
879 33
880 28
881 33
882 26
883 25
884 28
885 34
886 26
887 26
888 37
889 26
890 29
891 31
892 31
893 27
894 29
895 36
896 26
897 27
898 32
899 25
900 39
901 40
902 30
903 27
904 26
905 21
906 32
907 23
908 30
909 23
910 29
911 23
912 36
913 35
914 24
915 36
916 30
917 36
918 28
919 25
920 34
921 23
922 28
923 31
924 26
925 36
926 38
927 28
928 29
929 31
930 30
931 32
932 28
933 36
934 26
935 20
936 30
937 26
938 26
939 21
940 25
941 24
942 26
943 20
944 27
945 21
946 27
947 25
948 24
949 23
950 30
951 19
952 22
953 17
954 26
955 30
956 34
957 25
958 17
959 20
960 33
961 32
962 25
963 18
964 34
965 20
966 21
967 30
968 35
969 30
970 26
971 23
972 17
973 25
974 28
975 27
976 26
977 32
978 24
979 27
980 26
981 17
982 24
983 22
984 15
985 26
986 20
987 24
988 18
989 20
990 27
991 23
992 32
993 30
994 23
995 22
996 31
997 22
998 15
999 23
1000 23
1001 21
1002 25
1003 19
1004 26
1005 18
1006 27
1007 25
1008 22
1009 17
1010 13
1011 22
1012 19
1013 28
1014 28
1015 19
1016 21
1017 22
1018 17
1019 16
1020 24
1021 20
1022 20
1023 19
1024 22
1025 22
1026 20
1027 20
1028 21
1029 23
1030 17
1031 21
1032 22
1033 19
1034 20
1035 30
1036 23
1037 25
1038 19
1039 25
1040 33
1041 13
1042 33
1043 21
1044 17
1045 18
1046 24
1047 16
1048 19
1049 24
1050 16
1051 16
1052 17
1053 19
1054 20
1055 21
1056 22
1057 25
1058 17
1059 10
1060 17
1061 27
1062 20
1063 16
1064 20
1065 12
1066 17
1067 15
1068 22
1069 17
1070 17
1071 14
1072 22
1073 21
1074 18
1075 15
1076 19
1077 22
1078 11
1079 11
1080 11
1081 21
1082 20
1083 13
1084 17
1085 17
1086 19
1087 14
1088 24
1089 14
1090 22
1091 16
1092 17
1093 19
1094 12
1095 28
1096 21
1097 18
1098 15
1099 16
1100 18
1101 16
1102 15
1103 15
1104 25
1105 9
1106 17
1107 21
1108 19
1109 17
1110 18
1111 22
1112 15
1113 13
1114 19
1115 16
1116 13
1117 11
1118 14
1119 16
1120 21
1121 18
1122 11
1123 12
1124 20
1125 18
1126 12
1127 16
1128 20
1129 11
1130 13
1131 18
1132 14
1133 11
1134 14
1135 13
1136 11
1137 16
1138 16
1139 13
1140 11
1141 16
1142 13
1143 12
1144 12
1145 15
1146 16
1147 9
1148 15
1149 11
1150 14
1151 16
1152 12
1153 22
1154 21
1155 9
1156 12
1157 11
1158 15
1159 16
1160 12
1161 22
1162 14
1163 16
1164 12
1165 16
1166 19
1167 13
1168 13
1169 15
1170 8
1171 11
1172 18
1173 13
1174 14
1175 13
1176 11
1177 13
1178 12
1179 17
1180 11
1181 16
1182 10
1183 11
1184 21
1185 12
1186 14
1187 17
1188 10
1189 17
1190 10
1191 10
1192 12
1193 14
1194 11
1195 5
1196 9
1197 8
1198 7
1199 13
1200 11
1201 9
1202 13
1203 12
1204 11
1205 6
1206 17
1207 16
1208 14
1209 18
1210 10
1211 17
1212 13
1213 12
1214 11
1215 10
1216 17
1217 8
1218 7
1219 13
1220 17
1221 11
1222 13
1223 12
1224 11
1225 18
1226 13
1227 5
1228 14
1229 13
1230 8
1231 7
1232 10
1233 14
1234 6
1235 8
1236 8
1237 16
1238 11
1239 9
1240 10
1241 11
1242 9
1243 12
1244 10
1245 9
1246 12
1247 9
1248 12
1249 6
1250 7
1251 6
1252 10
1253 13
1254 11
1255 14
1256 13
1257 13
1258 14
1259 14
1260 13
1261 4
1262 6
1263 8
1264 6
1265 7
1266 7
1267 6
1268 9
1269 4
1270 9
1271 4
1272 8
1273 9
1274 10
1275 8
1276 7
1277 10
1278 10
1279 8
1280 9
1281 9
1282 6
1283 12
1284 7
1285 7
1286 9
1287 5
1288 10
1289 9
1290 5
1291 9
1292 8
1293 10
1294 8
1295 4
1296 12
1297 8
1298 7
1299 11
1300 9
1301 5
1302 8
1303 10
1304 9
1305 7
1306 5
1307 9
1308 4
1309 9
1310 11
1311 7
1312 9
1313 11
1314 10
1315 8
1316 5
1317 11
1318 5
1319 8
1320 9
1321 7
1322 8
1323 8
1324 12
1325 9
1326 4
1327 8
1328 3
1329 11
1330 4
1331 7
1332 9
1333 8
1334 4
1335 6
1336 9
1337 5
1338 6
1339 5
1340 5
1341 6
1342 9
1343 5
1344 3
1345 4
1346 10
1347 8
1348 5
1349 8
1350 3
1351 8
1352 9
1353 12
1354 9
1355 7
1356 5
1357 8
1358 7
1359 7
1360 3
1361 8
1362 6
1363 6
1364 7
1365 3
1366 11
1367 3
1368 5
1369 9
1370 4
1371 11
1372 7
1373 7
1374 6
1375 7
1376 3
1377 9
1378 4
1379 2
1380 7
1381 4
1382 9
1383 6
1384 9
1385 11
1386 12
1387 7
1388 4
1389 4
1390 4
1391 7
1392 2
1393 4
1394 4
1395 3
1396 9
1397 5
1398 5
1399 3
1400 4
1401 8
1402 1
1403 5
1404 4
1405 7
1406 3
1407 3
1408 7
1409 3
1410 8
1411 3
1412 3
1413 3
1414 6
1415 5
1416 4
1417 4
1418 3
1419 3
1420 5
1421 5
1422 1
1423 6
1424 2
1425 5
1426 8
1427 6
1428 6
1429 4
1430 6
1431 4
1432 4
1433 5
1434 2
1435 7
1436 9
1437 8
1438 7
1439 2
1440 11
1441 8
1442 5
1443 7
1444 1
1445 1
1446 3
1447 5
1448 5
1449 7
1450 3
1451 3
1452 5
1453 6
1454 5
1455 5
1456 4
1457 5
1458 5
1459 2
1460 5
1461 2
1462 6
1463 2
1464 0
1465 7
1466 2
1467 6
1468 3
1469 8
1470 5
1471 3
1472 5
1473 4
1474 4
1475 0
1476 2
1477 4
1478 4
1479 2
1480 9
1481 4
1482 1
1483 9
1484 1
1485 1
1486 3
1487 2
1488 1
1489 3
1490 3
1491 3
1492 3
1493 3
1494 2
1495 2
1496 2
1497 1
1498 1
1499 2
1500 4
1501 5
1502 0
1503 5
1504 6
1505 2
1506 4
1507 7
1508 6
1509 1
1510 2
1511 1
1512 6
1513 0
1514 4
1515 5
1516 5
1517 3
1518 4
1519 2
1520 1
1521 0
1522 3
1523 2
1524 5
1525 3
1526 5
1527 4
1528 2
1529 2
1530 1
1531 1
1532 1
1533 3
1534 3
1535 5
1536 1
1537 3
1538 2
1539 3
1540 3
1541 3
1542 6
1543 4
1544 3
1545 1
1546 5
1547 5
1548 6
1549 3
1550 4
1551 2
1552 2
1553 1
1554 6
1555 3
1556 3
1557 5
1558 2
1559 2
1560 2
1561 2
1562 3
1563 2
1564 5
1565 1
1566 1
1567 1
1568 4
1569 2
1570 1
1571 5
1572 3
1573 2
1574 4
1575 3
1576 1
1577 0
1578 2
1579 4
1580 2
1581 1
1582 1
1583 3
1584 1
1585 0
1586 1
1587 1
1588 1
1589 7
1590 1
1591 3
1592 2
1593 2
1594 0
1595 2
1596 1
1597 1
1598 0
1599 2
1600 2
1601 3
1602 0
1603 0
1604 3
1605 2
1606 2
1607 3
1608 1
1609 1
1610 1
1611 2
1612 1
1613 3
1614 3
1615 0
1616 3
1617 0
1618 1
1619 2
1620 0
1621 3
1622 2
1623 1
1624 1
1625 4
1626 4
1627 2
1628 4
1629 0
1630 0
1631 1
1632 1
1633 1
1634 2
1635 3
1636 1
1637 0
1638 2
1639 1
1640 1
1641 2
1642 3
1643 1
1644 0
1645 1
1646 0
1647 3
1648 0
1649 1
1650 2
1651 2
1652 1
1653 4
1654 4
1655 1
1656 1
1657 0
1658 0
1659 0
1660 4
1661 1
1662 2
1663 2
1664 0
1665 1
1666 2
1667 2
1668 1
1669 1
1670 1
1671 1
1672 1
1673 0
1674 1
1675 1
1676 0
1677 2
1678 0
1679 5
1680 1
1681 3
1682 0
1683 1
1684 0
1685 2
1686 1
1687 2
1688 0
1689 3
1690 0
1691 1
1692 1
1693 1
1694 2
1695 2
1696 1
1697 4
1698 2
1699 3
1700 0
1701 1
1702 1
1703 1
1704 1
1705 0
1706 0
1707 1
1708 0
1709 0
1710 1
1711 0
1712 0
1713 2
1714 1
1715 0
1716 0
1717 2
1718 0
1719 1
1720 0
1721 0
1722 2
1723 4
1724 0
1725 2
1726 0
1727 1
1728 0
1729 2
1730 1
1731 0
1732 4
1733 0
1734 1
1735 1
1736 0
1737 3
1738 1
1739 0
1740 0
1741 1
1742 2
1743 0
1744 0
1745 0
1746 0
1747 3
1748 1
1749 1
1750 1
1751 0
1752 1
1753 3
1754 0
1755 1
1756 2
1757 1
1758 0
1759 2
1760 2
1761 0
1762 1
1763 2
1764 0
1765 1
1766 0
1767 1
1768 3
1769 1
1770 1
1771 0
1772 0
1773 1
1774 0
1775 2
1776 0
1777 2
1778 1
1779 1
1780 1
1781 1
1782 0
1783 0
1784 0
1785 2
1786 0
1787 1
1788 2
1789 1
1790 1
1791 0
1792 3
1793 3
1794 1
1795 1
1796 1
1797 1
1798 0
1799 1
1800 0
1801 2
1802 1
1803 0
1804 0
1805 2
1806 0
1807 0
1808 0
1809 0
1810 0
1811 0
1812 0
1813 2
1814 0
1815 0
1816 0
1817 0
1818 0
1819 0
1820 1
1821 1
1822 1
1823 1
1824 0
1825 0
1826 3
1827 1
1828 1
1829 0
1830 0
1831 1
1832 0
1833 1
1834 1
1835 1
1836 0
1837 0
1838 0
1839 1
1840 0
1841 0
1842 0
1843 1
1844 1
1845 0
1846 1
1847 0
1848 1
1849 0
1850 0
1851 2
1852 0
1853 0
1854 0
1855 0
1856 1
1857 1
1858 1
1859 1
1860 0
1861 0
1862 0
1863 1
1864 0
1865 0
1866 0
1867 0
1868 0
1869 1
1870 1
1871 1
1872 0
1873 0
1874 0
1875 0
1876 0
1877 0
1878 1
1879 1
1880 0
1881 0
1882 0
1883 0
1884 0
1885 0
1886 0
1887 1
1888 2
1889 0
1890 0
1891 1
1892 1
1893 0
1894 1
1895 0
1896 0
1897 0
1898 0
1899 1
1900 0
1901 1
1902 0
1903 0
1904 1
1905 0
1906 1
1907 0
1908 0
1909 1
1910 0
1911 0
1912 2
1913 0
1914 2
1915 0
1916 1
1917 0
1918 0
1919 0
1920 0
1921 0
1922 0
1923 0
1924 0
1925 0
1926 0
1927 1
1928 0
1929 1
1930 2
1931 1
1932 0
1933 0
1934 0
1935 0
1936 0
1937 0
1938 1
1939 1
1940 2
1941 1
1942 0
1943 0
1944 0
1945 2
1946 0
1947 0
1948 0
1949 0
1950 0
1951 0
1952 0
1953 1
1954 0
1955 1
1956 1
1957 1
1958 0
1959 0
1960 0
1961 0
1962 0
1963 0
1964 0
1965 1
1966 0
1967 0
1968 1
1969 1
1970 0
1971 0
1972 1
1973 0
1974 0
1975 1
1976 1
1977 0
1978 0
1979 0
1980 1
1981 0
1982 0
1983 1
1984 0
1985 1
1986 0
1987 0
1988 0
1989 0
1990 0
1991 0
1992 0
1993 0
1994 0
1995 0
1996 0
1997 0
1998 0
1999 0
2000 0
2001 0
2002 0
2003 0
2004 0
2005 0
2006 2
2007 2
2008 0
2009 0
2010 0
2011 0
2012 0
2013 0
2014 0
2015 0
2016 0
2017 2
2018 0
2019 1
2020 0
2021 0
2022 1
2023 0
2024 0
2025 0
2026 0
2027 0
2028 0
2029 0
2030 0
2031 0
2032 0
2033 1
2034 1
2035 0
2036 0
2037 1
2038 0
2039 0
2040 0
2041 0
2042 0
2043 1
2044 0
2045 0
2046 0
2047 0
2048 0
2049 0
2050 0
2051 0
2052 0
2053 0
2054 0
2055 0
2056 0
2057 0
2058 0
2059 0
2060 1
2061 0
2062 0
2063 0
2064 0
2065 0
2066 0
2067 1
2068 0
2069 0
2070 1
2071 0
2072 0
2073 0
2074 0
2075 0
2076 0
2077 0
2078 1
2079 0
2080 1
2081 0
2082 0
2083 0
2084 0
2085 1
2086 0
2087 0
2088 0
2089 1
2090 0
2091 0
2092 0
2093 0
2094 0
2095 0
2096 0
2097 0
2098 1
2099 0
2100 1
2101 0
2102 0
2103 0
2104 0
2105 1
2106 0
2107 0
2108 0
2109 0
2110 1
2111 0
2112 0
2113 0
2114 0
2115 0
2116 0
2117 0
2118 0
2119 0
2120 0
2121 0
2122 0
2123 0
2124 0
2125 0
2126 0
2127 0
2128 0
2129 0
2130 0
2131 0
2132 0
2133 1
2134 0
2135 1
2136 0
2137 1
2138 1
2139 0
2140 0
2141 0
2142 0
2143 0
2144 2
2145 0
2146 0
2147 0
2148 0
2149 0
2150 0
2151 0
2152 0
2153 1
2154 0
2155 0
2156 0
2157 0
2158 0
2159 0
2160 0
2161 1
2162 0
2163 0
2164 0
2165 0
2166 0
2167 0
2168 0
2169 0
2170 0
2171 0
2172 0
2173 1
2174 0
2175 0
2176 0
2177 0
2178 0
2179 0
2180 0
2181 1
2182 0
2183 0
2184 0
2185 1
2186 0
2187 0
2188 0
2189 0
2190 0
2191 0
2192 0
2193 0
2194 0
2195 1
2196 0
2197 0
2198 0
2199 0
2200 0
2201 0
2202 0
2203 0
2204 0
2205 1
2206 0
2207 0
2208 0
2209 1
2210 0
2211 0
2212 0
2213 0
2214 1
2215 0
2216 0
2217 0
2218 0
2219 0
2220 0
2221 0
2222 0
2223 0
2224 0
2225 0
2226 0
2227 0
2228 0
2229 0
2230 0
2231 0
2232 0
2233 0
2234 0
2235 0
2236 0
2237 0
2238 0
2239 0
2240 0
2241 0
2242 0
2243 0
2244 0
2245 0
2246 0
2247 0
2248 0
2249 0
2250 0
2251 0
2252 0
2253 0
2254 0
2255 0
2256 0
2257 0
2258 0
2259 0
2260 0
2261 0
2262 0
2263 0
2264 0
2265 0
2266 0
2267 0
2268 0
2269 0
2270 0
2271 0
2272 0
2273 0
2274 0
2275 0
2276 0
2277 0
2278 0
2279 1
2280 0
2281 0
2282 0
2283 0
2284 0
2285 0
2286 0
2287 0
2288 0
2289 0
2290 0
2291 0
2292 1
2293 0
2294 0
2295 0
2296 0
2297 0
2298 0
2299 0
2300 0
2301 0
2302 0
2303 0
2304 0
2305 0
2306 0
2307 0
2308 0
2309 0
2310 0
2311 0
2312 0
2313 0
2314 0
2315 0
2316 0
2317 0
2318 0
2319 0
2320 0
2321 0
2322 0
2323 0
2324 0
2325 0
2326 1
2327 0
2328 0
2329 0
2330 0
2331 0
2332 0
2333 0
2334 0
2335 0
2336 1
2337 0
2338 0
2339 0
2340 0
2341 0
2342 0
2343 0
2344 0
2345 0
2346 0
2347 0
2348 0
2349 0
2350 0
2351 1
2352 0
2353 0
2354 0
2355 0
2356 0
2357 0
2358 0
2359 0
2360 0
2361 0
2362 0
2363 0
2364 0
2365 0
2366 0
2367 0
2368 0
2369 0
2370 0
2371 0
2372 0
2373 0
2374 0
2375 0
2376 0
2377 0
2378 0
2379 0
2380 0
2381 0
2382 0
2383 0
2384 0
2385 0
2386 0
2387 0
2388 0
2389 0
2390 0
2391 0
2392 0
2393 0
2394 0
2395 0
2396 0
2397 0
2398 0
2399 0
2400 0
2401 0
2402 0
2403 0
2404 0
2405 1
2406 0
2407 0
2408 0
2409 1
2410 0
2411 0
2412 0
2413 0
2414 1
2415 0
2416 0
2417 0
2418 0
2419 0
2420 0
2421 0
2422 0
2423 2
2424 0
2425 0
2426 0
2427 0
2428 0
2429 0
2430 0
2431 1
2432 0
2433 0
2434 0
2435 0
2436 0
2437 0
2438 0
2439 1
2440 0
2441 0
2442 1
2443 0
2444 0
2445 0
2446 0
2447 0
2448 0
2449 0
2450 0
2451 0
2452 0
2453 0
2454 0
2455 0
2456 0
2457 0
2458 0
2459 0
2460 0
2461 0
2462 0
2463 0
2464 1
2465 0
2466 0
2467 0
2468 0
2469 0
2470 0
2471 0
2472 0
2473 0
2474 0
2475 0
2476 0
2477 0
2478 0
2479 0
2480 0
2481 0
2482 0
2483 0
2484 0
2485 0
2486 1
2487 0
2488 0
2489 0
2490 0
2491 0
2492 0
2493 0
2494 0
2495 0
2496 0
2497 0
2498 0
2499 0
2500 0
2501 0
2502 0
2503 0
2504 0
2505 0
2506 0
2507 0
2508 0
2509 0
2510 0
2511 0
2512 0
2513 0
2514 0
2515 0
2516 1
2517 0
2518 0
2519 0
2520 0
2521 0
2522 0
2523 0
2524 0
2525 0
2526 0
2527 0
2528 0
2529 0
2530 0
2531 0
2532 0
2533 0
2534 0
2535 0
2536 0
2537 0
2538 0
2539 0
2540 0
2541 0
2542 0
2543 0
2544 0
2545 0
2546 0
2547 0
2548 0
2549 0
2550 1
2551 0
2552 0
2553 0
2554 0
2555 0
2556 0
2557 0
2558 0
2559 0
2560 0
2561 0
2562 0
2563 0
2564 0
2565 0
2566 0
2567 0
2568 0
2569 0
2570 0
2571 0
2572 0
2573 0
2574 0
2575 0
2576 0
2577 0
2578 0
2579 0
2580 0
2581 0
2582 0
2583 1
2584 1
2585 0
2586 0
2587 0
2588 0
2589 0
2590 0
2591 0
2592 0
2593 0
2594 0
2595 0
2596 0
2597 0
2598 0
2599 0
2600 0
2601 0
2602 1
2603 0
2604 0
2605 0
2606 0
2607 0
2608 0
2609 0
2610 0
2611 0
2612 0
2613 0
2614 0
2615 0
2616 0
2617 0
2618 0
2619 0
2620 0
2621 0
2622 0
2623 0
2624 0
2625 0
2626 0
2627 1
2628 0
2629 0
2630 0
2631 0
2632 0
2633 0
2634 0
2635 0
2636 0
2637 0
2638 0
2639 0
2640 0
2641 0
2642 0
2643 0
2644 0
2645 0
2646 0
2647 0
2648 0
2649 0
2650 0
2651 0
2652 0
2653 0
2654 0
2655 0
2656 0
2657 0
2658 0
2659 0
2660 0
2661 0
2662 0
2663 0
2664 0
2665 0
2666 0
2667 0
2668 0
2669 0
2670 0
2671 0
2672 0
2673 0
2674 0
2675 0
2676 0
2677 0
2678 1
2679 0
2680 0
2681 0
2682 0
2683 0
2684 0
2685 0
2686 0
2687 1
2688 0
2689 0
2690 0
2691 0
2692 0
2693 0
2694 0
2695 0
2696 0
2697 0
2698 0
2699 0
2700 0
2701 0
2702 0
2703 0
2704 0
2705 0
2706 0
2707 0
2708 0
2709 0
2710 0
2711 1
2712 0
2713 0
2714 0
2715 0
2716 0
2717 0
2718 0
2719 0
2720 0
2721 0
2722 0
2723 0
2724 0
2725 0
2726 0
2727 0
2728 0
2729 0
2730 0
2731 0
2732 0
2733 0
2734 0
2735 0
2736 0
2737 0
2738 0
2739 0
2740 0
2741 0
2742 0
2743 0
2744 0
2745 0
2746 0
2747 0
2748 0
2749 0
2750 0
2751 0
2752 0
2753 0
2754 1
2755 0
2756 0
2757 0
2758 0
2759 0
2760 0
2761 0
2762 0
2763 0
2764 1
2765 0
2766 0
2767 0
2768 0
2769 0
2770 0
2771 0
2772 0
2773 0
2774 0
2775 0
2776 1
2777 0
2778 0
2779 0
2780 0
2781 0
2782 0
2783 0
2784 0
2785 0
2786 0
2787 0
2788 0
2789 0
2790 0
2791 0
2792 0
2793 0
2794 0
2795 0
2796 0
2797 0
2798 0
2799 0
2800 0
2801 0
2802 0
2803 0
2804 0
2805 0
2806 0
2807 0
2808 0
2809 0
2810 0
2811 0
2812 0
2813 0
2814 0
2815 0
2816 0
2817 1
2818 0
2819 0
2820 0
2821 0
2822 0
2823 0
2824 0
2825 0
2826 0
2827 0
2828 0
2829 0
2830 0
2831 0
2832 0
2833 0
2834 0
2835 0
2836 0
2837 0
2838 0
2839 0
2840 0
2841 0
2842 0
2843 0
2844 0
2845 0
2846 0
2847 0
2848 0
2849 0
2850 0
2851 0
2852 0
2853 0
2854 0
2855 0
2856 0
2857 0
2858 0
2859 0
2860 0
2861 0
2862 0
2863 0
2864 0
2865 0
2866 0
2867 0
2868 0
2869 0
2870 0
2871 0
2872 0
2873 0
2874 0
2875 0
2876 0
2877 0
2878 0
2879 0
2880 0
2881 0
2882 0
2883 0
2884 0
2885 0
2886 0
2887 0
2888 0
2889 0
2890 0
2891 0
2892 0
2893 0
2894 0
2895 0
2896 0
2897 0
2898 0
2899 0
2900 0
2901 0
2902 0
2903 0
2904 0
2905 0
2906 0
2907 0
2908 0
2909 0
2910 0
2911 0
2912 0
2913 0
2914 0
2915 0
2916 0
2917 0
2918 0
2919 0
2920 0
2921 0
2922 0
2923 0
2924 0
2925 0
2926 0
2927 0
2928 0
2929 0
2930 0
2931 0
2932 0
2933 0
2934 0
2935 0
2936 0
2937 0
2938 0
2939 0
2940 0
2941 0
2942 1
2943 1
2944 0
2945 0
2946 0
2947 0
2948 0
2949 0
2950 0
2951 0
2952 0
2953 0
2954 0
2955 0
2956 0
2957 0
2958 0
2959 0
2960 0
2961 0
2962 0
2963 0
2964 0
2965 0
2966 0
2967 0
2968 0
2969 0
2970 0
2971 0
2972 0
2973 0
2974 0
2975 0
2976 0
2977 0
2978 0
2979 0
2980 0
2981 0
2982 0
2983 0
2984 0
2985 0
2986 0
2987 0
2988 0
2989 1
2990 0
2991 0
2992 0
2993 0
2994 0
2995 0
2996 0
2997 0
2998 0
2999 0
3000 0
3001 0
3002 0
3003 0
3004 0
3005 0
3006 0
3007 0
3008 0
3009 0
3010 0
3011 0
3012 0
3013 0
3014 0
3015 0
3016 0
3017 0
3018 0
3019 0
3020 0
3021 0
3022 0
3023 0
3024 0
3025 0
3026 0
3027 0
3028 0
3029 0
3030 0
3031 1
3032 0
3033 0
3034 0
3035 0
3036 0
3037 0
3038 0
3039 0
3040 0
3041 0
3042 0
3043 0
3044 0
3045 0
3046 0
3047 0
3048 0
3049 0
3050 0
3051 0
3052 0
3053 0
3054 0
3055 0
3056 0
3057 0
3058 0
3059 0
3060 0
3061 0
3062 0
3063 1
3064 0
3065 0
3066 0
3067 0
3068 0
3069 0
3070 0
3071 0
3072 0
3073 0
3074 0
3075 0
3076 0
3077 0
3078 0
3079 0
3080 0
3081 1
3082 0
3083 0
3084 0
3085 0
3086 0
3087 0
3088 0
3089 0
3090 0
3091 0
3092 0
3093 0
3094 0
3095 0
3096 0
3097 0
3098 0
3099 0
3100 0
3101 0
3102 0
3103 0
3104 0
3105 0
3106 0
3107 0
3108 0
3109 0
3110 0
3111 0
3112 0
3113 0
3114 0
3115 0
3116 0
3117 0
3118 0
3119 0
3120 0
3121 0
3122 0
3123 0
3124 0
3125 0
3126 0
3127 0
3128 0
3129 0
3130 0
3131 0
3132 0
3133 0
3134 0
3135 0
3136 0
3137 0
3138 0
3139 0
3140 0
3141 0
3142 0
3143 0
3144 0
3145 0
3146 0
3147 0
3148 0
3149 0
3150 0
3151 0
3152 0
3153 0
3154 0
3155 0
3156 1
3157 0
3158 0
3159 0
3160 0
3161 0
3162 0
3163 0
3164 0
3165 0
3166 0
3167 0
3168 0
3169 0
3170 0
3171 0
3172 0
3173 0
3174 0
3175 0
3176 0
3177 0
3178 0
3179 0
3180 0
3181 0
3182 0
3183 0
3184 0
3185 1
3186 0
3187 0
3188 0
3189 0
3190 0
3191 0
3192 0
3193 0
3194 0
3195 0
3196 0
3197 0
3198 0
3199 0
3200 0
3201 0
3202 0
3203 0
3204 0
3205 0
3206 0
3207 0
3208 0
3209 0
3210 0
3211 0
3212 0
3213 0
3214 0
3215 0
3216 0
3217 0
3218 0
3219 0
3220 0
3221 0
3222 1
3223 0
3224 0
3225 0
3226 0
3227 0
3228 0
3229 0
3230 1
3231 0
3232 0
3233 0
3234 0
3235 0
3236 1
3237 0
3238 0
3239 0
3240 0
3241 0
3242 0
3243 0
3244 0
3245 0
3246 0
3247 0
3248 0
3249 0
3250 0
3251 0
3252 0
3253 0
3254 0
3255 0
3256 0
3257 0
3258 0
3259 0
3260 0
3261 0
3262 0
3263 0
3264 0
3265 0
3266 0
3267 0
3268 1
3269 0
3270 0
3271 0
3272 0
3273 0
3274 0
3275 0
3276 0
3277 0
3278 0
3279 0
3280 0
3281 0
3282 0
3283 0
3284 0
3285 0
3286 0
3287 0
3288 0
3289 0
3290 0
3291 0
3292 0
3293 0
3294 0
3295 0
3296 0
3297 0
3298 0
3299 0
3300 0
3301 0
3302 0
3303 0
3304 0
3305 0
3306 0
3307 0
3308 0
3309 0
3310 0
3311 0
3312 0
3313 0
3314 0
3315 0
3316 0
3317 0
3318 0
3319 0
3320 0
3321 0
3322 0
3323 0
3324 0
3325 0
3326 0
3327 0
3328 0
3329 0
3330 0
3331 0
3332 0
3333 0
3334 1
3335 0
3336 0
3337 0
3338 0
3339 0
3340 0
3341 0
3342 0
3343 0
3344 0
3345 0
3346 0
3347 0
3348 0
3349 0
3350 0
3351 0
3352 0
3353 0
3354 0
3355 0
3356 0
3357 0
3358 0
3359 0
3360 0
3361 0
3362 0
3363 0
3364 0
3365 0
3366 0
3367 0
3368 0
3369 0
3370 0
3371 0
3372 1
3373 0
3374 0
3375 0
3376 0
3377 0
3378 0
3379 0
3380 0
3381 0
3382 0
3383 0
3384 0
3385 0
3386 0
3387 0
3388 0
3389 0
3390 0
3391 0
3392 0
3393 0
3394 0
3395 0
3396 0
3397 0
3398 0
3399 0
3400 0
3401 0
3402 0
3403 0
3404 0
3405 0
3406 0
3407 0
3408 0
3409 0
3410 0
3411 0
3412 0
3413 0
3414 0
3415 0
3416 0
3417 0
3418 0
3419 0
3420 0
3421 0
3422 0
3423 0
3424 0
3425 0
3426 0
3427 0
3428 0
3429 0
3430 0
3431 0
3432 0
3433 0
3434 0
3435 0
3436 0
3437 0
3438 0
3439 0
3440 0
3441 0
3442 0
3443 0
3444 0
3445 0
3446 0
3447 0
3448 0
3449 0
3450 0
3451 0
3452 0
3453 0
3454 0
3455 0
3456 0
3457 0
3458 0
3459 0
3460 0
3461 0
3462 0
3463 0
3464 0
3465 0
3466 0
3467 0
3468 0
3469 0
3470 0
3471 0
3472 0
3473 0
3474 0
3475 0
3476 0
3477 0
3478 0
3479 0
3480 0
3481 0
3482 0
3483 0
3484 0
3485 0
3486 0
3487 0
3488 0
3489 0
3490 0
3491 0
3492 0
3493 0
3494 0
3495 0
3496 0
3497 0
3498 0
3499 0
3500 1
3501 0
3502 0
3503 0
3504 0
3505 0
3506 0
3507 0
3508 0
3509 0
3510 0
3511 0
3512 0
3513 0
3514 0
3515 0
3516 0
3517 0
3518 0
3519 0
3520 0
3521 0
3522 0
3523 0
3524 0
3525 0
3526 0
3527 0
3528 0
3529 0
3530 0
3531 0
3532 0
3533 0
3534 0
3535 0
3536 0
3537 0
3538 0
3539 0
3540 0
3541 0
3542 0
3543 0
3544 0
3545 0
3546 0
3547 0
3548 0
3549 0
3550 0
3551 0
3552 0
3553 0
3554 0
3555 0
3556 0
3557 0
3558 0
3559 0
3560 0
3561 0
3562 0
3563 0
3564 0
3565 0
3566 0
3567 0
3568 0
3569 0
3570 0
3571 0
3572 0
3573 0
3574 0
3575 0
3576 0
3577 0
3578 0
3579 0
3580 0
3581 0
3582 0
3583 0
3584 0
3585 0
3586 0
3587 0
3588 0
3589 0
3590 0
3591 0
3592 0
3593 0
3594 0
3595 0
3596 0
3597 0
3598 0
3599 0
3600 1
3601 0
3602 0
3603 0
3604 0
3605 0
3606 0
3607 0
3608 0
3609 0
3610 0
3611 0
3612 0
3613 0
3614 1
3615 0
3616 0
3617 0
3618 0
3619 0
3620 0
3621 0
3622 0
3623 0
3624 0
3625 0
3626 0
3627 0
3628 0
3629 0
3630 0
3631 0
3632 0
3633 0
3634 0
3635 0
3636 0
3637 0
3638 0
3639 0
3640 0
3641 0
3642 0
3643 0
3644 0
3645 0
3646 0
3647 0
3648 0
3649 0
3650 0
3651 0
3652 0
3653 0
3654 0
3655 0
3656 0
3657 0
3658 0
3659 0
3660 0
3661 0
3662 0
3663 0
3664 0
3665 0
3666 0
3667 0
3668 0
3669 0
3670 0
3671 0
3672 0
3673 0
3674 0
3675 0
3676 0
3677 0
3678 0
3679 0
3680 0
3681 0
3682 0
3683 0
3684 0
3685 0
3686 0
3687 0
3688 0
3689 0
3690 0
3691 0
3692 1
3693 0
3694 0
3695 1
3696 0
3697 0
3698 0
3699 0
3700 0
3701 0
3702 0
3703 0
3704 0
3705 0
3706 0
3707 0
3708 0
3709 0
3710 0
3711 0
3712 0
3713 0
3714 0
3715 0
3716 0
3717 0
3718 0
3719 1
3720 0
3721 0
3722 0
3723 0
3724 0
3725 0
3726 0
3727 0
3728 0
3729 0
3730 0
3731 1
3732 0
3733 0
3734 0
3735 0
3736 0
3737 0
3738 0
3739 0
3740 0
3741 0
3742 0
3743 0
3744 0
3745 0
3746 0
3747 0
3748 0
3749 0
3750 0
3751 0
3752 0
3753 0
3754 0
3755 0
3756 0
3757 0
3758 0
3759 0
3760 0
3761 0
3762 0
3763 0
3764 0
3765 0
3766 0
3767 1
3768 0
3769 0
3770 0
3771 0
3772 0
3773 0
3774 0
3775 0
3776 0
3777 0
3778 0
3779 0
3780 0
3781 0
3782 0
3783 0
3784 0
3785 0
3786 0
3787 0
3788 0
3789 0
3790 0
3791 0
3792 0
3793 0
3794 0
3795 0
3796 0
3797 0
3798 0
3799 0
3800 0
3801 0
3802 0
3803 0
3804 0
3805 0
3806 0
3807 0
3808 0
3809 0
3810 0
3811 0
3812 0
3813 0
3814 0
3815 0
3816 0
3817 0
3818 0
3819 0
3820 0
3821 0
3822 0
3823 0
3824 0
3825 0
3826 0
3827 0
3828 0
3829 0
3830 0
3831 0
3832 0
3833 0
3834 0
3835 0
3836 0
3837 0
3838 0
3839 0
3840 0
3841 0
3842 0
3843 0
3844 0
3845 0
3846 0
3847 0
3848 0
3849 0
3850 0
3851 0
3852 0
3853 0
3854 0
3855 0
3856 0
3857 0
3858 0
3859 0
3860 0
3861 0
3862 0
3863 0
3864 0
3865 0
3866 0
3867 0
3868 0
3869 0
3870 0
3871 0
3872 0
3873 0
3874 0
3875 0
3876 0
3877 0
3878 0
3879 0
3880 0
3881 0
3882 0
3883 0
3884 0
3885 0
3886 0
3887 0
3888 0
3889 0
3890 0
3891 0
3892 0
3893 0
3894 0
3895 0
3896 0
3897 0
3898 0
3899 0
3900 0
3901 0
3902 0
3903 0
3904 0
3905 0
3906 0
3907 0
3908 0
3909 0
3910 0
3911 0
3912 0
3913 0
3914 0
3915 0
3916 0
3917 0
3918 0
3919 0
3920 0
3921 0
3922 0
3923 0
3924 0
3925 0
3926 0
3927 0
3928 0
3929 0
3930 0
3931 0
3932 0
3933 0
3934 0
3935 0
3936 0
3937 0
3938 0
3939 0
3940 0
3941 0
3942 0
3943 0
3944 0
3945 0
3946 0
3947 0
3948 0
3949 0
3950 0
3951 0
3952 0
3953 0
3954 0
3955 0
3956 0
3957 0
3958 0
3959 0
3960 0
3961 0
3962 0
3963 0
3964 0
3965 0
3966 0
3967 0
3968 0
3969 0
3970 0
3971 0
3972 0
3973 0
3974 0
3975 1
3976 0
3977 0
3978 0
3979 0
3980 0
3981 0
3982 0
3983 0
3984 0
3985 0
3986 0
3987 0
3988 0
3989 0
3990 0
3991 0
3992 0
3993 0
3994 0
3995 0
3996 0
3997 0
3998 0
3999 0
4000 0
