0 0
1 0
2 0
3 0
4 0
5 0
6 0
7 0
8 0
9 0
10 0
11 0
12 0
13 0
14 0
15 0
16 0
17 0
18 0
19 0
20 0
21 0
22 0
23 0
24 0
25 0
26 0
27 0
28 0
29 0
30 0
31 0
32 0
33 0
34 0
35 0
36 0
37 0
38 0
39 0
40 0
41 0
42 0
43 0
44 0
45 0
46 0
47 0
48 0
49 0
50 0
51 0
52 0
53 0
54 0
55 0
56 0
57 0
58 0
59 0
60 0
61 0
62 0
63 0
64 0
65 0
66 0
67 0
68 0
69 0
70 0
71 0
72 0
73 0
74 0
75 0
76 0
77 0
78 0
79 0
80 0
81 0
82 0
83 0
84 0
85 0
86 0
87 0
88 0
89 0
90 0
91 0
92 0
93 0
94 0
95 0
96 0
97 0
98 0
99 0
100 0
101 0
102 0
103 0
104 0
105 0
106 0
107 0
108 0
109 0
110 0
111 0
112 0
113 0
114 0
115 0
116 0
117 0
118 0
119 0
120 0
121 0
122 0
123 0
124 0
125 0
126 0
127 0
128 0
129 0
130 0
131 0
132 0
133 0
134 0
135 0
136 0
137 0
138 0
139 0
140 0
141 0
142 0
143 0
144 0
145 0
146 0
147 1
148 0
149 0
150 1
151 1
152 1
153 4
154 6
155 5
156 2
157 7
158 2
159 6
160 9
161 7
162 5
163 7
164 8
165 10
166 5
167 5
168 8
169 8
170 4
171 7
172 5
173 6
174 10
175 17
176 22
177 53
178 63
179 94
180 107
181 132
182 167
183 199
184 257
185 379
186 662
187 1024
188 1830
189 2396
190 2999
191 3308
192 3579
193 3533
194 3422
195 3124
196 2992
197 2786
198 2447
199 2340
200 2132
201 1981
202 1883
203 1740
204 1652
205 1598
206 1593
207 1473
208 1405
209 1387
210 1440
211 1329
212 1365
213 1386
214 1437
215 1424
216 1442
217 1374
218 1446
219 1448
220 1464
221 1477
222 1506
223 1463
224 1522
225 1545
226 1497
227 1641
228 1648
229 1668
230 1585
231 1705
232 1646
233 1711
234 1771
235 1763
236 1724
237 1779
238 1845
239 1778
240 1859
241 1869
242 1843
243 1863
244 1878
245 1963
246 1953
247 1952
248 1967
249 1970
250 2077
251 1972
252 2018
253 2075
254 2033
255 2112
256 2119
257 2107
258 2189
259 2078
260 2179
261 2110
262 2237
263 2226
264 2294
265 2317
266 2257
267 2242
268 2228
269 2155
270 2261
271 2322
272 2315
273 2340
274 2341
275 2304
276 2408
277 2410
278 2380
279 2352
280 2413
281 2352
282 2461
283 2490
284 2504
285 2403
286 2476
287 2407
288 2427
289 2500
290 2467
291 2468
292 2548
293 2530
294 2560
295 2554
296 2476
297 2463
298 2552
299 2513
300 2552
301 2486
302 2539
303 2478
304 2501
305 2493
306 2541
307 2556
308 2531
309 2531
310 2634
311 2594
312 2447
313 2479
314 2483
315 2529
316 2522
317 2577
318 2525
319 2561
320 2514
321 2504
322 2491
323 2460
324 2513
325 2487
326 2512
327 2572
328 2458
329 2480
330 2517
331 2457
332 2497
333 2426
334 2470
335 2468
336 2476
337 2338
338 2427
339 2585
340 2315
341 2410
342 2448
343 2426
344 2409
345 2330
346 2397
347 2365
348 2260
349 2390
350 2328
351 2295
352 2337
353 2275
354 2337
355 2337
356 2365
357 2256
358 2252
359 2238
360 2251
361 2230
362 2159
363 2184
364 2161
365 2205
366 2093
367 2120
368 2100
369 2195
370 2124
371 2150
372 2069
373 2045
374 2047
375 2005
376 2136
377 2011
378 1947
379 2009
380 1909
381 1942
382 1854
383 1869
384 1959
385 1907
386 1878
387 1928
388 1871
389 1866
390 1776
391 1791
392 1848
393 1791
394 1781
395 1758
396 1710
397 1721
398 1758
399 1685
400 1712
401 1625
402 1621
403 1622
404 1607
405 1627
406 1626
407 1626
408 1596
409 1595
410 1511
411 1549
412 1507
413 1450
414 1462
415 1488
416 1350
417 1392
418 1486
419 1407
420 1440
421 1378
422 1433
423 1464
424 1354
425 1368
426 1394
427 1326
428 1343
429 1307
430 1324
431 1227
432 1275
433 1229
434 1233
435 1163
436 1180
437 1219
438 1182
439 1219
440 1159
441 1105
442 1191
443 1125
444 1141
445 1129
446 1093
447 1113
448 1135
449 1091
450 1054
451 1052
452 1084
453 1027
454 1063
455 955
456 998
457 980
458 949
459 991
460 962
461 928
462 947
463 980
464 955
465 836
466 852
467 884
468 864
469 843
470 895
471 848
472 805
473 924
474 789
475 831
476 864
477 808
478 816
479 769
480 767
481 761
482 763
483 747
484 709
485 751
486 752
487 701
488 736
489 756
490 673
491 719
492 713
493 715
494 664
495 668
496 693
497 665
498 683
499 669
500 606
501 654
502 619
503 599
504 640
505 637
506 597
507 604
508 607
509 614
510 622
511 554
512 566
513 564
514 551
515 555
516 569
517 542
518 572
519 565
520 512
521 546
522 545
523 585
524 541
525 547
526 553
527 545
528 534
529 536
530 525
531 485
532 510
533 562
534 485
535 464
536 485
537 530
538 482
539 511
540 474
541 458
542 417
543 470
544 402
545 456
546 447
547 447
548 453
549 455
550 436
551 439
552 440
553 422
554 455
555 434
556 427
557 381
558 448
559 407
560 421
561 427
562 448
563 426
564 411
565 385
566 408
567 433
568 419
569 387
570 384
571 367
572 407
573 396
574 386
575 420
576 369
577 404
578 418
579 403
580 361
581 397
582 364
583 397
584 378
585 350
586 385
587 384
588 380
589 364
590 369
591 404
592 347
593 347
594 371
595 378
596 343
597 336
598 381
599 349
600 371
601 365
602 337
603 368
604 367
605 342
606 352
607 331
608 344
609 349
610 317
611 360
612 338
613 322
614 315
615 352
616 320
617 354
618 340
619 347
620 352
621 322
622 300
623 329
624 343
625 341
626 329
627 308
628 346
629 316
630 325
631 338
632 290
633 325
634 313
635 311
636 311
637 287
638 295
639 311
640 306
641 306
642 331
643 284
644 310
645 302
646 312
647 302
648 297
649 305
650 306
651 303
652 280
653 286
654 281
655 272
656 289
657 276
658 279
659 258
660 275
661 254
662 285
663 251
664 266
665 286
666 249
667 275
668 303
669 309
670 243
671 278
672 268
673 288
674 261
675 272
676 294
677 248
678 250
679 244
680 270
681 264
682 257
683 271
684 235
685 260
686 268
687 251
688 271
689 249
690 255
691 254
692 234
693 255
694 257
695 246
696 226
697 236
698 263
699 232
700 215
701 242
702 251
703 224
704 239
705 216
706 224
707 228
708 224
709 232
710 234
711 241
712 224
713 219
714 214
715 238
716 223
717 235
718 221
719 209
720 188
721 225
722 233
723 258
724 208
725 206
726 207
727 240
728 226
729 214
730 232
731 233
732 192
733 208
734 227
735 221
736 192
737 233
738 189
739 202
740 176
741 218
742 204
743 225
744 202
745 217
746 216
747 201
748 196
749 201
750 211
751 180
752 216
753 198
754 198
755 195
756 206
757 199
758 192
759 164
760 175
761 171
762 198
763 188
764 163
765 195
766 206
767 156
768 171
769 166
770 180
771 182
772 187
773 159
774 189
775 174
776 191
777 167
778 164
779 163
780 187
781 158
782 175
783 155
784 165
785 146
786 184
787 124
788 163
789 155
790 162
791 174
792 172
793 167
794 145
795 148
796 144
797 154
798 131
799 170
800 160
801 156
802 145
803 145
804 148
805 152
806 144
807 141
808 145
809 155
810 142
811 155
812 148
813 152
814 133
815 123
816 134
817 147
818 128
819 129
820 143
821 133
822 137
823 130
824 135
825 126
826 149
827 143
828 135
829 125
830 119
831 133
832 139
833 116
834 127
835 137
836 117
837 116
838 114
839 114
840 139
841 109
842 104
843 143
844 103
845 127
846 123
847 131
848 148
849 112
850 103
851 121
852 130
853 98
854 117
855 120
856 103
857 117
858 114
859 125
860 129
861 97
862 101
863 105
864 88
865 106
866 101
867 98
868 104
869 78
870 106
871 98
872 115
873 101
874 94
875 101
876 89
877 85
878 103
879 78
880 100
881 78
882 91
883 101
884 87
885 99
886 109
887 87
888 88
889 93
890 70
891 87
892 104
893 86
894 91
895 83
896 89
897 88
898 94
899 82
900 89
901 92
902 94
903 85
904 85
905 86
906 79
907 73
908 77
909 75
910 80
911 75
912 66
913 87
914 80
915 74
916 66
917 88
918 84
919 90
920 88
921 67
922 88
923 67
924 69
925 53
926 69
927 61
928 66
929 77
930 71
931 78
932 65
933 61
934 64
935 69
936 66
937 67
938 71
939 58
940 59
941 58
942 64
943 66
944 64
945 53
946 64
947 67
948 57
949 81
950 42
951 63
952 62
953 60
954 50
955 59
956 56
957 64
958 58
959 56
960 55
961 60
962 63
963 59
964 59
965 54
966 47
967 66
968 70
969 64
970 58
971 56
972 59
973 63
974 53
975 61
976 49
977 57
978 48
979 47
980 42
981 59
982 50
983 56
984 53
985 46
986 52
987 50
988 53
989 42
990 65
991 55
992 46
993 57
994 56
995 47
996 53
997 49
998 43
999 45
1000 43
1001 48
1002 58
1003 54
1004 49
1005 54
1006 47
1007 40
1008 37
1009 42
1010 48
1011 44
1012 39
1013 41
1014 47
1015 37
1016 51
1017 40
1018 36
1019 48
1020 36
1021 36
1022 35
1023 34
1024 28
1025 42
1026 44
1027 40
1028 40
1029 45
1030 48
1031 45
1032 29
1033 40
1034 43
1035 26
1036 34
1037 38
1038 39
1039 52
1040 37
1041 35
1042 33
1043 45
1044 44
1045 30
1046 34
1047 27
1048 36
1049 27
1050 30
1051 35
1052 27
1053 44
1054 31
1055 45
1056 28
1057 42
1058 37
1059 46
1060 30
1061 45
1062 37
1063 36
1064 36
1065 29
1066 32
1067 36
1068 31
1069 34
1070 27
1071 33
1072 32
1073 31
1074 31
1075 27
1076 30
1077 26
1078 19
1079 32
1080 33
1081 28
1082 19
1083 26
1084 27
1085 35
1086 34
1087 38
1088 20
1089 25
1090 24
1091 21
1092 30
1093 23
1094 33
1095 35
1096 23
1097 31
1098 26
1099 23
1100 20
1101 32
1102 21
1103 13
1104 23
1105 26
1106 19
1107 25
1108 26
1109 26
1110 16
1111 27
1112 28
1113 24
1114 30
1115 23
1116 25
1117 24
1118 24
1119 21
1120 24
1121 24
1122 18
1123 24
1124 21
1125 19
1126 27
1127 26
1128 15
1129 17
1130 22
1131 24
1132 31
1133 19
1134 20
1135 23
1136 26
1137 20
1138 21
1139 23
1140 27
1141 19
1142 25
1143 18
1144 27
1145 25
1146 18
1147 18
1148 29
1149 18
1150 18
1151 17
1152 21
1153 13
1154 18
1155 23
1156 14
1157 24
1158 24
1159 15
1160 16
1161 17
1162 27
1163 17
1164 22
1165 12
1166 22
1167 21
1168 16
1169 18
1170 21
1171 19
1172 24
1173 15
1174 14
1175 10
1176 23
1177 13
1178 20
1179 17
1180 25
1181 15
1182 23
1183 18
1184 15
1185 12
1186 16
1187 16
1188 20
1189 14
1190 19
1191 18
1192 20
1193 21
1194 15
1195 20
1196 19
1197 13
1198 14
1199 18
1200 15
1201 15
1202 18
1203 21
1204 19
1205 14
1206 17
1207 16
1208 6
1209 16
1210 14
1211 12
1212 13
1213 16
1214 12
1215 10
1216 16
1217 12
1218 14
1219 24
1220 15
1221 14
1222 19
1223 11
1224 12
1225 13
1226 15
1227 8
1228 14
1229 17
1230 9
1231 13
1232 12
1233 11
1234 14
1235 8
1236 9
1237 7
1238 13
1239 8
1240 16
1241 17
1242 21
1243 13
1244 11
1245 16
1246 10
1247 12
1248 16
1249 14
1250 9
1251 11
1252 11
1253 12
1254 14
1255 8
1256 17
1257 9
1258 11
1259 10
1260 8
1261 7
1262 13
1263 8
1264 9
1265 13
1266 10
1267 9
1268 9
1269 11
1270 10
1271 13
1272 8
1273 8
1274 11
1275 11
1276 7
1277 12
1278 6
1279 15
1280 9
1281 10
1282 12
1283 12
1284 8
1285 13
1286 6
1287 9
1288 13
1289 15
1290 11
1291 8
1292 6
1293 10
1294 8
1295 9
1296 5
1297 6
1298 1
1299 8
1300 9
1301 6
1302 12
1303 14
1304 9
1305 11
1306 11
1307 9
1308 7
1309 13
1310 11
1311 12
1312 11
1313 4
1314 9
1315 11
1316 11
1317 9
1318 8
1319 7
1320 8
1321 10
1322 5
1323 9
1324 6
1325 11
1326 8
1327 8
1328 13
1329 10
1330 11
1331 13
1332 6
1333 10
1334 11
1335 6
1336 8
1337 6
1338 9
1339 5
1340 10
1341 7
1342 4
1343 10
1344 7
1345 9
1346 2
1347 4
1348 12
1349 6
1350 5
1351 6
1352 13
1353 6
1354 5
1355 4
1356 5
1357 4
1358 6
1359 10
1360 11
1361 6
1362 10
1363 4
1364 4
1365 11
1366 5
1367 4
1368 6
1369 10
1370 6
1371 6
1372 8
1373 10
1374 6
1375 4
1376 6
1377 5
1378 6
1379 5
1380 5
1381 12
1382 13
1383 8
1384 4
1385 5
1386 8
1387 6
1388 3
1389 5
1390 6
1391 7
1392 7
1393 3
1394 2
1395 7
1396 4
1397 5
1398 6
1399 9
1400 8
1401 8
1402 4
1403 2
1404 5
1405 4
1406 5
1407 2
1408 7
1409 8
1410 10
1411 2
1412 4
1413 4
1414 3
1415 5
1416 8
1417 10
1418 7
1419 4
1420 5
1421 2
1422 2
1423 7
1424 1
1425 4
1426 8
1427 7
1428 6
1429 5
1430 6
1431 0
1432 2
1433 4
1434 0
1435 6
1436 6
1437 6
1438 6
1439 4
1440 5
1441 4
1442 7
1443 3
1444 5
1445 8
1446 3
1447 3
1448 2
1449 4
1450 4
1451 9
1452 4
1453 8
1454 2
1455 9
1456 7
1457 6
1458 8
1459 4
1460 2
1461 3
1462 1
1463 7
1464 4
1465 1
1466 7
1467 4
1468 1
1469 3
1470 9
1471 0
1472 4
1473 4
1474 6
1475 5
1476 4
1477 4
1478 1
1479 4
1480 4
1481 4
1482 7
1483 3
1484 5
1485 4
1486 2
1487 3
1488 2
1489 2
1490 2
1491 6
1492 2
1493 4
1494 1
1495 3
1496 4
1497 3
1498 1
1499 5
1500 1
1501 2
1502 4
1503 2
1504 1
1505 3
1506 2
1507 2
1508 4
1509 1
1510 5
1511 1
1512 5
1513 2
1514 4
1515 1
1516 5
1517 3
1518 2
1519 4
1520 2
1521 5
1522 4
1523 5
1524 1
1525 4
1526 2
1527 3
1528 1
1529 8
1530 3
1531 1
1532 0
1533 2
1534 3
1535 2
1536 2
1537 4
1538 3
1539 4
1540 1
1541 5
1542 3
1543 2
1544 3
1545 5
1546 0
1547 3
1548 3
1549 3
1550 0
1551 3
1552 3
1553 0
1554 4
1555 3
1556 6
1557 2
1558 1
1559 2
1560 3
1561 1
1562 7
1563 4
1564 1
1565 3
1566 1
1567 2
1568 1
1569 2
1570 1
1571 2
1572 3
1573 2
1574 3
1575 5
1576 1
1577 3
1578 2
1579 2
1580 0
1581 3
1582 1
1583 5
1584 4
1585 2
1586 1
1587 5
1588 1
1589 2
1590 9
1591 4
1592 2
1593 1
1594 1
1595 2
1596 2
1597 3
1598 1
1599 2
1600 0
1601 2
1602 2
1603 1
1604 4
1605 4
1606 2
1607 0
1608 2
1609 4
1610 1
1611 1
1612 3
1613 3
1614 2
1615 1
1616 2
1617 3
1618 1
1619 3
1620 0
1621 1
1622 3
1623 2
1624 0
1625 2
1626 1
1627 0
1628 4
1629 2
1630 3
1631 0
1632 0
1633 2
1634 2
1635 3
1636 3
1637 1
1638 2
1639 2
1640 2
1641 1
1642 0
1643 2
1644 2
1645 2
1646 1
1647 3
1648 2
1649 2
1650 2
1651 1
1652 1
1653 1
1654 2
1655 2
1656 2
1657 1
1658 1
1659 1
1660 2
1661 5
1662 3
1663 1
1664 1
1665 2
1666 2
1667 2
1668 0
1669 1
1670 0
1671 1
1672 1
1673 0
1674 2
1675 0
1676 1
1677 2
1678 0
1679 2
1680 1
1681 1
1682 1
1683 2
1684 1
1685 2
1686 2
1687 0
1688 1
1689 0
1690 1
1691 1
1692 3
1693 1
1694 2
1695 1
1696 0
1697 3
1698 0
1699 2
1700 2
1701 3
1702 0
1703 1
1704 1
1705 2
1706 1
1707 0
1708 0
1709 2
1710 1
1711 1
1712 2
1713 1
1714 3
1715 0
1716 1
1717 1
1718 0
1719 3
1720 1
1721 3
1722 2
1723 0
1724 1
1725 1
1726 0
1727 3
1728 0
1729 2
1730 2
1731 2
1732 1
1733 0
1734 1
1735 1
1736 2
1737 1
1738 0
1739 2
1740 3
1741 3
1742 1
1743 2
1744 1
1745 1
1746 2
1747 0
1748 1
1749 1
1750 0
1751 0
1752 0
1753 2
1754 1
1755 1
1756 0
1757 1
1758 0
1759 3
1760 1
1761 0
1762 2
1763 2
1764 1
1765 2
1766 1
1767 1
1768 1
1769 1
1770 3
1771 0
1772 1
1773 1
1774 3
1775 1
1776 1
1777 3
1778 0
1779 0
1780 1
1781 2
1782 1
1783 0
1784 2
1785 1
1786 1
1787 0
1788 0
1789 0
1790 0
1791 0
1792 4
1793 0
1794 1
1795 0
1796 0
1797 0
1798 0
1799 2
1800 0
1801 3
1802 0
1803 0
1804 2
1805 0
1806 1
1807 0
1808 0
1809 0
1810 0
1811 0
1812 1
1813 0
1814 1
1815 0
1816 1
1817 0
1818 1
1819 1
1820 2
1821 2
1822 2
1823 1
1824 0
1825 0
1826 0
1827 0
1828 0
1829 0
1830 0
1831 0
1832 2
1833 1
1834 0
1835 0
1836 0
1837 0
1838 3
1839 1
1840 0
1841 0
1842 1
1843 0
1844 0
1845 0
1846 0
1847 0
1848 0
1849 0
1850 0
1851 0
1852 0
1853 0
1854 0
1855 0
1856 0
1857 2
1858 1
1859 0
1860 0
1861 1
1862 0
1863 0
1864 1
1865 0
1866 0
1867 2
1868 0
1869 0
1870 1
1871 1
1872 0
1873 1
1874 1
1875 1
1876 1
1877 1
1878 0
1879 0
1880 0
1881 0
1882 1
1883 0
1884 2
1885 2
1886 0
1887 1
1888 0
1889 2
1890 0
1891 2
1892 0
1893 0
1894 0
1895 0
1896 0
1897 0
1898 0
1899 0
1900 1
1901 0
1902 1
1903 0
1904 1
1905 1
1906 0
1907 0
1908 0
1909 0
1910 0
1911 0
1912 1
1913 1
1914 0
1915 0
1916 0
1917 0
1918 0
1919 2
1920 1
1921 0
1922 0
1923 0
1924 2
1925 0
1926 0
1927 1
1928 0
1929 0
1930 0
1931 0
1932 0
1933 0
1934 0
1935 0
1936 1
1937 0
1938 1
1939 1
1940 0
1941 0
1942 0
1943 0
1944 0
1945 1
1946 0
1947 2
1948 0
1949 1
1950 1
1951 1
1952 0
1953 0
1954 0
1955 0
1956 0
1957 0
1958 0
1959 0
1960 1
1961 1
1962 0
1963 0
1964 1
1965 0
1966 1
1967 1
1968 2
1969 0
1970 0
1971 0
1972 0
1973 0
1974 3
1975 0
1976 0
1977 1
1978 0
1979 0
1980 0
1981 0
1982 0
1983 0
1984 0
1985 0
1986 1
1987 0
1988 0
1989 0
1990 0
1991 0
1992 0
1993 0
1994 0
1995 1
1996 0
1997 0
1998 1
1999 0
2000 1
2001 0
2002 0
2003 0
2004 1
2005 1
2006 2
2007 0
2008 0
2009 0
2010 0
2011 0
2012 0
2013 0
2014 0
2015 1
2016 0
2017 1
2018 0
2019 1
2020 0
2021 0
2022 0
2023 0
2024 0
2025 0
2026 0
2027 0
2028 0
2029 0
2030 1
2031 0
2032 0
2033 0
2034 0
2035 0
2036 0
2037 0
2038 1
2039 0
2040 0
2041 0
2042 0
2043 0
2044 0
2045 0
2046 0
2047 0
2048 0
2049 0
2050 0
2051 0
2052 0
2053 0
2054 0
2055 0
2056 0
2057 0
2058 0
2059 0
2060 0
2061 0
2062 0
2063 0
2064 0
2065 1
2066 0
2067 1
2068 0
2069 1
2070 1
2071 0
2072 0
2073 0
2074 1
2075 0
2076 0
2077 0
2078 0
2079 0
2080 0
2081 0
2082 0
2083 0
2084 0
2085 0
2086 0
2087 0
2088 0
2089 0
2090 0
2091 0
2092 0
2093 0
2094 1
2095 0
2096 0
2097 0
2098 1
2099 0
2100 0
2101 0
2102 0
2103 0
2104 0
2105 0
2106 0
2107 0
2108 0
2109 1
2110 0
2111 0
2112 0
2113 0
2114 1
2115 0
2116 0
2117 0
2118 0
2119 1
2120 0
2121 0
2122 0
2123 1
2124 0
2125 0
2126 0
2127 0
2128 0
2129 0
2130 0
2131 0
2132 0
2133 0
2134 0
2135 1
2136 0
2137 0
2138 0
2139 0
2140 0
2141 0
2142 0
2143 0
2144 0
2145 0
2146 1
2147 0
2148 0
2149 0
2150 0
2151 1
2152 0
2153 0
2154 0
2155 1
2156 0
2157 0
2158 1
2159 0
2160 0
2161 0
2162 0
2163 0
2164 0
2165 0
2166 0
2167 0
2168 0
2169 0
2170 0
2171 0
2172 0
2173 0
2174 0
2175 0
2176 0
2177 0
2178 0
2179 0
2180 0
2181 0
2182 0
2183 0
2184 0
2185 0
2186 0
2187 0
2188 0
2189 0
2190 0
2191 0
2192 0
2193 1
2194 1
2195 0
2196 0
2197 1
2198 0
2199 0
2200 0
2201 0
2202 0
2203 0
2204 0
2205 0
2206 0
2207 0
2208 0
2209 0
2210 0
2211 0
2212 0
2213 0
2214 0
2215 0
2216 0
2217 0
2218 0
2219 0
2220 0
2221 0
2222 0
2223 0
2224 0
2225 0
2226 0
2227 0
2228 0
2229 0
2230 0
2231 1
2232 0
2233 0
2234 0
2235 1
2236 1
2237 0
2238 0
2239 0
2240 0
2241 0
2242 0
2243 0
2244 0
2245 0
2246 0
2247 0
2248 0
2249 0
2250 0
2251 1
2252 0
2253 0
2254 0
2255 0
2256 0
2257 0
2258 0
2259 0
2260 0
2261 0
2262 0
2263 0
2264 0
2265 0
2266 0
2267 0
2268 0
2269 0
2270 0
2271 0
2272 0
2273 0
2274 0
2275 0
2276 0
2277 0
2278 0
2279 0
2280 0
2281 0
2282 0
2283 0
2284 0
2285 0
2286 0
2287 0
2288 0
2289 0
2290 0
2291 0
2292 0
2293 0
2294 0
2295 0
2296 0
2297 0
2298 0
2299 0
2300 1
2301 0
2302 0
2303 0
2304 0
2305 0
2306 0
2307 0
2308 0
2309 0
2310 0
2311 0
2312 0
2313 0
2314 0
2315 0
2316 0
2317 0
2318 0
2319 0
2320 0
2321 0
2322 0
2323 0
2324 0
2325 0
2326 1
2327 0
2328 0
2329 0
2330 0
2331 0
2332 0
2333 0
2334 0
2335 0
2336 0
2337 0
2338 0
2339 0
2340 0
2341 0
2342 0
2343 0
2344 0
2345 0
2346 0
2347 0
2348 1
2349 0
2350 0
2351 0
2352 0
2353 0
2354 0
2355 0
2356 0
2357 0
2358 1
2359 0
2360 0
2361 0
2362 0
2363 0
2364 0
2365 0
2366 0
2367 0
2368 0
2369 0
2370 0
2371 0
2372 0
2373 0
2374 0
2375 0
2376 0
2377 0
2378 0
2379 0
2380 0
2381 0
2382 0
2383 0
2384 0
2385 0
2386 0
2387 0
2388 0
2389 0
2390 0
2391 0
2392 0
2393 0
2394 0
2395 0
2396 0
2397 0
2398 0
2399 0
2400 0
2401 0
2402 0
2403 0
2404 0
2405 0
2406 0
2407 0
2408 0
2409 0
2410 0
2411 0
2412 0
2413 0
2414 0
2415 0
2416 0
2417 0
2418 0
2419 0
2420 0
2421 0
2422 0
2423 0
2424 0
2425 0
2426 0
2427 0
2428 0
2429 0
2430 0
2431 0
2432 1
2433 0
2434 0
2435 0
2436 0
2437 0
2438 0
2439 2
2440 0
2441 0
2442 0
2443 0
2444 0
2445 0
2446 0
2447 0
2448 0
2449 0
2450 0
2451 0
2452 0
2453 0
2454 0
2455 0
2456 0
2457 0
2458 0
2459 0
2460 0
2461 0
2462 0
2463 0
2464 0
2465 0
2466 0
2467 0
2468 0
2469 0
2470 0
2471 0
2472 0
2473 0
2474 0
2475 0
2476 0
2477 0
2478 0
2479 0
2480 0
2481 0
2482 0
2483 0
2484 0
2485 0
2486 0
2487 0
2488 0
2489 0
2490 0
2491 0
2492 0
2493 0
2494 0
2495 0
2496 0
2497 0
2498 0
2499 0
2500 0
2501 0
2502 0
2503 0
2504 0
2505 0
2506 0
2507 0
2508 0
2509 0
2510 0
2511 0
2512 0
2513 0
2514 1
2515 0
2516 0
2517 0
2518 0
2519 0
2520 0
2521 1
2522 0
2523 0
2524 0
2525 0
2526 0
2527 0
2528 0
2529 0
2530 0
2531 0
2532 0
2533 0
2534 0
2535 0
2536 0
2537 0
2538 0
2539 0
2540 0
2541 0
2542 0
2543 1
2544 0
2545 0
2546 0
2547 0
2548 0
2549 0
2550 0
2551 0
2552 0
2553 0
2554 0
2555 0
2556 0
2557 0
2558 0
2559 0
2560 0
2561 0
2562 0
2563 0
2564 0
2565 0
2566 0
2567 0
2568 0
2569 0
2570 0
2571 0
2572 0
2573 0
2574 0
2575 0
2576 0
2577 0
2578 0
2579 0
2580 0
2581 0
2582 0
2583 0
2584 0
2585 0
2586 0
2587 0
2588 0
2589 0
2590 0
2591 0
2592 0
2593 0
2594 0
2595 0
2596 0
2597 0
2598 0
2599 0
2600 0
2601 0
2602 0
2603 0
2604 0
2605 0
2606 1
2607 0
2608 0
2609 0
2610 0
2611 0
2612 0
2613 0
2614 0
2615 0
2616 0
2617 0
2618 0
2619 0
2620 0
2621 0
2622 0
2623 0
2624 0
2625 0
2626 0
2627 0
2628 0
2629 1
2630 0
2631 0
2632 0
2633 0
2634 0
2635 0
2636 0
2637 0
2638 0
2639 0
2640 0
2641 0
2642 0
2643 0
2644 0
2645 0
2646 0
2647 0
2648 0
2649 0
2650 0
2651 0
2652 0
2653 0
2654 0
2655 0
2656 0
2657 0
2658 0
2659 0
2660 0
2661 0
2662 0
2663 0
2664 0
2665 0
2666 0
2667 0
2668 0
2669 1
2670 0
2671 0
2672 0
2673 0
2674 0
2675 0
2676 0
2677 0
2678 0
2679 0
2680 0
2681 0
2682 0
2683 0
2684 0
2685 0
2686 0
2687 0
2688 0
2689 0
2690 0
2691 0
2692 0
2693 0
2694 0
2695 0
2696 0
2697 0
2698 0
2699 0
2700 0
2701 0
2702 0
2703 0
2704 0
2705 0
2706 0
2707 0
2708 0
2709 0
2710 0
2711 0
2712 0
2713 0
2714 0
2715 0
2716 0
2717 0
2718 1
2719 0
2720 0
2721 0
2722 0
2723 0
2724 0
2725 0
2726 0
2727 0
2728 0
2729 0
2730 0
2731 0
2732 0
2733 0
2734 0
2735 0
2736 0
2737 0
2738 0
2739 0
2740 0
2741 0
2742 0
2743 0
2744 0
2745 0
2746 0
2747 0
2748 0
2749 0
2750 0
2751 0
2752 0
2753 0
2754 0
2755 0
2756 0
2757 0
2758 0
2759 0
2760 0
2761 0
2762 0
2763 0
2764 0
2765 0
2766 0
2767 0
2768 0
2769 0
2770 0
2771 0
2772 0
2773 0
2774 0
2775 0
2776 1
2777 0
2778 0
2779 0
2780 0
2781 0
2782 0
2783 0
2784 0
2785 0
2786 0
2787 0
2788 0
2789 0
2790 0
2791 0
2792 0
2793 0
2794 0
2795 0
2796 0
2797 0
2798 0
2799 0
2800 0
2801 0
2802 0
2803 0
2804 0
2805 0
2806 0
2807 0
2808 0
2809 0
2810 0
2811 0
2812 0
2813 0
2814 0
2815 0
2816 0
2817 0
2818 0
2819 0
2820 0
2821 0
2822 0
2823 0
2824 0
2825 0
2826 0
2827 0
2828 0
2829 0
2830 0
2831 0
2832 0
2833 0
2834 0
2835 0
2836 0
2837 0
2838 0
2839 0
2840 0
2841 1
2842 0
2843 0
2844 0
2845 0
2846 0
2847 0
2848 0
2849 0
2850 0
2851 0
2852 0
2853 0
2854 0
2855 0
2856 0
2857 0
2858 0
2859 0
2860 0
2861 0
2862 0
2863 0
2864 0
2865 0
2866 0
2867 0
2868 0
2869 0
2870 0
2871 0
2872 0
2873 0
2874 0
2875 0
2876 0
2877 0
2878 0
2879 0
2880 0
2881 0
2882 0
2883 0
2884 0
2885 0
2886 0
2887 1
2888 0
2889 0
2890 0
2891 0
2892 0
2893 0
2894 0
2895 0
2896 1
2897 0
2898 0
2899 0
2900 0
2901 0
2902 0
2903 0
2904 0
2905 0
2906 0
2907 0
2908 0
2909 0
2910 0
2911 0
2912 0
2913 0
2914 0
2915 0
2916 0
2917 0
2918 0
2919 0
2920 0
2921 0
2922 0
2923 1
2924 0
2925 0
2926 0
2927 0
2928 0
2929 0
2930 0
2931 0
2932 0
2933 0
2934 0
2935 0
2936 0
2937 0
2938 0
2939 0
2940 0
2941 0
2942 0
2943 0
2944 0
2945 0
2946 0
2947 0
2948 0
2949 0
2950 0
2951 0
2952 0
2953 0
2954 0
2955 0
2956 0
2957 0
2958 0
2959 0
2960 0
2961 0
2962 0
2963 0
2964 0
2965 0
2966 0
2967 0
2968 0
2969 0
2970 0
2971 0
2972 0
2973 0
2974 0
2975 0
2976 0
2977 0
2978 0
2979 0
2980 0
2981 0
2982 0
2983 0
2984 0
2985 0
2986 0
2987 0
2988 0
2989 0
2990 0
2991 0
2992 0
2993 0
2994 0
2995 0
2996 0
2997 0
2998 0
2999 0
3000 0
3001 0
3002 0
3003 0
3004 0
3005 0
3006 0
3007 0
3008 0
3009 0
3010 0
3011 0
3012 0
3013 0
3014 0
3015 0
3016 0
3017 0
3018 0
3019 0
3020 0
3021 1
3022 1
3023 0
3024 0
3025 0
3026 0
3027 0
3028 0
3029 0
3030 0
3031 0
3032 0
3033 0
3034 0
3035 0
3036 0
3037 0
3038 0
3039 0
3040 0
3041 0
3042 0
3043 0
3044 0
3045 0
3046 0
3047 0
3048 0
3049 0
3050 0
3051 0
3052 0
3053 0
3054 0
3055 0
3056 0
3057 0
3058 0
3059 0
3060 0
3061 0
3062 0
3063 0
3064 0
3065 0
3066 0
3067 0
3068 0
3069 0
3070 0
3071 0
3072 0
3073 0
3074 0
3075 0
3076 0
3077 0
3078 0
3079 0
3080 0
3081 0
3082 0
3083 0
3084 0
3085 0
3086 0
3087 1
3088 0
3089 0
3090 0
3091 0
3092 0
3093 0
3094 0
3095 0
3096 0
3097 0
3098 0
3099 0
3100 0
3101 0
3102 0
3103 0
3104 0
3105 0
3106 0
3107 0
3108 0
3109 0
3110 0
3111 0
3112 1
3113 0
3114 0
3115 0
3116 0
3117 0
3118 0
3119 0
3120 0
3121 0
3122 0
3123 0
3124 0
3125 0
3126 0
3127 0
3128 0
3129 0
3130 0
3131 0
3132 0
3133 0
3134 0
3135 0
3136 0
3137 0
3138 0
3139 0
3140 0
3141 0
3142 0
3143 0
3144 0
3145 0
3146 0
3147 0
3148 0
3149 0
3150 0
3151 0
3152 0
3153 0
3154 0
3155 0
3156 0
3157 0
3158 0
3159 0
3160 0
3161 0
3162 0
3163 0
3164 0
3165 0
3166 0
3167 0
3168 0
3169 0
3170 0
3171 0
3172 0
3173 0
3174 0
3175 0
3176 0
3177 0
3178 0
3179 0
3180 0
3181 0
3182 0
3183 0
3184 0
3185 0
3186 0
3187 0
3188 0
3189 0
3190 0
3191 0
3192 0
3193 0
3194 0
3195 0
3196 0
3197 0
3198 0
3199 0
3200 0
3201 0
3202 0
3203 0
3204 0
3205 0
3206 0
3207 0
3208 0
3209 0
3210 0
3211 0
3212 0
3213 0
3214 0
3215 0
3216 0
3217 0
3218 0
3219 0
3220 0
3221 0
3222 0
3223 0
3224 0
3225 0
3226 0
3227 0
3228 0
3229 0
3230 0
3231 0
3232 0
3233 0
3234 0
3235 0
3236 0
3237 0
3238 0
3239 0
3240 0
3241 0
3242 0
3243 0
3244 0
3245 0
3246 0
3247 0
3248 1
3249 0
3250 0
3251 0
3252 0
3253 0
3254 0
3255 0
3256 0
3257 0
3258 0
3259 0
3260 0
3261 0
3262 0
3263 0
3264 0
3265 0
3266 0
3267 0
3268 0
3269 0
3270 0
3271 0
3272 0
3273 0
3274 0
3275 0
3276 0
3277 0
3278 0
3279 0
3280 0
3281 0
3282 0
3283 0
3284 0
3285 0
3286 0
3287 0
3288 0
3289 0
3290 0
3291 0
3292 0
3293 0
3294 0
3295 0
3296 0
3297 1
3298 0
3299 0
3300 0
3301 0
3302 0
3303 0
3304 0
3305 0
3306 0
3307 0
3308 0
3309 0
3310 0
3311 0
3312 0
3313 0
3314 0
3315 0
3316 0
3317 0
3318 0
3319 0
3320 0
3321 0
3322 0
3323 0
3324 0
3325 0
3326 0
3327 0
3328 0
3329 0
3330 0
3331 0
3332 0
3333 0
3334 0
3335 0
3336 0
3337 0
3338 0
3339 0
3340 0
3341 0
3342 0
3343 0
3344 0
3345 0
3346 0
3347 0
3348 0
3349 0
3350 0
3351 0
3352 0
3353 0
3354 0
3355 0
3356 0
3357 0
3358 0
3359 0
3360 0
3361 0
3362 0
3363 0
3364 0
3365 0
3366 0
3367 0
3368 0
3369 0
3370 0
3371 0
3372 0
3373 0
3374 0
3375 0
3376 0
3377 0
3378 0
3379 0
3380 0
3381 0
3382 0
3383 0
3384 0
3385 0
3386 0
3387 0
3388 0
3389 0
3390 0
3391 0
3392 0
3393 0
3394 0
3395 0
3396 0
3397 1
3398 0
3399 0
3400 0
3401 0
3402 0
3403 0
3404 0
3405 0
3406 0
3407 0
3408 0
3409 0
3410 0
3411 0
3412 0
3413 0
3414 0
3415 0
3416 0
3417 0
3418 0
3419 1
3420 0
3421 0
3422 0
3423 0
3424 0
3425 0
3426 0
3427 0
3428 0
3429 0
3430 0
3431 0
3432 0
3433 0
3434 0
3435 0
3436 0
3437 0
3438 0
3439 0
3440 0
3441 0
3442 0
3443 0
3444 0
3445 0
3446 0
3447 0
3448 0
3449 0
3450 0
3451 0
3452 0
3453 0
3454 0
3455 0
3456 0
3457 0
3458 0
3459 0
3460 0
3461 0
3462 0
3463 0
3464 0
3465 0
3466 0
3467 0
3468 0
3469 0
3470 0
3471 0
3472 0
3473 0
3474 0
3475 0
3476 0
3477 0
3478 0
3479 0
3480 0
3481 0
3482 0
3483 0
3484 0
3485 0
3486 0
3487 0
3488 0
3489 0
3490 0
3491 0
3492 0
3493 0
3494 0
3495 0
3496 0
3497 0
3498 0
3499 0
3500 0
3501 0
3502 0
3503 0
3504 0
3505 0
3506 0
3507 0
3508 0
3509 0
3510 0
3511 0
3512 0
3513 0
3514 0
3515 1
3516 0
3517 0
3518 0
3519 0
3520 0
3521 0
3522 0
3523 0
3524 0
3525 0
3526 0
3527 0
3528 0
3529 0
3530 0
3531 0
3532 0
3533 0
3534 0
3535 0
3536 0
3537 0
3538 0
3539 0
3540 0
3541 0
3542 0
3543 0
3544 0
3545 0
3546 0
3547 0
3548 0
3549 1
3550 0
3551 0
3552 0
3553 0
3554 0
3555 0
3556 0
3557 0
3558 0
3559 0
3560 0
3561 0
3562 0
3563 1
3564 0
3565 0
3566 0
3567 0
3568 0
3569 0
3570 0
3571 0
3572 0
3573 0
3574 0
3575 0
3576 0
3577 0
3578 0
3579 0
3580 0
3581 0
3582 0
3583 0
3584 0
3585 0
3586 0
3587 0
3588 0
3589 0
3590 0
3591 1
3592 0
3593 0
3594 0
3595 0
3596 0
3597 0
3598 0
3599 0
3600 0
3601 0
3602 0
3603 0
3604 0
3605 0
3606 0
3607 0
3608 0
3609 0
3610 0
3611 0
3612 0
3613 0
3614 0
3615 0
3616 0
3617 0
3618 0
3619 0
3620 0
3621 0
3622 0
3623 0
3624 0
3625 0
3626 0
3627 0
3628 0
3629 0
3630 0
3631 0
3632 0
3633 0
3634 0
3635 0
3636 0
3637 0
3638 0
3639 0
3640 0
3641 0
3642 0
3643 0
3644 0
3645 0
3646 0
3647 0
3648 0
3649 0
3650 0
3651 0
3652 0
3653 0
3654 0
3655 0
3656 0
3657 0
3658 0
3659 0
3660 0
3661 0
3662 0
3663 0
3664 0
3665 0
3666 0
3667 0
3668 0
3669 0
3670 0
3671 0
3672 0
3673 0
3674 0
3675 0
3676 0
3677 0
3678 0
3679 0
3680 0
3681 0
3682 0
3683 0
3684 0
3685 0
3686 0
3687 0
3688 0
3689 0
3690 0
3691 0
3692 0
3693 0
3694 0
3695 0
3696 1
3697 0
3698 0
3699 0
3700 0
3701 0
3702 0
3703 0
3704 0
3705 0
3706 0
3707 0
3708 0
3709 0
3710 0
3711 0
3712 0
3713 0
3714 0
3715 0
3716 0
3717 0
3718 0
3719 0
3720 0
3721 0
3722 0
3723 0
3724 0
3725 0
3726 0
3727 0
3728 0
3729 0
3730 0
3731 0
3732 0
3733 0
3734 0
3735 0
3736 0
3737 0
3738 0
3739 0
3740 0
3741 0
3742 0
3743 0
3744 0
3745 0
3746 0
3747 0
3748 0
3749 0
3750 0
3751 0
3752 0
3753 0
3754 0
3755 0
3756 0
3757 0
3758 0
3759 0
3760 0
3761 0
3762 0
3763 1
3764 0
3765 0
3766 0
3767 0
3768 0
3769 0
3770 0
3771 0
3772 0
3773 0
3774 1
3775 0
3776 0
3777 0
3778 0
3779 0
3780 0
3781 0
3782 0
3783 0
3784 0
3785 0
3786 0
3787 0
3788 0
3789 0
3790 0
3791 0
3792 0
3793 0
3794 0
3795 0
3796 0
3797 0
3798 0
3799 0
3800 1
3801 0
3802 0
3803 0
3804 0
3805 0
3806 0
3807 0
3808 0
3809 0
3810 0
3811 0
3812 0
3813 0
3814 0
3815 0
3816 0
3817 0
3818 0
3819 0
3820 0
3821 0
3822 0
3823 0
3824 0
3825 0
3826 0
3827 0
3828 0
3829 0
3830 0
3831 0
3832 0
3833 0
3834 0
3835 0
3836 0
3837 0
3838 0
3839 0
3840 0
3841 0
3842 0
3843 0
3844 0
3845 0
3846 0
3847 0
3848 0
3849 0
3850 0
3851 0
3852 0
3853 0
3854 0
3855 0
3856 0
3857 0
3858 0
3859 0
3860 0
3861 0
3862 0
3863 0
3864 1
3865 0
3866 0
3867 0
3868 0
3869 1
3870 0
3871 0
3872 0
3873 0
3874 0
3875 0
3876 0
3877 0
3878 0
3879 0
3880 0
3881 0
3882 0
3883 0
3884 0
3885 0
3886 0
3887 0
3888 0
3889 0
3890 0
3891 0
3892 0
3893 0
3894 0
3895 0
3896 0
3897 0
3898 0
3899 0
3900 0
3901 0
3902 0
3903 0
3904 0
3905 0
3906 0
3907 0
3908 0
3909 0
3910 0
3911 0
3912 0
3913 0
3914 0
3915 0
3916 0
3917 0
3918 0
3919 0
3920 0
3921 0
3922 0
3923 0
3924 0
3925 0
3926 0
3927 0
3928 0
3929 0
3930 0
3931 0
3932 0
3933 0
3934 0
3935 0
3936 0
3937 0
3938 0
3939 0
3940 0
3941 0
3942 0
3943 0
3944 0
3945 0
3946 0
3947 0
3948 0
3949 0
3950 0
3951 0
3952 0
3953 0
3954 0
3955 0
3956 0
3957 0
3958 0
3959 0
3960 0
3961 0
3962 0
3963 0
3964 0
3965 0
3966 0
3967 0
3968 0
3969 0
3970 0
3971 0
3972 0
3973 0
3974 0
3975 0
3976 0
3977 0
3978 0
3979 0
3980 0
3981 0
3982 0
3983 0
3984 0
3985 0
3986 0
3987 0
3988 0
3989 0
3990 0
3991 0
3992 0
3993 0
3994 0
3995 0
3996 0
3997 0
3998 0
3999 0
4000 0
