0 0
1 0
2 0
3 0
4 0
5 0
6 0
7 0
8 0
9 0
10 0
11 0
12 0
13 0
14 0
15 0
16 0
17 0
18 0
19 0
20 0
21 0
22 0
23 0
24 0
25 0
26 0
27 0
28 0
29 0
30 0
31 0
32 0
33 0
34 0
35 0
36 0
37 0
38 0
39 0
40 0
41 0
42 0
43 0
44 0
45 0
46 0
47 0
48 0
49 0
50 0
51 0
52 0
53 0
54 0
55 0
56 0
57 0
58 0
59 0
60 0
61 0
62 0
63 0
64 0
65 0
66 0
67 0
68 0
69 0
70 0
71 0
72 0
73 0
74 0
75 0
76 0
77 0
78 0
79 0
80 0
81 0
82 0
83 0
84 0
85 0
86 0
87 0
88 0
89 0
90 0
91 0
92 0
93 0
94 0
95 0
96 0
97 0
98 0
99 0
100 0
101 0
102 0
103 0
104 0
105 0
106 0
107 0
108 0
109 0
110 0
111 0
112 0
113 0
114 0
115 0
116 0
117 0
118 0
119 0
120 0
121 0
122 0
123 0
124 0
125 0
126 0
127 0
128 0
129 0
130 0
131 0
132 0
133 0
134 0
135 0
136 0
137 0
138 0
139 0
140 0
141 0
142 0
143 0
144 0
145 0
146 0
147 0
148 1
149 0
150 0
151 1
152 1
153 1
154 3
155 0
156 3
157 2
158 2
159 5
160 7
161 8
162 6
163 7
164 11
165 4
166 7
167 9
168 10
169 7
170 8
171 11
172 10
173 13
174 11
175 18
176 25
177 35
178 44
179 58
180 69
181 69
182 95
183 110
184 145
185 208
186 321
187 480
188 730
189 1060
190 1228
191 1420
192 1506
193 1413
194 1391
195 1409
196 1284
197 1159
198 1158
199 1019
200 989
201 889
202 848
203 813
204 758
205 800
206 731
207 673
208 638
209 645
210 621
211 674
212 605
213 650
214 662
215 657
216 673
217 658
218 637
219 672
220 693
221 656
222 669
223 656
224 735
225 722
226 666
227 692
228 688
229 693
230 739
231 748
232 744
233 739
234 736
235 731
236 776
237 751
238 773
239 731
240 808
241 772
242 823
243 828
244 813
245 773
246 819
247 808
248 847
249 824
250 796
251 819
252 858
253 851
254 876
255 871
256 825
257 846
258 846
259 912
260 939
261 836
262 878
263 847
264 897
265 870
266 908
267 924
268 916
269 917
270 936
271 934
272 955
273 895
274 888
275 912
276 972
277 918
278 963
279 986
280 988
281 961
282 978
283 966
284 972
285 950
286 1009
287 937
288 967
289 1035
290 1008
291 995
292 1000
293 998
294 1011
295 998
296 1011
297 1064
298 1056
299 1124
300 1063
301 1088
302 1067
303 1027
304 1062
305 1072
306 1092
307 1068
308 1100
309 1174
310 1160
311 1093
312 1168
313 1130
314 1157
315 1163
316 1113
317 1216
318 1177
319 1157
320 1145
321 1134
322 1200
323 1243
324 1246
325 1225
326 1183
327 1252
328 1250
329 1242
330 1235
331 1245
332 1281
333 1267
334 1284
335 1296
336 1315
337 1304
338 1251
339 1304
340 1254
341 1377
342 1275
343 1369
344 1282
345 1361
346 1351
347 1397
348 1372
349 1410
350 1394
351 1416
352 1403
353 1446
354 1452
355 1442
356 1421
357 1445
358 1445
359 1418
360 1474
361 1488
362 1551
363 1484
364 1512
365 1487
366 1505
367 1541
368 1536
369 1637
370 1531
371 1636
372 1629
373 1625
374 1700
375 1688
376 1654
377 1596
378 1643
379 1687
380 1626
381 1667
382 1674
383 1707
384 1709
385 1636
386 1761
387 1646
388 1728
389 1653
390 1737
391 1763
392 1806
393 1762
394 1769
395 1846
396 1783
397 1857
398 1771
399 1817
400 1836
401 1830
402 1911
403 1976
404 1877
405 1863
406 1921
407 1814
408 1892
409 1894
410 1885
411 1887
412 1981
413 1885
414 1965
415 1956
416 1959
417 1906
418 1908
419 2041
420 1888
421 1956
422 2086
423 2076
424 2030
425 1901
426 2123
427 2056
428 1987
429 1976
430 2013
431 2029
432 2075
433 2066
434 2096
435 2077
436 2041
437 2155
438 2116
439 2099
440 2038
441 2075
442 2064
443 2090
444 2074
445 2160
446 2112
447 2049
448 2112
449 2015
450 2126
451 2108
452 2127
453 2074
454 2144
455 2146
456 2137
457 2139
458 2212
459 2164
460 2126
461 2096
462 2062
463 2121
464 2175
465 2189
466 2087
467 2158
468 2105
469 2133
470 2218
471 2165
472 2123
473 2141
474 2112
475 2156
476 2168
477 2158
478 2141
479 2201
480 2138
481 2114
482 2213
483 2144
484 2102
485 2113
486 2160
487 2115
488 2140
489 2076
490 2197
491 2095
492 2135
493 2069
494 2101
495 2168
496 2081
497 2060
498 2067
499 2043
500 2080
501 2091
502 2076
503 1997
504 2151
505 2037
506 2023
507 1989
508 1992
509 2087
510 1963
511 2007
512 2030
513 2062
514 1974
515 1924
516 2144
517 2051
518 2074
519 1959
520 1973
521 1961
522 1987
523 1921
524 1974
525 1927
526 2007
527 1957
528 1936
529 1927
530 1957
531 1887
532 1905
533 1878
534 1855
535 1909
536 1851
537 1812
538 1882
539 1834
540 1847
541 1847
542 1749
543 1779
544 1819
545 1743
546 1762
547 1886
548 1800
549 1783
550 1698
551 1652
552 1677
553 1669
554 1710
555 1659
556 1627
557 1686
558 1631
559 1673
560 1658
561 1591
562 1605
563 1642
564 1623
565 1604
566 1552
567 1511
568 1546
569 1585
570 1523
571 1483
572 1568
573 1480
574 1487
575 1472
576 1502
577 1495
578 1428
579 1451
580 1472
581 1430
582 1444
583 1434
584 1374
585 1439
586 1384
587 1342
588 1316
589 1425
590 1269
591 1293
592 1296
593 1266
594 1339
595 1252
596 1247
597 1230
598 1236
599 1258
600 1276
601 1192
602 1231
603 1281
604 1239
605 1200
606 1213
607 1160
608 1178
609 1237
610 1178
611 1151
612 1168
613 1114
614 1135
615 1044
616 1102
617 1160
618 1060
619 1073
620 1054
621 1055
622 990
623 1008
624 1100
625 1035
626 966
627 1027
628 1030
629 1018
630 997
631 950
632 1007
633 953
634 1002
635 909
636 955
637 932
638 929
639 920
640 923
641 953
642 911
643 895
644 861
645 869
646 847
647 875
648 815
649 802
650 886
651 839
652 822
653 801
654 789
655 782
656 862
657 794
658 790
659 767
660 771
661 768
662 789
663 763
664 733
665 722
666 730
667 731
668 700
669 696
670 692
671 664
672 680
673 707
674 681
675 730
676 651
677 671
678 674
679 710
680 657
681 646
682 655
683 654
684 617
685 592
686 619
687 613
688 596
689 597
690 584
691 572
692 574
693 568
694 560
695 585
696 557
697 580
698 505
699 606
700 506
701 534
702 558
703 514
704 566
705 539
706 507
707 538
708 541
709 491
710 469
711 493
712 552
713 472
714 467
715 487
716 436
717 438
718 505
719 491
720 477
721 472
722 471
723 472
724 466
725 442
726 491
727 423
728 445
729 451
730 459
731 436
732 467
733 428
734 475
735 434
736 411
737 409
738 426
739 399
740 412
741 426
742 425
743 410
744 416
745 396
746 391
747 412
748 384
749 404
750 354
751 407
752 381
753 381
754 401
755 370
756 342
757 369
758 342
759 399
760 377
761 371
762 355
763 372
764 383
765 366
766 356
767 365
768 342
769 349
770 346
771 335
772 332
773 382
774 311
775 328
776 354
777 333
778 307
779 325
780 362
781 295
782 346
783 326
784 357
785 310
786 313
787 290
788 336
789 317
790 329
791 340
792 308
793 293
794 303
795 344
796 318
797 323
798 308
799 297
800 291
801 333
802 317
803 317
804 310
805 313
806 292
807 288
808 310
809 312
810 320
811 337
812 312
813 279
814 286
815 307
816 258
817 293
818 306
819 284
820 278
821 287
822 298
823 308
824 301
825 302
826 268
827 290
828 320
829 302
830 294
831 289
832 256
833 278
834 293
835 264
836 254
837 275
838 274
839 301
840 270
841 281
842 299
843 310
844 281
845 281
846 274
847 252
848 280
849 275
850 255
851 265
852 265
853 255
854 277
855 272
856 243
857 271
858 248
859 280
860 274
861 263
862 271
863 236
864 289
865 251
866 306
867 248
868 290
869 272
870 251
871 263
872 247
873 280
874 283
875 277
876 278
877 267
878 267
879 270
880 264
881 280
882 284
883 288
884 271
885 291
886 266
887 295
888 276
889 279
890 275
891 249
892 248
893 259
894 275
895 273
896 270
897 274
898 266
899 287
900 269
901 249
902 240
903 265
904 256
905 264
906 275
907 270
908 269
909 257
910 264
911 242
912 267
913 282
914 246
915 285
916 250
917 240
918 235
919 247
920 250
921 253
922 240
923 257
924 254
925 241
926 276
927 275
928 256
929 258
930 269
931 270
932 252
933 266
934 266
935 245
936 265
937 256
938 256
939 260
940 250
941 218
942 233
943 267
944 263
945 296
946 269
947 233
948 275
949 234
950 261
951 252
952 253
953 231
954 266
955 259
956 243
957 260
958 228
959 258
960 262
961 243
962 236
963 289
964 243
965 257
966 235
967 254
968 264
969 228
970 265
971 265
972 267
973 235
974 274
975 271
976 257
977 259
978 272
979 267
980 246
981 241
982 279
983 259
984 258
985 241
986 253
987 240
988 227
989 234
990 250
991 250
992 240
993 235
994 270
995 244
996 262
997 249
998 231
999 225
1000 236
1001 248
1002 233
1003 251
1004 244
1005 242
1006 276
1007 236
1008 229
1009 246
1010 247
1011 233
1012 239
1013 246
1014 248
1015 268
1016 226
1017 242
1018 254
1019 266
1020 243
1021 230
1022 240
1023 239
1024 236
1025 230
1026 274
1027 213
1028 234
1029 242
1030 248
1031 224
1032 244
1033 241
1034 208
1035 243
1036 266
1037 250
1038 239
1039 229
1040 225
1041 252
1042 226
1043 221
1044 271
1045 218
1046 234
1047 229
1048 240
1049 240
1050 221
1051 229
1052 229
1053 241
1054 247
1055 248
1056 218
1057 246
1058 230
1059 217
1060 229
1061 239
1062 221
1063 223
1064 216
1065 231
1066 227
1067 211
1068 222
1069 208
1070 227
1071 241
1072 231
1073 241
1074 221
1075 252
1076 239
1077 233
1078 222
1079 222
1080 222
1081 244
1082 206
1083 218
1084 218
1085 220
1086 220
1087 228
1088 200
1089 225
1090 228
1091 222
1092 235
1093 240
1094 223
1095 206
1096 246
1097 217
1098 206
1099 200
1100 199
1101 215
1102 218
1103 228
1104 222
1105 249
1106 217
1107 216
1108 218
1109 214
1110 213
1111 199
1112 209
1113 189
1114 195
1115 225
1116 210
1117 208
1118 233
1119 201
1120 226
1121 195
1122 214
1123 195
1124 205
1125 198
1126 188
1127 220
1128 195
1129 223
1130 215
1131 212
1132 180
1133 220
1134 190
1135 228
1136 190
1137 217
1138 189
1139 177
1140 198
1141 173
1142 202
1143 189
1144 168
1145 182
1146 203
1147 191
1148 184
1149 210
1150 182
1151 187
1152 190
1153 178
1154 167
1155 215
1156 177
1157 186
1158 183
1159 226
1160 246
1161 188
1162 175
1163 175
1164 165
1165 201
1166 175
1167 164
1168 186
1169 200
1170 212
1171 192
1172 168
1173 180
1174 191
1175 192
1176 154
1177 172
1178 191
1179 178
1180 169
1181 177
1182 192
1183 175
1184 167
1185 161
1186 166
1187 164
1188 177
1189 165
1190 171
1191 182
1192 187
1193 170
1194 186
1195 151
1196 157
1197 156
1198 164
1199 193
1200 190
1201 183
1202 175
1203 172
1204 163
1205 165
1206 157
1207 149
1208 195
1209 142
1210 175
1211 139
1212 167
1213 169
1214 157
1215 141
1216 165
1217 161
1218 153
1219 156
1220 152
1221 143
1222 148
1223 156
1224 140
1225 179
1226 158
1227 150
1228 155
1229 139
1230 144
1231 137
1232 155
1233 154
1234 148
1235 152
1236 189
1237 154
1238 162
1239 141
1240 142
1241 145
1242 158
1243 154
1244 151
1245 146
1246 148
1247 121
1248 132
1249 155
1250 129
1251 141
1252 131
1253 149
1254 140
1255 148
1256 141
1257 130
1258 149
1259 134
1260 147
1261 144
1262 123
1263 153
1264 138
1265 136
1266 125
1267 151
1268 120
1269 118
1270 109
1271 132
1272 136
1273 118
1274 136
1275 132
1276 110
1277 122
1278 125
1279 142
1280 130
1281 120
1282 120
1283 110
1284 136
1285 121
1286 98
1287 118
1288 114
1289 115
1290 116
1291 106
1292 128
1293 122
1294 128
1295 116
1296 129
1297 117
1298 134
1299 135
1300 129
1301 118
1302 114
1303 106
1304 108
1305 118
1306 113
1307 114
1308 96
1309 90
1310 121
1311 99
1312 112
1313 124
1314 101
1315 110
1316 121
1317 118
1318 106
1319 128
1320 98
1321 114
1322 102
1323 110
1324 103
1325 110
1326 112
1327 102
1328 95
1329 124
1330 107
1331 88
1332 92
1333 100
1334 86
1335 104
1336 79
1337 105
1338 104
1339 114
1340 100
1341 84
1342 87
1343 88
1344 97
1345 92
1346 79
1347 101
1348 94
1349 101
1350 96
1351 100
1352 117
1353 105
1354 88
1355 96
1356 86
1357 83
1358 101
1359 80
1360 88
1361 87
1362 102
1363 98
1364 80
1365 110
1366 90
1367 78
1368 92
1369 93
1370 100
1371 78
1372 92
1373 86
1374 98
1375 80
1376 106
1377 77
1378 97
1379 80
1380 90
1381 91
1382 92
1383 84
1384 94
1385 88
1386 90
1387 71
1388 82
1389 87
1390 71
1391 86
1392 76
1393 83
1394 87
1395 91
1396 76
1397 71
1398 78
1399 77
1400 92
1401 87
1402 74
1403 87
1404 93
1405 63
1406 81
1407 80
1408 73
1409 72
1410 74
1411 88
1412 64
1413 56
1414 75
1415 77
1416 73
1417 81
1418 63
1419 62
1420 69
1421 66
1422 66
1423 71
1424 77
1425 52
1426 75
1427 66
1428 62
1429 65
1430 55
1431 61
1432 72
1433 66
1434 67
1435 72
1436 74
1437 66
1438 71
1439 66
1440 55
1441 71
1442 73
1443 82
1444 71
1445 63
1446 62
1447 62
1448 64
1449 59
1450 72
1451 62
1452 46
1453 58
1454 72
1455 65
1456 50
1457 50
1458 51
1459 60
1460 63
1461 46
1462 58
1463 47
1464 63
1465 58
1466 63
1467 59
1468 45
1469 65
1470 50
1471 75
1472 48
1473 67
1474 51
1475 62
1476 67
1477 54
1478 51
1479 54
1480 59
1481 56
1482 56
1483 43
1484 44
1485 55
1486 54
1487 57
1488 57
1489 68
1490 63
1491 58
1492 58
1493 53
1494 43
1495 53
1496 54
1497 49
1498 55
1499 67
1500 59
1501 52
1502 43
1503 60
1504 49
1505 49
1506 53
1507 54
1508 53
1509 52
1510 47
1511 42
1512 47
1513 48
1514 51
1515 35
1516 46
1517 52
1518 47
1519 45
1520 58
1521 47
1522 49
1523 43
1524 38
1525 46
1526 46
1527 55
1528 42
1529 36
1530 44
1531 46
1532 43
1533 43
1534 40
1535 41
1536 48
1537 43
1538 38
1539 38
1540 40
1541 32
1542 46
1543 46
1544 35
1545 33
1546 39
1547 45
1548 41
1549 45
1550 53
1551 29
1552 41
1553 29
1554 37
1555 40
1556 37
1557 35
1558 37
1559 39
1560 35
1561 48
1562 32
1563 34
1564 41
1565 30
1566 35
1567 23
1568 33
1569 42
1570 40
1571 47
1572 41
1573 42
1574 36
1575 30
1576 32
1577 31
1578 26
1579 37
1580 32
1581 31
1582 37
1583 28
1584 30
1585 37
1586 34
1587 30
1588 29
1589 31
1590 30
1591 36
1592 30
1593 28
1594 35
1595 20
1596 34
1597 35
1598 25
1599 29
1600 27
1601 40
1602 32
1603 19
1604 28
1605 24
1606 25
1607 28
1608 27
1609 25
1610 24
1611 34
1612 39
1613 32
1614 29
1615 25
1616 29
1617 30
1618 27
1619 27
1620 22
1621 26
1622 22
1623 23
1624 38
1625 25
1626 33
1627 31
1628 15
1629 27
1630 18
1631 24
1632 24
1633 25
1634 24
1635 23
1636 30
1637 20
1638 25
1639 15
1640 21
1641 25
1642 20
1643 22
1644 17
1645 27
1646 17
1647 26
1648 20
1649 29
1650 29
1651 23
1652 15
1653 25
1654 20
1655 18
1656 20
1657 18
1658 23
1659 23
1660 25
1661 10
1662 18
1663 20
1664 23
1665 22
1666 21
1667 19
1668 18
1669 17
1670 24
1671 19
1672 21
1673 17
1674 20
1675 20
1676 17
1677 23
1678 20
1679 23
1680 21
1681 15
1682 14
1683 19
1684 21
1685 19
1686 13
1687 26
1688 23
1689 19
1690 18
1691 20
1692 20
1693 23
1694 24
1695 15
1696 19
1697 19
1698 15
1699 13
1700 13
1701 22
1702 15
1703 14
1704 14
1705 21
1706 8
1707 17
1708 13
1709 22
1710 11
1711 20
1712 19
1713 13
1714 16
1715 20
1716 8
1717 13
1718 22
1719 18
1720 18
1721 16
1722 17
1723 22
1724 13
1725 18
1726 13
1727 15
1728 12
1729 15
1730 13
1731 11
1732 17
1733 10
1734 15
1735 12
1736 12
1737 16
1738 13
1739 13
1740 14
1741 7
1742 17
1743 15
1744 14
1745 12
1746 12
1747 9
1748 8
1749 5
1750 22
1751 7
1752 8
1753 16
1754 14
1755 17
1756 13
1757 12
1758 9
1759 11
1760 9
1761 10
1762 8
1763 10
1764 7
1765 13
1766 8
1767 17
1768 8
1769 12
1770 13
1771 10
1772 12
1773 6
1774 13
1775 11
1776 4
1777 15
1778 20
1779 5
1780 10
1781 8
1782 15
1783 10
1784 12
1785 4
1786 9
1787 2
1788 8
1789 11
1790 7
1791 7
1792 17
1793 11
1794 8
1795 3
1796 6
1797 8
1798 7
1799 10
1800 13
1801 14
1802 6
1803 4
1804 8
1805 9
1806 12
1807 7
1808 8
1809 4
1810 11
1811 11
1812 8
1813 10
1814 8
1815 15
1816 9
1817 6
1818 6
1819 14
1820 3
1821 10
1822 5
1823 4
1824 4
1825 6
1826 10
1827 7
1828 3
1829 6
1830 4
1831 6
1832 6
1833 8
1834 12
1835 5
1836 5
1837 6
1838 5
1839 7
1840 6
1841 5
1842 10
1843 10
1844 5
1845 8
1846 6
1847 7
1848 6
1849 2
1850 6
1851 5
1852 7
1853 5
1854 3
1855 12
1856 9
1857 7
1858 7
1859 3
1860 2
1861 2
1862 5
1863 3
1864 6
1865 4
1866 3
1867 10
1868 14
1869 10
1870 3
1871 6
1872 9
1873 7
1874 4
1875 8
1876 7
1877 1
1878 5
1879 6
1880 7
1881 2
1882 8
1883 3
1884 4
1885 3
1886 5
1887 6
1888 8
1889 3
1890 5
1891 0
1892 8
1893 6
1894 3
1895 4
1896 1
1897 4
1898 2
1899 7
1900 5
1901 5
1902 6
1903 7
1904 7
1905 6
1906 6
1907 2
1908 4
1909 1
1910 4
1911 2
1912 6
1913 1
1914 2
1915 3
1916 5
1917 6
1918 0
1919 6
1920 4
1921 2
1922 5
1923 8
1924 3
1925 0
1926 2
1927 3
1928 2
1929 3
1930 5
1931 1
1932 8
1933 3
1934 2
1935 4
1936 5
1937 6
1938 4
1939 7
1940 2
1941 5
1942 4
1943 4
1944 3
1945 5
1946 8
1947 1
1948 2
1949 3
1950 1
1951 2
1952 1
1953 2
1954 5
1955 1
1956 2
1957 1
1958 4
1959 2
1960 1
1961 1
1962 1
1963 6
1964 2
1965 3
1966 3
1967 1
1968 4
1969 5
1970 5
1971 4
1972 3
1973 2
1974 1
1975 2
1976 5
1977 4
1978 5
1979 2
1980 4
1981 4
1982 1
1983 3
1984 2
1985 3
1986 4
1987 0
1988 3
1989 1
1990 5
1991 2
1992 1
1993 3
1994 3
1995 3
1996 1
1997 2
1998 0
1999 1
2000 3
2001 4
2002 3
2003 1
2004 5
2005 3
2006 5
2007 1
2008 2
2009 4
2010 2
2011 4
2012 4
2013 4
2014 2
2015 2
2016 2
2017 3
2018 1
2019 1
2020 3
2021 2
2022 1
2023 6
2024 2
2025 3
2026 3
2027 2
2028 1
2029 2
2030 2
2031 1
2032 4
2033 0
2034 0
2035 4
2036 1
2037 5
2038 1
2039 4
2040 0
2041 1
2042 4
2043 3
2044 4
2045 5
2046 1
2047 0
2048 2
2049 4
2050 0
2051 0
2052 0
2053 1
2054 2
2055 1
2056 0
2057 2
2058 3
2059 3
2060 0
2061 2
2062 1
2063 0
2064 1
2065 3
2066 2
2067 1
2068 0
2069 2
2070 3
2071 0
2072 0
2073 0
2074 1
2075 0
2076 2
2077 1
2078 2
2079 3
2080 1
2081 1
2082 1
2083 0
2084 1
2085 1
2086 1
2087 1
2088 1
2089 3
2090 0
2091 1
2092 1
2093 1
2094 0
2095 1
2096 3
2097 1
2098 3
2099 2
2100 3
2101 0
2102 1
2103 1
2104 0
2105 2
2106 2
2107 1
2108 0
2109 1
2110 1
2111 3
2112 0
2113 1
2114 1
2115 2
2116 0
2117 2
2118 0
2119 1
2120 0
2121 2
2122 0
2123 1
2124 1
2125 1
2126 2
2127 0
2128 1
2129 1
2130 3
2131 0
2132 0
2133 0
2134 0
2135 1
2136 0
2137 1
2138 2
2139 2
2140 1
2141 2
2142 0
2143 2
2144 0
2145 1
2146 2
2147 0
2148 1
2149 1
2150 1
2151 0
2152 0
2153 2
2154 0
2155 0
2156 0
2157 1
2158 0
2159 0
2160 1
2161 1
2162 0
2163 0
2164 0
2165 0
2166 0
2167 0
2168 1
2169 2
2170 2
2171 1
2172 1
2173 1
2174 0
2175 2
2176 0
2177 0
2178 2
2179 1
2180 0
2181 2
2182 0
2183 1
2184 1
2185 4
2186 1
2187 0
2188 1
2189 0
2190 2
2191 1
2192 0
2193 0
2194 0
2195 0
2196 1
2197 0
2198 0
2199 0
2200 0
2201 0
2202 0
2203 1
2204 0
2205 0
2206 1
2207 0
2208 2
2209 0
2210 0
2211 0
2212 0
2213 2
2214 0
2215 0
2216 0
2217 0
2218 1
2219 1
2220 1
2221 1
2222 2
2223 0
2224 2
2225 0
2226 0
2227 0
2228 2
2229 0
2230 0
2231 0
2232 0
2233 0
2234 0
2235 0
2236 0
2237 0
2238 1
2239 0
2240 0
2241 1
2242 1
2243 1
2244 0
2245 0
2246 2
2247 0
2248 1
2249 0
2250 1
2251 0
2252 1
2253 0
2254 2
2255 0
2256 1
2257 0
2258 0
2259 0
2260 1
2261 0
2262 1
2263 1
2264 1
2265 0
2266 2
2267 0
2268 0
2269 0
2270 1
2271 0
2272 0
2273 0
2274 4
2275 0
2276 0
2277 0
2278 0
2279 0
2280 0
2281 0
2282 1
2283 0
2284 0
2285 0
2286 1
2287 0
2288 0
2289 1
2290 1
2291 1
2292 0
2293 0
2294 0
2295 1
2296 0
2297 0
2298 1
2299 0
2300 0
2301 2
2302 1
2303 0
2304 0
2305 0
2306 0
2307 1
2308 1
2309 0
2310 0
2311 0
2312 1
2313 1
2314 1
2315 0
2316 1
2317 0
2318 1
2319 0
2320 0
2321 0
2322 0
2323 0
2324 0
2325 0
2326 0
2327 1
2328 0
2329 0
2330 0
2331 1
2332 1
2333 1
2334 1
2335 1
2336 0
2337 0
2338 0
2339 0
2340 0
2341 0
2342 0
2343 0
2344 0
2345 0
2346 0
2347 0
2348 0
2349 0
2350 0
2351 1
2352 0
2353 0
2354 0
2355 1
2356 1
2357 0
2358 0
2359 0
2360 0
2361 0
2362 0
2363 0
2364 0
2365 0
2366 0
2367 0
2368 0
2369 0
2370 1
2371 0
2372 0
2373 0
2374 0
2375 0
2376 0
2377 0
2378 0
2379 0
2380 0
2381 1
2382 0
2383 2
2384 0
2385 0
2386 0
2387 1
2388 0
2389 0
2390 0
2391 0
2392 0
2393 0
2394 0
2395 0
2396 0
2397 0
2398 0
2399 0
2400 0
2401 0
2402 0
2403 0
2404 0
2405 1
2406 0
2407 0
2408 1
2409 0
2410 0
2411 0
2412 0
2413 0
2414 2
2415 0
2416 0
2417 0
2418 0
2419 0
2420 0
2421 0
2422 0
2423 0
2424 2
2425 0
2426 0
2427 0
2428 0
2429 0
2430 0
2431 0
2432 0
2433 0
2434 0
2435 1
2436 0
2437 0
2438 1
2439 0
2440 0
2441 0
2442 1
2443 0
2444 0
2445 0
2446 1
2447 0
2448 0
2449 0
2450 0
2451 0
2452 0
2453 0
2454 1
2455 0
2456 1
2457 0
2458 0
2459 1
2460 0
2461 0
2462 0
2463 2
2464 0
2465 0
2466 1
2467 0
2468 1
2469 0
2470 0
2471 0
2472 0
2473 0
2474 0
2475 0
2476 0
2477 0
2478 0
2479 0
2480 1
2481 1
2482 0
2483 0
2484 0
2485 0
2486 1
2487 0
2488 1
2489 0
2490 1
2491 0
2492 0
2493 0
2494 1
2495 1
2496 1
2497 0
2498 0
2499 0
2500 0
2501 0
2502 0
2503 0
2504 0
2505 0
2506 0
2507 0
2508 0
2509 0
2510 0
2511 0
2512 0
2513 0
2514 0
2515 0
2516 0
2517 0
2518 0
2519 0
2520 0
2521 0
2522 0
2523 1
2524 0
2525 0
2526 0
2527 0
2528 0
2529 0
2530 0
2531 0
2532 0
2533 0
2534 0
2535 0
2536 0
2537 0
2538 0
2539 0
2540 0
2541 0
2542 0
2543 0
2544 0
2545 0
2546 0
2547 0
2548 0
2549 0
2550 0
2551 0
2552 0
2553 0
2554 0
2555 0
2556 0
2557 0
2558 1
2559 0
2560 0
2561 0
2562 0
2563 0
2564 0
2565 0
2566 0
2567 0
2568 0
2569 0
2570 0
2571 0
2572 0
2573 0
2574 0
2575 0
2576 0
2577 0
2578 1
2579 0
2580 0
2581 0
2582 0
2583 0
2584 0
2585 0
2586 0
2587 0
2588 0
2589 1
2590 0
2591 0
2592 0
2593 0
2594 0
2595 0
2596 0
2597 0
2598 0
2599 0
2600 0
2601 0
2602 0
2603 0
2604 0
2605 0
2606 0
2607 0
2608 0
2609 0
2610 1
2611 0
2612 0
2613 0
2614 0
2615 0
2616 0
2617 2
2618 1
2619 0
2620 0
2621 0
2622 0
2623 0
2624 1
2625 0
2626 0
2627 0
2628 0
2629 0
2630 0
2631 0
2632 0
2633 0
2634 0
2635 0
2636 0
2637 1
2638 0
2639 0
2640 0
2641 0
2642 1
2643 0
2644 0
2645 0
2646 0
2647 0
2648 0
2649 0
2650 0
2651 0
2652 0
2653 0
2654 0
2655 0
2656 0
2657 0
2658 0
2659 0
2660 0
2661 0
2662 0
2663 0
2664 0
2665 0
2666 0
2667 0
2668 1
2669 0
2670 0
2671 0
2672 0
2673 0
2674 0
2675 0
2676 0
2677 0
2678 1
2679 0
2680 0
2681 0
2682 0
2683 0
2684 0
2685 0
2686 0
2687 0
2688 0
2689 1
2690 0
2691 0
2692 0
2693 0
2694 0
2695 0
2696 0
2697 0
2698 0
2699 0
2700 1
2701 0
2702 0
2703 0
2704 0
2705 1
2706 0
2707 0
2708 0
2709 0
2710 0
2711 0
2712 0
2713 0
2714 0
2715 0
2716 0
2717 0
2718 0
2719 0
2720 0
2721 0
2722 0
2723 0
2724 0
2725 0
2726 0
2727 0
2728 0
2729 0
2730 0
2731 0
2732 0
2733 0
2734 0
2735 0
2736 0
2737 0
2738 0
2739 0
2740 0
2741 0
2742 0
2743 0
2744 0
2745 0
2746 0
2747 0
2748 0
2749 0
2750 1
2751 0
2752 0
2753 1
2754 0
2755 0
2756 0
2757 0
2758 0
2759 0
2760 0
2761 0
2762 0
2763 0
2764 0
2765 0
2766 0
2767 0
2768 0
2769 0
2770 0
2771 0
2772 0
2773 0
2774 0
2775 0
2776 0
2777 0
2778 1
2779 0
2780 0
2781 0
2782 0
2783 0
2784 0
2785 0
2786 0
2787 0
2788 1
2789 0
2790 0
2791 0
2792 0
2793 0
2794 0
2795 0
2796 0
2797 0
2798 0
2799 0
2800 0
2801 0
2802 0
2803 0
2804 0
2805 0
2806 0
2807 0
2808 0
2809 0
2810 0
2811 0
2812 0
2813 0
2814 0
2815 0
2816 0
2817 0
2818 0
2819 0
2820 0
2821 0
2822 0
2823 0
2824 0
2825 0
2826 0
2827 0
2828 0
2829 0
2830 0
2831 0
2832 0
2833 0
2834 0
2835 0
2836 0
2837 0
2838 0
2839 0
2840 0
2841 0
2842 0
2843 0
2844 0
2845 0
2846 0
2847 0
2848 0
2849 0
2850 0
2851 0
2852 0
2853 0
2854 0
2855 0
2856 0
2857 0
2858 0
2859 0
2860 0
2861 0
2862 0
2863 0
2864 0
2865 0
2866 0
2867 0
2868 0
2869 0
2870 0
2871 0
2872 0
2873 0
2874 0
2875 0
2876 0
2877 0
2878 0
2879 0
2880 0
2881 0
2882 0
2883 0
2884 0
2885 0
2886 0
2887 0
2888 0
2889 0
2890 0
2891 1
2892 0
2893 0
2894 0
2895 0
2896 1
2897 0
2898 0
2899 0
2900 0
2901 1
2902 0
2903 0
2904 0
2905 0
2906 0
2907 0
2908 0
2909 1
2910 0
2911 0
2912 0
2913 0
2914 0
2915 0
2916 0
2917 0
2918 0
2919 0
2920 0
2921 0
2922 0
2923 0
2924 0
2925 0
2926 0
2927 0
2928 0
2929 0
2930 0
2931 0
2932 0
2933 0
2934 0
2935 0
2936 0
2937 0
2938 0
2939 1
2940 0
2941 0
2942 0
2943 0
2944 0
2945 0
2946 0
2947 0
2948 0
2949 0
2950 0
2951 0
2952 0
2953 0
2954 0
2955 0
2956 0
2957 0
2958 0
2959 0
2960 0
2961 0
2962 0
2963 0
2964 0
2965 0
2966 0
2967 0
2968 0
2969 0
2970 0
2971 0
2972 0
2973 2
2974 0
2975 0
2976 0
2977 0
2978 0
2979 0
2980 0
2981 0
2982 0
2983 0
2984 0
2985 0
2986 0
2987 0
2988 0
2989 0
2990 0
2991 0
2992 0
2993 0
2994 0
2995 0
2996 0
2997 0
2998 0
2999 0
3000 0
3001 0
3002 0
3003 0
3004 0
3005 0
3006 0
3007 0
3008 0
3009 0
3010 0
3011 0
3012 0
3013 0
3014 0
3015 0
3016 0
3017 0
3018 0
3019 0
3020 0
3021 0
3022 0
3023 0
3024 1
3025 0
3026 1
3027 0
3028 0
3029 0
3030 0
3031 0
3032 0
3033 0
3034 0
3035 0
3036 0
3037 0
3038 0
3039 0
3040 0
3041 0
3042 0
3043 0
3044 0
3045 0
3046 0
3047 1
3048 0
3049 0
3050 0
3051 0
3052 0
3053 0
3054 0
3055 1
3056 0
3057 0
3058 0
3059 0
3060 0
3061 0
3062 0
3063 1
3064 0
3065 0
3066 0
3067 0
3068 0
3069 0
3070 0
3071 0
3072 0
3073 0
3074 0
3075 0
3076 0
3077 0
3078 0
3079 0
3080 0
3081 0
3082 0
3083 0
3084 0
3085 0
3086 0
3087 0
3088 0
3089 0
3090 0
3091 0
3092 0
3093 0
3094 0
3095 0
3096 0
3097 0
3098 0
3099 0
3100 0
3101 0
3102 0
3103 0
3104 0
3105 0
3106 0
3107 0
3108 0
3109 0
3110 0
3111 0
3112 0
3113 0
3114 0
3115 0
3116 0
3117 0
3118 0
3119 0
3120 0
3121 0
3122 0
3123 0
3124 0
3125 0
3126 0
3127 0
3128 0
3129 0
3130 0
3131 0
3132 0
3133 0
3134 0
3135 0
3136 0
3137 0
3138 0
3139 0
3140 0
3141 0
3142 0
3143 0
3144 0
3145 0
3146 0
3147 0
3148 0
3149 0
3150 0
3151 0
3152 0
3153 0
3154 0
3155 0
3156 0
3157 1
3158 0
3159 0
3160 0
3161 0
3162 0
3163 0
3164 0
3165 0
3166 0
3167 0
3168 0
3169 0
3170 0
3171 0
3172 0
3173 0
3174 0
3175 0
3176 0
3177 0
3178 0
3179 0
3180 0
3181 0
3182 0
3183 0
3184 0
3185 0
3186 0
3187 0
3188 0
3189 0
3190 0
3191 0
3192 0
3193 0
3194 0
3195 0
3196 0
3197 0
3198 0
3199 0
3200 0
3201 0
3202 0
3203 0
3204 0
3205 0
3206 0
3207 0
3208 0
3209 0
3210 0
3211 0
3212 0
3213 0
3214 0
3215 0
3216 0
3217 0
3218 0
3219 0
3220 0
3221 0
3222 0
3223 0
3224 0
3225 0
3226 0
3227 1
3228 0
3229 0
3230 0
3231 0
3232 0
3233 0
3234 0
3235 0
3236 0
3237 0
3238 0
3239 0
3240 0
3241 0
3242 0
3243 0
3244 0
3245 1
3246 0
3247 0
3248 1
3249 0
3250 0
3251 0
3252 0
3253 0
3254 0
3255 0
3256 0
3257 1
3258 0
3259 0
3260 0
3261 0
3262 0
3263 0
3264 0
3265 0
3266 0
3267 0
3268 0
3269 0
3270 0
3271 0
3272 0
3273 0
3274 0
3275 0
3276 0
3277 0
3278 0
3279 0
3280 0
3281 0
3282 0
3283 0
3284 0
3285 0
3286 1
3287 0
3288 0
3289 0
3290 0
3291 0
3292 0
3293 0
3294 0
3295 0
3296 0
3297 0
3298 0
3299 0
3300 0
3301 0
3302 0
3303 0
3304 0
3305 0
3306 0
3307 0
3308 0
3309 0
3310 0
3311 0
3312 0
3313 0
3314 0
3315 0
3316 1
3317 0
3318 0
3319 0
3320 0
3321 0
3322 0
3323 0
3324 0
3325 0
3326 0
3327 0
3328 0
3329 0
3330 0
3331 0
3332 0
3333 0
3334 0
3335 0
3336 0
3337 0
3338 0
3339 0
3340 0
3341 0
3342 1
3343 0
3344 0
3345 0
3346 0
3347 0
3348 0
3349 0
3350 0
3351 0
3352 0
3353 0
3354 0
3355 0
3356 0
3357 0
3358 0
3359 0
3360 0
3361 0
3362 0
3363 0
3364 0
3365 0
3366 0
3367 0
3368 0
3369 0
3370 0
3371 0
3372 0
3373 0
3374 0
3375 0
3376 0
3377 0
3378 0
3379 0
3380 0
3381 0
3382 0
3383 0
3384 0
3385 0
3386 0
3387 0
3388 0
3389 0
3390 0
3391 0
3392 0
3393 0
3394 0
3395 0
3396 0
3397 0
3398 0
3399 0
3400 0
3401 0
3402 0
3403 0
3404 0
3405 0
3406 0
3407 0
3408 0
3409 0
3410 0
3411 0
3412 0
3413 0
3414 1
3415 0
3416 0
3417 0
3418 0
3419 1
3420 0
3421 0
3422 0
3423 0
3424 0
3425 0
3426 0
3427 0
3428 0
3429 0
3430 0
3431 0
3432 0
3433 0
3434 0
3435 0
3436 0
3437 0
3438 0
3439 0
3440 0
3441 0
3442 0
3443 0
3444 0
3445 0
3446 0
3447 0
3448 0
3449 0
3450 0
3451 0
3452 0
3453 0
3454 0
3455 0
3456 0
3457 0
3458 0
3459 0
3460 0
3461 0
3462 0
3463 0
3464 0
3465 0
3466 0
3467 0
3468 0
3469 0
3470 0
3471 0
3472 0
3473 0
3474 0
3475 0
3476 0
3477 0
3478 0
3479 0
3480 0
3481 0
3482 0
3483 0
3484 0
3485 0
3486 0
3487 0
3488 0
3489 0
3490 0
3491 0
3492 0
3493 0
3494 0
3495 0
3496 0
3497 0
3498 0
3499 0
3500 0
3501 0
3502 0
3503 0
3504 0
3505 0
3506 0
3507 0
3508 0
3509 0
3510 0
3511 0
3512 0
3513 0
3514 0
3515 0
3516 0
3517 0
3518 0
3519 0
3520 0
3521 0
3522 0
3523 0
3524 0
3525 0
3526 0
3527 0
3528 0
3529 0
3530 0
3531 0
3532 0
3533 0
3534 0
3535 0
3536 0
3537 0
3538 0
3539 0
3540 0
3541 0
3542 0
3543 0
3544 0
3545 0
3546 0
3547 0
3548 0
3549 0
3550 0
3551 0
3552 0
3553 0
3554 1
3555 0
3556 1
3557 0
3558 0
3559 0
3560 0
3561 0
3562 0
3563 0
3564 0
3565 0
3566 0
3567 0
3568 0
3569 0
3570 0
3571 0
3572 0
3573 0
3574 0
3575 0
3576 0
3577 0
3578 0
3579 0
3580 0
3581 0
3582 0
3583 0
3584 0
3585 0
3586 0
3587 0
3588 0
3589 0
3590 0
3591 0
3592 0
3593 0
3594 0
3595 0
3596 0
3597 0
3598 0
3599 0
3600 0
3601 0
3602 0
3603 0
3604 0
3605 0
3606 0
3607 0
3608 0
3609 0
3610 0
3611 0
3612 0
3613 0
3614 0
3615 0
3616 0
3617 0
3618 0
3619 0
3620 0
3621 0
3622 0
3623 0
3624 0
3625 0
3626 0
3627 0
3628 0
3629 0
3630 0
3631 0
3632 0
3633 0
3634 0
3635 0
3636 0
3637 0
3638 0
3639 0
3640 0
3641 0
3642 0
3643 0
3644 0
3645 0
3646 0
3647 0
3648 0
3649 0
3650 0
3651 0
3652 0
3653 0
3654 0
3655 0
3656 0
3657 0
3658 0
3659 0
3660 0
3661 0
3662 0
3663 0
3664 0
3665 0
3666 0
3667 0
3668 0
3669 0
3670 0
3671 0
3672 0
3673 0
3674 0
3675 0
3676 0
3677 0
3678 0
3679 0
3680 0
3681 0
3682 0
3683 0
3684 0
3685 0
3686 0
3687 0
3688 0
3689 0
3690 0
3691 0
3692 0
3693 0
3694 0
3695 0
3696 0
3697 0
3698 0
3699 0
3700 0
3701 0
3702 0
3703 0
3704 0
3705 0
3706 0
3707 0
3708 0
3709 0
3710 0
3711 0
3712 0
3713 0
3714 0
3715 0
3716 0
3717 0
3718 0
3719 0
3720 0
3721 0
3722 0
3723 0
3724 0
3725 0
3726 0
3727 0
3728 0
3729 0
3730 0
3731 0
3732 0
3733 0
3734 0
3735 0
3736 0
3737 0
3738 0
3739 0
3740 0
3741 0
3742 0
3743 0
3744 0
3745 1
3746 0
3747 0
3748 0
3749 0
3750 0
3751 0
3752 0
3753 0
3754 0
3755 0
3756 0
3757 0
3758 0
3759 0
3760 0
3761 0
3762 0
3763 0
3764 0
3765 0
3766 0
3767 0
3768 0
3769 0
3770 0
3771 0
3772 0
3773 0
3774 0
3775 0
3776 0
3777 0
3778 0
3779 0
3780 0
3781 0
3782 0
3783 0
3784 0
3785 0
3786 0
3787 0
3788 0
3789 0
3790 1
3791 0
3792 0
3793 0
3794 0
3795 0
3796 0
3797 0
3798 0
3799 0
3800 0
3801 0
3802 0
3803 0
3804 0
3805 0
3806 0
3807 0
3808 0
3809 0
3810 0
3811 0
3812 0
3813 0
3814 0
3815 0
3816 0
3817 0
3818 0
3819 0
3820 0
3821 0
3822 0
3823 0
3824 0
3825 0
3826 0
3827 0
3828 0
3829 0
3830 0
3831 0
3832 0
3833 0
3834 0
3835 0
3836 0
3837 0
3838 0
3839 0
3840 0
3841 0
3842 0
3843 0
3844 0
3845 0
3846 0
3847 0
3848 0
3849 0
3850 0
3851 0
3852 0
3853 0
3854 0
3855 0
3856 0
3857 0
3858 0
3859 0
3860 0
3861 0
3862 0
3863 0
3864 0
3865 0
3866 0
3867 0
3868 0
3869 0
3870 0
3871 0
3872 0
3873 0
3874 0
3875 0
3876 0
3877 0
3878 0
3879 0
3880 0
3881 0
3882 0
3883 0
3884 0
3885 0
3886 0
3887 0
3888 0
3889 0
3890 0
3891 0
3892 0
3893 0
3894 0
3895 0
3896 0
3897 0
3898 0
3899 0
3900 0
3901 0
3902 0
3903 0
3904 0
3905 0
3906 0
3907 0
3908 0
3909 0
3910 0
3911 0
3912 0
3913 0
3914 0
3915 0
3916 0
3917 0
3918 0
3919 0
3920 0
3921 0
3922 0
3923 0
3924 0
3925 0
3926 0
3927 0
3928 0
3929 0
3930 0
3931 0
3932 0
3933 0
3934 0
3935 0
3936 0
3937 0
3938 0
3939 0
3940 0
3941 0
3942 0
3943 0
3944 0
3945 0
3946 0
3947 0
3948 0
3949 0
3950 0
3951 0
3952 0
3953 0
3954 0
3955 0
3956 0
3957 0
3958 0
3959 0
3960 0
3961 0
3962 0
3963 0
3964 0
3965 0
3966 0
3967 0
3968 0
3969 1
3970 0
3971 0
3972 0
3973 0
3974 0
3975 0
3976 0
3977 0
3978 0
3979 0
3980 0
3981 0
3982 0
3983 0
3984 0
3985 0
3986 0
3987 0
3988 0
3989 0
3990 0
3991 0
3992 0
3993 0
3994 0
3995 0
3996 0
3997 0
3998 0
3999 0
4000 0
