0 0
1 0
2 0
3 0
4 0
5 0
6 0
7 0
8 0
9 0
10 0
11 0
12 0
13 0
14 0
15 0
16 0
17 0
18 0
19 0
20 0
21 0
22 0
23 0
24 0
25 0
26 0
27 0
28 0
29 0
30 0
31 0
32 0
33 0
34 0
35 0
36 0
37 0
38 0
39 0
40 0
41 0
42 0
43 0
44 0
45 0
46 0
47 0
48 0
49 0
50 0
51 0
52 0
53 0
54 0
55 0
56 0
57 0
58 0
59 0
60 0
61 0
62 0
63 0
64 0
65 0
66 0
67 0
68 0
69 0
70 0
71 0
72 0
73 0
74 0
75 0
76 0
77 0
78 0
79 0
80 0
81 0
82 0
83 0
84 0
85 0
86 0
87 0
88 0
89 0
90 0
91 0
92 0
93 0
94 0
95 0
96 0
97 0
98 0
99 0
100 0
101 0
102 0
103 0
104 0
105 0
106 0
107 0
108 0
109 0
110 0
111 0
112 0
113 0
114 0
115 0
116 0
117 0
118 0
119 0
120 0
121 0
122 0
123 0
124 0
125 0
126 0
127 0
128 0
129 0
130 0
131 0
132 0
133 0
134 0
135 0
136 0
137 0
138 0
139 0
140 0
141 0
142 0
143 0
144 0
145 0
146 0
147 0
148 0
149 0
150 0
151 0
152 0
153 3
154 2
155 3
156 5
157 5
158 2
159 3
160 3
161 4
162 1
163 9
164 4
165 5
166 9
167 3
168 3
169 7
170 9
171 4
172 2
173 1
174 7
175 6
176 9
177 26
178 33
179 51
180 45
181 76
182 83
183 89
184 124
185 199
186 362
187 560
188 993
189 1315
190 1709
191 1963
192 2008
193 2124
194 1984
195 1903
196 1805
197 1630
198 1595
199 1459
200 1318
201 1246
202 1205
203 1105
204 1107
205 965
206 967
207 980
208 938
209 972
210 937
211 896
212 853
213 940
214 908
215 958
216 896
217 946
218 914
219 981
220 982
221 939
222 997
223 1011
224 948
225 1005
226 1017
227 1050
228 1077
229 1015
230 1102
231 1102
232 1130
233 1109
234 1109
235 1174
236 1135
237 1178
238 1235
239 1228
240 1238
241 1169
242 1204
243 1243
244 1277
245 1228
246 1240
247 1306
248 1304
249 1285
250 1292
251 1328
252 1373
253 1387
254 1311
255 1339
256 1377
257 1350
258 1352
259 1360
260 1352
261 1435
262 1431
263 1414
264 1430
265 1463
266 1483
267 1430
268 1466
269 1511
270 1517
271 1563
272 1464
273 1514
274 1518
275 1540
276 1494
277 1580
278 1578
279 1596
280 1610
281 1559
282 1579
283 1581
284 1572
285 1552
286 1640
287 1673
288 1638
289 1623
290 1587
291 1568
292 1679
293 1707
294 1613
295 1615
296 1588
297 1675
298 1692
299 1706
300 1632
301 1688
302 1641
303 1713
304 1699
305 1692
306 1702
307 1716
308 1706
309 1694
310 1755
311 1723
312 1729
313 1704
314 1640
315 1704
316 1778
317 1824
318 1772
319 1715
320 1756
321 1695
322 1676
323 1734
324 1776
325 1699
326 1682
327 1665
328 1704
329 1748
330 1698
331 1743
332 1662
333 1777
334 1781
335 1776
336 1737
337 1645
338 1701
339 1682
340 1754
341 1717
342 1686
343 1701
344 1688
345 1747
346 1629
347 1682
348 1629
349 1762
350 1714
351 1651
352 1674
353 1581
354 1691
355 1676
356 1598
357 1581
358 1690
359 1630
360 1648
361 1645
362 1636
363 1574
364 1655
365 1588
366 1520
367 1626
368 1570
369 1503
370 1550
371 1578
372 1507
373 1505
374 1538
375 1486
376 1554
377 1555
378 1477
379 1522
380 1463
381 1412
382 1437
383 1527
384 1502
385 1386
386 1436
387 1350
388 1432
389 1369
390 1439
391 1458
392 1395
393 1347
394 1289
395 1376
396 1334
397 1333
398 1339
399 1415
400 1290
401 1317
402 1286
403 1248
404 1257
405 1244
406 1306
407 1294
408 1225
409 1281
410 1203
411 1208
412 1264
413 1222
414 1172
415 1241
416 1177
417 1181
418 1120
419 1089
420 1086
421 1092
422 1130
423 1135
424 1109
425 1090
426 1069
427 1035
428 1101
429 1055
430 1014
431 1030
432 1057
433 1006
434 949
435 984
436 1002
437 925
438 947
439 973
440 998
441 924
442 992
443 918
444 907
445 847
446 880
447 855
448 871
449 829
450 902
451 845
452 853
453 860
454 852
455 807
456 794
457 772
458 804
459 802
460 809
461 797
462 802
463 784
464 774
465 782
466 778
467 730
468 755
469 730
470 720
471 699
472 739
473 701
474 710
475 676
476 692
477 673
478 664
479 667
480 633
481 626
482 634
483 629
484 645
485 635
486 643
487 590
488 578
489 592
490 580
491 590
492 649
493 580
494 554
495 569
496 612
497 556
498 548
499 558
500 555
501 559
502 519
503 537
504 481
505 476
506 512
507 496
508 511
509 522
510 518
511 493
512 486
513 405
514 514
515 507
516 501
517 470
518 443
519 459
520 428
521 432
522 473
523 447
524 398
525 388
526 424
527 400
528 437
529 416
530 398
531 389
532 433
533 395
534 406
535 421
536 346
537 424
538 360
539 357
540 360
541 376
542 376
543 355
544 386
545 394
546 341
547 338
548 335
549 345
550 346
551 361
552 342
553 348
554 327
555 325
556 345
557 313
558 311
559 338
560 343
561 302
562 314
563 337
564 316
565 306
566 341
567 311
568 314
569 296
570 296
571 316
572 318
573 280
574 310
575 313
576 289
577 285
578 257
579 284
580 274
581 311
582 298
583 317
584 289
585 248
586 287
587 274
588 264
589 283
590 265
591 259
592 287
593 271
594 293
595 286
596 242
597 250
598 255
599 285
600 258
601 263
602 254
603 258
604 255
605 255
606 271
607 248
608 275
609 272
610 244
611 229
612 247
613 252
614 260
615 245
616 224
617 240
618 260
619 234
620 217
621 224
622 238
623 225
624 223
625 247
626 241
627 272
628 239
629 257
630 231
631 211
632 222
633 239
634 226
635 229
636 229
637 188
638 232
639 248
640 210
641 206
642 210
643 219
644 258
645 225
646 200
647 217
648 263
649 227
650 204
651 220
652 221
653 224
654 179
655 215
656 231
657 188
658 194
659 204
660 217
661 196
662 208
663 203
664 207
665 230
666 209
667 196
668 203
669 201
670 212
671 210
672 193
673 182
674 192
675 206
676 188
677 200
678 215
679 233
680 217
681 202
682 226
683 211
684 198
685 207
686 217
687 188
688 180
689 209
690 198
691 164
692 211
693 191
694 172
695 189
696 208
697 197
698 183
699 142
700 186
701 210
702 182
703 223
704 172
705 208
706 180
707 175
708 186
709 180
710 186
711 161
712 174
713 193
714 198
715 202
716 166
717 177
718 184
719 190
720 176
721 184
722 183
723 164
724 172
725 181
726 202
727 172
728 159
729 197
730 165
731 185
732 174
733 155
734 166
735 159
736 182
737 170
738 176
739 159
740 161
741 166
742 149
743 145
744 155
745 158
746 141
747 160
748 165
749 164
750 183
751 141
752 149
753 154
754 164
755 163
756 161
757 132
758 149
759 168
760 154
761 146
762 155
763 138
764 177
765 188
766 142
767 146
768 172
769 145
770 160
771 150
772 142
773 140
774 167
775 139
776 137
777 119
778 136
779 145
780 129
781 122
782 140
783 134
784 129
785 149
786 152
787 143
788 126
789 123
790 137
791 133
792 153
793 150
794 125
795 119
796 133
797 120
798 148
799 122
800 133
801 118
802 131
803 115
804 128
805 121
806 122
807 119
808 117
809 136
810 122
811 127
812 107
813 131
814 116
815 123
816 112
817 125
818 114
819 111
820 110
821 115
822 108
823 117
824 123
825 106
826 96
827 120
828 117
829 122
830 89
831 115
832 124
833 119
834 103
835 115
836 95
837 109
838 105
839 108
840 106
841 115
842 100
843 106
844 104
845 83
846 100
847 98
848 91
849 105
850 107
851 107
852 102
853 94
854 90
855 83
856 102
857 84
858 82
859 109
860 85
861 95
862 93
863 79
864 82
865 95
866 98
867 97
868 87
869 93
870 92
871 92
872 102
873 101
874 86
875 80
876 104
877 76
878 80
879 67
880 78
881 95
882 88
883 80
884 84
885 78
886 70
887 95
888 67
889 87
890 75
891 81
892 78
893 80
894 94
895 79
896 67
897 78
898 71
899 64
900 72
901 77
902 69
903 84
904 81
905 70
906 78
907 77
908 80
909 56
910 59
911 81
912 55
913 74
914 68
915 82
916 59
917 78
918 60
919 55
920 68
921 60
922 66
923 54
924 68
925 58
926 76
927 72
928 65
929 58
930 74
931 70
932 57
933 50
934 61
935 63
936 67
937 63
938 54
939 57
940 52
941 64
942 61
943 60
944 71
945 59
946 70
947 54
948 61
949 55
950 46
951 70
952 65
953 55
954 54
955 61
956 38
957 54
958 59
959 51
960 53
961 56
962 59
963 55
964 63
965 53
966 45
967 62
968 48
969 43
970 48
971 43
972 52
973 39
974 39
975 45
976 53
977 46
978 37
979 47
980 40
981 47
982 47
983 51
984 53
985 62
986 47
987 41
988 45
989 48
990 53
991 42
992 37
993 45
994 51
995 40
996 50
997 47
998 26
999 38
1000 40
1001 37
1002 46
1003 35
1004 44
1005 37
1006 31
1007 46
1008 38
1009 48
1010 38
1011 41
1012 42
1013 48
1014 38
1015 36
1016 49
1017 44
1018 47
1019 35
1020 31
1021 36
1022 33
1023 32
1024 31
1025 38
1026 46
1027 34
1028 40
1029 26
1030 42
1031 44
1032 30
1033 33
1034 33
1035 36
1036 37
1037 30
1038 47
1039 36
1040 36
1041 34
1042 41
1043 37
1044 28
1045 30
1046 24
1047 31
1048 32
1049 27
1050 42
1051 27
1052 36
1053 43
1054 32
1055 27
1056 30
1057 24
1058 28
1059 32
1060 32
1061 27
1062 24
1063 40
1064 28
1065 32
1066 26
1067 28
1068 24
1069 25
1070 18
1071 19
1072 27
1073 39
1074 33
1075 28
1076 24
1077 29
1078 27
1079 20
1080 28
1081 16
1082 17
1083 29
1084 30
1085 30
1086 26
1087 30
1088 26
1089 31
1090 23
1091 16
1092 29
1093 25
1094 20
1095 26
1096 16
1097 24
1098 26
1099 29
1100 25
1101 29
1102 16
1103 16
1104 32
1105 30
1106 26
1107 24
1108 37
1109 25
1110 23
1111 23
1112 25
1113 26
1114 18
1115 19
1116 21
1117 21
1118 21
1119 20
1120 20
1121 16
1122 20
1123 23
1124 24
1125 20
1126 25
1127 13
1128 18
1129 16
1130 23
1131 16
1132 23
1133 16
1134 21
1135 16
1136 18
1137 16
1138 16
1139 18
1140 15
1141 21
1142 21
1143 20
1144 24
1145 22
1146 19
1147 17
1148 19
1149 22
1150 11
1151 17
1152 21
1153 22
1154 18
1155 14
1156 15
1157 17
1158 17
1159 25
1160 28
1161 11
1162 16
1163 15
1164 18
1165 24
1166 9
1167 22
1168 18
1169 12
1170 20
1171 14
1172 17
1173 19
1174 20
1175 15
1176 16
1177 20
1178 11
1179 11
1180 10
1181 16
1182 23
1183 15
1184 12
1185 14
1186 21
1187 11
1188 11
1189 18
1190 13
1191 6
1192 16
1193 15
1194 19
1195 12
1196 17
1197 15
1198 10
1199 19
1200 15
1201 9
1202 12
1203 20
1204 16
1205 15
1206 13
1207 12
1208 11
1209 18
1210 12
1211 14
1212 14
1213 6
1214 11
1215 14
1216 9
1217 16
1218 11
1219 16
1220 15
1221 16
1222 9
1223 12
1224 13
1225 16
1226 13
1227 13
1228 10
1229 8
1230 10
1231 15
1232 15
1233 13
1234 21
1235 8
1236 8
1237 7
1238 11
1239 10
1240 10
1241 10
1242 14
1243 13
1244 12
1245 11
1246 5
1247 8
1248 7
1249 12
1250 9
1251 14
1252 11
1253 9
1254 9
1255 7
1256 8
1257 4
1258 12
1259 8
1260 11
1261 10
1262 10
1263 11
1264 7
1265 8
1266 12
1267 13
1268 13
1269 8
1270 3
1271 9
1272 12
1273 2
1274 13
1275 9
1276 10
1277 11
1278 11
1279 10
1280 12
1281 9
1282 17
1283 6
1284 10
1285 10
1286 7
1287 8
1288 11
1289 5
1290 9
1291 9
1292 7
1293 6
1294 10
1295 14
1296 9
1297 9
1298 9
1299 9
1300 12
1301 7
1302 9
1303 6
1304 7
1305 9
1306 2
1307 13
1308 10
1309 7
1310 3
1311 7
1312 7
1313 7
1314 11
1315 6
1316 6
1317 8
1318 8
1319 6
1320 9
1321 5
1322 7
1323 5
1324 7
1325 10
1326 3
1327 7
1328 4
1329 10
1330 9
1331 5
1332 10
1333 7
1334 10
1335 6
1336 9
1337 6
1338 6
1339 6
1340 9
1341 5
1342 7
1343 6
1344 9
1345 11
1346 3
1347 11
1348 9
1349 5
1350 4
1351 4
1352 8
1353 10
1354 10
1355 7
1356 7
1357 8
1358 3
1359 5
1360 5
1361 10
1362 4
1363 9
1364 5
1365 3
1366 5
1367 6
1368 4
1369 12
1370 1
1371 8
1372 3
1373 5
1374 5
1375 4
1376 3
1377 3
1378 8
1379 5
1380 6
1381 9
1382 6
1383 3
1384 6
1385 6
1386 4
1387 5
1388 6
1389 4
1390 5
1391 2
1392 6
1393 2
1394 4
1395 6
1396 5
1397 5
1398 4
1399 8
1400 7
1401 1
1402 6
1403 3
1404 4
1405 2
1406 3
1407 4
1408 1
1409 4
1410 4
1411 4
1412 2
1413 4
1414 5
1415 3
1416 5
1417 2
1418 7
1419 5
1420 6
1421 4
1422 3
1423 5
1424 5
1425 3
1426 3
1427 6
1428 5
1429 8
1430 7
1431 1
1432 6
1433 4
1434 5
1435 3
1436 3
1437 4
1438 3
1439 2
1440 3
1441 8
1442 3
1443 2
1444 5
1445 7
1446 3
1447 3
1448 4
1449 4
1450 1
1451 4
1452 7
1453 5
1454 3
1455 2
1456 5
1457 3
1458 4
1459 2
1460 1
1461 1
1462 3
1463 4
1464 4
1465 2
1466 2
1467 2
1468 7
1469 5
1470 2
1471 2
1472 5
1473 5
1474 0
1475 7
1476 4
1477 4
1478 3
1479 8
1480 1
1481 2
1482 4
1483 5
1484 3
1485 2
1486 3
1487 6
1488 5
1489 3
1490 3
1491 4
1492 4
1493 1
1494 3
1495 4
1496 1
1497 3
1498 3
1499 1
1500 3
1501 4
1502 1
1503 0
1504 3
1505 3
1506 1
1507 3
1508 1
1509 2
1510 2
1511 2
1512 1
1513 3
1514 2
1515 3
1516 4
1517 1
1518 4
1519 3
1520 3
1521 4
1522 3
1523 3
1524 1
1525 4
1526 1
1527 1
1528 3
1529 0
1530 2
1531 2
1532 1
1533 4
1534 1
1535 3
1536 2
1537 1
1538 0
1539 2
1540 4
1541 3
1542 2
1543 2
1544 4
1545 3
1546 1
1547 4
1548 1
1549 2
1550 1
1551 0
1552 2
1553 2
1554 1
1555 1
1556 2
1557 4
1558 0
1559 2
1560 6
1561 4
1562 4
1563 3
1564 4
1565 1
1566 1
1567 3
1568 1
1569 0
1570 3
1571 3
1572 2
1573 2
1574 3
1575 1
1576 2
1577 0
1578 1
1579 2
1580 4
1581 0
1582 1
1583 2
1584 1
1585 0
1586 3
1587 2
1588 3
1589 2
1590 1
1591 2
1592 1
1593 2
1594 3
1595 2
1596 5
1597 2
1598 2
1599 1
1600 1
1601 2
1602 0
1603 1
1604 2
1605 1
1606 2
1607 1
1608 3
1609 3
1610 1
1611 3
1612 0
1613 2
1614 2
1615 1
1616 2
1617 1
1618 4
1619 0
1620 0
1621 0
1622 2
1623 0
1624 0
1625 1
1626 0
1627 0
1628 2
1629 1
1630 2
1631 0
1632 2
1633 0
1634 0
1635 3
1636 0
1637 0
1638 2
1639 3
1640 0
1641 1
1642 2
1643 1
1644 2
1645 0
1646 0
1647 1
1648 1
1649 3
1650 1
1651 1
1652 1
1653 1
1654 0
1655 2
1656 1
1657 1
1658 2
1659 2
1660 1
1661 1
1662 3
1663 2
1664 2
1665 2
1666 0
1667 0
1668 0
1669 2
1670 1
1671 3
1672 0
1673 2
1674 0
1675 2
1676 4
1677 0
1678 1
1679 1
1680 0
1681 0
1682 4
1683 1
1684 2
1685 0
1686 2
1687 1
1688 1
1689 2
1690 0
1691 2
1692 2
1693 1
1694 1
1695 1
1696 1
1697 1
1698 0
1699 1
1700 1
1701 0
1702 0
1703 2
1704 1
1705 0
1706 1
1707 1
1708 2
1709 0
1710 0
1711 1
1712 2
1713 2
1714 0
1715 3
1716 1
1717 2
1718 1
1719 0
1720 0
1721 0
1722 0
1723 0
1724 3
1725 0
1726 0
1727 2
1728 0
1729 0
1730 2
1731 0
1732 0
1733 0
1734 1
1735 3
1736 0
1737 1
1738 1
1739 0
1740 0
1741 0
1742 0
1743 0
1744 2
1745 1
1746 0
1747 3
1748 0
1749 2
1750 0
1751 0
1752 0
1753 0
1754 0
1755 0
1756 0
1757 0
1758 0
1759 0
1760 2
1761 1
1762 1
1763 0
1764 0
1765 0
1766 2
1767 0
1768 0
1769 2
1770 0
1771 0
1772 0
1773 0
1774 1
1775 0
1776 1
1777 0
1778 1
1779 0
1780 0
1781 0
1782 2
1783 1
1784 1
1785 0
1786 0
1787 0
1788 0
1789 1
1790 1
1791 1
1792 1
1793 0
1794 1
1795 0
1796 0
1797 0
1798 1
1799 1
1800 0
1801 1
1802 1
1803 0
1804 1
1805 0
1806 0
1807 0
1808 1
1809 0
1810 0
1811 1
1812 0
1813 0
1814 0
1815 0
1816 0
1817 2
1818 1
1819 1
1820 2
1821 0
1822 2
1823 2
1824 0
1825 1
1826 2
1827 0
1828 0
1829 1
1830 1
1831 0
1832 0
1833 1
1834 1
1835 0
1836 0
1837 2
1838 0
1839 1
1840 0
1841 0
1842 0
1843 0
1844 1
1845 0
1846 1
1847 2
1848 1
1849 1
1850 0
1851 2
1852 1
1853 0
1854 0
1855 1
1856 0
1857 0
1858 0
1859 0
1860 0
1861 0
1862 0
1863 1
1864 2
1865 0
1866 0
1867 0
1868 0
1869 1
1870 1
1871 0
1872 0
1873 0
1874 3
1875 0
1876 0
1877 1
1878 1
1879 0
1880 0
1881 0
1882 0
1883 1
1884 0
1885 0
1886 0
1887 0
1888 0
1889 0
1890 0
1891 2
1892 0
1893 0
1894 0
1895 0
1896 0
1897 1
1898 0
1899 0
1900 2
1901 0
1902 0
1903 1
1904 1
1905 1
1906 0
1907 0
1908 0
1909 0
1910 0
1911 0
1912 0
1913 2
1914 0
1915 0
1916 0
1917 1
1918 0
1919 0
1920 1
1921 0
1922 0
1923 0
1924 0
1925 0
1926 0
1927 0
1928 0
1929 1
1930 0
1931 0
1932 0
1933 0
1934 1
1935 0
1936 0
1937 0
1938 0
1939 1
1940 0
1941 1
1942 0
1943 1
1944 0
1945 0
1946 0
1947 0
1948 2
1949 0
1950 1
1951 0
1952 0
1953 0
1954 0
1955 0
1956 0
1957 0
1958 0
1959 0
1960 0
1961 0
1962 0
1963 2
1964 1
1965 1
1966 0
1967 1
1968 0
1969 0
1970 0
1971 0
1972 0
1973 0
1974 1
1975 1
1976 0
1977 0
1978 1
1979 1
1980 0
1981 1
1982 0
1983 0
1984 0
1985 0
1986 0
1987 0
1988 0
1989 0
1990 0
1991 0
1992 0
1993 0
1994 0
1995 0
1996 1
1997 0
1998 0
1999 0
2000 1
2001 1
2002 1
2003 0
2004 0
2005 0
2006 0
2007 0
2008 0
2009 0
2010 0
2011 0
2012 0
2013 1
2014 0
2015 0
2016 0
2017 1
2018 1
2019 0
2020 1
2021 0
2022 0
2023 0
2024 0
2025 0
2026 0
2027 0
2028 0
2029 0
2030 0
2031 0
2032 0
2033 0
2034 1
2035 0
2036 0
2037 0
2038 0
2039 1
2040 1
2041 0
2042 1
2043 0
2044 0
2045 0
2046 0
2047 0
2048 0
2049 1
2050 1
2051 0
2052 0
2053 0
2054 0
2055 0
2056 0
2057 0
2058 0
2059 1
2060 0
2061 0
2062 0
2063 0
2064 0
2065 0
2066 1
2067 0
2068 0
2069 0
2070 0
2071 0
2072 0
2073 0
2074 0
2075 0
2076 0
2077 0
2078 0
2079 0
2080 0
2081 0
2082 0
2083 0
2084 0
2085 0
2086 0
2087 0
2088 0
2089 0
2090 0
2091 0
2092 0
2093 0
2094 0
2095 0
2096 0
2097 0
2098 1
2099 0
2100 0
2101 0
2102 0
2103 0
2104 0
2105 0
2106 0
2107 0
2108 0
2109 0
2110 0
2111 0
2112 0
2113 0
2114 0
2115 0
2116 1
2117 0
2118 0
2119 1
2120 0
2121 0
2122 0
2123 0
2124 0
2125 0
2126 0
2127 0
2128 0
2129 0
2130 0
2131 1
2132 0
2133 0
2134 0
2135 0
2136 0
2137 0
2138 0
2139 0
2140 0
2141 0
2142 0
2143 0
2144 0
2145 0
2146 0
2147 1
2148 0
2149 0
2150 0
2151 0
2152 1
2153 0
2154 1
2155 0
2156 0
2157 0
2158 0
2159 0
2160 0
2161 0
2162 0
2163 0
2164 0
2165 0
2166 0
2167 0
2168 0
2169 0
2170 0
2171 0
2172 0
2173 0
2174 0
2175 0
2176 0
2177 0
2178 0
2179 0
2180 0
2181 0
2182 1
2183 0
2184 0
2185 0
2186 0
2187 0
2188 0
2189 0
2190 0
2191 0
2192 0
2193 0
2194 0
2195 0
2196 0
2197 1
2198 0
2199 1
2200 0
2201 0
2202 0
2203 0
2204 0
2205 0
2206 0
2207 0
2208 0
2209 0
2210 0
2211 0
2212 0
2213 0
2214 0
2215 0
2216 0
2217 0
2218 0
2219 0
2220 0
2221 1
2222 0
2223 0
2224 0
2225 0
2226 0
2227 0
2228 0
2229 0
2230 0
2231 1
2232 0
2233 0
2234 0
2235 0
2236 0
2237 0
2238 0
2239 0
2240 0
2241 0
2242 0
2243 0
2244 0
2245 0
2246 0
2247 0
2248 0
2249 0
2250 0
2251 1
2252 0
2253 0
2254 0
2255 0
2256 0
2257 1
2258 0
2259 0
2260 0
2261 0
2262 0
2263 0
2264 0
2265 0
2266 0
2267 0
2268 0
2269 0
2270 0
2271 0
2272 0
2273 0
2274 0
2275 0
2276 0
2277 0
2278 0
2279 0
2280 0
2281 0
2282 0
2283 0
2284 0
2285 0
2286 0
2287 0
2288 0
2289 0
2290 1
2291 0
2292 0
2293 0
2294 0
2295 0
2296 0
2297 0
2298 0
2299 0
2300 0
2301 0
2302 0
2303 0
2304 0
2305 0
2306 0
2307 0
2308 0
2309 0
2310 0
2311 0
2312 0
2313 0
2314 0
2315 0
2316 0
2317 0
2318 0
2319 0
2320 0
2321 0
2322 0
2323 0
2324 0
2325 1
2326 0
2327 0
2328 0
2329 0
2330 0
2331 0
2332 0
2333 0
2334 0
2335 1
2336 0
2337 0
2338 0
2339 0
2340 0
2341 0
2342 0
2343 0
2344 0
2345 0
2346 0
2347 0
2348 0
2349 0
2350 0
2351 0
2352 0
2353 0
2354 0
2355 0
2356 0
2357 0
2358 0
2359 0
2360 0
2361 0
2362 0
2363 1
2364 0
2365 0
2366 0
2367 0
2368 0
2369 0
2370 0
2371 1
2372 0
2373 0
2374 0
2375 0
2376 0
2377 1
2378 0
2379 0
2380 0
2381 0
2382 0
2383 0
2384 0
2385 0
2386 0
2387 0
2388 0
2389 0
2390 0
2391 0
2392 0
2393 0
2394 0
2395 0
2396 0
2397 0
2398 0
2399 0
2400 0
2401 0
2402 0
2403 0
2404 0
2405 0
2406 0
2407 0
2408 0
2409 0
2410 0
2411 0
2412 1
2413 0
2414 0
2415 0
2416 0
2417 0
2418 0
2419 0
2420 0
2421 0
2422 0
2423 0
2424 0
2425 0
2426 0
2427 0
2428 0
2429 0
2430 0
2431 0
2432 0
2433 0
2434 0
2435 0
2436 0
2437 0
2438 0
2439 0
2440 0
2441 0
2442 0
2443 0
2444 0
2445 0
2446 0
2447 0
2448 0
2449 0
2450 0
2451 0
2452 0
2453 0
2454 0
2455 0
2456 0
2457 0
2458 0
2459 0
2460 0
2461 0
2462 0
2463 0
2464 0
2465 0
2466 0
2467 1
2468 0
2469 0
2470 0
2471 0
2472 0
2473 0
2474 0
2475 0
2476 0
2477 0
2478 0
2479 0
2480 0
2481 0
2482 0
2483 0
2484 0
2485 0
2486 0
2487 0
2488 0
2489 0
2490 0
2491 0
2492 0
2493 0
2494 0
2495 0
2496 0
2497 0
2498 0
2499 0
2500 0
2501 0
2502 0
2503 0
2504 0
2505 0
2506 0
2507 0
2508 0
2509 0
2510 0
2511 0
2512 0
2513 0
2514 0
2515 0
2516 0
2517 0
2518 0
2519 0
2520 0
2521 0
2522 0
2523 0
2524 0
2525 0
2526 0
2527 0
2528 0
2529 0
2530 0
2531 0
2532 0
2533 0
2534 0
2535 0
2536 0
2537 0
2538 0
2539 0
2540 0
2541 0
2542 0
2543 0
2544 0
2545 0
2546 0
2547 0
2548 0
2549 0
2550 0
2551 0
2552 0
2553 0
2554 0
2555 0
2556 0
2557 0
2558 0
2559 0
2560 0
2561 1
2562 0
2563 0
2564 0
2565 0
2566 0
2567 0
2568 0
2569 0
2570 0
2571 0
2572 0
2573 0
2574 0
2575 0
2576 0
2577 0
2578 0
2579 0
2580 0
2581 0
2582 0
2583 0
2584 0
2585 0
2586 0
2587 0
2588 0
2589 0
2590 0
2591 0
2592 0
2593 0
2594 0
2595 0
2596 0
2597 0
2598 0
2599 0
2600 0
2601 0
2602 0
2603 0
2604 0
2605 0
2606 0
2607 0
2608 0
2609 0
2610 0
2611 0
2612 0
2613 0
2614 0
2615 0
2616 0
2617 0
2618 0
2619 0
2620 0
2621 0
2622 0
2623 0
2624 0
2625 0
2626 0
2627 0
2628 0
2629 0
2630 0
2631 0
2632 0
2633 0
2634 0
2635 0
2636 0
2637 0
2638 0
2639 0
2640 0
2641 0
2642 0
2643 0
2644 0
2645 0
2646 0
2647 0
2648 0
2649 1
2650 0
2651 0
2652 0
2653 0
2654 0
2655 0
2656 0
2657 0
2658 0
2659 0
2660 0
2661 0
2662 0
2663 0
2664 0
2665 0
2666 0
2667 0
2668 0
2669 0
2670 1
2671 0
2672 0
2673 0
2674 0
2675 0
2676 0
2677 0
2678 0
2679 0
2680 0
2681 0
2682 0
2683 0
2684 0
2685 1
2686 0
2687 0
2688 0
2689 0
2690 0
2691 0
2692 0
2693 0
2694 0
2695 0
2696 0
2697 0
2698 0
2699 0
2700 0
2701 0
2702 0
2703 0
2704 0
2705 0
2706 0
2707 0
2708 0
2709 0
2710 0
2711 0
2712 0
2713 0
2714 0
2715 0
2716 0
2717 0
2718 0
2719 0
2720 0
2721 0
2722 0
2723 0
2724 0
2725 0
2726 0
2727 0
2728 0
2729 0
2730 0
2731 0
2732 0
2733 0
2734 0
2735 1
2736 0
2737 0
2738 0
2739 0
2740 0
2741 0
2742 0
2743 0
2744 0
2745 0
2746 0
2747 0
2748 1
2749 0
2750 0
2751 0
2752 0
2753 0
2754 0
2755 0
2756 0
2757 0
2758 0
2759 0
2760 0
2761 0
2762 0
2763 0
2764 0
2765 0
2766 0
2767 0
2768 0
2769 0
2770 0
2771 0
2772 0
2773 0
2774 0
2775 0
2776 0
2777 0
2778 0
2779 0
2780 0
2781 0
2782 0
2783 0
2784 0
2785 0
2786 0
2787 0
2788 0
2789 0
2790 0
2791 0
2792 0
2793 0
2794 0
2795 0
2796 0
2797 0
2798 0
2799 0
2800 0
2801 0
2802 0
2803 0
2804 0
2805 0
2806 0
2807 0
2808 0
2809 0
2810 0
2811 0
2812 0
2813 0
2814 0
2815 0
2816 0
2817 0
2818 0
2819 0
2820 0
2821 0
2822 0
2823 0
2824 0
2825 0
2826 0
2827 1
2828 0
2829 0
2830 0
2831 0
2832 0
2833 1
2834 0
2835 0
2836 0
2837 0
2838 0
2839 0
2840 0
2841 0
2842 0
2843 0
2844 0
2845 0
2846 0
2847 0
2848 0
2849 0
2850 0
2851 0
2852 0
2853 0
2854 0
2855 0
2856 0
2857 0
2858 0
2859 0
2860 0
2861 0
2862 0
2863 0
2864 0
2865 0
2866 0
2867 0
2868 0
2869 0
2870 0
2871 0
2872 0
2873 0
2874 0
2875 0
2876 0
2877 0
2878 0
2879 0
2880 0
2881 0
2882 0
2883 0
2884 0
2885 0
2886 0
2887 0
2888 0
2889 0
2890 0
2891 0
2892 0
2893 0
2894 0
2895 0
2896 0
2897 0
2898 0
2899 0
2900 0
2901 0
2902 0
2903 0
2904 0
2905 0
2906 0
2907 0
2908 0
2909 1
2910 0
2911 1
2912 0
2913 0
2914 0
2915 0
2916 0
2917 0
2918 0
2919 0
2920 1
2921 0
2922 0
2923 1
2924 0
2925 0
2926 0
2927 0
2928 0
2929 0
2930 0
2931 0
2932 0
2933 0
2934 0
2935 0
2936 0
2937 0
2938 0
2939 0
2940 0
2941 0
2942 0
2943 0
2944 0
2945 0
2946 1
2947 0
2948 0
2949 0
2950 0
2951 0
2952 0
2953 0
2954 0
2955 0
2956 0
2957 0
2958 0
2959 0
2960 0
2961 0
2962 0
2963 0
2964 0
2965 0
2966 0
2967 0
2968 0
2969 0
2970 0
2971 0
2972 0
2973 0
2974 0
2975 0
2976 0
2977 0
2978 0
2979 0
2980 0
2981 0
2982 0
2983 0
2984 0
2985 1
2986 0
2987 0
2988 0
2989 0
2990 0
2991 0
2992 0
2993 0
2994 0
2995 0
2996 0
2997 0
2998 0
2999 0
3000 0
3001 0
3002 0
3003 0
3004 0
3005 0
3006 0
3007 0
3008 0
3009 0
3010 0
3011 0
3012 0
3013 0
3014 0
3015 0
3016 0
3017 0
3018 0
3019 0
3020 0
3021 0
3022 0
3023 0
3024 0
3025 0
3026 0
3027 0
3028 0
3029 0
3030 0
3031 0
3032 0
3033 0
3034 0
3035 0
3036 0
3037 0
3038 0
3039 0
3040 0
3041 0
3042 0
3043 0
3044 0
3045 0
3046 0
3047 0
3048 0
3049 0
3050 0
3051 0
3052 0
3053 0
3054 0
3055 0
3056 0
3057 0
3058 0
3059 0
3060 0
3061 0
3062 0
3063 0
3064 0
3065 0
3066 0
3067 0
3068 0
3069 0
3070 0
3071 0
3072 0
3073 0
3074 0
3075 0
3076 0
3077 0
3078 0
3079 0
3080 0
3081 0
3082 0
3083 0
3084 0
3085 0
3086 0
3087 0
3088 0
3089 0
3090 0
3091 0
3092 0
3093 0
3094 0
3095 0
3096 0
3097 0
3098 0
3099 0
3100 0
3101 0
3102 0
3103 0
3104 0
3105 0
3106 0
3107 0
3108 0
3109 0
3110 0
3111 0
3112 0
3113 0
3114 0
3115 0
3116 0
3117 0
3118 0
3119 0
3120 0
3121 0
3122 0
3123 0
3124 0
3125 0
3126 0
3127 0
3128 0
3129 0
3130 0
3131 0
3132 0
3133 0
3134 0
3135 0
3136 0
3137 0
3138 0
3139 0
3140 0
3141 0
3142 0
3143 0
3144 0
3145 0
3146 0
3147 0
3148 0
3149 0
3150 0
3151 0
3152 0
3153 0
3154 0
3155 0
3156 0
3157 0
3158 0
3159 0
3160 0
3161 0
3162 0
3163 0
3164 0
3165 0
3166 0
3167 0
3168 0
3169 0
3170 0
3171 0
3172 0
3173 0
3174 0
3175 0
3176 0
3177 0
3178 0
3179 0
3180 0
3181 0
3182 0
3183 0
3184 0
3185 0
3186 0
3187 0
3188 0
3189 0
3190 0
3191 0
3192 0
3193 0
3194 0
3195 0
3196 0
3197 0
3198 0
3199 0
3200 0
3201 0
3202 0
3203 0
3204 0
3205 0
3206 0
3207 0
3208 0
3209 0
3210 0
3211 1
3212 0
3213 0
3214 0
3215 0
3216 0
3217 0
3218 0
3219 0
3220 0
3221 0
3222 0
3223 0
3224 0
3225 0
3226 0
3227 0
3228 0
3229 0
3230 0
3231 0
3232 0
3233 0
3234 0
3235 0
3236 0
3237 0
3238 0
3239 0
3240 0
3241 0
3242 0
3243 0
3244 0
3245 0
3246 0
3247 0
3248 0
3249 0
3250 0
3251 0
3252 0
3253 0
3254 0
3255 0
3256 0
3257 0
3258 0
3259 0
3260 0
3261 0
3262 0
3263 0
3264 0
3265 0
3266 0
3267 0
3268 0
3269 0
3270 0
3271 0
3272 0
3273 0
3274 0
3275 0
3276 0
3277 0
3278 0
3279 0
3280 0
3281 0
3282 0
3283 0
3284 0
3285 0
3286 0
3287 0
3288 0
3289 0
3290 0
3291 0
3292 0
3293 0
3294 0
3295 0
3296 0
3297 0
3298 0
3299 0
3300 0
3301 0
3302 0
3303 0
3304 0
3305 0
3306 0
3307 0
3308 0
3309 0
3310 0
3311 0
3312 0
3313 0
3314 0
3315 0
3316 0
3317 0
3318 0
3319 0
3320 0
3321 0
3322 0
3323 0
3324 0
3325 0
3326 0
3327 0
3328 0
3329 0
3330 0
3331 0
3332 0
3333 0
3334 0
3335 0
3336 0
3337 0
3338 0
3339 0
3340 0
3341 0
3342 0
3343 0
3344 0
3345 0
3346 0
3347 0
3348 0
3349 0
3350 0
3351 0
3352 0
3353 0
3354 0
3355 0
3356 0
3357 0
3358 0
3359 0
3360 0
3361 0
3362 0
3363 0
3364 0
3365 0
3366 0
3367 0
3368 0
3369 0
3370 0
3371 0
3372 0
3373 1
3374 0
3375 0
3376 0
3377 0
3378 0
3379 0
3380 0
3381 0
3382 0
3383 0
3384 0
3385 0
3386 0
3387 0
3388 0
3389 1
3390 0
3391 0
3392 0
3393 0
3394 0
3395 0
3396 0
3397 0
3398 0
3399 0
3400 0
3401 0
3402 0
3403 0
3404 0
3405 0
3406 0
3407 0
3408 0
3409 0
3410 0
3411 0
3412 0
3413 0
3414 0
3415 0
3416 0
3417 0
3418 0
3419 0
3420 0
3421 0
3422 0
3423 0
3424 0
3425 0
3426 0
3427 0
3428 0
3429 0
3430 0
3431 0
3432 0
3433 0
3434 0
3435 0
3436 0
3437 0
3438 0
3439 0
3440 0
3441 0
3442 0
3443 0
3444 0
3445 0
3446 0
3447 0
3448 1
3449 0
3450 0
3451 0
3452 0
3453 0
3454 0
3455 0
3456 0
3457 0
3458 0
3459 0
3460 1
3461 0
3462 0
3463 0
3464 0
3465 0
3466 0
3467 0
3468 0
3469 0
3470 0
3471 0
3472 0
3473 0
3474 0
3475 0
3476 0
3477 0
3478 0
3479 0
3480 0
3481 0
3482 0
3483 0
3484 0
3485 0
3486 0
3487 0
3488 0
3489 0
3490 0
3491 0
3492 0
3493 0
3494 0
3495 0
3496 0
3497 0
3498 0
3499 0
3500 0
3501 0
3502 0
3503 0
3504 0
3505 0
3506 0
3507 0
3508 0
3509 0
3510 0
3511 0
3512 0
3513 0
3514 0
3515 0
3516 0
3517 0
3518 0
3519 0
3520 0
3521 1
3522 0
3523 0
3524 0
3525 0
3526 0
3527 0
3528 0
3529 0
3530 0
3531 0
3532 0
3533 0
3534 0
3535 0
3536 0
3537 0
3538 0
3539 0
3540 0
3541 0
3542 0
3543 0
3544 0
3545 0
3546 0
3547 0
3548 0
3549 0
3550 0
3551 0
3552 0
3553 0
3554 0
3555 0
3556 0
3557 0
3558 0
3559 0
3560 0
3561 0
3562 0
3563 0
3564 0
3565 0
3566 0
3567 0
3568 0
3569 0
3570 0
3571 0
3572 0
3573 0
3574 0
3575 0
3576 0
3577 0
3578 0
3579 0
3580 0
3581 0
3582 0
3583 0
3584 0
3585 0
3586 0
3587 0
3588 0
3589 0
3590 0
3591 0
3592 0
3593 0
3594 0
3595 0
3596 0
3597 0
3598 0
3599 0
3600 0
3601 0
3602 0
3603 0
3604 0
3605 0
3606 0
3607 0
3608 0
3609 0
3610 0
3611 1
3612 0
3613 0
3614 0
3615 0
3616 0
3617 0
3618 0
3619 0
3620 0
3621 0
3622 0
3623 0
3624 0
3625 0
3626 0
3627 0
3628 0
3629 0
3630 0
3631 0
3632 0
3633 0
3634 0
3635 0
3636 0
3637 0
3638 0
3639 0
3640 0
3641 0
3642 0
3643 0
3644 0
3645 0
3646 0
3647 0
3648 0
3649 0
3650 0
3651 0
3652 0
3653 0
3654 0
3655 0
3656 0
3657 0
3658 0
3659 0
3660 0
3661 0
3662 0
3663 0
3664 0
3665 0
3666 0
3667 0
3668 0
3669 0
3670 0
3671 0
3672 0
3673 0
3674 0
3675 0
3676 0
3677 0
3678 0
3679 0
3680 0
3681 0
3682 0
3683 0
3684 0
3685 0
3686 0
3687 0
3688 0
3689 0
3690 0
3691 0
3692 0
3693 1
3694 0
3695 0
3696 0
3697 1
3698 0
3699 0
3700 1
3701 0
3702 0
3703 0
3704 0
3705 0
3706 0
3707 0
3708 0
3709 0
3710 0
3711 0
3712 0
3713 0
3714 0
3715 0
3716 0
3717 0
3718 0
3719 0
3720 0
3721 0
3722 0
3723 0
3724 0
3725 0
3726 0
3727 0
3728 0
3729 0
3730 0
3731 0
3732 0
3733 0
3734 0
3735 0
3736 0
3737 0
3738 0
3739 0
3740 0
3741 0
3742 0
3743 0
3744 0
3745 0
3746 0
3747 0
3748 0
3749 0
3750 0
3751 0
3752 0
3753 1
3754 0
3755 0
3756 0
3757 0
3758 0
3759 0
3760 0
3761 0
3762 0
3763 0
3764 0
3765 0
3766 0
3767 0
3768 0
3769 0
3770 0
3771 0
3772 0
3773 0
3774 0
3775 0
3776 0
3777 0
3778 0
3779 0
3780 0
3781 0
3782 0
3783 0
3784 0
3785 0
3786 0
3787 0
3788 0
3789 0
3790 0
3791 0
3792 0
3793 0
3794 0
3795 0
3796 0
3797 0
3798 0
3799 0
3800 0
3801 0
3802 0
3803 0
3804 0
3805 0
3806 0
3807 0
3808 0
3809 0
3810 0
3811 0
3812 0
3813 0
3814 0
3815 0
3816 0
3817 0
3818 0
3819 0
3820 0
3821 0
3822 0
3823 0
3824 0
3825 0
3826 0
3827 0
3828 0
3829 0
3830 0
3831 0
3832 0
3833 0
3834 0
3835 0
3836 0
3837 0
3838 0
3839 0
3840 0
3841 0
3842 0
3843 0
3844 0
3845 0
3846 0
3847 0
3848 0
3849 0
3850 0
3851 0
3852 0
3853 0
3854 0
3855 0
3856 0
3857 0
3858 0
3859 0
3860 0
3861 0
3862 0
3863 0
3864 0
3865 0
3866 1
3867 0
3868 0
3869 0
3870 0
3871 0
3872 0
3873 0
3874 0
3875 0
3876 0
3877 0
3878 0
3879 0
3880 0
3881 0
3882 0
3883 0
3884 0
3885 0
3886 0
3887 0
3888 0
3889 0
3890 0
3891 0
3892 0
3893 0
3894 0
3895 0
3896 0
3897 0
3898 0
3899 0
3900 0
3901 0
3902 0
3903 0
3904 0
3905 0
3906 0
3907 0
3908 0
3909 0
3910 0
3911 0
3912 0
3913 0
3914 0
3915 0
3916 0
3917 0
3918 0
3919 0
3920 0
3921 0
3922 0
3923 0
3924 0
3925 0
3926 0
3927 0
3928 0
3929 0
3930 0
3931 0
3932 0
3933 0
3934 0
3935 0
3936 0
3937 0
3938 0
3939 0
3940 0
3941 0
3942 0
3943 0
3944 0
3945 0
3946 0
3947 0
3948 0
3949 0
3950 0
3951 0
3952 0
3953 0
3954 0
3955 0
3956 0
3957 0
3958 0
3959 0
3960 0
3961 0
3962 0
3963 0
3964 0
3965 0
3966 0
3967 0
3968 0
3969 0
3970 0
3971 0
3972 0
3973 0
3974 0
3975 0
3976 0
3977 0
3978 0
3979 0
3980 0
3981 0
3982 0
3983 0
3984 0
3985 0
3986 0
3987 0
3988 0
3989 0
3990 0
3991 0
3992 0
3993 0
3994 0
3995 0
3996 0
3997 0
3998 0
3999 0
4000 0
