0 0
1 0
2 0
3 0
4 0
5 0
6 0
7 0
8 0
9 0
10 0
11 0
12 0
13 0
14 0
15 0
16 0
17 0
18 0
19 0
20 0
21 0
22 0
23 0
24 0
25 0
26 0
27 0
28 0
29 0
30 0
31 0
32 0
33 0
34 0
35 0
36 0
37 0
38 0
39 0
40 0
41 0
42 0
43 0
44 0
45 0
46 0
47 0
48 0
49 0
50 0
51 0
52 0
53 0
54 0
55 0
56 0
57 0
58 0
59 0
60 0
61 0
62 0
63 0
64 0
65 0
66 0
67 0
68 0
69 0
70 0
71 0
72 0
73 0
74 0
75 0
76 0
77 0
78 0
79 0
80 0
81 0
82 0
83 0
84 0
85 0
86 0
87 0
88 0
89 0
90 0
91 0
92 0
93 0
94 0
95 0
96 0
97 0
98 0
99 0
100 0
101 0
102 0
103 0
104 0
105 0
106 0
107 0
108 0
109 0
110 0
111 0
112 0
113 0
114 0
115 0
116 0
117 0
118 0
119 0
120 0
121 0
122 0
123 0
124 0
125 0
126 0
127 0
128 0
129 0
130 0
131 0
132 0
133 0
134 0
135 0
136 0
137 0
138 0
139 0
140 0
141 0
142 0
143 0
144 0
145 0
146 0
147 0
148 0
149 0
150 0
151 0
152 0
153 1
154 3
155 2
156 6
157 5
158 3
159 3
160 2
161 3
162 3
163 6
164 2
165 4
166 3
167 5
168 7
169 4
170 3
171 10
172 4
173 11
174 10
175 16
176 29
177 47
178 58
179 82
180 75
181 98
182 126
183 143
184 201
185 255
186 373
187 645
188 953
189 1306
190 1514
191 1698
192 1818
193 1787
194 1643
195 1602
196 1467
197 1368
198 1303
199 1181
200 1117
201 980
202 956
203 859
204 756
205 724
206 711
207 713
208 663
209 622
210 640
211 597
212 598
213 599
214 666
215 628
216 615
217 644
218 627
219 647
220 610
221 627
222 669
223 610
224 689
225 719
226 670
227 708
228 703
229 707
230 649
231 659
232 696
233 686
234 717
235 700
236 724
237 729
238 736
239 719
240 744
241 688
242 700
243 747
244 735
245 722
246 792
247 795
248 748
249 831
250 751
251 767
252 784
253 769
254 839
255 761
256 745
257 775
258 823
259 821
260 862
261 843
262 850
263 795
264 828
265 807
266 868
267 797
268 897
269 789
270 868
271 849
272 867
273 910
274 881
275 830
276 920
277 887
278 902
279 907
280 878
281 915
282 860
283 897
284 912
285 892
286 925
287 975
288 946
289 946
290 935
291 966
292 905
293 933
294 961
295 968
296 972
297 919
298 993
299 955
300 1012
301 998
302 937
303 1035
304 945
305 987
306 1061
307 1004
308 1033
309 975
310 1091
311 992
312 1032
313 1088
314 1068
315 1046
316 1027
317 1041
318 1030
319 1047
320 1098
321 1095
322 1038
323 1151
324 1093
325 1056
326 1069
327 1088
328 1168
329 1081
330 1103
331 1119
332 1160
333 1131
334 1193
335 1176
336 1166
337 1186
338 1196
339 1193
340 1167
341 1176
342 1186
343 1232
344 1211
345 1246
346 1244
347 1224
348 1196
349 1219
350 1306
351 1251
352 1230
353 1328
354 1311
355 1248
356 1264
357 1310
358 1335
359 1316
360 1333
361 1358
362 1336
363 1352
364 1417
365 1375
366 1386
367 1297
368 1453
369 1403
370 1466
371 1446
372 1476
373 1518
374 1444
375 1428
376 1403
377 1503
378 1501
379 1500
380 1554
381 1545
382 1522
383 1504
384 1545
385 1571
386 1557
387 1569
388 1578
389 1580
390 1567
391 1509
392 1590
393 1511
394 1635
395 1644
396 1660
397 1665
398 1720
399 1682
400 1625
401 1750
402 1655
403 1702
404 1695
405 1686
406 1731
407 1733
408 1705
409 1747
410 1747
411 1724
412 1784
413 1755
414 1759
415 1831
416 1784
417 1827
418 1821
419 1810
420 1863
421 1861
422 1816
423 1861
424 1845
425 1874
426 1843
427 1888
428 1810
429 1983
430 1841
431 1966
432 1879
433 1965
434 1981
435 1975
436 1935
437 1982
438 1994
439 1946
440 2012
441 1918
442 1971
443 1947
444 1986
445 2111
446 1963
447 1981
448 2062
449 2094
450 2089
451 2011
452 2091
453 2033
454 2086
455 2007
456 1981
457 2076
458 2013
459 2062
460 2116
461 2163
462 2057
463 2107
464 2156
465 2119
466 2090
467 2121
468 2097
469 2102
470 2077
471 2152
472 2111
473 2132
474 2141
475 2062
476 2097
477 2104
478 2053
479 2220
480 2155
481 2070
482 2130
483 2179
484 2092
485 2121
486 2067
487 2186
488 2068
489 2069
490 2066
491 2140
492 2078
493 2157
494 2158
495 2035
496 2108
497 2015
498 2113
499 2044
500 2107
501 2131
502 2060
503 2131
504 2118
505 2127
506 2108
507 2117
508 2075
509 2047
510 2071
511 2024
512 2086
513 2036
514 2102
515 2020
516 2050
517 1970
518 1997
519 2059
520 2085
521 2075
522 2031
523 2016
524 2021
525 1985
526 1965
527 1962
528 1969
529 1950
530 2045
531 1937
532 1992
533 1977
534 1935
535 1885
536 1876
537 1979
538 1934
539 1932
540 1947
541 1910
542 1968
543 1943
544 1852
545 1905
546 1846
547 1819
548 1901
549 1868
550 1895
551 1850
552 1846
553 1806
554 1802
555 1818
556 1817
557 1860
558 1758
559 1760
560 1698
561 1786
562 1849
563 1730
564 1768
565 1787
566 1707
567 1719
568 1686
569 1611
570 1677
571 1660
572 1592
573 1664
574 1658
575 1606
576 1654
577 1592
578 1614
579 1632
580 1585
581 1644
582 1611
583 1578
584 1551
585 1605
586 1515
587 1547
588 1521
589 1396
590 1520
591 1483
592 1464
593 1533
594 1424
595 1449
596 1509
597 1369
598 1415
599 1327
600 1385
601 1344
602 1401
603 1417
604 1323
605 1356
606 1347
607 1409
608 1340
609 1353
610 1359
611 1309
612 1318
613 1313
614 1231
615 1290
616 1256
617 1221
618 1211
619 1210
620 1142
621 1157
622 1204
623 1208
624 1180
625 1252
626 1116
627 1172
628 1173
629 1158
630 1155
631 1078
632 1161
633 1088
634 1057
635 1088
636 1114
637 1085
638 1060
639 1057
640 1031
641 999
642 1012
643 1003
644 1029
645 1037
646 1027
647 993
648 1031
649 983
650 963
651 958
652 970
653 971
654 929
655 975
656 986
657 937
658 934
659 912
660 905
661 833
662 871
663 922
664 816
665 824
666 843
667 907
668 856
669 863
670 818
671 851
672 759
673 791
674 788
675 794
676 775
677 837
678 779
679 767
680 741
681 774
682 706
683 739
684 737
685 729
686 690
687 721
688 693
689 738
690 685
691 651
692 712
693 679
694 679
695 705
696 604
697 659
698 683
699 655
700 623
701 640
702 655
703 645
704 633
705 622
706 595
707 575
708 605
709 593
710 587
711 614
712 572
713 537
714 583
715 593
716 569
717 561
718 589
719 566
720 514
721 530
722 540
723 572
724 546
725 574
726 553
727 504
728 499
729 526
730 478
731 491
732 488
733 484
734 478
735 512
736 499
737 485
738 510
739 463
740 490
741 482
742 463
743 465
744 469
745 453
746 512
747 432
748 484
749 457
750 479
751 440
752 426
753 406
754 445
755 419
756 483
757 426
758 424
759 422
760 427
761 398
762 416
763 396
764 368
765 354
766 407
767 379
768 409
769 372
770 413
771 385
772 397
773 380
774 381
775 358
776 439
777 391
778 376
779 355
780 372
781 361
782 360
783 339
784 363
785 341
786 388
787 335
788 370
789 346
790 393
791 369
792 331
793 355
794 375
795 363
796 336
797 340
798 335
799 359
800 372
801 345
802 325
803 324
804 306
805 332
806 282
807 326
808 329
809 320
810 303
811 303
812 297
813 306
814 300
815 335
816 349
817 303
818 307
819 315
820 316
821 326
822 309
823 310
824 313
825 297
826 337
827 294
828 265
829 326
830 297
831 275
832 283
833 258
834 302
835 295
836 267
837 272
838 294
839 269
840 283
841 280
842 284
843 295
844 296
845 284
846 272
847 251
848 304
849 276
850 293
851 289
852 277
853 317
854 273
855 276
856 281
857 330
858 280
859 289
860 272
861 252
862 266
863 244
864 300
865 297
866 255
867 268
868 269
869 278
870 280
871 270
872 266
873 254
874 238
875 243
876 246
877 270
878 240
879 295
880 265
881 261
882 253
883 279
884 274
885 266
886 272
887 251
888 249
889 248
890 261
891 279
892 258
893 288
894 284
895 246
896 286
897 287
898 275
899 286
900 257
901 256
902 239
903 265
904 278
905 243
906 301
907 254
908 294
909 267
910 265
911 271
912 251
913 253
914 232
915 252
916 243
917 254
918 253
919 253
920 248
921 276
922 274
923 250
924 243
925 247
926 220
927 278
928 242
929 256
930 227
931 275
932 255
933 268
934 254
935 282
936 240
937 250
938 254
939 262
940 246
941 254
942 264
943 267
944 259
945 256
946 262
947 264
948 248
949 251
950 272
951 257
952 271
953 280
954 285
955 255
956 256
957 248
958 232
959 245
960 240
961 250
962 266
963 262
964 254
965 259
966 240
967 283
968 259
969 250
970 220
971 244
972 261
973 243
974 248
975 234
976 254
977 254
978 247
979 233
980 216
981 249
982 255
983 234
984 245
985 215
986 258
987 230
988 254
989 223
990 238
991 246
992 222
993 268
994 254
995 249
996 227
997 259
998 236
999 247
1000 265
1001 257
1002 270
1003 252
1004 222
1005 237
1006 244
1007 242
1008 240
1009 229
1010 250
1011 251
1012 233
1013 218
1014 282
1015 241
1016 267
1017 253
1018 252
1019 289
1020 245
1021 230
1022 245
1023 243
1024 227
1025 263
1026 215
1027 256
1028 224
1029 237
1030 242
1031 237
1032 225
1033 231
1034 263
1035 225
1036 225
1037 190
1038 234
1039 254
1040 241
1041 236
1042 226
1043 206
1044 244
1045 235
1046 250
1047 241
1048 214
1049 236
1050 218
1051 246
1052 255
1053 235
1054 219
1055 230
1056 263
1057 257
1058 262
1059 261
1060 228
1061 239
1062 245
1063 239
1064 222
1065 221
1066 227
1067 205
1068 234
1069 208
1070 237
1071 213
1072 224
1073 199
1074 220
1075 239
1076 207
1077 248
1078 218
1079 226
1080 233
1081 217
1082 226
1083 243
1084 240
1085 229
1086 231
1087 255
1088 217
1089 202
1090 241
1091 244
1092 223
1093 227
1094 224
1095 256
1096 258
1097 249
1098 227
1099 201
1100 240
1101 245
1102 207
1103 213
1104 232
1105 202
1106 229
1107 227
1108 220
1109 218
1110 227
1111 186
1112 187
1113 187
1114 221
1115 210
1116 236
1117 225
1118 229
1119 198
1120 207
1121 225
1122 250
1123 215
1124 230
1125 218
1126 199
1127 224
1128 215
1129 198
1130 200
1131 222
1132 210
1133 201
1134 220
1135 237
1136 215
1137 209
1138 220
1139 212
1140 222
1141 200
1142 207
1143 201
1144 232
1145 195
1146 212
1147 188
1148 221
1149 197
1150 236
1151 209
1152 194
1153 204
1154 204
1155 234
1156 205
1157 233
1158 207
1159 199
1160 211
1161 193
1162 203
1163 210
1164 193
1165 204
1166 205
1167 220
1168 209
1169 206
1170 214
1171 222
1172 230
1173 211
1174 193
1175 194
1176 206
1177 193
1178 199
1179 226
1180 198
1181 190
1182 174
1183 216
1184 171
1185 190
1186 189
1187 170
1188 199
1189 181
1190 191
1191 195
1192 178
1193 200
1194 181
1195 194
1196 216
1197 220
1198 180
1199 202
1200 204
1201 170
1202 187
1203 175
1204 185
1205 198
1206 183
1207 201
1208 174
1209 176
1210 186
1211 200
1212 169
1213 175
1214 181
1215 191
1216 202
1217 153
1218 168
1219 192
1220 202
1221 188
1222 188
1223 182
1224 184
1225 174
1226 204
1227 167
1228 164
1229 165
1230 170
1231 199
1232 163
1233 196
1234 180
1235 163
1236 149
1237 169
1238 173
1239 133
1240 155
1241 169
1242 150
1243 163
1244 173
1245 175
1246 174
1247 182
1248 172
1249 149
1250 148
1251 149
1252 150
1253 160
1254 173
1255 142
1256 167
1257 156
1258 167
1259 187
1260 159
1261 158
1262 143
1263 155
1264 166
1265 152
1266 174
1267 156
1268 161
1269 155
1270 149
1271 151
1272 163
1273 172
1274 158
1275 135
1276 150
1277 125
1278 152
1279 154
1280 170
1281 148
1282 169
1283 161
1284 144
1285 139
1286 164
1287 147
1288 164
1289 129
1290 161
1291 128
1292 156
1293 138
1294 132
1295 131
1296 146
1297 148
1298 125
1299 157
1300 149
1301 111
1302 140
1303 143
1304 132
1305 155
1306 151
1307 166
1308 142
1309 142
1310 143
1311 116
1312 146
1313 131
1314 135
1315 124
1316 137
1317 153
1318 119
1319 133
1320 140
1321 118
1322 108
1323 118
1324 124
1325 127
1326 139
1327 114
1328 112
1329 105
1330 120
1331 115
1332 130
1333 114
1334 121
1335 117
1336 121
1337 106
1338 123
1339 130
1340 135
1341 133
1342 137
1343 102
1344 128
1345 101
1346 109
1347 117
1348 109
1349 139
1350 105
1351 105
1352 107
1353 118
1354 98
1355 137
1356 118
1357 113
1358 118
1359 137
1360 109
1361 91
1362 106
1363 124
1364 93
1365 99
1366 102
1367 88
1368 108
1369 118
1370 106
1371 121
1372 91
1373 106
1374 108
1375 109
1376 107
1377 117
1378 120
1379 101
1380 112
1381 117
1382 95
1383 97
1384 112
1385 105
1386 107
1387 113
1388 104
1389 91
1390 84
1391 111
1392 98
1393 110
1394 92
1395 122
1396 83
1397 113
1398 107
1399 95
1400 96
1401 111
1402 113
1403 97
1404 110
1405 82
1406 105
1407 105
1408 104
1409 94
1410 89
1411 93
1412 91
1413 84
1414 91
1415 89
1416 91
1417 90
1418 97
1419 96
1420 90
1421 84
1422 98
1423 98
1424 102
1425 94
1426 88
1427 96
1428 76
1429 83
1430 82
1431 72
1432 92
1433 86
1434 71
1435 83
1436 76
1437 92
1438 74
1439 89
1440 88
1441 72
1442 80
1443 78
1444 89
1445 78
1446 73
1447 83
1448 69
1449 82
1450 94
1451 93
1452 98
1453 73
1454 78
1455 92
1456 88
1457 97
1458 73
1459 82
1460 67
1461 74
1462 73
1463 78
1464 77
1465 62
1466 73
1467 66
1468 61
1469 76
1470 70
1471 83
1472 80
1473 75
1474 64
1475 81
1476 73
1477 56
1478 88
1479 80
1480 58
1481 59
1482 68
1483 64
1484 78
1485 53
1486 68
1487 71
1488 74
1489 76
1490 63
1491 68
1492 51
1493 76
1494 74
1495 67
1496 62
1497 77
1498 77
1499 56
1500 75
1501 58
1502 54
1503 76
1504 70
1505 52
1506 63
1507 46
1508 52
1509 55
1510 55
1511 57
1512 50
1513 62
1514 59
1515 63
1516 58
1517 64
1518 54
1519 63
1520 57
1521 63
1522 50
1523 54
1524 61
1525 66
1526 64
1527 55
1528 48
1529 47
1530 48
1531 69
1532 53
1533 54
1534 68
1535 56
1536 54
1537 65
1538 51
1539 56
1540 65
1541 51
1542 55
1543 48
1544 53
1545 56
1546 56
1547 39
1548 60
1549 51
1550 37
1551 56
1552 52
1553 50
1554 44
1555 51
1556 47
1557 53
1558 47
1559 39
1560 42
1561 51
1562 63
1563 45
1564 59
1565 57
1566 55
1567 48
1568 52
1569 57
1570 49
1571 50
1572 46
1573 47
1574 38
1575 46
1576 41
1577 64
1578 41
1579 41
1580 56
1581 40
1582 50
1583 34
1584 31
1585 34
1586 54
1587 50
1588 39
1589 48
1590 34
1591 44
1592 48
1593 39
1594 47
1595 42
1596 48
1597 47
1598 35
1599 38
1600 45
1601 53
1602 41
1603 39
1604 34
1605 34
1606 34
1607 51
1608 41
1609 38
1610 32
1611 30
1612 29
1613 45
1614 40
1615 35
1616 36
1617 32
1618 44
1619 43
1620 46
1621 29
1622 28
1623 32
1624 40
1625 36
1626 34
1627 26
1628 39
1629 39
1630 46
1631 35
1632 25
1633 46
1634 46
1635 38
1636 31
1637 35
1638 25
1639 40
1640 37
1641 42
1642 25
1643 42
1644 36
1645 28
1646 40
1647 29
1648 28
1649 27
1650 37
1651 26
1652 22
1653 34
1654 31
1655 34
1656 23
1657 42
1658 25
1659 35
1660 23
1661 26
1662 30
1663 28
1664 23
1665 34
1666 40
1667 24
1668 36
1669 21
1670 29
1671 23
1672 24
1673 34
1674 20
1675 27
1676 35
1677 29
1678 24
1679 30
1680 21
1681 32
1682 27
1683 22
1684 31
1685 24
1686 29
1687 29
1688 27
1689 25
1690 41
1691 30
1692 25
1693 19
1694 26
1695 22
1696 26
1697 22
1698 33
1699 28
1700 35
1701 16
1702 20
1703 23
1704 35
1705 24
1706 25
1707 22
1708 20
1709 27
1710 10
1711 27
1712 26
1713 20
1714 20
1715 25
1716 29
1717 25
1718 19
1719 26
1720 22
1721 26
1722 26
1723 16
1724 16
1725 20
1726 26
1727 12
1728 21
1729 19
1730 14
1731 24
1732 21
1733 18
1734 24
1735 18
1736 17
1737 27
1738 18
1739 21
1740 19
1741 24
1742 17
1743 12
1744 13
1745 17
1746 18
1747 23
1748 16
1749 18
1750 14
1751 18
1752 18
1753 22
1754 18
1755 27
1756 15
1757 17
1758 17
1759 18
1760 16
1761 15
1762 21
1763 13
1764 22
1765 9
1766 21
1767 18
1768 25
1769 9
1770 12
1771 22
1772 22
1773 28
1774 13
1775 20
1776 17
1777 21
1778 15
1779 18
1780 14
1781 13
1782 19
1783 7
1784 11
1785 6
1786 16
1787 14
1788 15
1789 16
1790 22
1791 16
1792 14
1793 8
1794 12
1795 17
1796 19
1797 20
1798 7
1799 12
1800 19
1801 22
1802 15
1803 11
1804 9
1805 12
1806 16
1807 18
1808 20
1809 18
1810 10
1811 12
1812 16
1813 16
1814 15
1815 16
1816 11
1817 7
1818 16
1819 7
1820 8
1821 8
1822 11
1823 14
1824 14
1825 15
1826 8
1827 9
1828 11
1829 9
1830 12
1831 10
1832 17
1833 11
1834 6
1835 13
1836 15
1837 10
1838 8
1839 19
1840 12
1841 10
1842 9
1843 10
1844 8
1845 11
1846 9
1847 9
1848 13
1849 6
1850 8
1851 4
1852 15
1853 10
1854 10
1855 10
1856 12
1857 8
1858 11
1859 10
1860 6
1861 11
1862 5
1863 8
1864 9
1865 11
1866 10
1867 9
1868 6
1869 9
1870 10
1871 8
1872 8
1873 11
1874 4
1875 6
1876 8
1877 9
1878 11
1879 4
1880 6
1881 5
1882 5
1883 7
1884 4
1885 4
1886 3
1887 11
1888 6
1889 6
1890 2
1891 5
1892 7
1893 14
1894 9
1895 4
1896 9
1897 4
1898 8
1899 8
1900 8
1901 6
1902 3
1903 9
1904 8
1905 3
1906 9
1907 5
1908 7
1909 5
1910 7
1911 3
1912 6
1913 7
1914 8
1915 3
1916 10
1917 5
1918 3
1919 6
1920 4
1921 6
1922 6
1923 4
1924 7
1925 1
1926 6
1927 5
1928 9
1929 4
1930 4
1931 7
1932 6
1933 5
1934 3
1935 3
1936 2
1937 7
1938 1
1939 5
1940 8
1941 4
1942 1
1943 2
1944 5
1945 9
1946 4
1947 8
1948 5
1949 5
1950 7
1951 6
1952 3
1953 9
1954 5
1955 7
1956 9
1957 8
1958 6
1959 2
1960 2
1961 2
1962 3
1963 3
1964 3
1965 4
1966 2
1967 2
1968 7
1969 2
1970 2
1971 3
1972 6
1973 5
1974 4
1975 4
1976 4
1977 6
1978 4
1979 2
1980 6
1981 5
1982 6
1983 3
1984 3
1985 7
1986 3
1987 2
1988 4
1989 2
1990 2
1991 7
1992 3
1993 4
1994 2
1995 5
1996 3
1997 1
1998 2
1999 1
2000 2
2001 6
2002 5
2003 8
2004 4
2005 4
2006 3
2007 4
2008 3
2009 5
2010 5
2011 1
2012 2
2013 3
2014 3
2015 2
2016 3
2017 1
2018 4
2019 4
2020 1
2021 1
2022 2
2023 2
2024 4
2025 5
2026 1
2027 4
2028 4
2029 4
2030 2
2031 1
2032 3
2033 4
2034 1
2035 3
2036 3
2037 4
2038 1
2039 0
2040 3
2041 2
2042 5
2043 4
2044 1
2045 4
2046 2
2047 2
2048 3
2049 2
2050 5
2051 2
2052 4
2053 2
2054 4
2055 2
2056 3
2057 0
2058 1
2059 1
2060 1
2061 2
2062 0
2063 2
2064 5
2065 1
2066 6
2067 2
2068 2
2069 1
2070 2
2071 0
2072 2
2073 0
2074 2
2075 3
2076 0
2077 4
2078 0
2079 2
2080 2
2081 4
2082 0
2083 1
2084 2
2085 3
2086 1
2087 2
2088 4
2089 0
2090 4
2091 2
2092 2
2093 2
2094 2
2095 0
2096 1
2097 1
2098 2
2099 3
2100 1
2101 0
2102 0
2103 1
2104 1
2105 3
2106 4
2107 1
2108 1
2109 2
2110 3
2111 2
2112 3
2113 3
2114 2
2115 2
2116 2
2117 2
2118 3
2119 4
2120 0
2121 1
2122 2
2123 2
2124 3
2125 1
2126 3
2127 1
2128 3
2129 1
2130 0
2131 3
2132 3
2133 0
2134 0
2135 1
2136 1
2137 1
2138 0
2139 1
2140 1
2141 2
2142 0
2143 2
2144 2
2145 3
2146 0
2147 1
2148 0
2149 0
2150 2
2151 1
2152 2
2153 2
2154 0
2155 1
2156 2
2157 0
2158 2
2159 2
2160 4
2161 1
2162 1
2163 0
2164 3
2165 1
2166 1
2167 1
2168 1
2169 2
2170 0
2171 0
2172 2
2173 0
2174 1
2175 3
2176 2
2177 4
2178 2
2179 2
2180 1
2181 2
2182 0
2183 0
2184 0
2185 0
2186 1
2187 1
2188 0
2189 1
2190 1
2191 3
2192 3
2193 1
2194 0
2195 2
2196 1
2197 1
2198 0
2199 0
2200 1
2201 2
2202 0
2203 2
2204 0
2205 1
2206 1
2207 0
2208 3
2209 0
2210 1
2211 1
2212 0
2213 4
2214 2
2215 0
2216 0
2217 0
2218 1
2219 0
2220 1
2221 1
2222 0
2223 0
2224 0
2225 1
2226 1
2227 0
2228 2
2229 0
2230 0
2231 0
2232 0
2233 1
2234 2
2235 0
2236 0
2237 0
2238 0
2239 0
2240 0
2241 1
2242 1
2243 1
2244 1
2245 0
2246 1
2247 1
2248 0
2249 0
2250 0
2251 1
2252 0
2253 2
2254 1
2255 0
2256 0
2257 0
2258 0
2259 1
2260 0
2261 1
2262 0
2263 1
2264 0
2265 0
2266 0
2267 1
2268 0
2269 0
2270 1
2271 0
2272 1
2273 0
2274 0
2275 0
2276 0
2277 0
2278 0
2279 0
2280 0
2281 1
2282 1
2283 0
2284 0
2285 1
2286 0
2287 0
2288 2
2289 0
2290 0
2291 0
2292 1
2293 1
2294 1
2295 1
2296 0
2297 0
2298 0
2299 2
2300 1
2301 0
2302 1
2303 0
2304 0
2305 0
2306 1
2307 0
2308 1
2309 0
2310 0
2311 0
2312 2
2313 0
2314 1
2315 0
2316 0
2317 0
2318 2
2319 0
2320 0
2321 0
2322 0
2323 0
2324 2
2325 0
2326 1
2327 0
2328 2
2329 0
2330 2
2331 0
2332 1
2333 1
2334 1
2335 0
2336 1
2337 1
2338 0
2339 1
2340 0
2341 0
2342 2
2343 2
2344 0
2345 0
2346 0
2347 1
2348 0
2349 0
2350 1
2351 1
2352 0
2353 1
2354 0
2355 0
2356 1
2357 0
2358 0
2359 0
2360 0
2361 0
2362 1
2363 0
2364 0
2365 0
2366 0
2367 0
2368 0
2369 0
2370 0
2371 0
2372 0
2373 0
2374 0
2375 0
2376 0
2377 1
2378 0
2379 0
2380 1
2381 0
2382 1
2383 1
2384 1
2385 0
2386 0
2387 0
2388 0
2389 0
2390 0
2391 0
2392 0
2393 0
2394 0
2395 1
2396 1
2397 1
2398 0
2399 0
2400 1
2401 0
2402 1
2403 1
2404 1
2405 0
2406 1
2407 1
2408 0
2409 0
2410 0
2411 0
2412 0
2413 0
2414 0
2415 0
2416 0
2417 0
2418 0
2419 1
2420 0
2421 1
2422 1
2423 1
2424 0
2425 0
2426 0
2427 0
2428 1
2429 0
2430 0
2431 0
2432 0
2433 1
2434 0
2435 0
2436 0
2437 0
2438 0
2439 1
2440 0
2441 0
2442 1
2443 0
2444 2
2445 0
2446 0
2447 0
2448 0
2449 0
2450 0
2451 0
2452 0
2453 0
2454 0
2455 0
2456 1
2457 0
2458 0
2459 0
2460 0
2461 0
2462 0
2463 0
2464 0
2465 0
2466 0
2467 0
2468 0
2469 0
2470 0
2471 0
2472 1
2473 0
2474 0
2475 0
2476 0
2477 1
2478 0
2479 0
2480 0
2481 0
2482 0
2483 0
2484 0
2485 0
2486 0
2487 0
2488 0
2489 0
2490 1
2491 0
2492 0
2493 1
2494 0
2495 1
2496 0
2497 0
2498 0
2499 0
2500 0
2501 0
2502 0
2503 0
2504 0
2505 0
2506 0
2507 0
2508 0
2509 2
2510 2
2511 0
2512 0
2513 0
2514 0
2515 0
2516 0
2517 0
2518 0
2519 0
2520 0
2521 1
2522 0
2523 0
2524 0
2525 0
2526 0
2527 0
2528 0
2529 0
2530 0
2531 1
2532 0
2533 0
2534 0
2535 0
2536 0
2537 0
2538 0
2539 0
2540 0
2541 0
2542 0
2543 0
2544 0
2545 0
2546 0
2547 0
2548 0
2549 0
2550 0
2551 0
2552 1
2553 0
2554 0
2555 0
2556 0
2557 0
2558 1
2559 0
2560 1
2561 0
2562 0
2563 0
2564 1
2565 0
2566 1
2567 0
2568 0
2569 0
2570 1
2571 0
2572 0
2573 0
2574 1
2575 1
2576 1
2577 0
2578 0
2579 0
2580 0
2581 0
2582 0
2583 0
2584 0
2585 0
2586 0
2587 1
2588 0
2589 0
2590 0
2591 0
2592 0
2593 0
2594 0
2595 0
2596 0
2597 0
2598 0
2599 0
2600 0
2601 0
2602 0
2603 1
2604 0
2605 0
2606 0
2607 0
2608 0
2609 0
2610 0
2611 0
2612 0
2613 0
2614 0
2615 0
2616 0
2617 0
2618 1
2619 0
2620 0
2621 0
2622 0
2623 0
2624 0
2625 0
2626 0
2627 0
2628 0
2629 0
2630 0
2631 0
2632 0
2633 0
2634 0
2635 0
2636 0
2637 0
2638 1
2639 0
2640 0
2641 0
2642 0
2643 0
2644 0
2645 0
2646 0
2647 0
2648 0
2649 0
2650 0
2651 0
2652 0
2653 0
2654 0
2655 0
2656 0
2657 0
2658 0
2659 0
2660 0
2661 0
2662 0
2663 0
2664 0
2665 1
2666 0
2667 0
2668 0
2669 0
2670 0
2671 0
2672 0
2673 0
2674 0
2675 0
2676 0
2677 0
2678 0
2679 0
2680 0
2681 1
2682 0
2683 0
2684 0
2685 0
2686 1
2687 0
2688 0
2689 0
2690 0
2691 0
2692 0
2693 0
2694 0
2695 0
2696 0
2697 0
2698 0
2699 0
2700 0
2701 0
2702 0
2703 0
2704 0
2705 0
2706 0
2707 0
2708 0
2709 0
2710 0
2711 0
2712 0
2713 0
2714 0
2715 1
2716 0
2717 0
2718 1
2719 0
2720 0
2721 0
2722 0
2723 0
2724 0
2725 0
2726 0
2727 0
2728 0
2729 0
2730 0
2731 0
2732 0
2733 0
2734 0
2735 0
2736 0
2737 0
2738 0
2739 0
2740 0
2741 1
2742 0
2743 0
2744 0
2745 0
2746 0
2747 0
2748 0
2749 0
2750 0
2751 0
2752 0
2753 0
2754 0
2755 0
2756 0
2757 0
2758 0
2759 0
2760 0
2761 0
2762 0
2763 0
2764 0
2765 0
2766 0
2767 0
2768 0
2769 0
2770 0
2771 0
2772 0
2773 0
2774 0
2775 0
2776 0
2777 0
2778 0
2779 0
2780 0
2781 0
2782 0
2783 0
2784 0
2785 0
2786 0
2787 0
2788 0
2789 0
2790 0
2791 0
2792 0
2793 0
2794 0
2795 0
2796 0
2797 0
2798 1
2799 0
2800 0
2801 0
2802 0
2803 0
2804 0
2805 0
2806 0
2807 0
2808 0
2809 0
2810 0
2811 0
2812 0
2813 0
2814 0
2815 0
2816 0
2817 0
2818 0
2819 0
2820 0
2821 0
2822 0
2823 0
2824 0
2825 0
2826 0
2827 0
2828 0
2829 0
2830 0
2831 1
2832 0
2833 0
2834 0
2835 0
2836 0
2837 0
2838 0
2839 0
2840 0
2841 0
2842 0
2843 0
2844 0
2845 0
2846 0
2847 0
2848 0
2849 0
2850 0
2851 0
2852 0
2853 0
2854 0
2855 0
2856 0
2857 0
2858 0
2859 0
2860 0
2861 0
2862 0
2863 0
2864 0
2865 0
2866 1
2867 0
2868 0
2869 0
2870 0
2871 0
2872 0
2873 0
2874 0
2875 0
2876 0
2877 0
2878 0
2879 0
2880 0
2881 0
2882 0
2883 0
2884 0
2885 0
2886 0
2887 0
2888 0
2889 0
2890 0
2891 0
2892 0
2893 0
2894 0
2895 0
2896 0
2897 0
2898 0
2899 0
2900 1
2901 0
2902 0
2903 0
2904 0
2905 0
2906 0
2907 0
2908 0
2909 0
2910 0
2911 0
2912 0
2913 0
2914 0
2915 0
2916 0
2917 0
2918 0
2919 0
2920 0
2921 0
2922 0
2923 0
2924 0
2925 0
2926 0
2927 0
2928 0
2929 0
2930 0
2931 1
2932 0
2933 0
2934 0
2935 0
2936 0
2937 0
2938 0
2939 0
2940 0
2941 0
2942 0
2943 0
2944 0
2945 0
2946 0
2947 0
2948 0
2949 0
2950 0
2951 0
2952 0
2953 0
2954 0
2955 0
2956 0
2957 0
2958 0
2959 0
2960 0
2961 0
2962 0
2963 0
2964 0
2965 0
2966 0
2967 0
2968 0
2969 0
2970 0
2971 0
2972 0
2973 0
2974 0
2975 0
2976 0
2977 0
2978 0
2979 0
2980 0
2981 0
2982 0
2983 0
2984 0
2985 0
2986 0
2987 0
2988 0
2989 0
2990 0
2991 0
2992 0
2993 0
2994 0
2995 0
2996 0
2997 0
2998 0
2999 0
3000 0
3001 0
3002 0
3003 0
3004 0
3005 0
3006 0
3007 0
3008 0
3009 0
3010 0
3011 0
3012 0
3013 0
3014 0
3015 0
3016 0
3017 0
3018 0
3019 0
3020 0
3021 0
3022 0
3023 0
3024 0
3025 0
3026 0
3027 0
3028 0
3029 0
3030 0
3031 0
3032 0
3033 0
3034 0
3035 1
3036 0
3037 0
3038 0
3039 0
3040 0
3041 0
3042 0
3043 0
3044 0
3045 0
3046 0
3047 0
3048 0
3049 0
3050 0
3051 0
3052 0
3053 0
3054 0
3055 0
3056 0
3057 0
3058 0
3059 0
3060 0
3061 0
3062 0
3063 0
3064 0
3065 0
3066 0
3067 0
3068 0
3069 0
3070 0
3071 0
3072 0
3073 0
3074 0
3075 0
3076 0
3077 0
3078 0
3079 0
3080 0
3081 0
3082 0
3083 0
3084 0
3085 1
3086 0
3087 0
3088 0
3089 0
3090 0
3091 0
3092 0
3093 0
3094 0
3095 0
3096 0
3097 0
3098 0
3099 0
3100 0
3101 0
3102 0
3103 0
3104 0
3105 0
3106 1
3107 0
3108 0
3109 1
3110 0
3111 0
3112 0
3113 0
3114 0
3115 0
3116 0
3117 0
3118 0
3119 0
3120 0
3121 0
3122 0
3123 0
3124 0
3125 0
3126 0
3127 0
3128 0
3129 0
3130 0
3131 0
3132 0
3133 0
3134 0
3135 0
3136 0
3137 0
3138 0
3139 0
3140 0
3141 0
3142 0
3143 0
3144 0
3145 0
3146 0
3147 0
3148 0
3149 0
3150 0
3151 0
3152 0
3153 0
3154 0
3155 0
3156 0
3157 0
3158 0
3159 0
3160 0
3161 0
3162 0
3163 0
3164 0
3165 0
3166 0
3167 0
3168 0
3169 1
3170 0
3171 0
3172 0
3173 0
3174 0
3175 0
3176 0
3177 0
3178 0
3179 0
3180 0
3181 0
3182 0
3183 0
3184 0
3185 0
3186 0
3187 0
3188 0
3189 0
3190 0
3191 1
3192 0
3193 0
3194 0
3195 0
3196 0
3197 0
3198 0
3199 0
3200 0
3201 0
3202 0
3203 0
3204 0
3205 0
3206 0
3207 0
3208 0
3209 0
3210 0
3211 0
3212 0
3213 0
3214 0
3215 0
3216 0
3217 0
3218 0
3219 0
3220 0
3221 0
3222 0
3223 0
3224 1
3225 0
3226 0
3227 0
3228 0
3229 0
3230 0
3231 0
3232 0
3233 0
3234 0
3235 0
3236 0
3237 0
3238 0
3239 0
3240 0
3241 0
3242 0
3243 0
3244 0
3245 0
3246 0
3247 0
3248 0
3249 0
3250 0
3251 0
3252 0
3253 0
3254 0
3255 0
3256 0
3257 0
3258 0
3259 0
3260 0
3261 0
3262 0
3263 0
3264 0
3265 0
3266 0
3267 0
3268 0
3269 0
3270 0
3271 0
3272 0
3273 0
3274 0
3275 0
3276 0
3277 0
3278 0
3279 0
3280 0
3281 0
3282 0
3283 0
3284 0
3285 0
3286 0
3287 0
3288 0
3289 0
3290 0
3291 0
3292 0
3293 0
3294 0
3295 0
3296 0
3297 0
3298 0
3299 0
3300 0
3301 0
3302 0
3303 0
3304 0
3305 0
3306 0
3307 0
3308 0
3309 0
3310 0
3311 0
3312 1
3313 0
3314 0
3315 0
3316 0
3317 0
3318 0
3319 0
3320 0
3321 0
3322 0
3323 0
3324 0
3325 0
3326 0
3327 0
3328 0
3329 0
3330 0
3331 0
3332 0
3333 0
3334 0
3335 0
3336 0
3337 0
3338 0
3339 0
3340 0
3341 0
3342 0
3343 0
3344 0
3345 0
3346 0
3347 0
3348 0
3349 0
3350 0
3351 1
3352 0
3353 1
3354 0
3355 0
3356 0
3357 0
3358 0
3359 0
3360 0
3361 0
3362 0
3363 0
3364 0
3365 0
3366 0
3367 0
3368 0
3369 0
3370 0
3371 0
3372 0
3373 0
3374 0
3375 0
3376 0
3377 0
3378 0
3379 0
3380 0
3381 0
3382 0
3383 0
3384 0
3385 0
3386 0
3387 0
3388 0
3389 0
3390 0
3391 0
3392 0
3393 0
3394 0
3395 0
3396 0
3397 0
3398 0
3399 0
3400 0
3401 0
3402 0
3403 0
3404 0
3405 1
3406 0
3407 2
3408 0
3409 0
3410 0
3411 0
3412 0
3413 0
3414 0
3415 0
3416 0
3417 0
3418 0
3419 0
3420 0
3421 0
3422 0
3423 0
3424 0
3425 0
3426 0
3427 0
3428 0
3429 0
3430 0
3431 0
3432 0
3433 0
3434 0
3435 0
3436 0
3437 0
3438 0
3439 0
3440 0
3441 0
3442 0
3443 0
3444 0
3445 0
3446 0
3447 0
3448 0
3449 0
3450 0
3451 0
3452 0
3453 1
3454 0
3455 0
3456 0
3457 0
3458 0
3459 0
3460 0
3461 0
3462 0
3463 0
3464 0
3465 0
3466 0
3467 0
3468 0
3469 0
3470 0
3471 0
3472 0
3473 0
3474 0
3475 0
3476 0
3477 0
3478 0
3479 1
3480 1
3481 0
3482 0
3483 0
3484 0
3485 0
3486 0
3487 0
3488 0
3489 0
3490 0
3491 0
3492 0
3493 0
3494 0
3495 0
3496 0
3497 0
3498 0
3499 0
3500 0
3501 0
3502 0
3503 0
3504 0
3505 0
3506 0
3507 0
3508 0
3509 0
3510 0
3511 0
3512 0
3513 0
3514 0
3515 0
3516 0
3517 0
3518 0
3519 0
3520 0
3521 0
3522 0
3523 0
3524 0
3525 0
3526 0
3527 0
3528 0
3529 0
3530 0
3531 0
3532 0
3533 0
3534 0
3535 0
3536 0
3537 0
3538 0
3539 0
3540 0
3541 0
3542 0
3543 0
3544 0
3545 0
3546 0
3547 0
3548 0
3549 0
3550 0
3551 0
3552 0
3553 0
3554 0
3555 0
3556 0
3557 0
3558 0
3559 0
3560 0
3561 0
3562 0
3563 0
3564 0
3565 0
3566 0
3567 0
3568 0
3569 0
3570 0
3571 0
3572 0
3573 0
3574 0
3575 0
3576 0
3577 0
3578 0
3579 0
3580 0
3581 0
3582 0
3583 0
3584 0
3585 0
3586 0
3587 0
3588 0
3589 0
3590 0
3591 0
3592 0
3593 0
3594 0
3595 0
3596 0
3597 0
3598 0
3599 0
3600 0
3601 0
3602 0
3603 1
3604 0
3605 0
3606 0
3607 0
3608 0
3609 0
3610 0
3611 0
3612 0
3613 0
3614 0
3615 0
3616 0
3617 0
3618 0
3619 0
3620 0
3621 0
3622 0
3623 0
3624 0
3625 0
3626 0
3627 0
3628 0
3629 0
3630 0
3631 0
3632 0
3633 0
3634 0
3635 0
3636 0
3637 0
3638 0
3639 0
3640 0
3641 0
3642 0
3643 0
3644 0
3645 0
3646 0
3647 0
3648 0
3649 0
3650 0
3651 0
3652 0
3653 0
3654 0
3655 0
3656 0
3657 0
3658 0
3659 0
3660 0
3661 0
3662 0
3663 0
3664 0
3665 0
3666 0
3667 0
3668 0
3669 0
3670 0
3671 0
3672 0
3673 0
3674 0
3675 0
3676 0
3677 0
3678 0
3679 0
3680 0
3681 0
3682 0
3683 0
3684 0
3685 0
3686 0
3687 0
3688 0
3689 0
3690 0
3691 0
3692 0
3693 0
3694 0
3695 0
3696 0
3697 0
3698 0
3699 0
3700 0
3701 0
3702 0
3703 0
3704 0
3705 0
3706 0
3707 0
3708 0
3709 0
3710 0
3711 0
3712 0
3713 0
3714 0
3715 0
3716 0
3717 0
3718 0
3719 0
3720 0
3721 0
3722 0
3723 0
3724 0
3725 0
3726 0
3727 0
3728 0
3729 0
3730 0
3731 0
3732 0
3733 0
3734 0
3735 0
3736 0
3737 0
3738 0
3739 0
3740 0
3741 0
3742 0
3743 0
3744 0
3745 0
3746 0
3747 0
3748 0
3749 0
3750 0
3751 0
3752 0
3753 0
3754 0
3755 0
3756 0
3757 0
3758 0
3759 0
3760 0
3761 0
3762 0
3763 0
3764 0
3765 0
3766 0
3767 0
3768 0
3769 0
3770 0
3771 0
3772 0
3773 0
3774 0
3775 0
3776 0
3777 0
3778 0
3779 0
3780 0
3781 0
3782 0
3783 0
3784 0
3785 0
3786 0
3787 0
3788 0
3789 0
3790 0
3791 0
3792 0
3793 0
3794 0
3795 0
3796 0
3797 0
3798 0
3799 0
3800 0
3801 0
3802 0
3803 0
3804 0
3805 0
3806 0
3807 0
3808 0
3809 0
3810 0
3811 0
3812 0
3813 0
3814 0
3815 0
3816 0
3817 0
3818 0
3819 0
3820 0
3821 0
3822 0
3823 0
3824 0
3825 0
3826 0
3827 0
3828 0
3829 0
3830 0
3831 0
3832 0
3833 0
3834 0
3835 0
3836 0
3837 0
3838 0
3839 0
3840 0
3841 0
3842 0
3843 0
3844 0
3845 0
3846 0
3847 0
3848 0
3849 0
3850 1
3851 0
3852 0
3853 0
3854 0
3855 0
3856 0
3857 0
3858 0
3859 0
3860 0
3861 0
3862 0
3863 0
3864 0
3865 0
3866 0
3867 0
3868 0
3869 0
3870 0
3871 0
3872 0
3873 0
3874 0
3875 0
3876 0
3877 0
3878 0
3879 0
3880 0
3881 0
3882 0
3883 0
3884 0
3885 0
3886 0
3887 0
3888 0
3889 0
3890 0
3891 0
3892 0
3893 0
3894 0
3895 0
3896 0
3897 0
3898 0
3899 0
3900 0
3901 1
3902 0
3903 0
3904 0
3905 0
3906 0
3907 0
3908 0
3909 0
3910 0
3911 0
3912 0
3913 0
3914 0
3915 0
3916 0
3917 0
3918 0
3919 0
3920 0
3921 0
3922 0
3923 0
3924 0
3925 0
3926 0
3927 0
3928 0
3929 0
3930 0
3931 0
3932 0
3933 0
3934 0
3935 0
3936 0
3937 0
3938 0
3939 0
3940 0
3941 0
3942 0
3943 0
3944 0
3945 0
3946 0
3947 0
3948 0
3949 0
3950 1
3951 0
3952 0
3953 0
3954 0
3955 0
3956 0
3957 0
3958 0
3959 0
3960 0
3961 0
3962 0
3963 0
3964 0
3965 0
3966 0
3967 0
3968 0
3969 0
3970 0
3971 0
3972 0
3973 0
3974 0
3975 0
3976 0
3977 0
3978 0
3979 0
3980 0
3981 0
3982 0
3983 0
3984 0
3985 0
3986 0
3987 0
3988 0
3989 0
3990 0
3991 0
3992 0
3993 0
3994 0
3995 0
3996 0
3997 0
3998 0
3999 0
4000 0
