0 0
1 0
2 0
3 0
4 0
5 0
6 0
7 0
8 0
9 0
10 0
11 0
12 0
13 0
14 0
15 0
16 0
17 0
18 0
19 0
20 0
21 0
22 0
23 0
24 0
25 0
26 0
27 0
28 0
29 0
30 0
31 0
32 0
33 0
34 0
35 0
36 0
37 0
38 0
39 0
40 0
41 0
42 0
43 0
44 0
45 0
46 0
47 0
48 0
49 0
50 0
51 0
52 0
53 0
54 0
55 0
56 0
57 0
58 0
59 0
60 0
61 0
62 0
63 0
64 0
65 0
66 0
67 0
68 0
69 0
70 0
71 0
72 0
73 0
74 0
75 0
76 0
77 0
78 0
79 0
80 0
81 0
82 0
83 0
84 0
85 0
86 0
87 0
88 0
89 0
90 0
91 0
92 0
93 0
94 0
95 0
96 0
97 0
98 0
99 0
100 0
101 0
102 0
103 0
104 0
105 0
106 0
107 0
108 0
109 0
110 0
111 0
112 0
113 0
114 0
115 0
116 0
117 0
118 0
119 0
120 0
121 0
122 0
123 0
124 0
125 0
126 0
127 0
128 0
129 0
130 0
131 0
132 0
133 0
134 0
135 0
136 0
137 0
138 0
139 0
140 0
141 0
142 0
143 0
144 0
145 0
146 0
147 0
148 0
149 0
150 0
151 0
152 2
153 1
154 1
155 4
156 5
157 1
158 4
159 2
160 1
161 7
162 4
163 4
164 5
165 6
166 6
167 1
168 4
169 5
170 6
171 2
172 5
173 7
174 4
175 9
176 22
177 30
178 55
179 77
180 92
181 108
182 102
183 143
184 167
185 251
186 390
187 680
188 1138
189 1601
190 1931
191 2215
192 2368
193 2302
194 2281
195 2178
196 1968
197 1808
198 1561
199 1418
200 1298
201 1189
202 1083
203 1020
204 895
205 827
206 763
207 714
208 646
209 658
210 622
211 657
212 595
213 610
214 579
215 616
216 588
217 541
218 595
219 634
220 621
221 575
222 650
223 599
224 616
225 634
226 638
227 691
228 651
229 646
230 657
231 646
232 737
233 658
234 636
235 710
236 675
237 713
238 643
239 719
240 730
241 670
242 676
243 755
244 711
245 719
246 691
247 684
248 720
249 709
250 717
251 744
252 741
253 737
254 758
255 811
256 731
257 747
258 800
259 785
260 752
261 771
262 836
263 817
264 779
265 850
266 827
267 787
268 801
269 817
270 814
271 865
272 853
273 850
274 807
275 867
276 854
277 817
278 856
279 857
280 917
281 834
282 823
283 895
284 854
285 887
286 880
287 865
288 912
289 928
290 879
291 871
292 874
293 946
294 924
295 918
296 889
297 966
298 915
299 988
300 824
301 963
302 969
303 973
304 1039
305 1005
306 1053
307 1006
308 987
309 987
310 999
311 968
312 1016
313 1053
314 1057
315 1003
316 1055
317 961
318 1072
319 1070
320 1101
321 1024
322 1071
323 1040
324 1049
325 1091
326 1063
327 1096
328 1078
329 1178
330 1035
331 1110
332 1100
333 1063
334 1116
335 1134
336 1140
337 1128
338 1188
339 1100
340 1135
341 1156
342 1146
343 1113
344 1184
345 1168
346 1182
347 1220
348 1207
349 1138
350 1162
351 1223
352 1120
353 1160
354 1215
355 1193
356 1178
357 1134
358 1214
359 1192
360 1215
361 1190
362 1245
363 1234
364 1286
365 1248
366 1294
367 1281
368 1246
369 1209
370 1318
371 1276
372 1247
373 1272
374 1252
375 1326
376 1314
377 1340
378 1341
379 1278
380 1252
381 1242
382 1263
383 1379
384 1300
385 1299
386 1288
387 1342
388 1264
389 1331
390 1317
391 1353
392 1299
393 1434
394 1358
395 1355
396 1303
397 1296
398 1419
399 1272
400 1351
401 1371
402 1364
403 1401
404 1431
405 1290
406 1393
407 1333
408 1375
409 1353
410 1363
411 1343
412 1411
413 1312
414 1397
415 1354
416 1407
417 1358
418 1378
419 1330
420 1287
421 1279
422 1327
423 1354
424 1353
425 1360
426 1312
427 1437
428 1372
429 1345
430 1376
431 1297
432 1314
433 1394
434 1391
435 1402
436 1335
437 1318
438 1383
439 1354
440 1384
441 1362
442 1361
443 1332
444 1358
445 1297
446 1342
447 1350
448 1418
449 1358
450 1306
451 1306
452 1310
453 1224
454 1368
455 1356
456 1335
457 1281
458 1281
459 1301
460 1311
461 1290
462 1245
463 1314
464 1280
465 1219
466 1202
467 1275
468 1220
469 1275
470 1296
471 1216
472 1304
473 1256
474 1245
475 1221
476 1238
477 1274
478 1167
479 1186
480 1249
481 1237
482 1234
483 1191
484 1150
485 1190
486 1147
487 1134
488 1134
489 1133
490 1229
491 1157
492 1136
493 1164
494 1180
495 1196
496 1121
497 1118
498 1089
499 1102
500 1061
501 1121
502 1080
503 1064
504 1066
505 1127
506 1077
507 1014
508 1015
509 996
510 1025
511 1044
512 1010
513 1069
514 1003
515 1002
516 1014
517 996
518 971
519 984
520 913
521 961
522 1004
523 972
524 950
525 983
526 967
527 914
528 951
529 924
530 915
531 907
532 871
533 909
534 899
535 897
536 854
537 832
538 852
539 851
540 820
541 859
542 823
543 825
544 809
545 777
546 744
547 785
548 776
549 738
550 720
551 779
552 793
553 763
554 716
555 774
556 772
557 778
558 739
559 732
560 754
561 710
562 711
563 700
564 672
565 682
566 745
567 680
568 697
569 666
570 631
571 663
572 660
573 606
574 692
575 656
576 576
577 649
578 629
579 610
580 608
581 630
582 606
583 580
584 605
585 586
586 556
587 591
588 564
589 595
590 559
591 556
592 582
593 541
594 565
595 490
596 535
597 553
598 588
599 482
600 524
601 509
602 476
603 527
604 501
605 509
606 484
607 471
608 436
609 522
610 480
611 430
612 422
613 483
614 500
615 487
616 490
617 457
618 418
619 428
620 424
621 418
622 426
623 429
624 444
625 426
626 418
627 396
628 410
629 432
630 434
631 414
632 390
633 384
634 354
635 365
636 377
637 396
638 352
639 355
640 384
641 375
642 357
643 366
644 334
645 360
646 339
647 340
648 354
649 357
650 341
651 359
652 358
653 323
654 331
655 322
656 328
657 329
658 340
659 317
660 291
661 331
662 329
663 301
664 291
665 295
666 287
667 309
668 305
669 314
670 271
671 283
672 306
673 299
674 294
675 319
676 285
677 259
678 265
679 288
680 263
681 291
682 273
683 263
684 222
685 261
686 267
687 277
688 223
689 269
690 293
691 260
692 264
693 254
694 284
695 278
696 269
697 243
698 271
699 261
700 231
701 258
702 240
703 243
704 226
705 207
706 261
707 261
708 281
709 229
710 233
711 231
712 221
713 211
714 231
715 219
716 223
717 218
718 206
719 210
720 211
721 206
722 210
723 223
724 233
725 204
726 213
727 209
728 215
729 206
730 238
731 178
732 215
733 231
734 208
735 198
736 195
737 200
738 211
739 189
740 178
741 212
742 193
743 202
744 197
745 194
746 208
747 188
748 210
749 207
750 201
751 236
752 185
753 210
754 211
755 197
756 179
757 190
758 187
759 205
760 166
761 184
762 168
763 209
764 208
765 200
766 186
767 167
768 175
769 194
770 190
771 171
772 183
773 219
774 181
775 184
776 210
777 176
778 177
779 196
780 166
781 169
782 191
783 192
784 155
785 162
786 180
787 180
788 176
789 161
790 178
791 171
792 157
793 198
794 189
795 170
796 190
797 175
798 177
799 172
800 206
801 186
802 189
803 166
804 188
805 193
806 173
807 181
808 172
809 169
810 162
811 160
812 183
813 161
814 174
815 161
816 183
817 168
818 176
819 167
820 180
821 164
822 159
823 175
824 171
825 179
826 181
827 150
828 183
829 174
830 174
831 177
832 163
833 161
834 156
835 180
836 182
837 157
838 149
839 147
840 145
841 182
842 160
843 146
844 175
845 169
846 145
847 155
848 170
849 172
850 172
851 179
852 160
853 142
854 163
855 151
856 196
857 160
858 172
859 156
860 162
861 162
862 182
863 164
864 149
865 168
866 181
867 130
868 174
869 155
870 147
871 135
872 152
873 146
874 146
875 159
876 149
877 158
878 163
879 153
880 142
881 157
882 162
883 167
884 144
885 159
886 148
887 144
888 156
889 156
890 140
891 144
892 148
893 136
894 152
895 144
896 152
897 145
898 168
899 132
900 157
901 137
902 180
903 141
904 158
905 162
906 165
907 134
908 160
909 156
910 157
911 155
912 163
913 160
914 148
915 152
916 150
917 151
918 158
919 140
920 149
921 153
922 170
923 142
924 162
925 137
926 176
927 126
928 133
929 159
930 133
931 145
932 130
933 140
934 136
935 152
936 158
937 139
938 133
939 138
940 167
941 157
942 153
943 129
944 136
945 144
946 131
947 129
948 143
949 137
950 155
951 144
952 152
953 145
954 120
955 148
956 147
957 138
958 121
959 123
960 126
961 161
962 135
963 121
964 125
965 129
966 116
967 126
968 147
969 150
970 141
971 110
972 136
973 125
974 120
975 136
976 125
977 121
978 138
979 146
980 123
981 120
982 136
983 136
984 113
985 124
986 115
987 126
988 131
989 135
990 106
991 123
992 128
993 132
994 129
995 113
996 121
997 128
998 135
999 104
1000 127
1001 126
1002 101
1003 120
1004 121
1005 109
1006 102
1007 141
1008 116
1009 126
1010 117
1011 111
1012 100
1013 108
1014 108
1015 118
1016 123
1017 117
1018 94
1019 123
1020 123
1021 116
1022 112
1023 124
1024 122
1025 111
1026 116
1027 131
1028 128
1029 141
1030 127
1031 109
1032 116
1033 115
1034 112
1035 131
1036 118
1037 114
1038 105
1039 113
1040 119
1041 110
1042 106
1043 108
1044 99
1045 97
1046 116
1047 98
1048 117
1049 114
1050 107
1051 111
1052 89
1053 107
1054 105
1055 123
1056 97
1057 112
1058 112
1059 90
1060 102
1061 90
1062 108
1063 96
1064 89
1065 99
1066 112
1067 84
1068 120
1069 95
1070 95
1071 93
1072 95
1073 86
1074 106
1075 89
1076 82
1077 92
1078 90
1079 104
1080 82
1081 103
1082 88
1083 91
1084 88
1085 80
1086 90
1087 90
1088 95
1089 89
1090 88
1091 97
1092 84
1093 85
1094 86
1095 94
1096 69
1097 97
1098 90
1099 92
1100 88
1101 92
1102 87
1103 77
1104 75
1105 70
1106 79
1107 91
1108 69
1109 99
1110 79
1111 82
1112 80
1113 82
1114 84
1115 73
1116 79
1117 102
1118 78
1119 65
1120 68
1121 78
1122 84
1123 79
1124 84
1125 81
1126 86
1127 85
1128 77
1129 70
1130 79
1131 68
1132 90
1133 67
1134 81
1135 67
1136 89
1137 90
1138 84
1139 78
1140 74
1141 84
1142 60
1143 74
1144 88
1145 80
1146 77
1147 80
1148 76
1149 75
1150 73
1151 82
1152 76
1153 77
1154 65
1155 69
1156 56
1157 72
1158 68
1159 58
1160 71
1161 64
1162 69
1163 75
1164 54
1165 72
1166 75
1167 65
1168 64
1169 69
1170 74
1171 67
1172 77
1173 60
1174 54
1175 65
1176 51
1177 69
1178 52
1179 75
1180 58
1181 67
1182 60
1183 61
1184 56
1185 70
1186 49
1187 70
1188 48
1189 52
1190 56
1191 56
1192 55
1193 75
1194 57
1195 65
1196 51
1197 59
1198 54
1199 59
1200 51
1201 55
1202 45
1203 52
1204 59
1205 54
1206 57
1207 50
1208 60
1209 54
1210 43
1211 51
1212 48
1213 54
1214 53
1215 61
1216 45
1217 44
1218 58
1219 42
1220 46
1221 45
1222 53
1223 57
1224 57
1225 54
1226 65
1227 44
1228 44
1229 41
1230 45
1231 42
1232 45
1233 55
1234 48
1235 58
1236 49
1237 57
1238 45
1239 51
1240 56
1241 44
1242 44
1243 49
1244 36
1245 39
1246 50
1247 48
1248 36
1249 47
1250 50
1251 31
1252 41
1253 55
1254 43
1255 34
1256 48
1257 43
1258 43
1259 43
1260 39
1261 41
1262 37
1263 50
1264 38
1265 36
1266 34
1267 43
1268 40
1269 45
1270 48
1271 39
1272 37
1273 40
1274 29
1275 52
1276 44
1277 42
1278 36
1279 42
1280 31
1281 30
1282 40
1283 27
1284 34
1285 40
1286 36
1287 41
1288 46
1289 28
1290 35
1291 39
1292 42
1293 38
1294 29
1295 44
1296 27
1297 23
1298 34
1299 30
1300 32
1301 30
1302 40
1303 25
1304 31
1305 30
1306 33
1307 29
1308 36
1309 28
1310 32
1311 30
1312 29
1313 34
1314 42
1315 40
1316 43
1317 30
1318 24
1319 32
1320 37
1321 30
1322 30
1323 22
1324 25
1325 35
1326 29
1327 35
1328 26
1329 35
1330 30
1331 35
1332 24
1333 31
1334 31
1335 30
1336 26
1337 25
1338 27
1339 26
1340 22
1341 25
1342 25
1343 30
1344 29
1345 25
1346 27
1347 31
1348 21
1349 25
1350 32
1351 21
1352 27
1353 19
1354 27
1355 28
1356 27
1357 27
1358 22
1359 34
1360 22
1361 26
1362 19
1363 27
1364 28
1365 26
1366 29
1367 25
1368 26
1369 15
1370 27
1371 23
1372 30
1373 17
1374 22
1375 21
1376 22
1377 21
1378 24
1379 24
1380 22
1381 23
1382 21
1383 19
1384 17
1385 15
1386 18
1387 20
1388 20
1389 23
1390 20
1391 21
1392 17
1393 17
1394 19
1395 19
1396 16
1397 11
1398 17
1399 23
1400 18
1401 14
1402 9
1403 19
1404 28
1405 18
1406 21
1407 18
1408 11
1409 16
1410 26
1411 16
1412 17
1413 23
1414 17
1415 24
1416 17
1417 22
1418 21
1419 12
1420 18
1421 13
1422 14
1423 19
1424 26
1425 9
1426 15
1427 17
1428 19
1429 15
1430 21
1431 19
1432 23
1433 21
1434 11
1435 15
1436 18
1437 12
1438 19
1439 21
1440 16
1441 10
1442 14
1443 12
1444 11
1445 21
1446 14
1447 8
1448 10
1449 17
1450 14
1451 13
1452 19
1453 14
1454 13
1455 14
1456 16
1457 11
1458 19
1459 15
1460 17
1461 15
1462 10
1463 12
1464 11
1465 17
1466 9
1467 14
1468 11
1469 15
1470 11
1471 16
1472 13
1473 15
1474 4
1475 8
1476 10
1477 12
1478 7
1479 13
1480 14
1481 9
1482 17
1483 9
1484 12
1485 13
1486 12
1487 3
1488 11
1489 17
1490 15
1491 10
1492 10
1493 9
1494 5
1495 14
1496 7
1497 6
1498 14
1499 13
1500 13
1501 4
1502 14
1503 10
1504 9
1505 10
1506 12
1507 9
1508 5
1509 9
1510 8
1511 13
1512 12
1513 13
1514 6
1515 9
1516 12
1517 8
1518 6
1519 11
1520 12
1521 12
1522 9
1523 11
1524 17
1525 5
1526 17
1527 9
1528 10
1529 6
1530 10
1531 12
1532 11
1533 11
1534 15
1535 7
1536 7
1537 12
1538 8
1539 11
1540 7
1541 3
1542 10
1543 9
1544 11
1545 5
1546 12
1547 4
1548 9
1549 7
1550 13
1551 12
1552 11
1553 9
1554 8
1555 11
1556 15
1557 7
1558 8
1559 11
1560 3
1561 5
1562 3
1563 7
1564 8
1565 6
1566 10
1567 7
1568 11
1569 8
1570 6
1571 1
1572 4
1573 7
1574 7
1575 10
1576 8
1577 7
1578 10
1579 6
1580 5
1581 7
1582 9
1583 6
1584 3
1585 5
1586 5
1587 5
1588 8
1589 6
1590 11
1591 5
1592 9
1593 8
1594 6
1595 8
1596 6
1597 1
1598 8
1599 3
1600 4
1601 5
1602 3
1603 7
1604 3
1605 9
1606 3
1607 6
1608 4
1609 9
1610 5
1611 5
1612 4
1613 3
1614 5
1615 4
1616 6
1617 3
1618 4
1619 5
1620 5
1621 2
1622 6
1623 3
1624 7
1625 6
1626 4
1627 4
1628 4
1629 4
1630 2
1631 1
1632 2
1633 1
1634 4
1635 4
1636 2
1637 6
1638 1
1639 6
1640 7
1641 5
1642 3
1643 2
1644 1
1645 2
1646 0
1647 4
1648 3
1649 6
1650 3
1651 4
1652 4
1653 7
1654 1
1655 5
1656 5
1657 7
1658 3
1659 1
1660 4
1661 5
1662 5
1663 3
1664 3
1665 2
1666 6
1667 4
1668 2
1669 2
1670 1
1671 5
1672 7
1673 2
1674 7
1675 2
1676 5
1677 5
1678 1
1679 2
1680 5
1681 1
1682 6
1683 8
1684 4
1685 1
1686 4
1687 2
1688 4
1689 7
1690 3
1691 2
1692 2
1693 0
1694 0
1695 2
1696 6
1697 5
1698 0
1699 3
1700 4
1701 2
1702 7
1703 3
1704 4
1705 1
1706 0
1707 1
1708 0
1709 7
1710 0
1711 4
1712 0
1713 0
1714 3
1715 2
1716 4
1717 1
1718 3
1719 0
1720 1
1721 4
1722 5
1723 4
1724 2
1725 2
1726 2
1727 4
1728 3
1729 0
1730 3
1731 8
1732 0
1733 1
1734 1
1735 2
1736 1
1737 3
1738 2
1739 2
1740 4
1741 3
1742 2
1743 2
1744 2
1745 1
1746 2
1747 2
1748 0
1749 1
1750 2
1751 2
1752 3
1753 2
1754 4
1755 2
1756 0
1757 2
1758 1
1759 1
1760 4
1761 1
1762 1
1763 2
1764 3
1765 3
1766 4
1767 1
1768 3
1769 5
1770 3
1771 1
1772 1
1773 1
1774 1
1775 1
1776 1
1777 1
1778 3
1779 0
1780 0
1781 3
1782 2
1783 3
1784 2
1785 2
1786 2
1787 0
1788 0
1789 2
1790 2
1791 2
1792 4
1793 0
1794 0
1795 3
1796 3
1797 1
1798 2
1799 1
1800 0
1801 3
1802 2
1803 0
1804 2
1805 0
1806 0
1807 2
1808 0
1809 3
1810 0
1811 3
1812 0
1813 2
1814 1
1815 1
1816 3
1817 1
1818 1
1819 4
1820 1
1821 2
1822 1
1823 6
1824 2
1825 1
1826 3
1827 2
1828 1
1829 0
1830 1
1831 1
1832 5
1833 0
1834 4
1835 1
1836 2
1837 1
1838 0
1839 0
1840 0
1841 2
1842 0
1843 1
1844 0
1845 0
1846 2
1847 0
1848 0
1849 2
1850 1
1851 1
1852 0
1853 0
1854 1
1855 0
1856 2
1857 2
1858 0
1859 0
1860 1
1861 0
1862 1
1863 0
1864 1
1865 2
1866 0
1867 0
1868 2
1869 0
1870 1
1871 0
1872 0
1873 0
1874 2
1875 1
1876 0
1877 1
1878 0
1879 0
1880 0
1881 1
1882 1
1883 1
1884 2
1885 2
1886 0
1887 3
1888 0
1889 1
1890 0
1891 1
1892 1
1893 0
1894 1
1895 1
1896 5
1897 0
1898 0
1899 0
1900 0
1901 0
1902 1
1903 0
1904 1
1905 0
1906 1
1907 0
1908 1
1909 0
1910 1
1911 1
1912 0
1913 1
1914 1
1915 0
1916 1
1917 0
1918 2
1919 1
1920 0
1921 2
1922 0
1923 1
1924 1
1925 0
1926 0
1927 2
1928 1
1929 1
1930 2
1931 0
1932 0
1933 0
1934 0
1935 2
1936 1
1937 0
1938 1
1939 1
1940 0
1941 0
1942 1
1943 1
1944 1
1945 1
1946 2
1947 0
1948 0
1949 0
1950 0
1951 0
1952 1
1953 0
1954 0
1955 0
1956 1
1957 1
1958 1
1959 0
1960 0
1961 0
1962 1
1963 1
1964 0
1965 1
1966 0
1967 1
1968 0
1969 0
1970 0
1971 0
1972 0
1973 0
1974 0
1975 2
1976 0
1977 0
1978 0
1979 1
1980 1
1981 0
1982 0
1983 0
1984 0
1985 1
1986 0
1987 0
1988 0
1989 1
1990 0
1991 0
1992 0
1993 0
1994 0
1995 0
1996 0
1997 0
1998 1
1999 0
2000 0
2001 0
2002 0
2003 0
2004 0
2005 1
2006 1
2007 2
2008 0
2009 2
2010 1
2011 0
2012 1
2013 1
2014 1
2015 0
2016 0
2017 0
2018 0
2019 0
2020 0
2021 0
2022 1
2023 0
2024 1
2025 0
2026 2
2027 0
2028 2
2029 0
2030 0
2031 0
2032 0
2033 0
2034 0
2035 0
2036 0
2037 0
2038 0
2039 1
2040 1
2041 0
2042 0
2043 0
2044 0
2045 0
2046 0
2047 0
2048 0
2049 3
2050 0
2051 1
2052 0
2053 1
2054 1
2055 0
2056 0
2057 0
2058 0
2059 0
2060 0
2061 1
2062 0
2063 0
2064 0
2065 0
2066 0
2067 1
2068 0
2069 0
2070 0
2071 1
2072 0
2073 0
2074 0
2075 0
2076 1
2077 0
2078 1
2079 0
2080 0
2081 0
2082 0
2083 0
2084 1
2085 0
2086 1
2087 0
2088 1
2089 0
2090 0
2091 0
2092 0
2093 0
2094 0
2095 0
2096 0
2097 0
2098 0
2099 1
2100 0
2101 0
2102 1
2103 0
2104 0
2105 0
2106 0
2107 0
2108 0
2109 1
2110 0
2111 1
2112 0
2113 0
2114 1
2115 0
2116 0
2117 0
2118 0
2119 0
2120 1
2121 0
2122 0
2123 0
2124 1
2125 1
2126 0
2127 1
2128 0
2129 0
2130 2
2131 0
2132 0
2133 0
2134 0
2135 0
2136 0
2137 0
2138 0
2139 0
2140 1
2141 0
2142 0
2143 0
2144 0
2145 0
2146 0
2147 0
2148 0
2149 0
2150 1
2151 0
2152 0
2153 0
2154 1
2155 0
2156 0
2157 0
2158 0
2159 0
2160 0
2161 0
2162 1
2163 0
2164 0
2165 0
2166 0
2167 0
2168 0
2169 1
2170 0
2171 0
2172 1
2173 0
2174 1
2175 0
2176 1
2177 0
2178 0
2179 0
2180 0
2181 1
2182 1
2183 0
2184 0
2185 0
2186 0
2187 0
2188 0
2189 0
2190 0
2191 0
2192 0
2193 0
2194 0
2195 1
2196 0
2197 0
2198 0
2199 0
2200 0
2201 1
2202 0
2203 0
2204 0
2205 0
2206 0
2207 0
2208 0
2209 0
2210 0
2211 0
2212 0
2213 0
2214 1
2215 0
2216 0
2217 0
2218 0
2219 0
2220 0
2221 0
2222 0
2223 0
2224 0
2225 1
2226 0
2227 0
2228 0
2229 0
2230 0
2231 0
2232 0
2233 0
2234 0
2235 0
2236 0
2237 0
2238 0
2239 1
2240 0
2241 0
2242 0
2243 0
2244 0
2245 0
2246 0
2247 0
2248 0
2249 0
2250 0
2251 0
2252 0
2253 0
2254 0
2255 0
2256 0
2257 1
2258 0
2259 0
2260 0
2261 0
2262 0
2263 0
2264 0
2265 0
2266 0
2267 0
2268 0
2269 0
2270 0
2271 0
2272 0
2273 0
2274 0
2275 0
2276 0
2277 0
2278 0
2279 1
2280 0
2281 0
2282 0
2283 0
2284 0
2285 0
2286 0
2287 0
2288 0
2289 0
2290 0
2291 0
2292 0
2293 0
2294 0
2295 0
2296 0
2297 0
2298 0
2299 0
2300 0
2301 0
2302 1
2303 0
2304 0
2305 0
2306 0
2307 0
2308 0
2309 0
2310 0
2311 1
2312 0
2313 1
2314 0
2315 0
2316 0
2317 0
2318 1
2319 0
2320 0
2321 0
2322 0
2323 0
2324 0
2325 0
2326 0
2327 0
2328 0
2329 0
2330 0
2331 0
2332 0
2333 1
2334 0
2335 0
2336 0
2337 0
2338 0
2339 1
2340 0
2341 0
2342 0
2343 0
2344 0
2345 0
2346 0
2347 0
2348 0
2349 0
2350 0
2351 0
2352 0
2353 0
2354 1
2355 0
2356 0
2357 0
2358 0
2359 0
2360 0
2361 0
2362 0
2363 0
2364 0
2365 0
2366 0
2367 0
2368 1
2369 1
2370 0
2371 0
2372 0
2373 0
2374 0
2375 0
2376 0
2377 0
2378 0
2379 0
2380 0
2381 0
2382 0
2383 0
2384 0
2385 0
2386 0
2387 0
2388 0
2389 0
2390 0
2391 0
2392 0
2393 0
2394 0
2395 0
2396 0
2397 0
2398 0
2399 0
2400 0
2401 0
2402 0
2403 0
2404 0
2405 0
2406 0
2407 0
2408 0
2409 0
2410 0
2411 0
2412 0
2413 0
2414 0
2415 0
2416 0
2417 0
2418 0
2419 0
2420 0
2421 0
2422 0
2423 0
2424 0
2425 0
2426 0
2427 0
2428 0
2429 0
2430 0
2431 0
2432 0
2433 0
2434 0
2435 0
2436 0
2437 0
2438 0
2439 0
2440 0
2441 0
2442 0
2443 0
2444 0
2445 1
2446 0
2447 0
2448 0
2449 0
2450 0
2451 0
2452 0
2453 0
2454 0
2455 0
2456 0
2457 0
2458 0
2459 0
2460 0
2461 0
2462 0
2463 0
2464 0
2465 1
2466 0
2467 0
2468 0
2469 0
2470 0
2471 0
2472 0
2473 0
2474 0
2475 0
2476 0
2477 0
2478 0
2479 0
2480 0
2481 0
2482 0
2483 0
2484 0
2485 0
2486 0
2487 0
2488 0
2489 0
2490 0
2491 0
2492 0
2493 0
2494 0
2495 0
2496 0
2497 0
2498 0
2499 0
2500 0
2501 1
2502 0
2503 0
2504 0
2505 0
2506 0
2507 0
2508 0
2509 0
2510 0
2511 0
2512 0
2513 0
2514 0
2515 0
2516 0
2517 0
2518 0
2519 0
2520 1
2521 0
2522 0
2523 0
2524 0
2525 0
2526 0
2527 0
2528 0
2529 0
2530 0
2531 0
2532 0
2533 0
2534 0
2535 0
2536 2
2537 0
2538 0
2539 0
2540 0
2541 0
2542 0
2543 0
2544 1
2545 0
2546 0
2547 0
2548 0
2549 0
2550 0
2551 0
2552 0
2553 0
2554 0
2555 0
2556 0
2557 0
2558 0
2559 0
2560 0
2561 0
2562 0
2563 0
2564 0
2565 0
2566 0
2567 0
2568 0
2569 0
2570 0
2571 0
2572 0
2573 0
2574 0
2575 0
2576 0
2577 1
2578 0
2579 0
2580 0
2581 0
2582 0
2583 0
2584 0
2585 0
2586 0
2587 0
2588 0
2589 0
2590 0
2591 0
2592 0
2593 0
2594 0
2595 0
2596 1
2597 0
2598 0
2599 0
2600 0
2601 0
2602 0
2603 0
2604 0
2605 0
2606 0
2607 0
2608 0
2609 0
2610 0
2611 0
2612 0
2613 0
2614 0
2615 0
2616 0
2617 0
2618 0
2619 0
2620 0
2621 0
2622 0
2623 0
2624 0
2625 0
2626 0
2627 0
2628 0
2629 0
2630 0
2631 0
2632 0
2633 0
2634 0
2635 0
2636 0
2637 0
2638 0
2639 0
2640 0
2641 0
2642 0
2643 0
2644 0
2645 0
2646 0
2647 0
2648 0
2649 0
2650 0
2651 0
2652 0
2653 0
2654 0
2655 0
2656 0
2657 0
2658 0
2659 0
2660 0
2661 0
2662 0
2663 0
2664 0
2665 0
2666 0
2667 0
2668 0
2669 0
2670 0
2671 0
2672 0
2673 0
2674 0
2675 0
2676 0
2677 0
2678 0
2679 0
2680 0
2681 0
2682 0
2683 0
2684 0
2685 0
2686 0
2687 0
2688 0
2689 0
2690 0
2691 0
2692 0
2693 0
2694 0
2695 0
2696 0
2697 0
2698 1
2699 0
2700 0
2701 0
2702 0
2703 0
2704 0
2705 0
2706 0
2707 0
2708 0
2709 0
2710 0
2711 0
2712 0
2713 0
2714 0
2715 0
2716 0
2717 0
2718 0
2719 0
2720 0
2721 0
2722 0
2723 0
2724 0
2725 0
2726 0
2727 0
2728 0
2729 0
2730 0
2731 1
2732 0
2733 0
2734 0
2735 0
2736 0
2737 0
2738 0
2739 0
2740 0
2741 0
2742 0
2743 0
2744 0
2745 0
2746 0
2747 0
2748 0
2749 0
2750 0
2751 0
2752 0
2753 0
2754 0
2755 0
2756 0
2757 0
2758 0
2759 0
2760 0
2761 0
2762 0
2763 0
2764 0
2765 0
2766 0
2767 0
2768 0
2769 0
2770 0
2771 0
2772 0
2773 0
2774 0
2775 0
2776 0
2777 0
2778 0
2779 0
2780 0
2781 0
2782 0
2783 0
2784 0
2785 0
2786 0
2787 0
2788 0
2789 0
2790 0
2791 0
2792 0
2793 0
2794 0
2795 0
2796 0
2797 0
2798 0
2799 0
2800 0
2801 0
2802 0
2803 0
2804 0
2805 0
2806 0
2807 0
2808 0
2809 0
2810 0
2811 0
2812 0
2813 0
2814 0
2815 0
2816 0
2817 0
2818 0
2819 0
2820 0
2821 0
2822 0
2823 0
2824 0
2825 0
2826 0
2827 0
2828 0
2829 0
2830 0
2831 0
2832 0
2833 0
2834 0
2835 0
2836 0
2837 0
2838 0
2839 0
2840 0
2841 0
2842 0
2843 0
2844 0
2845 0
2846 0
2847 0
2848 0
2849 0
2850 0
2851 0
2852 0
2853 0
2854 0
2855 0
2856 0
2857 0
2858 0
2859 0
2860 0
2861 0
2862 0
2863 0
2864 0
2865 0
2866 0
2867 0
2868 0
2869 0
2870 0
2871 0
2872 0
2873 0
2874 0
2875 0
2876 0
2877 0
2878 0
2879 0
2880 1
2881 0
2882 0
2883 0
2884 0
2885 0
2886 0
2887 0
2888 0
2889 0
2890 0
2891 0
2892 0
2893 0
2894 0
2895 0
2896 0
2897 0
2898 0
2899 0
2900 0
2901 0
2902 0
2903 0
2904 0
2905 0
2906 0
2907 0
2908 1
2909 0
2910 0
2911 0
2912 0
2913 0
2914 0
2915 0
2916 0
2917 0
2918 0
2919 0
2920 0
2921 0
2922 0
2923 0
2924 0
2925 0
2926 0
2927 0
2928 0
2929 0
2930 0
2931 0
2932 0
2933 0
2934 0
2935 0
2936 0
2937 0
2938 0
2939 0
2940 0
2941 0
2942 0
2943 0
2944 0
2945 0
2946 0
2947 0
2948 0
2949 0
2950 0
2951 0
2952 0
2953 0
2954 0
2955 0
2956 0
2957 0
2958 0
2959 0
2960 0
2961 0
2962 0
2963 0
2964 0
2965 0
2966 0
2967 0
2968 0
2969 0
2970 0
2971 0
2972 0
2973 0
2974 0
2975 0
2976 0
2977 0
2978 0
2979 0
2980 0
2981 0
2982 0
2983 0
2984 0
2985 0
2986 0
2987 0
2988 0
2989 0
2990 0
2991 0
2992 0
2993 0
2994 0
2995 0
2996 0
2997 0
2998 0
2999 0
3000 0
3001 0
3002 0
3003 0
3004 0
3005 0
3006 0
3007 0
3008 0
3009 0
3010 0
3011 0
3012 0
3013 0
3014 0
3015 0
3016 0
3017 0
3018 0
3019 0
3020 0
3021 0
3022 0
3023 0
3024 0
3025 0
3026 0
3027 0
3028 0
3029 0
3030 0
3031 0
3032 0
3033 0
3034 0
3035 0
3036 0
3037 0
3038 0
3039 0
3040 0
3041 0
3042 0
3043 0
3044 0
3045 0
3046 0
3047 0
3048 0
3049 0
3050 0
3051 0
3052 0
3053 0
3054 0
3055 0
3056 0
3057 0
3058 0
3059 0
3060 0
3061 0
3062 0
3063 0
3064 0
3065 0
3066 0
3067 0
3068 0
3069 0
3070 0
3071 0
3072 1
3073 0
3074 0
3075 0
3076 0
3077 0
3078 0
3079 0
3080 0
3081 0
3082 0
3083 0
3084 0
3085 0
3086 0
3087 0
3088 0
3089 0
3090 0
3091 0
3092 0
3093 0
3094 0
3095 0
3096 0
3097 0
3098 0
3099 0
3100 0
3101 0
3102 0
3103 0
3104 0
3105 0
3106 0
3107 0
3108 0
3109 0
3110 0
3111 0
3112 0
3113 0
3114 0
3115 0
3116 0
3117 0
3118 0
3119 0
3120 0
3121 0
3122 0
3123 0
3124 0
3125 0
3126 0
3127 0
3128 0
3129 0
3130 0
3131 0
3132 0
3133 0
3134 0
3135 0
3136 0
3137 0
3138 0
3139 0
3140 0
3141 0
3142 0
3143 0
3144 0
3145 0
3146 0
3147 0
3148 0
3149 0
3150 0
3151 0
3152 0
3153 0
3154 0
3155 0
3156 0
3157 0
3158 0
3159 0
3160 1
3161 0
3162 0
3163 0
3164 0
3165 0
3166 0
3167 0
3168 0
3169 0
3170 0
3171 0
3172 0
3173 0
3174 0
3175 0
3176 0
3177 0
3178 0
3179 0
3180 0
3181 0
3182 0
3183 0
3184 0
3185 0
3186 0
3187 0
3188 0
3189 0
3190 0
3191 0
3192 0
3193 0
3194 0
3195 0
3196 0
3197 0
3198 0
3199 0
3200 0
3201 0
3202 0
3203 0
3204 0
3205 0
3206 0
3207 0
3208 0
3209 0
3210 0
3211 0
3212 0
3213 0
3214 0
3215 0
3216 0
3217 0
3218 0
3219 0
3220 0
3221 0
3222 0
3223 0
3224 0
3225 0
3226 0
3227 0
3228 0
3229 0
3230 1
3231 0
3232 0
3233 0
3234 0
3235 0
3236 0
3237 0
3238 0
3239 1
3240 0
3241 0
3242 0
3243 0
3244 1
3245 0
3246 0
3247 0
3248 0
3249 0
3250 0
3251 0
3252 0
3253 0
3254 0
3255 0
3256 0
3257 0
3258 0
3259 0
3260 0
3261 0
3262 0
3263 0
3264 0
3265 0
3266 0
3267 0
3268 0
3269 0
3270 0
3271 0
3272 0
3273 0
3274 0
3275 0
3276 0
3277 0
3278 0
3279 0
3280 0
3281 0
3282 0
3283 0
3284 0
3285 0
3286 0
3287 0
3288 0
3289 0
3290 1
3291 0
3292 0
3293 0
3294 0
3295 0
3296 0
3297 0
3298 0
3299 0
3300 0
3301 0
3302 0
3303 0
3304 0
3305 0
3306 0
3307 0
3308 0
3309 0
3310 0
3311 0
3312 0
3313 0
3314 0
3315 0
3316 0
3317 0
3318 0
3319 0
3320 0
3321 0
3322 0
3323 0
3324 0
3325 0
3326 0
3327 0
3328 0
3329 0
3330 0
3331 0
3332 0
3333 0
3334 0
3335 0
3336 0
3337 0
3338 0
3339 0
3340 0
3341 0
3342 0
3343 0
3344 0
3345 0
3346 0
3347 0
3348 0
3349 1
3350 0
3351 0
3352 0
3353 0
3354 0
3355 0
3356 0
3357 0
3358 0
3359 0
3360 0
3361 0
3362 0
3363 0
3364 0
3365 0
3366 0
3367 0
3368 0
3369 0
3370 0
3371 0
3372 0
3373 0
3374 0
3375 0
3376 0
3377 0
3378 0
3379 0
3380 0
3381 0
3382 0
3383 0
3384 0
3385 0
3386 0
3387 0
3388 0
3389 0
3390 0
3391 0
3392 0
3393 0
3394 0
3395 0
3396 0
3397 0
3398 0
3399 0
3400 0
3401 0
3402 0
3403 0
3404 0
3405 0
3406 0
3407 0
3408 0
3409 0
3410 0
3411 0
3412 0
3413 0
3414 0
3415 0
3416 0
3417 0
3418 0
3419 0
3420 0
3421 0
3422 0
3423 0
3424 0
3425 0
3426 0
3427 0
3428 0
3429 0
3430 0
3431 0
3432 0
3433 0
3434 0
3435 0
3436 0
3437 0
3438 0
3439 0
3440 0
3441 0
3442 0
3443 0
3444 0
3445 0
3446 0
3447 0
3448 0
3449 0
3450 0
3451 0
3452 0
3453 0
3454 0
3455 0
3456 0
3457 0
3458 0
3459 0
3460 0
3461 0
3462 0
3463 0
3464 0
3465 0
3466 0
3467 0
3468 0
3469 0
3470 0
3471 0
3472 0
3473 0
3474 0
3475 0
3476 0
3477 0
3478 0
3479 0
3480 0
3481 0
3482 0
3483 0
3484 0
3485 0
3486 0
3487 0
3488 0
3489 0
3490 0
3491 0
3492 0
3493 0
3494 0
3495 0
3496 0
3497 0
3498 0
3499 0
3500 0
3501 0
3502 0
3503 0
3504 0
3505 0
3506 0
3507 0
3508 0
3509 0
3510 0
3511 0
3512 0
3513 0
3514 0
3515 0
3516 0
3517 0
3518 1
3519 0
3520 0
3521 0
3522 0
3523 0
3524 0
3525 0
3526 0
3527 0
3528 0
3529 0
3530 0
3531 0
3532 0
3533 0
3534 1
3535 0
3536 0
3537 0
3538 0
3539 0
3540 0
3541 0
3542 0
3543 0
3544 0
3545 0
3546 0
3547 0
3548 0
3549 0
3550 0
3551 0
3552 0
3553 0
3554 0
3555 0
3556 0
3557 0
3558 0
3559 0
3560 0
3561 0
3562 0
3563 0
3564 0
3565 0
3566 1
3567 0
3568 0
3569 0
3570 0
3571 0
3572 0
3573 0
3574 0
3575 0
3576 0
3577 0
3578 0
3579 0
3580 0
3581 0
3582 0
3583 0
3584 0
3585 0
3586 0
3587 0
3588 0
3589 0
3590 0
3591 0
3592 0
3593 0
3594 0
3595 0
3596 0
3597 0
3598 0
3599 0
3600 0
3601 0
3602 0
3603 1
3604 0
3605 0
3606 0
3607 0
3608 0
3609 0
3610 0
3611 0
3612 0
3613 0
3614 0
3615 0
3616 1
3617 0
3618 0
3619 0
3620 0
3621 0
3622 0
3623 0
3624 0
3625 0
3626 0
3627 0
3628 0
3629 0
3630 0
3631 0
3632 0
3633 0
3634 0
3635 0
3636 0
3637 0
3638 0
3639 0
3640 0
3641 0
3642 0
3643 0
3644 0
3645 0
3646 0
3647 0
3648 0
3649 0
3650 0
3651 0
3652 0
3653 0
3654 0
3655 0
3656 0
3657 0
3658 0
3659 0
3660 0
3661 1
3662 0
3663 0
3664 0
3665 0
3666 1
3667 0
3668 0
3669 0
3670 0
3671 0
3672 0
3673 0
3674 0
3675 0
3676 0
3677 0
3678 0
3679 0
3680 0
3681 0
3682 0
3683 0
3684 0
3685 0
3686 0
3687 0
3688 0
3689 1
3690 0
3691 0
3692 0
3693 0
3694 0
3695 0
3696 0
3697 0
3698 0
3699 0
3700 0
3701 0
3702 0
3703 0
3704 0
3705 0
3706 0
3707 0
3708 0
3709 0
3710 0
3711 0
3712 0
3713 0
3714 0
3715 0
3716 0
3717 0
3718 0
3719 0
3720 0
3721 0
3722 0
3723 0
3724 0
3725 0
3726 0
3727 0
3728 0
3729 0
3730 0
3731 0
3732 0
3733 0
3734 0
3735 0
3736 0
3737 0
3738 0
3739 0
3740 0
3741 0
3742 0
3743 0
3744 0
3745 0
3746 0
3747 0
3748 0
3749 0
3750 0
3751 0
3752 0
3753 0
3754 0
3755 0
3756 0
3757 0
3758 0
3759 0
3760 0
3761 0
3762 0
3763 0
3764 0
3765 0
3766 0
3767 0
3768 0
3769 0
3770 0
3771 0
3772 0
3773 0
3774 0
3775 0
3776 0
3777 0
3778 0
3779 0
3780 0
3781 0
3782 0
3783 0
3784 0
3785 0
3786 0
3787 0
3788 0
3789 0
3790 0
3791 0
3792 0
3793 0
3794 0
3795 0
3796 0
3797 0
3798 0
3799 0
3800 0
3801 0
3802 0
3803 0
3804 0
3805 0
3806 0
3807 0
3808 0
3809 0
3810 0
3811 0
3812 0
3813 0
3814 1
3815 0
3816 0
3817 0
3818 0
3819 0
3820 0
3821 0
3822 0
3823 0
3824 0
3825 0
3826 0
3827 0
3828 0
3829 0
3830 0
3831 0
3832 0
3833 0
3834 0
3835 0
3836 0
3837 0
3838 0
3839 0
3840 0
3841 0
3842 0
3843 0
3844 0
3845 0
3846 0
3847 0
3848 0
3849 0
3850 0
3851 0
3852 0
3853 0
3854 0
3855 0
3856 0
3857 0
3858 0
3859 0
3860 0
3861 0
3862 0
3863 0
3864 0
3865 0
3866 0
3867 0
3868 0
3869 0
3870 0
3871 0
3872 0
3873 0
3874 0
3875 0
3876 0
3877 0
3878 0
3879 0
3880 0
3881 0
3882 0
3883 0
3884 0
3885 0
3886 0
3887 0
3888 0
3889 0
3890 0
3891 0
3892 0
3893 0
3894 0
3895 0
3896 0
3897 0
3898 0
3899 0
3900 0
3901 0
3902 0
3903 0
3904 0
3905 0
3906 0
3907 0
3908 0
3909 0
3910 0
3911 0
3912 0
3913 0
3914 0
3915 0
3916 0
3917 0
3918 0
3919 0
3920 0
3921 0
3922 0
3923 0
3924 0
3925 0
3926 0
3927 0
3928 0
3929 0
3930 0
3931 0
3932 0
3933 1
3934 0
3935 0
3936 0
3937 0
3938 0
3939 0
3940 0
3941 0
3942 0
3943 0
3944 0
3945 0
3946 0
3947 0
3948 0
3949 0
3950 0
3951 0
3952 0
3953 0
3954 0
3955 0
3956 0
3957 0
3958 0
3959 0
3960 0
3961 0
3962 0
3963 0
3964 0
3965 0
3966 0
3967 0
3968 0
3969 0
3970 0
3971 0
3972 0
3973 0
3974 0
3975 0
3976 0
3977 0
3978 0
3979 0
3980 0
3981 0
3982 0
3983 0
3984 0
3985 0
3986 0
3987 0
3988 0
3989 0
3990 0
3991 0
3992 0
3993 0
3994 0
3995 0
3996 0
3997 0
3998 0
3999 0
4000 0
