0 0
1 0
2 0
3 0
4 0
5 0
6 0
7 0
8 0
9 0
10 0
11 0
12 0
13 0
14 0
15 0
16 0
17 0
18 0
19 0
20 0
21 0
22 0
23 0
24 0
25 0
26 0
27 0
28 0
29 0
30 0
31 0
32 0
33 0
34 0
35 0
36 0
37 0
38 0
39 0
40 0
41 0
42 0
43 0
44 0
45 0
46 0
47 0
48 0
49 0
50 0
51 0
52 0
53 0
54 0
55 0
56 0
57 0
58 0
59 0
60 0
61 0
62 0
63 0
64 0
65 0
66 0
67 0
68 0
69 0
70 0
71 0
72 0
73 0
74 0
75 0
76 0
77 0
78 0
79 0
80 0
81 0
82 0
83 0
84 0
85 0
86 0
87 0
88 0
89 0
90 0
91 0
92 0
93 0
94 0
95 0
96 0
97 0
98 0
99 0
100 0
101 0
102 0
103 0
104 0
105 0
106 0
107 0
108 0
109 0
110 0
111 0
112 0
113 0
114 0
115 0
116 0
117 0
118 0
119 0
120 0
121 0
122 0
123 0
124 0
125 0
126 0
127 0
128 0
129 0
130 0
131 0
132 0
133 0
134 0
135 0
136 0
137 0
138 0
139 0
140 0
141 0
142 0
143 0
144 0
145 0
146 0
147 0
148 0
149 0
150 2
151 1
152 1
153 1
154 4
155 5
156 3
157 3
158 4
159 1
160 2
161 5
162 6
163 6
164 1
165 5
166 8
167 10
168 6
169 6
170 13
171 7
172 7
173 10
174 18
175 22
176 41
177 64
178 99
179 134
180 167
181 206
182 221
183 253
184 324
185 415
186 704
187 1079
188 1696
189 2247
190 2790
191 3181
192 3363
193 3315
194 3201
195 2926
196 2707
197 2375
198 2209
199 2088
200 1765
201 1659
202 1408
203 1300
204 1104
205 1066
206 997
207 883
208 815
209 768
210 754
211 755
212 680
213 635
214 680
215 679
216 674
217 657
218 689
219 635
220 660
221 659
222 690
223 707
224 671
225 692
226 668
227 678
228 676
229 733
230 743
231 733
232 780
233 711
234 705
235 715
236 738
237 739
238 756
239 744
240 780
241 755
242 751
243 778
244 782
245 768
246 788
247 765
248 799
249 844
250 813
251 803
252 811
253 840
254 811
255 860
256 844
257 861
258 827
259 788
260 829
261 907
262 845
263 868
264 917
265 883
266 851
267 928
268 908
269 904
270 954
271 934
272 902
273 874
274 911
275 943
276 935
277 957
278 1006
279 949
280 952
281 952
282 974
283 974
284 1026
285 989
286 1001
287 977
288 980
289 1006
290 1027
291 978
292 996
293 1010
294 1072
295 1034
296 1065
297 1063
298 1075
299 980
300 1096
301 1088
302 1104
303 1126
304 1065
305 1192
306 1165
307 1127
308 1131
309 1155
310 1175
311 1172
312 1188
313 1147
314 1155
315 1172
316 1186
317 1262
318 1232
319 1253
320 1215
321 1178
322 1224
323 1222
324 1262
325 1287
326 1274
327 1250
328 1321
329 1327
330 1397
331 1292
332 1321
333 1382
334 1313
335 1339
336 1446
337 1330
338 1362
339 1360
340 1384
341 1444
342 1396
343 1445
344 1449
345 1490
346 1457
347 1501
348 1447
349 1526
350 1522
351 1514
352 1516
353 1563
354 1527
355 1573
356 1561
357 1590
358 1561
359 1613
360 1602
361 1611
362 1639
363 1565
364 1694
365 1686
366 1664
367 1684
368 1662
369 1725
370 1710
371 1704
372 1689
373 1664
374 1755
375 1722
376 1769
377 1676
378 1826
379 1760
380 1747
381 1735
382 1740
383 1895
384 1844
385 1859
386 1858
387 1795
388 1803
389 1896
390 1851
391 1824
392 1845
393 1809
394 1896
395 1928
396 1886
397 1902
398 1968
399 1884
400 1939
401 2025
402 1971
403 1944
404 1997
405 1947
406 1996
407 1918
408 2005
409 1982
410 1990
411 2033
412 2097
413 2055
414 2040
415 1991
416 2003
417 2020
418 2034
419 2094
420 2060
421 2042
422 2035
423 2144
424 2094
425 2052
426 2154
427 1994
428 2071
429 2101
430 2044
431 2086
432 2076
433 2096
434 2050
435 2211
436 2126
437 2129
438 2136
439 2085
440 2153
441 2162
442 2104
443 2123
444 2076
445 2114
446 2114
447 2135
448 2063
449 2118
450 2147
451 2149
452 2176
453 2136
454 2084
455 2157
456 2081
457 2078
458 2048
459 2130
460 2102
461 2142
462 2112
463 2090
464 2135
465 2124
466 2144
467 2176
468 2170
469 2153
470 2113
471 2041
472 2071
473 2101
474 2073
475 2014
476 2120
477 2147
478 2118
479 2021
480 2042
481 2147
482 1929
483 2037
484 2070
485 2070
486 2020
487 2010
488 2024
489 2066
490 2075
491 2055
492 1994
493 1956
494 1950
495 2019
496 1986
497 1982
498 2077
499 1854
500 1913
501 1948
502 1892
503 1902
504 1932
505 1958
506 1926
507 1897
508 1935
509 1885
510 1868
511 1882
512 1965
513 1839
514 1762
515 1729
516 1883
517 1847
518 1854
519 1740
520 1737
521 1789
522 1690
523 1745
524 1740
525 1781
526 1749
527 1708
528 1745
529 1718
530 1801
531 1773
532 1687
533 1767
534 1617
535 1618
536 1618
537 1688
538 1639
539 1567
540 1637
541 1682
542 1569
543 1619
544 1658
545 1553
546 1569
547 1577
548 1531
549 1523
550 1528
551 1520
552 1590
553 1499
554 1488
555 1475
556 1480
557 1503
558 1476
559 1461
560 1342
561 1429
562 1390
563 1356
564 1410
565 1357
566 1413
567 1381
568 1356
569 1320
570 1257
571 1316
572 1309
573 1323
574 1291
575 1289
576 1298
577 1275
578 1321
579 1205
580 1213
581 1257
582 1203
583 1210
584 1188
585 1149
586 1215
587 1132
588 1158
589 1131
590 1111
591 1134
592 1111
593 1128
594 1150
595 1078
596 1098
597 1075
598 1087
599 1083
600 1072
601 1018
602 1001
603 1053
604 1039
605 1026
606 973
607 982
608 1007
609 1001
610 996
611 952
612 900
613 918
614 945
615 944
616 906
617 874
618 944
619 897
620 859
621 861
622 883
623 927
624 841
625 839
626 882
627 819
628 834
629 822
630 792
631 786
632 827
633 736
634 762
635 778
636 844
637 774
638 774
639 746
640 758
641 741
642 740
643 785
644 706
645 718
646 659
647 711
648 702
649 712
650 632
651 672
652 686
653 681
654 701
655 703
656 673
657 609
658 634
659 646
660 632
661 623
662 623
663 651
664 623
665 633
666 598
667 632
668 615
669 570
670 575
671 594
672 552
673 614
674 547
675 565
676 514
677 541
678 555
679 568
680 568
681 506
682 466
683 521
684 534
685 492
686 499
687 502
688 471
689 536
690 488
691 497
692 508
693 460
694 504
695 465
696 480
697 474
698 465
699 459
700 424
701 473
702 452
703 456
704 442
705 471
706 436
707 426
708 445
709 435
710 478
711 436
712 445
713 464
714 402
715 422
716 416
717 396
718 402
719 423
720 391
721 389
722 400
723 389
724 403
725 362
726 380
727 390
728 411
729 398
730 383
731 369
732 388
733 398
734 367
735 373
736 381
737 381
738 355
739 360
740 355
741 363
742 356
743 349
744 351
745 334
746 335
747 325
748 346
749 355
750 362
751 320
752 358
753 372
754 357
755 363
756 337
757 308
758 359
759 302
760 338
761 353
762 297
763 329
764 331
765 310
766 323
767 287
768 328
769 341
770 303
771 301
772 322
773 336
774 319
775 325
776 325
777 294
778 311
779 292
780 292
781 291
782 325
783 313
784 298
785 310
786 295
787 312
788 300
789 313
790 302
791 301
792 309
793 303
794 285
795 304
796 306
797 284
798 297
799 275
800 307
801 316
802 309
803 288
804 309
805 250
806 278
807 276
808 291
809 332
810 294
811 281
812 274
813 265
814 236
815 325
816 268
817 291
818 298
819 289
820 286
821 265
822 294
823 274
824 334
825 299
826 297
827 306
828 281
829 277
830 247
831 309
832 281
833 291
834 293
835 278
836 273
837 322
838 268
839 271
840 300
841 270
842 283
843 325
844 297
845 273
846 280
847 272
848 289
849 263
850 259
851 261
852 273
853 242
854 270
855 302
856 266
857 290
858 272
859 283
860 282
861 278
862 249
863 275
864 253
865 293
866 280
867 285
868 263
869 294
870 275
871 293
872 236
873 299
874 268
875 269
876 277
877 273
878 252
879 262
880 265
881 257
882 291
883 249
884 261
885 262
886 249
887 255
888 259
889 258
890 297
891 267
892 259
893 304
894 234
895 294
896 256
897 249
898 268
899 272
900 268
901 246
902 282
903 261
904 236
905 257
906 243
907 248
908 293
909 256
910 288
911 262
912 275
913 258
914 294
915 260
916 235
917 261
918 282
919 255
920 280
921 257
922 269
923 272
924 296
925 279
926 262
927 245
928 256
929 292
930 301
931 257
932 263
933 273
934 267
935 247
936 289
937 268
938 286
939 288
940 270
941 268
942 269
943 253
944 254
945 239
946 264
947 258
948 276
949 241
950 255
951 247
952 234
953 248
954 265
955 243
956 266
957 246
958 264
959 255
960 234
961 254
962 216
963 280
964 220
965 252
966 295
967 273
968 221
969 232
970 236
971 222
972 286
973 237
974 250
975 261
976 277
977 232
978 235
979 265
980 244
981 259
982 240
983 249
984 254
985 266
986 252
987 236
988 246
989 239
990 230
991 273
992 241
993 245
994 244
995 253
996 238
997 214
998 235
999 267
1000 215
1001 228
1002 228
1003 251
1004 253
1005 254
1006 245
1007 255
1008 211
1009 255
1010 244
1011 244
1012 241
1013 220
1014 217
1015 245
1016 264
1017 242
1018 241
1019 251
1020 225
1021 240
1022 237
1023 229
1024 221
1025 216
1026 206
1027 230
1028 210
1029 228
1030 236
1031 234
1032 263
1033 231
1034 235
1035 236
1036 224
1037 211
1038 250
1039 257
1040 215
1041 248
1042 248
1043 236
1044 216
1045 234
1046 239
1047 223
1048 220
1049 242
1050 255
1051 201
1052 227
1053 255
1054 229
1055 223
1056 176
1057 204
1058 205
1059 217
1060 218
1061 202
1062 202
1063 187
1064 221
1065 224
1066 209
1067 202
1068 225
1069 195
1070 219
1071 222
1072 220
1073 192
1074 221
1075 177
1076 215
1077 235
1078 211
1079 198
1080 198
1081 190
1082 209
1083 236
1084 206
1085 199
1086 216
1087 212
1088 219
1089 207
1090 222
1091 201
1092 212
1093 227
1094 207
1095 217
1096 190
1097 201
1098 208
1099 217
1100 194
1101 196
1102 212
1103 221
1104 186
1105 219
1106 165
1107 206
1108 203
1109 201
1110 204
1111 184
1112 216
1113 184
1114 193
1115 182
1116 191
1117 178
1118 175
1119 198
1120 197
1121 199
1122 169
1123 163
1124 187
1125 177
1126 191
1127 188
1128 193
1129 148
1130 177
1131 172
1132 182
1133 197
1134 197
1135 181
1136 160
1137 174
1138 186
1139 176
1140 178
1141 198
1142 159
1143 182
1144 188
1145 189
1146 164
1147 185
1148 151
1149 157
1150 186
1151 174
1152 196
1153 165
1154 174
1155 154
1156 169
1157 154
1158 176
1159 171
1160 183
1161 170
1162 164
1163 167
1164 146
1165 178
1166 174
1167 153
1168 136
1169 161
1170 174
1171 196
1172 159
1173 149
1174 155
1175 169
1176 160
1177 142
1178 161
1179 166
1180 143
1181 160
1182 150
1183 143
1184 164
1185 151
1186 159
1187 168
1188 147
1189 168
1190 134
1191 148
1192 165
1193 169
1194 129
1195 165
1196 134
1197 135
1198 159
1199 157
1200 144
1201 116
1202 145
1203 136
1204 136
1205 140
1206 143
1207 126
1208 141
1209 132
1210 120
1211 128
1212 158
1213 122
1214 138
1215 119
1216 142
1217 141
1218 136
1219 112
1220 142
1221 146
1222 117
1223 149
1224 140
1225 138
1226 131
1227 131
1228 119
1229 109
1230 137
1231 119
1232 126
1233 108
1234 125
1235 127
1236 113
1237 137
1238 119
1239 120
1240 126
1241 129
1242 107
1243 128
1244 141
1245 119
1246 103
1247 119
1248 123
1249 136
1250 150
1251 127
1252 125
1253 106
1254 141
1255 126
1256 101
1257 108
1258 139
1259 109
1260 124
1261 129
1262 114
1263 84
1264 108
1265 113
1266 109
1267 107
1268 110
1269 108
1270 117
1271 113
1272 116
1273 113
1274 112
1275 129
1276 108
1277 110
1278 102
1279 119
1280 115
1281 104
1282 104
1283 97
1284 103
1285 92
1286 88
1287 99
1288 108
1289 115
1290 112
1291 94
1292 87
1293 95
1294 98
1295 89
1296 96
1297 101
1298 92
1299 115
1300 101
1301 97
1302 87
1303 105
1304 90
1305 88
1306 84
1307 103
1308 82
1309 85
1310 97
1311 80
1312 89
1313 98
1314 77
1315 80
1316 88
1317 103
1318 100
1319 87
1320 75
1321 103
1322 72
1323 82
1324 91
1325 74
1326 82
1327 95
1328 75
1329 92
1330 90
1331 83
1332 103
1333 74
1334 75
1335 94
1336 91
1337 83
1338 69
1339 74
1340 89
1341 70
1342 87
1343 92
1344 101
1345 76
1346 77
1347 79
1348 81
1349 75
1350 78
1351 85
1352 61
1353 74
1354 75
1355 81
1356 90
1357 89
1358 81
1359 79
1360 73
1361 72
1362 57
1363 59
1364 76
1365 67
1366 79
1367 84
1368 83
1369 67
1370 63
1371 63
1372 69
1373 65
1374 59
1375 74
1376 78
1377 73
1378 72
1379 62
1380 77
1381 63
1382 68
1383 74
1384 69
1385 59
1386 80
1387 80
1388 57
1389 61
1390 68
1391 65
1392 57
1393 55
1394 58
1395 43
1396 54
1397 60
1398 74
1399 60
1400 61
1401 60
1402 77
1403 56
1404 71
1405 63
1406 60
1407 65
1408 74
1409 52
1410 54
1411 64
1412 58
1413 59
1414 73
1415 53
1416 58
1417 61
1418 60
1419 59
1420 54
1421 59
1422 63
1423 58
1424 48
1425 64
1426 61
1427 42
1428 60
1429 53
1430 45
1431 59
1432 52
1433 50
1434 41
1435 60
1436 62
1437 50
1438 55
1439 43
1440 45
1441 39
1442 57
1443 60
1444 52
1445 48
1446 50
1447 47
1448 58
1449 54
1450 37
1451 57
1452 52
1453 49
1454 44
1455 44
1456 33
1457 44
1458 34
1459 44
1460 46
1461 45
1462 48
1463 44
1464 50
1465 42
1466 46
1467 42
1468 38
1469 38
1470 44
1471 41
1472 41
1473 39
1474 44
1475 52
1476 40
1477 53
1478 41
1479 38
1480 37
1481 51
1482 41
1483 32
1484 35
1485 35
1486 44
1487 39
1488 28
1489 44
1490 39
1491 39
1492 49
1493 25
1494 50
1495 46
1496 49
1497 42
1498 43
1499 33
1500 37
1501 34
1502 37
1503 43
1504 34
1505 33
1506 26
1507 34
1508 40
1509 27
1510 37
1511 38
1512 28
1513 30
1514 41
1515 27
1516 42
1517 37
1518 28
1519 31
1520 33
1521 29
1522 37
1523 31
1524 33
1525 28
1526 26
1527 35
1528 31
1529 28
1530 31
1531 37
1532 26
1533 37
1534 39
1535 27
1536 35
1537 36
1538 17
1539 20
1540 27
1541 28
1542 35
1543 22
1544 32
1545 27
1546 36
1547 30
1548 35
1549 33
1550 26
1551 18
1552 25
1553 21
1554 32
1555 32
1556 31
1557 24
1558 31
1559 26
1560 17
1561 34
1562 22
1563 21
1564 18
1565 22
1566 21
1567 24
1568 20
1569 23
1570 26
1571 17
1572 26
1573 22
1574 27
1575 18
1576 24
1577 22
1578 27
1579 25
1580 17
1581 23
1582 30
1583 23
1584 30
1585 17
1586 19
1587 22
1588 22
1589 15
1590 25
1591 18
1592 21
1593 24
1594 23
1595 19
1596 27
1597 27
1598 19
1599 15
1600 18
1601 21
1602 22
1603 25
1604 25
1605 29
1606 19
1607 16
1608 24
1609 17
1610 17
1611 20
1612 26
1613 20
1614 20
1615 22
1616 22
1617 17
1618 16
1619 20
1620 19
1621 14
1622 18
1623 17
1624 19
1625 23
1626 23
1627 19
1628 18
1629 16
1630 24
1631 10
1632 15
1633 15
1634 18
1635 21
1636 18
1637 20
1638 20
1639 15
1640 19
1641 18
1642 15
1643 18
1644 22
1645 19
1646 18
1647 18
1648 21
1649 14
1650 14
1651 17
1652 14
1653 19
1654 18
1655 14
1656 4
1657 16
1658 9
1659 14
1660 16
1661 13
1662 17
1663 19
1664 10
1665 15
1666 12
1667 12
1668 13
1669 20
1670 13
1671 9
1672 16
1673 11
1674 12
1675 16
1676 12
1677 12
1678 12
1679 10
1680 11
1681 12
1682 18
1683 9
1684 9
1685 12
1686 15
1687 17
1688 15
1689 13
1690 14
1691 11
1692 10
1693 9
1694 16
1695 17
1696 10
1697 10
1698 12
1699 8
1700 10
1701 12
1702 11
1703 8
1704 13
1705 9
1706 9
1707 10
1708 7
1709 12
1710 13
1711 11
1712 10
1713 13
1714 8
1715 10
1716 13
1717 11
1718 13
1719 7
1720 12
1721 7
1722 14
1723 6
1724 13
1725 10
1726 8
1727 8
1728 13
1729 14
1730 9
1731 12
1732 13
1733 13
1734 10
1735 3
1736 12
1737 7
1738 2
1739 9
1740 6
1741 6
1742 7
1743 9
1744 5
1745 7
1746 13
1747 11
1748 6
1749 9
1750 9
1751 6
1752 10
1753 6
1754 12
1755 6
1756 8
1757 9
1758 11
1759 4
1760 3
1761 7
1762 12
1763 4
1764 9
1765 5
1766 9
1767 16
1768 8
1769 6
1770 8
1771 9
1772 3
1773 8
1774 5
1775 5
1776 3
1777 5
1778 6
1779 6
1780 6
1781 5
1782 3
1783 2
1784 7
1785 1
1786 8
1787 3
1788 12
1789 5
1790 9
1791 8
1792 9
1793 6
1794 7
1795 3
1796 2
1797 6
1798 6
1799 8
1800 7
1801 5
1802 5
1803 10
1804 4
1805 4
1806 6
1807 2
1808 4
1809 7
1810 3
1811 6
1812 6
1813 5
1814 5
1815 4
1816 6
1817 9
1818 6
1819 4
1820 4
1821 6
1822 3
1823 2
1824 3
1825 5
1826 2
1827 4
1828 5
1829 4
1830 4
1831 2
1832 6
1833 2
1834 6
1835 2
1836 3
1837 5
1838 6
1839 2
1840 8
1841 3
1842 5
1843 2
1844 3
1845 6
1846 3
1847 3
1848 4
1849 6
1850 4
1851 2
1852 2
1853 5
1854 5
1855 6
1856 5
1857 2
1858 6
1859 3
1860 4
1861 3
1862 2
1863 2
1864 3
1865 4
1866 5
1867 2
1868 5
1869 5
1870 3
1871 5
1872 5
1873 3
1874 2
1875 5
1876 1
1877 3
1878 2
1879 1
1880 5
1881 5
1882 5
1883 5
1884 4
1885 1
1886 5
1887 3
1888 4
1889 3
1890 4
1891 1
1892 2
1893 2
1894 1
1895 2
1896 3
1897 5
1898 2
1899 2
1900 0
1901 4
1902 1
1903 5
1904 5
1905 2
1906 4
1907 1
1908 4
1909 1
1910 5
1911 3
1912 1
1913 5
1914 1
1915 2
1916 3
1917 0
1918 2
1919 0
1920 2
1921 2
1922 4
1923 0
1924 3
1925 3
1926 5
1927 1
1928 1
1929 0
1930 0
1931 0
1932 4
1933 0
1934 5
1935 2
1936 0
1937 3
1938 0
1939 1
1940 2
1941 3
1942 2
1943 1
1944 2
1945 1
1946 6
1947 2
1948 2
1949 3
1950 2
1951 3
1952 1
1953 2
1954 2
1955 0
1956 1
1957 2
1958 0
1959 3
1960 1
1961 4
1962 0
1963 2
1964 1
1965 2
1966 1
1967 2
1968 1
1969 1
1970 2
1971 1
1972 1
1973 4
1974 1
1975 4
1976 3
1977 2
1978 1
1979 2
1980 1
1981 1
1982 1
1983 0
1984 0
1985 2
1986 0
1987 1
1988 4
1989 1
1990 1
1991 2
1992 3
1993 0
1994 1
1995 5
1996 3
1997 0
1998 1
1999 0
2000 0
2001 0
2002 0
2003 0
2004 1
2005 2
2006 1
2007 0
2008 1
2009 1
2010 2
2011 1
2012 0
2013 2
2014 4
2015 0
2016 1
2017 1
2018 2
2019 1
2020 0
2021 2
2022 2
2023 1
2024 0
2025 2
2026 1
2027 1
2028 1
2029 0
2030 1
2031 3
2032 1
2033 4
2034 3
2035 2
2036 2
2037 1
2038 0
2039 0
2040 3
2041 3
2042 1
2043 2
2044 3
2045 1
2046 2
2047 0
2048 1
2049 1
2050 0
2051 0
2052 0
2053 1
2054 0
2055 2
2056 1
2057 1
2058 1
2059 0
2060 1
2061 1
2062 2
2063 1
2064 1
2065 0
2066 1
2067 0
2068 2
2069 1
2070 0
2071 0
2072 0
2073 1
2074 0
2075 0
2076 1
2077 0
2078 2
2079 2
2080 0
2081 0
2082 0
2083 0
2084 0
2085 1
2086 1
2087 2
2088 0
2089 2
2090 1
2091 0
2092 3
2093 1
2094 1
2095 0
2096 0
2097 1
2098 2
2099 1
2100 0
2101 0
2102 0
2103 0
2104 0
2105 0
2106 0
2107 0
2108 0
2109 1
2110 1
2111 0
2112 1
2113 0
2114 2
2115 0
2116 0
2117 2
2118 0
2119 0
2120 0
2121 0
2122 0
2123 3
2124 0
2125 0
2126 0
2127 0
2128 2
2129 3
2130 0
2131 0
2132 1
2133 1
2134 1
2135 1
2136 0
2137 0
2138 1
2139 1
2140 4
2141 1
2142 0
2143 1
2144 0
2145 0
2146 0
2147 2
2148 0
2149 0
2150 0
2151 0
2152 0
2153 0
2154 1
2155 2
2156 0
2157 1
2158 0
2159 0
2160 0
2161 0
2162 0
2163 0
2164 0
2165 0
2166 0
2167 3
2168 0
2169 1
2170 0
2171 0
2172 0
2173 1
2174 0
2175 1
2176 1
2177 0
2178 1
2179 0
2180 1
2181 0
2182 1
2183 0
2184 0
2185 1
2186 0
2187 0
2188 0
2189 0
2190 1
2191 0
2192 0
2193 2
2194 2
2195 0
2196 0
2197 0
2198 2
2199 0
2200 0
2201 0
2202 0
2203 1
2204 0
2205 1
2206 0
2207 0
2208 0
2209 0
2210 1
2211 1
2212 0
2213 0
2214 1
2215 2
2216 0
2217 0
2218 0
2219 0
2220 0
2221 1
2222 0
2223 0
2224 0
2225 0
2226 0
2227 0
2228 0
2229 0
2230 0
2231 0
2232 2
2233 0
2234 1
2235 1
2236 1
2237 0
2238 0
2239 0
2240 0
2241 0
2242 0
2243 0
2244 1
2245 0
2246 0
2247 0
2248 0
2249 0
2250 0
2251 0
2252 0
2253 0
2254 2
2255 1
2256 0
2257 0
2258 1
2259 0
2260 0
2261 0
2262 0
2263 1
2264 1
2265 0
2266 0
2267 0
2268 0
2269 0
2270 0
2271 0
2272 0
2273 0
2274 0
2275 0
2276 0
2277 0
2278 0
2279 3
2280 1
2281 0
2282 0
2283 0
2284 1
2285 0
2286 0
2287 0
2288 1
2289 0
2290 0
2291 1
2292 0
2293 0
2294 1
2295 0
2296 0
2297 0
2298 0
2299 0
2300 1
2301 0
2302 0
2303 0
2304 0
2305 1
2306 0
2307 0
2308 0
2309 1
2310 0
2311 0
2312 0
2313 0
2314 0
2315 0
2316 0
2317 1
2318 0
2319 0
2320 1
2321 0
2322 1
2323 1
2324 0
2325 0
2326 0
2327 0
2328 0
2329 1
2330 0
2331 0
2332 0
2333 0
2334 0
2335 0
2336 0
2337 0
2338 0
2339 0
2340 0
2341 0
2342 0
2343 0
2344 0
2345 0
2346 0
2347 0
2348 0
2349 0
2350 0
2351 0
2352 0
2353 0
2354 0
2355 0
2356 0
2357 0
2358 0
2359 1
2360 0
2361 0
2362 0
2363 0
2364 1
2365 0
2366 0
2367 0
2368 0
2369 0
2370 0
2371 0
2372 0
2373 1
2374 0
2375 0
2376 0
2377 0
2378 0
2379 0
2380 1
2381 0
2382 0
2383 0
2384 0
2385 0
2386 0
2387 0
2388 0
2389 0
2390 0
2391 0
2392 0
2393 0
2394 0
2395 0
2396 0
2397 0
2398 0
2399 0
2400 0
2401 0
2402 0
2403 0
2404 0
2405 1
2406 0
2407 0
2408 0
2409 0
2410 0
2411 0
2412 0
2413 0
2414 0
2415 0
2416 0
2417 0
2418 0
2419 0
2420 0
2421 1
2422 0
2423 0
2424 0
2425 0
2426 0
2427 1
2428 0
2429 0
2430 0
2431 0
2432 0
2433 0
2434 0
2435 0
2436 0
2437 0
2438 0
2439 0
2440 0
2441 0
2442 0
2443 0
2444 0
2445 0
2446 0
2447 1
2448 1
2449 0
2450 0
2451 0
2452 0
2453 0
2454 0
2455 0
2456 0
2457 0
2458 1
2459 0
2460 1
2461 0
2462 0
2463 0
2464 0
2465 0
2466 0
2467 0
2468 0
2469 0
2470 0
2471 0
2472 0
2473 0
2474 0
2475 1
2476 0
2477 0
2478 0
2479 0
2480 0
2481 0
2482 0
2483 0
2484 0
2485 0
2486 0
2487 0
2488 0
2489 0
2490 0
2491 0
2492 0
2493 0
2494 0
2495 0
2496 0
2497 0
2498 0
2499 0
2500 0
2501 0
2502 1
2503 0
2504 1
2505 0
2506 0
2507 0
2508 0
2509 0
2510 0
2511 2
2512 0
2513 0
2514 0
2515 0
2516 0
2517 1
2518 0
2519 0
2520 0
2521 0
2522 0
2523 0
2524 0
2525 0
2526 0
2527 0
2528 1
2529 0
2530 0
2531 0
2532 0
2533 0
2534 0
2535 0
2536 0
2537 0
2538 0
2539 0
2540 0
2541 0
2542 0
2543 0
2544 0
2545 0
2546 0
2547 0
2548 0
2549 1
2550 0
2551 0
2552 0
2553 1
2554 0
2555 0
2556 0
2557 0
2558 0
2559 0
2560 0
2561 0
2562 1
2563 0
2564 0
2565 0
2566 0
2567 0
2568 0
2569 0
2570 0
2571 0
2572 0
2573 0
2574 0
2575 0
2576 0
2577 0
2578 0
2579 0
2580 0
2581 0
2582 0
2583 0
2584 0
2585 0
2586 0
2587 0
2588 0
2589 0
2590 1
2591 0
2592 0
2593 0
2594 1
2595 0
2596 0
2597 0
2598 0
2599 0
2600 0
2601 0
2602 0
2603 0
2604 0
2605 0
2606 0
2607 0
2608 0
2609 0
2610 0
2611 1
2612 0
2613 0
2614 0
2615 0
2616 0
2617 0
2618 0
2619 0
2620 0
2621 0
2622 0
2623 0
2624 0
2625 0
2626 0
2627 0
2628 0
2629 0
2630 0
2631 0
2632 0
2633 0
2634 0
2635 0
2636 0
2637 0
2638 0
2639 0
2640 0
2641 0
2642 0
2643 0
2644 0
2645 0
2646 1
2647 0
2648 0
2649 0
2650 1
2651 0
2652 0
2653 0
2654 0
2655 0
2656 0
2657 0
2658 0
2659 0
2660 0
2661 0
2662 0
2663 0
2664 0
2665 0
2666 0
2667 0
2668 0
2669 0
2670 0
2671 0
2672 0
2673 0
2674 0
2675 0
2676 0
2677 0
2678 0
2679 0
2680 0
2681 0
2682 0
2683 0
2684 0
2685 0
2686 0
2687 0
2688 0
2689 0
2690 0
2691 0
2692 0
2693 0
2694 1
2695 1
2696 0
2697 0
2698 0
2699 0
2700 0
2701 0
2702 0
2703 0
2704 0
2705 0
2706 0
2707 0
2708 0
2709 0
2710 0
2711 0
2712 0
2713 0
2714 0
2715 0
2716 0
2717 0
2718 0
2719 0
2720 0
2721 0
2722 0
2723 0
2724 0
2725 0
2726 0
2727 0
2728 0
2729 0
2730 0
2731 0
2732 0
2733 0
2734 0
2735 0
2736 0
2737 0
2738 0
2739 0
2740 0
2741 0
2742 0
2743 0
2744 0
2745 0
2746 0
2747 0
2748 0
2749 0
2750 0
2751 0
2752 0
2753 0
2754 0
2755 0
2756 0
2757 0
2758 0
2759 0
2760 0
2761 0
2762 0
2763 0
2764 0
2765 0
2766 0
2767 0
2768 0
2769 1
2770 0
2771 0
2772 0
2773 0
2774 0
2775 0
2776 0
2777 0
2778 0
2779 0
2780 0
2781 0
2782 0
2783 0
2784 0
2785 0
2786 0
2787 0
2788 0
2789 0
2790 0
2791 0
2792 0
2793 0
2794 0
2795 0
2796 0
2797 0
2798 0
2799 0
2800 0
2801 0
2802 0
2803 0
2804 1
2805 0
2806 0
2807 0
2808 0
2809 0
2810 0
2811 0
2812 0
2813 0
2814 0
2815 1
2816 0
2817 0
2818 0
2819 0
2820 0
2821 0
2822 1
2823 0
2824 0
2825 0
2826 0
2827 0
2828 0
2829 0
2830 0
2831 0
2832 0
2833 0
2834 0
2835 0
2836 0
2837 0
2838 0
2839 0
2840 0
2841 0
2842 0
2843 1
2844 0
2845 0
2846 0
2847 0
2848 0
2849 0
2850 0
2851 0
2852 0
2853 0
2854 0
2855 0
2856 2
2857 1
2858 0
2859 0
2860 0
2861 0
2862 0
2863 0
2864 0
2865 0
2866 1
2867 1
2868 0
2869 0
2870 0
2871 0
2872 0
2873 0
2874 1
2875 0
2876 0
2877 1
2878 0
2879 0
2880 0
2881 0
2882 0
2883 0
2884 0
2885 0
2886 0
2887 0
2888 1
2889 0
2890 0
2891 0
2892 0
2893 0
2894 0
2895 0
2896 0
2897 0
2898 0
2899 0
2900 0
2901 0
2902 0
2903 0
2904 0
2905 0
2906 0
2907 0
2908 0
2909 0
2910 0
2911 0
2912 0
2913 0
2914 0
2915 0
2916 0
2917 0
2918 0
2919 1
2920 0
2921 0
2922 0
2923 0
2924 0
2925 0
2926 0
2927 0
2928 0
2929 0
2930 0
2931 0
2932 0
2933 0
2934 0
2935 0
2936 0
2937 0
2938 0
2939 0
2940 0
2941 0
2942 0
2943 0
2944 0
2945 0
2946 0
2947 0
2948 0
2949 0
2950 0
2951 0
2952 0
2953 0
2954 0
2955 0
2956 0
2957 0
2958 0
2959 0
2960 0
2961 0
2962 0
2963 0
2964 0
2965 0
2966 0
2967 0
2968 0
2969 0
2970 0
2971 0
2972 0
2973 0
2974 0
2975 0
2976 0
2977 0
2978 0
2979 0
2980 0
2981 0
2982 0
2983 0
2984 0
2985 0
2986 0
2987 0
2988 0
2989 0
2990 0
2991 0
2992 0
2993 0
2994 0
2995 0
2996 0
2997 0
2998 0
2999 0
3000 0
3001 0
3002 0
3003 0
3004 0
3005 0
3006 0
3007 0
3008 0
3009 0
3010 0
3011 0
3012 0
3013 0
3014 1
3015 0
3016 0
3017 0
3018 0
3019 0
3020 0
3021 0
3022 0
3023 0
3024 0
3025 0
3026 0
3027 0
3028 0
3029 0
3030 0
3031 0
3032 0
3033 0
3034 0
3035 0
3036 0
3037 0
3038 0
3039 0
3040 0
3041 0
3042 0
3043 0
3044 0
3045 0
3046 0
3047 0
3048 0
3049 0
3050 0
3051 0
3052 0
3053 0
3054 0
3055 0
3056 0
3057 0
3058 0
3059 0
3060 0
3061 0
3062 0
3063 0
3064 0
3065 0
3066 0
3067 0
3068 0
3069 0
3070 0
3071 0
3072 0
3073 1
3074 0
3075 0
3076 0
3077 0
3078 0
3079 0
3080 0
3081 0
3082 0
3083 0
3084 0
3085 0
3086 0
3087 0
3088 0
3089 0
3090 0
3091 0
3092 0
3093 0
3094 0
3095 0
3096 0
3097 1
3098 0
3099 0
3100 0
3101 0
3102 0
3103 0
3104 0
3105 0
3106 0
3107 0
3108 0
3109 0
3110 0
3111 0
3112 0
3113 0
3114 0
3115 0
3116 0
3117 0
3118 0
3119 0
3120 0
3121 0
3122 1
3123 0
3124 0
3125 0
3126 0
3127 0
3128 0
3129 0
3130 0
3131 0
3132 0
3133 0
3134 0
3135 0
3136 0
3137 0
3138 0
3139 0
3140 0
3141 0
3142 0
3143 0
3144 0
3145 0
3146 0
3147 0
3148 0
3149 0
3150 0
3151 0
3152 0
3153 0
3154 0
3155 0
3156 0
3157 0
3158 0
3159 0
3160 0
3161 0
3162 0
3163 0
3164 0
3165 0
3166 0
3167 0
3168 0
3169 0
3170 0
3171 0
3172 0
3173 0
3174 0
3175 0
3176 0
3177 0
3178 0
3179 0
3180 0
3181 0
3182 0
3183 0
3184 0
3185 0
3186 0
3187 0
3188 0
3189 0
3190 0
3191 0
3192 0
3193 0
3194 0
3195 0
3196 0
3197 0
3198 0
3199 0
3200 0
3201 0
3202 0
3203 0
3204 0
3205 0
3206 0
3207 0
3208 0
3209 0
3210 0
3211 0
3212 0
3213 0
3214 0
3215 0
3216 0
3217 0
3218 0
3219 0
3220 0
3221 0
3222 0
3223 0
3224 0
3225 0
3226 0
3227 0
3228 0
3229 0
3230 0
3231 0
3232 0
3233 0
3234 0
3235 0
3236 0
3237 0
3238 0
3239 0
3240 0
3241 0
3242 0
3243 0
3244 0
3245 0
3246 0
3247 0
3248 0
3249 0
3250 0
3251 0
3252 0
3253 0
3254 0
3255 0
3256 0
3257 0
3258 0
3259 0
3260 0
3261 0
3262 0
3263 0
3264 0
3265 0
3266 0
3267 0
3268 0
3269 0
3270 0
3271 0
3272 0
3273 0
3274 0
3275 0
3276 0
3277 1
3278 0
3279 0
3280 0
3281 0
3282 0
3283 0
3284 0
3285 0
3286 0
3287 0
3288 0
3289 0
3290 0
3291 0
3292 0
3293 0
3294 0
3295 0
3296 0
3297 0
3298 0
3299 0
3300 0
3301 0
3302 0
3303 0
3304 0
3305 0
3306 0
3307 0
3308 0
3309 0
3310 0
3311 0
3312 0
3313 1
3314 0
3315 0
3316 0
3317 0
3318 0
3319 0
3320 0
3321 0
3322 0
3323 0
3324 0
3325 0
3326 0
3327 0
3328 0
3329 0
3330 0
3331 0
3332 0
3333 0
3334 0
3335 0
3336 0
3337 0
3338 0
3339 0
3340 0
3341 0
3342 0
3343 0
3344 0
3345 0
3346 0
3347 0
3348 0
3349 0
3350 0
3351 0
3352 0
3353 0
3354 0
3355 0
3356 0
3357 0
3358 0
3359 0
3360 0
3361 0
3362 0
3363 0
3364 0
3365 0
3366 0
3367 1
3368 0
3369 0
3370 0
3371 0
3372 0
3373 0
3374 0
3375 0
3376 0
3377 0
3378 0
3379 0
3380 0
3381 0
3382 0
3383 0
3384 0
3385 0
3386 0
3387 0
3388 0
3389 0
3390 0
3391 0
3392 0
3393 0
3394 0
3395 0
3396 0
3397 0
3398 0
3399 0
3400 0
3401 0
3402 0
3403 0
3404 0
3405 0
3406 0
3407 0
3408 0
3409 0
3410 0
3411 0
3412 0
3413 0
3414 0
3415 0
3416 0
3417 0
3418 0
3419 0
3420 0
3421 0
3422 0
3423 0
3424 0
3425 0
3426 0
3427 0
3428 0
3429 0
3430 0
3431 0
3432 1
3433 0
3434 0
3435 0
3436 0
3437 0
3438 0
3439 0
3440 0
3441 0
3442 0
3443 0
3444 0
3445 0
3446 0
3447 0
3448 0
3449 0
3450 0
3451 0
3452 0
3453 0
3454 1
3455 0
3456 0
3457 0
3458 0
3459 0
3460 0
3461 0
3462 0
3463 0
3464 0
3465 0
3466 0
3467 0
3468 0
3469 0
3470 0
3471 0
3472 0
3473 0
3474 0
3475 0
3476 0
3477 0
3478 0
3479 0
3480 0
3481 0
3482 0
3483 0
3484 0
3485 0
3486 0
3487 0
3488 0
3489 0
3490 0
3491 0
3492 0
3493 0
3494 0
3495 0
3496 0
3497 0
3498 0
3499 0
3500 0
3501 0
3502 0
3503 0
3504 0
3505 0
3506 0
3507 0
3508 0
3509 0
3510 0
3511 0
3512 0
3513 0
3514 0
3515 0
3516 0
3517 0
3518 0
3519 0
3520 0
3521 0
3522 0
3523 0
3524 0
3525 0
3526 0
3527 0
3528 0
3529 0
3530 0
3531 0
3532 0
3533 0
3534 0
3535 0
3536 0
3537 0
3538 0
3539 0
3540 0
3541 0
3542 0
3543 0
3544 0
3545 0
3546 0
3547 0
3548 0
3549 0
3550 0
3551 0
3552 0
3553 0
3554 0
3555 0
3556 0
3557 0
3558 0
3559 0
3560 0
3561 0
3562 0
3563 0
3564 0
3565 0
3566 0
3567 0
3568 0
3569 0
3570 0
3571 0
3572 0
3573 0
3574 0
3575 0
3576 0
3577 0
3578 0
3579 0
3580 0
3581 0
3582 1
3583 0
3584 0
3585 0
3586 0
3587 0
3588 0
3589 0
3590 0
3591 0
3592 0
3593 0
3594 0
3595 0
3596 0
3597 0
3598 0
3599 0
3600 0
3601 0
3602 0
3603 1
3604 0
3605 0
3606 0
3607 0
3608 0
3609 0
3610 0
3611 0
3612 0
3613 0
3614 0
3615 0
3616 0
3617 0
3618 0
3619 0
3620 0
3621 0
3622 0
3623 0
3624 0
3625 0
3626 0
3627 0
3628 0
3629 0
3630 0
3631 0
3632 0
3633 0
3634 0
3635 0
3636 0
3637 0
3638 0
3639 0
3640 0
3641 0
3642 0
3643 0
3644 0
3645 0
3646 0
3647 0
3648 0
3649 0
3650 0
3651 0
3652 0
3653 0
3654 0
3655 0
3656 0
3657 0
3658 0
3659 0
3660 0
3661 0
3662 0
3663 0
3664 0
3665 0
3666 0
3667 0
3668 0
3669 0
3670 0
3671 0
3672 0
3673 0
3674 0
3675 0
3676 0
3677 0
3678 0
3679 0
3680 0
3681 0
3682 0
3683 0
3684 0
3685 0
3686 0
3687 0
3688 0
3689 0
3690 0
3691 0
3692 0
3693 0
3694 0
3695 0
3696 0
3697 0
3698 0
3699 0
3700 0
3701 0
3702 0
3703 0
3704 0
3705 0
3706 0
3707 0
3708 0
3709 0
3710 0
3711 0
3712 0
3713 0
3714 0
3715 0
3716 0
3717 0
3718 0
3719 0
3720 0
3721 0
3722 0
3723 0
3724 0
3725 0
3726 0
3727 0
3728 0
3729 0
3730 0
3731 0
3732 0
3733 0
3734 0
3735 0
3736 0
3737 0
3738 0
3739 0
3740 0
3741 0
3742 0
3743 0
3744 0
3745 0
3746 0
3747 0
3748 0
3749 0
3750 0
3751 0
3752 0
3753 1
3754 0
3755 0
3756 0
3757 0
3758 0
3759 0
3760 0
3761 0
3762 0
3763 0
3764 0
3765 0
3766 0
3767 0
3768 0
3769 0
3770 0
3771 0
3772 0
3773 0
3774 0
3775 0
3776 0
3777 0
3778 0
3779 0
3780 0
3781 0
3782 0
3783 0
3784 0
3785 0
3786 0
3787 0
3788 0
3789 0
3790 0
3791 0
3792 0
3793 0
3794 0
3795 0
3796 0
3797 0
3798 0
3799 0
3800 0
3801 0
3802 0
3803 1
3804 0
3805 0
3806 0
3807 0
3808 0
3809 0
3810 0
3811 0
3812 0
3813 0
3814 0
3815 0
3816 0
3817 0
3818 0
3819 0
3820 0
3821 0
3822 0
3823 0
3824 0
3825 0
3826 0
3827 0
3828 0
3829 0
3830 0
3831 0
3832 0
3833 0
3834 0
3835 0
3836 0
3837 0
3838 0
3839 1
3840 0
3841 0
3842 0
3843 0
3844 0
3845 0
3846 0
3847 0
3848 0
3849 0
3850 0
3851 0
3852 0
3853 0
3854 0
3855 0
3856 0
3857 0
3858 0
3859 0
3860 0
3861 0
3862 0
3863 0
3864 1
3865 0
3866 0
3867 0
3868 0
3869 0
3870 0
3871 0
3872 0
3873 0
3874 0
3875 0
3876 0
3877 0
3878 0
3879 0
3880 0
3881 0
3882 0
3883 0
3884 0
3885 0
3886 0
3887 0
3888 0
3889 0
3890 0
3891 0
3892 0
3893 0
3894 0
3895 0
3896 0
3897 0
3898 0
3899 0
3900 0
3901 0
3902 0
3903 1
3904 0
3905 0
3906 0
3907 0
3908 0
3909 0
3910 0
3911 0
3912 0
3913 0
3914 0
3915 0
3916 0
3917 0
3918 0
3919 0
3920 0
3921 0
3922 0
3923 0
3924 0
3925 0
3926 0
3927 0
3928 0
3929 0
3930 0
3931 0
3932 0
3933 0
3934 0
3935 0
3936 0
3937 0
3938 0
3939 0
3940 0
3941 0
3942 0
3943 0
3944 0
3945 0
3946 0
3947 0
3948 0
3949 0
3950 0
3951 0
3952 0
3953 0
3954 0
3955 0
3956 0
3957 0
3958 0
3959 0
3960 0
3961 0
3962 0
3963 0
3964 0
3965 0
3966 0
3967 0
3968 0
3969 0
3970 0
3971 0
3972 0
3973 0
3974 0
3975 0
3976 0
3977 0
3978 0
3979 0
3980 0
3981 0
3982 0
3983 0
3984 0
3985 0
3986 0
3987 0
3988 0
3989 0
3990 0
3991 0
3992 0
3993 0
3994 0
3995 0
3996 0
3997 0
3998 0
3999 0
4000 0
