0 0
1 0
2 0
3 0
4 0
5 0
6 0
7 0
8 0
9 0
10 0
11 0
12 0
13 0
14 0
15 0
16 0
17 0
18 0
19 0
20 0
21 0
22 0
23 0
24 0
25 0
26 0
27 0
28 0
29 0
30 0
31 0
32 0
33 0
34 0
35 0
36 0
37 0
38 0
39 0
40 0
41 0
42 0
43 0
44 0
45 0
46 0
47 0
48 0
49 0
50 0
51 0
52 0
53 0
54 0
55 0
56 0
57 0
58 0
59 0
60 0
61 0
62 0
63 0
64 0
65 0
66 0
67 0
68 0
69 0
70 0
71 0
72 0
73 0
74 0
75 0
76 0
77 0
78 0
79 0
80 0
81 0
82 0
83 0
84 0
85 0
86 0
87 0
88 0
89 0
90 0
91 0
92 0
93 0
94 0
95 0
96 0
97 0
98 0
99 0
100 0
101 0
102 0
103 0
104 0
105 0
106 0
107 0
108 0
109 0
110 0
111 0
112 0
113 0
114 0
115 0
116 0
117 0
118 0
119 0
120 0
121 0
122 0
123 0
124 0
125 0
126 0
127 0
128 0
129 0
130 0
131 0
132 0
133 0
134 0
135 0
136 0
137 0
138 0
139 0
140 0
141 0
142 0
143 0
144 0
145 0
146 0
147 0
148 0
149 0
150 1
151 1
152 0
153 2
154 0
155 0
156 4
157 1
158 4
159 3
160 0
161 6
162 4
163 6
164 1
165 8
166 9
167 2
168 4
169 5
170 4
171 9
172 4
173 4
174 2
175 6
176 7
177 20
178 35
179 42
180 68
181 75
182 88
183 101
184 144
185 183
186 323
187 499
188 877
189 1390
190 1887
191 2326
192 2562
193 2651
194 2705
195 2522
196 2377
197 2358
198 2081
199 1975
200 1721
201 1534
202 1374
203 1257
204 1136
205 1137
206 1116
207 1070
208 1013
209 1026
210 953
211 944
212 916
213 957
214 977
215 898
216 944
217 949
218 992
219 997
220 917
221 938
222 945
223 967
224 1010
225 961
226 1024
227 1029
228 984
229 1079
230 1086
231 1033
232 1029
233 1060
234 1105
235 1076
236 1108
237 1044
238 1093
239 1082
240 1139
241 1215
242 1203
243 1124
244 1240
245 1280
246 1213
247 1265
248 1225
249 1292
250 1224
251 1179
252 1211
253 1253
254 1340
255 1279
256 1333
257 1286
258 1347
259 1290
260 1320
261 1338
262 1337
263 1384
264 1337
265 1387
266 1312
267 1434
268 1411
269 1389
270 1452
271 1388
272 1449
273 1497
274 1467
275 1473
276 1534
277 1501
278 1476
279 1490
280 1502
281 1486
282 1496
283 1529
284 1548
285 1566
286 1509
287 1545
288 1574
289 1594
290 1613
291 1533
292 1570
293 1619
294 1567
295 1628
296 1632
297 1646
298 1615
299 1620
300 1605
301 1571
302 1656
303 1634
304 1625
305 1686
306 1663
307 1694
308 1669
309 1696
310 1663
311 1728
312 1695
313 1719
314 1764
315 1787
316 1795
317 1759
318 1803
319 1749
320 1715
321 1825
322 1728
323 1752
324 1895
325 1784
326 1730
327 1792
328 1807
329 1791
330 1826
331 1806
332 1750
333 1827
334 1807
335 1836
336 1822
337 1829
338 1885
339 1897
340 1847
341 1850
342 1799
343 1881
344 1770
345 1856
346 1820
347 1864
348 1863
349 1882
350 1810
351 1791
352 1858
353 1813
354 1766
355 1916
356 1866
357 1815
358 1842
359 1859
360 1780
361 1726
362 1818
363 1828
364 1775
365 1850
366 1786
367 1814
368 1853
369 1838
370 1833
371 1776
372 1800
373 1779
374 1800
375 1745
376 1801
377 1721
378 1818
379 1851
380 1746
381 1708
382 1846
383 1765
384 1697
385 1731
386 1723
387 1642
388 1762
389 1646
390 1625
391 1696
392 1712
393 1714
394 1688
395 1663
396 1647
397 1564
398 1651
399 1661
400 1604
401 1600
402 1585
403 1547
404 1601
405 1593
406 1530
407 1576
408 1586
409 1564
410 1502
411 1541
412 1581
413 1474
414 1536
415 1493
416 1487
417 1469
418 1552
419 1390
420 1421
421 1443
422 1421
423 1428
424 1445
425 1418
426 1488
427 1410
428 1359
429 1349
430 1367
431 1388
432 1305
433 1353
434 1363
435 1342
436 1261
437 1284
438 1295
439 1334
440 1254
441 1293
442 1246
443 1242
444 1250
445 1261
446 1188
447 1180
448 1209
449 1180
450 1131
451 1202
452 1191
453 1111
454 1162
455 1107
456 1135
457 1110
458 1069
459 1074
460 1080
461 1068
462 1039
463 1136
464 1054
465 1021
466 1091
467 1044
468 1018
469 1055
470 923
471 1033
472 900
473 992
474 922
475 992
476 926
477 933
478 882
479 925
480 931
481 909
482 890
483 876
484 872
485 856
486 844
487 826
488 837
489 803
490 847
491 806
492 843
493 819
494 855
495 741
496 798
497 791
498 787
499 754
500 731
501 733
502 714
503 750
504 751
505 756
506 683
507 723
508 716
509 677
510 673
511 663
512 630
513 697
514 660
515 617
516 653
517 656
518 575
519 601
520 667
521 621
522 647
523 595
524 588
525 640
526 580
527 631
528 565
529 569
530 604
531 551
532 556
533 549
534 522
535 569
536 536
537 519
538 550
539 524
540 547
541 513
542 506
543 485
544 480
545 494
546 510
547 489
548 496
549 476
550 512
551 502
552 477
553 474
554 477
555 455
556 432
557 454
558 421
559 463
560 459
561 439
562 427
563 424
564 441
565 419
566 464
567 414
568 420
569 412
570 362
571 418
572 376
573 387
574 389
575 381
576 400
577 389
578 391
579 395
580 395
581 396
582 403
583 365
584 399
585 354
586 325
587 357
588 355
589 366
590 331
591 337
592 335
593 355
594 335
595 337
596 327
597 315
598 314
599 359
600 355
601 338
602 331
603 345
604 351
605 334
606 328
607 293
608 299
609 308
610 317
611 295
612 293
613 320
614 339
615 314
616 323
617 300
618 348
619 311
620 327
621 245
622 286
623 293
624 286
625 285
626 318
627 289
628 288
629 314
630 283
631 278
632 282
633 274
634 274
635 271
636 257
637 287
638 242
639 265
640 286
641 280
642 282
643 259
644 258
645 289
646 279
647 283
648 282
649 253
650 270
651 286
652 279
653 278
654 273
655 261
656 242
657 262
658 265
659 261
660 276
661 259
662 244
663 258
664 255
665 271
666 254
667 245
668 269
669 228
670 251
671 255
672 236
673 227
674 261
675 240
676 249
677 250
678 257
679 228
680 243
681 238
682 231
683 219
684 247
685 237
686 236
687 265
688 221
689 254
690 247
691 237
692 273
693 248
694 241
695 245
696 225
697 248
698 217
699 239
700 199
701 242
702 201
703 242
704 241
705 224
706 223
707 230
708 213
709 229
710 236
711 237
712 243
713 211
714 209
715 219
716 236
717 237
718 215
719 227
720 263
721 220
722 238
723 218
724 191
725 212
726 185
727 201
728 219
729 214
730 190
731 224
732 198
733 242
734 207
735 193
736 208
737 210
738 209
739 180
740 212
741 186
742 232
743 204
744 210
745 224
746 211
747 208
748 218
749 183
750 202
751 182
752 202
753 207
754 225
755 187
756 201
757 190
758 218
759 195
760 217
761 211
762 170
763 182
764 217
765 206
766 213
767 169
768 195
769 187
770 197
771 193
772 214
773 200
774 190
775 207
776 191
777 206
778 187
779 183
780 185
781 188
782 166
783 197
784 184
785 175
786 186
787 194
788 197
789 164
790 176
791 169
792 190
793 188
794 172
795 164
796 167
797 191
798 185
799 192
800 172
801 184
802 153
803 173
804 159
805 179
806 174
807 142
808 165
809 169
810 159
811 177
812 171
813 191
814 164
815 183
816 169
817 181
818 157
819 171
820 171
821 159
822 178
823 146
824 152
825 180
826 171
827 163
828 145
829 160
830 147
831 161
832 157
833 136
834 149
835 146
836 136
837 147
838 158
839 150
840 179
841 166
842 154
843 150
844 158
845 158
846 158
847 143
848 134
849 144
850 146
851 139
852 136
853 137
854 150
855 153
856 146
857 163
858 136
859 153
860 124
861 131
862 135
863 144
864 135
865 146
866 157
867 160
868 133
869 106
870 135
871 124
872 135
873 151
874 131
875 148
876 131
877 132
878 140
879 120
880 147
881 139
882 137
883 122
884 134
885 112
886 119
887 128
888 120
889 120
890 117
891 130
892 127
893 119
894 115
895 131
896 96
897 112
898 113
899 126
900 141
901 115
902 98
903 111
904 122
905 114
906 122
907 113
908 123
909 89
910 107
911 117
912 96
913 118
914 94
915 120
916 130
917 106
918 113
919 120
920 126
921 121
922 101
923 92
924 111
925 118
926 88
927 120
928 101
929 100
930 93
931 111
932 103
933 119
934 84
935 91
936 87
937 80
938 103
939 112
940 103
941 89
942 97
943 80
944 111
945 92
946 110
947 89
948 109
949 93
950 92
951 86
952 95
953 97
954 102
955 97
956 91
957 90
958 75
959 83
960 90
961 82
962 100
963 88
964 83
965 81
966 93
967 96
968 86
969 76
970 80
971 76
972 93
973 90
974 76
975 83
976 79
977 77
978 88
979 87
980 85
981 75
982 86
983 75
984 80
985 83
986 74
987 71
988 61
989 49
990 74
991 65
992 69
993 77
994 80
995 53
996 60
997 73
998 62
999 63
1000 76
1001 69
1002 67
1003 88
1004 69
1005 70
1006 47
1007 65
1008 73
1009 61
1010 59
1011 70
1012 70
1013 67
1014 57
1015 67
1016 72
1017 66
1018 67
1019 59
1020 69
1021 62
1022 72
1023 50
1024 57
1025 66
1026 66
1027 49
1028 74
1029 64
1030 66
1031 64
1032 56
1033 34
1034 54
1035 43
1036 64
1037 54
1038 45
1039 57
1040 59
1041 63
1042 54
1043 62
1044 49
1045 55
1046 56
1047 55
1048 53
1049 45
1050 55
1051 46
1052 49
1053 54
1054 52
1055 48
1056 40
1057 44
1058 46
1059 49
1060 61
1061 37
1062 44
1063 49
1064 51
1065 50
1066 53
1067 47
1068 59
1069 45
1070 50
1071 39
1072 61
1073 52
1074 38
1075 41
1076 42
1077 41
1078 50
1079 44
1080 54
1081 47
1082 38
1083 34
1084 48
1085 31
1086 43
1087 42
1088 30
1089 38
1090 39
1091 39
1092 33
1093 43
1094 28
1095 37
1096 36
1097 35
1098 35
1099 33
1100 34
1101 29
1102 31
1103 32
1104 33
1105 31
1106 31
1107 30
1108 33
1109 34
1110 34
1111 31
1112 34
1113 37
1114 32
1115 36
1116 36
1117 28
1118 16
1119 34
1120 25
1121 32
1122 40
1123 25
1124 37
1125 39
1126 42
1127 39
1128 36
1129 24
1130 27
1131 32
1132 31
1133 32
1134 32
1135 21
1136 36
1137 29
1138 32
1139 27
1140 39
1141 27
1142 34
1143 23
1144 27
1145 23
1146 27
1147 30
1148 32
1149 29
1150 29
1151 29
1152 37
1153 37
1154 21
1155 36
1156 20
1157 24
1158 21
1159 30
1160 30
1161 22
1162 23
1163 29
1164 29
1165 29
1166 36
1167 28
1168 13
1169 31
1170 29
1171 20
1172 23
1173 25
1174 23
1175 26
1176 21
1177 29
1178 26
1179 33
1180 25
1181 24
1182 23
1183 29
1184 18
1185 21
1186 18
1187 18
1188 26
1189 21
1190 23
1191 27
1192 22
1193 27
1194 26
1195 12
1196 24
1197 29
1198 16
1199 19
1200 21
1201 26
1202 16
1203 19
1204 23
1205 21
1206 27
1207 25
1208 20
1209 17
1210 16
1211 14
1212 23
1213 23
1214 18
1215 28
1216 27
1217 19
1218 21
1219 24
1220 21
1221 19
1222 21
1223 15
1224 17
1225 18
1226 21
1227 15
1228 18
1229 18
1230 9
1231 21
1232 17
1233 23
1234 15
1235 13
1236 12
1237 14
1238 13
1239 17
1240 17
1241 15
1242 23
1243 17
1244 28
1245 17
1246 19
1247 20
1248 13
1249 14
1250 15
1251 13
1252 16
1253 19
1254 13
1255 12
1256 8
1257 11
1258 22
1259 18
1260 12
1261 14
1262 16
1263 13
1264 11
1265 17
1266 18
1267 14
1268 21
1269 10
1270 12
1271 12
1272 12
1273 11
1274 15
1275 13
1276 10
1277 13
1278 10
1279 15
1280 10
1281 18
1282 18
1283 14
1284 11
1285 16
1286 16
1287 8
1288 16
1289 13
1290 15
1291 7
1292 7
1293 10
1294 12
1295 15
1296 15
1297 18
1298 7
1299 6
1300 14
1301 7
1302 17
1303 14
1304 9
1305 13
1306 10
1307 5
1308 20
1309 14
1310 8
1311 10
1312 11
1313 9
1314 6
1315 15
1316 5
1317 8
1318 9
1319 12
1320 12
1321 9
1322 10
1323 9
1324 7
1325 4
1326 11
1327 10
1328 7
1329 14
1330 9
1331 12
1332 6
1333 12
1334 15
1335 12
1336 8
1337 11
1338 9
1339 9
1340 8
1341 4
1342 5
1343 7
1344 9
1345 7
1346 9
1347 13
1348 8
1349 14
1350 9
1351 5
1352 11
1353 9
1354 9
1355 5
1356 8
1357 9
1358 12
1359 5
1360 12
1361 9
1362 5
1363 7
1364 12
1365 4
1366 10
1367 7
1368 6
1369 8
1370 9
1371 7
1372 5
1373 4
1374 2
1375 6
1376 14
1377 8
1378 6
1379 6
1380 6
1381 4
1382 9
1383 12
1384 8
1385 10
1386 4
1387 6
1388 9
1389 10
1390 8
1391 4
1392 8
1393 9
1394 9
1395 5
1396 2
1397 12
1398 12
1399 8
1400 5
1401 9
1402 7
1403 1
1404 6
1405 7
1406 4
1407 8
1408 7
1409 7
1410 8
1411 9
1412 4
1413 7
1414 14
1415 6
1416 8
1417 3
1418 2
1419 4
1420 6
1421 8
1422 6
1423 5
1424 5
1425 4
1426 5
1427 9
1428 5
1429 3
1430 9
1431 4
1432 7
1433 6
1434 8
1435 4
1436 5
1437 6
1438 3
1439 3
1440 5
1441 6
1442 4
1443 4
1444 6
1445 8
1446 8
1447 7
1448 8
1449 5
1450 6
1451 0
1452 5
1453 7
1454 6
1455 7
1456 7
1457 4
1458 5
1459 3
1460 2
1461 3
1462 6
1463 4
1464 4
1465 6
1466 2
1467 7
1468 8
1469 4
1470 3
1471 2
1472 2
1473 7
1474 4
1475 2
1476 8
1477 4
1478 2
1479 5
1480 3
1481 4
1482 5
1483 4
1484 2
1485 3
1486 6
1487 8
1488 4
1489 6
1490 2
1491 2
1492 3
1493 4
1494 5
1495 3
1496 5
1497 7
1498 1
1499 9
1500 3
1501 3
1502 2
1503 6
1504 3
1505 6
1506 1
1507 4
1508 2
1509 5
1510 2
1511 7
1512 3
1513 3
1514 2
1515 4
1516 2
1517 3
1518 7
1519 6
1520 2
1521 2
1522 4
1523 3
1524 6
1525 3
1526 5
1527 5
1528 3
1529 1
1530 5
1531 5
1532 2
1533 2
1534 3
1535 2
1536 1
1537 4
1538 5
1539 2
1540 3
1541 1
1542 2
1543 2
1544 4
1545 2
1546 1
1547 3
1548 1
1549 4
1550 0
1551 2
1552 2
1553 1
1554 2
1555 3
1556 2
1557 1
1558 2
1559 2
1560 2
1561 2
1562 3
1563 1
1564 0
1565 3
1566 1
1567 4
1568 3
1569 1
1570 5
1571 4
1572 3
1573 3
1574 2
1575 6
1576 5
1577 3
1578 4
1579 1
1580 1
1581 3
1582 1
1583 2
1584 3
1585 3
1586 2
1587 1
1588 2
1589 2
1590 2
1591 4
1592 3
1593 2
1594 2
1595 2
1596 4
1597 3
1598 1
1599 1
1600 1
1601 5
1602 4
1603 3
1604 4
1605 2
1606 2
1607 1
1608 3
1609 3
1610 3
1611 5
1612 1
1613 1
1614 5
1615 2
1616 2
1617 2
1618 1
1619 1
1620 1
1621 4
1622 0
1623 1
1624 1
1625 0
1626 2
1627 1
1628 2
1629 2
1630 2
1631 3
1632 6
1633 2
1634 1
1635 2
1636 2
1637 2
1638 1
1639 0
1640 0
1641 1
1642 2
1643 1
1644 3
1645 1
1646 3
1647 1
1648 1
1649 0
1650 1
1651 0
1652 0
1653 1
1654 1
1655 3
1656 4
1657 1
1658 2
1659 0
1660 0
1661 2
1662 0
1663 0
1664 4
1665 0
1666 3
1667 1
1668 0
1669 1
1670 0
1671 2
1672 1
1673 2
1674 1
1675 1
1676 1
1677 2
1678 1
1679 1
1680 3
1681 1
1682 0
1683 1
1684 1
1685 2
1686 3
1687 1
1688 1
1689 2
1690 1
1691 0
1692 1
1693 0
1694 1
1695 1
1696 1
1697 1
1698 1
1699 0
1700 0
1701 0
1702 2
1703 2
1704 2
1705 1
1706 2
1707 1
1708 1
1709 0
1710 5
1711 0
1712 3
1713 4
1714 1
1715 0
1716 0
1717 0
1718 0
1719 1
1720 1
1721 1
1722 0
1723 1
1724 2
1725 1
1726 1
1727 3
1728 1
1729 2
1730 0
1731 2
1732 0
1733 2
1734 1
1735 0
1736 0
1737 2
1738 1
1739 1
1740 0
1741 3
1742 3
1743 1
1744 0
1745 1
1746 2
1747 0
1748 1
1749 0
1750 0
1751 1
1752 0
1753 1
1754 1
1755 1
1756 2
1757 1
1758 1
1759 0
1760 1
1761 0
1762 0
1763 1
1764 0
1765 1
1766 1
1767 4
1768 1
1769 0
1770 1
1771 0
1772 0
1773 0
1774 2
1775 1
1776 1
1777 2
1778 1
1779 0
1780 1
1781 2
1782 1
1783 0
1784 0
1785 0
1786 2
1787 1
1788 0
1789 1
1790 4
1791 1
1792 0
1793 0
1794 3
1795 1
1796 0
1797 1
1798 0
1799 1
1800 2
1801 1
1802 1
1803 0
1804 1
1805 0
1806 0
1807 2
1808 0
1809 0
1810 0
1811 2
1812 2
1813 0
1814 1
1815 0
1816 1
1817 2
1818 1
1819 1
1820 0
1821 0
1822 0
1823 0
1824 0
1825 1
1826 0
1827 1
1828 0
1829 0
1830 1
1831 1
1832 0
1833 0
1834 1
1835 1
1836 2
1837 1
1838 2
1839 2
1840 0
1841 2
1842 1
1843 0
1844 0
1845 1
1846 0
1847 1
1848 0
1849 0
1850 0
1851 1
1852 0
1853 0
1854 0
1855 0
1856 0
1857 0
1858 0
1859 1
1860 0
1861 0
1862 1
1863 0
1864 0
1865 0
1866 1
1867 0
1868 0
1869 0
1870 1
1871 3
1872 0
1873 2
1874 0
1875 0
1876 1
1877 0
1878 0
1879 0
1880 1
1881 0
1882 1
1883 0
1884 0
1885 2
1886 1
1887 0
1888 2
1889 1
1890 1
1891 0
1892 0
1893 0
1894 1
1895 0
1896 0
1897 0
1898 1
1899 2
1900 0
1901 2
1902 0
1903 0
1904 0
1905 0
1906 1
1907 0
1908 0
1909 0
1910 0
1911 0
1912 0
1913 0
1914 0
1915 1
1916 1
1917 0
1918 0
1919 2
1920 1
1921 0
1922 1
1923 0
1924 0
1925 0
1926 0
1927 1
1928 0
1929 0
1930 0
1931 0
1932 0
1933 1
1934 0
1935 1
1936 0
1937 0
1938 2
1939 0
1940 1
1941 1
1942 1
1943 2
1944 0
1945 0
1946 0
1947 0
1948 0
1949 1
1950 0
1951 0
1952 1
1953 1
1954 0
1955 0
1956 1
1957 1
1958 0
1959 0
1960 0
1961 1
1962 1
1963 1
1964 1
1965 1
1966 1
1967 0
1968 1
1969 0
1970 0
1971 0
1972 0
1973 0
1974 1
1975 0
1976 1
1977 0
1978 0
1979 0
1980 0
1981 1
1982 0
1983 0
1984 0
1985 0
1986 1
1987 0
1988 1
1989 0
1990 0
1991 1
1992 0
1993 1
1994 0
1995 0
1996 0
1997 0
1998 0
1999 0
2000 0
2001 1
2002 0
2003 0
2004 0
2005 0
2006 0
2007 0
2008 0
2009 0
2010 1
2011 0
2012 1
2013 0
2014 0
2015 0
2016 1
2017 0
2018 0
2019 0
2020 0
2021 0
2022 0
2023 0
2024 0
2025 0
2026 1
2027 0
2028 0
2029 0
2030 1
2031 1
2032 0
2033 0
2034 0
2035 0
2036 0
2037 0
2038 1
2039 1
2040 0
2041 0
2042 1
2043 0
2044 0
2045 1
2046 0
2047 1
2048 0
2049 0
2050 0
2051 1
2052 0
2053 0
2054 0
2055 0
2056 0
2057 0
2058 0
2059 1
2060 1
2061 0
2062 0
2063 0
2064 0
2065 2
2066 1
2067 0
2068 1
2069 1
2070 0
2071 0
2072 0
2073 0
2074 0
2075 0
2076 0
2077 0
2078 0
2079 0
2080 0
2081 0
2082 0
2083 0
2084 0
2085 0
2086 0
2087 0
2088 0
2089 0
2090 0
2091 0
2092 0
2093 1
2094 0
2095 0
2096 0
2097 0
2098 0
2099 1
2100 1
2101 0
2102 0
2103 0
2104 0
2105 1
2106 0
2107 0
2108 0
2109 0
2110 0
2111 0
2112 0
2113 0
2114 0
2115 0
2116 0
2117 1
2118 0
2119 0
2120 0
2121 0
2122 0
2123 0
2124 0
2125 0
2126 0
2127 1
2128 0
2129 0
2130 0
2131 0
2132 0
2133 0
2134 0
2135 0
2136 0
2137 0
2138 0
2139 0
2140 0
2141 0
2142 0
2143 0
2144 0
2145 0
2146 0
2147 0
2148 0
2149 0
2150 0
2151 0
2152 0
2153 0
2154 0
2155 0
2156 0
2157 0
2158 0
2159 0
2160 0
2161 0
2162 0
2163 0
2164 0
2165 0
2166 0
2167 0
2168 0
2169 0
2170 0
2171 0
2172 1
2173 1
2174 0
2175 0
2176 0
2177 0
2178 1
2179 0
2180 0
2181 0
2182 0
2183 2
2184 0
2185 0
2186 0
2187 1
2188 0
2189 0
2190 0
2191 0
2192 0
2193 0
2194 0
2195 0
2196 0
2197 0
2198 1
2199 1
2200 0
2201 0
2202 0
2203 0
2204 0
2205 1
2206 0
2207 0
2208 0
2209 0
2210 1
2211 0
2212 0
2213 0
2214 0
2215 0
2216 0
2217 0
2218 0
2219 0
2220 0
2221 0
2222 0
2223 0
2224 0
2225 0
2226 0
2227 1
2228 0
2229 0
2230 0
2231 0
2232 0
2233 0
2234 0
2235 0
2236 0
2237 0
2238 0
2239 0
2240 0
2241 0
2242 0
2243 0
2244 0
2245 0
2246 0
2247 0
2248 0
2249 0
2250 0
2251 0
2252 0
2253 0
2254 0
2255 0
2256 0
2257 0
2258 0
2259 0
2260 0
2261 0
2262 0
2263 0
2264 1
2265 0
2266 0
2267 0
2268 0
2269 0
2270 0
2271 0
2272 0
2273 0
2274 0
2275 0
2276 0
2277 0
2278 0
2279 0
2280 0
2281 0
2282 0
2283 0
2284 0
2285 0
2286 0
2287 0
2288 0
2289 0
2290 0
2291 0
2292 1
2293 0
2294 0
2295 0
2296 0
2297 0
2298 0
2299 0
2300 0
2301 0
2302 0
2303 0
2304 0
2305 0
2306 0
2307 0
2308 0
2309 0
2310 0
2311 0
2312 0
2313 0
2314 0
2315 0
2316 0
2317 0
2318 0
2319 0
2320 0
2321 0
2322 0
2323 0
2324 0
2325 0
2326 0
2327 0
2328 0
2329 0
2330 0
2331 0
2332 1
2333 0
2334 0
2335 0
2336 0
2337 0
2338 0
2339 0
2340 0
2341 0
2342 0
2343 0
2344 1
2345 0
2346 0
2347 0
2348 0
2349 0
2350 0
2351 0
2352 0
2353 1
2354 0
2355 0
2356 0
2357 0
2358 0
2359 0
2360 0
2361 0
2362 0
2363 0
2364 0
2365 0
2366 0
2367 0
2368 0
2369 0
2370 0
2371 0
2372 0
2373 0
2374 0
2375 0
2376 0
2377 0
2378 0
2379 0
2380 0
2381 0
2382 0
2383 0
2384 0
2385 0
2386 0
2387 0
2388 0
2389 0
2390 0
2391 0
2392 0
2393 0
2394 0
2395 0
2396 0
2397 0
2398 1
2399 0
2400 0
2401 0
2402 0
2403 0
2404 0
2405 0
2406 0
2407 0
2408 0
2409 0
2410 0
2411 1
2412 0
2413 0
2414 0
2415 0
2416 0
2417 0
2418 0
2419 0
2420 0
2421 0
2422 0
2423 0
2424 0
2425 0
2426 0
2427 0
2428 0
2429 0
2430 0
2431 0
2432 0
2433 0
2434 0
2435 1
2436 0
2437 0
2438 0
2439 0
2440 0
2441 0
2442 0
2443 0
2444 0
2445 1
2446 0
2447 0
2448 0
2449 1
2450 0
2451 0
2452 0
2453 0
2454 0
2455 0
2456 0
2457 0
2458 0
2459 0
2460 0
2461 0
2462 0
2463 0
2464 0
2465 0
2466 1
2467 0
2468 0
2469 0
2470 0
2471 0
2472 0
2473 0
2474 0
2475 1
2476 0
2477 0
2478 0
2479 0
2480 0
2481 0
2482 0
2483 0
2484 0
2485 0
2486 0
2487 1
2488 1
2489 0
2490 0
2491 0
2492 0
2493 0
2494 0
2495 0
2496 0
2497 0
2498 0
2499 0
2500 0
2501 0
2502 0
2503 0
2504 0
2505 1
2506 0
2507 0
2508 0
2509 0
2510 0
2511 0
2512 0
2513 0
2514 0
2515 0
2516 0
2517 0
2518 0
2519 0
2520 0
2521 0
2522 0
2523 0
2524 0
2525 0
2526 0
2527 1
2528 0
2529 0
2530 0
2531 0
2532 0
2533 1
2534 0
2535 0
2536 0
2537 0
2538 0
2539 0
2540 0
2541 0
2542 0
2543 0
2544 0
2545 0
2546 0
2547 0
2548 0
2549 0
2550 0
2551 0
2552 0
2553 0
2554 0
2555 0
2556 0
2557 0
2558 0
2559 0
2560 0
2561 0
2562 0
2563 0
2564 0
2565 0
2566 0
2567 0
2568 0
2569 0
2570 0
2571 0
2572 0
2573 0
2574 0
2575 0
2576 0
2577 0
2578 0
2579 0
2580 0
2581 0
2582 0
2583 0
2584 0
2585 0
2586 0
2587 0
2588 0
2589 0
2590 0
2591 0
2592 0
2593 0
2594 0
2595 0
2596 0
2597 0
2598 0
2599 0
2600 0
2601 0
2602 0
2603 0
2604 0
2605 0
2606 0
2607 0
2608 0
2609 0
2610 0
2611 0
2612 0
2613 0
2614 0
2615 0
2616 0
2617 0
2618 0
2619 1
2620 0
2621 0
2622 0
2623 0
2624 0
2625 0
2626 0
2627 0
2628 0
2629 0
2630 0
2631 0
2632 0
2633 0
2634 0
2635 0
2636 0
2637 0
2638 0
2639 0
2640 0
2641 0
2642 0
2643 0
2644 0
2645 0
2646 0
2647 0
2648 0
2649 0
2650 0
2651 0
2652 0
2653 1
2654 0
2655 0
2656 0
2657 0
2658 0
2659 0
2660 0
2661 0
2662 0
2663 0
2664 0
2665 0
2666 1
2667 0
2668 0
2669 0
2670 0
2671 0
2672 0
2673 0
2674 0
2675 0
2676 0
2677 0
2678 0
2679 0
2680 0
2681 0
2682 0
2683 0
2684 0
2685 0
2686 0
2687 0
2688 0
2689 0
2690 0
2691 0
2692 0
2693 0
2694 0
2695 0
2696 0
2697 0
2698 1
2699 0
2700 0
2701 1
2702 0
2703 0
2704 0
2705 0
2706 0
2707 0
2708 0
2709 0
2710 0
2711 0
2712 0
2713 0
2714 0
2715 0
2716 0
2717 0
2718 0
2719 0
2720 0
2721 0
2722 0
2723 0
2724 0
2725 0
2726 0
2727 0
2728 0
2729 0
2730 0
2731 0
2732 0
2733 0
2734 0
2735 0
2736 0
2737 0
2738 0
2739 0
2740 0
2741 0
2742 0
2743 1
2744 0
2745 0
2746 0
2747 0
2748 1
2749 0
2750 0
2751 0
2752 0
2753 0
2754 0
2755 0
2756 0
2757 0
2758 0
2759 0
2760 0
2761 0
2762 0
2763 0
2764 0
2765 0
2766 0
2767 0
2768 0
2769 0
2770 0
2771 1
2772 0
2773 0
2774 0
2775 0
2776 0
2777 0
2778 0
2779 0
2780 0
2781 0
2782 0
2783 0
2784 0
2785 0
2786 0
2787 0
2788 0
2789 0
2790 0
2791 0
2792 0
2793 0
2794 0
2795 0
2796 0
2797 0
2798 0
2799 0
2800 0
2801 0
2802 0
2803 0
2804 0
2805 0
2806 0
2807 0
2808 0
2809 0
2810 0
2811 0
2812 0
2813 0
2814 0
2815 0
2816 0
2817 0
2818 0
2819 0
2820 0
2821 0
2822 0
2823 0
2824 0
2825 0
2826 0
2827 0
2828 0
2829 0
2830 0
2831 0
2832 0
2833 0
2834 0
2835 0
2836 0
2837 0
2838 0
2839 0
2840 0
2841 0
2842 0
2843 0
2844 0
2845 0
2846 0
2847 0
2848 0
2849 0
2850 0
2851 0
2852 0
2853 0
2854 0
2855 0
2856 0
2857 0
2858 0
2859 0
2860 0
2861 0
2862 0
2863 0
2864 0
2865 0
2866 0
2867 0
2868 0
2869 0
2870 0
2871 0
2872 0
2873 0
2874 0
2875 0
2876 0
2877 0
2878 0
2879 1
2880 0
2881 0
2882 0
2883 0
2884 0
2885 0
2886 0
2887 0
2888 0
2889 0
2890 0
2891 0
2892 1
2893 0
2894 0
2895 0
2896 0
2897 0
2898 0
2899 0
2900 0
2901 0
2902 0
2903 0
2904 0
2905 0
2906 0
2907 0
2908 0
2909 0
2910 0
2911 0
2912 0
2913 0
2914 0
2915 0
2916 0
2917 0
2918 0
2919 0
2920 0
2921 0
2922 0
2923 0
2924 0
2925 0
2926 0
2927 0
2928 0
2929 0
2930 0
2931 0
2932 0
2933 0
2934 0
2935 0
2936 0
2937 0
2938 0
2939 0
2940 0
2941 0
2942 0
2943 0
2944 0
2945 0
2946 0
2947 0
2948 0
2949 0
2950 0
2951 0
2952 0
2953 0
2954 0
2955 0
2956 0
2957 0
2958 0
2959 0
2960 0
2961 0
2962 0
2963 0
2964 0
2965 0
2966 0
2967 0
2968 0
2969 0
2970 0
2971 0
2972 0
2973 0
2974 0
2975 0
2976 0
2977 0
2978 0
2979 0
2980 0
2981 0
2982 0
2983 0
2984 0
2985 0
2986 0
2987 0
2988 0
2989 0
2990 0
2991 0
2992 0
2993 0
2994 0
2995 0
2996 0
2997 0
2998 0
2999 0
3000 0
3001 0
3002 0
3003 0
3004 0
3005 0
3006 0
3007 0
3008 0
3009 0
3010 0
3011 1
3012 0
3013 0
3014 0
3015 0
3016 0
3017 0
3018 0
3019 0
3020 0
3021 0
3022 0
3023 0
3024 0
3025 0
3026 0
3027 0
3028 0
3029 0
3030 0
3031 0
3032 0
3033 0
3034 0
3035 0
3036 0
3037 0
3038 0
3039 0
3040 0
3041 0
3042 0
3043 0
3044 0
3045 0
3046 0
3047 0
3048 0
3049 0
3050 0
3051 0
3052 0
3053 0
3054 0
3055 0
3056 0
3057 0
3058 0
3059 0
3060 0
3061 0
3062 0
3063 0
3064 0
3065 0
3066 0
3067 0
3068 0
3069 0
3070 0
3071 0
3072 0
3073 0
3074 0
3075 0
3076 0
3077 0
3078 0
3079 0
3080 0
3081 0
3082 0
3083 0
3084 0
3085 0
3086 0
3087 0
3088 0
3089 0
3090 0
3091 0
3092 0
3093 0
3094 0
3095 0
3096 0
3097 0
3098 0
3099 0
3100 0
3101 0
3102 0
3103 0
3104 0
3105 0
3106 0
3107 0
3108 0
3109 0
3110 0
3111 0
3112 0
3113 0
3114 1
3115 0
3116 0
3117 0
3118 0
3119 0
3120 0
3121 0
3122 0
3123 0
3124 0
3125 0
3126 0
3127 0
3128 0
3129 0
3130 0
3131 0
3132 0
3133 0
3134 0
3135 0
3136 0
3137 0
3138 0
3139 0
3140 0
3141 0
3142 0
3143 0
3144 0
3145 0
3146 0
3147 0
3148 0
3149 0
3150 0
3151 0
3152 0
3153 0
3154 0
3155 0
3156 0
3157 0
3158 0
3159 0
3160 0
3161 0
3162 0
3163 0
3164 0
3165 0
3166 0
3167 0
3168 0
3169 0
3170 0
3171 0
3172 0
3173 0
3174 0
3175 0
3176 0
3177 0
3178 0
3179 0
3180 0
3181 0
3182 0
3183 0
3184 0
3185 0
3186 1
3187 0
3188 0
3189 0
3190 0
3191 0
3192 0
3193 0
3194 0
3195 0
3196 0
3197 0
3198 0
3199 0
3200 0
3201 0
3202 0
3203 0
3204 0
3205 0
3206 0
3207 0
3208 0
3209 0
3210 0
3211 0
3212 0
3213 0
3214 0
3215 0
3216 0
3217 0
3218 0
3219 0
3220 0
3221 0
3222 0
3223 0
3224 0
3225 0
3226 0
3227 0
3228 0
3229 0
3230 0
3231 0
3232 0
3233 0
3234 0
3235 0
3236 0
3237 0
3238 0
3239 0
3240 0
3241 0
3242 0
3243 0
3244 0
3245 0
3246 0
3247 0
3248 0
3249 0
3250 0
3251 0
3252 0
3253 0
3254 0
3255 0
3256 0
3257 0
3258 0
3259 0
3260 0
3261 0
3262 0
3263 0
3264 0
3265 0
3266 0
3267 0
3268 0
3269 1
3270 0
3271 0
3272 0
3273 0
3274 0
3275 0
3276 0
3277 0
3278 0
3279 0
3280 0
3281 0
3282 0
3283 0
3284 0
3285 0
3286 0
3287 0
3288 0
3289 0
3290 0
3291 0
3292 0
3293 0
3294 0
3295 0
3296 0
3297 0
3298 0
3299 0
3300 0
3301 0
3302 0
3303 0
3304 0
3305 0
3306 0
3307 0
3308 0
3309 0
3310 0
3311 0
3312 0
3313 0
3314 0
3315 0
3316 0
3317 0
3318 0
3319 0
3320 0
3321 0
3322 0
3323 0
3324 0
3325 0
3326 0
3327 0
3328 0
3329 0
3330 0
3331 0
3332 0
3333 0
3334 0
3335 0
3336 0
3337 0
3338 0
3339 0
3340 0
3341 0
3342 0
3343 0
3344 0
3345 0
3346 0
3347 0
3348 0
3349 0
3350 0
3351 0
3352 0
3353 0
3354 0
3355 1
3356 0
3357 0
3358 0
3359 0
3360 0
3361 0
3362 0
3363 0
3364 0
3365 0
3366 0
3367 0
3368 0
3369 0
3370 0
3371 0
3372 0
3373 0
3374 0
3375 0
3376 0
3377 0
3378 0
3379 0
3380 0
3381 0
3382 0
3383 0
3384 0
3385 0
3386 0
3387 0
3388 0
3389 0
3390 0
3391 0
3392 0
3393 0
3394 0
3395 0
3396 0
3397 0
3398 0
3399 0
3400 0
3401 0
3402 0
3403 0
3404 0
3405 0
3406 0
3407 0
3408 0
3409 0
3410 0
3411 0
3412 0
3413 0
3414 0
3415 0
3416 0
3417 0
3418 0
3419 0
3420 0
3421 0
3422 0
3423 0
3424 0
3425 0
3426 0
3427 0
3428 0
3429 0
3430 0
3431 0
3432 1
3433 1
3434 0
3435 0
3436 0
3437 0
3438 0
3439 0
3440 0
3441 0
3442 0
3443 0
3444 0
3445 0
3446 0
3447 0
3448 0
3449 0
3450 0
3451 0
3452 0
3453 0
3454 0
3455 0
3456 0
3457 0
3458 0
3459 0
3460 0
3461 0
3462 0
3463 0
3464 1
3465 0
3466 0
3467 0
3468 0
3469 0
3470 0
3471 0
3472 0
3473 0
3474 0
3475 0
3476 0
3477 0
3478 0
3479 0
3480 0
3481 0
3482 0
3483 0
3484 0
3485 0
3486 0
3487 0
3488 0
3489 0
3490 0
3491 0
3492 0
3493 0
3494 0
3495 0
3496 0
3497 0
3498 0
3499 0
3500 0
3501 0
3502 0
3503 0
3504 0
3505 0
3506 0
3507 0
3508 0
3509 0
3510 0
3511 0
3512 0
3513 0
3514 0
3515 0
3516 0
3517 0
3518 0
3519 0
3520 0
3521 0
3522 0
3523 0
3524 0
3525 0
3526 0
3527 0
3528 0
3529 0
3530 0
3531 0
3532 0
3533 0
3534 0
3535 0
3536 0
3537 0
3538 0
3539 0
3540 0
3541 0
3542 0
3543 0
3544 0
3545 0
3546 0
3547 0
3548 0
3549 0
3550 0
3551 0
3552 0
3553 0
3554 0
3555 0
3556 0
3557 0
3558 0
3559 0
3560 0
3561 0
3562 0
3563 0
3564 0
3565 0
3566 0
3567 0
3568 0
3569 0
3570 0
3571 0
3572 0
3573 0
3574 0
3575 0
3576 0
3577 0
3578 0
3579 0
3580 0
3581 0
3582 1
3583 0
3584 0
3585 0
3586 0
3587 0
3588 0
3589 0
3590 0
3591 0
3592 0
3593 0
3594 0
3595 0
3596 0
3597 0
3598 0
3599 0
3600 0
3601 0
3602 0
3603 0
3604 0
3605 1
3606 1
3607 0
3608 0
3609 0
3610 0
3611 0
3612 0
3613 0
3614 0
3615 0
3616 0
3617 0
3618 0
3619 0
3620 0
3621 0
3622 0
3623 0
3624 0
3625 0
3626 0
3627 0
3628 0
3629 0
3630 0
3631 0
3632 0
3633 0
3634 0
3635 0
3636 0
3637 0
3638 0
3639 0
3640 1
3641 0
3642 0
3643 0
3644 0
3645 0
3646 1
3647 0
3648 0
3649 0
3650 0
3651 0
3652 0
3653 0
3654 0
3655 0
3656 0
3657 0
3658 0
3659 0
3660 0
3661 0
3662 0
3663 0
3664 0
3665 0
3666 0
3667 0
3668 0
3669 0
3670 1
3671 0
3672 0
3673 0
3674 0
3675 0
3676 0
3677 0
3678 0
3679 0
3680 0
3681 0
3682 0
3683 0
3684 0
3685 0
3686 0
3687 0
3688 0
3689 1
3690 0
3691 0
3692 0
3693 0
3694 0
3695 0
3696 1
3697 0
3698 1
3699 0
3700 0
3701 0
3702 0
3703 0
3704 0
3705 0
3706 0
3707 0
3708 0
3709 0
3710 0
3711 0
3712 0
3713 0
3714 0
3715 0
3716 0
3717 0
3718 0
3719 0
3720 0
3721 0
3722 0
3723 0
3724 0
3725 0
3726 0
3727 0
3728 0
3729 0
3730 0
3731 0
3732 0
3733 0
3734 0
3735 0
3736 0
3737 0
3738 0
3739 0
3740 0
3741 0
3742 0
3743 0
3744 0
3745 0
3746 0
3747 0
3748 0
3749 0
3750 0
3751 0
3752 0
3753 0
3754 0
3755 0
3756 0
3757 0
3758 0
3759 0
3760 0
3761 0
3762 0
3763 0
3764 0
3765 0
3766 0
3767 0
3768 0
3769 0
3770 0
3771 0
3772 0
3773 0
3774 0
3775 0
3776 0
3777 0
3778 0
3779 0
3780 0
3781 0
3782 0
3783 0
3784 0
3785 0
3786 0
3787 0
3788 0
3789 0
3790 0
3791 0
3792 0
3793 0
3794 0
3795 0
3796 0
3797 0
3798 0
3799 0
3800 0
3801 0
3802 0
3803 0
3804 0
3805 0
3806 0
3807 0
3808 0
3809 0
3810 0
3811 0
3812 0
3813 0
3814 0
3815 0
3816 0
3817 0
3818 0
3819 0
3820 0
3821 0
3822 0
3823 0
3824 0
3825 0
3826 0
3827 0
3828 0
3829 0
3830 0
3831 0
3832 0
3833 0
3834 0
3835 0
3836 0
3837 0
3838 0
3839 0
3840 0
3841 0
3842 0
3843 0
3844 0
3845 0
3846 0
3847 0
3848 0
3849 0
3850 0
3851 0
3852 0
3853 0
3854 0
3855 0
3856 0
3857 0
3858 0
3859 0
3860 0
3861 0
3862 0
3863 0
3864 0
3865 0
3866 0
3867 0
3868 0
3869 0
3870 0
3871 0
3872 0
3873 0
3874 0
3875 0
3876 0
3877 0
3878 0
3879 1
3880 0
3881 0
3882 0
3883 0
3884 0
3885 0
3886 0
3887 0
3888 0
3889 0
3890 0
3891 0
3892 0
3893 1
3894 0
3895 0
3896 0
3897 0
3898 0
3899 0
3900 0
3901 0
3902 0
3903 0
3904 0
3905 0
3906 0
3907 0
3908 0
3909 0
3910 0
3911 0
3912 0
3913 0
3914 0
3915 0
3916 0
3917 0
3918 0
3919 0
3920 0
3921 0
3922 0
3923 0
3924 0
3925 0
3926 0
3927 0
3928 0
3929 0
3930 0
3931 0
3932 0
3933 0
3934 0
3935 0
3936 0
3937 0
3938 0
3939 0
3940 0
3941 0
3942 0
3943 0
3944 0
3945 0
3946 0
3947 0
3948 0
3949 0
3950 0
3951 0
3952 2
3953 0
3954 0
3955 0
3956 0
3957 0
3958 0
3959 0
3960 0
3961 0
3962 0
3963 0
3964 0
3965 0
3966 0
3967 0
3968 0
3969 0
3970 0
3971 0
3972 0
3973 0
3974 0
3975 0
3976 0
3977 0
3978 0
3979 0
3980 0
3981 0
3982 0
3983 0
3984 0
3985 0
3986 0
3987 0
3988 0
3989 0
3990 0
3991 0
3992 0
3993 0
3994 0
3995 0
3996 0
3997 0
3998 0
3999 0
4000 0
