0 0
1 0
2 0
3 0
4 0
5 0
6 0
7 0
8 0
9 0
10 0
11 0
12 0
13 0
14 0
15 0
16 0
17 0
18 0
19 0
20 0
21 0
22 0
23 0
24 0
25 0
26 0
27 0
28 0
29 0
30 0
31 0
32 0
33 0
34 0
35 0
36 0
37 0
38 0
39 0
40 0
41 0
42 0
43 0
44 0
45 0
46 0
47 0
48 0
49 0
50 0
51 0
52 0
53 0
54 0
55 0
56 0
57 0
58 0
59 0
60 0
61 0
62 0
63 0
64 0
65 0
66 0
67 0
68 0
69 0
70 0
71 0
72 0
73 0
74 0
75 0
76 0
77 0
78 0
79 0
80 0
81 0
82 0
83 0
84 0
85 0
86 0
87 0
88 0
89 0
90 0
91 0
92 0
93 0
94 0
95 0
96 0
97 0
98 0
99 0
100 0
101 0
102 0
103 0
104 0
105 0
106 0
107 0
108 0
109 0
110 0
111 0
112 0
113 0
114 0
115 0
116 0
117 0
118 0
119 0
120 0
121 0
122 0
123 0
124 0
125 0
126 0
127 0
128 0
129 0
130 0
131 0
132 0
133 0
134 0
135 0
136 0
137 0
138 0
139 0
140 0
141 0
142 0
143 0
144 0
145 0
146 0
147 0
148 0
149 0
150 0
151 1
152 3
153 5
154 5
155 1
156 3
157 2
158 3
159 5
160 4
161 7
162 6
163 4
164 4
165 4
166 5
167 9
168 4
169 6
170 5
171 7
172 8
173 13
174 12
175 26
176 39
177 62
178 90
179 130
180 179
181 196
182 199
183 273
184 326
185 493
186 730
187 1247
188 1815
189 2378
190 2822
191 2981
192 3044
193 2993
194 2831
195 2673
196 2438
197 2227
198 1969
199 1747
200 1621
201 1388
202 1269
203 1172
204 1079
205 968
206 892
207 882
208 742
209 737
210 708
211 770
212 705
213 669
214 679
215 681
216 663
217 669
218 722
219 640
220 659
221 680
222 687
223 730
224 685
225 718
226 721
227 759
228 740
229 773
230 734
231 722
232 748
233 737
234 730
235 702
236 735
237 747
238 716
239 729
240 808
241 793
242 799
243 745
244 764
245 748
246 789
247 793
248 826
249 802
250 779
251 818
252 859
253 870
254 822
255 847
256 832
257 814
258 825
259 794
260 810
261 835
262 849
263 898
264 880
265 839
266 935
267 918
268 895
269 862
270 868
271 899
272 820
273 880
274 922
275 937
276 891
277 917
278 920
279 888
280 936
281 925
282 927
283 962
284 984
285 893
286 926
287 910
288 954
289 960
290 932
291 926
292 958
293 973
294 995
295 953
296 978
297 959
298 943
299 996
300 980
301 1017
302 983
303 1045
304 1074
305 1078
306 982
307 1113
308 975
309 1033
310 1065
311 1030
312 1010
313 1016
314 1086
315 1066
316 1061
317 1104
318 1053
319 1099
320 1100
321 1095
322 1095
323 1062
324 1059
325 1076
326 1134
327 1107
328 1135
329 1143
330 1150
331 1111
332 1132
333 1151
334 1112
335 1112
336 1145
337 1129
338 1134
339 1178
340 1160
341 1151
342 1172
343 1222
344 1157
345 1172
346 1218
347 1237
348 1248
349 1267
350 1251
351 1210
352 1236
353 1234
354 1223
355 1268
356 1273
357 1307
358 1330
359 1305
360 1315
361 1249
362 1316
363 1247
364 1399
365 1283
366 1410
367 1345
368 1297
369 1382
370 1322
371 1366
372 1417
373 1383
374 1404
375 1480
376 1408
377 1437
378 1348
379 1473
380 1439
381 1432
382 1412
383 1453
384 1485
385 1525
386 1469
387 1560
388 1453
389 1494
390 1585
391 1546
392 1471
393 1467
394 1474
395 1583
396 1605
397 1589
398 1591
399 1596
400 1622
401 1573
402 1662
403 1617
404 1626
405 1651
406 1696
407 1702
408 1637
409 1666
410 1663
411 1731
412 1696
413 1672
414 1684
415 1765
416 1741
417 1792
418 1709
419 1764
420 1808
421 1788
422 1736
423 1754
424 1865
425 1854
426 1828
427 1756
428 1809
429 1767
430 1883
431 1780
432 1841
433 1790
434 1909
435 1848
436 1877
437 1939
438 1877
439 1849
440 1865
441 1930
442 1841
443 1886
444 1990
445 1856
446 1944
447 1964
448 1919
449 1974
450 1961
451 2007
452 1960
453 1949
454 1925
455 2010
456 2006
457 2024
458 1978
459 1961
460 2116
461 2059
462 2077
463 2033
464 1973
465 2090
466 2090
467 2006
468 2053
469 1984
470 1989
471 2116
472 2019
473 2057
474 2050
475 2046
476 2173
477 2097
478 2044
479 2022
480 2132
481 2123
482 2034
483 2065
484 2004
485 2135
486 2100
487 2098
488 2095
489 2232
490 2090
491 2114
492 2111
493 2161
494 2061
495 2076
496 2034
497 2166
498 2019
499 2062
500 1995
501 2090
502 2134
503 2093
504 2140
505 2087
506 2084
507 2116
508 2129
509 2082
510 2166
511 2083
512 2094
513 2062
514 2059
515 2086
516 2039
517 2050
518 2034
519 1941
520 2049
521 2225
522 2116
523 2015
524 2096
525 2098
526 2044
527 2041
528 1911
529 1967
530 2048
531 2012
532 1987
533 1933
534 1989
535 1988
536 1879
537 2067
538 1983
539 1982
540 1982
541 2030
542 1952
543 1903
544 1949
545 1926
546 1965
547 1891
548 1990
549 1950
550 1892
551 1964
552 1946
553 1884
554 1860
555 1863
556 1867
557 1896
558 1790
559 1818
560 1827
561 1857
562 1958
563 1945
564 1818
565 1852
566 1798
567 1794
568 1748
569 1816
570 1803
571 1705
572 1747
573 1765
574 1746
575 1838
576 1709
577 1736
578 1748
579 1687
580 1703
581 1671
582 1710
583 1700
584 1707
585 1593
586 1638
587 1603
588 1571
589 1596
590 1585
591 1636
592 1586
593 1622
594 1645
595 1511
596 1520
597 1475
598 1555
599 1560
600 1460
601 1518
602 1536
603 1511
604 1406
605 1468
606 1428
607 1457
608 1516
609 1467
610 1409
611 1441
612 1448
613 1384
614 1430
615 1349
616 1354
617 1384
618 1305
619 1364
620 1380
621 1290
622 1317
623 1382
624 1275
625 1315
626 1249
627 1270
628 1288
629 1271
630 1240
631 1331
632 1271
633 1255
634 1227
635 1216
636 1231
637 1201
638 1269
639 1161
640 1166
641 1155
642 1168
643 1172
644 1139
645 1133
646 1103
647 1133
648 1134
649 1101
650 1090
651 1103
652 1088
653 1060
654 1062
655 1021
656 1055
657 948
658 1053
659 996
660 1009
661 953
662 995
663 976
664 993
665 915
666 967
667 946
668 949
669 959
670 886
671 964
672 913
673 853
674 894
675 879
676 893
677 855
678 897
679 856
680 850
681 818
682 832
683 868
684 874
685 802
686 801
687 737
688 796
689 827
690 831
691 809
692 827
693 734
694 718
695 774
696 747
697 680
698 742
699 704
700 648
701 767
702 709
703 710
704 629
705 698
706 705
707 694
708 664
709 661
710 689
711 671
712 622
713 670
714 654
715 620
716 647
717 604
718 645
719 665
720 610
721 592
722 635
723 592
724 601
725 612
726 611
727 586
728 571
729 608
730 582
731 587
732 529
733 576
734 549
735 594
736 557
737 499
738 525
739 492
740 560
741 508
742 535
743 477
744 493
745 525
746 459
747 537
748 500
749 477
750 492
751 527
752 462
753 470
754 467
755 473
756 485
757 471
758 480
759 447
760 436
761 441
762 476
763 440
764 432
765 473
766 442
767 442
768 478
769 416
770 436
771 381
772 451
773 414
774 403
775 379
776 400
777 374
778 427
779 392
780 386
781 411
782 347
783 424
784 386
785 362
786 387
787 382
788 377
789 348
790 368
791 354
792 376
793 382
794 387
795 369
796 387
797 416
798 373
799 366
800 372
801 366
802 326
803 353
804 323
805 335
806 361
807 345
808 348
809 358
810 334
811 329
812 346
813 330
814 327
815 323
816 349
817 314
818 330
819 345
820 320
821 332
822 343
823 311
824 313
825 328
826 332
827 359
828 305
829 330
830 303
831 314
832 292
833 313
834 288
835 312
836 322
837 280
838 321
839 320
840 294
841 286
842 282
843 308
844 295
845 288
846 308
847 327
848 272
849 311
850 242
851 300
852 315
853 264
854 279
855 292
856 270
857 287
858 300
859 319
860 297
861 262
862 258
863 247
864 260
865 277
866 287
867 278
868 258
869 288
870 276
871 257
872 275
873 235
874 272
875 253
876 266
877 251
878 273
879 265
880 298
881 249
882 270
883 287
884 245
885 287
886 259
887 247
888 251
889 283
890 270
891 295
892 277
893 237
894 269
895 244
896 252
897 252
898 298
899 242
900 290
901 266
902 290
903 256
904 223
905 227
906 271
907 243
908 254
909 263
910 242
911 270
912 247
913 280
914 230
915 254
916 252
917 250
918 266
919 244
920 249
921 237
922 248
923 242
924 245
925 272
926 268
927 235
928 262
929 239
930 254
931 262
932 216
933 263
934 240
935 272
936 264
937 243
938 260
939 264
940 241
941 239
942 249
943 223
944 251
945 249
946 241
947 234
948 226
949 228
950 244
951 244
952 255
953 244
954 248
955 236
956 226
957 230
958 220
959 228
960 294
961 247
962 237
963 228
964 266
965 242
966 260
967 261
968 244
969 251
970 249
971 231
972 265
973 237
974 267
975 258
976 218
977 230
978 243
979 232
980 249
981 224
982 219
983 239
984 242
985 258
986 262
987 222
988 211
989 271
990 239
991 232
992 225
993 234
994 217
995 260
996 230
997 249
998 257
999 237
1000 252
1001 257
1002 216
1003 230
1004 242
1005 211
1006 246
1007 253
1008 228
1009 214
1010 241
1011 218
1012 224
1013 219
1014 254
1015 234
1016 249
1017 215
1018 245
1019 233
1020 247
1021 235
1022 259
1023 254
1024 225
1025 259
1026 230
1027 244
1028 249
1029 245
1030 225
1031 251
1032 230
1033 235
1034 249
1035 238
1036 246
1037 235
1038 246
1039 211
1040 226
1041 236
1042 254
1043 237
1044 222
1045 235
1046 209
1047 241
1048 232
1049 232
1050 221
1051 247
1052 238
1053 245
1054 240
1055 236
1056 218
1057 248
1058 229
1059 247
1060 243
1061 213
1062 249
1063 242
1064 219
1065 236
1066 245
1067 209
1068 237
1069 231
1070 238
1071 234
1072 242
1073 269
1074 250
1075 225
1076 260
1077 241
1078 242
1079 233
1080 235
1081 227
1082 228
1083 241
1084 234
1085 281
1086 223
1087 211
1088 242
1089 231
1090 216
1091 232
1092 249
1093 258
1094 222
1095 248
1096 232
1097 231
1098 213
1099 214
1100 226
1101 224
1102 216
1103 215
1104 226
1105 227
1106 207
1107 220
1108 231
1109 240
1110 210
1111 221
1112 214
1113 251
1114 245
1115 244
1116 213
1117 246
1118 234
1119 208
1120 198
1121 213
1122 204
1123 209
1124 240
1125 232
1126 203
1127 226
1128 221
1129 205
1130 219
1131 242
1132 208
1133 215
1134 205
1135 203
1136 228
1137 189
1138 209
1139 226
1140 216
1141 218
1142 220
1143 214
1144 209
1145 225
1146 237
1147 241
1148 214
1149 218
1150 210
1151 198
1152 192
1153 217
1154 190
1155 209
1156 205
1157 201
1158 191
1159 209
1160 228
1161 193
1162 200
1163 213
1164 196
1165 232
1166 220
1167 218
1168 204
1169 225
1170 200
1171 188
1172 226
1173 233
1174 213
1175 215
1176 196
1177 244
1178 187
1179 214
1180 236
1181 202
1182 182
1183 183
1184 188
1185 198
1186 231
1187 202
1188 210
1189 236
1190 217
1191 206
1192 199
1193 205
1194 203
1195 207
1196 193
1197 208
1198 220
1199 195
1200 203
1201 210
1202 212
1203 199
1204 189
1205 200
1206 182
1207 176
1208 177
1209 179
1210 178
1211 186
1212 171
1213 166
1214 183
1215 172
1216 185
1217 160
1218 178
1219 167
1220 211
1221 191
1222 205
1223 180
1224 186
1225 199
1226 193
1227 172
1228 191
1229 194
1230 155
1231 182
1232 187
1233 172
1234 182
1235 186
1236 185
1237 185
1238 186
1239 174
1240 187
1241 168
1242 150
1243 174
1244 174
1245 182
1246 182
1247 208
1248 186
1249 182
1250 184
1251 172
1252 208
1253 170
1254 199
1255 171
1256 175
1257 163
1258 172
1259 168
1260 164
1261 171
1262 177
1263 177
1264 174
1265 149
1266 172
1267 169
1268 169
1269 158
1270 181
1271 168
1272 162
1273 159
1274 143
1275 161
1276 155
1277 160
1278 173
1279 154
1280 145
1281 139
1282 146
1283 162
1284 185
1285 172
1286 160
1287 144
1288 146
1289 155
1290 135
1291 157
1292 144
1293 144
1294 162
1295 176
1296 172
1297 157
1298 158
1299 153
1300 158
1301 150
1302 155
1303 167
1304 139
1305 149
1306 163
1307 166
1308 127
1309 149
1310 140
1311 140
1312 165
1313 135
1314 155
1315 145
1316 158
1317 148
1318 113
1319 159
1320 152
1321 141
1322 140
1323 153
1324 151
1325 153
1326 137
1327 140
1328 160
1329 136
1330 141
1331 138
1332 115
1333 141
1334 143
1335 131
1336 136
1337 137
1338 149
1339 136
1340 134
1341 129
1342 132
1343 125
1344 134
1345 131
1346 124
1347 128
1348 142
1349 142
1350 139
1351 120
1352 137
1353 145
1354 120
1355 117
1356 144
1357 123
1358 110
1359 132
1360 126
1361 118
1362 118
1363 122
1364 124
1365 130
1366 121
1367 127
1368 107
1369 135
1370 125
1371 107
1372 131
1373 118
1374 120
1375 104
1376 118
1377 131
1378 119
1379 109
1380 126
1381 110
1382 112
1383 113
1384 104
1385 116
1386 116
1387 112
1388 105
1389 111
1390 107
1391 106
1392 99
1393 120
1394 100
1395 121
1396 130
1397 116
1398 93
1399 90
1400 118
1401 113
1402 96
1403 98
1404 87
1405 120
1406 99
1407 92
1408 98
1409 98
1410 120
1411 93
1412 113
1413 107
1414 105
1415 110
1416 100
1417 99
1418 94
1419 102
1420 90
1421 114
1422 98
1423 115
1424 93
1425 98
1426 92
1427 90
1428 103
1429 117
1430 107
1431 103
1432 106
1433 96
1434 107
1435 95
1436 89
1437 102
1438 91
1439 94
1440 87
1441 95
1442 113
1443 95
1444 92
1445 97
1446 91
1447 89
1448 97
1449 95
1450 101
1451 79
1452 90
1453 90
1454 76
1455 81
1456 86
1457 93
1458 88
1459 97
1460 67
1461 85
1462 113
1463 77
1464 78
1465 64
1466 77
1467 79
1468 98
1469 80
1470 80
1471 85
1472 72
1473 85
1474 95
1475 73
1476 92
1477 71
1478 100
1479 78
1480 68
1481 76
1482 72
1483 79
1484 95
1485 86
1486 77
1487 72
1488 83
1489 79
1490 86
1491 72
1492 86
1493 87
1494 65
1495 67
1496 87
1497 82
1498 60
1499 78
1500 66
1501 78
1502 64
1503 49
1504 67
1505 77
1506 67
1507 77
1508 86
1509 68
1510 81
1511 62
1512 62
1513 81
1514 72
1515 81
1516 67
1517 66
1518 73
1519 58
1520 78
1521 57
1522 75
1523 70
1524 69
1525 63
1526 65
1527 75
1528 62
1529 63
1530 65
1531 64
1532 56
1533 71
1534 67
1535 66
1536 64
1537 62
1538 78
1539 71
1540 66
1541 72
1542 62
1543 71
1544 64
1545 60
1546 54
1547 66
1548 70
1549 60
1550 59
1551 54
1552 47
1553 64
1554 67
1555 64
1556 48
1557 64
1558 60
1559 60
1560 41
1561 68
1562 69
1563 63
1564 69
1565 47
1566 65
1567 47
1568 70
1569 63
1570 52
1571 55
1572 54
1573 52
1574 56
1575 60
1576 51
1577 52
1578 55
1579 49
1580 57
1581 61
1582 56
1583 56
1584 56
1585 43
1586 53
1587 49
1588 60
1589 61
1590 40
1591 59
1592 56
1593 41
1594 60
1595 43
1596 46
1597 58
1598 62
1599 48
1600 46
1601 43
1602 46
1603 44
1604 42
1605 42
1606 42
1607 34
1608 60
1609 48
1610 38
1611 44
1612 50
1613 41
1614 44
1615 35
1616 50
1617 53
1618 55
1619 46
1620 37
1621 42
1622 38
1623 53
1624 41
1625 47
1626 42
1627 47
1628 39
1629 36
1630 25
1631 56
1632 38
1633 40
1634 27
1635 43
1636 45
1637 43
1638 27
1639 41
1640 31
1641 34
1642 38
1643 37
1644 38
1645 39
1646 36
1647 34
1648 38
1649 34
1650 43
1651 45
1652 39
1653 37
1654 46
1655 28
1656 41
1657 37
1658 41
1659 35
1660 36
1661 40
1662 37
1663 31
1664 33
1665 35
1666 27
1667 33
1668 30
1669 41
1670 38
1671 33
1672 38
1673 35
1674 33
1675 31
1676 30
1677 24
1678 40
1679 32
1680 37
1681 37
1682 43
1683 26
1684 33
1685 33
1686 32
1687 42
1688 44
1689 34
1690 27
1691 23
1692 31
1693 20
1694 31
1695 37
1696 36
1697 21
1698 31
1699 26
1700 25
1701 31
1702 30
1703 26
1704 31
1705 29
1706 31
1707 41
1708 28
1709 31
1710 23
1711 15
1712 34
1713 31
1714 19
1715 24
1716 19
1717 24
1718 26
1719 19
1720 20
1721 19
1722 30
1723 29
1724 32
1725 21
1726 24
1727 35
1728 28
1729 28
1730 28
1731 18
1732 25
1733 28
1734 25
1735 33
1736 24
1737 36
1738 27
1739 29
1740 25
1741 14
1742 30
1743 19
1744 30
1745 31
1746 24
1747 19
1748 18
1749 23
1750 18
1751 17
1752 32
1753 33
1754 20
1755 17
1756 22
1757 30
1758 15
1759 17
1760 21
1761 26
1762 22
1763 17
1764 24
1765 28
1766 20
1767 19
1768 21
1769 20
1770 15
1771 28
1772 24
1773 23
1774 14
1775 13
1776 13
1777 15
1778 14
1779 12
1780 24
1781 13
1782 18
1783 16
1784 19
1785 17
1786 23
1787 19
1788 16
1789 23
1790 22
1791 18
1792 22
1793 18
1794 23
1795 28
1796 24
1797 19
1798 26
1799 19
1800 21
1801 19
1802 21
1803 19
1804 18
1805 15
1806 10
1807 14
1808 20
1809 22
1810 20
1811 15
1812 19
1813 12
1814 20
1815 21
1816 19
1817 15
1818 13
1819 13
1820 17
1821 14
1822 17
1823 21
1824 14
1825 10
1826 20
1827 19
1828 21
1829 9
1830 22
1831 9
1832 17
1833 12
1834 17
1835 19
1836 17
1837 9
1838 11
1839 12
1840 17
1841 13
1842 9
1843 9
1844 13
1845 18
1846 13
1847 10
1848 11
1849 12
1850 16
1851 14
1852 15
1853 11
1854 13
1855 14
1856 11
1857 9
1858 10
1859 10
1860 11
1861 12
1862 10
1863 14
1864 8
1865 15
1866 11
1867 19
1868 10
1869 8
1870 9
1871 11
1872 12
1873 9
1874 11
1875 11
1876 10
1877 6
1878 13
1879 17
1880 10
1881 13
1882 9
1883 11
1884 11
1885 9
1886 8
1887 10
1888 12
1889 8
1890 7
1891 12
1892 8
1893 10
1894 8
1895 12
1896 7
1897 13
1898 13
1899 9
1900 8
1901 11
1902 8
1903 14
1904 9
1905 4
1906 9
1907 8
1908 13
1909 11
1910 9
1911 7
1912 13
1913 9
1914 4
1915 6
1916 14
1917 8
1918 9
1919 10
1920 2
1921 9
1922 12
1923 12
1924 7
1925 9
1926 9
1927 12
1928 5
1929 7
1930 13
1931 9
1932 7
1933 7
1934 5
1935 8
1936 4
1937 6
1938 5
1939 6
1940 7
1941 8
1942 12
1943 6
1944 6
1945 8
1946 4
1947 8
1948 10
1949 5
1950 10
1951 9
1952 12
1953 10
1954 8
1955 4
1956 6
1957 10
1958 6
1959 7
1960 3
1961 8
1962 9
1963 5
1964 3
1965 9
1966 6
1967 6
1968 6
1969 8
1970 5
1971 5
1972 6
1973 1
1974 6
1975 5
1976 5
1977 6
1978 9
1979 2
1980 6
1981 7
1982 6
1983 6
1984 6
1985 7
1986 5
1987 2
1988 3
1989 4
1990 5
1991 2
1992 4
1993 12
1994 5
1995 6
1996 7
1997 5
1998 5
1999 3
2000 0
2001 1
2002 5
2003 3
2004 9
2005 5
2006 5
2007 3
2008 5
2009 4
2010 1
2011 3
2012 5
2013 4
2014 5
2015 6
2016 3
2017 5
2018 6
2019 6
2020 5
2021 5
2022 4
2023 6
2024 5
2025 3
2026 8
2027 1
2028 8
2029 7
2030 3
2031 6
2032 3
2033 4
2034 5
2035 3
2036 11
2037 5
2038 1
2039 0
2040 4
2041 4
2042 2
2043 3
2044 8
2045 1
2046 2
2047 2
2048 0
2049 2
2050 4
2051 2
2052 1
2053 3
2054 4
2055 2
2056 3
2057 3
2058 2
2059 5
2060 4
2061 4
2062 7
2063 5
2064 5
2065 1
2066 4
2067 3
2068 2
2069 1
2070 1
2071 4
2072 5
2073 6
2074 5
2075 3
2076 2
2077 2
2078 3
2079 3
2080 2
2081 1
2082 4
2083 3
2084 0
2085 2
2086 0
2087 4
2088 4
2089 2
2090 3
2091 4
2092 5
2093 1
2094 1
2095 3
2096 3
2097 4
2098 7
2099 2
2100 1
2101 3
2102 3
2103 1
2104 5
2105 1
2106 1
2107 1
2108 1
2109 4
2110 1
2111 1
2112 6
2113 3
2114 3
2115 0
2116 3
2117 4
2118 2
2119 0
2120 2
2121 4
2122 1
2123 2
2124 2
2125 0
2126 1
2127 1
2128 2
2129 4
2130 1
2131 2
2132 1
2133 1
2134 1
2135 2
2136 3
2137 1
2138 1
2139 1
2140 1
2141 2
2142 5
2143 3
2144 1
2145 1
2146 3
2147 3
2148 0
2149 1
2150 2
2151 2
2152 2
2153 3
2154 2
2155 2
2156 3
2157 3
2158 1
2159 4
2160 1
2161 1
2162 2
2163 2
2164 5
2165 3
2166 0
2167 2
2168 2
2169 1
2170 1
2171 2
2172 0
2173 1
2174 0
2175 0
2176 2
2177 2
2178 0
2179 3
2180 0
2181 2
2182 3
2183 2
2184 3
2185 2
2186 2
2187 5
2188 2
2189 1
2190 2
2191 2
2192 2
2193 2
2194 0
2195 4
2196 2
2197 0
2198 2
2199 3
2200 0
2201 1
2202 1
2203 1
2204 1
2205 1
2206 1
2207 4
2208 1
2209 0
2210 2
2211 2
2212 1
2213 0
2214 0
2215 1
2216 2
2217 1
2218 3
2219 2
2220 1
2221 0
2222 0
2223 0
2224 0
2225 3
2226 1
2227 2
2228 1
2229 2
2230 3
2231 0
2232 2
2233 3
2234 2
2235 2
2236 4
2237 1
2238 0
2239 0
2240 2
2241 0
2242 2
2243 1
2244 1
2245 2
2246 0
2247 1
2248 1
2249 2
2250 2
2251 2
2252 1
2253 2
2254 0
2255 1
2256 0
2257 0
2258 0
2259 0
2260 1
2261 1
2262 1
2263 1
2264 0
2265 0
2266 2
2267 0
2268 0
2269 0
2270 1
2271 2
2272 1
2273 0
2274 1
2275 1
2276 0
2277 1
2278 1
2279 2
2280 1
2281 1
2282 1
2283 2
2284 2
2285 2
2286 0
2287 0
2288 0
2289 0
2290 0
2291 1
2292 1
2293 0
2294 0
2295 1
2296 3
2297 0
2298 1
2299 0
2300 0
2301 0
2302 1
2303 0
2304 0
2305 0
2306 0
2307 0
2308 0
2309 2
2310 0
2311 0
2312 0
2313 1
2314 1
2315 0
2316 1
2317 2
2318 0
2319 0
2320 0
2321 0
2322 1
2323 0
2324 0
2325 0
2326 1
2327 2
2328 1
2329 0
2330 0
2331 1
2332 0
2333 2
2334 0
2335 1
2336 3
2337 1
2338 3
2339 0
2340 0
2341 0
2342 1
2343 1
2344 0
2345 1
2346 0
2347 0
2348 0
2349 1
2350 1
2351 1
2352 0
2353 0
2354 0
2355 1
2356 2
2357 1
2358 0
2359 0
2360 1
2361 0
2362 0
2363 0
2364 1
2365 0
2366 0
2367 0
2368 0
2369 0
2370 2
2371 0
2372 0
2373 0
2374 1
2375 0
2376 0
2377 1
2378 0
2379 3
2380 0
2381 2
2382 0
2383 0
2384 0
2385 0
2386 0
2387 0
2388 0
2389 0
2390 2
2391 1
2392 1
2393 0
2394 2
2395 1
2396 0
2397 0
2398 0
2399 0
2400 1
2401 0
2402 0
2403 0
2404 0
2405 0
2406 0
2407 1
2408 1
2409 1
2410 3
2411 0
2412 1
2413 0
2414 1
2415 0
2416 0
2417 0
2418 0
2419 0
2420 1
2421 0
2422 0
2423 0
2424 0
2425 0
2426 1
2427 0
2428 0
2429 1
2430 0
2431 0
2432 0
2433 0
2434 0
2435 0
2436 0
2437 0
2438 0
2439 0
2440 0
2441 0
2442 0
2443 0
2444 0
2445 4
2446 0
2447 0
2448 0
2449 0
2450 2
2451 1
2452 0
2453 0
2454 0
2455 0
2456 2
2457 0
2458 0
2459 0
2460 0
2461 0
2462 1
2463 0
2464 0
2465 1
2466 0
2467 0
2468 0
2469 0
2470 0
2471 0
2472 1
2473 1
2474 0
2475 0
2476 0
2477 0
2478 0
2479 1
2480 0
2481 0
2482 0
2483 0
2484 1
2485 0
2486 0
2487 0
2488 0
2489 1
2490 0
2491 0
2492 0
2493 0
2494 0
2495 2
2496 0
2497 0
2498 0
2499 0
2500 0
2501 0
2502 0
2503 0
2504 0
2505 1
2506 0
2507 0
2508 0
2509 0
2510 0
2511 0
2512 0
2513 0
2514 0
2515 0
2516 0
2517 0
2518 0
2519 0
2520 0
2521 0
2522 0
2523 0
2524 0
2525 0
2526 0
2527 0
2528 0
2529 0
2530 0
2531 1
2532 0
2533 0
2534 0
2535 0
2536 0
2537 0
2538 0
2539 0
2540 0
2541 1
2542 0
2543 0
2544 1
2545 1
2546 0
2547 0
2548 0
2549 0
2550 0
2551 2
2552 0
2553 0
2554 0
2555 0
2556 0
2557 0
2558 0
2559 0
2560 0
2561 1
2562 0
2563 0
2564 0
2565 0
2566 1
2567 0
2568 0
2569 1
2570 0
2571 0
2572 0
2573 1
2574 0
2575 0
2576 0
2577 0
2578 0
2579 0
2580 0
2581 0
2582 0
2583 0
2584 0
2585 0
2586 0
2587 0
2588 0
2589 0
2590 0
2591 0
2592 0
2593 0
2594 0
2595 0
2596 0
2597 1
2598 0
2599 0
2600 1
2601 0
2602 0
2603 0
2604 0
2605 0
2606 0
2607 0
2608 0
2609 0
2610 0
2611 0
2612 0
2613 0
2614 0
2615 0
2616 0
2617 0
2618 0
2619 0
2620 0
2621 0
2622 0
2623 0
2624 1
2625 1
2626 0
2627 0
2628 0
2629 0
2630 0
2631 0
2632 0
2633 0
2634 0
2635 0
2636 1
2637 0
2638 0
2639 0
2640 0
2641 0
2642 1
2643 0
2644 0
2645 0
2646 0
2647 0
2648 0
2649 0
2650 0
2651 0
2652 0
2653 0
2654 0
2655 0
2656 0
2657 0
2658 0
2659 0
2660 0
2661 0
2662 0
2663 0
2664 0
2665 0
2666 1
2667 0
2668 0
2669 1
2670 0
2671 1
2672 0
2673 0
2674 0
2675 0
2676 0
2677 0
2678 0
2679 0
2680 0
2681 0
2682 0
2683 0
2684 0
2685 0
2686 0
2687 0
2688 0
2689 0
2690 0
2691 0
2692 0
2693 0
2694 0
2695 1
2696 0
2697 1
2698 0
2699 0
2700 0
2701 0
2702 0
2703 0
2704 0
2705 0
2706 0
2707 0
2708 0
2709 0
2710 0
2711 0
2712 0
2713 0
2714 0
2715 0
2716 1
2717 0
2718 0
2719 0
2720 0
2721 0
2722 0
2723 0
2724 0
2725 0
2726 0
2727 0
2728 0
2729 0
2730 0
2731 0
2732 0
2733 0
2734 0
2735 0
2736 0
2737 0
2738 0
2739 0
2740 0
2741 0
2742 0
2743 0
2744 0
2745 0
2746 0
2747 0
2748 0
2749 0
2750 0
2751 0
2752 0
2753 0
2754 0
2755 0
2756 0
2757 0
2758 0
2759 0
2760 0
2761 0
2762 0
2763 1
2764 0
2765 0
2766 0
2767 0
2768 0
2769 0
2770 0
2771 0
2772 0
2773 0
2774 0
2775 0
2776 0
2777 0
2778 0
2779 0
2780 0
2781 0
2782 0
2783 0
2784 0
2785 0
2786 0
2787 0
2788 0
2789 0
2790 0
2791 0
2792 0
2793 0
2794 0
2795 0
2796 0
2797 0
2798 0
2799 0
2800 0
2801 0
2802 0
2803 0
2804 0
2805 0
2806 0
2807 1
2808 0
2809 0
2810 0
2811 0
2812 0
2813 1
2814 0
2815 0
2816 0
2817 0
2818 0
2819 0
2820 0
2821 0
2822 0
2823 0
2824 0
2825 0
2826 0
2827 1
2828 0
2829 0
2830 0
2831 0
2832 0
2833 0
2834 0
2835 0
2836 0
2837 0
2838 0
2839 0
2840 0
2841 0
2842 0
2843 0
2844 0
2845 0
2846 0
2847 0
2848 0
2849 0
2850 0
2851 0
2852 0
2853 0
2854 0
2855 0
2856 0
2857 0
2858 0
2859 0
2860 0
2861 0
2862 0
2863 0
2864 0
2865 0
2866 0
2867 0
2868 0
2869 0
2870 0
2871 0
2872 0
2873 0
2874 0
2875 0
2876 0
2877 0
2878 0
2879 0
2880 0
2881 0
2882 0
2883 0
2884 0
2885 0
2886 0
2887 0
2888 0
2889 0
2890 0
2891 0
2892 0
2893 0
2894 0
2895 0
2896 0
2897 1
2898 0
2899 0
2900 0
2901 0
2902 1
2903 0
2904 0
2905 0
2906 0
2907 0
2908 0
2909 0
2910 0
2911 0
2912 1
2913 0
2914 0
2915 0
2916 0
2917 1
2918 0
2919 0
2920 0
2921 0
2922 0
2923 0
2924 0
2925 0
2926 0
2927 0
2928 0
2929 0
2930 0
2931 0
2932 0
2933 0
2934 0
2935 0
2936 0
2937 0
2938 0
2939 0
2940 0
2941 0
2942 1
2943 0
2944 0
2945 1
2946 0
2947 0
2948 0
2949 0
2950 0
2951 0
2952 0
2953 0
2954 0
2955 0
2956 0
2957 0
2958 0
2959 0
2960 0
2961 0
2962 0
2963 0
2964 0
2965 0
2966 0
2967 0
2968 0
2969 0
2970 0
2971 0
2972 0
2973 0
2974 0
2975 0
2976 0
2977 0
2978 0
2979 0
2980 0
2981 0
2982 0
2983 0
2984 0
2985 0
2986 0
2987 0
2988 0
2989 0
2990 0
2991 0
2992 0
2993 0
2994 0
2995 0
2996 0
2997 0
2998 0
2999 0
3000 0
3001 0
3002 0
3003 0
3004 0
3005 0
3006 0
3007 0
3008 0
3009 0
3010 0
3011 0
3012 0
3013 0
3014 0
3015 0
3016 0
3017 0
3018 0
3019 0
3020 0
3021 0
3022 0
3023 0
3024 0
3025 0
3026 0
3027 0
3028 0
3029 0
3030 0
3031 0
3032 1
3033 0
3034 0
3035 0
3036 0
3037 0
3038 0
3039 0
3040 0
3041 0
3042 0
3043 0
3044 0
3045 0
3046 0
3047 0
3048 0
3049 0
3050 0
3051 0
3052 0
3053 0
3054 0
3055 0
3056 0
3057 0
3058 0
3059 0
3060 0
3061 0
3062 0
3063 0
3064 0
3065 0
3066 0
3067 0
3068 0
3069 0
3070 0
3071 1
3072 0
3073 0
3074 0
3075 0
3076 0
3077 0
3078 0
3079 0
3080 0
3081 1
3082 0
3083 0
3084 0
3085 0
3086 0
3087 0
3088 0
3089 1
3090 0
3091 0
3092 0
3093 0
3094 0
3095 0
3096 0
3097 0
3098 0
3099 0
3100 0
3101 0
3102 0
3103 0
3104 0
3105 0
3106 0
3107 1
3108 0
3109 0
3110 0
3111 0
3112 0
3113 0
3114 0
3115 0
3116 0
3117 0
3118 0
3119 0
3120 0
3121 0
3122 0
3123 0
3124 0
3125 0
3126 0
3127 0
3128 0
3129 0
3130 0
3131 0
3132 0
3133 0
3134 0
3135 0
3136 0
3137 0
3138 0
3139 0
3140 0
3141 0
3142 0
3143 0
3144 0
3145 0
3146 0
3147 0
3148 0
3149 0
3150 0
3151 0
3152 0
3153 0
3154 0
3155 0
3156 0
3157 0
3158 0
3159 0
3160 0
3161 0
3162 0
3163 0
3164 0
3165 0
3166 0
3167 0
3168 0
3169 0
3170 0
3171 0
3172 0
3173 0
3174 0
3175 1
3176 0
3177 0
3178 0
3179 0
3180 0
3181 0
3182 0
3183 1
3184 1
3185 0
3186 0
3187 0
3188 0
3189 0
3190 0
3191 0
3192 0
3193 0
3194 1
3195 0
3196 0
3197 0
3198 0
3199 0
3200 0
3201 0
3202 1
3203 0
3204 0
3205 0
3206 0
3207 0
3208 0
3209 0
3210 0
3211 0
3212 0
3213 0
3214 0
3215 0
3216 0
3217 1
3218 0
3219 0
3220 0
3221 0
3222 0
3223 0
3224 1
3225 0
3226 0
3227 0
3228 0
3229 0
3230 0
3231 0
3232 0
3233 0
3234 0
3235 0
3236 0
3237 0
3238 0
3239 0
3240 0
3241 0
3242 0
3243 0
3244 0
3245 0
3246 0
3247 0
3248 0
3249 0
3250 0
3251 0
3252 0
3253 0
3254 0
3255 0
3256 0
3257 0
3258 0
3259 0
3260 0
3261 0
3262 0
3263 0
3264 0
3265 0
3266 0
3267 0
3268 0
3269 0
3270 0
3271 0
3272 0
3273 0
3274 0
3275 0
3276 0
3277 0
3278 0
3279 0
3280 0
3281 0
3282 0
3283 0
3284 0
3285 0
3286 0
3287 0
3288 0
3289 0
3290 0
3291 0
3292 0
3293 0
3294 0
3295 0
3296 0
3297 0
3298 0
3299 0
3300 0
3301 0
3302 0
3303 0
3304 0
3305 0
3306 0
3307 1
3308 0
3309 0
3310 0
3311 0
3312 0
3313 0
3314 0
3315 0
3316 0
3317 0
3318 0
3319 0
3320 0
3321 0
3322 0
3323 0
3324 0
3325 0
3326 0
3327 0
3328 0
3329 0
3330 0
3331 0
3332 0
3333 0
3334 1
3335 0
3336 0
3337 1
3338 0
3339 0
3340 0
3341 0
3342 0
3343 0
3344 0
3345 0
3346 0
3347 0
3348 0
3349 0
3350 0
3351 0
3352 0
3353 0
3354 0
3355 0
3356 0
3357 0
3358 0
3359 0
3360 0
3361 0
3362 0
3363 0
3364 0
3365 0
3366 0
3367 0
3368 0
3369 0
3370 0
3371 0
3372 0
3373 0
3374 0
3375 0
3376 0
3377 0
3378 0
3379 0
3380 0
3381 0
3382 0
3383 0
3384 0
3385 0
3386 0
3387 0
3388 0
3389 0
3390 0
3391 0
3392 0
3393 0
3394 0
3395 0
3396 0
3397 0
3398 0
3399 0
3400 0
3401 0
3402 0
3403 0
3404 0
3405 0
3406 0
3407 0
3408 0
3409 0
3410 0
3411 0
3412 0
3413 0
3414 0
3415 0
3416 0
3417 0
3418 0
3419 0
3420 0
3421 0
3422 0
3423 0
3424 0
3425 0
3426 0
3427 0
3428 0
3429 0
3430 0
3431 0
3432 0
3433 0
3434 0
3435 0
3436 0
3437 0
3438 0
3439 0
3440 0
3441 0
3442 0
3443 0
3444 0
3445 0
3446 0
3447 1
3448 0
3449 0
3450 0
3451 0
3452 0
3453 0
3454 1
3455 0
3456 0
3457 0
3458 0
3459 0
3460 0
3461 0
3462 0
3463 0
3464 0
3465 0
3466 0
3467 0
3468 0
3469 0
3470 0
3471 0
3472 0
3473 0
3474 0
3475 0
3476 0
3477 0
3478 0
3479 0
3480 0
3481 0
3482 0
3483 0
3484 0
3485 0
3486 0
3487 0
3488 0
3489 0
3490 0
3491 0
3492 0
3493 0
3494 0
3495 0
3496 0
3497 0
3498 0
3499 0
3500 0
3501 0
3502 0
3503 0
3504 0
3505 0
3506 0
3507 0
3508 0
3509 0
3510 0
3511 0
3512 0
3513 0
3514 0
3515 0
3516 0
3517 0
3518 0
3519 0
3520 0
3521 0
3522 0
3523 0
3524 0
3525 0
3526 0
3527 0
3528 0
3529 0
3530 0
3531 0
3532 0
3533 0
3534 0
3535 0
3536 0
3537 0
3538 0
3539 0
3540 0
3541 0
3542 0
3543 0
3544 0
3545 0
3546 0
3547 0
3548 0
3549 0
3550 0
3551 0
3552 0
3553 0
3554 0
3555 0
3556 0
3557 0
3558 0
3559 0
3560 0
3561 0
3562 0
3563 0
3564 0
3565 0
3566 0
3567 0
3568 0
3569 0
3570 0
3571 0
3572 0
3573 0
3574 0
3575 0
3576 0
3577 0
3578 0
3579 0
3580 0
3581 0
3582 0
3583 0
3584 0
3585 0
3586 0
3587 0
3588 0
3589 0
3590 0
3591 0
3592 0
3593 0
3594 0
3595 0
3596 0
3597 0
3598 0
3599 0
3600 0
3601 0
3602 0
3603 0
3604 0
3605 0
3606 0
3607 0
3608 0
3609 0
3610 0
3611 1
3612 0
3613 0
3614 0
3615 0
3616 0
3617 0
3618 0
3619 0
3620 0
3621 0
3622 0
3623 0
3624 0
3625 0
3626 0
3627 0
3628 0
3629 0
3630 0
3631 0
3632 0
3633 0
3634 0
3635 0
3636 0
3637 0
3638 0
3639 0
3640 0
3641 0
3642 0
3643 0
3644 0
3645 0
3646 0
3647 0
3648 0
3649 0
3650 0
3651 0
3652 0
3653 0
3654 0
3655 0
3656 0
3657 0
3658 0
3659 0
3660 0
3661 0
3662 0
3663 0
3664 0
3665 0
3666 0
3667 0
3668 0
3669 0
3670 0
3671 0
3672 1
3673 0
3674 0
3675 0
3676 0
3677 0
3678 0
3679 0
3680 0
3681 0
3682 0
3683 0
3684 0
3685 0
3686 0
3687 0
3688 0
3689 0
3690 0
3691 0
3692 0
3693 0
3694 0
3695 0
3696 0
3697 0
3698 0
3699 0
3700 0
3701 0
3702 0
3703 0
3704 0
3705 0
3706 0
3707 0
3708 0
3709 0
3710 0
3711 0
3712 0
3713 0
3714 0
3715 0
3716 0
3717 0
3718 0
3719 0
3720 0
3721 0
3722 0
3723 0
3724 0
3725 0
3726 0
3727 0
3728 0
3729 0
3730 0
3731 0
3732 0
3733 0
3734 0
3735 0
3736 0
3737 0
3738 0
3739 0
3740 0
3741 0
3742 0
3743 0
3744 0
3745 0
3746 0
3747 0
3748 0
3749 0
3750 0
3751 0
3752 0
3753 0
3754 0
3755 0
3756 0
3757 0
3758 0
3759 0
3760 0
3761 0
3762 0
3763 0
3764 0
3765 0
3766 0
3767 0
3768 0
3769 1
3770 0
3771 0
3772 0
3773 0
3774 0
3775 0
3776 0
3777 0
3778 0
3779 0
3780 0
3781 0
3782 0
3783 0
3784 0
3785 0
3786 0
3787 0
3788 0
3789 0
3790 0
3791 0
3792 0
3793 0
3794 0
3795 0
3796 0
3797 0
3798 0
3799 0
3800 0
3801 0
3802 0
3803 0
3804 0
3805 0
3806 0
3807 0
3808 0
3809 0
3810 0
3811 0
3812 0
3813 0
3814 0
3815 0
3816 0
3817 0
3818 0
3819 0
3820 0
3821 0
3822 0
3823 0
3824 0
3825 0
3826 0
3827 0
3828 0
3829 0
3830 0
3831 0
3832 0
3833 0
3834 0
3835 0
3836 0
3837 0
3838 0
3839 0
3840 0
3841 0
3842 0
3843 0
3844 0
3845 0
3846 0
3847 0
3848 0
3849 0
3850 0
3851 0
3852 0
3853 0
3854 0
3855 0
3856 0
3857 0
3858 0
3859 0
3860 0
3861 0
3862 0
3863 0
3864 0
3865 0
3866 0
3867 0
3868 0
3869 0
3870 0
3871 0
3872 0
3873 0
3874 0
3875 0
3876 0
3877 0
3878 0
3879 0
3880 0
3881 0
3882 0
3883 0
3884 0
3885 0
3886 0
3887 0
3888 0
3889 0
3890 0
3891 0
3892 0
3893 0
3894 0
3895 0
3896 0
3897 0
3898 0
3899 0
3900 0
3901 0
3902 0
3903 0
3904 0
3905 0
3906 0
3907 0
3908 0
3909 0
3910 0
3911 0
3912 0
3913 0
3914 0
3915 0
3916 0
3917 0
3918 0
3919 0
3920 0
3921 0
3922 0
3923 0
3924 0
3925 0
3926 0
3927 0
3928 0
3929 0
3930 0
3931 0
3932 0
3933 0
3934 0
3935 0
3936 0
3937 0
3938 0
3939 0
3940 0
3941 0
3942 0
3943 0
3944 0
3945 0
3946 0
3947 0
3948 0
3949 0
3950 0
3951 0
3952 0
3953 0
3954 0
3955 0
3956 0
3957 0
3958 0
3959 0
3960 0
3961 0
3962 0
3963 0
3964 0
3965 0
3966 0
3967 0
3968 0
3969 0
3970 0
3971 0
3972 0
3973 0
3974 0
3975 0
3976 0
3977 0
3978 0
3979 0
3980 0
3981 1
3982 0
3983 0
3984 0
3985 0
3986 0
3987 0
3988 0
3989 0
3990 0
3991 0
3992 0
3993 0
3994 0
3995 0
3996 0
3997 0
3998 0
3999 0
4000 0
