0 0
1 0
2 0
3 0
4 0
5 0
6 0
7 0
8 0
9 0
10 0
11 0
12 0
13 0
14 0
15 0
16 0
17 0
18 0
19 0
20 0
21 0
22 0
23 0
24 0
25 0
26 0
27 0
28 0
29 0
30 0
31 0
32 0
33 0
34 0
35 0
36 0
37 0
38 0
39 0
40 0
41 0
42 0
43 0
44 0
45 0
46 0
47 0
48 0
49 0
50 0
51 0
52 0
53 0
54 0
55 0
56 0
57 0
58 0
59 0
60 0
61 0
62 0
63 0
64 0
65 0
66 0
67 0
68 0
69 0
70 0
71 0
72 0
73 0
74 0
75 0
76 0
77 0
78 0
79 0
80 0
81 0
82 0
83 0
84 0
85 0
86 0
87 0
88 0
89 0
90 0
91 0
92 0
93 0
94 0
95 0
96 0
97 0
98 0
99 0
100 0
101 0
102 0
103 0
104 0
105 0
106 0
107 0
108 0
109 0
110 0
111 0
112 0
113 0
114 0
115 0
116 0
117 0
118 0
119 0
120 0
121 0
122 0
123 0
124 0
125 0
126 0
127 0
128 0
129 0
130 0
131 0
132 0
133 0
134 0
135 0
136 0
137 0
138 0
139 0
140 0
141 0
142 0
143 0
144 0
145 0
146 0
147 0
148 0
149 0
150 0
151 2
152 1
153 5
154 8
155 6
156 2
157 4
158 3
159 5
160 6
161 0
162 10
163 5
164 4
165 10
166 6
167 4
168 9
169 6
170 5
171 9
172 13
173 7
174 13
175 23
176 43
177 58
178 93
179 134
180 186
181 185
182 207
183 281
184 286
185 460
186 710
187 1169
188 1596
189 2142
190 2589
191 2742
192 2888
193 2679
194 2623
195 2392
196 2221
197 2030
198 1869
199 1651
200 1486
201 1349
202 1235
203 1104
204 1063
205 1003
206 889
207 869
208 774
209 778
210 765
211 745
212 680
213 741
214 671
215 667
216 760
217 678
218 734
219 711
220 685
221 760
222 736
223 727
224 747
225 715
226 700
227 749
228 722
229 743
230 737
231 774
232 768
233 790
234 762
235 798
236 800
237 812
238 846
239 820
240 808
241 795
242 864
243 842
244 852
245 808
246 880
247 849
248 884
249 901
250 936
251 881
252 907
253 888
254 914
255 942
256 918
257 928
258 941
259 867
260 935
261 973
262 898
263 1008
264 964
265 942
266 988
267 978
268 899
269 926
270 957
271 975
272 1023
273 1018
274 1024
275 981
276 1049
277 973
278 1061
279 1005
280 1032
281 1032
282 997
283 1069
284 995
285 1018
286 1072
287 1047
288 1053
289 1041
290 1065
291 1078
292 1152
293 1100
294 1145
295 1079
296 1092
297 1114
298 1112
299 1160
300 1104
301 1137
302 1142
303 1160
304 1108
305 1174
306 1199
307 1165
308 1197
309 1172
310 1181
311 1187
312 1147
313 1231
314 1273
315 1185
316 1215
317 1229
318 1247
319 1178
320 1215
321 1239
322 1259
323 1319
324 1338
325 1285
326 1305
327 1292
328 1370
329 1354
330 1358
331 1297
332 1338
333 1360
334 1336
335 1404
336 1381
337 1439
338 1414
339 1370
340 1439
341 1427
342 1362
343 1479
344 1428
345 1456
346 1501
347 1465
348 1458
349 1466
350 1507
351 1527
352 1586
353 1512
354 1580
355 1571
356 1527
357 1550
358 1572
359 1544
360 1599
361 1578
362 1558
363 1545
364 1614
365 1672
366 1635
367 1640
368 1704
369 1677
370 1624
371 1719
372 1781
373 1673
374 1741
375 1744
376 1699
377 1695
378 1701
379 1881
380 1827
381 1773
382 1802
383 1879
384 1763
385 1779
386 1808
387 1839
388 1856
389 1808
390 1860
391 1869
392 1885
393 1895
394 1896
395 1831
396 1924
397 1854
398 1903
399 1963
400 1964
401 1913
402 1945
403 1964
404 1988
405 1970
406 2099
407 1948
408 2013
409 1919
410 2031
411 2008
412 2004
413 1927
414 1974
415 2030
416 2020
417 2167
418 1980
419 2035
420 2117
421 2024
422 2134
423 2067
424 2089
425 2006
426 2049
427 2059
428 2091
429 2103
430 2253
431 2133
432 2105
433 2102
434 2169
435 2185
436 2121
437 2145
438 2176
439 2133
440 2238
441 2114
442 2199
443 2189
444 2165
445 2102
446 2179
447 2195
448 2216
449 2240
450 2140
451 2020
452 2241
453 2272
454 2222
455 2187
456 2168
457 2177
458 2218
459 2149
460 2219
461 2183
462 2173
463 2197
464 2180
465 2160
466 2150
467 2175
468 2169
469 2089
470 2245
471 2201
472 2110
473 2160
474 2101
475 2252
476 2173
477 2176
478 2135
479 2143
480 2104
481 2151
482 2113
483 2155
484 2073
485 2148
486 2148
487 2150
488 2038
489 2108
490 2043
491 2148
492 2079
493 2081
494 2195
495 2096
496 2096
497 2110
498 2067
499 2044
500 2033
501 2098
502 2092
503 1965
504 1949
505 2070
506 2029
507 1998
508 2000
509 2015
510 1946
511 1972
512 1960
513 1942
514 1913
515 1991
516 1898
517 1968
518 1845
519 1913
520 1905
521 1979
522 1896
523 1919
524 1861
525 1829
526 1937
527 1892
528 1888
529 1830
530 1788
531 1886
532 1817
533 1751
534 1833
535 1805
536 1766
537 1747
538 1712
539 1780
540 1731
541 1785
542 1695
543 1677
544 1671
545 1651
546 1646
547 1657
548 1673
549 1614
550 1608
551 1607
552 1629
553 1623
554 1571
555 1548
556 1530
557 1517
558 1542
559 1562
560 1570
561 1528
562 1570
563 1525
564 1457
565 1518
566 1500
567 1458
568 1477
569 1447
570 1430
571 1447
572 1417
573 1411
574 1380
575 1390
576 1319
577 1366
578 1302
579 1377
580 1352
581 1344
582 1321
583 1359
584 1262
585 1339
586 1194
587 1272
588 1277
589 1235
590 1282
591 1210
592 1215
593 1178
594 1183
595 1184
596 1203
597 1157
598 1153
599 1180
600 1116
601 1166
602 1154
603 1125
604 1077
605 1091
606 1029
607 1083
608 1088
609 1011
610 1053
611 1090
612 1051
613 1025
614 1015
615 1019
616 1015
617 1026
618 1023
619 994
620 982
621 946
622 943
623 967
624 997
625 926
626 879
627 926
628 910
629 907
630 936
631 953
632 909
633 874
634 880
635 905
636 891
637 897
638 909
639 828
640 859
641 837
642 746
643 802
644 779
645 810
646 779
647 763
648 733
649 755
650 762
651 793
652 703
653 774
654 746
655 724
656 722
657 739
658 730
659 710
660 679
661 696
662 715
663 650
664 662
665 667
666 688
667 668
668 653
669 667
670 640
671 637
672 620
673 612
674 640
675 601
676 590
677 629
678 582
679 641
680 567
681 578
682 576
683 549
684 615
685 546
686 552
687 558
688 512
689 553
690 566
691 560
692 546
693 532
694 504
695 497
696 564
697 501
698 514
699 485
700 527
701 482
702 487
703 472
704 472
705 498
706 483
707 439
708 434
709 435
710 451
711 477
712 472
713 477
714 473
715 461
716 437
717 468
718 455
719 465
720 448
721 440
722 436
723 395
724 439
725 416
726 411
727 395
728 414
729 414
730 399
731 431
732 422
733 388
734 384
735 412
736 399
737 399
738 386
739 373
740 361
741 396
742 380
743 371
744 374
745 377
746 380
747 387
748 356
749 375
750 373
751 363
752 340
753 374
754 394
755 340
756 370
757 428
758 348
759 346
760 338
761 343
762 342
763 345
764 353
765 348
766 361
767 329
768 334
769 336
770 367
771 299
772 307
773 340
774 305
775 310
776 333
777 336
778 329
779 320
780 332
781 344
782 319
783 308
784 331
785 315
786 311
787 295
788 315
789 314
790 322
791 336
792 309
793 313
794 303
795 299
796 279
797 313
798 316
799 276
800 296
801 337
802 281
803 283
804 260
805 288
806 292
807 258
808 313
809 297
810 307
811 326
812 288
813 294
814 313
815 293
816 258
817 300
818 298
819 284
820 299
821 306
822 295
823 284
824 315
825 273
826 277
827 291
828 293
829 270
830 280
831 289
832 272
833 260
834 276
835 328
836 257
837 287
838 287
839 277
840 267
841 268
842 247
843 283
844 272
845 277
846 275
847 251
848 290
849 292
850 276
851 295
852 297
853 304
854 263
855 278
856 318
857 305
858 288
859 293
860 282
861 267
862 243
863 263
864 270
865 292
866 292
867 259
868 281
869 253
870 299
871 286
872 279
873 259
874 257
875 274
876 283
877 255
878 266
879 284
880 266
881 260
882 262
883 244
884 287
885 283
886 250
887 282
888 264
889 233
890 264
891 251
892 282
893 256
894 287
895 274
896 276
897 262
898 252
899 292
900 261
901 256
902 264
903 254
904 261
905 287
906 284
907 272
908 257
909 276
910 285
911 252
912 247
913 248
914 264
915 298
916 269
917 293
918 242
919 282
920 276
921 248
922 259
923 257
924 271
925 277
926 232
927 248
928 257
929 251
930 309
931 272
932 251
933 282
934 264
935 238
936 268
937 263
938 250
939 214
940 262
941 277
942 242
943 271
944 252
945 253
946 269
947 246
948 242
949 246
950 265
951 247
952 245
953 236
954 259
955 262
956 237
957 276
958 229
959 243
960 256
961 232
962 260
963 279
964 246
965 268
966 256
967 237
968 268
969 247
970 257
971 248
972 241
973 263
974 291
975 262
976 263
977 247
978 237
979 257
980 235
981 258
982 259
983 250
984 225
985 223
986 221
987 243
988 238
989 260
990 240
991 216
992 272
993 260
994 249
995 264
996 233
997 233
998 233
999 237
1000 269
1001 219
1002 265
1003 279
1004 235
1005 253
1006 252
1007 252
1008 243
1009 256
1010 255
1011 246
1012 205
1013 262
1014 254
1015 255
1016 222
1017 267
1018 266
1019 244
1020 256
1021 228
1022 242
1023 235
1024 247
1025 258
1026 242
1027 252
1028 257
1029 202
1030 239
1031 241
1032 231
1033 249
1034 238
1035 243
1036 234
1037 230
1038 216
1039 249
1040 213
1041 254
1042 230
1043 243
1044 242
1045 204
1046 245
1047 226
1048 247
1049 244
1050 217
1051 259
1052 214
1053 232
1054 220
1055 225
1056 235
1057 197
1058 224
1059 211
1060 216
1061 239
1062 242
1063 225
1064 250
1065 211
1066 228
1067 248
1068 224
1069 232
1070 235
1071 225
1072 219
1073 240
1074 208
1075 212
1076 231
1077 202
1078 233
1079 190
1080 206
1081 234
1082 226
1083 209
1084 216
1085 205
1086 214
1087 219
1088 219
1089 217
1090 230
1091 203
1092 217
1093 249
1094 195
1095 199
1096 187
1097 202
1098 234
1099 218
1100 203
1101 200
1102 206
1103 198
1104 210
1105 223
1106 222
1107 226
1108 208
1109 192
1110 207
1111 204
1112 207
1113 199
1114 217
1115 203
1116 184
1117 215
1118 212
1119 176
1120 210
1121 200
1122 223
1123 198
1124 169
1125 173
1126 226
1127 207
1128 214
1129 197
1130 181
1131 179
1132 177
1133 190
1134 183
1135 216
1136 201
1137 183
1138 206
1139 155
1140 176
1141 174
1142 195
1143 188
1144 180
1145 163
1146 201
1147 180
1148 195
1149 186
1150 167
1151 175
1152 180
1153 186
1154 180
1155 193
1156 169
1157 168
1158 178
1159 181
1160 179
1161 177
1162 168
1163 181
1164 175
1165 171
1166 179
1167 174
1168 175
1169 173
1170 182
1171 161
1172 181
1173 168
1174 147
1175 149
1176 141
1177 203
1178 145
1179 164
1180 169
1181 182
1182 168
1183 174
1184 169
1185 175
1186 183
1187 166
1188 158
1189 157
1190 146
1191 171
1192 177
1193 155
1194 164
1195 166
1196 165
1197 180
1198 162
1199 165
1200 156
1201 145
1202 170
1203 155
1204 158
1205 154
1206 151
1207 150
1208 128
1209 152
1210 146
1211 151
1212 153
1213 149
1214 160
1215 182
1216 153
1217 163
1218 173
1219 149
1220 165
1221 141
1222 143
1223 146
1224 154
1225 180
1226 147
1227 113
1228 148
1229 141
1230 151
1231 135
1232 150
1233 149
1234 140
1235 140
1236 126
1237 142
1238 144
1239 150
1240 137
1241 136
1242 139
1243 153
1244 137
1245 142
1246 120
1247 130
1248 107
1249 134
1250 128
1251 113
1252 148
1253 121
1254 147
1255 113
1256 118
1257 137
1258 132
1259 130
1260 126
1261 113
1262 132
1263 123
1264 129
1265 132
1266 132
1267 130
1268 132
1269 114
1270 136
1271 119
1272 112
1273 130
1274 109
1275 119
1276 125
1277 111
1278 105
1279 123
1280 106
1281 113
1282 141
1283 126
1284 95
1285 116
1286 132
1287 106
1288 103
1289 117
1290 98
1291 131
1292 124
1293 112
1294 100
1295 132
1296 100
1297 112
1298 100
1299 86
1300 105
1301 117
1302 111
1303 114
1304 107
1305 100
1306 103
1307 107
1308 90
1309 135
1310 114
1311 94
1312 118
1313 111
1314 87
1315 103
1316 101
1317 103
1318 93
1319 97
1320 85
1321 97
1322 96
1323 97
1324 92
1325 93
1326 102
1327 103
1328 105
1329 98
1330 86
1331 91
1332 104
1333 92
1334 86
1335 99
1336 93
1337 94
1338 102
1339 85
1340 101
1341 102
1342 76
1343 79
1344 97
1345 92
1346 98
1347 81
1348 91
1349 86
1350 89
1351 87
1352 90
1353 80
1354 93
1355 91
1356 80
1357 78
1358 73
1359 89
1360 79
1361 81
1362 88
1363 82
1364 83
1365 86
1366 92
1367 78
1368 78
1369 99
1370 69
1371 83
1372 80
1373 77
1374 72
1375 70
1376 83
1377 81
1378 67
1379 92
1380 71
1381 82
1382 80
1383 65
1384 98
1385 78
1386 81
1387 78
1388 76
1389 84
1390 85
1391 72
1392 77
1393 69
1394 80
1395 77
1396 59
1397 75
1398 72
1399 74
1400 70
1401 78
1402 79
1403 79
1404 65
1405 79
1406 80
1407 82
1408 63
1409 63
1410 68
1411 67
1412 73
1413 71
1414 75
1415 61
1416 73
1417 73
1418 58
1419 62
1420 72
1421 56
1422 55
1423 54
1424 63
1425 67
1426 67
1427 60
1428 56
1429 68
1430 74
1431 47
1432 73
1433 61
1434 60
1435 66
1436 56
1437 50
1438 63
1439 58
1440 59
1441 44
1442 57
1443 61
1444 63
1445 61
1446 49
1447 61
1448 54
1449 68
1450 52
1451 58
1452 50
1453 36
1454 72
1455 45
1456 51
1457 60
1458 49
1459 58
1460 59
1461 49
1462 59
1463 51
1464 55
1465 59
1466 53
1467 47
1468 48
1469 53
1470 55
1471 54
1472 70
1473 36
1474 46
1475 49
1476 46
1477 41
1478 36
1479 43
1480 46
1481 68
1482 43
1483 50
1484 49
1485 47
1486 47
1487 47
1488 47
1489 56
1490 45
1491 44
1492 41
1493 43
1494 42
1495 28
1496 41
1497 48
1498 42
1499 51
1500 39
1501 35
1502 42
1503 52
1504 54
1505 37
1506 39
1507 53
1508 38
1509 32
1510 45
1511 36
1512 43
1513 45
1514 52
1515 33
1516 43
1517 42
1518 35
1519 40
1520 41
1521 41
1522 33
1523 34
1524 49
1525 46
1526 28
1527 41
1528 31
1529 42
1530 32
1531 37
1532 36
1533 30
1534 25
1535 45
1536 36
1537 40
1538 42
1539 40
1540 35
1541 32
1542 37
1543 37
1544 37
1545 34
1546 40
1547 36
1548 39
1549 26
1550 29
1551 29
1552 29
1553 43
1554 47
1555 22
1556 28
1557 34
1558 43
1559 24
1560 34
1561 28
1562 37
1563 27
1564 38
1565 44
1566 29
1567 35
1568 32
1569 30
1570 23
1571 26
1572 33
1573 30
1574 30
1575 36
1576 27
1577 29
1578 25
1579 27
1580 27
1581 31
1582 30
1583 21
1584 27
1585 31
1586 25
1587 23
1588 35
1589 23
1590 36
1591 30
1592 27
1593 28
1594 31
1595 25
1596 28
1597 24
1598 22
1599 31
1600 32
1601 29
1602 34
1603 28
1604 24
1605 20
1606 25
1607 27
1608 22
1609 30
1610 23
1611 31
1612 27
1613 21
1614 28
1615 11
1616 27
1617 13
1618 17
1619 23
1620 26
1621 24
1622 26
1623 21
1624 5
1625 22
1626 30
1627 18
1628 25
1629 25
1630 22
1631 14
1632 14
1633 13
1634 14
1635 25
1636 26
1637 16
1638 24
1639 24
1640 24
1641 15
1642 31
1643 14
1644 17
1645 22
1646 21
1647 19
1648 14
1649 18
1650 30
1651 22
1652 15
1653 25
1654 26
1655 14
1656 19
1657 15
1658 19
1659 22
1660 20
1661 17
1662 19
1663 14
1664 17
1665 9
1666 13
1667 17
1668 25
1669 18
1670 16
1671 16
1672 16
1673 18
1674 18
1675 14
1676 18
1677 11
1678 19
1679 12
1680 17
1681 15
1682 15
1683 14
1684 19
1685 19
1686 20
1687 16
1688 17
1689 13
1690 13
1691 19
1692 9
1693 12
1694 10
1695 19
1696 15
1697 19
1698 12
1699 17
1700 10
1701 16
1702 16
1703 16
1704 14
1705 17
1706 14
1707 11
1708 20
1709 15
1710 15
1711 15
1712 12
1713 16
1714 11
1715 10
1716 11
1717 13
1718 16
1719 7
1720 20
1721 16
1722 10
1723 8
1724 12
1725 12
1726 6
1727 10
1728 9
1729 18
1730 12
1731 11
1732 13
1733 21
1734 10
1735 17
1736 13
1737 8
1738 7
1739 9
1740 10
1741 14
1742 13
1743 10
1744 12
1745 7
1746 11
1747 4
1748 7
1749 7
1750 9
1751 12
1752 9
1753 11
1754 11
1755 11
1756 15
1757 9
1758 15
1759 9
1760 7
1761 6
1762 12
1763 11
1764 11
1765 3
1766 10
1767 7
1768 10
1769 5
1770 8
1771 6
1772 8
1773 6
1774 9
1775 11
1776 5
1777 10
1778 5
1779 6
1780 6
1781 8
1782 8
1783 10
1784 12
1785 6
1786 10
1787 15
1788 9
1789 7
1790 10
1791 10
1792 6
1793 10
1794 9
1795 8
1796 4
1797 7
1798 8
1799 7
1800 5
1801 5
1802 5
1803 9
1804 5
1805 4
1806 12
1807 5
1808 8
1809 6
1810 3
1811 4
1812 2
1813 7
1814 7
1815 9
1816 8
1817 5
1818 8
1819 7
1820 8
1821 7
1822 10
1823 3
1824 5
1825 4
1826 8
1827 9
1828 6
1829 2
1830 4
1831 5
1832 3
1833 6
1834 7
1835 8
1836 5
1837 3
1838 5
1839 7
1840 7
1841 4
1842 6
1843 5
1844 9
1845 6
1846 7
1847 5
1848 3
1849 1
1850 5
1851 5
1852 4
1853 3
1854 2
1855 6
1856 5
1857 2
1858 5
1859 3
1860 6
1861 6
1862 2
1863 7
1864 1
1865 2
1866 2
1867 6
1868 8
1869 3
1870 6
1871 5
1872 6
1873 4
1874 2
1875 3
1876 6
1877 3
1878 7
1879 5
1880 7
1881 3
1882 5
1883 2
1884 6
1885 7
1886 0
1887 3
1888 5
1889 3
1890 3
1891 3
1892 2
1893 1
1894 6
1895 4
1896 2
1897 5
1898 4
1899 2
1900 3
1901 4
1902 3
1903 5
1904 5
1905 2
1906 2
1907 1
1908 2
1909 5
1910 3
1911 6
1912 5
1913 2
1914 4
1915 3
1916 3
1917 4
1918 2
1919 3
1920 5
1921 2
1922 5
1923 3
1924 2
1925 5
1926 5
1927 4
1928 3
1929 3
1930 4
1931 2
1932 2
1933 4
1934 1
1935 5
1936 4
1937 2
1938 2
1939 2
1940 1
1941 1
1942 2
1943 3
1944 4
1945 1
1946 4
1947 4
1948 4
1949 2
1950 3
1951 3
1952 4
1953 2
1954 2
1955 2
1956 2
1957 1
1958 4
1959 4
1960 0
1961 2
1962 4
1963 3
1964 3
1965 1
1966 2
1967 2
1968 3
1969 4
1970 2
1971 3
1972 1
1973 2
1974 2
1975 3
1976 5
1977 1
1978 1
1979 1
1980 1
1981 3
1982 3
1983 1
1984 2
1985 1
1986 4
1987 0
1988 3
1989 2
1990 2
1991 2
1992 2
1993 5
1994 0
1995 2
1996 2
1997 0
1998 5
1999 1
2000 3
2001 0
2002 0
2003 3
2004 2
2005 2
2006 1
2007 2
2008 1
2009 2
2010 1
2011 3
2012 2
2013 3
2014 1
2015 2
2016 2
2017 1
2018 4
2019 3
2020 5
2021 0
2022 1
2023 1
2024 0
2025 2
2026 4
2027 0
2028 4
2029 1
2030 2
2031 2
2032 3
2033 3
2034 1
2035 2
2036 3
2037 1
2038 1
2039 3
2040 0
2041 1
2042 1
2043 2
2044 0
2045 1
2046 2
2047 4
2048 1
2049 3
2050 3
2051 2
2052 3
2053 2
2054 0
2055 1
2056 2
2057 1
2058 1
2059 0
2060 2
2061 4
2062 1
2063 3
2064 0
2065 2
2066 1
2067 1
2068 0
2069 1
2070 0
2071 0
2072 2
2073 2
2074 1
2075 2
2076 1
2077 1
2078 2
2079 0
2080 2
2081 1
2082 1
2083 2
2084 3
2085 0
2086 1
2087 0
2088 2
2089 0
2090 1
2091 1
2092 1
2093 0
2094 2
2095 2
2096 0
2097 3
2098 2
2099 0
2100 1
2101 1
2102 1
2103 0
2104 0
2105 2
2106 1
2107 0
2108 3
2109 2
2110 1
2111 1
2112 0
2113 1
2114 2
2115 0
2116 0
2117 1
2118 1
2119 0
2120 2
2121 1
2122 2
2123 0
2124 2
2125 0
2126 1
2127 0
2128 1
2129 0
2130 1
2131 0
2132 1
2133 0
2134 2
2135 1
2136 0
2137 0
2138 2
2139 1
2140 0
2141 0
2142 0
2143 1
2144 0
2145 2
2146 3
2147 0
2148 0
2149 2
2150 0
2151 1
2152 0
2153 1
2154 1
2155 0
2156 0
2157 1
2158 0
2159 0
2160 0
2161 2
2162 0
2163 0
2164 0
2165 2
2166 0
2167 0
2168 0
2169 0
2170 2
2171 0
2172 1
2173 1
2174 1
2175 1
2176 2
2177 0
2178 0
2179 3
2180 0
2181 0
2182 0
2183 3
2184 1
2185 0
2186 1
2187 0
2188 0
2189 1
2190 0
2191 0
2192 1
2193 0
2194 1
2195 3
2196 0
2197 0
2198 2
2199 0
2200 0
2201 0
2202 2
2203 0
2204 0
2205 0
2206 0
2207 0
2208 0
2209 1
2210 0
2211 0
2212 1
2213 1
2214 0
2215 1
2216 0
2217 0
2218 1
2219 1
2220 1
2221 0
2222 0
2223 1
2224 0
2225 1
2226 1
2227 1
2228 0
2229 1
2230 0
2231 0
2232 1
2233 1
2234 0
2235 0
2236 0
2237 0
2238 0
2239 1
2240 1
2241 0
2242 0
2243 0
2244 0
2245 0
2246 2
2247 1
2248 0
2249 1
2250 0
2251 0
2252 1
2253 1
2254 0
2255 0
2256 0
2257 0
2258 0
2259 0
2260 0
2261 0
2262 0
2263 1
2264 0
2265 1
2266 0
2267 2
2268 0
2269 0
2270 0
2271 0
2272 1
2273 0
2274 1
2275 0
2276 0
2277 0
2278 1
2279 0
2280 0
2281 0
2282 1
2283 0
2284 0
2285 0
2286 1
2287 0
2288 1
2289 0
2290 0
2291 0
2292 0
2293 0
2294 0
2295 1
2296 0
2297 0
2298 0
2299 0
2300 0
2301 0
2302 1
2303 0
2304 0
2305 0
2306 0
2307 0
2308 1
2309 0
2310 0
2311 0
2312 0
2313 0
2314 0
2315 0
2316 0
2317 0
2318 0
2319 0
2320 0
2321 0
2322 0
2323 1
2324 1
2325 1
2326 0
2327 0
2328 0
2329 0
2330 0
2331 0
2332 0
2333 0
2334 0
2335 0
2336 0
2337 0
2338 0
2339 1
2340 0
2341 0
2342 0
2343 0
2344 0
2345 0
2346 0
2347 0
2348 1
2349 0
2350 0
2351 0
2352 1
2353 0
2354 0
2355 0
2356 0
2357 1
2358 0
2359 0
2360 0
2361 1
2362 0
2363 0
2364 0
2365 1
2366 1
2367 0
2368 0
2369 0
2370 1
2371 1
2372 0
2373 0
2374 0
2375 2
2376 0
2377 0
2378 0
2379 1
2380 0
2381 0
2382 0
2383 0
2384 0
2385 0
2386 0
2387 0
2388 0
2389 0
2390 0
2391 0
2392 0
2393 0
2394 1
2395 1
2396 0
2397 0
2398 0
2399 0
2400 0
2401 0
2402 0
2403 0
2404 0
2405 0
2406 0
2407 0
2408 0
2409 0
2410 0
2411 0
2412 0
2413 0
2414 0
2415 0
2416 0
2417 0
2418 0
2419 0
2420 0
2421 0
2422 0
2423 0
2424 0
2425 0
2426 0
2427 1
2428 0
2429 0
2430 0
2431 0
2432 0
2433 0
2434 0
2435 0
2436 0
2437 0
2438 0
2439 0
2440 0
2441 0
2442 0
2443 1
2444 0
2445 0
2446 0
2447 0
2448 0
2449 0
2450 0
2451 0
2452 1
2453 0
2454 0
2455 0
2456 0
2457 0
2458 0
2459 0
2460 0
2461 1
2462 0
2463 1
2464 0
2465 0
2466 0
2467 0
2468 0
2469 1
2470 0
2471 0
2472 0
2473 0
2474 0
2475 0
2476 0
2477 0
2478 0
2479 0
2480 0
2481 0
2482 0
2483 0
2484 1
2485 0
2486 0
2487 0
2488 0
2489 0
2490 1
2491 0
2492 2
2493 0
2494 0
2495 0
2496 0
2497 0
2498 0
2499 0
2500 0
2501 0
2502 1
2503 0
2504 1
2505 0
2506 0
2507 0
2508 0
2509 0
2510 0
2511 0
2512 0
2513 1
2514 0
2515 0
2516 0
2517 0
2518 0
2519 0
2520 0
2521 0
2522 0
2523 0
2524 0
2525 0
2526 0
2527 0
2528 0
2529 1
2530 0
2531 0
2532 0
2533 0
2534 1
2535 0
2536 0
2537 0
2538 0
2539 0
2540 0
2541 0
2542 0
2543 0
2544 1
2545 0
2546 0
2547 1
2548 0
2549 0
2550 0
2551 0
2552 0
2553 0
2554 0
2555 0
2556 0
2557 0
2558 0
2559 0
2560 0
2561 0
2562 0
2563 0
2564 0
2565 0
2566 0
2567 0
2568 0
2569 0
2570 0
2571 0
2572 0
2573 0
2574 0
2575 0
2576 0
2577 0
2578 0
2579 0
2580 0
2581 0
2582 0
2583 0
2584 0
2585 0
2586 0
2587 0
2588 0
2589 0
2590 0
2591 0
2592 0
2593 1
2594 0
2595 1
2596 0
2597 0
2598 0
2599 0
2600 0
2601 0
2602 0
2603 0
2604 0
2605 0
2606 0
2607 0
2608 0
2609 0
2610 0
2611 0
2612 0
2613 0
2614 0
2615 0
2616 0
2617 0
2618 0
2619 0
2620 0
2621 0
2622 0
2623 0
2624 0
2625 0
2626 1
2627 0
2628 0
2629 1
2630 1
2631 0
2632 0
2633 1
2634 0
2635 0
2636 0
2637 0
2638 0
2639 0
2640 0
2641 0
2642 0
2643 0
2644 1
2645 1
2646 0
2647 0
2648 0
2649 0
2650 0
2651 0
2652 1
2653 0
2654 0
2655 0
2656 0
2657 0
2658 0
2659 0
2660 0
2661 0
2662 0
2663 0
2664 0
2665 0
2666 0
2667 0
2668 0
2669 0
2670 0
2671 0
2672 0
2673 0
2674 0
2675 0
2676 0
2677 0
2678 0
2679 0
2680 0
2681 1
2682 0
2683 0
2684 0
2685 0
2686 0
2687 0
2688 0
2689 0
2690 0
2691 0
2692 0
2693 0
2694 0
2695 0
2696 0
2697 0
2698 0
2699 0
2700 0
2701 0
2702 0
2703 0
2704 0
2705 0
2706 0
2707 0
2708 0
2709 0
2710 0
2711 0
2712 0
2713 0
2714 0
2715 1
2716 0
2717 0
2718 0
2719 0
2720 0
2721 0
2722 0
2723 1
2724 0
2725 0
2726 0
2727 0
2728 0
2729 0
2730 0
2731 0
2732 0
2733 0
2734 0
2735 0
2736 0
2737 0
2738 1
2739 0
2740 0
2741 0
2742 0
2743 0
2744 0
2745 0
2746 0
2747 0
2748 0
2749 0
2750 0
2751 0
2752 0
2753 1
2754 0
2755 0
2756 0
2757 0
2758 1
2759 0
2760 0
2761 0
2762 0
2763 0
2764 0
2765 0
2766 0
2767 0
2768 0
2769 0
2770 0
2771 0
2772 0
2773 0
2774 0
2775 0
2776 1
2777 0
2778 0
2779 0
2780 0
2781 0
2782 1
2783 0
2784 0
2785 0
2786 0
2787 0
2788 0
2789 0
2790 0
2791 0
2792 0
2793 0
2794 0
2795 0
2796 0
2797 0
2798 0
2799 0
2800 0
2801 0
2802 0
2803 0
2804 0
2805 0
2806 0
2807 0
2808 0
2809 1
2810 0
2811 0
2812 0
2813 0
2814 0
2815 0
2816 1
2817 0
2818 0
2819 0
2820 0
2821 0
2822 0
2823 0
2824 0
2825 0
2826 0
2827 0
2828 0
2829 0
2830 0
2831 0
2832 0
2833 0
2834 0
2835 0
2836 0
2837 0
2838 0
2839 0
2840 0
2841 0
2842 0
2843 0
2844 0
2845 0
2846 0
2847 0
2848 0
2849 0
2850 0
2851 0
2852 0
2853 0
2854 0
2855 0
2856 0
2857 0
2858 0
2859 0
2860 0
2861 0
2862 0
2863 0
2864 0
2865 0
2866 0
2867 0
2868 0
2869 0
2870 0
2871 0
2872 1
2873 0
2874 0
2875 0
2876 0
2877 0
2878 0
2879 1
2880 0
2881 0
2882 0
2883 0
2884 0
2885 0
2886 0
2887 0
2888 0
2889 0
2890 1
2891 0
2892 0
2893 0
2894 0
2895 0
2896 0
2897 0
2898 1
2899 0
2900 0
2901 0
2902 0
2903 0
2904 0
2905 0
2906 0
2907 0
2908 0
2909 0
2910 0
2911 0
2912 0
2913 0
2914 0
2915 0
2916 0
2917 0
2918 0
2919 0
2920 0
2921 0
2922 0
2923 0
2924 0
2925 0
2926 0
2927 0
2928 0
2929 0
2930 0
2931 0
2932 0
2933 0
2934 0
2935 0
2936 0
2937 0
2938 0
2939 0
2940 0
2941 0
2942 0
2943 0
2944 0
2945 0
2946 0
2947 0
2948 0
2949 0
2950 0
2951 0
2952 0
2953 0
2954 0
2955 0
2956 0
2957 0
2958 0
2959 0
2960 1
2961 0
2962 0
2963 0
2964 0
2965 0
2966 0
2967 0
2968 0
2969 0
2970 0
2971 0
2972 0
2973 0
2974 0
2975 0
2976 0
2977 0
2978 0
2979 0
2980 0
2981 0
2982 0
2983 0
2984 0
2985 0
2986 0
2987 0
2988 0
2989 0
2990 0
2991 0
2992 0
2993 0
2994 0
2995 0
2996 0
2997 0
2998 0
2999 0
3000 0
3001 0
3002 0
3003 0
3004 0
3005 0
3006 0
3007 0
3008 0
3009 0
3010 0
3011 0
3012 0
3013 0
3014 0
3015 0
3016 0
3017 0
3018 0
3019 0
3020 0
3021 0
3022 0
3023 0
3024 0
3025 0
3026 0
3027 0
3028 0
3029 0
3030 0
3031 1
3032 0
3033 0
3034 0
3035 0
3036 0
3037 0
3038 0
3039 0
3040 0
3041 0
3042 0
3043 0
3044 0
3045 0
3046 0
3047 0
3048 1
3049 0
3050 0
3051 0
3052 0
3053 0
3054 0
3055 0
3056 0
3057 0
3058 0
3059 0
3060 0
3061 1
3062 0
3063 1
3064 0
3065 0
3066 0
3067 0
3068 0
3069 0
3070 0
3071 0
3072 0
3073 0
3074 0
3075 0
3076 0
3077 0
3078 0
3079 0
3080 0
3081 0
3082 0
3083 0
3084 0
3085 0
3086 0
3087 0
3088 0
3089 0
3090 0
3091 0
3092 0
3093 0
3094 0
3095 0
3096 0
3097 0
3098 0
3099 0
3100 0
3101 0
3102 0
3103 0
3104 1
3105 0
3106 0
3107 0
3108 0
3109 0
3110 0
3111 0
3112 0
3113 0
3114 0
3115 0
3116 0
3117 0
3118 0
3119 0
3120 0
3121 0
3122 0
3123 0
3124 0
3125 0
3126 0
3127 0
3128 0
3129 0
3130 0
3131 0
3132 0
3133 0
3134 0
3135 0
3136 0
3137 0
3138 0
3139 1
3140 0
3141 0
3142 0
3143 0
3144 0
3145 0
3146 1
3147 0
3148 0
3149 0
3150 0
3151 0
3152 0
3153 0
3154 0
3155 0
3156 0
3157 0
3158 0
3159 0
3160 0
3161 0
3162 0
3163 0
3164 0
3165 0
3166 0
3167 0
3168 0
3169 1
3170 0
3171 0
3172 0
3173 0
3174 0
3175 0
3176 0
3177 0
3178 0
3179 0
3180 0
3181 0
3182 0
3183 0
3184 0
3185 0
3186 0
3187 0
3188 0
3189 0
3190 0
3191 0
3192 0
3193 0
3194 0
3195 0
3196 0
3197 0
3198 0
3199 0
3200 0
3201 0
3202 0
3203 0
3204 0
3205 0
3206 0
3207 0
3208 0
3209 0
3210 0
3211 0
3212 0
3213 0
3214 0
3215 0
3216 0
3217 0
3218 0
3219 0
3220 0
3221 0
3222 0
3223 0
3224 0
3225 0
3226 0
3227 0
3228 0
3229 0
3230 0
3231 0
3232 0
3233 0
3234 0
3235 0
3236 0
3237 0
3238 0
3239 0
3240 0
3241 0
3242 0
3243 0
3244 0
3245 0
3246 0
3247 0
3248 0
3249 0
3250 0
3251 0
3252 0
3253 0
3254 0
3255 0
3256 0
3257 0
3258 0
3259 0
3260 0
3261 0
3262 0
3263 0
3264 0
3265 0
3266 0
3267 0
3268 0
3269 0
3270 0
3271 0
3272 0
3273 0
3274 0
3275 0
3276 0
3277 0
3278 0
3279 0
3280 0
3281 0
3282 0
3283 0
3284 0
3285 0
3286 0
3287 0
3288 0
3289 0
3290 0
3291 0
3292 0
3293 0
3294 0
3295 0
3296 0
3297 0
3298 0
3299 0
3300 0
3301 0
3302 0
3303 0
3304 0
3305 0
3306 0
3307 0
3308 0
3309 0
3310 0
3311 0
3312 0
3313 0
3314 0
3315 0
3316 0
3317 0
3318 0
3319 0
3320 0
3321 0
3322 0
3323 0
3324 0
3325 0
3326 0
3327 0
3328 0
3329 0
3330 0
3331 0
3332 0
3333 0
3334 0
3335 0
3336 1
3337 0
3338 0
3339 0
3340 0
3341 0
3342 0
3343 0
3344 0
3345 0
3346 0
3347 0
3348 0
3349 0
3350 0
3351 0
3352 0
3353 0
3354 0
3355 0
3356 0
3357 0
3358 0
3359 0
3360 0
3361 0
3362 0
3363 0
3364 0
3365 0
3366 0
3367 0
3368 0
3369 0
3370 0
3371 0
3372 0
3373 0
3374 0
3375 0
3376 0
3377 0
3378 0
3379 0
3380 0
3381 0
3382 0
3383 0
3384 0
3385 0
3386 0
3387 0
3388 0
3389 0
3390 0
3391 0
3392 0
3393 0
3394 0
3395 0
3396 0
3397 0
3398 0
3399 0
3400 0
3401 0
3402 0
3403 0
3404 0
3405 0
3406 0
3407 0
3408 0
3409 0
3410 0
3411 0
3412 0
3413 0
3414 0
3415 0
3416 0
3417 0
3418 0
3419 0
3420 0
3421 0
3422 0
3423 0
3424 0
3425 0
3426 0
3427 0
3428 0
3429 0
3430 0
3431 0
3432 0
3433 0
3434 0
3435 0
3436 0
3437 0
3438 0
3439 0
3440 0
3441 0
3442 0
3443 0
3444 0
3445 0
3446 0
3447 0
3448 0
3449 0
3450 0
3451 0
3452 0
3453 0
3454 0
3455 0
3456 0
3457 0
3458 0
3459 0
3460 0
3461 1
3462 0
3463 0
3464 0
3465 0
3466 0
3467 0
3468 0
3469 0
3470 0
3471 0
3472 0
3473 0
3474 0
3475 0
3476 0
3477 0
3478 0
3479 0
3480 0
3481 0
3482 0
3483 0
3484 0
3485 0
3486 0
3487 0
3488 0
3489 0
3490 0
3491 0
3492 0
3493 0
3494 0
3495 0
3496 0
3497 0
3498 0
3499 0
3500 0
3501 0
3502 0
3503 0
3504 0
3505 0
3506 0
3507 0
3508 0
3509 0
3510 0
3511 0
3512 0
3513 0
3514 0
3515 0
3516 0
3517 0
3518 0
3519 0
3520 0
3521 0
3522 0
3523 0
3524 0
3525 0
3526 0
3527 0
3528 0
3529 0
3530 0
3531 0
3532 0
3533 0
3534 0
3535 0
3536 0
3537 0
3538 0
3539 0
3540 0
3541 0
3542 0
3543 0
3544 0
3545 0
3546 0
3547 0
3548 0
3549 0
3550 0
3551 0
3552 0
3553 0
3554 0
3555 0
3556 0
3557 0
3558 0
3559 0
3560 0
3561 0
3562 0
3563 0
3564 0
3565 0
3566 0
3567 0
3568 0
3569 0
3570 0
3571 0
3572 0
3573 0
3574 0
3575 0
3576 0
3577 0
3578 0
3579 0
3580 0
3581 0
3582 0
3583 0
3584 0
3585 0
3586 0
3587 0
3588 0
3589 0
3590 0
3591 0
3592 0
3593 0
3594 0
3595 0
3596 0
3597 0
3598 0
3599 0
3600 0
3601 0
3602 0
3603 0
3604 0
3605 0
3606 0
3607 0
3608 0
3609 0
3610 0
3611 0
3612 0
3613 0
3614 0
3615 0
3616 0
3617 0
3618 0
3619 0
3620 0
3621 0
3622 0
3623 0
3624 0
3625 0
3626 0
3627 0
3628 0
3629 0
3630 0
3631 0
3632 0
3633 0
3634 0
3635 0
3636 0
3637 0
3638 0
3639 0
3640 0
3641 0
3642 0
3643 0
3644 0
3645 0
3646 0
3647 0
3648 0
3649 0
3650 1
3651 0
3652 0
3653 0
3654 0
3655 0
3656 0
3657 0
3658 0
3659 0
3660 0
3661 0
3662 0
3663 0
3664 0
3665 0
3666 0
3667 0
3668 0
3669 0
3670 0
3671 0
3672 0
3673 0
3674 0
3675 0
3676 0
3677 0
3678 0
3679 0
3680 0
3681 0
3682 0
3683 0
3684 0
3685 0
3686 0
3687 0
3688 0
3689 0
3690 0
3691 0
3692 0
3693 0
3694 0
3695 0
3696 0
3697 0
3698 0
3699 0
3700 0
3701 0
3702 0
3703 0
3704 0
3705 0
3706 0
3707 0
3708 0
3709 0
3710 0
3711 0
3712 0
3713 0
3714 0
3715 0
3716 0
3717 0
3718 0
3719 0
3720 0
3721 0
3722 0
3723 0
3724 0
3725 0
3726 0
3727 0
3728 0
3729 0
3730 0
3731 0
3732 0
3733 0
3734 0
3735 0
3736 0
3737 0
3738 0
3739 0
3740 0
3741 0
3742 0
3743 0
3744 0
3745 0
3746 0
3747 0
3748 0
3749 0
3750 0
3751 0
3752 0
3753 0
3754 0
3755 0
3756 0
3757 0
3758 0
3759 0
3760 0
3761 0
3762 0
3763 0
3764 0
3765 0
3766 0
3767 0
3768 0
3769 0
3770 0
3771 0
3772 0
3773 0
3774 0
3775 0
3776 0
3777 0
3778 0
3779 0
3780 0
3781 0
3782 0
3783 0
3784 0
3785 0
3786 0
3787 0
3788 0
3789 0
3790 0
3791 0
3792 0
3793 0
3794 0
3795 0
3796 0
3797 0
3798 0
3799 0
3800 0
3801 0
3802 0
3803 0
3804 0
3805 0
3806 0
3807 0
3808 0
3809 0
3810 0
3811 0
3812 0
3813 0
3814 0
3815 0
3816 0
3817 0
3818 0
3819 0
3820 0
3821 0
3822 0
3823 0
3824 0
3825 0
3826 0
3827 0
3828 0
3829 0
3830 0
3831 0
3832 0
3833 0
3834 0
3835 0
3836 0
3837 0
3838 0
3839 0
3840 0
3841 0
3842 0
3843 0
3844 0
3845 0
3846 0
3847 0
3848 0
3849 0
3850 0
3851 0
3852 0
3853 0
3854 0
3855 0
3856 0
3857 0
3858 0
3859 0
3860 0
3861 0
3862 0
3863 0
3864 0
3865 0
3866 0
3867 0
3868 0
3869 0
3870 0
3871 0
3872 1
3873 0
3874 0
3875 0
3876 0
3877 0
3878 0
3879 0
3880 0
3881 0
3882 0
3883 0
3884 0
3885 0
3886 0
3887 0
3888 0
3889 0
3890 0
3891 0
3892 0
3893 0
3894 0
3895 0
3896 0
3897 1
3898 0
3899 0
3900 1
3901 0
3902 0
3903 0
3904 0
3905 0
3906 0
3907 0
3908 0
3909 0
3910 0
3911 0
3912 0
3913 0
3914 0
3915 0
3916 0
3917 0
3918 0
3919 0
3920 0
3921 0
3922 0
3923 0
3924 0
3925 0
3926 0
3927 0
3928 0
3929 0
3930 0
3931 0
3932 0
3933 0
3934 0
3935 0
3936 0
3937 0
3938 0
3939 0
3940 0
3941 0
3942 0
3943 0
3944 0
3945 0
3946 0
3947 0
3948 0
3949 0
3950 0
3951 0
3952 0
3953 0
3954 0
3955 0
3956 0
3957 0
3958 0
3959 0
3960 0
3961 0
3962 0
3963 0
3964 0
3965 0
3966 0
3967 0
3968 0
3969 0
3970 0
3971 0
3972 0
3973 0
3974 0
3975 0
3976 0
3977 0
3978 0
3979 0
3980 0
3981 0
3982 0
3983 0
3984 0
3985 0
3986 0
3987 0
3988 0
3989 0
3990 0
3991 0
3992 0
3993 0
3994 0
3995 0
3996 0
3997 0
3998 0
3999 0
4000 0
