0 0
1 0
2 0
3 0
4 0
5 0
6 0
7 0
8 0
9 0
10 0
11 0
12 0
13 0
14 0
15 0
16 0
17 0
18 0
19 0
20 0
21 0
22 0
23 0
24 0
25 0
26 0
27 0
28 0
29 0
30 0
31 0
32 0
33 0
34 0
35 0
36 0
37 0
38 0
39 0
40 0
41 0
42 0
43 0
44 0
45 0
46 0
47 0
48 0
49 0
50 0
51 0
52 0
53 0
54 0
55 0
56 0
57 0
58 0
59 0
60 0
61 0
62 0
63 0
64 0
65 0
66 0
67 0
68 0
69 0
70 0
71 0
72 0
73 0
74 0
75 0
76 0
77 0
78 0
79 0
80 0
81 0
82 0
83 0
84 0
85 0
86 0
87 0
88 0
89 0
90 0
91 0
92 0
93 0
94 0
95 0
96 0
97 0
98 0
99 0
100 0
101 0
102 0
103 0
104 0
105 0
106 0
107 0
108 0
109 0
110 0
111 0
112 0
113 0
114 0
115 0
116 0
117 0
118 0
119 0
120 0
121 0
122 0
123 0
124 0
125 0
126 0
127 0
128 0
129 0
130 0
131 0
132 0
133 0
134 0
135 0
136 0
137 0
138 0
139 0
140 0
141 0
142 0
143 0
144 0
145 0
146 0
147 0
148 0
149 1
150 2
151 1
152 1
153 2
154 2
155 2
156 3
157 4
158 4
159 3
160 5
161 5
162 6
163 4
164 10
165 10
166 6
167 7
168 6
169 5
170 7
171 10
172 6
173 10
174 7
175 23
176 37
177 57
178 79
179 100
180 156
181 143
182 168
183 185
184 254
185 413
186 677
187 1113
188 1627
189 2258
190 2744
191 3095
192 3204
193 3138
194 3001
195 2811
196 2496
197 2406
198 2081
199 1968
200 1723
201 1616
202 1381
203 1276
204 1219
205 1082
206 1068
207 957
208 911
209 897
210 849
211 864
212 888
213 813
214 819
215 842
216 805
217 800
218 823
219 882
220 860
221 822
222 827
223 824
224 817
225 880
226 849
227 858
228 836
229 863
230 881
231 930
232 906
233 874
234 926
235 895
236 960
237 900
238 962
239 960
240 959
241 964
242 910
243 958
244 935
245 997
246 1005
247 970
248 1012
249 981
250 991
251 987
252 956
253 983
254 1027
255 1029
256 1068
257 1001
258 1041
259 1085
260 1075
261 1053
262 1033
263 1128
264 1044
265 1078
266 1096
267 1094
268 1120
269 1122
270 1088
271 1153
272 1101
273 1093
274 1227
275 1103
276 1215
277 1163
278 1151
279 1153
280 1147
281 1112
282 1180
283 1212
284 1204
285 1193
286 1215
287 1162
288 1191
289 1160
290 1131
291 1247
292 1221
293 1284
294 1223
295 1239
296 1179
297 1263
298 1265
299 1268
300 1245
301 1222
302 1273
303 1302
304 1236
305 1266
306 1306
307 1293
308 1281
309 1311
310 1333
311 1319
312 1330
313 1309
314 1297
315 1359
316 1310
317 1425
318 1375
319 1408
320 1374
321 1410
322 1395
323 1416
324 1356
325 1355
326 1337
327 1398
328 1412
329 1363
330 1395
331 1427
332 1412
333 1434
334 1386
335 1471
336 1426
337 1480
338 1401
339 1445
340 1483
341 1495
342 1499
343 1466
344 1546
345 1474
346 1484
347 1464
348 1537
349 1558
350 1587
351 1541
352 1595
353 1533
354 1560
355 1585
356 1517
357 1574
358 1660
359 1604
360 1637
361 1666
362 1561
363 1642
364 1709
365 1641
366 1616
367 1597
368 1664
369 1646
370 1727
371 1693
372 1687
373 1680
374 1671
375 1720
376 1686
377 1649
378 1658
379 1771
380 1695
381 1714
382 1703
383 1800
384 1790
385 1748
386 1769
387 1742
388 1790
389 1713
390 1781
391 1749
392 1804
393 1721
394 1816
395 1822
396 1708
397 1805
398 1754
399 1766
400 1818
401 1816
402 1821
403 1860
404 1766
405 1794
406 1829
407 1850
408 1836
409 1929
410 1800
411 1835
412 1880
413 1769
414 1907
415 1862
416 1854
417 1860
418 1904
419 1834
420 1828
421 1828
422 1900
423 1886
424 1915
425 1877
426 1930
427 1854
428 1851
429 1912
430 1808
431 1877
432 1903
433 1868
434 1840
435 1908
436 1847
437 1858
438 1887
439 1979
440 1748
441 1697
442 1892
443 1853
444 1817
445 1907
446 1818
447 1846
448 1894
449 1875
450 1860
451 1876
452 1884
453 1848
454 1861
455 1893
456 1815
457 1847
458 1782
459 1837
460 1841
461 1826
462 1815
463 1831
464 1794
465 1729
466 1821
467 1765
468 1698
469 1791
470 1839
471 1764
472 1818
473 1792
474 1802
475 1734
476 1786
477 1714
478 1758
479 1833
480 1733
481 1785
482 1683
483 1688
484 1708
485 1659
486 1743
487 1688
488 1698
489 1654
490 1712
491 1668
492 1678
493 1634
494 1628
495 1679
496 1641
497 1672
498 1579
499 1582
500 1600
501 1651
502 1615
503 1553
504 1597
505 1576
506 1548
507 1508
508 1491
509 1530
510 1550
511 1481
512 1546
513 1521
514 1495
515 1548
516 1465
517 1537
518 1468
519 1444
520 1372
521 1478
522 1427
523 1402
524 1406
525 1358
526 1434
527 1435
528 1419
529 1327
530 1451
531 1380
532 1375
533 1387
534 1297
535 1305
536 1323
537 1326
538 1351
539 1250
540 1330
541 1249
542 1328
543 1292
544 1236
545 1259
546 1235
547 1241
548 1314
549 1154
550 1194
551 1257
552 1204
553 1172
554 1230
555 1169
556 1171
557 1193
558 1201
559 1110
560 1118
561 1165
562 1091
563 1081
564 1121
565 1100
566 1038
567 1095
568 988
569 1052
570 1039
571 1030
572 1033
573 1056
574 1039
575 1051
576 982
577 953
578 956
579 1003
580 981
581 974
582 934
583 932
584 924
585 926
586 943
587 894
588 883
589 870
590 916
591 870
592 879
593 840
594 841
595 899
596 849
597 855
598 842
599 847
600 874
601 775
602 784
603 783
604 812
605 772
606 817
607 763
608 777
609 709
610 740
611 769
612 720
613 717
614 726
615 755
616 736
617 756
618 732
619 710
620 701
621 660
622 701
623 659
624 688
625 676
626 652
627 677
628 612
629 611
630 618
631 681
632 672
633 661
634 637
635 616
636 664
637 582
638 614
639 623
640 587
641 553
642 598
643 610
644 578
645 619
646 563
647 582
648 567
649 519
650 565
651 567
652 513
653 538
654 529
655 545
656 488
657 490
658 492
659 546
660 518
661 492
662 505
663 502
664 527
665 472
666 495
667 497
668 490
669 429
670 490
671 426
672 489
673 446
674 391
675 416
676 441
677 467
678 434
679 438
680 407
681 417
682 430
683 469
684 411
685 443
686 417
687 398
688 403
689 384
690 410
691 401
692 386
693 379
694 399
695 391
696 363
697 369
698 374
699 363
700 387
701 366
702 359
703 365
704 353
705 360
706 344
707 336
708 330
709 339
710 324
711 317
712 341
713 309
714 377
715 326
716 369
717 332
718 325
719 318
720 315
721 317
722 339
723 324
724 328
725 333
726 343
727 338
728 305
729 322
730 341
731 323
732 300
733 298
734 295
735 307
736 310
737 273
738 311
739 326
740 301
741 308
742 313
743 319
744 317
745 318
746 306
747 311
748 322
749 276
750 301
751 269
752 285
753 274
754 263
755 283
756 283
757 274
758 263
759 295
760 271
761 288
762 315
763 295
764 289
765 278
766 244
767 266
768 280
769 289
770 237
771 257
772 271
773 277
774 251
775 272
776 279
777 257
778 230
779 250
780 253
781 262
782 237
783 257
784 233
785 255
786 268
787 272
788 243
789 235
790 255
791 239
792 248
793 231
794 274
795 242
796 242
797 287
798 215
799 259
800 229
801 248
802 236
803 218
804 255
805 253
806 261
807 254
808 229
809 262
810 235
811 249
812 245
813 223
814 252
815 226
816 251
817 235
818 258
819 248
820 245
821 211
822 230
823 256
824 213
825 228
826 222
827 249
828 252
829 260
830 254
831 228
832 235
833 246
834 224
835 278
836 236
837 253
838 216
839 243
840 249
841 219
842 232
843 250
844 213
845 253
846 225
847 229
848 205
849 225
850 188
851 236
852 201
853 212
854 239
855 204
856 201
857 228
858 211
859 229
860 231
861 210
862 239
863 202
864 234
865 231
866 233
867 212
868 221
869 239
870 238
871 216
872 205
873 216
874 216
875 205
876 230
877 239
878 205
879 208
880 207
881 204
882 226
883 206
884 196
885 217
886 232
887 236
888 203
889 210
890 239
891 209
892 216
893 219
894 226
895 190
896 229
897 185
898 214
899 206
900 216
901 197
902 178
903 214
904 215
905 229
906 181
907 226
908 227
909 203
910 220
911 203
912 193
913 198
914 213
915 204
916 215
917 210
918 190
919 186
920 188
921 205
922 211
923 189
924 207
925 192
926 190
927 204
928 209
929 166
930 191
931 194
932 191
933 206
934 218
935 227
936 195
937 206
938 176
939 190
940 200
941 201
942 187
943 209
944 218
945 202
946 192
947 198
948 190
949 179
950 206
951 191
952 215
953 190
954 189
955 194
956 197
957 169
958 207
959 178
960 185
961 208
962 164
963 188
964 212
965 184
966 201
967 190
968 189
969 214
970 175
971 176
972 213
973 206
974 201
975 181
976 190
977 207
978 182
979 189
980 196
981 181
982 177
983 182
984 165
985 193
986 210
987 187
988 170
989 193
990 193
991 178
992 193
993 184
994 191
995 217
996 176
997 164
998 184
999 188
1000 209
1001 181
1002 194
1003 190
1004 174
1005 161
1006 210
1007 190
1008 178
1009 188
1010 191
1011 153
1012 176
1013 184
1014 175
1015 180
1016 171
1017 156
1018 174
1019 183
1020 178
1021 163
1022 154
1023 178
1024 140
1025 177
1026 173
1027 168
1028 173
1029 170
1030 172
1031 169
1032 167
1033 186
1034 174
1035 161
1036 151
1037 177
1038 165
1039 170
1040 158
1041 160
1042 153
1043 170
1044 159
1045 170
1046 164
1047 163
1048 171
1049 148
1050 169
1051 162
1052 181
1053 177
1054 181
1055 163
1056 179
1057 142
1058 132
1059 142
1060 165
1061 186
1062 148
1063 158
1064 139
1065 137
1066 167
1067 139
1068 146
1069 134
1070 133
1071 167
1072 152
1073 169
1074 162
1075 147
1076 148
1077 153
1078 147
1079 161
1080 144
1081 146
1082 143
1083 157
1084 151
1085 153
1086 151
1087 154
1088 153
1089 153
1090 150
1091 167
1092 142
1093 127
1094 128
1095 137
1096 158
1097 129
1098 134
1099 142
1100 145
1101 131
1102 121
1103 135
1104 126
1105 155
1106 151
1107 139
1108 118
1109 122
1110 136
1111 138
1112 127
1113 139
1114 121
1115 136
1116 143
1117 134
1118 120
1119 137
1120 133
1121 113
1122 124
1123 100
1124 144
1125 142
1126 127
1127 118
1128 121
1129 131
1130 122
1131 125
1132 127
1133 107
1134 132
1135 107
1136 110
1137 116
1138 104
1139 113
1140 102
1141 119
1142 105
1143 121
1144 115
1145 99
1146 99
1147 123
1148 104
1149 136
1150 107
1151 126
1152 107
1153 112
1154 112
1155 97
1156 117
1157 106
1158 106
1159 115
1160 126
1161 117
1162 104
1163 117
1164 106
1165 101
1166 105
1167 117
1168 119
1169 123
1170 108
1171 112
1172 106
1173 99
1174 105
1175 105
1176 122
1177 99
1178 89
1179 82
1180 89
1181 109
1182 88
1183 119
1184 112
1185 96
1186 95
1187 87
1188 102
1189 100
1190 83
1191 74
1192 86
1193 91
1194 89
1195 100
1196 87
1197 107
1198 109
1199 86
1200 79
1201 90
1202 83
1203 89
1204 83
1205 90
1206 93
1207 104
1208 88
1209 82
1210 88
1211 99
1212 96
1213 90
1214 96
1215 72
1216 104
1217 87
1218 73
1219 63
1220 95
1221 98
1222 82
1223 78
1224 84
1225 100
1226 94
1227 84
1228 81
1229 85
1230 86
1231 66
1232 83
1233 86
1234 89
1235 67
1236 81
1237 92
1238 77
1239 67
1240 78
1241 90
1242 66
1243 62
1244 80
1245 79
1246 75
1247 72
1248 80
1249 62
1250 76
1251 79
1252 87
1253 64
1254 81
1255 71
1256 69
1257 74
1258 62
1259 61
1260 62
1261 84
1262 52
1263 73
1264 78
1265 68
1266 65
1267 65
1268 72
1269 50
1270 69
1271 92
1272 62
1273 70
1274 66
1275 66
1276 73
1277 61
1278 57
1279 61
1280 63
1281 62
1282 67
1283 68
1284 71
1285 71
1286 67
1287 64
1288 59
1289 58
1290 77
1291 71
1292 56
1293 51
1294 65
1295 55
1296 53
1297 56
1298 45
1299 52
1300 50
1301 52
1302 53
1303 50
1304 70
1305 60
1306 50
1307 60
1308 40
1309 59
1310 48
1311 50
1312 56
1313 54
1314 55
1315 55
1316 56
1317 47
1318 47
1319 51
1320 54
1321 60
1322 54
1323 52
1324 44
1325 41
1326 40
1327 46
1328 49
1329 47
1330 48
1331 55
1332 50
1333 49
1334 57
1335 50
1336 49
1337 45
1338 37
1339 59
1340 59
1341 59
1342 46
1343 48
1344 50
1345 40
1346 45
1347 47
1348 46
1349 51
1350 42
1351 42
1352 45
1353 43
1354 42
1355 45
1356 46
1357 39
1358 41
1359 41
1360 41
1361 39
1362 45
1363 34
1364 32
1365 46
1366 41
1367 36
1368 55
1369 37
1370 42
1371 45
1372 47
1373 41
1374 44
1375 42
1376 43
1377 34
1378 51
1379 32
1380 32
1381 40
1382 33
1383 40
1384 31
1385 34
1386 34
1387 30
1388 39
1389 39
1390 39
1391 34
1392 27
1393 50
1394 36
1395 33
1396 33
1397 29
1398 40
1399 42
1400 40
1401 41
1402 35
1403 33
1404 31
1405 36
1406 38
1407 36
1408 31
1409 34
1410 30
1411 25
1412 30
1413 23
1414 22
1415 41
1416 39
1417 35
1418 27
1419 29
1420 39
1421 46
1422 36
1423 25
1424 29
1425 21
1426 28
1427 29
1428 30
1429 28
1430 32
1431 44
1432 29
1433 28
1434 24
1435 26
1436 27
1437 24
1438 27
1439 19
1440 31
1441 29
1442 22
1443 34
1444 21
1445 24
1446 25
1447 21
1448 21
1449 28
1450 30
1451 28
1452 23
1453 29
1454 30
1455 35
1456 15
1457 28
1458 21
1459 25
1460 18
1461 16
1462 24
1463 14
1464 21
1465 29
1466 20
1467 27
1468 29
1469 16
1470 23
1471 25
1472 18
1473 27
1474 22
1475 22
1476 28
1477 20
1478 29
1479 19
1480 22
1481 12
1482 17
1483 19
1484 17
1485 21
1486 14
1487 25
1488 23
1489 16
1490 14
1491 26
1492 23
1493 22
1494 15
1495 20
1496 24
1497 21
1498 21
1499 18
1500 20
1501 21
1502 10
1503 16
1504 15
1505 21
1506 18
1507 18
1508 21
1509 21
1510 19
1511 16
1512 17
1513 14
1514 11
1515 18
1516 12
1517 17
1518 20
1519 15
1520 22
1521 16
1522 22
1523 27
1524 12
1525 16
1526 12
1527 23
1528 21
1529 16
1530 15
1531 10
1532 16
1533 16
1534 14
1535 18
1536 18
1537 18
1538 13
1539 15
1540 19
1541 11
1542 11
1543 14
1544 12
1545 11
1546 19
1547 19
1548 19
1549 10
1550 9
1551 8
1552 16
1553 15
1554 14
1555 12
1556 9
1557 11
1558 17
1559 18
1560 10
1561 16
1562 20
1563 9
1564 16
1565 14
1566 13
1567 11
1568 17
1569 8
1570 13
1571 13
1572 9
1573 10
1574 15
1575 11
1576 13
1577 9
1578 11
1579 13
1580 18
1581 17
1582 15
1583 4
1584 15
1585 11
1586 12
1587 11
1588 11
1589 10
1590 14
1591 10
1592 14
1593 8
1594 8
1595 11
1596 10
1597 14
1598 9
1599 12
1600 8
1601 6
1602 15
1603 8
1604 10
1605 9
1606 8
1607 9
1608 8
1609 7
1610 11
1611 3
1612 13
1613 14
1614 11
1615 13
1616 12
1617 9
1618 12
1619 5
1620 9
1621 12
1622 8
1623 10
1624 12
1625 13
1626 11
1627 7
1628 9
1629 6
1630 13
1631 11
1632 11
1633 5
1634 9
1635 9
1636 12
1637 9
1638 3
1639 8
1640 10
1641 7
1642 10
1643 8
1644 7
1645 10
1646 6
1647 11
1648 4
1649 8
1650 10
1651 6
1652 7
1653 7
1654 9
1655 9
1656 4
1657 11
1658 5
1659 4
1660 6
1661 7
1662 8
1663 8
1664 8
1665 7
1666 5
1667 8
1668 6
1669 6
1670 9
1671 5
1672 9
1673 10
1674 4
1675 9
1676 9
1677 7
1678 5
1679 5
1680 8
1681 3
1682 9
1683 6
1684 6
1685 7
1686 7
1687 6
1688 8
1689 9
1690 5
1691 8
1692 3
1693 6
1694 5
1695 2
1696 5
1697 7
1698 3
1699 4
1700 8
1701 4
1702 3
1703 4
1704 5
1705 5
1706 5
1707 3
1708 5
1709 8
1710 7
1711 3
1712 8
1713 7
1714 6
1715 6
1716 10
1717 8
1718 7
1719 2
1720 4
1721 6
1722 1
1723 4
1724 4
1725 6
1726 6
1727 6
1728 3
1729 5
1730 6
1731 0
1732 3
1733 5
1734 6
1735 7
1736 7
1737 5
1738 4
1739 7
1740 4
1741 3
1742 6
1743 5
1744 3
1745 3
1746 2
1747 7
1748 8
1749 3
1750 4
1751 4
1752 4
1753 2
1754 0
1755 5
1756 1
1757 2
1758 3
1759 3
1760 3
1761 3
1762 4
1763 4
1764 0
1765 2
1766 4
1767 2
1768 1
1769 4
1770 4
1771 2
1772 7
1773 3
1774 3
1775 6
1776 3
1777 5
1778 3
1779 2
1780 3
1781 5
1782 1
1783 4
1784 0
1785 4
1786 2
1787 3
1788 2
1789 7
1790 8
1791 6
1792 6
1793 5
1794 4
1795 2
1796 2
1797 2
1798 4
1799 3
1800 7
1801 1
1802 2
1803 2
1804 3
1805 3
1806 1
1807 0
1808 1
1809 1
1810 3
1811 5
1812 4
1813 4
1814 7
1815 5
1816 3
1817 2
1818 4
1819 3
1820 3
1821 2
1822 3
1823 3
1824 3
1825 3
1826 1
1827 1
1828 1
1829 2
1830 2
1831 4
1832 2
1833 0
1834 4
1835 3
1836 1
1837 2
1838 2
1839 3
1840 2
1841 5
1842 2
1843 3
1844 2
1845 1
1846 1
1847 1
1848 2
1849 3
1850 2
1851 1
1852 1
1853 3
1854 1
1855 0
1856 4
1857 3
1858 1
1859 3
1860 2
1861 2
1862 3
1863 2
1864 2
1865 5
1866 1
1867 3
1868 8
1869 3
1870 5
1871 0
1872 1
1873 1
1874 3
1875 2
1876 2
1877 1
1878 0
1879 4
1880 1
1881 2
1882 2
1883 1
1884 1
1885 1
1886 5
1887 0
1888 1
1889 2
1890 0
1891 2
1892 0
1893 2
1894 3
1895 0
1896 1
1897 2
1898 1
1899 1
1900 2
1901 0
1902 1
1903 1
1904 2
1905 0
1906 1
1907 1
1908 2
1909 1
1910 3
1911 0
1912 1
1913 3
1914 3
1915 0
1916 3
1917 1
1918 1
1919 2
1920 0
1921 1
1922 2
1923 1
1924 2
1925 2
1926 1
1927 1
1928 0
1929 2
1930 3
1931 0
1932 0
1933 2
1934 1
1935 1
1936 1
1937 0
1938 1
1939 1
1940 3
1941 1
1942 2
1943 2
1944 1
1945 0
1946 2
1947 0
1948 1
1949 2
1950 1
1951 0
1952 1
1953 2
1954 2
1955 0
1956 0
1957 0
1958 1
1959 1
1960 0
1961 2
1962 1
1963 1
1964 1
1965 1
1966 0
1967 1
1968 1
1969 2
1970 0
1971 0
1972 1
1973 1
1974 1
1975 1
1976 1
1977 2
1978 0
1979 1
1980 0
1981 0
1982 0
1983 0
1984 1
1985 1
1986 0
1987 0
1988 0
1989 1
1990 2
1991 0
1992 0
1993 0
1994 2
1995 0
1996 1
1997 0
1998 1
1999 2
2000 2
2001 0
2002 0
2003 2
2004 0
2005 0
2006 1
2007 1
2008 0
2009 0
2010 1
2011 2
2012 0
2013 0
2014 0
2015 1
2016 2
2017 1
2018 1
2019 0
2020 2
2021 0
2022 0
2023 1
2024 2
2025 0
2026 0
2027 0
2028 1
2029 1
2030 0
2031 1
2032 0
2033 0
2034 0
2035 0
2036 0
2037 1
2038 0
2039 1
2040 0
2041 1
2042 0
2043 0
2044 0
2045 2
2046 0
2047 2
2048 0
2049 0
2050 1
2051 2
2052 1
2053 0
2054 1
2055 1
2056 2
2057 0
2058 0
2059 0
2060 1
2061 1
2062 0
2063 1
2064 1
2065 1
2066 2
2067 1
2068 1
2069 0
2070 0
2071 1
2072 0
2073 0
2074 0
2075 1
2076 0
2077 1
2078 0
2079 1
2080 0
2081 0
2082 0
2083 0
2084 0
2085 1
2086 0
2087 1
2088 0
2089 0
2090 0
2091 1
2092 0
2093 0
2094 1
2095 0
2096 0
2097 1
2098 0
2099 0
2100 2
2101 0
2102 0
2103 2
2104 1
2105 1
2106 0
2107 0
2108 0
2109 0
2110 0
2111 0
2112 0
2113 0
2114 0
2115 0
2116 1
2117 0
2118 0
2119 0
2120 0
2121 0
2122 0
2123 0
2124 0
2125 0
2126 0
2127 0
2128 0
2129 0
2130 0
2131 0
2132 2
2133 0
2134 1
2135 0
2136 1
2137 1
2138 0
2139 0
2140 0
2141 1
2142 0
2143 0
2144 0
2145 0
2146 0
2147 0
2148 0
2149 0
2150 2
2151 0
2152 0
2153 0
2154 1
2155 0
2156 0
2157 0
2158 1
2159 0
2160 1
2161 0
2162 0
2163 0
2164 0
2165 0
2166 0
2167 1
2168 0
2169 1
2170 0
2171 0
2172 0
2173 0
2174 0
2175 0
2176 0
2177 0
2178 0
2179 1
2180 0
2181 0
2182 0
2183 1
2184 0
2185 0
2186 1
2187 1
2188 1
2189 0
2190 0
2191 0
2192 0
2193 0
2194 0
2195 0
2196 0
2197 1
2198 0
2199 2
2200 0
2201 0
2202 1
2203 0
2204 1
2205 0
2206 0
2207 0
2208 0
2209 0
2210 0
2211 0
2212 0
2213 0
2214 0
2215 1
2216 1
2217 0
2218 0
2219 0
2220 0
2221 1
2222 0
2223 0
2224 0
2225 0
2226 0
2227 0
2228 0
2229 0
2230 0
2231 0
2232 0
2233 0
2234 0
2235 0
2236 0
2237 0
2238 0
2239 0
2240 0
2241 0
2242 0
2243 0
2244 0
2245 0
2246 1
2247 0
2248 0
2249 0
2250 0
2251 0
2252 0
2253 0
2254 0
2255 0
2256 0
2257 0
2258 0
2259 0
2260 0
2261 1
2262 0
2263 2
2264 0
2265 0
2266 0
2267 0
2268 0
2269 0
2270 0
2271 0
2272 0
2273 0
2274 0
2275 2
2276 0
2277 0
2278 0
2279 0
2280 0
2281 0
2282 0
2283 0
2284 0
2285 0
2286 0
2287 0
2288 0
2289 0
2290 0
2291 0
2292 0
2293 0
2294 0
2295 0
2296 0
2297 0
2298 0
2299 0
2300 1
2301 0
2302 0
2303 2
2304 0
2305 0
2306 1
2307 1
2308 0
2309 0
2310 0
2311 0
2312 0
2313 0
2314 0
2315 0
2316 0
2317 0
2318 2
2319 0
2320 0
2321 0
2322 0
2323 1
2324 0
2325 0
2326 0
2327 1
2328 0
2329 0
2330 0
2331 0
2332 0
2333 0
2334 0
2335 1
2336 0
2337 1
2338 0
2339 1
2340 0
2341 1
2342 0
2343 0
2344 0
2345 0
2346 0
2347 0
2348 0
2349 0
2350 0
2351 0
2352 0
2353 0
2354 0
2355 0
2356 0
2357 0
2358 0
2359 0
2360 0
2361 0
2362 0
2363 1
2364 0
2365 0
2366 0
2367 0
2368 0
2369 1
2370 0
2371 0
2372 0
2373 0
2374 0
2375 0
2376 0
2377 0
2378 0
2379 0
2380 0
2381 0
2382 0
2383 0
2384 0
2385 1
2386 0
2387 0
2388 0
2389 0
2390 0
2391 0
2392 0
2393 0
2394 0
2395 0
2396 0
2397 0
2398 0
2399 0
2400 0
2401 0
2402 1
2403 0
2404 0
2405 0
2406 0
2407 0
2408 0
2409 0
2410 0
2411 0
2412 1
2413 0
2414 0
2415 0
2416 0
2417 0
2418 0
2419 0
2420 0
2421 1
2422 0
2423 0
2424 0
2425 0
2426 0
2427 0
2428 0
2429 0
2430 0
2431 0
2432 0
2433 0
2434 0
2435 0
2436 0
2437 0
2438 0
2439 0
2440 0
2441 0
2442 0
2443 0
2444 0
2445 0
2446 0
2447 0
2448 0
2449 0
2450 0
2451 0
2452 0
2453 0
2454 0
2455 0
2456 0
2457 0
2458 0
2459 0
2460 0
2461 0
2462 0
2463 0
2464 0
2465 0
2466 0
2467 0
2468 1
2469 0
2470 1
2471 0
2472 0
2473 0
2474 0
2475 0
2476 0
2477 0
2478 0
2479 1
2480 1
2481 0
2482 0
2483 0
2484 0
2485 0
2486 0
2487 0
2488 0
2489 0
2490 0
2491 0
2492 0
2493 0
2494 0
2495 0
2496 0
2497 0
2498 0
2499 0
2500 0
2501 0
2502 0
2503 0
2504 0
2505 0
2506 0
2507 0
2508 0
2509 0
2510 0
2511 0
2512 0
2513 0
2514 0
2515 0
2516 0
2517 0
2518 0
2519 0
2520 0
2521 0
2522 0
2523 0
2524 0
2525 0
2526 0
2527 0
2528 0
2529 0
2530 0
2531 0
2532 0
2533 0
2534 0
2535 0
2536 0
2537 0
2538 0
2539 0
2540 0
2541 0
2542 0
2543 0
2544 0
2545 0
2546 0
2547 0
2548 0
2549 0
2550 0
2551 0
2552 0
2553 0
2554 0
2555 0
2556 0
2557 0
2558 0
2559 0
2560 0
2561 0
2562 0
2563 0
2564 0
2565 0
2566 0
2567 0
2568 0
2569 0
2570 0
2571 0
2572 0
2573 0
2574 0
2575 0
2576 0
2577 0
2578 0
2579 0
2580 0
2581 0
2582 0
2583 0
2584 0
2585 0
2586 0
2587 0
2588 0
2589 0
2590 0
2591 0
2592 0
2593 0
2594 0
2595 0
2596 0
2597 0
2598 0
2599 0
2600 0
2601 0
2602 0
2603 0
2604 1
2605 0
2606 0
2607 1
2608 0
2609 0
2610 0
2611 0
2612 0
2613 0
2614 0
2615 0
2616 0
2617 0
2618 0
2619 0
2620 0
2621 0
2622 0
2623 0
2624 0
2625 0
2626 0
2627 0
2628 0
2629 0
2630 1
2631 0
2632 0
2633 0
2634 0
2635 0
2636 0
2637 0
2638 0
2639 0
2640 0
2641 0
2642 0
2643 0
2644 1
2645 0
2646 0
2647 0
2648 0
2649 0
2650 0
2651 0
2652 0
2653 0
2654 0
2655 0
2656 0
2657 0
2658 0
2659 0
2660 0
2661 0
2662 0
2663 0
2664 0
2665 1
2666 0
2667 0
2668 0
2669 0
2670 0
2671 0
2672 0
2673 0
2674 0
2675 0
2676 0
2677 0
2678 0
2679 0
2680 0
2681 0
2682 0
2683 0
2684 0
2685 0
2686 0
2687 0
2688 0
2689 0
2690 0
2691 0
2692 0
2693 0
2694 0
2695 0
2696 0
2697 0
2698 0
2699 0
2700 0
2701 0
2702 0
2703 0
2704 0
2705 0
2706 0
2707 0
2708 0
2709 0
2710 0
2711 1
2712 0
2713 0
2714 0
2715 0
2716 0
2717 0
2718 0
2719 0
2720 0
2721 0
2722 0
2723 0
2724 0
2725 0
2726 0
2727 0
2728 0
2729 0
2730 0
2731 0
2732 0
2733 0
2734 0
2735 0
2736 0
2737 0
2738 0
2739 0
2740 0
2741 0
2742 0
2743 0
2744 0
2745 0
2746 0
2747 0
2748 0
2749 0
2750 0
2751 0
2752 0
2753 0
2754 0
2755 0
2756 0
2757 0
2758 0
2759 0
2760 0
2761 0
2762 0
2763 0
2764 0
2765 0
2766 0
2767 0
2768 0
2769 0
2770 0
2771 0
2772 0
2773 0
2774 0
2775 0
2776 0
2777 0
2778 0
2779 0
2780 0
2781 0
2782 0
2783 0
2784 0
2785 0
2786 0
2787 0
2788 0
2789 0
2790 0
2791 0
2792 0
2793 0
2794 0
2795 0
2796 0
2797 0
2798 0
2799 0
2800 0
2801 0
2802 0
2803 0
2804 0
2805 1
2806 0
2807 0
2808 0
2809 1
2810 0
2811 1
2812 0
2813 0
2814 0
2815 0
2816 0
2817 0
2818 0
2819 0
2820 0
2821 0
2822 0
2823 0
2824 0
2825 0
2826 0
2827 0
2828 1
2829 0
2830 0
2831 0
2832 1
2833 0
2834 0
2835 0
2836 0
2837 0
2838 0
2839 0
2840 0
2841 0
2842 0
2843 0
2844 0
2845 0
2846 0
2847 0
2848 0
2849 0
2850 0
2851 0
2852 0
2853 0
2854 0
2855 0
2856 0
2857 0
2858 0
2859 0
2860 0
2861 0
2862 0
2863 0
2864 0
2865 0
2866 0
2867 0
2868 0
2869 0
2870 0
2871 0
2872 0
2873 0
2874 0
2875 0
2876 0
2877 0
2878 1
2879 0
2880 0
2881 0
2882 0
2883 0
2884 1
2885 0
2886 0
2887 0
2888 0
2889 0
2890 0
2891 0
2892 0
2893 0
2894 0
2895 0
2896 0
2897 0
2898 0
2899 0
2900 0
2901 0
2902 0
2903 0
2904 0
2905 0
2906 0
2907 0
2908 0
2909 0
2910 0
2911 0
2912 0
2913 0
2914 0
2915 0
2916 0
2917 0
2918 0
2919 0
2920 0
2921 0
2922 0
2923 0
2924 0
2925 0
2926 0
2927 0
2928 0
2929 0
2930 0
2931 0
2932 0
2933 0
2934 0
2935 0
2936 0
2937 0
2938 0
2939 0
2940 0
2941 0
2942 0
2943 0
2944 0
2945 0
2946 0
2947 0
2948 0
2949 0
2950 0
2951 0
2952 0
2953 0
2954 0
2955 0
2956 0
2957 0
2958 0
2959 0
2960 0
2961 0
2962 0
2963 0
2964 0
2965 0
2966 0
2967 0
2968 0
2969 0
2970 0
2971 0
2972 0
2973 0
2974 0
2975 0
2976 0
2977 0
2978 0
2979 0
2980 0
2981 0
2982 0
2983 0
2984 0
2985 0
2986 0
2987 0
2988 0
2989 0
2990 0
2991 0
2992 0
2993 0
2994 0
2995 0
2996 0
2997 0
2998 0
2999 0
3000 0
3001 0
3002 0
3003 0
3004 0
3005 0
3006 0
3007 0
3008 0
3009 0
3010 0
3011 0
3012 0
3013 0
3014 0
3015 0
3016 0
3017 0
3018 0
3019 0
3020 0
3021 0
3022 0
3023 0
3024 0
3025 0
3026 0
3027 0
3028 0
3029 0
3030 0
3031 0
3032 0
3033 0
3034 1
3035 0
3036 0
3037 0
3038 0
3039 0
3040 0
3041 0
3042 0
3043 0
3044 0
3045 0
3046 0
3047 0
3048 0
3049 0
3050 0
3051 0
3052 0
3053 0
3054 0
3055 0
3056 0
3057 0
3058 0
3059 1
3060 0
3061 0
3062 0
3063 0
3064 0
3065 0
3066 0
3067 0
3068 0
3069 0
3070 0
3071 0
3072 0
3073 0
3074 0
3075 0
3076 0
3077 0
3078 0
3079 0
3080 0
3081 0
3082 0
3083 0
3084 0
3085 0
3086 0
3087 0
3088 0
3089 0
3090 0
3091 0
3092 0
3093 1
3094 0
3095 0
3096 0
3097 0
3098 1
3099 0
3100 0
3101 0
3102 0
3103 0
3104 0
3105 0
3106 0
3107 0
3108 0
3109 0
3110 0
3111 0
3112 0
3113 0
3114 0
3115 0
3116 0
3117 1
3118 0
3119 0
3120 0
3121 0
3122 0
3123 0
3124 0
3125 0
3126 0
3127 0
3128 0
3129 0
3130 0
3131 0
3132 0
3133 0
3134 0
3135 0
3136 0
3137 0
3138 0
3139 0
3140 0
3141 0
3142 1
3143 0
3144 1
3145 0
3146 0
3147 0
3148 1
3149 0
3150 0
3151 0
3152 0
3153 0
3154 0
3155 0
3156 0
3157 0
3158 0
3159 0
3160 0
3161 0
3162 0
3163 0
3164 0
3165 0
3166 0
3167 0
3168 0
3169 0
3170 0
3171 0
3172 0
3173 0
3174 0
3175 0
3176 0
3177 0
3178 0
3179 0
3180 0
3181 0
3182 0
3183 0
3184 0
3185 0
3186 0
3187 0
3188 1
3189 0
3190 0
3191 0
3192 0
3193 0
3194 0
3195 0
3196 0
3197 0
3198 0
3199 0
3200 0
3201 0
3202 0
3203 0
3204 0
3205 0
3206 0
3207 0
3208 0
3209 0
3210 0
3211 0
3212 0
3213 0
3214 0
3215 0
3216 0
3217 0
3218 0
3219 0
3220 0
3221 0
3222 0
3223 0
3224 0
3225 0
3226 0
3227 0
3228 0
3229 0
3230 0
3231 0
3232 0
3233 0
3234 0
3235 0
3236 0
3237 0
3238 0
3239 0
3240 0
3241 0
3242 0
3243 0
3244 0
3245 0
3246 0
3247 0
3248 0
3249 0
3250 0
3251 0
3252 0
3253 0
3254 0
3255 0
3256 0
3257 0
3258 0
3259 0
3260 0
3261 0
3262 0
3263 0
3264 0
3265 0
3266 0
3267 0
3268 0
3269 0
3270 0
3271 0
3272 0
3273 0
3274 0
3275 0
3276 0
3277 0
3278 0
3279 0
3280 0
3281 0
3282 0
3283 0
3284 0
3285 0
3286 0
3287 0
3288 0
3289 0
3290 0
3291 0
3292 0
3293 0
3294 0
3295 0
3296 0
3297 0
3298 0
3299 0
3300 0
3301 0
3302 0
3303 0
3304 0
3305 0
3306 0
3307 0
3308 0
3309 0
3310 0
3311 0
3312 0
3313 0
3314 0
3315 0
3316 0
3317 0
3318 0
3319 0
3320 0
3321 0
3322 0
3323 0
3324 0
3325 0
3326 0
3327 0
3328 0
3329 0
3330 0
3331 0
3332 0
3333 0
3334 0
3335 0
3336 0
3337 0
3338 0
3339 0
3340 0
3341 0
3342 0
3343 0
3344 0
3345 0
3346 0
3347 0
3348 0
3349 0
3350 0
3351 0
3352 0
3353 0
3354 0
3355 0
3356 0
3357 0
3358 0
3359 0
3360 0
3361 0
3362 0
3363 0
3364 0
3365 0
3366 0
3367 0
3368 0
3369 0
3370 0
3371 0
3372 0
3373 0
3374 0
3375 0
3376 0
3377 0
3378 0
3379 0
3380 0
3381 0
3382 0
3383 0
3384 0
3385 0
3386 0
3387 0
3388 0
3389 0
3390 0
3391 0
3392 0
3393 0
3394 0
3395 0
3396 0
3397 0
3398 0
3399 0
3400 0
3401 0
3402 0
3403 0
3404 0
3405 0
3406 0
3407 0
3408 0
3409 0
3410 0
3411 0
3412 0
3413 0
3414 0
3415 0
3416 0
3417 0
3418 0
3419 0
3420 0
3421 0
3422 0
3423 0
3424 0
3425 0
3426 0
3427 0
3428 0
3429 0
3430 0
3431 0
3432 0
3433 0
3434 0
3435 0
3436 0
3437 0
3438 0
3439 0
3440 0
3441 0
3442 0
3443 0
3444 0
3445 0
3446 0
3447 0
3448 0
3449 0
3450 0
3451 0
3452 0
3453 0
3454 0
3455 0
3456 0
3457 0
3458 0
3459 0
3460 0
3461 0
3462 0
3463 0
3464 0
3465 0
3466 0
3467 0
3468 0
3469 1
3470 0
3471 0
3472 0
3473 0
3474 0
3475 0
3476 0
3477 0
3478 0
3479 0
3480 0
3481 0
3482 0
3483 0
3484 0
3485 0
3486 0
3487 0
3488 0
3489 0
3490 0
3491 0
3492 0
3493 0
3494 0
3495 0
3496 0
3497 0
3498 0
3499 0
3500 0
3501 0
3502 1
3503 0
3504 0
3505 0
3506 0
3507 0
3508 0
3509 0
3510 0
3511 0
3512 0
3513 0
3514 0
3515 0
3516 0
3517 0
3518 0
3519 0
3520 0
3521 0
3522 0
3523 0
3524 0
3525 0
3526 0
3527 0
3528 0
3529 0
3530 0
3531 0
3532 0
3533 0
3534 0
3535 0
3536 0
3537 0
3538 0
3539 0
3540 0
3541 0
3542 0
3543 0
3544 0
3545 0
3546 0
3547 0
3548 0
3549 0
3550 0
3551 0
3552 0
3553 0
3554 0
3555 0
3556 0
3557 0
3558 0
3559 0
3560 0
3561 0
3562 0
3563 0
3564 0
3565 0
3566 0
3567 0
3568 0
3569 0
3570 0
3571 0
3572 0
3573 0
3574 0
3575 0
3576 0
3577 0
3578 0
3579 0
3580 0
3581 0
3582 0
3583 0
3584 0
3585 0
3586 0
3587 0
3588 0
3589 0
3590 0
3591 0
3592 0
3593 0
3594 1
3595 0
3596 0
3597 0
3598 0
3599 0
3600 0
3601 0
3602 0
3603 0
3604 0
3605 0
3606 0
3607 0
3608 0
3609 0
3610 0
3611 0
3612 0
3613 0
3614 0
3615 0
3616 0
3617 0
3618 0
3619 0
3620 0
3621 0
3622 0
3623 0
3624 0
3625 0
3626 0
3627 0
3628 0
3629 0
3630 0
3631 0
3632 0
3633 0
3634 0
3635 0
3636 0
3637 0
3638 0
3639 0
3640 0
3641 0
3642 0
3643 0
3644 0
3645 0
3646 0
3647 0
3648 0
3649 0
3650 0
3651 0
3652 0
3653 0
3654 0
3655 0
3656 0
3657 0
3658 0
3659 0
3660 0
3661 0
3662 0
3663 0
3664 0
3665 0
3666 0
3667 0
3668 0
3669 0
3670 0
3671 0
3672 0
3673 0
3674 0
3675 0
3676 0
3677 0
3678 0
3679 0
3680 0
3681 0
3682 0
3683 0
3684 0
3685 0
3686 0
3687 0
3688 0
3689 0
3690 0
3691 0
3692 0
3693 0
3694 0
3695 0
3696 0
3697 0
3698 0
3699 0
3700 0
3701 1
3702 0
3703 0
3704 0
3705 0
3706 0
3707 0
3708 0
3709 0
3710 0
3711 0
3712 0
3713 0
3714 0
3715 0
3716 0
3717 0
3718 0
3719 0
3720 0
3721 0
3722 0
3723 0
3724 0
3725 0
3726 0
3727 0
3728 0
3729 0
3730 0
3731 0
3732 0
3733 0
3734 0
3735 0
3736 0
3737 0
3738 0
3739 0
3740 0
3741 0
3742 0
3743 0
3744 0
3745 0
3746 0
3747 0
3748 0
3749 0
3750 0
3751 0
3752 0
3753 0
3754 0
3755 0
3756 0
3757 0
3758 0
3759 0
3760 0
3761 0
3762 0
3763 0
3764 0
3765 0
3766 0
3767 0
3768 0
3769 0
3770 0
3771 0
3772 0
3773 0
3774 0
3775 0
3776 0
3777 0
3778 0
3779 0
3780 0
3781 0
3782 0
3783 0
3784 0
3785 0
3786 0
3787 0
3788 0
3789 0
3790 0
3791 0
3792 0
3793 0
3794 0
3795 0
3796 0
3797 0
3798 0
3799 0
3800 0
3801 0
3802 0
3803 0
3804 0
3805 0
3806 0
3807 0
3808 0
3809 0
3810 1
3811 0
3812 0
3813 0
3814 0
3815 0
3816 0
3817 0
3818 0
3819 0
3820 0
3821 0
3822 0
3823 0
3824 0
3825 0
3826 0
3827 0
3828 0
3829 0
3830 0
3831 0
3832 0
3833 0
3834 0
3835 0
3836 0
3837 0
3838 0
3839 0
3840 0
3841 0
3842 0
3843 0
3844 0
3845 0
3846 0
3847 0
3848 0
3849 0
3850 0
3851 0
3852 0
3853 0
3854 0
3855 0
3856 0
3857 0
3858 0
3859 0
3860 0
3861 0
3862 0
3863 0
3864 0
3865 0
3866 0
3867 0
3868 0
3869 0
3870 0
3871 0
3872 0
3873 0
3874 0
3875 0
3876 0
3877 0
3878 0
3879 0
3880 0
3881 0
3882 0
3883 0
3884 0
3885 0
3886 0
3887 0
3888 0
3889 0
3890 0
3891 0
3892 0
3893 0
3894 0
3895 0
3896 0
3897 0
3898 0
3899 0
3900 0
3901 0
3902 0
3903 0
3904 0
3905 0
3906 0
3907 0
3908 0
3909 0
3910 0
3911 0
3912 0
3913 0
3914 0
3915 0
3916 0
3917 0
3918 0
3919 0
3920 0
3921 0
3922 0
3923 0
3924 0
3925 0
3926 0
3927 0
3928 0
3929 0
3930 0
3931 0
3932 0
3933 0
3934 0
3935 0
3936 0
3937 0
3938 0
3939 0
3940 0
3941 0
3942 0
3943 0
3944 0
3945 0
3946 0
3947 0
3948 0
3949 0
3950 0
3951 0
3952 0
3953 0
3954 0
3955 0
3956 0
3957 0
3958 0
3959 0
3960 0
3961 0
3962 0
3963 0
3964 0
3965 0
3966 0
3967 0
3968 0
3969 0
3970 0
3971 0
3972 0
3973 0
3974 0
3975 0
3976 0
3977 0
3978 0
3979 0
3980 0
3981 0
3982 0
3983 0
3984 0
3985 0
3986 0
3987 0
3988 0
3989 0
3990 0
3991 0
3992 0
3993 0
3994 0
3995 0
3996 0
3997 0
3998 0
3999 0
4000 0
