0 0
1 0
2 0
3 0
4 0
5 0
6 0
7 0
8 0
9 0
10 0
11 0
12 0
13 0
14 0
15 0
16 0
17 0
18 0
19 0
20 0
21 0
22 0
23 0
24 0
25 0
26 0
27 0
28 0
29 0
30 0
31 0
32 0
33 0
34 0
35 0
36 0
37 0
38 0
39 0
40 0
41 0
42 0
43 0
44 0
45 0
46 0
47 0
48 0
49 0
50 0
51 0
52 0
53 0
54 0
55 0
56 0
57 0
58 0
59 0
60 0
61 0
62 0
63 0
64 0
65 0
66 0
67 0
68 0
69 0
70 0
71 0
72 0
73 0
74 0
75 0
76 0
77 0
78 0
79 0
80 0
81 0
82 0
83 0
84 0
85 0
86 0
87 0
88 0
89 0
90 0
91 0
92 0
93 0
94 0
95 0
96 0
97 0
98 0
99 0
100 0
101 0
102 0
103 0
104 0
105 0
106 0
107 0
108 0
109 0
110 0
111 0
112 0
113 0
114 0
115 0
116 0
117 0
118 0
119 0
120 0
121 0
122 0
123 0
124 0
125 0
126 0
127 0
128 0
129 0
130 0
131 0
132 0
133 0
134 0
135 0
136 0
137 0
138 0
139 0
140 0
141 0
142 0
143 0
144 0
145 0
146 0
147 0
148 0
149 0
150 0
151 3
152 2
153 1
154 1
155 0
156 2
157 3
158 6
159 6
160 7
161 2
162 5
163 4
164 2
165 6
166 7
167 8
168 5
169 7
170 8
171 8
172 6
173 9
174 6
175 14
176 20
177 32
178 54
179 70
180 80
181 105
182 118
183 146
184 188
185 261
186 384
187 751
188 1212
189 1739
190 2138
191 2417
192 2489
193 2480
194 2429
195 2240
196 2178
197 1873
198 1765
199 1634
200 1468
201 1303
202 1250
203 1180
204 1119
205 1062
206 951
207 962
208 931
209 972
210 830
211 929
212 875
213 852
214 850
215 908
216 848
217 910
218 912
219 855
220 885
221 913
222 891
223 941
224 863
225 958
226 1071
227 969
228 952
229 918
230 979
231 973
232 992
233 1029
234 1020
235 1035
236 1014
237 1023
238 1024
239 1068
240 1081
241 1079
242 1084
243 1151
244 1132
245 1094
246 1145
247 1169
248 1115
249 1139
250 1154
251 1157
252 1168
253 1171
254 1210
255 1216
256 1196
257 1145
258 1205
259 1189
260 1195
261 1188
262 1174
263 1294
264 1263
265 1155
266 1285
267 1240
268 1304
269 1283
270 1271
271 1300
272 1318
273 1302
274 1287
275 1278
276 1340
277 1345
278 1337
279 1391
280 1368
281 1366
282 1326
283 1416
284 1417
285 1378
286 1398
287 1413
288 1531
289 1410
290 1395
291 1456
292 1445
293 1458
294 1490
295 1461
296 1446
297 1443
298 1455
299 1510
300 1515
301 1480
302 1491
303 1435
304 1566
305 1567
306 1539
307 1593
308 1593
309 1545
310 1556
311 1609
312 1476
313 1587
314 1548
315 1599
316 1614
317 1655
318 1671
319 1696
320 1674
321 1714
322 1685
323 1632
324 1615
325 1779
326 1624
327 1644
328 1694
329 1652
330 1655
331 1668
332 1774
333 1712
334 1717
335 1702
336 1772
337 1705
338 1672
339 1700
340 1783
341 1758
342 1830
343 1815
344 1766
345 1768
346 1846
347 1750
348 1803
349 1823
350 1778
351 1837
352 1812
353 1847
354 1836
355 1832
356 1794
357 1832
358 1796
359 1840
360 1803
361 1807
362 1812
363 1868
364 1854
365 1763
366 1830
367 1911
368 1865
369 1892
370 1836
371 1804
372 1937
373 1977
374 1926
375 1830
376 1883
377 1878
378 1876
379 1858
380 1942
381 1906
382 1895
383 1860
384 1844
385 1821
386 1870
387 1914
388 1815
389 1878
390 1906
391 1903
392 1885
393 1854
394 1890
395 1853
396 1891
397 1837
398 1811
399 1841
400 1877
401 1834
402 1864
403 1866
404 1862
405 1862
406 1880
407 1843
408 1848
409 1825
410 1804
411 1806
412 1865
413 1766
414 1746
415 1845
416 1769
417 1766
418 1895
419 1791
420 1780
421 1756
422 1741
423 1719
424 1733
425 1715
426 1751
427 1669
428 1754
429 1749
430 1714
431 1719
432 1725
433 1661
434 1744
435 1712
436 1732
437 1698
438 1658
439 1712
440 1687
441 1654
442 1650
443 1664
444 1623
445 1576
446 1636
447 1618
448 1594
449 1575
450 1696
451 1588
452 1489
453 1562
454 1559
455 1507
456 1528
457 1551
458 1509
459 1487
460 1525
461 1483
462 1509
463 1498
464 1485
465 1475
466 1402
467 1438
468 1401
469 1436
470 1462
471 1350
472 1391
473 1346
474 1328
475 1368
476 1377
477 1275
478 1359
479 1302
480 1364
481 1428
482 1377
483 1246
484 1252
485 1296
486 1232
487 1184
488 1292
489 1240
490 1283
491 1287
492 1226
493 1231
494 1166
495 1122
496 1172
497 1168
498 1140
499 1182
500 1195
501 1105
502 1148
503 1100
504 1118
505 1136
506 1120
507 1090
508 1074
509 1079
510 1093
511 1044
512 1093
513 991
514 1087
515 1044
516 1005
517 1019
518 1022
519 975
520 939
521 914
522 917
523 984
524 974
525 1003
526 929
527 923
528 922
529 886
530 890
531 886
532 973
533 872
534 888
535 834
536 862
537 870
538 865
539 841
540 779
541 817
542 780
543 733
544 768
545 777
546 744
547 796
548 811
549 788
550 771
551 728
552 717
553 802
554 685
555 737
556 687
557 701
558 707
559 716
560 656
561 707
562 662
563 689
564 649
565 653
566 653
567 661
568 605
569 642
570 649
571 638
572 610
573 611
574 593
575 556
576 601
577 559
578 615
579 585
580 595
581 562
582 560
583 610
584 527
585 488
586 547
587 551
588 492
589 539
590 518
591 523
592 501
593 504
594 520
595 490
596 497
597 479
598 514
599 514
600 488
601 495
602 482
603 446
604 442
605 465
606 419
607 472
608 452
609 464
610 449
611 443
612 423
613 457
614 406
615 413
616 444
617 412
618 428
619 402
620 412
621 418
622 394
623 442
624 445
625 412
626 400
627 409
628 351
629 406
630 373
631 355
632 399
633 382
634 353
635 342
636 387
637 374
638 351
639 348
640 403
641 341
642 352
643 346
644 339
645 362
646 358
647 349
648 339
649 337
650 367
651 353
652 327
653 349
654 323
655 325
656 305
657 350
658 333
659 323
660 318
661 360
662 296
663 328
664 307
665 338
666 317
667 304
668 311
669 301
670 313
671 318
672 313
673 296
674 302
675 298
676 256
677 283
678 313
679 301
680 301
681 311
682 269
683 295
684 311
685 308
686 243
687 315
688 286
689 268
690 291
691 277
692 297
693 283
694 254
695 262
696 284
697 275
698 257
699 278
700 301
701 260
702 268
703 257
704 275
705 257
706 243
707 286
708 247
709 275
710 255
711 260
712 266
713 274
714 225
715 269
716 254
717 296
718 262
719 259
720 262
721 280
722 268
723 258
724 262
725 255
726 250
727 267
728 257
729 240
730 245
731 222
732 244
733 244
734 254
735 248
736 246
737 248
738 271
739 235
740 223
741 264
742 228
743 245
744 192
745 239
746 252
747 213
748 221
749 238
750 248
751 264
752 257
753 231
754 245
755 228
756 252
757 235
758 255
759 203
760 218
761 221
762 230
763 215
764 216
765 243
766 258
767 234
768 245
769 229
770 237
771 247
772 259
773 222
774 236
775 251
776 231
777 229
778 225
779 225
780 213
781 259
782 256
783 243
784 252
785 229
786 234
787 204
788 241
789 223
790 219
791 231
792 217
793 217
794 214
795 205
796 216
797 239
798 241
799 228
800 231
801 220
802 209
803 218
804 207
805 204
806 217
807 220
808 198
809 218
810 215
811 204
812 221
813 218
814 215
815 220
816 231
817 204
818 210
819 220
820 215
821 205
822 186
823 207
824 220
825 234
826 199
827 186
828 193
829 220
830 235
831 222
832 203
833 167
834 222
835 197
836 208
837 212
838 202
839 188
840 219
841 214
842 212
843 201
844 201
845 201
846 205
847 210
848 200
849 204
850 225
851 204
852 215
853 212
854 193
855 192
856 191
857 195
858 190
859 216
860 196
861 177
862 196
863 195
864 196
865 194
866 210
867 198
868 197
869 202
870 176
871 182
872 188
873 183
874 212
875 180
876 209
877 194
878 175
879 174
880 201
881 182
882 195
883 196
884 210
885 190
886 187
887 153
888 200
889 184
890 179
891 178
892 177
893 197
894 185
895 189
896 198
897 165
898 166
899 174
900 180
901 191
902 154
903 180
904 172
905 162
906 173
907 155
908 150
909 152
910 162
911 175
912 164
913 190
914 160
915 181
916 165
917 166
918 156
919 149
920 173
921 164
922 164
923 169
924 167
925 160
926 172
927 182
928 174
929 175
930 188
931 158
932 177
933 148
934 129
935 153
936 152
937 161
938 155
939 155
940 177
941 148
942 149
943 146
944 165
945 144
946 159
947 144
948 141
949 174
950 153
951 138
952 137
953 144
954 151
955 123
956 149
957 147
958 152
959 147
960 129
961 129
962 149
963 140
964 148
965 127
966 130
967 127
968 131
969 136
970 138
971 149
972 126
973 141
974 142
975 133
976 117
977 149
978 150
979 130
980 146
981 141
982 115
983 129
984 129
985 122
986 127
987 146
988 126
989 112
990 139
991 128
992 130
993 116
994 133
995 128
996 120
997 91
998 117
999 127
1000 131
1001 125
1002 114
1003 123
1004 120
1005 113
1006 127
1007 133
1008 122
1009 128
1010 116
1011 135
1012 136
1013 116
1014 126
1015 129
1016 121
1017 114
1018 113
1019 129
1020 131
1021 106
1022 120
1023 121
1024 116
1025 117
1026 114
1027 106
1028 93
1029 102
1030 123
1031 95
1032 122
1033 114
1034 108
1035 101
1036 93
1037 106
1038 109
1039 113
1040 102
1041 91
1042 85
1043 87
1044 104
1045 86
1046 97
1047 101
1048 106
1049 92
1050 118
1051 102
1052 91
1053 96
1054 102
1055 86
1056 109
1057 76
1058 98
1059 96
1060 82
1061 105
1062 86
1063 86
1064 86
1065 69
1066 72
1067 89
1068 90
1069 75
1070 88
1071 85
1072 86
1073 108
1074 79
1075 100
1076 84
1077 86
1078 66
1079 91
1080 93
1081 84
1082 82
1083 65
1084 91
1085 83
1086 84
1087 81
1088 80
1089 78
1090 101
1091 72
1092 76
1093 70
1094 84
1095 81
1096 77
1097 78
1098 90
1099 80
1100 82
1101 76
1102 71
1103 77
1104 77
1105 75
1106 66
1107 63
1108 61
1109 66
1110 77
1111 77
1112 62
1113 78
1114 68
1115 75
1116 67
1117 64
1118 72
1119 79
1120 59
1121 68
1122 57
1123 61
1124 72
1125 77
1126 59
1127 79
1128 71
1129 68
1130 59
1131 69
1132 62
1133 68
1134 88
1135 64
1136 58
1137 64
1138 65
1139 74
1140 73
1141 61
1142 55
1143 64
1144 58
1145 63
1146 69
1147 66
1148 60
1149 50
1150 63
1151 62
1152 51
1153 62
1154 44
1155 55
1156 52
1157 56
1158 44
1159 51
1160 61
1161 60
1162 58
1163 51
1164 64
1165 62
1166 57
1167 47
1168 40
1169 47
1170 47
1171 52
1172 61
1173 58
1174 47
1175 56
1176 43
1177 35
1178 58
1179 44
1180 36
1181 54
1182 53
1183 60
1184 53
1185 42
1186 49
1187 49
1188 48
1189 44
1190 49
1191 53
1192 42
1193 49
1194 48
1195 43
1196 42
1197 42
1198 36
1199 54
1200 41
1201 41
1202 44
1203 54
1204 49
1205 51
1206 57
1207 36
1208 52
1209 39
1210 48
1211 43
1212 48
1213 40
1214 48
1215 54
1216 39
1217 31
1218 42
1219 38
1220 39
1221 33
1222 43
1223 37
1224 37
1225 50
1226 25
1227 33
1228 32
1229 37
1230 43
1231 41
1232 45
1233 40
1234 37
1235 37
1236 31
1237 42
1238 35
1239 45
1240 19
1241 31
1242 37
1243 31
1244 36
1245 31
1246 37
1247 34
1248 30
1249 41
1250 29
1251 24
1252 31
1253 29
1254 31
1255 36
1256 37
1257 35
1258 27
1259 24
1260 34
1261 30
1262 36
1263 27
1264 30
1265 41
1266 33
1267 23
1268 36
1269 28
1270 31
1271 34
1272 28
1273 25
1274 28
1275 34
1276 34
1277 27
1278 34
1279 22
1280 29
1281 24
1282 24
1283 24
1284 26
1285 23
1286 32
1287 27
1288 22
1289 25
1290 31
1291 29
1292 25
1293 23
1294 31
1295 18
1296 27
1297 24
1298 21
1299 27
1300 22
1301 23
1302 28
1303 24
1304 23
1305 17
1306 22
1307 16
1308 26
1309 24
1310 24
1311 21
1312 24
1313 22
1314 15
1315 26
1316 18
1317 21
1318 26
1319 21
1320 20
1321 22
1322 18
1323 17
1324 12
1325 22
1326 19
1327 18
1328 24
1329 20
1330 24
1331 23
1332 19
1333 22
1334 16
1335 19
1336 22
1337 23
1338 30
1339 17
1340 10
1341 23
1342 14
1343 18
1344 17
1345 20
1346 16
1347 17
1348 28
1349 20
1350 16
1351 18
1352 17
1353 22
1354 15
1355 16
1356 11
1357 12
1358 17
1359 20
1360 17
1361 13
1362 17
1363 21
1364 17
1365 18
1366 22
1367 13
1368 19
1369 11
1370 16
1371 15
1372 16
1373 12
1374 20
1375 12
1376 14
1377 16
1378 21
1379 21
1380 10
1381 13
1382 17
1383 15
1384 13
1385 19
1386 11
1387 13
1388 16
1389 18
1390 14
1391 15
1392 12
1393 21
1394 13
1395 10
1396 11
1397 15
1398 17
1399 13
1400 16
1401 14
1402 19
1403 10
1404 14
1405 6
1406 14
1407 11
1408 9
1409 9
1410 16
1411 15
1412 11
1413 14
1414 13
1415 10
1416 15
1417 11
1418 9
1419 15
1420 13
1421 12
1422 7
1423 11
1424 16
1425 9
1426 8
1427 9
1428 10
1429 11
1430 13
1431 16
1432 6
1433 15
1434 12
1435 8
1436 14
1437 6
1438 8
1439 16
1440 8
1441 6
1442 4
1443 13
1444 4
1445 14
1446 6
1447 7
1448 6
1449 11
1450 10
1451 9
1452 3
1453 10
1454 7
1455 16
1456 15
1457 10
1458 7
1459 10
1460 7
1461 9
1462 10
1463 9
1464 9
1465 9
1466 8
1467 11
1468 13
1469 8
1470 9
1471 7
1472 10
1473 10
1474 6
1475 6
1476 13
1477 4
1478 9
1479 15
1480 7
1481 5
1482 7
1483 7
1484 5
1485 5
1486 8
1487 8
1488 11
1489 6
1490 7
1491 7
1492 7
1493 2
1494 8
1495 6
1496 6
1497 5
1498 7
1499 5
1500 12
1501 12
1502 8
1503 10
1504 11
1505 3
1506 1
1507 7
1508 5
1509 6
1510 15
1511 4
1512 5
1513 7
1514 13
1515 8
1516 8
1517 7
1518 8
1519 8
1520 7
1521 6
1522 7
1523 6
1524 4
1525 6
1526 3
1527 6
1528 3
1529 6
1530 5
1531 11
1532 5
1533 7
1534 3
1535 4
1536 5
1537 5
1538 6
1539 4
1540 5
1541 5
1542 5
1543 6
1544 2
1545 4
1546 9
1547 3
1548 4
1549 7
1550 8
1551 3
1552 4
1553 4
1554 1
1555 4
1556 3
1557 4
1558 8
1559 5
1560 5
1561 6
1562 1
1563 4
1564 3
1565 5
1566 6
1567 6
1568 5
1569 6
1570 5
1571 8
1572 7
1573 6
1574 5
1575 3
1576 8
1577 4
1578 6
1579 5
1580 6
1581 4
1582 5
1583 4
1584 1
1585 8
1586 9
1587 3
1588 3
1589 2
1590 3
1591 6
1592 4
1593 4
1594 3
1595 5
1596 5
1597 7
1598 4
1599 4
1600 4
1601 5
1602 5
1603 5
1604 4
1605 3
1606 1
1607 5
1608 3
1609 4
1610 5
1611 3
1612 1
1613 1
1614 3
1615 1
1616 5
1617 3
1618 6
1619 5
1620 6
1621 3
1622 4
1623 3
1624 1
1625 3
1626 3
1627 0
1628 4
1629 4
1630 4
1631 6
1632 2
1633 5
1634 1
1635 3
1636 2
1637 3
1638 3
1639 2
1640 3
1641 2
1642 3
1643 3
1644 2
1645 1
1646 3
1647 0
1648 2
1649 4
1650 4
1651 3
1652 4
1653 1
1654 3
1655 0
1656 3
1657 2
1658 2
1659 4
1660 0
1661 0
1662 0
1663 2
1664 2
1665 1
1666 3
1667 3
1668 4
1669 5
1670 2
1671 4
1672 4
1673 2
1674 0
1675 2
1676 3
1677 5
1678 3
1679 1
1680 0
1681 2
1682 1
1683 1
1684 2
1685 3
1686 0
1687 3
1688 1
1689 4
1690 2
1691 2
1692 4
1693 4
1694 5
1695 4
1696 5
1697 3
1698 5
1699 1
1700 2
1701 6
1702 1
1703 3
1704 3
1705 0
1706 1
1707 1
1708 5
1709 2
1710 2
1711 1
1712 4
1713 1
1714 3
1715 3
1716 2
1717 1
1718 2
1719 0
1720 0
1721 2
1722 2
1723 1
1724 1
1725 2
1726 2
1727 2
1728 0
1729 3
1730 0
1731 0
1732 1
1733 2
1734 3
1735 2
1736 2
1737 1
1738 2
1739 0
1740 2
1741 1
1742 2
1743 1
1744 0
1745 2
1746 3
1747 1
1748 1
1749 2
1750 0
1751 3
1752 2
1753 1
1754 1
1755 0
1756 1
1757 1
1758 1
1759 0
1760 2
1761 2
1762 3
1763 3
1764 1
1765 2
1766 1
1767 1
1768 2
1769 1
1770 1
1771 0
1772 1
1773 0
1774 1
1775 2
1776 1
1777 2
1778 1
1779 1
1780 1
1781 0
1782 4
1783 1
1784 1
1785 0
1786 2
1787 1
1788 1
1789 2
1790 2
1791 1
1792 3
1793 1
1794 4
1795 1
1796 0
1797 2
1798 1
1799 1
1800 0
1801 0
1802 2
1803 0
1804 0
1805 0
1806 0
1807 1
1808 1
1809 0
1810 0
1811 1
1812 1
1813 2
1814 2
1815 3
1816 1
1817 1
1818 1
1819 0
1820 1
1821 0
1822 1
1823 0
1824 5
1825 0
1826 1
1827 3
1828 0
1829 0
1830 4
1831 2
1832 0
1833 0
1834 0
1835 1
1836 1
1837 2
1838 1
1839 0
1840 2
1841 3
1842 2
1843 1
1844 0
1845 0
1846 1
1847 1
1848 0
1849 1
1850 1
1851 0
1852 0
1853 2
1854 0
1855 2
1856 1
1857 1
1858 1
1859 0
1860 0
1861 0
1862 2
1863 1
1864 0
1865 2
1866 1
1867 1
1868 0
1869 0
1870 0
1871 0
1872 2
1873 0
1874 1
1875 3
1876 0
1877 0
1878 0
1879 0
1880 2
1881 1
1882 0
1883 1
1884 1
1885 1
1886 2
1887 0
1888 2
1889 1
1890 1
1891 1
1892 1
1893 0
1894 1
1895 2
1896 1
1897 0
1898 0
1899 0
1900 1
1901 0
1902 1
1903 1
1904 0
1905 0
1906 0
1907 2
1908 0
1909 0
1910 0
1911 0
1912 1
1913 1
1914 0
1915 1
1916 0
1917 0
1918 0
1919 0
1920 0
1921 0
1922 0
1923 0
1924 3
1925 0
1926 0
1927 0
1928 0
1929 1
1930 0
1931 0
1932 0
1933 1
1934 0
1935 2
1936 1
1937 0
1938 1
1939 1
1940 1
1941 0
1942 0
1943 1
1944 2
1945 0
1946 0
1947 2
1948 0
1949 0
1950 0
1951 0
1952 0
1953 1
1954 1
1955 0
1956 0
1957 0
1958 1
1959 0
1960 1
1961 0
1962 0
1963 0
1964 0
1965 0
1966 0
1967 0
1968 0
1969 0
1970 0
1971 1
1972 0
1973 2
1974 0
1975 0
1976 2
1977 2
1978 0
1979 0
1980 0
1981 0
1982 1
1983 0
1984 0
1985 3
1986 1
1987 0
1988 0
1989 0
1990 0
1991 1
1992 1
1993 0
1994 0
1995 0
1996 0
1997 0
1998 0
1999 0
2000 0
2001 1
2002 0
2003 0
2004 1
2005 0
2006 0
2007 0
2008 0
2009 0
2010 1
2011 1
2012 0
2013 0
2014 0
2015 0
2016 0
2017 0
2018 0
2019 0
2020 0
2021 0
2022 0
2023 0
2024 2
2025 0
2026 0
2027 0
2028 0
2029 1
2030 1
2031 0
2032 0
2033 0
2034 0
2035 0
2036 0
2037 0
2038 0
2039 0
2040 0
2041 0
2042 0
2043 2
2044 0
2045 0
2046 1
2047 0
2048 0
2049 0
2050 0
2051 0
2052 0
2053 0
2054 0
2055 1
2056 0
2057 0
2058 1
2059 0
2060 0
2061 0
2062 0
2063 0
2064 0
2065 0
2066 0
2067 0
2068 0
2069 0
2070 2
2071 0
2072 0
2073 0
2074 1
2075 0
2076 0
2077 0
2078 0
2079 0
2080 0
2081 0
2082 0
2083 0
2084 1
2085 0
2086 0
2087 0
2088 0
2089 0
2090 0
2091 0
2092 0
2093 1
2094 0
2095 2
2096 0
2097 0
2098 0
2099 0
2100 0
2101 0
2102 1
2103 0
2104 0
2105 0
2106 0
2107 0
2108 0
2109 0
2110 0
2111 0
2112 0
2113 0
2114 2
2115 1
2116 0
2117 0
2118 0
2119 0
2120 0
2121 0
2122 1
2123 0
2124 0
2125 0
2126 0
2127 0
2128 0
2129 0
2130 0
2131 0
2132 0
2133 0
2134 0
2135 0
2136 0
2137 0
2138 0
2139 0
2140 1
2141 0
2142 0
2143 0
2144 0
2145 0
2146 0
2147 0
2148 0
2149 0
2150 0
2151 0
2152 0
2153 0
2154 0
2155 0
2156 0
2157 0
2158 0
2159 0
2160 0
2161 0
2162 0
2163 0
2164 1
2165 0
2166 0
2167 0
2168 1
2169 0
2170 0
2171 0
2172 0
2173 0
2174 0
2175 0
2176 0
2177 0
2178 1
2179 0
2180 0
2181 0
2182 1
2183 0
2184 2
2185 0
2186 0
2187 0
2188 0
2189 1
2190 0
2191 0
2192 0
2193 0
2194 0
2195 0
2196 0
2197 0
2198 0
2199 0
2200 0
2201 0
2202 0
2203 0
2204 0
2205 1
2206 0
2207 0
2208 0
2209 0
2210 0
2211 0
2212 0
2213 0
2214 0
2215 0
2216 0
2217 0
2218 1
2219 0
2220 0
2221 0
2222 0
2223 0
2224 0
2225 0
2226 0
2227 1
2228 0
2229 0
2230 0
2231 0
2232 0
2233 0
2234 0
2235 0
2236 0
2237 0
2238 0
2239 0
2240 1
2241 0
2242 0
2243 0
2244 0
2245 0
2246 0
2247 0
2248 0
2249 0
2250 0
2251 0
2252 0
2253 0
2254 0
2255 0
2256 0
2257 0
2258 1
2259 0
2260 0
2261 0
2262 0
2263 0
2264 0
2265 0
2266 0
2267 0
2268 0
2269 0
2270 0
2271 0
2272 0
2273 0
2274 0
2275 0
2276 0
2277 1
2278 0
2279 0
2280 0
2281 0
2282 0
2283 0
2284 0
2285 0
2286 1
2287 0
2288 0
2289 0
2290 0
2291 0
2292 0
2293 0
2294 0
2295 1
2296 0
2297 0
2298 0
2299 0
2300 0
2301 0
2302 1
2303 0
2304 0
2305 0
2306 0
2307 1
2308 0
2309 0
2310 0
2311 0
2312 0
2313 0
2314 0
2315 1
2316 0
2317 0
2318 0
2319 0
2320 0
2321 0
2322 0
2323 0
2324 0
2325 0
2326 0
2327 0
2328 0
2329 0
2330 0
2331 0
2332 0
2333 0
2334 0
2335 1
2336 0
2337 0
2338 0
2339 0
2340 0
2341 0
2342 0
2343 0
2344 1
2345 0
2346 0
2347 0
2348 0
2349 0
2350 1
2351 0
2352 0
2353 0
2354 0
2355 0
2356 0
2357 0
2358 0
2359 0
2360 0
2361 1
2362 0
2363 0
2364 0
2365 0
2366 0
2367 0
2368 0
2369 0
2370 0
2371 0
2372 0
2373 0
2374 0
2375 0
2376 0
2377 0
2378 0
2379 0
2380 0
2381 0
2382 0
2383 0
2384 0
2385 0
2386 0
2387 1
2388 0
2389 0
2390 0
2391 0
2392 0
2393 0
2394 0
2395 0
2396 0
2397 0
2398 0
2399 0
2400 0
2401 0
2402 0
2403 0
2404 0
2405 0
2406 0
2407 0
2408 0
2409 0
2410 0
2411 0
2412 0
2413 0
2414 0
2415 0
2416 0
2417 0
2418 0
2419 0
2420 0
2421 0
2422 0
2423 0
2424 0
2425 0
2426 0
2427 0
2428 0
2429 0
2430 0
2431 0
2432 0
2433 0
2434 0
2435 0
2436 0
2437 0
2438 0
2439 0
2440 0
2441 0
2442 0
2443 0
2444 0
2445 0
2446 0
2447 0
2448 0
2449 0
2450 0
2451 0
2452 0
2453 0
2454 0
2455 0
2456 0
2457 0
2458 0
2459 0
2460 0
2461 0
2462 0
2463 0
2464 0
2465 0
2466 0
2467 0
2468 0
2469 0
2470 0
2471 0
2472 0
2473 0
2474 0
2475 0
2476 0
2477 0
2478 0
2479 0
2480 0
2481 0
2482 0
2483 0
2484 0
2485 0
2486 0
2487 0
2488 0
2489 0
2490 0
2491 0
2492 0
2493 0
2494 0
2495 0
2496 0
2497 0
2498 0
2499 0
2500 0
2501 0
2502 0
2503 0
2504 1
2505 0
2506 1
2507 0
2508 0
2509 0
2510 0
2511 0
2512 0
2513 0
2514 0
2515 0
2516 0
2517 0
2518 0
2519 0
2520 0
2521 0
2522 0
2523 0
2524 0
2525 0
2526 0
2527 0
2528 0
2529 0
2530 0
2531 0
2532 0
2533 0
2534 0
2535 0
2536 0
2537 1
2538 1
2539 0
2540 0
2541 0
2542 0
2543 0
2544 0
2545 0
2546 0
2547 0
2548 0
2549 0
2550 0
2551 0
2552 0
2553 0
2554 0
2555 0
2556 0
2557 0
2558 0
2559 0
2560 0
2561 0
2562 0
2563 0
2564 0
2565 0
2566 0
2567 0
2568 0
2569 0
2570 0
2571 0
2572 0
2573 0
2574 0
2575 0
2576 0
2577 0
2578 0
2579 1
2580 0
2581 0
2582 0
2583 0
2584 0
2585 0
2586 0
2587 0
2588 0
2589 0
2590 0
2591 0
2592 0
2593 0
2594 0
2595 0
2596 0
2597 0
2598 0
2599 1
2600 0
2601 0
2602 0
2603 0
2604 0
2605 0
2606 0
2607 0
2608 0
2609 0
2610 0
2611 0
2612 0
2613 0
2614 0
2615 0
2616 0
2617 0
2618 0
2619 0
2620 0
2621 0
2622 0
2623 0
2624 0
2625 1
2626 0
2627 0
2628 0
2629 0
2630 0
2631 0
2632 0
2633 0
2634 0
2635 0
2636 0
2637 0
2638 0
2639 0
2640 0
2641 0
2642 0
2643 0
2644 0
2645 0
2646 0
2647 0
2648 0
2649 0
2650 0
2651 0
2652 0
2653 0
2654 0
2655 0
2656 0
2657 0
2658 0
2659 0
2660 0
2661 1
2662 0
2663 0
2664 0
2665 0
2666 0
2667 0
2668 0
2669 0
2670 0
2671 1
2672 0
2673 0
2674 0
2675 0
2676 1
2677 0
2678 0
2679 0
2680 0
2681 0
2682 0
2683 0
2684 0
2685 0
2686 0
2687 0
2688 0
2689 0
2690 0
2691 0
2692 0
2693 0
2694 0
2695 0
2696 0
2697 0
2698 0
2699 0
2700 0
2701 0
2702 0
2703 0
2704 0
2705 0
2706 0
2707 0
2708 0
2709 0
2710 0
2711 0
2712 0
2713 0
2714 0
2715 0
2716 0
2717 0
2718 0
2719 0
2720 0
2721 0
2722 0
2723 0
2724 0
2725 0
2726 0
2727 0
2728 0
2729 0
2730 0
2731 0
2732 0
2733 0
2734 0
2735 0
2736 0
2737 0
2738 0
2739 0
2740 0
2741 0
2742 0
2743 0
2744 0
2745 0
2746 0
2747 0
2748 0
2749 0
2750 0
2751 0
2752 0
2753 0
2754 0
2755 0
2756 0
2757 0
2758 0
2759 0
2760 0
2761 0
2762 0
2763 0
2764 0
2765 0
2766 0
2767 0
2768 0
2769 0
2770 0
2771 0
2772 1
2773 0
2774 0
2775 0
2776 0
2777 0
2778 0
2779 0
2780 0
2781 0
2782 0
2783 0
2784 0
2785 0
2786 0
2787 0
2788 0
2789 0
2790 0
2791 0
2792 0
2793 0
2794 0
2795 0
2796 0
2797 0
2798 0
2799 0
2800 0
2801 0
2802 0
2803 0
2804 0
2805 0
2806 0
2807 0
2808 0
2809 0
2810 1
2811 0
2812 0
2813 0
2814 0
2815 0
2816 0
2817 0
2818 0
2819 0
2820 0
2821 0
2822 0
2823 0
2824 0
2825 0
2826 0
2827 0
2828 0
2829 0
2830 0
2831 0
2832 0
2833 0
2834 0
2835 0
2836 0
2837 0
2838 0
2839 0
2840 0
2841 0
2842 0
2843 0
2844 0
2845 0
2846 0
2847 0
2848 0
2849 0
2850 0
2851 0
2852 0
2853 0
2854 0
2855 0
2856 0
2857 0
2858 0
2859 0
2860 0
2861 0
2862 0
2863 0
2864 0
2865 0
2866 0
2867 0
2868 0
2869 0
2870 0
2871 0
2872 0
2873 0
2874 0
2875 0
2876 0
2877 0
2878 0
2879 0
2880 0
2881 0
2882 0
2883 0
2884 0
2885 0
2886 0
2887 0
2888 0
2889 0
2890 0
2891 0
2892 0
2893 0
2894 0
2895 0
2896 0
2897 0
2898 0
2899 0
2900 0
2901 0
2902 0
2903 0
2904 0
2905 0
2906 0
2907 0
2908 0
2909 0
2910 0
2911 0
2912 0
2913 0
2914 0
2915 0
2916 0
2917 0
2918 0
2919 0
2920 0
2921 0
2922 0
2923 0
2924 0
2925 0
2926 0
2927 0
2928 0
2929 0
2930 0
2931 1
2932 0
2933 0
2934 0
2935 0
2936 0
2937 0
2938 0
2939 0
2940 0
2941 0
2942 0
2943 0
2944 0
2945 0
2946 0
2947 0
2948 0
2949 0
2950 0
2951 0
2952 0
2953 0
2954 0
2955 0
2956 0
2957 0
2958 0
2959 0
2960 0
2961 0
2962 0
2963 0
2964 0
2965 0
2966 0
2967 0
2968 0
2969 0
2970 0
2971 0
2972 0
2973 0
2974 0
2975 0
2976 0
2977 0
2978 0
2979 0
2980 0
2981 0
2982 0
2983 0
2984 0
2985 0
2986 0
2987 0
2988 0
2989 0
2990 0
2991 0
2992 0
2993 0
2994 0
2995 0
2996 0
2997 0
2998 0
2999 0
3000 0
3001 0
3002 0
3003 0
3004 0
3005 0
3006 0
3007 0
3008 0
3009 0
3010 0
3011 0
3012 0
3013 0
3014 0
3015 0
3016 0
3017 0
3018 0
3019 0
3020 0
3021 0
3022 0
3023 0
3024 0
3025 0
3026 0
3027 0
3028 0
3029 0
3030 0
3031 0
3032 0
3033 0
3034 0
3035 0
3036 0
3037 0
3038 0
3039 0
3040 0
3041 0
3042 0
3043 0
3044 0
3045 0
3046 0
3047 0
3048 0
3049 0
3050 0
3051 0
3052 0
3053 0
3054 0
3055 0
3056 0
3057 0
3058 0
3059 0
3060 0
3061 0
3062 0
3063 0
3064 0
3065 0
3066 0
3067 0
3068 0
3069 0
3070 0
3071 0
3072 0
3073 0
3074 0
3075 0
3076 0
3077 0
3078 0
3079 0
3080 0
3081 0
3082 0
3083 0
3084 0
3085 0
3086 0
3087 0
3088 0
3089 0
3090 0
3091 0
3092 0
3093 0
3094 0
3095 0
3096 0
3097 0
3098 0
3099 0
3100 0
3101 0
3102 0
3103 0
3104 0
3105 0
3106 0
3107 0
3108 0
3109 1
3110 0
3111 0
3112 0
3113 0
3114 0
3115 0
3116 0
3117 0
3118 0
3119 0
3120 0
3121 0
3122 0
3123 0
3124 0
3125 0
3126 0
3127 0
3128 0
3129 0
3130 0
3131 0
3132 0
3133 1
3134 0
3135 0
3136 0
3137 0
3138 0
3139 0
3140 0
3141 0
3142 0
3143 0
3144 0
3145 0
3146 0
3147 0
3148 0
3149 0
3150 0
3151 0
3152 0
3153 0
3154 0
3155 0
3156 0
3157 0
3158 0
3159 0
3160 0
3161 0
3162 0
3163 0
3164 0
3165 0
3166 0
3167 0
3168 0
3169 0
3170 1
3171 0
3172 0
3173 0
3174 1
3175 0
3176 0
3177 0
3178 0
3179 0
3180 0
3181 0
3182 0
3183 0
3184 0
3185 0
3186 0
3187 0
3188 0
3189 0
3190 0
3191 0
3192 0
3193 0
3194 0
3195 0
3196 0
3197 0
3198 0
3199 0
3200 0
3201 0
3202 0
3203 0
3204 0
3205 0
3206 0
3207 0
3208 0
3209 0
3210 0
3211 0
3212 0
3213 0
3214 0
3215 0
3216 0
3217 0
3218 0
3219 0
3220 0
3221 0
3222 0
3223 0
3224 0
3225 0
3226 0
3227 0
3228 0
3229 1
3230 0
3231 0
3232 0
3233 0
3234 0
3235 1
3236 0
3237 0
3238 0
3239 0
3240 0
3241 0
3242 0
3243 0
3244 0
3245 1
3246 0
3247 0
3248 0
3249 0
3250 0
3251 0
3252 0
3253 0
3254 0
3255 0
3256 0
3257 0
3258 0
3259 0
3260 0
3261 0
3262 0
3263 0
3264 0
3265 0
3266 1
3267 0
3268 0
3269 0
3270 0
3271 0
3272 0
3273 0
3274 0
3275 0
3276 0
3277 0
3278 0
3279 0
3280 0
3281 0
3282 0
3283 0
3284 0
3285 0
3286 0
3287 0
3288 0
3289 0
3290 0
3291 0
3292 0
3293 0
3294 0
3295 0
3296 0
3297 1
3298 0
3299 0
3300 0
3301 0
3302 0
3303 0
3304 0
3305 0
3306 0
3307 0
3308 0
3309 0
3310 0
3311 0
3312 0
3313 0
3314 0
3315 0
3316 0
3317 0
3318 0
3319 0
3320 0
3321 0
3322 0
3323 0
3324 0
3325 0
3326 0
3327 0
3328 0
3329 0
3330 0
3331 0
3332 0
3333 0
3334 0
3335 0
3336 0
3337 0
3338 0
3339 0
3340 0
3341 0
3342 0
3343 0
3344 0
3345 0
3346 0
3347 0
3348 0
3349 0
3350 0
3351 0
3352 0
3353 0
3354 0
3355 0
3356 0
3357 0
3358 0
3359 0
3360 0
3361 0
3362 0
3363 0
3364 0
3365 0
3366 0
3367 0
3368 0
3369 0
3370 0
3371 0
3372 0
3373 0
3374 0
3375 0
3376 0
3377 0
3378 0
3379 0
3380 0
3381 0
3382 0
3383 0
3384 0
3385 0
3386 0
3387 0
3388 0
3389 0
3390 0
3391 0
3392 0
3393 0
3394 0
3395 0
3396 0
3397 0
3398 0
3399 0
3400 0
3401 0
3402 0
3403 0
3404 0
3405 0
3406 0
3407 0
3408 0
3409 0
3410 0
3411 0
3412 0
3413 0
3414 0
3415 0
3416 0
3417 0
3418 0
3419 0
3420 1
3421 0
3422 0
3423 0
3424 0
3425 0
3426 0
3427 0
3428 0
3429 0
3430 0
3431 0
3432 0
3433 0
3434 0
3435 0
3436 0
3437 0
3438 0
3439 0
3440 0
3441 0
3442 0
3443 0
3444 0
3445 0
3446 0
3447 0
3448 0
3449 0
3450 0
3451 0
3452 0
3453 0
3454 0
3455 0
3456 0
3457 0
3458 0
3459 0
3460 0
3461 0
3462 0
3463 0
3464 0
3465 0
3466 0
3467 0
3468 0
3469 0
3470 0
3471 0
3472 0
3473 0
3474 0
3475 0
3476 0
3477 0
3478 0
3479 0
3480 0
3481 0
3482 0
3483 0
3484 0
3485 0
3486 0
3487 0
3488 0
3489 0
3490 0
3491 0
3492 0
3493 0
3494 0
3495 0
3496 0
3497 0
3498 0
3499 0
3500 0
3501 0
3502 0
3503 0
3504 0
3505 0
3506 0
3507 0
3508 0
3509 0
3510 0
3511 0
3512 0
3513 0
3514 0
3515 0
3516 0
3517 0
3518 0
3519 0
3520 0
3521 0
3522 0
3523 0
3524 0
3525 0
3526 0
3527 0
3528 0
3529 0
3530 0
3531 0
3532 0
3533 0
3534 0
3535 0
3536 0
3537 0
3538 0
3539 0
3540 0
3541 0
3542 0
3543 0
3544 0
3545 0
3546 0
3547 0
3548 0
3549 0
3550 0
3551 0
3552 0
3553 0
3554 0
3555 0
3556 0
3557 0
3558 0
3559 0
3560 0
3561 0
3562 0
3563 0
3564 0
3565 0
3566 0
3567 0
3568 0
3569 0
3570 0
3571 0
3572 0
3573 0
3574 0
3575 0
3576 0
3577 0
3578 0
3579 0
3580 0
3581 0
3582 0
3583 0
3584 0
3585 0
3586 0
3587 0
3588 0
3589 0
3590 0
3591 0
3592 0
3593 0
3594 0
3595 0
3596 0
3597 0
3598 0
3599 0
3600 0
3601 0
3602 0
3603 0
3604 0
3605 0
3606 0
3607 0
3608 0
3609 0
3610 0
3611 0
3612 0
3613 0
3614 0
3615 0
3616 0
3617 0
3618 0
3619 0
3620 0
3621 0
3622 0
3623 0
3624 0
3625 0
3626 0
3627 0
3628 0
3629 0
3630 0
3631 0
3632 0
3633 0
3634 0
3635 0
3636 0
3637 0
3638 0
3639 0
3640 0
3641 0
3642 0
3643 0
3644 0
3645 0
3646 0
3647 0
3648 0
3649 0
3650 0
3651 0
3652 0
3653 0
3654 0
3655 0
3656 0
3657 0
3658 0
3659 0
3660 0
3661 0
3662 0
3663 0
3664 0
3665 0
3666 0
3667 0
3668 0
3669 0
3670 0
3671 0
3672 0
3673 0
3674 0
3675 0
3676 0
3677 0
3678 0
3679 0
3680 0
3681 0
3682 0
3683 0
3684 1
3685 0
3686 0
3687 0
3688 0
3689 0
3690 0
3691 0
3692 0
3693 0
3694 0
3695 0
3696 0
3697 0
3698 0
3699 0
3700 0
3701 0
3702 0
3703 0
3704 1
3705 0
3706 0
3707 0
3708 0
3709 0
3710 0
3711 0
3712 0
3713 0
3714 0
3715 0
3716 0
3717 0
3718 0
3719 0
3720 0
3721 0
3722 0
3723 0
3724 0
3725 0
3726 0
3727 0
3728 0
3729 0
3730 0
3731 0
3732 0
3733 0
3734 0
3735 0
3736 0
3737 0
3738 0
3739 0
3740 0
3741 0
3742 0
3743 0
3744 0
3745 0
3746 0
3747 1
3748 0
3749 0
3750 0
3751 0
3752 0
3753 0
3754 0
3755 0
3756 0
3757 0
3758 0
3759 0
3760 0
3761 0
3762 0
3763 0
3764 0
3765 0
3766 0
3767 0
3768 0
3769 0
3770 0
3771 0
3772 0
3773 0
3774 0
3775 0
3776 0
3777 0
3778 0
3779 0
3780 0
3781 0
3782 0
3783 0
3784 0
3785 0
3786 0
3787 0
3788 0
3789 0
3790 0
3791 0
3792 0
3793 0
3794 0
3795 0
3796 0
3797 0
3798 0
3799 0
3800 0
3801 0
3802 0
3803 0
3804 0
3805 0
3806 0
3807 0
3808 0
3809 0
3810 0
3811 0
3812 0
3813 0
3814 0
3815 0
3816 0
3817 0
3818 0
3819 0
3820 0
3821 0
3822 0
3823 0
3824 0
3825 0
3826 0
3827 0
3828 0
3829 0
3830 0
3831 0
3832 0
3833 0
3834 0
3835 0
3836 0
3837 0
3838 1
3839 0
3840 0
3841 0
3842 0
3843 0
3844 0
3845 0
3846 0
3847 0
3848 0
3849 0
3850 0
3851 0
3852 0
3853 0
3854 0
3855 0
3856 0
3857 0
3858 0
3859 0
3860 0
3861 0
3862 0
3863 0
3864 0
3865 0
3866 0
3867 0
3868 0
3869 0
3870 0
3871 0
3872 0
3873 0
3874 0
3875 0
3876 0
3877 0
3878 0
3879 0
3880 0
3881 0
3882 0
3883 0
3884 0
3885 0
3886 0
3887 0
3888 0
3889 0
3890 0
3891 0
3892 0
3893 0
3894 0
3895 0
3896 0
3897 0
3898 0
3899 0
3900 0
3901 0
3902 0
3903 0
3904 0
3905 0
3906 0
3907 0
3908 0
3909 0
3910 0
3911 0
3912 0
3913 0
3914 0
3915 0
3916 0
3917 0
3918 0
3919 0
3920 0
3921 0
3922 0
3923 0
3924 0
3925 0
3926 0
3927 0
3928 0
3929 0
3930 0
3931 0
3932 0
3933 0
3934 0
3935 0
3936 0
3937 0
3938 0
3939 0
3940 0
3941 0
3942 0
3943 0
3944 0
3945 0
3946 0
3947 0
3948 1
3949 0
3950 0
3951 0
3952 0
3953 0
3954 0
3955 0
3956 0
3957 0
3958 0
3959 0
3960 0
3961 0
3962 0
3963 0
3964 0
3965 0
3966 0
3967 0
3968 0
3969 0
3970 0
3971 0
3972 0
3973 0
3974 0
3975 0
3976 0
3977 0
3978 0
3979 0
3980 0
3981 0
3982 0
3983 0
3984 0
3985 1
3986 1
3987 0
3988 0
3989 0
3990 0
3991 0
3992 0
3993 0
3994 0
3995 0
3996 0
3997 0
3998 0
3999 0
4000 0
