0 0
1 0
2 0
3 0
4 0
5 0
6 0
7 0
8 0
9 0
10 0
11 0
12 0
13 0
14 0
15 0
16 0
17 0
18 0
19 0
20 0
21 0
22 0
23 0
24 0
25 0
26 0
27 0
28 0
29 0
30 0
31 0
32 0
33 0
34 0
35 0
36 0
37 0
38 0
39 0
40 0
41 0
42 0
43 0
44 0
45 0
46 0
47 0
48 0
49 0
50 0
51 0
52 0
53 0
54 0
55 0
56 0
57 0
58 0
59 0
60 0
61 0
62 0
63 0
64 0
65 0
66 0
67 0
68 0
69 0
70 0
71 0
72 0
73 0
74 0
75 0
76 0
77 0
78 0
79 0
80 0
81 0
82 0
83 0
84 0
85 0
86 0
87 0
88 0
89 0
90 0
91 0
92 0
93 0
94 0
95 0
96 0
97 0
98 0
99 0
100 0
101 0
102 0
103 0
104 0
105 0
106 0
107 0
108 0
109 0
110 0
111 0
112 0
113 0
114 0
115 0
116 0
117 0
118 0
119 0
120 0
121 0
122 0
123 0
124 0
125 0
126 0
127 0
128 0
129 0
130 0
131 0
132 0
133 0
134 0
135 0
136 0
137 0
138 0
139 0
140 0
141 0
142 0
143 0
144 0
145 0
146 0
147 0
148 0
149 0
150 0
151 1
152 0
153 3
154 3
155 5
156 3
157 3
158 4
159 9
160 1
161 5
162 7
163 8
164 3
165 3
166 8
167 10
168 5
169 7
170 5
171 10
172 10
173 8
174 7
175 22
176 35
177 53
178 64
179 93
180 114
181 127
182 144
183 167
184 208
185 310
186 516
187 831
188 1203
189 1593
190 1929
191 1951
192 2048
193 2068
194 1840
195 1776
196 1722
197 1554
198 1374
199 1310
200 1238
201 1090
202 1015
203 917
204 852
205 837
206 776
207 738
208 648
209 646
210 667
211 662
212 617
213 644
214 634
215 652
216 616
217 617
218 637
219 633
220 679
221 642
222 646
223 639
224 696
225 680
226 693
227 647
228 644
229 698
230 729
231 705
232 722
233 703
234 746
235 737
236 768
237 771
238 753
239 793
240 806
241 784
242 760
243 762
244 767
245 810
246 797
247 775
248 762
249 746
250 836
251 765
252 807
253 825
254 775
255 823
256 887
257 838
258 830
259 793
260 845
261 807
262 781
263 861
264 863
265 833
266 834
267 915
268 856
269 818
270 830
271 846
272 867
273 866
274 884
275 864
276 911
277 912
278 932
279 916
280 905
281 888
282 867
283 939
284 948
285 906
286 895
287 960
288 893
289 977
290 923
291 878
292 944
293 937
294 888
295 882
296 988
297 1027
298 959
299 985
300 935
301 956
302 971
303 994
304 939
305 1038
306 1002
307 991
308 994
309 1001
310 1064
311 1021
312 1037
313 1041
314 1017
315 1002
316 1033
317 973
318 1059
319 1091
320 1010
321 1089
322 1055
323 1106
324 1061
325 1136
326 1070
327 1088
328 1136
329 1142
330 1099
331 1086
332 1123
333 1102
334 1150
335 1157
336 1178
337 1066
338 1138
339 1212
340 1157
341 1078
342 1210
343 1158
344 1180
345 1163
346 1221
347 1248
348 1208
349 1184
350 1228
351 1217
352 1294
353 1263
354 1321
355 1283
356 1236
357 1272
358 1262
359 1319
360 1271
361 1344
362 1207
363 1305
364 1311
365 1295
366 1345
367 1314
368 1266
369 1376
370 1388
371 1347
372 1335
373 1404
374 1384
375 1376
376 1399
377 1335
378 1351
379 1440
380 1414
381 1373
382 1459
383 1402
384 1455
385 1435
386 1472
387 1537
388 1465
389 1540
390 1533
391 1495
392 1491
393 1493
394 1606
395 1524
396 1595
397 1560
398 1593
399 1646
400 1598
401 1632
402 1586
403 1611
404 1579
405 1615
406 1655
407 1592
408 1624
409 1602
410 1662
411 1634
412 1676
413 1679
414 1714
415 1729
416 1661
417 1754
418 1713
419 1643
420 1683
421 1715
422 1752
423 1806
424 1715
425 1702
426 1767
427 1753
428 1656
429 1836
430 1795
431 1712
432 1772
433 1785
434 1797
435 1759
436 1795
437 1884
438 1819
439 1831
440 1886
441 1846
442 1885
443 1898
444 1871
445 1889
446 1869
447 1857
448 1845
449 1838
450 1846
451 1865
452 1881
453 1837
454 1971
455 1915
456 1872
457 1843
458 1873
459 1919
460 1923
461 2043
462 2027
463 2018
464 1933
465 1921
466 1894
467 1883
468 2077
469 1967
470 2004
471 1993
472 1983
473 1983
474 2005
475 2020
476 1983
477 1981
478 1970
479 1945
480 1921
481 1948
482 1993
483 1907
484 1972
485 1958
486 1964
487 1930
488 1994
489 2020
490 2053
491 1960
492 1983
493 1878
494 1987
495 2013
496 1942
497 1972
498 1979
499 2013
500 1933
501 1971
502 1921
503 2004
504 2013
505 1940
506 2027
507 2014
508 1927
509 2018
510 1932
511 1976
512 1963
513 1938
514 1911
515 1961
516 1922
517 1970
518 1860
519 1931
520 1900
521 1882
522 1874
523 1893
524 1912
525 1896
526 1808
527 1860
528 1853
529 1857
530 1922
531 1810
532 1825
533 1785
534 1865
535 1745
536 1822
537 1829
538 1874
539 1785
540 1783
541 1850
542 1741
543 1774
544 1819
545 1684
546 1814
547 1700
548 1738
549 1765
550 1755
551 1715
552 1648
553 1745
554 1660
555 1701
556 1676
557 1697
558 1734
559 1680
560 1636
561 1656
562 1719
563 1627
564 1545
565 1619
566 1666
567 1624
568 1634
569 1606
570 1580
571 1542
572 1529
573 1553
574 1631
575 1489
576 1558
577 1512
578 1534
579 1526
580 1467
581 1444
582 1538
583 1455
584 1462
585 1430
586 1489
587 1437
588 1388
589 1459
590 1450
591 1495
592 1416
593 1440
594 1382
595 1387
596 1354
597 1364
598 1308
599 1309
600 1294
601 1312
602 1334
603 1339
604 1332
605 1310
606 1325
607 1275
608 1281
609 1294
610 1298
611 1273
612 1275
613 1214
614 1204
615 1165
616 1198
617 1178
618 1162
619 1180
620 1111
621 1155
622 1177
623 1177
624 1163
625 1143
626 1164
627 1134
628 1092
629 1074
630 1059
631 1100
632 1058
633 1064
634 1108
635 1011
636 1041
637 998
638 1015
639 968
640 1031
641 960
642 1056
643 987
644 992
645 985
646 953
647 928
648 913
649 932
650 886
651 928
652 860
653 934
654 940
655 898
656 830
657 861
658 879
659 833
660 865
661 847
662 825
663 816
664 749
665 808
666 813
667 792
668 778
669 793
670 805
671 737
672 739
673 772
674 807
675 745
676 717
677 740
678 749
679 719
680 728
681 726
682 681
683 679
684 671
685 677
686 713
687 698
688 649
689 683
690 633
691 620
692 652
693 658
694 627
695 650
696 599
697 638
698 632
699 644
700 575
701 637
702 618
703 629
704 576
705 590
706 583
707 559
708 569
709 557
710 555
711 556
712 556
713 547
714 564
715 546
716 546
717 525
718 557
719 504
720 518
721 551
722 509
723 521
724 521
725 512
726 482
727 499
728 512
729 492
730 498
731 472
732 446
733 434
734 480
735 470
736 444
737 452
738 470
739 469
740 458
741 464
742 458
743 439
744 433
745 467
746 439
747 459
748 398
749 410
750 417
751 386
752 401
753 397
754 397
755 373
756 388
757 345
758 388
759 371
760 419
761 345
762 386
763 364
764 417
765 385
766 396
767 340
768 386
769 374
770 357
771 366
772 374
773 382
774 350
775 340
776 334
777 332
778 324
779 384
780 340
781 384
782 363
783 313
784 350
785 307
786 314
787 317
788 343
789 324
790 325
791 334
792 311
793 304
794 303
795 284
796 328
797 325
798 322
799 317
800 278
801 307
802 302
803 297
804 306
805 322
806 294
807 285
808 294
809 298
810 302
811 319
812 288
813 319
814 285
815 285
816 284
817 307
818 303
819 291
820 258
821 276
822 287
823 275
824 271
825 288
826 297
827 259
828 243
829 292
830 282
831 234
832 289
833 314
834 263
835 274
836 305
837 270
838 261
839 257
840 259
841 247
842 252
843 243
844 259
845 269
846 274
847 277
848 251
849 255
850 258
851 269
852 264
853 259
854 269
855 260
856 259
857 259
858 250
859 223
860 255
861 255
862 245
863 250
864 248
865 264
866 254
867 256
868 238
869 237
870 230
871 263
872 260
873 221
874 260
875 233
876 243
877 242
878 244
879 245
880 245
881 251
882 225
883 251
884 245
885 242
886 217
887 252
888 255
889 257
890 239
891 253
892 242
893 248
894 234
895 225
896 255
897 238
898 215
899 269
900 257
901 228
902 246
903 233
904 230
905 256
906 227
907 229
908 230
909 277
910 265
911 217
912 199
913 228
914 220
915 197
916 249
917 211
918 238
919 233
920 236
921 231
922 229
923 226
924 248
925 253
926 251
927 225
928 231
929 247
930 221
931 225
932 242
933 220
934 218
935 231
936 240
937 228
938 247
939 235
940 263
941 243
942 251
943 208
944 214
945 236
946 228
947 239
948 232
949 226
950 237
951 235
952 214
953 218
954 251
955 203
956 212
957 235
958 228
959 240
960 226
961 242
962 229
963 221
964 233
965 230
966 220
967 242
968 231
969 215
970 226
971 205
972 226
973 216
974 236
975 229
976 231
977 245
978 240
979 237
980 226
981 245
982 230
983 228
984 234
985 251
986 211
987 212
988 225
989 229
990 243
991 236
992 232
993 213
994 226
995 220
996 244
997 221
998 231
999 203
1000 225
1001 227
1002 252
1003 221
1004 221
1005 236
1006 224
1007 215
1008 245
1009 225
1010 219
1011 235
1012 218
1013 231
1014 222
1015 226
1016 229
1017 185
1018 240
1019 223
1020 224
1021 207
1022 219
1023 236
1024 212
1025 207
1026 236
1027 222
1028 205
1029 221
1030 238
1031 208
1032 231
1033 235
1034 230
1035 216
1036 203
1037 250
1038 241
1039 230
1040 246
1041 247
1042 203
1043 230
1044 214
1045 224
1046 249
1047 214
1048 242
1049 211
1050 221
1051 223
1052 208
1053 224
1054 211
1055 199
1056 192
1057 231
1058 239
1059 210
1060 219
1061 232
1062 205
1063 212
1064 232
1065 225
1066 206
1067 201
1068 226
1069 205
1070 238
1071 195
1072 198
1073 196
1074 220
1075 223
1076 228
1077 220
1078 218
1079 205
1080 210
1081 212
1082 204
1083 234
1084 218
1085 204
1086 202
1087 216
1088 226
1089 245
1090 190
1091 206
1092 207
1093 238
1094 220
1095 208
1096 210
1097 218
1098 194
1099 192
1100 211
1101 221
1102 209
1103 194
1104 208
1105 212
1106 214
1107 196
1108 204
1109 193
1110 222
1111 200
1112 193
1113 215
1114 199
1115 212
1116 219
1117 194
1118 185
1119 221
1120 204
1121 221
1122 194
1123 224
1124 183
1125 223
1126 228
1127 191
1128 190
1129 195
1130 223
1131 178
1132 217
1133 190
1134 174
1135 209
1136 196
1137 189
1138 185
1139 186
1140 209
1141 203
1142 186
1143 189
1144 192
1145 175
1146 200
1147 191
1148 193
1149 186
1150 195
1151 203
1152 182
1153 170
1154 202
1155 183
1156 175
1157 172
1158 204
1159 203
1160 192
1161 190
1162 181
1163 174
1164 189
1165 192
1166 186
1167 178
1168 184
1169 208
1170 189
1171 158
1172 185
1173 200
1174 180
1175 184
1176 182
1177 160
1178 199
1179 182
1180 171
1181 176
1182 160
1183 189
1184 151
1185 169
1186 173
1187 166
1188 176
1189 171
1190 160
1191 199
1192 160
1193 182
1194 171
1195 169
1196 200
1197 139
1198 178
1199 194
1200 172
1201 187
1202 142
1203 186
1204 168
1205 170
1206 160
1207 164
1208 155
1209 185
1210 154
1211 175
1212 166
1213 173
1214 185
1215 174
1216 174
1217 161
1218 173
1219 172
1220 180
1221 176
1222 149
1223 167
1224 167
1225 192
1226 137
1227 164
1228 166
1229 152
1230 164
1231 172
1232 152
1233 161
1234 181
1235 163
1236 158
1237 164
1238 157
1239 164
1240 147
1241 138
1242 155
1243 170
1244 146
1245 130
1246 166
1247 155
1248 150
1249 130
1250 156
1251 141
1252 143
1253 137
1254 121
1255 147
1256 130
1257 143
1258 143
1259 166
1260 148
1261 139
1262 161
1263 136
1264 138
1265 135
1266 152
1267 149
1268 126
1269 131
1270 162
1271 144
1272 145
1273 138
1274 133
1275 117
1276 134
1277 119
1278 159
1279 166
1280 124
1281 128
1282 148
1283 122
1284 121
1285 148
1286 138
1287 118
1288 137
1289 115
1290 141
1291 124
1292 130
1293 119
1294 137
1295 133
1296 132
1297 126
1298 142
1299 138
1300 118
1301 136
1302 134
1303 129
1304 105
1305 116
1306 129
1307 119
1308 131
1309 110
1310 116
1311 120
1312 125
1313 115
1314 121
1315 140
1316 132
1317 123
1318 143
1319 118
1320 119
1321 118
1322 101
1323 100
1324 118
1325 101
1326 135
1327 99
1328 101
1329 120
1330 108
1331 135
1332 135
1333 114
1334 124
1335 114
1336 138
1337 116
1338 122
1339 133
1340 97
1341 102
1342 121
1343 92
1344 111
1345 120
1346 117
1347 112
1348 94
1349 125
1350 95
1351 131
1352 115
1353 110
1354 112
1355 106
1356 104
1357 119
1358 114
1359 103
1360 97
1361 112
1362 119
1363 104
1364 97
1365 100
1366 105
1367 96
1368 106
1369 108
1370 102
1371 112
1372 87
1373 86
1374 84
1375 108
1376 113
1377 93
1378 101
1379 97
1380 105
1381 105
1382 88
1383 89
1384 100
1385 90
1386 98
1387 85
1388 89
1389 99
1390 88
1391 91
1392 99
1393 93
1394 97
1395 107
1396 78
1397 74
1398 87
1399 99
1400 94
1401 86
1402 94
1403 91
1404 88
1405 92
1406 92
1407 72
1408 89
1409 86
1410 90
1411 77
1412 85
1413 85
1414 71
1415 99
1416 73
1417 80
1418 78
1419 77
1420 72
1421 73
1422 81
1423 67
1424 68
1425 73
1426 73
1427 77
1428 65
1429 79
1430 74
1431 72
1432 76
1433 81
1434 80
1435 84
1436 61
1437 77
1438 71
1439 69
1440 66
1441 76
1442 86
1443 88
1444 72
1445 61
1446 73
1447 72
1448 96
1449 80
1450 67
1451 67
1452 67
1453 73
1454 61
1455 58
1456 74
1457 77
1458 63
1459 82
1460 73
1461 72
1462 64
1463 74
1464 63
1465 75
1466 55
1467 64
1468 67
1469 64
1470 79
1471 70
1472 63
1473 56
1474 56
1475 68
1476 61
1477 81
1478 72
1479 68
1480 59
1481 60
1482 61
1483 54
1484 64
1485 72
1486 59
1487 57
1488 60
1489 48
1490 57
1491 56
1492 54
1493 62
1494 62
1495 60
1496 49
1497 52
1498 50
1499 51
1500 57
1501 59
1502 52
1503 60
1504 47
1505 59
1506 64
1507 55
1508 62
1509 63
1510 57
1511 48
1512 57
1513 55
1514 56
1515 51
1516 60
1517 61
1518 58
1519 64
1520 50
1521 43
1522 57
1523 46
1524 55
1525 54
1526 34
1527 43
1528 44
1529 55
1530 50
1531 51
1532 49
1533 60
1534 51
1535 50
1536 42
1537 43
1538 59
1539 44
1540 49
1541 43
1542 56
1543 62
1544 35
1545 60
1546 47
1547 40
1548 47
1549 63
1550 46
1551 51
1552 46
1553 46
1554 46
1555 45
1556 48
1557 55
1558 43
1559 44
1560 37
1561 42
1562 34
1563 54
1564 52
1565 39
1566 48
1567 48
1568 45
1569 42
1570 37
1571 46
1572 40
1573 50
1574 40
1575 37
1576 46
1577 45
1578 42
1579 39
1580 40
1581 26
1582 48
1583 39
1584 39
1585 42
1586 41
1587 41
1588 36
1589 40
1590 38
1591 40
1592 40
1593 34
1594 45
1595 40
1596 40
1597 39
1598 45
1599 44
1600 38
1601 32
1602 49
1603 39
1604 35
1605 31
1606 48
1607 34
1608 45
1609 41
1610 33
1611 28
1612 32
1613 33
1614 42
1615 36
1616 28
1617 48
1618 32
1619 31
1620 24
1621 41
1622 46
1623 33
1624 37
1625 32
1626 41
1627 32
1628 38
1629 25
1630 35
1631 27
1632 33
1633 40
1634 28
1635 26
1636 33
1637 29
1638 35
1639 28
1640 29
1641 34
1642 33
1643 23
1644 27
1645 28
1646 25
1647 30
1648 39
1649 32
1650 30
1651 30
1652 22
1653 26
1654 27
1655 37
1656 22
1657 26
1658 31
1659 24
1660 34
1661 26
1662 28
1663 31
1664 28
1665 33
1666 39
1667 30
1668 27
1669 30
1670 30
1671 29
1672 21
1673 22
1674 25
1675 23
1676 24
1677 30
1678 24
1679 22
1680 17
1681 29
1682 30
1683 18
1684 32
1685 21
1686 22
1687 20
1688 29
1689 27
1690 26
1691 25
1692 31
1693 20
1694 23
1695 19
1696 20
1697 24
1698 19
1699 19
1700 26
1701 23
1702 20
1703 24
1704 19
1705 19
1706 26
1707 25
1708 17
1709 20
1710 28
1711 23
1712 17
1713 13
1714 20
1715 11
1716 18
1717 21
1718 22
1719 16
1720 19
1721 23
1722 13
1723 23
1724 28
1725 17
1726 28
1727 24
1728 26
1729 12
1730 18
1731 28
1732 17
1733 23
1734 13
1735 17
1736 14
1737 20
1738 25
1739 18
1740 28
1741 20
1742 22
1743 15
1744 8
1745 16
1746 12
1747 16
1748 12
1749 20
1750 23
1751 20
1752 16
1753 16
1754 14
1755 15
1756 15
1757 18
1758 19
1759 27
1760 22
1761 19
1762 16
1763 16
1764 14
1765 19
1766 19
1767 17
1768 17
1769 13
1770 9
1771 19
1772 10
1773 16
1774 13
1775 19
1776 15
1777 14
1778 11
1779 15
1780 12
1781 17
1782 8
1783 9
1784 9
1785 9
1786 8
1787 17
1788 13
1789 15
1790 17
1791 11
1792 15
1793 13
1794 13
1795 10
1796 12
1797 15
1798 12
1799 14
1800 16
1801 7
1802 11
1803 15
1804 13
1805 9
1806 14
1807 19
1808 8
1809 12
1810 9
1811 12
1812 4
1813 7
1814 8
1815 11
1816 16
1817 8
1818 7
1819 9
1820 8
1821 8
1822 14
1823 8
1824 4
1825 4
1826 10
1827 10
1828 12
1829 13
1830 11
1831 6
1832 10
1833 12
1834 7
1835 14
1836 9
1837 12
1838 10
1839 9
1840 10
1841 9
1842 6
1843 7
1844 12
1845 10
1846 11
1847 10
1848 12
1849 5
1850 8
1851 12
1852 7
1853 9
1854 8
1855 12
1856 9
1857 12
1858 9
1859 11
1860 11
1861 12
1862 8
1863 13
1864 10
1865 10
1866 12
1867 14
1868 7
1869 9
1870 9
1871 8
1872 6
1873 7
1874 4
1875 4
1876 10
1877 9
1878 3
1879 6
1880 1
1881 9
1882 10
1883 5
1884 8
1885 11
1886 1
1887 5
1888 8
1889 7
1890 7
1891 10
1892 8
1893 9
1894 8
1895 4
1896 6
1897 6
1898 6
1899 7
1900 5
1901 6
1902 8
1903 6
1904 8
1905 3
1906 7
1907 4
1908 10
1909 3
1910 6
1911 9
1912 4
1913 5
1914 3
1915 7
1916 5
1917 4
1918 3
1919 6
1920 9
1921 6
1922 10
1923 8
1924 9
1925 5
1926 5
1927 1
1928 8
1929 8
1930 9
1931 7
1932 7
1933 8
1934 7
1935 2
1936 7
1937 3
1938 10
1939 5
1940 2
1941 6
1942 6
1943 9
1944 4
1945 7
1946 4
1947 7
1948 3
1949 0
1950 6
1951 2
1952 0
1953 9
1954 5
1955 5
1956 4
1957 5
1958 5
1959 3
1960 7
1961 7
1962 6
1963 6
1964 5
1965 3
1966 6
1967 7
1968 9
1969 6
1970 5
1971 2
1972 5
1973 0
1974 5
1975 3
1976 6
1977 3
1978 4
1979 5
1980 4
1981 4
1982 4
1983 7
1984 2
1985 3
1986 1
1987 8
1988 5
1989 4
1990 3
1991 3
1992 5
1993 1
1994 4
1995 4
1996 4
1997 4
1998 2
1999 7
2000 6
2001 4
2002 4
2003 1
2004 8
2005 3
2006 1
2007 0
2008 1
2009 0
2010 3
2011 7
2012 1
2013 5
2014 2
2015 2
2016 4
2017 4
2018 2
2019 4
2020 4
2021 2
2022 5
2023 2
2024 4
2025 1
2026 2
2027 1
2028 6
2029 1
2030 4
2031 4
2032 2
2033 0
2034 2
2035 4
2036 2
2037 4
2038 1
2039 4
2040 4
2041 0
2042 1
2043 3
2044 3
2045 3
2046 3
2047 4
2048 3
2049 0
2050 3
2051 2
2052 2
2053 2
2054 1
2055 4
2056 1
2057 2
2058 1
2059 3
2060 2
2061 1
2062 4
2063 3
2064 2
2065 2
2066 0
2067 2
2068 1
2069 3
2070 2
2071 2
2072 1
2073 3
2074 4
2075 3
2076 0
2077 1
2078 1
2079 0
2080 0
2081 2
2082 3
2083 2
2084 0
2085 4
2086 0
2087 2
2088 4
2089 1
2090 4
2091 1
2092 0
2093 1
2094 3
2095 1
2096 4
2097 0
2098 1
2099 0
2100 3
2101 1
2102 1
2103 1
2104 2
2105 0
2106 0
2107 2
2108 1
2109 0
2110 1
2111 1
2112 0
2113 1
2114 1
2115 4
2116 1
2117 2
2118 3
2119 0
2120 0
2121 1
2122 0
2123 0
2124 2
2125 1
2126 1
2127 0
2128 2
2129 2
2130 3
2131 0
2132 1
2133 1
2134 2
2135 1
2136 1
2137 3
2138 1
2139 1
2140 0
2141 0
2142 2
2143 1
2144 2
2145 2
2146 3
2147 1
2148 1
2149 4
2150 2
2151 3
2152 3
2153 0
2154 1
2155 1
2156 0
2157 1
2158 2
2159 1
2160 1
2161 2
2162 2
2163 3
2164 0
2165 1
2166 0
2167 1
2168 0
2169 0
2170 1
2171 2
2172 2
2173 0
2174 1
2175 0
2176 2
2177 0
2178 2
2179 1
2180 1
2181 0
2182 1
2183 1
2184 1
2185 1
2186 1
2187 2
2188 2
2189 2
2190 3
2191 2
2192 0
2193 3
2194 0
2195 1
2196 1
2197 1
2198 0
2199 1
2200 1
2201 0
2202 0
2203 0
2204 1
2205 0
2206 1
2207 1
2208 4
2209 1
2210 0
2211 0
2212 0
2213 1
2214 3
2215 0
2216 0
2217 3
2218 2
2219 1
2220 0
2221 2
2222 2
2223 1
2224 0
2225 0
2226 1
2227 0
2228 0
2229 0
2230 0
2231 2
2232 0
2233 0
2234 0
2235 0
2236 0
2237 1
2238 2
2239 0
2240 2
2241 0
2242 0
2243 0
2244 0
2245 0
2246 0
2247 2
2248 1
2249 1
2250 0
2251 0
2252 2
2253 1
2254 1
2255 0
2256 1
2257 0
2258 0
2259 1
2260 1
2261 2
2262 1
2263 0
2264 0
2265 1
2266 0
2267 0
2268 0
2269 0
2270 0
2271 2
2272 1
2273 0
2274 1
2275 1
2276 1
2277 0
2278 0
2279 0
2280 0
2281 0
2282 0
2283 2
2284 0
2285 0
2286 1
2287 0
2288 2
2289 0
2290 0
2291 0
2292 0
2293 0
2294 1
2295 2
2296 0
2297 1
2298 0
2299 0
2300 2
2301 1
2302 0
2303 0
2304 1
2305 0
2306 0
2307 0
2308 1
2309 0
2310 0
2311 0
2312 0
2313 1
2314 1
2315 0
2316 0
2317 0
2318 1
2319 0
2320 0
2321 1
2322 0
2323 0
2324 1
2325 1
2326 1
2327 1
2328 0
2329 0
2330 0
2331 0
2332 0
2333 0
2334 1
2335 0
2336 0
2337 0
2338 0
2339 0
2340 1
2341 0
2342 1
2343 1
2344 0
2345 0
2346 2
2347 0
2348 0
2349 0
2350 2
2351 0
2352 0
2353 1
2354 0
2355 0
2356 0
2357 1
2358 0
2359 0
2360 0
2361 0
2362 0
2363 0
2364 1
2365 0
2366 0
2367 1
2368 0
2369 0
2370 0
2371 0
2372 1
2373 1
2374 0
2375 0
2376 0
2377 2
2378 0
2379 1
2380 0
2381 0
2382 0
2383 0
2384 0
2385 0
2386 0
2387 0
2388 1
2389 0
2390 0
2391 0
2392 0
2393 0
2394 0
2395 0
2396 0
2397 0
2398 1
2399 2
2400 0
2401 1
2402 0
2403 1
2404 0
2405 0
2406 0
2407 0
2408 0
2409 1
2410 0
2411 2
2412 0
2413 0
2414 0
2415 0
2416 0
2417 0
2418 0
2419 0
2420 0
2421 0
2422 0
2423 0
2424 0
2425 0
2426 0
2427 0
2428 1
2429 1
2430 0
2431 0
2432 0
2433 2
2434 0
2435 0
2436 0
2437 0
2438 0
2439 1
2440 0
2441 0
2442 0
2443 0
2444 0
2445 2
2446 0
2447 2
2448 0
2449 0
2450 0
2451 0
2452 0
2453 0
2454 0
2455 0
2456 0
2457 0
2458 0
2459 0
2460 0
2461 1
2462 2
2463 0
2464 0
2465 1
2466 0
2467 0
2468 0
2469 0
2470 0
2471 0
2472 1
2473 0
2474 0
2475 0
2476 0
2477 0
2478 1
2479 0
2480 0
2481 0
2482 0
2483 0
2484 0
2485 0
2486 0
2487 0
2488 0
2489 0
2490 0
2491 0
2492 0
2493 0
2494 0
2495 0
2496 0
2497 0
2498 0
2499 0
2500 0
2501 0
2502 0
2503 0
2504 0
2505 1
2506 0
2507 0
2508 0
2509 0
2510 0
2511 0
2512 1
2513 0
2514 0
2515 0
2516 0
2517 0
2518 0
2519 0
2520 0
2521 0
2522 0
2523 0
2524 0
2525 0
2526 0
2527 0
2528 0
2529 0
2530 0
2531 0
2532 0
2533 0
2534 1
2535 0
2536 0
2537 0
2538 0
2539 0
2540 0
2541 1
2542 0
2543 0
2544 0
2545 0
2546 1
2547 0
2548 0
2549 0
2550 1
2551 1
2552 0
2553 0
2554 0
2555 0
2556 0
2557 0
2558 0
2559 0
2560 0
2561 0
2562 0
2563 0
2564 0
2565 0
2566 0
2567 0
2568 0
2569 0
2570 0
2571 1
2572 0
2573 1
2574 0
2575 0
2576 0
2577 1
2578 0
2579 0
2580 0
2581 1
2582 0
2583 0
2584 0
2585 0
2586 0
2587 0
2588 0
2589 0
2590 1
2591 0
2592 0
2593 1
2594 0
2595 0
2596 1
2597 0
2598 0
2599 0
2600 0
2601 0
2602 0
2603 0
2604 0
2605 1
2606 0
2607 0
2608 0
2609 0
2610 0
2611 0
2612 0
2613 2
2614 0
2615 0
2616 0
2617 0
2618 0
2619 0
2620 0
2621 0
2622 0
2623 0
2624 0
2625 0
2626 0
2627 0
2628 0
2629 0
2630 0
2631 0
2632 0
2633 0
2634 0
2635 0
2636 0
2637 0
2638 0
2639 0
2640 0
2641 0
2642 2
2643 0
2644 0
2645 0
2646 0
2647 0
2648 0
2649 0
2650 0
2651 1
2652 0
2653 0
2654 0
2655 0
2656 0
2657 0
2658 0
2659 0
2660 0
2661 0
2662 0
2663 0
2664 0
2665 0
2666 0
2667 0
2668 0
2669 0
2670 0
2671 0
2672 0
2673 0
2674 0
2675 0
2676 0
2677 0
2678 0
2679 0
2680 0
2681 1
2682 0
2683 0
2684 0
2685 0
2686 0
2687 0
2688 0
2689 0
2690 0
2691 0
2692 0
2693 0
2694 0
2695 0
2696 0
2697 0
2698 0
2699 0
2700 0
2701 0
2702 0
2703 0
2704 0
2705 0
2706 1
2707 0
2708 0
2709 0
2710 0
2711 0
2712 0
2713 0
2714 0
2715 0
2716 0
2717 1
2718 0
2719 0
2720 0
2721 0
2722 0
2723 0
2724 0
2725 0
2726 1
2727 0
2728 0
2729 0
2730 0
2731 0
2732 0
2733 0
2734 0
2735 0
2736 0
2737 0
2738 0
2739 0
2740 1
2741 2
2742 0
2743 0
2744 0
2745 0
2746 0
2747 0
2748 0
2749 0
2750 0
2751 0
2752 0
2753 0
2754 0
2755 0
2756 0
2757 0
2758 0
2759 0
2760 0
2761 0
2762 0
2763 0
2764 0
2765 0
2766 0
2767 0
2768 0
2769 0
2770 0
2771 0
2772 0
2773 0
2774 0
2775 0
2776 0
2777 0
2778 0
2779 0
2780 0
2781 0
2782 0
2783 0
2784 0
2785 0
2786 0
2787 0
2788 0
2789 0
2790 0
2791 0
2792 0
2793 0
2794 0
2795 0
2796 0
2797 0
2798 0
2799 0
2800 0
2801 0
2802 0
2803 0
2804 0
2805 0
2806 0
2807 0
2808 0
2809 0
2810 1
2811 0
2812 1
2813 0
2814 0
2815 0
2816 0
2817 0
2818 0
2819 0
2820 1
2821 0
2822 1
2823 0
2824 0
2825 0
2826 0
2827 0
2828 0
2829 0
2830 0
2831 0
2832 0
2833 0
2834 0
2835 0
2836 0
2837 0
2838 0
2839 0
2840 0
2841 0
2842 0
2843 0
2844 0
2845 0
2846 0
2847 0
2848 0
2849 0
2850 0
2851 0
2852 0
2853 0
2854 0
2855 0
2856 0
2857 0
2858 0
2859 0
2860 0
2861 0
2862 0
2863 0
2864 0
2865 0
2866 0
2867 0
2868 0
2869 0
2870 0
2871 0
2872 0
2873 0
2874 0
2875 0
2876 0
2877 0
2878 0
2879 0
2880 0
2881 0
2882 0
2883 0
2884 0
2885 0
2886 0
2887 0
2888 0
2889 0
2890 0
2891 0
2892 0
2893 0
2894 0
2895 0
2896 0
2897 0
2898 1
2899 0
2900 0
2901 0
2902 0
2903 0
2904 0
2905 0
2906 0
2907 0
2908 0
2909 0
2910 0
2911 0
2912 0
2913 0
2914 0
2915 0
2916 0
2917 0
2918 0
2919 0
2920 0
2921 0
2922 0
2923 0
2924 0
2925 0
2926 1
2927 0
2928 0
2929 0
2930 0
2931 0
2932 0
2933 0
2934 0
2935 0
2936 0
2937 0
2938 0
2939 0
2940 0
2941 0
2942 0
2943 0
2944 0
2945 1
2946 0
2947 0
2948 0
2949 0
2950 0
2951 0
2952 0
2953 0
2954 0
2955 1
2956 0
2957 0
2958 0
2959 0
2960 0
2961 0
2962 0
2963 0
2964 0
2965 0
2966 0
2967 1
2968 0
2969 0
2970 0
2971 1
2972 0
2973 0
2974 0
2975 0
2976 0
2977 0
2978 0
2979 0
2980 0
2981 0
2982 0
2983 0
2984 0
2985 0
2986 0
2987 0
2988 0
2989 0
2990 0
2991 0
2992 0
2993 0
2994 0
2995 0
2996 0
2997 1
2998 0
2999 0
3000 0
3001 0
3002 0
3003 0
3004 0
3005 0
3006 0
3007 0
3008 0
3009 0
3010 0
3011 0
3012 0
3013 0
3014 0
3015 0
3016 0
3017 0
3018 0
3019 0
3020 1
3021 0
3022 0
3023 0
3024 0
3025 0
3026 0
3027 0
3028 0
3029 0
3030 0
3031 0
3032 0
3033 0
3034 0
3035 0
3036 0
3037 0
3038 0
3039 0
3040 0
3041 0
3042 0
3043 0
3044 0
3045 0
3046 0
3047 0
3048 0
3049 0
3050 0
3051 0
3052 0
3053 0
3054 0
3055 0
3056 0
3057 0
3058 0
3059 0
3060 0
3061 0
3062 0
3063 0
3064 0
3065 0
3066 0
3067 0
3068 0
3069 0
3070 0
3071 0
3072 0
3073 0
3074 0
3075 0
3076 0
3077 0
3078 0
3079 0
3080 0
3081 0
3082 0
3083 0
3084 0
3085 0
3086 0
3087 0
3088 0
3089 0
3090 0
3091 0
3092 0
3093 0
3094 0
3095 0
3096 0
3097 0
3098 0
3099 0
3100 0
3101 1
3102 0
3103 0
3104 0
3105 0
3106 0
3107 0
3108 1
3109 0
3110 0
3111 0
3112 0
3113 0
3114 0
3115 0
3116 0
3117 0
3118 0
3119 0
3120 0
3121 0
3122 0
3123 0
3124 0
3125 0
3126 0
3127 0
3128 0
3129 0
3130 0
3131 0
3132 0
3133 0
3134 0
3135 0
3136 0
3137 0
3138 0
3139 0
3140 0
3141 0
3142 0
3143 0
3144 0
3145 0
3146 0
3147 0
3148 0
3149 0
3150 0
3151 0
3152 0
3153 0
3154 0
3155 0
3156 0
3157 0
3158 0
3159 0
3160 0
3161 0
3162 0
3163 0
3164 0
3165 0
3166 0
3167 0
3168 0
3169 0
3170 0
3171 0
3172 0
3173 0
3174 0
3175 0
3176 0
3177 0
3178 0
3179 0
3180 0
3181 0
3182 0
3183 0
3184 0
3185 0
3186 0
3187 0
3188 0
3189 0
3190 0
3191 0
3192 0
3193 0
3194 0
3195 0
3196 0
3197 0
3198 0
3199 0
3200 0
3201 0
3202 0
3203 0
3204 0
3205 0
3206 0
3207 0
3208 0
3209 0
3210 0
3211 0
3212 0
3213 0
3214 0
3215 0
3216 0
3217 0
3218 0
3219 0
3220 1
3221 0
3222 0
3223 0
3224 0
3225 0
3226 0
3227 0
3228 0
3229 0
3230 0
3231 0
3232 0
3233 0
3234 0
3235 0
3236 0
3237 0
3238 0
3239 0
3240 0
3241 0
3242 0
3243 0
3244 0
3245 0
3246 0
3247 0
3248 0
3249 0
3250 0
3251 0
3252 0
3253 0
3254 0
3255 0
3256 0
3257 0
3258 0
3259 0
3260 0
3261 0
3262 0
3263 0
3264 0
3265 1
3266 0
3267 0
3268 0
3269 0
3270 0
3271 0
3272 0
3273 0
3274 0
3275 0
3276 1
3277 0
3278 0
3279 0
3280 0
3281 0
3282 0
3283 0
3284 0
3285 0
3286 0
3287 0
3288 0
3289 0
3290 0
3291 0
3292 0
3293 0
3294 0
3295 0
3296 0
3297 0
3298 0
3299 0
3300 0
3301 1
3302 0
3303 0
3304 0
3305 0
3306 0
3307 0
3308 0
3309 0
3310 0
3311 0
3312 0
3313 0
3314 0
3315 0
3316 0
3317 0
3318 0
3319 0
3320 0
3321 0
3322 0
3323 0
3324 0
3325 0
3326 0
3327 0
3328 0
3329 0
3330 0
3331 0
3332 0
3333 0
3334 0
3335 0
3336 0
3337 0
3338 0
3339 0
3340 0
3341 0
3342 0
3343 0
3344 0
3345 0
3346 0
3347 0
3348 0
3349 0
3350 0
3351 0
3352 0
3353 0
3354 0
3355 0
3356 0
3357 0
3358 0
3359 0
3360 0
3361 0
3362 0
3363 0
3364 0
3365 0
3366 0
3367 0
3368 0
3369 0
3370 0
3371 0
3372 0
3373 0
3374 0
3375 0
3376 0
3377 0
3378 0
3379 0
3380 0
3381 0
3382 0
3383 0
3384 0
3385 0
3386 0
3387 0
3388 0
3389 0
3390 0
3391 0
3392 0
3393 0
3394 0
3395 0
3396 0
3397 0
3398 0
3399 0
3400 0
3401 0
3402 0
3403 0
3404 0
3405 0
3406 0
3407 0
3408 0
3409 0
3410 0
3411 0
3412 0
3413 0
3414 0
3415 0
3416 0
3417 0
3418 0
3419 1
3420 0
3421 0
3422 0
3423 0
3424 0
3425 0
3426 0
3427 0
3428 0
3429 0
3430 0
3431 0
3432 0
3433 0
3434 0
3435 0
3436 0
3437 0
3438 0
3439 0
3440 0
3441 0
3442 1
3443 0
3444 0
3445 0
3446 0
3447 0
3448 0
3449 0
3450 0
3451 0
3452 0
3453 0
3454 1
3455 0
3456 0
3457 0
3458 0
3459 0
3460 0
3461 0
3462 0
3463 0
3464 0
3465 0
3466 0
3467 0
3468 0
3469 0
3470 0
3471 0
3472 0
3473 0
3474 0
3475 0
3476 0
3477 0
3478 0
3479 0
3480 0
3481 0
3482 0
3483 0
3484 0
3485 0
3486 0
3487 0
3488 0
3489 0
3490 0
3491 0
3492 0
3493 0
3494 0
3495 0
3496 0
3497 0
3498 0
3499 1
3500 0
3501 0
3502 0
3503 0
3504 0
3505 0
3506 0
3507 0
3508 0
3509 0
3510 0
3511 0
3512 0
3513 0
3514 0
3515 0
3516 0
3517 0
3518 0
3519 0
3520 0
3521 0
3522 0
3523 0
3524 0
3525 0
3526 0
3527 0
3528 0
3529 0
3530 0
3531 0
3532 0
3533 0
3534 0
3535 0
3536 0
3537 0
3538 0
3539 0
3540 0
3541 0
3542 0
3543 0
3544 0
3545 0
3546 0
3547 0
3548 0
3549 0
3550 0
3551 0
3552 0
3553 0
3554 0
3555 0
3556 0
3557 0
3558 0
3559 0
3560 0
3561 0
3562 0
3563 0
3564 0
3565 0
3566 0
3567 0
3568 0
3569 0
3570 0
3571 0
3572 0
3573 0
3574 0
3575 0
3576 0
3577 0
3578 0
3579 0
3580 0
3581 0
3582 0
3583 0
3584 0
3585 0
3586 0
3587 0
3588 0
3589 0
3590 0
3591 0
3592 0
3593 0
3594 0
3595 0
3596 0
3597 0
3598 0
3599 0
3600 0
3601 0
3602 0
3603 0
3604 0
3605 0
3606 0
3607 0
3608 0
3609 0
3610 0
3611 0
3612 0
3613 0
3614 0
3615 1
3616 0
3617 0
3618 0
3619 0
3620 0
3621 0
3622 0
3623 0
3624 0
3625 0
3626 0
3627 0
3628 0
3629 0
3630 0
3631 0
3632 0
3633 0
3634 0
3635 0
3636 0
3637 0
3638 0
3639 0
3640 0
3641 0
3642 0
3643 0
3644 0
3645 0
3646 0
3647 0
3648 0
3649 0
3650 0
3651 0
3652 0
3653 0
3654 0
3655 0
3656 0
3657 0
3658 0
3659 0
3660 0
3661 0
3662 0
3663 0
3664 0
3665 0
3666 0
3667 0
3668 0
3669 0
3670 0
3671 0
3672 0
3673 0
3674 0
3675 0
3676 0
3677 0
3678 0
3679 0
3680 0
3681 0
3682 0
3683 0
3684 0
3685 0
3686 0
3687 0
3688 0
3689 0
3690 0
3691 0
3692 0
3693 0
3694 0
3695 0
3696 0
3697 0
3698 0
3699 0
3700 0
3701 0
3702 0
3703 0
3704 0
3705 0
3706 0
3707 0
3708 0
3709 0
3710 0
3711 0
3712 0
3713 0
3714 0
3715 0
3716 0
3717 0
3718 0
3719 0
3720 0
3721 0
3722 0
3723 0
3724 0
3725 0
3726 0
3727 0
3728 0
3729 0
3730 0
3731 0
3732 0
3733 0
3734 0
3735 0
3736 0
3737 0
3738 0
3739 0
3740 0
3741 0
3742 0
3743 0
3744 0
3745 0
3746 0
3747 0
3748 0
3749 0
3750 0
3751 0
3752 0
3753 0
3754 0
3755 0
3756 0
3757 0
3758 0
3759 0
3760 0
3761 0
3762 0
3763 0
3764 0
3765 0
3766 0
3767 0
3768 0
3769 0
3770 0
3771 0
3772 0
3773 0
3774 0
3775 0
3776 0
3777 0
3778 0
3779 0
3780 0
3781 0
3782 0
3783 0
3784 0
3785 0
3786 0
3787 0
3788 0
3789 0
3790 0
3791 0
3792 0
3793 1
3794 0
3795 0
3796 0
3797 0
3798 0
3799 0
3800 0
3801 0
3802 0
3803 0
3804 0
3805 0
3806 0
3807 0
3808 0
3809 0
3810 0
3811 0
3812 0
3813 0
3814 0
3815 0
3816 0
3817 0
3818 0
3819 0
3820 0
3821 0
3822 0
3823 0
3824 0
3825 0
3826 0
3827 0
3828 0
3829 0
3830 0
3831 0
3832 0
3833 0
3834 0
3835 0
3836 0
3837 0
3838 0
3839 0
3840 0
3841 0
3842 0
3843 0
3844 0
3845 0
3846 0
3847 0
3848 0
3849 0
3850 0
3851 0
3852 0
3853 0
3854 0
3855 0
3856 0
3857 0
3858 1
3859 0
3860 0
3861 0
3862 0
3863 0
3864 0
3865 0
3866 0
3867 0
3868 0
3869 0
3870 0
3871 1
3872 0
3873 0
3874 0
3875 0
3876 1
3877 0
3878 0
3879 0
3880 0
3881 0
3882 0
3883 0
3884 0
3885 0
3886 0
3887 0
3888 0
3889 0
3890 0
3891 0
3892 0
3893 0
3894 0
3895 0
3896 0
3897 0
3898 0
3899 0
3900 0
3901 0
3902 1
3903 0
3904 0
3905 0
3906 0
3907 0
3908 0
3909 0
3910 0
3911 0
3912 0
3913 0
3914 0
3915 0
3916 0
3917 0
3918 0
3919 0
3920 0
3921 0
3922 0
3923 0
3924 0
3925 0
3926 0
3927 0
3928 0
3929 0
3930 0
3931 0
3932 0
3933 0
3934 0
3935 0
3936 0
3937 0
3938 0
3939 0
3940 0
3941 0
3942 0
3943 0
3944 0
3945 0
3946 0
3947 0
3948 0
3949 0
3950 0
3951 0
3952 0
3953 0
3954 0
3955 0
3956 0
3957 0
3958 0
3959 0
3960 0
3961 0
3962 0
3963 0
3964 0
3965 0
3966 0
3967 0
3968 0
3969 0
3970 0
3971 0
3972 0
3973 0
3974 0
3975 0
3976 0
3977 0
3978 0
3979 0
3980 0
3981 0
3982 0
3983 0
3984 0
3985 0
3986 0
3987 0
3988 0
3989 0
3990 0
3991 0
3992 0
3993 0
3994 0
3995 0
3996 0
3997 0
3998 0
3999 0
4000 0
