0 0
1 0
2 0
3 0
4 0
5 0
6 0
7 0
8 0
9 0
10 0
11 0
12 0
13 0
14 0
15 0
16 0
17 0
18 0
19 0
20 0
21 0
22 0
23 0
24 0
25 0
26 0
27 0
28 0
29 0
30 0
31 0
32 0
33 0
34 0
35 0
36 0
37 0
38 0
39 0
40 0
41 0
42 0
43 0
44 0
45 0
46 0
47 0
48 0
49 0
50 0
51 0
52 0
53 0
54 0
55 0
56 0
57 0
58 0
59 0
60 0
61 0
62 0
63 0
64 0
65 0
66 0
67 0
68 0
69 0
70 0
71 0
72 0
73 0
74 0
75 0
76 0
77 0
78 0
79 0
80 0
81 0
82 0
83 0
84 0
85 0
86 0
87 0
88 0
89 0
90 0
91 0
92 0
93 0
94 0
95 0
96 0
97 0
98 0
99 0
100 0
101 0
102 0
103 0
104 0
105 0
106 0
107 0
108 0
109 0
110 0
111 0
112 0
113 0
114 0
115 0
116 0
117 0
118 0
119 0
120 0
121 0
122 0
123 0
124 0
125 0
126 0
127 0
128 0
129 0
130 0
131 0
132 0
133 0
134 0
135 0
136 0
137 0
138 0
139 0
140 0
141 0
142 0
143 0
144 0
145 0
146 0
147 0
148 0
149 0
150 0
151 0
152 1
153 0
154 1
155 3
156 1
157 4
158 2
159 6
160 1
161 6
162 1
163 6
164 3
165 6
166 6
167 5
168 4
169 9
170 4
171 6
172 3
173 12
174 14
175 14
176 22
177 34
178 52
179 73
180 88
181 106
182 132
183 115
184 149
185 258
186 343
187 606
188 905
189 1253
190 1499
191 1705
192 1764
193 1799
194 1700
195 1683
196 1486
197 1456
198 1331
199 1206
200 1137
201 1092
202 1010
203 885
204 819
205 753
206 757
207 768
208 728
209 720
210 710
211 668
212 651
213 692
214 695
215 630
216 653
217 674
218 668
219 657
220 689
221 733
222 717
223 757
224 679
225 708
226 750
227 720
228 828
229 761
230 787
231 765
232 779
233 800
234 784
235 750
236 812
237 772
238 789
239 809
240 816
241 829
242 770
243 793
244 833
245 845
246 827
247 857
248 818
249 873
250 858
251 870
252 890
253 883
254 866
255 863
256 883
257 935
258 867
259 955
260 930
261 894
262 883
263 964
264 876
265 972
266 913
267 910
268 939
269 957
270 871
271 930
272 977
273 967
274 967
275 950
276 927
277 949
278 991
279 967
280 967
281 1049
282 956
283 982
284 971
285 977
286 1010
287 1013
288 1054
289 974
290 1014
291 1035
292 1043
293 988
294 1035
295 1065
296 1021
297 1101
298 1075
299 1066
300 1109
301 1087
302 1091
303 1007
304 1119
305 1086
306 1128
307 1100
308 1133
309 1066
310 1178
311 1094
312 1156
313 1145
314 1142
315 1203
316 1191
317 1206
318 1148
319 1212
320 1191
321 1149
322 1215
323 1153
324 1215
325 1166
326 1286
327 1234
328 1275
329 1292
330 1242
331 1290
332 1239
333 1222
334 1262
335 1281
336 1296
337 1286
338 1250
339 1330
340 1361
341 1303
342 1364
343 1333
344 1330
345 1354
346 1374
347 1446
348 1447
349 1422
350 1327
351 1376
352 1420
353 1366
354 1444
355 1409
356 1428
357 1429
358 1438
359 1460
360 1466
361 1443
362 1474
363 1459
364 1487
365 1485
366 1514
367 1513
368 1489
369 1513
370 1544
371 1522
372 1566
373 1555
374 1560
375 1579
376 1572
377 1546
378 1548
379 1685
380 1571
381 1661
382 1589
383 1585
384 1700
385 1679
386 1645
387 1633
388 1675
389 1739
390 1679
391 1666
392 1651
393 1672
394 1686
395 1765
396 1727
397 1704
398 1790
399 1715
400 1805
401 1869
402 1766
403 1790
404 1761
405 1876
406 1841
407 1939
408 1928
409 1877
410 1848
411 1980
412 1901
413 1854
414 1877
415 1953
416 1946
417 1797
418 1985
419 1911
420 1879
421 1970
422 2030
423 1964
424 1978
425 2007
426 1997
427 1964
428 1981
429 2024
430 2001
431 2018
432 2026
433 2022
434 2082
435 2058
436 2044
437 2084
438 2107
439 2069
440 2067
441 2023
442 2068
443 2127
444 2057
445 2079
446 2064
447 2086
448 2152
449 2168
450 2124
451 2153
452 2170
453 2114
454 2079
455 2130
456 2197
457 2091
458 2106
459 2167
460 2242
461 2128
462 2220
463 2151
464 2181
465 2167
466 2125
467 2246
468 2213
469 2187
470 2238
471 2100
472 2195
473 2261
474 2091
475 2176
476 2141
477 2153
478 2263
479 2165
480 2167
481 2180
482 2175
483 2228
484 2216
485 2247
486 2183
487 2212
488 2110
489 2151
490 2203
491 2166
492 2099
493 2071
494 2133
495 2166
496 2160
497 2175
498 2153
499 2199
500 2148
501 2143
502 2154
503 2081
504 2168
505 2094
506 2034
507 2154
508 2167
509 2265
510 2096
511 2063
512 2059
513 2148
514 2135
515 2101
516 2006
517 2100
518 2133
519 2051
520 1999
521 2040
522 2015
523 2023
524 2084
525 2011
526 1932
527 2033
528 2035
529 2048
530 1940
531 1960
532 1997
533 1948
534 2022
535 1953
536 1930
537 1915
538 1974
539 1916
540 1903
541 2032
542 1920
543 1857
544 1937
545 1857
546 1881
547 1912
548 1895
549 1970
550 1848
551 1878
552 1829
553 1844
554 1862
555 1773
556 1842
557 1842
558 1808
559 1791
560 1782
561 1819
562 1746
563 1787
564 1762
565 1704
566 1636
567 1727
568 1595
569 1672
570 1719
571 1656
572 1560
573 1621
574 1602
575 1599
576 1527
577 1630
578 1616
579 1675
580 1591
581 1585
582 1505
583 1622
584 1579
585 1598
586 1607
587 1527
588 1549
589 1567
590 1515
591 1499
592 1447
593 1453
594 1449
595 1473
596 1467
597 1440
598 1359
599 1380
600 1421
601 1407
602 1360
603 1334
604 1321
605 1362
606 1338
607 1392
608 1315
609 1355
610 1229
611 1362
612 1275
613 1251
614 1326
615 1246
616 1292
617 1215
618 1211
619 1216
620 1201
621 1206
622 1189
623 1194
624 1168
625 1142
626 1186
627 1114
628 1163
629 1111
630 1111
631 1057
632 1127
633 1062
634 1094
635 1130
636 1078
637 1091
638 1108
639 1029
640 964
641 996
642 1054
643 987
644 1005
645 1006
646 997
647 974
648 985
649 956
650 928
651 959
652 932
653 951
654 934
655 933
656 961
657 876
658 920
659 914
660 897
661 901
662 865
663 869
664 842
665 856
666 837
667 848
668 859
669 864
670 794
671 783
672 772
673 855
674 786
675 809
676 764
677 735
678 783
679 692
680 747
681 770
682 708
683 738
684 747
685 709
686 696
687 715
688 665
689 721
690 724
691 746
692 689
693 657
694 650
695 668
696 632
697 637
698 669
699 655
700 638
701 603
702 606
703 587
704 576
705 625
706 593
707 555
708 580
709 574
710 557
711 568
712 598
713 570
714 586
715 532
716 597
717 586
718 568
719 544
720 547
721 512
722 511
723 512
724 557
725 492
726 524
727 488
728 511
729 501
730 518
731 490
732 499
733 486
734 452
735 491
736 484
737 456
738 472
739 490
740 486
741 452
742 480
743 449
744 453
745 462
746 479
747 429
748 462
749 452
750 439
751 451
752 421
753 460
754 422
755 420
756 421
757 403
758 429
759 420
760 410
761 359
762 408
763 383
764 403
765 417
766 391
767 397
768 378
769 415
770 370
771 392
772 393
773 354
774 357
775 395
776 381
777 392
778 352
779 348
780 355
781 374
782 323
783 331
784 361
785 328
786 311
787 340
788 344
789 364
790 325
791 358
792 377
793 332
794 344
795 354
796 328
797 337
798 360
799 322
800 309
801 295
802 323
803 295
804 326
805 340
806 287
807 304
808 340
809 332
810 308
811 310
812 319
813 309
814 304
815 298
816 346
817 273
818 318
819 312
820 295
821 305
822 278
823 297
824 321
825 318
826 295
827 306
828 331
829 321
830 324
831 312
832 286
833 265
834 305
835 288
836 325
837 323
838 272
839 301
840 297
841 301
842 277
843 284
844 287
845 288
846 292
847 281
848 288
849 261
850 257
851 293
852 271
853 294
854 267
855 284
856 264
857 295
858 275
859 274
860 278
861 268
862 283
863 267
864 240
865 280
866 291
867 256
868 326
869 269
870 249
871 258
872 282
873 282
874 251
875 305
876 257
877 280
878 262
879 315
880 263
881 283
882 279
883 255
884 265
885 285
886 259
887 275
888 221
889 266
890 288
891 271
892 280
893 290
894 265
895 275
896 264
897 275
898 284
899 257
900 291
901 284
902 268
903 289
904 265
905 294
906 289
907 247
908 248
909 305
910 253
911 241
912 265
913 267
914 266
915 284
916 247
917 249
918 269
919 267
920 251
921 236
922 248
923 257
924 269
925 255
926 261
927 299
928 257
929 266
930 267
931 276
932 246
933 276
934 268
935 236
936 272
937 249
938 267
939 244
940 247
941 258
942 258
943 247
944 249
945 258
946 276
947 233
948 247
949 250
950 274
951 266
952 272
953 251
954 255
955 237
956 246
957 239
958 248
959 266
960 280
961 247
962 245
963 242
964 270
965 262
966 273
967 249
968 233
969 247
970 261
971 269
972 273
973 235
974 237
975 264
976 276
977 257
978 283
979 245
980 274
981 247
982 267
983 263
984 255
985 236
986 262
987 246
988 263
989 275
990 232
991 264
992 248
993 271
994 222
995 252
996 263
997 223
998 261
999 259
1000 248
1001 256
1002 250
1003 256
1004 244
1005 260
1006 248
1007 228
1008 234
1009 268
1010 227
1011 247
1012 254
1013 219
1014 266
1015 242
1016 249
1017 254
1018 259
1019 228
1020 270
1021 241
1022 254
1023 255
1024 236
1025 271
1026 217
1027 242
1028 226
1029 232
1030 260
1031 226
1032 244
1033 247
1034 256
1035 260
1036 232
1037 207
1038 227
1039 238
1040 230
1041 214
1042 246
1043 216
1044 240
1045 241
1046 218
1047 241
1048 240
1049 253
1050 227
1051 222
1052 256
1053 222
1054 245
1055 216
1056 253
1057 223
1058 248
1059 261
1060 263
1061 226
1062 253
1063 234
1064 244
1065 225
1066 261
1067 245
1068 255
1069 218
1070 215
1071 264
1072 258
1073 210
1074 240
1075 232
1076 212
1077 250
1078 222
1079 203
1080 217
1081 262
1082 229
1083 227
1084 242
1085 248
1086 251
1087 218
1088 228
1089 229
1090 210
1091 240
1092 210
1093 220
1094 217
1095 237
1096 231
1097 255
1098 223
1099 205
1100 255
1101 234
1102 225
1103 229
1104 224
1105 261
1106 247
1107 216
1108 197
1109 227
1110 218
1111 249
1112 216
1113 213
1114 234
1115 212
1116 205
1117 205
1118 220
1119 218
1120 226
1121 214
1122 224
1123 210
1124 235
1125 206
1126 208
1127 216
1128 225
1129 211
1130 219
1131 236
1132 241
1133 218
1134 199
1135 187
1136 243
1137 200
1138 199
1139 222
1140 204
1141 199
1142 223
1143 193
1144 222
1145 198
1146 202
1147 227
1148 186
1149 226
1150 256
1151 201
1152 206
1153 195
1154 211
1155 181
1156 206
1157 198
1158 189
1159 198
1160 195
1161 208
1162 194
1163 220
1164 223
1165 195
1166 203
1167 220
1168 205
1169 189
1170 192
1171 202
1172 194
1173 199
1174 213
1175 200
1176 185
1177 232
1178 200
1179 195
1180 203
1181 196
1182 192
1183 202
1184 221
1185 206
1186 217
1187 188
1188 183
1189 165
1190 212
1191 172
1192 175
1193 177
1194 186
1195 171
1196 200
1197 192
1198 189
1199 191
1200 166
1201 182
1202 180
1203 198
1204 164
1205 168
1206 168
1207 183
1208 182
1209 157
1210 195
1211 175
1212 162
1213 200
1214 169
1215 175
1216 151
1217 165
1218 205
1219 164
1220 177
1221 156
1222 186
1223 157
1224 171
1225 177
1226 160
1227 181
1228 172
1229 171
1230 169
1231 156
1232 150
1233 161
1234 182
1235 142
1236 159
1237 155
1238 155
1239 158
1240 186
1241 155
1242 144
1243 157
1244 167
1245 165
1246 163
1247 167
1248 167
1249 164
1250 180
1251 165
1252 155
1253 171
1254 142
1255 133
1256 164
1257 154
1258 127
1259 171
1260 154
1261 146
1262 166
1263 144
1264 169
1265 175
1266 151
1267 144
1268 142
1269 155
1270 142
1271 147
1272 158
1273 177
1274 152
1275 137
1276 152
1277 163
1278 131
1279 157
1280 162
1281 161
1282 140
1283 140
1284 154
1285 165
1286 144
1287 147
1288 135
1289 155
1290 130
1291 153
1292 152
1293 148
1294 136
1295 132
1296 124
1297 151
1298 120
1299 126
1300 143
1301 134
1302 121
1303 131
1304 143
1305 136
1306 133
1307 128
1308 125
1309 127
1310 136
1311 132
1312 123
1313 135
1314 127
1315 141
1316 88
1317 128
1318 134
1319 140
1320 129
1321 135
1322 121
1323 137
1324 119
1325 111
1326 128
1327 134
1328 123
1329 128
1330 116
1331 126
1332 116
1333 112
1334 127
1335 127
1336 102
1337 132
1338 103
1339 100
1340 125
1341 120
1342 96
1343 113
1344 104
1345 131
1346 115
1347 103
1348 108
1349 107
1350 122
1351 105
1352 111
1353 120
1354 97
1355 108
1356 102
1357 113
1358 111
1359 108
1360 119
1361 108
1362 106
1363 107
1364 124
1365 115
1366 101
1367 109
1368 102
1369 83
1370 102
1371 115
1372 94
1373 108
1374 117
1375 103
1376 103
1377 103
1378 100
1379 102
1380 78
1381 91
1382 82
1383 101
1384 102
1385 113
1386 112
1387 107
1388 95
1389 77
1390 86
1391 107
1392 98
1393 99
1394 98
1395 88
1396 86
1397 102
1398 97
1399 95
1400 114
1401 91
1402 92
1403 111
1404 83
1405 81
1406 105
1407 92
1408 86
1409 86
1410 75
1411 91
1412 76
1413 87
1414 76
1415 88
1416 97
1417 109
1418 78
1419 75
1420 98
1421 78
1422 87
1423 91
1424 76
1425 108
1426 84
1427 102
1428 73
1429 84
1430 93
1431 80
1432 79
1433 88
1434 76
1435 88
1436 92
1437 82
1438 84
1439 91
1440 96
1441 88
1442 74
1443 70
1444 87
1445 83
1446 76
1447 78
1448 66
1449 72
1450 75
1451 90
1452 75
1453 88
1454 76
1455 66
1456 83
1457 77
1458 72
1459 80
1460 69
1461 77
1462 76
1463 68
1464 93
1465 72
1466 81
1467 57
1468 71
1469 51
1470 62
1471 71
1472 68
1473 50
1474 62
1475 78
1476 56
1477 72
1478 73
1479 57
1480 68
1481 67
1482 71
1483 65
1484 72
1485 57
1486 66
1487 66
1488 66
1489 65
1490 68
1491 74
1492 62
1493 67
1494 66
1495 65
1496 60
1497 60
1498 60
1499 53
1500 67
1501 71
1502 61
1503 64
1504 52
1505 48
1506 66
1507 68
1508 70
1509 49
1510 49
1511 50
1512 59
1513 63
1514 56
1515 51
1516 55
1517 57
1518 64
1519 60
1520 54
1521 66
1522 48
1523 44
1524 60
1525 54
1526 68
1527 58
1528 61
1529 51
1530 55
1531 52
1532 72
1533 42
1534 61
1535 53
1536 41
1537 53
1538 54
1539 56
1540 67
1541 57
1542 51
1543 56
1544 39
1545 45
1546 67
1547 52
1548 39
1549 47
1550 58
1551 37
1552 44
1553 41
1554 41
1555 75
1556 46
1557 48
1558 52
1559 35
1560 39
1561 54
1562 60
1563 47
1564 45
1565 45
1566 48
1567 46
1568 49
1569 51
1570 49
1571 29
1572 43
1573 41
1574 54
1575 54
1576 39
1577 38
1578 33
1579 33
1580 46
1581 47
1582 52
1583 38
1584 55
1585 41
1586 44
1587 36
1588 52
1589 47
1590 40
1591 45
1592 34
1593 45
1594 40
1595 48
1596 38
1597 35
1598 39
1599 42
1600 49
1601 40
1602 30
1603 38
1604 41
1605 35
1606 40
1607 35
1608 26
1609 36
1610 26
1611 40
1612 43
1613 36
1614 26
1615 36
1616 49
1617 32
1618 27
1619 31
1620 27
1621 23
1622 46
1623 41
1624 36
1625 43
1626 28
1627 28
1628 36
1629 38
1630 41
1631 38
1632 44
1633 26
1634 35
1635 27
1636 31
1637 28
1638 26
1639 26
1640 28
1641 38
1642 25
1643 32
1644 36
1645 26
1646 34
1647 23
1648 44
1649 30
1650 20
1651 31
1652 24
1653 28
1654 33
1655 45
1656 28
1657 30
1658 29
1659 34
1660 28
1661 23
1662 36
1663 27
1664 27
1665 24
1666 22
1667 23
1668 32
1669 27
1670 29
1671 38
1672 18
1673 26
1674 26
1675 36
1676 28
1677 35
1678 17
1679 22
1680 26
1681 22
1682 26
1683 25
1684 19
1685 27
1686 25
1687 29
1688 23
1689 25
1690 31
1691 23
1692 12
1693 24
1694 16
1695 19
1696 19
1697 22
1698 16
1699 21
1700 28
1701 23
1702 21
1703 19
1704 12
1705 28
1706 16
1707 23
1708 28
1709 21
1710 19
1711 19
1712 19
1713 21
1714 22
1715 23
1716 22
1717 21
1718 15
1719 26
1720 14
1721 25
1722 21
1723 15
1724 17
1725 17
1726 26
1727 10
1728 24
1729 19
1730 18
1731 24
1732 12
1733 19
1734 16
1735 17
1736 30
1737 19
1738 21
1739 10
1740 18
1741 18
1742 12
1743 15
1744 20
1745 22
1746 25
1747 16
1748 21
1749 17
1750 10
1751 21
1752 16
1753 19
1754 29
1755 18
1756 13
1757 12
1758 11
1759 16
1760 13
1761 16
1762 16
1763 24
1764 19
1765 13
1766 17
1767 17
1768 15
1769 18
1770 21
1771 14
1772 21
1773 15
1774 14
1775 14
1776 15
1777 11
1778 20
1779 10
1780 16
1781 9
1782 22
1783 16
1784 18
1785 19
1786 9
1787 17
1788 13
1789 11
1790 11
1791 20
1792 9
1793 8
1794 13
1795 15
1796 8
1797 10
1798 12
1799 16
1800 12
1801 12
1802 12
1803 20
1804 8
1805 9
1806 9
1807 11
1808 12
1809 5
1810 12
1811 8
1812 9
1813 9
1814 10
1815 4
1816 13
1817 8
1818 8
1819 21
1820 8
1821 11
1822 5
1823 14
1824 16
1825 11
1826 13
1827 12
1828 8
1829 13
1830 10
1831 7
1832 11
1833 6
1834 6
1835 10
1836 6
1837 17
1838 11
1839 14
1840 7
1841 7
1842 15
1843 15
1844 17
1845 10
1846 9
1847 3
1848 13
1849 7
1850 14
1851 8
1852 11
1853 11
1854 5
1855 7
1856 8
1857 10
1858 12
1859 6
1860 10
1861 12
1862 6
1863 8
1864 5
1865 10
1866 6
1867 11
1868 5
1869 5
1870 8
1871 4
1872 12
1873 5
1874 11
1875 10
1876 9
1877 9
1878 8
1879 7
1880 5
1881 8
1882 9
1883 4
1884 5
1885 6
1886 8
1887 8
1888 6
1889 10
1890 8
1891 6
1892 10
1893 8
1894 6
1895 6
1896 7
1897 6
1898 7
1899 6
1900 6
1901 4
1902 3
1903 8
1904 6
1905 4
1906 5
1907 8
1908 6
1909 6
1910 6
1911 9
1912 5
1913 7
1914 5
1915 3
1916 6
1917 4
1918 4
1919 8
1920 12
1921 3
1922 9
1923 8
1924 4
1925 3
1926 8
1927 6
1928 5
1929 3
1930 4
1931 3
1932 8
1933 5
1934 5
1935 1
1936 4
1937 5
1938 5
1939 0
1940 5
1941 7
1942 1
1943 5
1944 6
1945 0
1946 4
1947 4
1948 4
1949 5
1950 3
1951 7
1952 2
1953 5
1954 6
1955 2
1956 3
1957 3
1958 7
1959 5
1960 0
1961 8
1962 5
1963 6
1964 1
1965 4
1966 7
1967 4
1968 5
1969 4
1970 5
1971 5
1972 2
1973 4
1974 4
1975 5
1976 3
1977 3
1978 2
1979 5
1980 8
1981 1
1982 6
1983 1
1984 1
1985 5
1986 5
1987 5
1988 1
1989 5
1990 6
1991 5
1992 2
1993 3
1994 2
1995 4
1996 1
1997 1
1998 2
1999 5
2000 4
2001 5
2002 4
2003 1
2004 4
2005 3
2006 1
2007 4
2008 1
2009 1
2010 3
2011 1
2012 3
2013 7
2014 5
2015 5
2016 2
2017 0
2018 1
2019 0
2020 4
2021 4
2022 5
2023 0
2024 4
2025 6
2026 3
2027 4
2028 3
2029 1
2030 0
2031 2
2032 2
2033 2
2034 2
2035 4
2036 4
2037 4
2038 7
2039 2
2040 2
2041 0
2042 1
2043 4
2044 2
2045 2
2046 0
2047 1
2048 4
2049 2
2050 3
2051 0
2052 2
2053 2
2054 5
2055 2
2056 1
2057 2
2058 3
2059 1
2060 1
2061 3
2062 2
2063 2
2064 2
2065 2
2066 2
2067 4
2068 0
2069 2
2070 2
2071 0
2072 2
2073 3
2074 1
2075 0
2076 2
2077 1
2078 0
2079 3
2080 2
2081 1
2082 1
2083 6
2084 1
2085 0
2086 3
2087 1
2088 1
2089 3
2090 3
2091 2
2092 2
2093 8
2094 2
2095 2
2096 3
2097 2
2098 1
2099 3
2100 1
2101 3
2102 2
2103 3
2104 2
2105 1
2106 3
2107 5
2108 2
2109 1
2110 3
2111 1
2112 0
2113 0
2114 1
2115 3
2116 0
2117 3
2118 0
2119 1
2120 1
2121 2
2122 1
2123 1
2124 1
2125 1
2126 0
2127 3
2128 0
2129 1
2130 6
2131 0
2132 1
2133 0
2134 1
2135 3
2136 2
2137 2
2138 0
2139 0
2140 0
2141 1
2142 1
2143 0
2144 3
2145 2
2146 0
2147 3
2148 2
2149 0
2150 2
2151 2
2152 1
2153 2
2154 1
2155 0
2156 1
2157 0
2158 2
2159 4
2160 0
2161 1
2162 2
2163 2
2164 0
2165 1
2166 1
2167 0
2168 1
2169 3
2170 1
2171 1
2172 2
2173 0
2174 1
2175 4
2176 1
2177 3
2178 1
2179 1
2180 0
2181 0
2182 2
2183 0
2184 0
2185 1
2186 3
2187 0
2188 2
2189 0
2190 0
2191 0
2192 1
2193 0
2194 0
2195 2
2196 1
2197 0
2198 0
2199 2
2200 3
2201 3
2202 1
2203 0
2204 2
2205 1
2206 0
2207 1
2208 0
2209 1
2210 1
2211 0
2212 1
2213 1
2214 1
2215 2
2216 0
2217 0
2218 2
2219 2
2220 0
2221 0
2222 2
2223 1
2224 0
2225 1
2226 0
2227 1
2228 1
2229 1
2230 3
2231 1
2232 0
2233 0
2234 1
2235 0
2236 1
2237 2
2238 0
2239 1
2240 1
2241 1
2242 1
2243 1
2244 1
2245 0
2246 0
2247 0
2248 0
2249 2
2250 1
2251 0
2252 1
2253 1
2254 1
2255 0
2256 0
2257 3
2258 1
2259 1
2260 0
2261 1
2262 2
2263 0
2264 1
2265 1
2266 0
2267 0
2268 1
2269 0
2270 2
2271 0
2272 1
2273 0
2274 1
2275 1
2276 1
2277 0
2278 0
2279 0
2280 0
2281 0
2282 0
2283 0
2284 0
2285 1
2286 0
2287 1
2288 0
2289 1
2290 0
2291 1
2292 0
2293 0
2294 1
2295 0
2296 0
2297 1
2298 0
2299 1
2300 0
2301 1
2302 0
2303 1
2304 0
2305 0
2306 2
2307 0
2308 0
2309 0
2310 1
2311 0
2312 0
2313 0
2314 1
2315 0
2316 0
2317 1
2318 0
2319 0
2320 0
2321 0
2322 0
2323 0
2324 0
2325 0
2326 0
2327 0
2328 1
2329 0
2330 0
2331 1
2332 0
2333 1
2334 0
2335 1
2336 0
2337 1
2338 1
2339 1
2340 0
2341 1
2342 0
2343 0
2344 0
2345 1
2346 0
2347 0
2348 0
2349 0
2350 0
2351 1
2352 1
2353 1
2354 1
2355 1
2356 0
2357 0
2358 0
2359 0
2360 1
2361 0
2362 1
2363 0
2364 0
2365 0
2366 0
2367 0
2368 0
2369 0
2370 2
2371 0
2372 0
2373 0
2374 0
2375 0
2376 0
2377 1
2378 0
2379 1
2380 1
2381 0
2382 0
2383 0
2384 2
2385 0
2386 0
2387 0
2388 0
2389 1
2390 0
2391 1
2392 1
2393 0
2394 1
2395 0
2396 0
2397 1
2398 1
2399 0
2400 0
2401 0
2402 0
2403 0
2404 0
2405 0
2406 0
2407 0
2408 0
2409 1
2410 1
2411 0
2412 0
2413 1
2414 0
2415 1
2416 0
2417 0
2418 1
2419 0
2420 0
2421 1
2422 0
2423 0
2424 0
2425 1
2426 0
2427 0
2428 0
2429 0
2430 0
2431 1
2432 0
2433 0
2434 0
2435 0
2436 1
2437 0
2438 0
2439 0
2440 0
2441 0
2442 1
2443 0
2444 0
2445 0
2446 1
2447 0
2448 0
2449 0
2450 0
2451 1
2452 0
2453 0
2454 2
2455 0
2456 0
2457 0
2458 0
2459 0
2460 0
2461 0
2462 0
2463 0
2464 0
2465 0
2466 0
2467 1
2468 0
2469 0
2470 0
2471 1
2472 0
2473 0
2474 0
2475 0
2476 0
2477 0
2478 1
2479 0
2480 0
2481 0
2482 0
2483 0
2484 1
2485 0
2486 0
2487 0
2488 0
2489 0
2490 0
2491 1
2492 0
2493 0
2494 0
2495 1
2496 0
2497 0
2498 0
2499 0
2500 0
2501 1
2502 0
2503 0
2504 0
2505 0
2506 1
2507 0
2508 0
2509 0
2510 1
2511 0
2512 1
2513 0
2514 0
2515 0
2516 0
2517 1
2518 0
2519 1
2520 0
2521 0
2522 0
2523 0
2524 0
2525 0
2526 0
2527 0
2528 0
2529 0
2530 0
2531 0
2532 0
2533 0
2534 0
2535 0
2536 0
2537 0
2538 0
2539 0
2540 0
2541 0
2542 0
2543 0
2544 0
2545 0
2546 0
2547 0
2548 0
2549 1
2550 0
2551 0
2552 0
2553 0
2554 0
2555 0
2556 0
2557 1
2558 0
2559 1
2560 0
2561 0
2562 0
2563 2
2564 0
2565 0
2566 0
2567 0
2568 0
2569 0
2570 0
2571 0
2572 0
2573 0
2574 0
2575 0
2576 0
2577 0
2578 0
2579 0
2580 0
2581 0
2582 0
2583 0
2584 0
2585 0
2586 0
2587 0
2588 0
2589 2
2590 0
2591 0
2592 0
2593 0
2594 0
2595 0
2596 0
2597 0
2598 0
2599 0
2600 1
2601 0
2602 1
2603 0
2604 0
2605 0
2606 0
2607 0
2608 0
2609 0
2610 0
2611 0
2612 0
2613 0
2614 0
2615 1
2616 0
2617 0
2618 1
2619 0
2620 0
2621 0
2622 0
2623 0
2624 0
2625 0
2626 0
2627 0
2628 0
2629 0
2630 0
2631 0
2632 0
2633 0
2634 0
2635 0
2636 0
2637 0
2638 0
2639 0
2640 0
2641 1
2642 0
2643 0
2644 0
2645 0
2646 0
2647 0
2648 0
2649 0
2650 0
2651 0
2652 0
2653 0
2654 0
2655 0
2656 0
2657 0
2658 0
2659 1
2660 0
2661 0
2662 0
2663 0
2664 0
2665 1
2666 0
2667 0
2668 0
2669 0
2670 0
2671 0
2672 0
2673 0
2674 0
2675 0
2676 1
2677 0
2678 0
2679 0
2680 0
2681 0
2682 0
2683 0
2684 0
2685 1
2686 0
2687 0
2688 0
2689 1
2690 0
2691 0
2692 0
2693 0
2694 0
2695 0
2696 0
2697 0
2698 0
2699 0
2700 0
2701 0
2702 0
2703 0
2704 0
2705 0
2706 0
2707 0
2708 0
2709 0
2710 0
2711 0
2712 0
2713 0
2714 0
2715 0
2716 0
2717 0
2718 0
2719 0
2720 0
2721 0
2722 0
2723 0
2724 0
2725 0
2726 0
2727 0
2728 0
2729 0
2730 0
2731 0
2732 0
2733 0
2734 0
2735 0
2736 0
2737 0
2738 0
2739 0
2740 0
2741 0
2742 0
2743 0
2744 0
2745 0
2746 0
2747 0
2748 0
2749 0
2750 0
2751 0
2752 0
2753 0
2754 0
2755 0
2756 0
2757 0
2758 0
2759 0
2760 0
2761 0
2762 0
2763 0
2764 0
2765 0
2766 0
2767 0
2768 0
2769 0
2770 0
2771 0
2772 0
2773 0
2774 0
2775 0
2776 0
2777 0
2778 0
2779 0
2780 1
2781 0
2782 0
2783 0
2784 0
2785 0
2786 0
2787 0
2788 0
2789 0
2790 0
2791 0
2792 0
2793 0
2794 0
2795 0
2796 0
2797 0
2798 0
2799 0
2800 0
2801 0
2802 0
2803 0
2804 0
2805 0
2806 0
2807 0
2808 0
2809 0
2810 0
2811 0
2812 0
2813 0
2814 0
2815 0
2816 0
2817 0
2818 0
2819 0
2820 0
2821 0
2822 0
2823 0
2824 0
2825 0
2826 0
2827 0
2828 0
2829 0
2830 0
2831 0
2832 0
2833 0
2834 0
2835 0
2836 0
2837 0
2838 0
2839 0
2840 0
2841 0
2842 0
2843 0
2844 1
2845 0
2846 0
2847 0
2848 0
2849 0
2850 0
2851 0
2852 0
2853 0
2854 0
2855 0
2856 1
2857 0
2858 0
2859 0
2860 0
2861 0
2862 0
2863 0
2864 0
2865 0
2866 0
2867 0
2868 0
2869 0
2870 0
2871 0
2872 0
2873 0
2874 0
2875 0
2876 0
2877 0
2878 0
2879 0
2880 0
2881 0
2882 0
2883 0
2884 0
2885 0
2886 0
2887 0
2888 0
2889 0
2890 0
2891 0
2892 0
2893 0
2894 0
2895 0
2896 1
2897 0
2898 0
2899 0
2900 0
2901 0
2902 0
2903 0
2904 0
2905 0
2906 0
2907 0
2908 0
2909 0
2910 0
2911 0
2912 0
2913 0
2914 0
2915 0
2916 0
2917 0
2918 1
2919 0
2920 0
2921 0
2922 0
2923 0
2924 0
2925 0
2926 0
2927 0
2928 0
2929 0
2930 0
2931 0
2932 0
2933 0
2934 0
2935 0
2936 0
2937 0
2938 0
2939 0
2940 0
2941 0
2942 0
2943 0
2944 0
2945 0
2946 0
2947 0
2948 0
2949 0
2950 0
2951 0
2952 0
2953 0
2954 0
2955 0
2956 0
2957 0
2958 0
2959 0
2960 0
2961 0
2962 0
2963 0
2964 0
2965 0
2966 0
2967 0
2968 0
2969 0
2970 0
2971 0
2972 0
2973 0
2974 0
2975 0
2976 0
2977 0
2978 0
2979 0
2980 0
2981 0
2982 0
2983 0
2984 0
2985 0
2986 0
2987 0
2988 0
2989 0
2990 0
2991 0
2992 0
2993 0
2994 0
2995 0
2996 0
2997 0
2998 0
2999 0
3000 0
3001 0
3002 0
3003 0
3004 0
3005 0
3006 0
3007 0
3008 0
3009 0
3010 0
3011 0
3012 0
3013 0
3014 0
3015 0
3016 0
3017 0
3018 0
3019 0
3020 0
3021 0
3022 0
3023 0
3024 0
3025 0
3026 0
3027 0
3028 0
3029 0
3030 0
3031 0
3032 0
3033 0
3034 0
3035 0
3036 0
3037 0
3038 0
3039 0
3040 0
3041 0
3042 0
3043 0
3044 0
3045 0
3046 0
3047 0
3048 0
3049 0
3050 0
3051 0
3052 0
3053 0
3054 0
3055 0
3056 0
3057 0
3058 0
3059 0
3060 0
3061 0
3062 0
3063 0
3064 0
3065 0
3066 0
3067 0
3068 0
3069 0
3070 0
3071 0
3072 0
3073 0
3074 0
3075 0
3076 0
3077 0
3078 0
3079 0
3080 0
3081 0
3082 0
3083 0
3084 0
3085 0
3086 0
3087 0
3088 0
3089 0
3090 0
3091 0
3092 0
3093 0
3094 0
3095 0
3096 0
3097 0
3098 0
3099 0
3100 0
3101 0
3102 0
3103 0
3104 0
3105 0
3106 0
3107 0
3108 0
3109 0
3110 0
3111 0
3112 0
3113 0
3114 0
3115 0
3116 0
3117 0
3118 0
3119 1
3120 0
3121 0
3122 0
3123 0
3124 0
3125 0
3126 0
3127 0
3128 0
3129 0
3130 0
3131 0
3132 1
3133 0
3134 0
3135 0
3136 0
3137 0
3138 0
3139 0
3140 0
3141 0
3142 0
3143 0
3144 0
3145 0
3146 0
3147 0
3148 0
3149 0
3150 0
3151 0
3152 0
3153 0
3154 0
3155 0
3156 0
3157 0
3158 0
3159 0
3160 0
3161 0
3162 0
3163 0
3164 0
3165 0
3166 0
3167 0
3168 0
3169 0
3170 0
3171 0
3172 0
3173 0
3174 0
3175 0
3176 0
3177 0
3178 0
3179 0
3180 0
3181 0
3182 0
3183 0
3184 0
3185 0
3186 0
3187 0
3188 0
3189 0
3190 0
3191 0
3192 0
3193 0
3194 0
3195 0
3196 0
3197 0
3198 0
3199 0
3200 0
3201 0
3202 0
3203 0
3204 0
3205 0
3206 0
3207 0
3208 0
3209 0
3210 0
3211 0
3212 0
3213 0
3214 0
3215 0
3216 0
3217 0
3218 0
3219 0
3220 0
3221 0
3222 0
3223 0
3224 0
3225 0
3226 0
3227 0
3228 0
3229 0
3230 0
3231 0
3232 0
3233 0
3234 0
3235 1
3236 0
3237 0
3238 1
3239 0
3240 0
3241 0
3242 0
3243 0
3244 0
3245 0
3246 0
3247 0
3248 0
3249 0
3250 0
3251 0
3252 0
3253 0
3254 0
3255 0
3256 0
3257 0
3258 0
3259 0
3260 0
3261 0
3262 0
3263 0
3264 0
3265 0
3266 0
3267 0
3268 0
3269 0
3270 0
3271 0
3272 0
3273 1
3274 0
3275 0
3276 0
3277 0
3278 0
3279 0
3280 0
3281 0
3282 0
3283 0
3284 0
3285 0
3286 0
3287 0
3288 0
3289 0
3290 0
3291 0
3292 0
3293 0
3294 0
3295 0
3296 0
3297 0
3298 0
3299 0
3300 0
3301 0
3302 0
3303 0
3304 0
3305 0
3306 0
3307 0
3308 0
3309 0
3310 0
3311 0
3312 0
3313 0
3314 0
3315 0
3316 0
3317 0
3318 0
3319 0
3320 0
3321 0
3322 0
3323 0
3324 0
3325 0
3326 0
3327 0
3328 0
3329 0
3330 0
3331 0
3332 0
3333 0
3334 0
3335 0
3336 0
3337 0
3338 0
3339 0
3340 0
3341 0
3342 0
3343 0
3344 0
3345 0
3346 0
3347 0
3348 0
3349 0
3350 0
3351 0
3352 0
3353 0
3354 0
3355 0
3356 0
3357 0
3358 0
3359 0
3360 0
3361 0
3362 0
3363 0
3364 0
3365 0
3366 0
3367 0
3368 0
3369 0
3370 0
3371 0
3372 0
3373 0
3374 0
3375 0
3376 0
3377 0
3378 0
3379 0
3380 0
3381 0
3382 0
3383 0
3384 0
3385 0
3386 1
3387 0
3388 0
3389 0
3390 0
3391 0
3392 0
3393 0
3394 0
3395 0
3396 0
3397 0
3398 0
3399 0
3400 0
3401 0
3402 0
3403 0
3404 0
3405 0
3406 1
3407 0
3408 0
3409 0
3410 0
3411 0
3412 0
3413 0
3414 0
3415 0
3416 0
3417 0
3418 0
3419 0
3420 0
3421 0
3422 0
3423 0
3424 0
3425 0
3426 0
3427 0
3428 0
3429 0
3430 0
3431 0
3432 0
3433 0
3434 0
3435 0
3436 0
3437 0
3438 0
3439 0
3440 0
3441 0
3442 0
3443 0
3444 0
3445 0
3446 0
3447 0
3448 0
3449 0
3450 0
3451 0
3452 0
3453 0
3454 0
3455 0
3456 0
3457 0
3458 0
3459 0
3460 0
3461 0
3462 0
3463 0
3464 0
3465 0
3466 0
3467 0
3468 0
3469 0
3470 0
3471 0
3472 0
3473 0
3474 0
3475 0
3476 0
3477 0
3478 0
3479 0
3480 0
3481 0
3482 0
3483 0
3484 0
3485 0
3486 0
3487 0
3488 0
3489 0
3490 0
3491 0
3492 0
3493 0
3494 0
3495 0
3496 0
3497 0
3498 0
3499 0
3500 0
3501 0
3502 0
3503 0
3504 0
3505 0
3506 0
3507 0
3508 0
3509 0
3510 0
3511 0
3512 0
3513 0
3514 0
3515 0
3516 0
3517 0
3518 0
3519 0
3520 0
3521 0
3522 0
3523 0
3524 0
3525 0
3526 0
3527 0
3528 0
3529 0
3530 0
3531 0
3532 0
3533 0
3534 0
3535 0
3536 0
3537 0
3538 0
3539 0
3540 0
3541 0
3542 0
3543 0
3544 0
3545 0
3546 0
3547 0
3548 0
3549 0
3550 0
3551 0
3552 0
3553 0
3554 0
3555 0
3556 0
3557 0
3558 0
3559 0
3560 0
3561 0
3562 0
3563 0
3564 0
3565 0
3566 0
3567 0
3568 0
3569 0
3570 0
3571 0
3572 0
3573 0
3574 0
3575 0
3576 0
3577 0
3578 0
3579 0
3580 0
3581 0
3582 0
3583 0
3584 0
3585 0
3586 0
3587 0
3588 0
3589 0
3590 0
3591 1
3592 0
3593 0
3594 0
3595 0
3596 0
3597 0
3598 0
3599 0
3600 0
3601 0
3602 0
3603 0
3604 0
3605 0
3606 0
3607 0
3608 0
3609 0
3610 0
3611 0
3612 0
3613 0
3614 0
3615 0
3616 1
3617 0
3618 0
3619 0
3620 0
3621 0
3622 0
3623 0
3624 0
3625 0
3626 0
3627 0
3628 0
3629 0
3630 0
3631 0
3632 0
3633 0
3634 0
3635 0
3636 0
3637 0
3638 1
3639 0
3640 0
3641 0
3642 0
3643 0
3644 0
3645 0
3646 0
3647 0
3648 0
3649 0
3650 0
3651 0
3652 0
3653 0
3654 0
3655 0
3656 0
3657 0
3658 0
3659 0
3660 0
3661 0
3662 0
3663 0
3664 0
3665 0
3666 0
3667 0
3668 0
3669 0
3670 0
3671 0
3672 0
3673 0
3674 0
3675 1
3676 0
3677 0
3678 0
3679 0
3680 0
3681 0
3682 0
3683 0
3684 0
3685 0
3686 0
3687 0
3688 0
3689 0
3690 0
3691 0
3692 0
3693 0
3694 0
3695 0
3696 0
3697 0
3698 0
3699 0
3700 0
3701 0
3702 0
3703 0
3704 0
3705 0
3706 0
3707 0
3708 0
3709 0
3710 0
3711 0
3712 0
3713 0
3714 0
3715 0
3716 0
3717 0
3718 0
3719 0
3720 0
3721 0
3722 0
3723 0
3724 0
3725 0
3726 0
3727 0
3728 0
3729 0
3730 0
3731 0
3732 0
3733 0
3734 0
3735 0
3736 0
3737 0
3738 0
3739 0
3740 0
3741 0
3742 0
3743 0
3744 0
3745 0
3746 0
3747 0
3748 0
3749 0
3750 0
3751 0
3752 0
3753 0
3754 0
3755 0
3756 0
3757 0
3758 0
3759 0
3760 0
3761 0
3762 0
3763 0
3764 0
3765 1
3766 0
3767 0
3768 0
3769 0
3770 0
3771 0
3772 0
3773 0
3774 0
3775 0
3776 0
3777 0
3778 0
3779 0
3780 0
3781 0
3782 0
3783 0
3784 0
3785 0
3786 0
3787 0
3788 0
3789 0
3790 0
3791 0
3792 0
3793 0
3794 0
3795 0
3796 0
3797 0
3798 0
3799 0
3800 0
3801 0
3802 0
3803 0
3804 0
3805 0
3806 0
3807 0
3808 0
3809 0
3810 0
3811 0
3812 0
3813 0
3814 0
3815 0
3816 0
3817 0
3818 0
3819 0
3820 0
3821 0
3822 0
3823 0
3824 0
3825 0
3826 0
3827 0
3828 0
3829 0
3830 0
3831 0
3832 0
3833 0
3834 0
3835 0
3836 0
3837 0
3838 0
3839 0
3840 0
3841 0
3842 0
3843 0
3844 0
3845 0
3846 0
3847 0
3848 0
3849 0
3850 0
3851 0
3852 0
3853 0
3854 0
3855 0
3856 0
3857 0
3858 0
3859 0
3860 0
3861 0
3862 0
3863 0
3864 0
3865 0
3866 0
3867 1
3868 0
3869 0
3870 0
3871 0
3872 0
3873 0
3874 0
3875 0
3876 0
3877 0
3878 0
3879 0
3880 0
3881 0
3882 0
3883 0
3884 0
3885 0
3886 0
3887 0
3888 0
3889 0
3890 0
3891 0
3892 0
3893 0
3894 0
3895 0
3896 0
3897 0
3898 0
3899 0
3900 0
3901 0
3902 0
3903 0
3904 0
3905 0
3906 0
3907 0
3908 0
3909 0
3910 0
3911 0
3912 0
3913 0
3914 0
3915 0
3916 0
3917 0
3918 0
3919 0
3920 0
3921 0
3922 0
3923 0
3924 0
3925 0
3926 0
3927 0
3928 0
3929 0
3930 0
3931 0
3932 0
3933 0
3934 0
3935 0
3936 0
3937 0
3938 0
3939 0
3940 0
3941 0
3942 0
3943 0
3944 0
3945 0
3946 0
3947 0
3948 0
3949 0
3950 0
3951 0
3952 0
3953 0
3954 0
3955 0
3956 0
3957 0
3958 0
3959 0
3960 0
3961 0
3962 0
3963 0
3964 0
3965 0
3966 0
3967 0
3968 0
3969 0
3970 0
3971 0
3972 0
3973 0
3974 0
3975 1
3976 0
3977 0
3978 0
3979 0
3980 0
3981 0
3982 0
3983 0
3984 0
3985 0
3986 0
3987 0
3988 0
3989 0
3990 0
3991 0
3992 0
3993 0
3994 0
3995 0
3996 0
3997 0
3998 0
3999 0
4000 0
