0 0
1 0
2 0
3 0
4 0
5 0
6 0
7 0
8 0
9 0
10 0
11 0
12 0
13 0
14 0
15 0
16 0
17 0
18 0
19 0
20 0
21 0
22 0
23 0
24 0
25 0
26 0
27 0
28 0
29 0
30 0
31 0
32 0
33 0
34 0
35 0
36 0
37 0
38 0
39 0
40 0
41 0
42 0
43 0
44 0
45 0
46 0
47 0
48 0
49 0
50 0
51 0
52 0
53 0
54 0
55 0
56 0
57 0
58 0
59 0
60 0
61 0
62 0
63 0
64 0
65 0
66 0
67 0
68 0
69 0
70 0
71 0
72 0
73 0
74 0
75 0
76 0
77 0
78 0
79 0
80 0
81 0
82 0
83 0
84 0
85 0
86 0
87 0
88 0
89 0
90 0
91 0
92 0
93 0
94 0
95 0
96 0
97 0
98 0
99 0
100 0
101 0
102 0
103 0
104 0
105 0
106 0
107 0
108 0
109 0
110 0
111 0
112 0
113 0
114 0
115 0
116 0
117 0
118 0
119 0
120 0
121 0
122 0
123 0
124 0
125 0
126 0
127 0
128 0
129 0
130 0
131 0
132 0
133 0
134 0
135 0
136 0
137 0
138 0
139 0
140 0
141 0
142 0
143 0
144 0
145 0
146 0
147 2
148 1
149 0
150 0
151 1
152 6
153 2
154 6
155 5
156 2
157 4
158 2
159 7
160 8
161 5
162 5
163 4
164 5
165 4
166 4
167 6
168 8
169 7
170 4
171 2
172 6
173 17
174 18
175 23
176 48
177 75
178 94
179 137
180 172
181 198
182 237
183 268
184 353
185 519
186 826
187 1293
188 1868
189 2449
190 2951
191 3177
192 3215
193 3108
194 2888
195 2569
196 2399
197 2218
198 1983
199 1801
200 1570
201 1439
202 1304
203 1116
204 994
205 952
206 829
207 757
208 764
209 629
210 615
211 627
212 592
213 610
214 564
215 568
216 548
217 575
218 575
219 567
220 601
221 553
222 602
223 597
224 593
225 643
226 645
227 566
228 625
229 632
230 589
231 626
232 651
233 684
234 609
235 656
236 679
237 702
238 641
239 635
240 687
241 654
242 652
243 636
244 713
245 719
246 732
247 697
248 657
249 716
250 709
251 665
252 705
253 749
254 702
255 747
256 747
257 743
258 760
259 712
260 779
261 748
262 800
263 765
264 803
265 768
266 810
267 813
268 748
269 737
270 820
271 747
272 806
273 801
274 780
275 794
276 779
277 826
278 820
279 796
280 812
281 828
282 857
283 844
284 844
285 887
286 877
287 810
288 800
289 871
290 867
291 870
292 835
293 861
294 973
295 901
296 878
297 943
298 907
299 933
300 910
301 903
302 893
303 904
304 902
305 960
306 937
307 964
308 946
309 991
310 945
311 949
312 982
313 977
314 993
315 984
316 1021
317 1002
318 1070
319 1016
320 1023
321 998
322 1011
323 1063
324 1081
325 1061
326 984
327 1026
328 1124
329 1088
330 1053
331 1084
332 1055
333 1123
334 1062
335 1152
336 1147
337 1080
338 1165
339 1173
340 1153
341 1235
342 1181
343 1183
344 1168
345 1188
346 1162
347 1170
348 1182
349 1252
350 1234
351 1197
352 1162
353 1192
354 1231
355 1243
356 1277
357 1322
358 1287
359 1287
360 1219
361 1322
362 1302
363 1309
364 1307
365 1330
366 1414
367 1349
368 1366
369 1393
370 1319
371 1409
372 1381
373 1397
374 1407
375 1399
376 1355
377 1444
378 1468
379 1463
380 1460
381 1481
382 1422
383 1491
384 1473
385 1515
386 1480
387 1438
388 1548
389 1527
390 1610
391 1561
392 1532
393 1591
394 1490
395 1560
396 1552
397 1641
398 1622
399 1617
400 1620
401 1555
402 1610
403 1596
404 1633
405 1593
406 1675
407 1596
408 1722
409 1706
410 1592
411 1669
412 1660
413 1699
414 1635
415 1709
416 1708
417 1719
418 1694
419 1705
420 1681
421 1745
422 1779
423 1683
424 1777
425 1712
426 1765
427 1816
428 1785
429 1705
430 1808
431 1724
432 1773
433 1826
434 1837
435 1769
436 1834
437 1814
438 1799
439 1866
440 1799
441 1736
442 1793
443 1796
444 1867
445 1755
446 1854
447 1817
448 1879
449 1853
450 1784
451 1858
452 1864
453 1930
454 1819
455 1838
456 1831
457 1810
458 1895
459 1902
460 1806
461 1946
462 1860
463 1812
464 1802
465 1868
466 1856
467 1880
468 1877
469 1861
470 1785
471 1923
472 1896
473 1911
474 1897
475 1781
476 1866
477 1843
478 1861
479 1824
480 1823
481 1917
482 1764
483 1901
484 1879
485 1807
486 1825
487 1815
488 1860
489 1897
490 1873
491 1764
492 1872
493 1845
494 1904
495 1848
496 1795
497 1861
498 1789
499 1822
500 1869
501 1762
502 1759
503 1740
504 1684
505 1787
506 1800
507 1697
508 1791
509 1847
510 1662
511 1705
512 1678
513 1773
514 1708
515 1778
516 1769
517 1679
518 1778
519 1790
520 1775
521 1668
522 1670
523 1687
524 1617
525 1679
526 1671
527 1669
528 1610
529 1633
530 1600
531 1665
532 1610
533 1583
534 1521
535 1549
536 1574
537 1670
538 1568
539 1582
540 1598
541 1581
542 1598
543 1621
544 1522
545 1539
546 1504
547 1524
548 1466
549 1513
550 1516
551 1407
552 1502
553 1528
554 1409
555 1442
556 1419
557 1418
558 1419
559 1398
560 1361
561 1415
562 1370
563 1464
564 1319
565 1355
566 1337
567 1253
568 1317
569 1311
570 1310
571 1387
572 1304
573 1270
574 1323
575 1330
576 1259
577 1236
578 1309
579 1261
580 1253
581 1221
582 1160
583 1180
584 1263
585 1141
586 1240
587 1187
588 1206
589 1129
590 1071
591 1114
592 1149
593 1128
594 1095
595 1086
596 1087
597 1113
598 1042
599 1061
600 1045
601 1080
602 1070
603 1074
604 1091
605 1055
606 971
607 1002
608 1025
609 1035
610 1000
611 1063
612 972
613 1010
614 958
615 958
616 980
617 936
618 939
619 923
620 892
621 977
622 908
623 906
624 879
625 895
626 894
627 911
628 915
629 818
630 843
631 847
632 839
633 795
634 805
635 847
636 847
637 793
638 742
639 793
640 733
641 789
642 759
643 723
644 711
645 752
646 718
647 746
648 692
649 721
650 677
651 703
652 723
653 664
654 725
655 715
656 649
657 675
658 711
659 671
660 684
661 642
662 665
663 635
664 682
665 620
666 564
667 601
668 603
669 667
670 613
671 638
672 616
673 585
674 598
675 560
676 604
677 568
678 538
679 557
680 543
681 563
682 548
683 532
684 541
685 547
686 536
687 529
688 505
689 482
690 505
691 523
692 508
693 536
694 512
695 535
696 467
697 497
698 487
699 474
700 455
701 450
702 455
703 454
704 455
705 468
706 443
707 474
708 444
709 428
710 431
711 427
712 377
713 412
714 401
715 422
716 457
717 421
718 431
719 408
720 376
721 470
722 395
723 368
724 409
725 398
726 399
727 351
728 398
729 409
730 399
731 358
732 424
733 343
734 395
735 404
736 411
737 376
738 344
739 354
740 365
741 341
742 320
743 370
744 358
745 320
746 342
747 317
748 332
749 342
750 337
751 356
752 283
753 329
754 305
755 325
756 328
757 328
758 331
759 313
760 333
761 283
762 295
763 303
764 312
765 306
766 331
767 341
768 311
769 330
770 327
771 300
772 317
773 305
774 298
775 288
776 286
777 309
778 245
779 303
780 264
781 300
782 297
783 311
784 292
785 281
786 297
787 264
788 256
789 276
790 275
791 301
792 279
793 291
794 248
795 282
796 298
797 274
798 281
799 278
800 274
801 270
802 294
803 228
804 238
805 257
806 229
807 257
808 253
809 275
810 274
811 255
812 261
813 233
814 245
815 266
816 256
817 251
818 263
819 237
820 260
821 294
822 244
823 255
824 270
825 241
826 269
827 222
828 235
829 239
830 265
831 233
832 239
833 284
834 231
835 242
836 268
837 257
838 204
839 242
840 259
841 271
842 259
843 228
844 261
845 244
846 251
847 237
848 239
849 267
850 232
851 234
852 249
853 259
854 240
855 246
856 237
857 255
858 236
859 221
860 232
861 226
862 217
863 239
864 258
865 224
866 210
867 252
868 228
869 229
870 275
871 248
872 219
873 213
874 245
875 231
876 254
877 238
878 257
879 233
880 217
881 231
882 215
883 238
884 193
885 219
886 239
887 235
888 230
889 253
890 232
891 228
892 223
893 235
894 215
895 221
896 205
897 223
898 262
899 230
900 245
901 199
902 242
903 208
904 248
905 227
906 244
907 239
908 235
909 213
910 224
911 228
912 221
913 232
914 228
915 237
916 216
917 216
918 218
919 202
920 195
921 221
922 226
923 200
924 234
925 229
926 227
927 264
928 214
929 242
930 223
931 236
932 215
933 216
934 219
935 240
936 238
937 242
938 213
939 245
940 217
941 234
942 215
943 233
944 218
945 216
946 219
947 228
948 225
949 238
950 205
951 206
952 218
953 213
954 211
955 220
956 218
957 210
958 204
959 219
960 213
961 221
962 206
963 236
964 227
965 234
966 229
967 234
968 235
969 215
970 209
971 215
972 195
973 222
974 233
975 209
976 239
977 227
978 197
979 235
980 205
981 221
982 189
983 216
984 214
985 222
986 222
987 219
988 218
989 203
990 203
991 201
992 195
993 224
994 214
995 215
996 198
997 204
998 212
999 212
1000 239
1001 236
1002 245
1003 206
1004 214
1005 209
1006 215
1007 199
1008 183
1009 227
1010 219
1011 225
1012 211
1013 211
1014 213
1015 197
1016 228
1017 170
1018 211
1019 225
1020 191
1021 194
1022 220
1023 195
1024 211
1025 195
1026 220
1027 201
1028 203
1029 187
1030 200
1031 200
1032 193
1033 218
1034 210
1035 214
1036 206
1037 183
1038 213
1039 183
1040 228
1041 210
1042 202
1043 194
1044 220
1045 210
1046 200
1047 209
1048 192
1049 203
1050 218
1051 198
1052 169
1053 196
1054 213
1055 225
1056 181
1057 216
1058 166
1059 204
1060 218
1061 197
1062 193
1063 193
1064 181
1065 227
1066 231
1067 171
1068 196
1069 201
1070 180
1071 188
1072 176
1073 201
1074 239
1075 202
1076 186
1077 199
1078 206
1079 189
1080 192
1081 199
1082 189
1083 192
1084 183
1085 189
1086 190
1087 187
1088 191
1089 211
1090 199
1091 183
1092 188
1093 180
1094 212
1095 181
1096 189
1097 184
1098 197
1099 198
1100 180
1101 191
1102 190
1103 209
1104 191
1105 179
1106 195
1107 173
1108 162
1109 190
1110 185
1111 187
1112 196
1113 184
1114 186
1115 214
1116 213
1117 196
1118 167
1119 188
1120 187
1121 184
1122 173
1123 177
1124 179
1125 198
1126 195
1127 178
1128 181
1129 165
1130 190
1131 167
1132 158
1133 177
1134 185
1135 181
1136 166
1137 174
1138 156
1139 185
1140 177
1141 161
1142 150
1143 153
1144 171
1145 169
1146 201
1147 184
1148 196
1149 171
1150 170
1151 172
1152 186
1153 159
1154 181
1155 185
1156 179
1157 168
1158 155
1159 171
1160 153
1161 149
1162 178
1163 169
1164 166
1165 132
1166 165
1167 156
1168 183
1169 156
1170 156
1171 170
1172 168
1173 153
1174 160
1175 157
1176 150
1177 143
1178 172
1179 156
1180 152
1181 176
1182 147
1183 135
1184 166
1185 142
1186 165
1187 169
1188 127
1189 150
1190 154
1191 178
1192 187
1193 139
1194 158
1195 140
1196 150
1197 128
1198 176
1199 153
1200 159
1201 139
1202 155
1203 160
1204 166
1205 133
1206 126
1207 140
1208 149
1209 144
1210 150
1211 156
1212 149
1213 139
1214 133
1215 132
1216 154
1217 118
1218 161
1219 135
1220 134
1221 131
1222 131
1223 160
1224 132
1225 144
1226 131
1227 135
1228 144
1229 135
1230 120
1231 142
1232 132
1233 122
1234 152
1235 150
1236 116
1237 157
1238 125
1239 124
1240 126
1241 146
1242 116
1243 123
1244 126
1245 112
1246 101
1247 147
1248 144
1249 121
1250 125
1251 141
1252 118
1253 120
1254 108
1255 109
1256 107
1257 111
1258 122
1259 126
1260 141
1261 130
1262 123
1263 116
1264 117
1265 114
1266 133
1267 129
1268 129
1269 131
1270 119
1271 119
1272 117
1273 102
1274 123
1275 115
1276 109
1277 108
1278 82
1279 123
1280 122
1281 117
1282 112
1283 109
1284 118
1285 109
1286 112
1287 93
1288 96
1289 131
1290 94
1291 114
1292 118
1293 101
1294 117
1295 90
1296 120
1297 107
1298 97
1299 109
1300 123
1301 86
1302 102
1303 116
1304 104
1305 106
1306 103
1307 94
1308 103
1309 93
1310 98
1311 111
1312 90
1313 118
1314 102
1315 95
1316 100
1317 88
1318 84
1319 112
1320 81
1321 83
1322 100
1323 86
1324 91
1325 97
1326 83
1327 123
1328 90
1329 81
1330 88
1331 85
1332 99
1333 112
1334 109
1335 103
1336 108
1337 91
1338 75
1339 83
1340 80
1341 106
1342 79
1343 86
1344 97
1345 91
1346 79
1347 98
1348 91
1349 87
1350 80
1351 90
1352 88
1353 90
1354 86
1355 90
1356 84
1357 86
1358 91
1359 77
1360 66
1361 94
1362 75
1363 73
1364 88
1365 93
1366 75
1367 79
1368 84
1369 80
1370 86
1371 87
1372 70
1373 74
1374 88
1375 87
1376 82
1377 76
1378 68
1379 72
1380 88
1381 84
1382 86
1383 78
1384 71
1385 62
1386 98
1387 84
1388 65
1389 74
1390 80
1391 71
1392 79
1393 68
1394 72
1395 82
1396 68
1397 85
1398 66
1399 58
1400 75
1401 77
1402 76
1403 58
1404 64
1405 76
1406 78
1407 75
1408 67
1409 60
1410 58
1411 70
1412 73
1413 59
1414 51
1415 72
1416 65
1417 68
1418 73
1419 86
1420 81
1421 55
1422 69
1423 58
1424 55
1425 82
1426 48
1427 73
1428 70
1429 70
1430 61
1431 52
1432 60
1433 77
1434 54
1435 64
1436 55
1437 63
1438 57
1439 50
1440 62
1441 52
1442 52
1443 59
1444 46
1445 44
1446 65
1447 56
1448 53
1449 63
1450 55
1451 65
1452 38
1453 58
1454 55
1455 70
1456 51
1457 53
1458 68
1459 62
1460 55
1461 72
1462 65
1463 47
1464 46
1465 46
1466 52
1467 52
1468 41
1469 53
1470 49
1471 41
1472 59
1473 55
1474 42
1475 38
1476 55
1477 44
1478 61
1479 50
1480 51
1481 46
1482 50
1483 41
1484 45
1485 45
1486 49
1487 45
1488 47
1489 43
1490 33
1491 52
1492 46
1493 49
1494 54
1495 42
1496 30
1497 48
1498 43
1499 42
1500 44
1501 34
1502 43
1503 37
1504 56
1505 37
1506 38
1507 48
1508 36
1509 47
1510 29
1511 38
1512 42
1513 40
1514 31
1515 42
1516 33
1517 38
1518 33
1519 52
1520 57
1521 32
1522 36
1523 35
1524 35
1525 22
1526 26
1527 37
1528 51
1529 36
1530 41
1531 40
1532 38
1533 31
1534 38
1535 34
1536 35
1537 50
1538 39
1539 37
1540 27
1541 36
1542 41
1543 32
1544 26
1545 33
1546 33
1547 50
1548 27
1549 34
1550 40
1551 36
1552 32
1553 35
1554 34
1555 35
1556 36
1557 22
1558 31
1559 24
1560 32
1561 30
1562 35
1563 40
1564 32
1565 33
1566 24
1567 30
1568 31
1569 33
1570 35
1571 27
1572 34
1573 34
1574 36
1575 30
1576 26
1577 35
1578 31
1579 27
1580 35
1581 36
1582 39
1583 29
1584 31
1585 24
1586 25
1587 27
1588 21
1589 28
1590 29
1591 27
1592 34
1593 23
1594 25
1595 31
1596 33
1597 29
1598 24
1599 23
1600 21
1601 34
1602 37
1603 29
1604 32
1605 23
1606 25
1607 29
1608 22
1609 22
1610 26
1611 14
1612 24
1613 33
1614 29
1615 27
1616 17
1617 24
1618 23
1619 29
1620 25
1621 20
1622 22
1623 21
1624 27
1625 27
1626 22
1627 32
1628 14
1629 15
1630 24
1631 19
1632 29
1633 13
1634 23
1635 17
1636 36
1637 29
1638 32
1639 12
1640 16
1641 20
1642 38
1643 19
1644 10
1645 23
1646 25
1647 20
1648 21
1649 12
1650 23
1651 18
1652 22
1653 24
1654 13
1655 20
1656 24
1657 15
1658 15
1659 18
1660 19
1661 13
1662 24
1663 18
1664 15
1665 17
1666 20
1667 21
1668 15
1669 15
1670 17
1671 18
1672 17
1673 27
1674 16
1675 24
1676 16
1677 23
1678 19
1679 11
1680 18
1681 28
1682 23
1683 16
1684 15
1685 18
1686 14
1687 20
1688 25
1689 15
1690 19
1691 16
1692 16
1693 12
1694 18
1695 15
1696 16
1697 13
1698 11
1699 14
1700 17
1701 19
1702 14
1703 16
1704 13
1705 26
1706 11
1707 15
1708 14
1709 8
1710 15
1711 12
1712 20
1713 8
1714 16
1715 23
1716 15
1717 8
1718 9
1719 15
1720 15
1721 15
1722 19
1723 10
1724 11
1725 16
1726 12
1727 17
1728 13
1729 10
1730 11
1731 9
1732 14
1733 17
1734 11
1735 12
1736 11
1737 11
1738 11
1739 11
1740 20
1741 20
1742 11
1743 12
1744 9
1745 13
1746 16
1747 16
1748 10
1749 9
1750 10
1751 9
1752 11
1753 12
1754 9
1755 13
1756 11
1757 11
1758 9
1759 5
1760 9
1761 10
1762 3
1763 10
1764 11
1765 9
1766 8
1767 9
1768 9
1769 5
1770 9
1771 5
1772 8
1773 9
1774 8
1775 11
1776 5
1777 8
1778 9
1779 5
1780 9
1781 10
1782 6
1783 10
1784 11
1785 15
1786 9
1787 10
1788 10
1789 6
1790 13
1791 12
1792 6
1793 11
1794 5
1795 12
1796 12
1797 7
1798 6
1799 7
1800 8
1801 7
1802 13
1803 7
1804 8
1805 12
1806 9
1807 8
1808 5
1809 10
1810 6
1811 7
1812 8
1813 7
1814 9
1815 7
1816 8
1817 7
1818 7
1819 11
1820 4
1821 13
1822 4
1823 8
1824 9
1825 5
1826 5
1827 10
1828 7
1829 5
1830 7
1831 7
1832 3
1833 4
1834 2
1835 6
1836 5
1837 3
1838 7
1839 7
1840 8
1841 7
1842 2
1843 8
1844 5
1845 7
1846 4
1847 11
1848 2
1849 4
1850 4
1851 8
1852 6
1853 5
1854 2
1855 4
1856 8
1857 7
1858 2
1859 6
1860 6
1861 2
1862 5
1863 8
1864 5
1865 1
1866 9
1867 4
1868 5
1869 9
1870 7
1871 5
1872 11
1873 2
1874 2
1875 3
1876 5
1877 6
1878 2
1879 6
1880 6
1881 7
1882 3
1883 4
1884 3
1885 3
1886 7
1887 4
1888 4
1889 2
1890 2
1891 2
1892 2
1893 3
1894 3
1895 2
1896 5
1897 1
1898 5
1899 2
1900 2
1901 8
1902 4
1903 5
1904 4
1905 3
1906 3
1907 4
1908 1
1909 0
1910 5
1911 6
1912 3
1913 1
1914 4
1915 3
1916 6
1917 3
1918 4
1919 1
1920 3
1921 2
1922 3
1923 4
1924 1
1925 2
1926 5
1927 7
1928 3
1929 3
1930 8
1931 1
1932 2
1933 4
1934 4
1935 3
1936 7
1937 7
1938 6
1939 1
1940 2
1941 2
1942 2
1943 1
1944 6
1945 3
1946 2
1947 4
1948 2
1949 3
1950 3
1951 2
1952 3
1953 4
1954 2
1955 1
1956 3
1957 4
1958 3
1959 1
1960 3
1961 0
1962 2
1963 4
1964 5
1965 1
1966 3
1967 6
1968 5
1969 3
1970 1
1971 6
1972 3
1973 3
1974 1
1975 3
1976 4
1977 2
1978 5
1979 2
1980 0
1981 3
1982 1
1983 3
1984 3
1985 3
1986 1
1987 2
1988 3
1989 0
1990 3
1991 0
1992 2
1993 0
1994 2
1995 3
1996 1
1997 2
1998 3
1999 3
2000 6
2001 0
2002 1
2003 3
2004 2
2005 1
2006 2
2007 1
2008 2
2009 0
2010 2
2011 0
2012 0
2013 3
2014 3
2015 5
2016 2
2017 0
2018 0
2019 3
2020 3
2021 1
2022 1
2023 2
2024 2
2025 0
2026 1
2027 1
2028 3
2029 1
2030 4
2031 1
2032 2
2033 1
2034 1
2035 3
2036 2
2037 1
2038 5
2039 1
2040 3
2041 0
2042 0
2043 1
2044 1
2045 2
2046 2
2047 1
2048 1
2049 3
2050 2
2051 2
2052 0
2053 0
2054 2
2055 1
2056 1
2057 2
2058 2
2059 1
2060 1
2061 4
2062 2
2063 3
2064 0
2065 1
2066 1
2067 2
2068 2
2069 1
2070 0
2071 1
2072 1
2073 1
2074 3
2075 1
2076 0
2077 0
2078 0
2079 1
2080 2
2081 3
2082 2
2083 0
2084 3
2085 2
2086 1
2087 1
2088 1
2089 1
2090 2
2091 0
2092 1
2093 2
2094 1
2095 1
2096 0
2097 2
2098 1
2099 0
2100 0
2101 1
2102 1
2103 0
2104 1
2105 0
2106 0
2107 0
2108 0
2109 0
2110 2
2111 1
2112 0
2113 1
2114 1
2115 1
2116 0
2117 3
2118 0
2119 1
2120 4
2121 0
2122 2
2123 0
2124 0
2125 0
2126 2
2127 0
2128 1
2129 0
2130 2
2131 3
2132 1
2133 0
2134 0
2135 0
2136 0
2137 0
2138 0
2139 2
2140 0
2141 2
2142 1
2143 2
2144 0
2145 1
2146 3
2147 0
2148 0
2149 0
2150 0
2151 1
2152 0
2153 0
2154 1
2155 0
2156 0
2157 0
2158 0
2159 2
2160 0
2161 0
2162 0
2163 0
2164 0
2165 1
2166 0
2167 0
2168 1
2169 1
2170 1
2171 0
2172 0
2173 0
2174 0
2175 1
2176 0
2177 0
2178 1
2179 5
2180 0
2181 0
2182 0
2183 0
2184 0
2185 0
2186 0
2187 1
2188 2
2189 0
2190 2
2191 1
2192 0
2193 0
2194 0
2195 0
2196 1
2197 1
2198 0
2199 0
2200 0
2201 1
2202 0
2203 1
2204 0
2205 0
2206 1
2207 1
2208 1
2209 1
2210 0
2211 0
2212 0
2213 0
2214 0
2215 0
2216 2
2217 0
2218 0
2219 1
2220 0
2221 1
2222 0
2223 1
2224 0
2225 0
2226 1
2227 1
2228 2
2229 0
2230 0
2231 1
2232 2
2233 0
2234 1
2235 1
2236 0
2237 1
2238 0
2239 1
2240 3
2241 1
2242 0
2243 0
2244 2
2245 1
2246 0
2247 1
2248 1
2249 0
2250 1
2251 0
2252 0
2253 0
2254 1
2255 1
2256 2
2257 1
2258 0
2259 0
2260 1
2261 1
2262 0
2263 0
2264 0
2265 0
2266 0
2267 0
2268 1
2269 0
2270 0
2271 0
2272 0
2273 0
2274 1
2275 0
2276 0
2277 1
2278 0
2279 0
2280 1
2281 2
2282 0
2283 0
2284 0
2285 2
2286 0
2287 0
2288 0
2289 0
2290 1
2291 0
2292 0
2293 0
2294 2
2295 0
2296 0
2297 0
2298 1
2299 0
2300 0
2301 0
2302 1
2303 1
2304 0
2305 1
2306 0
2307 0
2308 1
2309 0
2310 0
2311 1
2312 1
2313 0
2314 0
2315 0
2316 1
2317 0
2318 0
2319 0
2320 0
2321 0
2322 0
2323 0
2324 0
2325 1
2326 0
2327 0
2328 0
2329 1
2330 1
2331 0
2332 1
2333 0
2334 0
2335 1
2336 0
2337 1
2338 0
2339 0
2340 0
2341 0
2342 1
2343 0
2344 2
2345 0
2346 0
2347 2
2348 0
2349 0
2350 0
2351 0
2352 0
2353 1
2354 2
2355 0
2356 2
2357 0
2358 0
2359 0
2360 1
2361 0
2362 1
2363 1
2364 0
2365 0
2366 0
2367 0
2368 0
2369 0
2370 0
2371 1
2372 1
2373 0
2374 0
2375 0
2376 0
2377 0
2378 1
2379 0
2380 0
2381 1
2382 0
2383 0
2384 1
2385 0
2386 0
2387 0
2388 0
2389 0
2390 1
2391 0
2392 0
2393 0
2394 0
2395 0
2396 0
2397 0
2398 1
2399 0
2400 0
2401 0
2402 0
2403 0
2404 0
2405 0
2406 0
2407 0
2408 0
2409 0
2410 0
2411 0
2412 0
2413 0
2414 0
2415 0
2416 0
2417 0
2418 1
2419 0
2420 0
2421 0
2422 0
2423 1
2424 0
2425 0
2426 1
2427 0
2428 0
2429 0
2430 0
2431 0
2432 0
2433 0
2434 0
2435 0
2436 0
2437 1
2438 0
2439 0
2440 0
2441 0
2442 1
2443 0
2444 0
2445 0
2446 0
2447 1
2448 0
2449 0
2450 0
2451 0
2452 0
2453 0
2454 0
2455 0
2456 0
2457 0
2458 1
2459 0
2460 0
2461 0
2462 0
2463 0
2464 0
2465 0
2466 0
2467 0
2468 0
2469 0
2470 0
2471 0
2472 0
2473 0
2474 0
2475 1
2476 0
2477 0
2478 0
2479 0
2480 0
2481 1
2482 0
2483 0
2484 0
2485 0
2486 0
2487 0
2488 0
2489 0
2490 0
2491 1
2492 0
2493 0
2494 0
2495 0
2496 0
2497 0
2498 0
2499 0
2500 0
2501 0
2502 0
2503 0
2504 0
2505 0
2506 0
2507 1
2508 0
2509 0
2510 0
2511 0
2512 0
2513 0
2514 0
2515 0
2516 0
2517 0
2518 0
2519 1
2520 0
2521 0
2522 0
2523 0
2524 0
2525 0
2526 0
2527 0
2528 0
2529 0
2530 0
2531 0
2532 0
2533 0
2534 0
2535 0
2536 0
2537 0
2538 0
2539 0
2540 0
2541 0
2542 0
2543 0
2544 0
2545 0
2546 0
2547 0
2548 0
2549 0
2550 0
2551 0
2552 0
2553 0
2554 0
2555 0
2556 0
2557 0
2558 0
2559 0
2560 0
2561 0
2562 1
2563 0
2564 0
2565 0
2566 0
2567 0
2568 0
2569 0
2570 0
2571 0
2572 0
2573 0
2574 0
2575 0
2576 0
2577 0
2578 0
2579 0
2580 0
2581 0
2582 0
2583 0
2584 0
2585 0
2586 0
2587 0
2588 0
2589 0
2590 0
2591 0
2592 0
2593 0
2594 0
2595 0
2596 0
2597 0
2598 0
2599 0
2600 0
2601 0
2602 0
2603 0
2604 1
2605 0
2606 0
2607 0
2608 0
2609 0
2610 0
2611 0
2612 0
2613 0
2614 0
2615 0
2616 0
2617 0
2618 0
2619 1
2620 0
2621 0
2622 0
2623 0
2624 0
2625 0
2626 0
2627 0
2628 0
2629 0
2630 0
2631 0
2632 0
2633 1
2634 0
2635 0
2636 0
2637 0
2638 0
2639 0
2640 0
2641 0
2642 0
2643 0
2644 0
2645 0
2646 0
2647 0
2648 0
2649 0
2650 0
2651 0
2652 0
2653 0
2654 0
2655 0
2656 1
2657 0
2658 0
2659 0
2660 0
2661 0
2662 0
2663 0
2664 0
2665 0
2666 0
2667 0
2668 0
2669 0
2670 0
2671 0
2672 1
2673 1
2674 0
2675 0
2676 0
2677 1
2678 0
2679 0
2680 0
2681 0
2682 0
2683 0
2684 0
2685 0
2686 0
2687 0
2688 1
2689 0
2690 0
2691 0
2692 0
2693 0
2694 0
2695 0
2696 0
2697 0
2698 0
2699 0
2700 0
2701 0
2702 0
2703 0
2704 0
2705 0
2706 0
2707 0
2708 0
2709 0
2710 0
2711 0
2712 0
2713 0
2714 0
2715 0
2716 0
2717 0
2718 0
2719 0
2720 0
2721 0
2722 0
2723 0
2724 0
2725 0
2726 0
2727 0
2728 1
2729 0
2730 0
2731 0
2732 1
2733 0
2734 0
2735 0
2736 0
2737 0
2738 0
2739 0
2740 0
2741 0
2742 0
2743 0
2744 0
2745 0
2746 0
2747 0
2748 0
2749 0
2750 0
2751 0
2752 0
2753 0
2754 0
2755 0
2756 0
2757 0
2758 0
2759 0
2760 0
2761 0
2762 0
2763 0
2764 0
2765 0
2766 0
2767 0
2768 0
2769 0
2770 0
2771 0
2772 0
2773 0
2774 0
2775 0
2776 0
2777 0
2778 0
2779 0
2780 0
2781 0
2782 0
2783 0
2784 0
2785 0
2786 0
2787 0
2788 0
2789 0
2790 0
2791 0
2792 0
2793 0
2794 0
2795 0
2796 0
2797 0
2798 0
2799 0
2800 0
2801 0
2802 0
2803 0
2804 0
2805 0
2806 0
2807 0
2808 0
2809 0
2810 0
2811 0
2812 0
2813 0
2814 0
2815 0
2816 0
2817 0
2818 0
2819 0
2820 0
2821 0
2822 1
2823 0
2824 0
2825 0
2826 0
2827 0
2828 0
2829 0
2830 0
2831 0
2832 0
2833 0
2834 0
2835 0
2836 0
2837 0
2838 0
2839 0
2840 0
2841 0
2842 0
2843 1
2844 0
2845 0
2846 0
2847 0
2848 0
2849 0
2850 0
2851 0
2852 0
2853 0
2854 0
2855 0
2856 0
2857 0
2858 0
2859 0
2860 0
2861 0
2862 0
2863 0
2864 0
2865 0
2866 0
2867 0
2868 0
2869 0
2870 0
2871 0
2872 0
2873 0
2874 0
2875 0
2876 0
2877 0
2878 0
2879 0
2880 0
2881 0
2882 0
2883 0
2884 0
2885 0
2886 0
2887 0
2888 0
2889 0
2890 0
2891 0
2892 0
2893 0
2894 0
2895 0
2896 0
2897 0
2898 0
2899 0
2900 0
2901 0
2902 1
2903 0
2904 0
2905 0
2906 0
2907 0
2908 0
2909 0
2910 0
2911 0
2912 1
2913 0
2914 0
2915 0
2916 0
2917 0
2918 0
2919 0
2920 0
2921 0
2922 0
2923 0
2924 0
2925 0
2926 0
2927 0
2928 0
2929 0
2930 0
2931 0
2932 0
2933 0
2934 0
2935 0
2936 0
2937 0
2938 0
2939 0
2940 0
2941 0
2942 0
2943 0
2944 0
2945 0
2946 0
2947 0
2948 0
2949 0
2950 0
2951 0
2952 0
2953 0
2954 0
2955 0
2956 0
2957 0
2958 0
2959 0
2960 0
2961 0
2962 0
2963 0
2964 0
2965 0
2966 0
2967 0
2968 0
2969 0
2970 0
2971 0
2972 0
2973 0
2974 0
2975 0
2976 0
2977 0
2978 0
2979 0
2980 0
2981 0
2982 0
2983 0
2984 0
2985 0
2986 0
2987 0
2988 0
2989 0
2990 0
2991 0
2992 0
2993 0
2994 0
2995 0
2996 0
2997 0
2998 0
2999 0
3000 0
3001 0
3002 0
3003 0
3004 0
3005 0
3006 0
3007 0
3008 0
3009 0
3010 0
3011 0
3012 0
3013 0
3014 0
3015 0
3016 0
3017 0
3018 0
3019 0
3020 0
3021 0
3022 0
3023 0
3024 0
3025 0
3026 0
3027 0
3028 0
3029 0
3030 0
3031 0
3032 0
3033 0
3034 0
3035 0
3036 0
3037 0
3038 0
3039 0
3040 0
3041 0
3042 0
3043 0
3044 0
3045 0
3046 0
3047 0
3048 0
3049 0
3050 0
3051 0
3052 0
3053 0
3054 0
3055 0
3056 0
3057 0
3058 0
3059 0
3060 0
3061 0
3062 0
3063 0
3064 0
3065 0
3066 0
3067 0
3068 0
3069 0
3070 0
3071 0
3072 0
3073 0
3074 0
3075 0
3076 0
3077 0
3078 0
3079 0
3080 0
3081 0
3082 0
3083 0
3084 0
3085 0
3086 0
3087 0
3088 0
3089 0
3090 0
3091 0
3092 0
3093 0
3094 0
3095 0
3096 0
3097 0
3098 0
3099 0
3100 0
3101 0
3102 0
3103 0
3104 0
3105 0
3106 0
3107 0
3108 0
3109 0
3110 0
3111 0
3112 0
3113 0
3114 0
3115 0
3116 0
3117 0
3118 0
3119 1
3120 0
3121 0
3122 0
3123 0
3124 0
3125 0
3126 0
3127 0
3128 0
3129 0
3130 0
3131 0
3132 0
3133 0
3134 0
3135 0
3136 0
3137 0
3138 0
3139 0
3140 0
3141 0
3142 0
3143 0
3144 0
3145 0
3146 0
3147 0
3148 0
3149 0
3150 0
3151 0
3152 0
3153 0
3154 0
3155 0
3156 1
3157 0
3158 0
3159 0
3160 0
3161 0
3162 0
3163 0
3164 0
3165 0
3166 0
3167 0
3168 0
3169 0
3170 0
3171 0
3172 0
3173 0
3174 0
3175 0
3176 0
3177 0
3178 0
3179 0
3180 0
3181 0
3182 0
3183 0
3184 0
3185 0
3186 0
3187 0
3188 0
3189 0
3190 0
3191 0
3192 0
3193 0
3194 0
3195 0
3196 0
3197 0
3198 0
3199 0
3200 0
3201 0
3202 0
3203 0
3204 0
3205 0
3206 0
3207 0
3208 0
3209 0
3210 0
3211 0
3212 0
3213 0
3214 0
3215 0
3216 0
3217 0
3218 0
3219 0
3220 0
3221 0
3222 0
3223 0
3224 0
3225 0
3226 0
3227 0
3228 0
3229 0
3230 0
3231 0
3232 0
3233 0
3234 0
3235 0
3236 0
3237 0
3238 0
3239 0
3240 0
3241 0
3242 0
3243 0
3244 0
3245 0
3246 0
3247 0
3248 0
3249 0
3250 0
3251 0
3252 0
3253 0
3254 0
3255 0
3256 0
3257 0
3258 0
3259 0
3260 0
3261 0
3262 0
3263 0
3264 0
3265 0
3266 0
3267 0
3268 0
3269 0
3270 0
3271 0
3272 0
3273 0
3274 0
3275 0
3276 0
3277 0
3278 0
3279 0
3280 0
3281 0
3282 0
3283 0
3284 0
3285 0
3286 0
3287 0
3288 0
3289 0
3290 0
3291 0
3292 0
3293 0
3294 0
3295 0
3296 0
3297 0
3298 0
3299 0
3300 0
3301 0
3302 0
3303 0
3304 0
3305 0
3306 0
3307 0
3308 0
3309 0
3310 0
3311 0
3312 0
3313 0
3314 0
3315 0
3316 0
3317 0
3318 0
3319 0
3320 0
3321 0
3322 0
3323 0
3324 0
3325 0
3326 0
3327 0
3328 0
3329 0
3330 0
3331 0
3332 0
3333 0
3334 0
3335 0
3336 0
3337 0
3338 0
3339 0
3340 0
3341 0
3342 0
3343 0
3344 0
3345 0
3346 0
3347 0
3348 0
3349 0
3350 0
3351 0
3352 0
3353 0
3354 0
3355 0
3356 0
3357 0
3358 0
3359 0
3360 0
3361 0
3362 0
3363 0
3364 0
3365 0
3366 0
3367 0
3368 0
3369 0
3370 0
3371 0
3372 0
3373 0
3374 0
3375 0
3376 0
3377 0
3378 0
3379 0
3380 0
3381 0
3382 0
3383 0
3384 0
3385 0
3386 0
3387 0
3388 0
3389 0
3390 0
3391 0
3392 0
3393 0
3394 0
3395 0
3396 0
3397 0
3398 0
3399 0
3400 0
3401 0
3402 0
3403 0
3404 0
3405 0
3406 0
3407 0
3408 0
3409 0
3410 0
3411 0
3412 0
3413 0
3414 0
3415 0
3416 0
3417 0
3418 0
3419 0
3420 0
3421 0
3422 0
3423 0
3424 0
3425 0
3426 0
3427 0
3428 0
3429 0
3430 0
3431 0
3432 0
3433 0
3434 0
3435 0
3436 0
3437 0
3438 0
3439 0
3440 0
3441 0
3442 0
3443 0
3444 0
3445 0
3446 0
3447 0
3448 0
3449 0
3450 0
3451 0
3452 0
3453 0
3454 0
3455 0
3456 0
3457 0
3458 0
3459 0
3460 0
3461 0
3462 0
3463 0
3464 0
3465 0
3466 0
3467 0
3468 0
3469 0
3470 0
3471 0
3472 0
3473 0
3474 0
3475 0
3476 0
3477 0
3478 0
3479 0
3480 0
3481 0
3482 0
3483 0
3484 0
3485 0
3486 0
3487 0
3488 0
3489 0
3490 0
3491 0
3492 0
3493 0
3494 0
3495 0
3496 0
3497 0
3498 0
3499 0
3500 0
3501 0
3502 0
3503 0
3504 0
3505 0
3506 0
3507 0
3508 0
3509 0
3510 0
3511 0
3512 0
3513 0
3514 0
3515 0
3516 0
3517 0
3518 0
3519 0
3520 0
3521 0
3522 0
3523 0
3524 0
3525 0
3526 0
3527 0
3528 0
3529 0
3530 1
3531 0
3532 0
3533 0
3534 0
3535 0
3536 0
3537 0
3538 0
3539 0
3540 0
3541 0
3542 0
3543 0
3544 0
3545 0
3546 0
3547 0
3548 0
3549 0
3550 0
3551 0
3552 0
3553 0
3554 0
3555 0
3556 0
3557 0
3558 0
3559 0
3560 0
3561 0
3562 0
3563 0
3564 0
3565 0
3566 0
3567 0
3568 0
3569 0
3570 0
3571 0
3572 0
3573 0
3574 0
3575 0
3576 0
3577 0
3578 0
3579 0
3580 0
3581 0
3582 0
3583 0
3584 0
3585 0
3586 0
3587 0
3588 0
3589 0
3590 0
3591 0
3592 0
3593 0
3594 0
3595 0
3596 0
3597 0
3598 0
3599 0
3600 0
3601 0
3602 0
3603 0
3604 0
3605 0
3606 0
3607 0
3608 0
3609 0
3610 0
3611 0
3612 0
3613 0
3614 0
3615 0
3616 0
3617 0
3618 0
3619 0
3620 0
3621 0
3622 0
3623 0
3624 0
3625 0
3626 0
3627 0
3628 0
3629 0
3630 0
3631 0
3632 0
3633 0
3634 0
3635 0
3636 0
3637 0
3638 0
3639 0
3640 0
3641 0
3642 0
3643 0
3644 0
3645 0
3646 0
3647 0
3648 0
3649 0
3650 0
3651 0
3652 0
3653 0
3654 0
3655 1
3656 0
3657 0
3658 0
3659 0
3660 0
3661 0
3662 0
3663 0
3664 0
3665 0
3666 0
3667 0
3668 0
3669 0
3670 0
3671 0
3672 0
3673 0
3674 0
3675 0
3676 0
3677 0
3678 0
3679 0
3680 0
3681 0
3682 0
3683 0
3684 0
3685 0
3686 0
3687 0
3688 0
3689 0
3690 0
3691 0
3692 0
3693 0
3694 0
3695 0
3696 0
3697 0
3698 0
3699 0
3700 0
3701 0
3702 0
3703 0
3704 0
3705 0
3706 0
3707 0
3708 0
3709 0
3710 0
3711 0
3712 0
3713 0
3714 0
3715 0
3716 0
3717 0
3718 0
3719 0
3720 0
3721 0
3722 0
3723 0
3724 0
3725 0
3726 0
3727 0
3728 0
3729 0
3730 0
3731 0
3732 0
3733 0
3734 0
3735 0
3736 0
3737 0
3738 0
3739 0
3740 0
3741 0
3742 0
3743 0
3744 0
3745 0
3746 0
3747 0
3748 0
3749 0
3750 0
3751 0
3752 0
3753 0
3754 0
3755 0
3756 0
3757 0
3758 0
3759 0
3760 0
3761 0
3762 1
3763 0
3764 0
3765 0
3766 0
3767 0
3768 0
3769 0
3770 0
3771 0
3772 0
3773 0
3774 0
3775 0
3776 0
3777 0
3778 0
3779 0
3780 0
3781 0
3782 1
3783 0
3784 0
3785 0
3786 0
3787 0
3788 0
3789 0
3790 0
3791 0
3792 0
3793 0
3794 0
3795 0
3796 0
3797 0
3798 0
3799 0
3800 0
3801 0
3802 0
3803 0
3804 0
3805 0
3806 0
3807 0
3808 0
3809 0
3810 0
3811 0
3812 0
3813 0
3814 0
3815 0
3816 0
3817 0
3818 0
3819 0
3820 0
3821 0
3822 0
3823 0
3824 0
3825 0
3826 0
3827 0
3828 0
3829 0
3830 0
3831 0
3832 0
3833 0
3834 0
3835 0
3836 0
3837 0
3838 0
3839 0
3840 0
3841 0
3842 0
3843 0
3844 0
3845 0
3846 0
3847 0
3848 0
3849 0
3850 0
3851 0
3852 0
3853 0
3854 0
3855 0
3856 0
3857 0
3858 0
3859 0
3860 0
3861 0
3862 0
3863 0
3864 0
3865 0
3866 0
3867 0
3868 0
3869 0
3870 0
3871 0
3872 0
3873 0
3874 1
3875 0
3876 0
3877 0
3878 0
3879 0
3880 0
3881 0
3882 0
3883 0
3884 0
3885 0
3886 0
3887 0
3888 0
3889 0
3890 0
3891 0
3892 0
3893 0
3894 0
3895 0
3896 0
3897 0
3898 0
3899 0
3900 0
3901 0
3902 0
3903 0
3904 0
3905 0
3906 0
3907 0
3908 0
3909 0
3910 0
3911 0
3912 0
3913 0
3914 0
3915 0
3916 0
3917 0
3918 0
3919 0
3920 0
3921 0
3922 0
3923 0
3924 0
3925 0
3926 0
3927 0
3928 0
3929 0
3930 0
3931 0
3932 0
3933 0
3934 0
3935 1
3936 0
3937 0
3938 0
3939 0
3940 0
3941 0
3942 0
3943 0
3944 0
3945 0
3946 0
3947 0
3948 0
3949 0
3950 0
3951 0
3952 0
3953 0
3954 0
3955 0
3956 0
3957 0
3958 0
3959 0
3960 0
3961 0
3962 0
3963 0
3964 0
3965 0
3966 0
3967 0
3968 0
3969 0
3970 0
3971 0
3972 0
3973 0
3974 0
3975 0
3976 0
3977 0
3978 0
3979 0
3980 0
3981 0
3982 0
3983 0
3984 0
3985 0
3986 0
3987 0
3988 0
3989 0
3990 0
3991 0
3992 0
3993 0
3994 0
3995 0
3996 0
3997 0
3998 0
3999 0
4000 0
