0 0
1 0
2 0
3 0
4 0
5 0
6 0
7 0
8 0
9 0
10 0
11 0
12 0
13 0
14 0
15 0
16 0
17 0
18 0
19 0
20 0
21 0
22 0
23 0
24 0
25 0
26 0
27 0
28 0
29 0
30 0
31 0
32 0
33 0
34 0
35 0
36 0
37 0
38 0
39 0
40 0
41 0
42 0
43 0
44 0
45 0
46 0
47 0
48 0
49 0
50 0
51 0
52 0
53 0
54 0
55 0
56 0
57 0
58 0
59 0
60 0
61 0
62 0
63 0
64 0
65 0
66 0
67 0
68 0
69 0
70 0
71 0
72 0
73 0
74 0
75 0
76 0
77 0
78 0
79 0
80 0
81 0
82 0
83 0
84 0
85 0
86 0
87 0
88 0
89 0
90 0
91 0
92 0
93 0
94 0
95 0
96 0
97 0
98 0
99 0
100 0
101 0
102 0
103 0
104 0
105 0
106 0
107 0
108 0
109 0
110 0
111 0
112 0
113 0
114 0
115 0
116 0
117 0
118 0
119 0
120 0
121 0
122 0
123 0
124 0
125 0
126 0
127 0
128 0
129 0
130 0
131 0
132 0
133 0
134 0
135 0
136 0
137 0
138 0
139 0
140 0
141 0
142 0
143 0
144 0
145 0
146 0
147 0
148 1
149 0
150 0
151 0
152 0
153 1
154 3
155 2
156 2
157 5
158 3
159 2
160 4
161 1
162 4
163 2
164 3
165 6
166 4
167 3
168 3
169 4
170 4
171 3
172 2
173 4
174 3
175 3
176 15
177 30
178 42
179 37
180 52
181 82
182 97
183 95
184 124
185 176
186 315
187 514
188 797
189 1121
190 1410
191 1582
192 1687
193 1762
194 1668
195 1587
196 1508
197 1332
198 1214
199 1165
200 1023
201 951
202 946
203 801
204 800
205 745
206 723
207 698
208 653
209 619
210 596
211 628
212 603
213 601
214 549
215 623
216 613
217 642
218 578
219 643
220 631
221 601
222 581
223 644
224 688
225 613
226 618
227 614
228 635
229 686
230 621
231 675
232 757
233 670
234 707
235 710
236 753
237 702
238 717
239 715
240 719
241 721
242 724
243 747
244 725
245 802
246 785
247 837
248 822
249 806
250 772
251 773
252 810
253 821
254 819
255 828
256 851
257 845
258 839
259 813
260 850
261 872
262 852
263 828
264 785
265 888
266 909
267 867
268 842
269 895
270 873
271 888
272 884
273 874
274 920
275 867
276 926
277 933
278 913
279 938
280 905
281 989
282 934
283 946
284 914
285 962
286 986
287 979
288 990
289 976
290 949
291 938
292 1013
293 954
294 973
295 1025
296 1045
297 1064
298 971
299 1007
300 1053
301 1105
302 1039
303 1017
304 1085
305 1089
306 1138
307 1025
308 1077
309 1087
310 1083
311 1125
312 1078
313 1124
314 1130
315 1137
316 1124
317 1123
318 1120
319 1106
320 1132
321 1127
322 1136
323 1211
324 1148
325 1196
326 1193
327 1195
328 1133
329 1190
330 1199
331 1183
332 1239
333 1213
334 1232
335 1143
336 1204
337 1166
338 1219
339 1291
340 1221
341 1259
342 1266
343 1244
344 1170
345 1224
346 1222
347 1177
348 1251
349 1284
350 1222
351 1238
352 1178
353 1306
354 1268
355 1262
356 1245
357 1292
358 1264
359 1297
360 1355
361 1266
362 1339
363 1320
364 1345
365 1355
366 1254
367 1319
368 1294
369 1306
370 1242
371 1277
372 1311
373 1361
374 1289
375 1302
376 1362
377 1322
378 1340
379 1248
380 1373
381 1275
382 1313
383 1364
384 1252
385 1307
386 1280
387 1312
388 1318
389 1249
390 1261
391 1379
392 1244
393 1298
394 1296
395 1330
396 1250
397 1288
398 1299
399 1272
400 1286
401 1320
402 1280
403 1264
404 1266
405 1352
406 1300
407 1283
408 1311
409 1266
410 1205
411 1267
412 1312
413 1315
414 1266
415 1214
416 1240
417 1370
418 1231
419 1319
420 1217
421 1230
422 1232
423 1266
424 1233
425 1265
426 1206
427 1275
428 1154
429 1165
430 1244
431 1127
432 1161
433 1220
434 1163
435 1157
436 1136
437 1154
438 1155
439 1104
440 1060
441 1136
442 1136
443 1126
444 1131
445 1189
446 1127
447 1152
448 1093
449 1075
450 1022
451 1135
452 1152
453 993
454 1051
455 1121
456 1132
457 998
458 1060
459 1064
460 1013
461 1011
462 1031
463 1050
464 1020
465 1039
466 976
467 1023
468 977
469 995
470 941
471 1023
472 993
473 942
474 948
475 1022
476 988
477 930
478 929
479 1017
480 938
481 914
482 867
483 889
484 902
485 933
486 934
487 840
488 921
489 871
490 855
491 872
492 848
493 903
494 839
495 890
496 867
497 853
498 816
499 803
500 824
501 762
502 808
503 745
504 740
505 766
506 761
507 764
508 699
509 688
510 697
511 755
512 743
513 722
514 741
515 704
516 716
517 758
518 712
519 683
520 683
521 661
522 630
523 645
524 627
525 626
526 689
527 672
528 667
529 620
530 635
531 627
532 587
533 608
534 606
535 584
536 615
537 556
538 585
539 598
540 585
541 555
542 575
543 535
544 543
545 546
546 525
547 529
548 539
549 508
550 520
551 527
552 503
553 475
554 519
555 496
556 492
557 497
558 465
559 498
560 475
561 457
562 492
563 469
564 461
565 421
566 438
567 474
568 418
569 447
570 435
571 461
572 388
573 414
574 382
575 403
576 425
577 401
578 430
579 395
580 415
581 353
582 367
583 419
584 392
585 380
586 372
587 367
588 347
589 399
590 355
591 359
592 410
593 353
594 372
595 357
596 349
597 340
598 315
599 361
600 331
601 331
602 307
603 336
604 337
605 328
606 276
607 363
608 294
609 309
610 301
611 322
612 318
613 307
614 312
615 307
616 275
617 312
618 277
619 272
620 279
621 269
622 301
623 291
624 285
625 274
626 234
627 286
628 243
629 258
630 284
631 288
632 274
633 255
634 244
635 230
636 283
637 268
638 251
639 239
640 268
641 248
642 277
643 252
644 251
645 253
646 242
647 240
648 252
649 258
650 249
651 265
652 226
653 263
654 228
655 252
656 240
657 210
658 227
659 238
660 234
661 208
662 224
663 210
664 203
665 196
666 223
667 220
668 207
669 214
670 245
671 210
672 190
673 193
674 233
675 194
676 199
677 188
678 216
679 218
680 199
681 180
682 207
683 205
684 207
685 209
686 220
687 210
688 201
689 197
690 186
691 215
692 178
693 202
694 198
695 182
696 194
697 189
698 178
699 194
700 187
701 197
702 189
703 175
704 181
705 194
706 217
707 175
708 159
709 206
710 160
711 187
712 179
713 185
714 157
715 177
716 180
717 173
718 177
719 171
720 171
721 196
722 151
723 186
724 184
725 174
726 185
727 177
728 157
729 149
730 177
731 193
732 176
733 160
734 161
735 172
736 166
737 180
738 145
739 189
740 179
741 166
742 148
743 183
744 152
745 173
746 166
747 177
748 189
749 157
750 183
751 190
752 158
753 174
754 171
755 140
756 155
757 172
758 173
759 158
760 154
761 165
762 170
763 140
764 163
765 157
766 150
767 174
768 152
769 143
770 165
771 167
772 162
773 161
774 164
775 165
776 149
777 163
778 171
779 161
780 172
781 141
782 151
783 173
784 164
785 163
786 138
787 139
788 136
789 150
790 155
791 149
792 129
793 147
794 139
795 158
796 149
797 128
798 125
799 138
800 133
801 157
802 160
803 140
804 143
805 145
806 156
807 150
808 148
809 181
810 162
811 165
812 153
813 145
814 139
815 143
816 159
817 146
818 167
819 138
820 135
821 146
822 159
823 152
824 144
825 154
826 163
827 135
828 152
829 145
830 164
831 140
832 129
833 145
834 137
835 143
836 134
837 155
838 137
839 147
840 130
841 146
842 147
843 120
844 145
845 123
846 147
847 150
848 132
849 147
850 130
851 140
852 135
853 113
854 134
855 130
856 142
857 162
858 117
859 107
860 134
861 157
862 128
863 144
864 139
865 122
866 145
867 107
868 131
869 148
870 130
871 120
872 118
873 127
874 129
875 113
876 132
877 112
878 121
879 126
880 114
881 112
882 147
883 124
884 135
885 121
886 114
887 144
888 137
889 127
890 123
891 132
892 119
893 125
894 127
895 109
896 115
897 137
898 148
899 127
900 136
901 119
902 137
903 101
904 120
905 130
906 128
907 112
908 95
909 104
910 122
911 123
912 96
913 126
914 117
915 111
916 136
917 127
918 120
919 104
920 128
921 119
922 129
923 127
924 109
925 103
926 94
927 126
928 136
929 112
930 105
931 109
932 117
933 110
934 110
935 112
936 102
937 117
938 105
939 108
940 111
941 131
942 93
943 100
944 128
945 101
946 103
947 93
948 105
949 98
950 106
951 104
952 105
953 110
954 114
955 98
956 89
957 125
958 91
959 97
960 104
961 108
962 100
963 96
964 102
965 105
966 97
967 100
968 90
969 104
970 105
971 103
972 93
973 92
974 94
975 88
976 98
977 92
978 99
979 95
980 94
981 99
982 89
983 106
984 99
985 119
986 88
987 73
988 80
989 97
990 89
991 94
992 92
993 106
994 73
995 112
996 103
997 91
998 78
999 100
1000 88
1001 104
1002 89
1003 106
1004 82
1005 74
1006 70
1007 87
1008 81
1009 89
1010 80
1011 100
1012 79
1013 93
1014 80
1015 72
1016 74
1017 85
1018 84
1019 87
1020 88
1021 88
1022 65
1023 80
1024 79
1025 79
1026 75
1027 70
1028 81
1029 82
1030 74
1031 77
1032 69
1033 78
1034 68
1035 58
1036 67
1037 87
1038 69
1039 68
1040 54
1041 86
1042 62
1043 75
1044 64
1045 73
1046 74
1047 62
1048 69
1049 69
1050 58
1051 63
1052 63
1053 62
1054 87
1055 54
1056 73
1057 57
1058 73
1059 62
1060 51
1061 76
1062 60
1063 62
1064 80
1065 64
1066 69
1067 67
1068 81
1069 52
1070 55
1071 44
1072 68
1073 73
1074 70
1075 57
1076 55
1077 60
1078 40
1079 57
1080 58
1081 54
1082 54
1083 63
1084 72
1085 51
1086 57
1087 63
1088 57
1089 57
1090 53
1091 52
1092 57
1093 49
1094 43
1095 58
1096 49
1097 61
1098 71
1099 61
1100 48
1101 58
1102 46
1103 54
1104 54
1105 51
1106 49
1107 42
1108 53
1109 50
1110 46
1111 58
1112 52
1113 35
1114 57
1115 42
1116 48
1117 45
1118 45
1119 52
1120 39
1121 42
1122 48
1123 55
1124 48
1125 29
1126 48
1127 35
1128 46
1129 39
1130 49
1131 48
1132 48
1133 54
1134 41
1135 46
1136 44
1137 36
1138 48
1139 39
1140 43
1141 40
1142 44
1143 38
1144 39
1145 54
1146 38
1147 52
1148 30
1149 41
1150 51
1151 46
1152 37
1153 57
1154 41
1155 56
1156 49
1157 53
1158 38
1159 36
1160 41
1161 37
1162 36
1163 31
1164 27
1165 40
1166 38
1167 44
1168 31
1169 50
1170 42
1171 36
1172 39
1173 42
1174 32
1175 33
1176 47
1177 40
1178 30
1179 29
1180 36
1181 31
1182 35
1183 52
1184 35
1185 32
1186 35
1187 36
1188 25
1189 25
1190 34
1191 37
1192 30
1193 37
1194 25
1195 34
1196 26
1197 30
1198 35
1199 24
1200 36
1201 30
1202 30
1203 20
1204 30
1205 33
1206 26
1207 38
1208 16
1209 33
1210 27
1211 27
1212 38
1213 28
1214 38
1215 25
1216 31
1217 30
1218 27
1219 25
1220 32
1221 28
1222 32
1223 23
1224 27
1225 25
1226 22
1227 22
1228 24
1229 25
1230 22
1231 35
1232 19
1233 21
1234 22
1235 24
1236 25
1237 17
1238 23
1239 27
1240 34
1241 22
1242 18
1243 14
1244 22
1245 27
1246 17
1247 22
1248 19
1249 29
1250 25
1251 19
1252 25
1253 33
1254 18
1255 26
1256 16
1257 28
1258 22
1259 21
1260 21
1261 26
1262 19
1263 17
1264 19
1265 25
1266 20
1267 21
1268 20
1269 25
1270 15
1271 18
1272 14
1273 23
1274 18
1275 19
1276 18
1277 22
1278 25
1279 17
1280 19
1281 16
1282 20
1283 16
1284 16
1285 13
1286 14
1287 18
1288 20
1289 14
1290 13
1291 20
1292 11
1293 10
1294 21
1295 23
1296 13
1297 20
1298 15
1299 14
1300 16
1301 14
1302 14
1303 15
1304 19
1305 21
1306 12
1307 19
1308 19
1309 17
1310 15
1311 20
1312 10
1313 20
1314 18
1315 18
1316 16
1317 18
1318 14
1319 15
1320 18
1321 13
1322 13
1323 11
1324 18
1325 20
1326 9
1327 13
1328 20
1329 12
1330 12
1331 7
1332 12
1333 22
1334 20
1335 12
1336 17
1337 8
1338 14
1339 15
1340 16
1341 17
1342 25
1343 12
1344 20
1345 11
1346 11
1347 18
1348 18
1349 18
1350 9
1351 12
1352 17
1353 7
1354 12
1355 15
1356 11
1357 12
1358 13
1359 14
1360 9
1361 14
1362 12
1363 14
1364 15
1365 9
1366 9
1367 6
1368 7
1369 6
1370 11
1371 11
1372 9
1373 10
1374 12
1375 9
1376 10
1377 11
1378 10
1379 11
1380 6
1381 8
1382 10
1383 12
1384 11
1385 14
1386 11
1387 10
1388 9
1389 12
1390 10
1391 11
1392 16
1393 14
1394 8
1395 7
1396 5
1397 6
1398 8
1399 8
1400 11
1401 9
1402 8
1403 9
1404 9
1405 8
1406 3
1407 3
1408 8
1409 3
1410 7
1411 4
1412 7
1413 12
1414 4
1415 8
1416 7
1417 3
1418 8
1419 7
1420 5
1421 6
1422 10
1423 8
1424 10
1425 6
1426 11
1427 7
1428 6
1429 9
1430 10
1431 8
1432 3
1433 5
1434 3
1435 9
1436 6
1437 4
1438 13
1439 4
1440 10
1441 9
1442 7
1443 5
1444 11
1445 4
1446 5
1447 5
1448 5
1449 6
1450 7
1451 6
1452 10
1453 8
1454 8
1455 9
1456 6
1457 8
1458 4
1459 6
1460 5
1461 3
1462 6
1463 5
1464 4
1465 4
1466 9
1467 8
1468 8
1469 6
1470 8
1471 7
1472 10
1473 9
1474 3
1475 8
1476 5
1477 5
1478 5
1479 5
1480 5
1481 9
1482 9
1483 6
1484 7
1485 7
1486 10
1487 6
1488 6
1489 3
1490 1
1491 2
1492 4
1493 8
1494 6
1495 4
1496 7
1497 1
1498 6
1499 9
1500 5
1501 6
1502 4
1503 4
1504 8
1505 5
1506 9
1507 1
1508 4
1509 4
1510 5
1511 7
1512 6
1513 3
1514 7
1515 5
1516 4
1517 5
1518 3
1519 5
1520 6
1521 5
1522 4
1523 5
1524 4
1525 8
1526 0
1527 4
1528 1
1529 6
1530 0
1531 4
1532 3
1533 4
1534 5
1535 1
1536 4
1537 1
1538 5
1539 4
1540 2
1541 7
1542 3
1543 5
1544 0
1545 5
1546 1
1547 4
1548 2
1549 2
1550 5
1551 4
1552 6
1553 5
1554 3
1555 4
1556 3
1557 2
1558 2
1559 1
1560 2
1561 3
1562 3
1563 3
1564 3
1565 4
1566 3
1567 4
1568 1
1569 3
1570 2
1571 6
1572 5
1573 3
1574 4
1575 1
1576 0
1577 5
1578 2
1579 4
1580 0
1581 4
1582 8
1583 3
1584 3
1585 4
1586 4
1587 2
1588 5
1589 2
1590 4
1591 3
1592 4
1593 5
1594 7
1595 2
1596 3
1597 5
1598 5
1599 0
1600 1
1601 2
1602 1
1603 9
1604 1
1605 1
1606 2
1607 4
1608 3
1609 1
1610 3
1611 2
1612 4
1613 6
1614 1
1615 2
1616 5
1617 4
1618 2
1619 0
1620 1
1621 2
1622 5
1623 1
1624 4
1625 4
1626 0
1627 3
1628 3
1629 2
1630 2
1631 4
1632 3
1633 2
1634 4
1635 1
1636 1
1637 0
1638 3
1639 3
1640 0
1641 2
1642 3
1643 1
1644 2
1645 4
1646 1
1647 2
1648 2
1649 1
1650 2
1651 2
1652 3
1653 2
1654 4
1655 2
1656 1
1657 1
1658 3
1659 5
1660 1
1661 1
1662 2
1663 0
1664 2
1665 1
1666 0
1667 3
1668 0
1669 0
1670 4
1671 3
1672 1
1673 3
1674 1
1675 3
1676 0
1677 4
1678 1
1679 1
1680 3
1681 3
1682 1
1683 1
1684 1
1685 1
1686 1
1687 0
1688 1
1689 0
1690 3
1691 1
1692 4
1693 2
1694 1
1695 1
1696 2
1697 1
1698 5
1699 1
1700 2
1701 2
1702 2
1703 1
1704 4
1705 2
1706 4
1707 1
1708 0
1709 2
1710 1
1711 2
1712 2
1713 1
1714 0
1715 1
1716 2
1717 1
1718 0
1719 0
1720 0
1721 1
1722 3
1723 1
1724 2
1725 1
1726 0
1727 1
1728 2
1729 1
1730 1
1731 0
1732 0
1733 1
1734 2
1735 2
1736 0
1737 2
1738 1
1739 0
1740 1
1741 0
1742 2
1743 0
1744 1
1745 1
1746 0
1747 1
1748 0
1749 1
1750 0
1751 0
1752 1
1753 2
1754 0
1755 1
1756 2
1757 1
1758 0
1759 3
1760 1
1761 0
1762 1
1763 0
1764 1
1765 1
1766 0
1767 0
1768 0
1769 0
1770 0
1771 0
1772 1
1773 0
1774 1
1775 1
1776 1
1777 4
1778 1
1779 1
1780 2
1781 0
1782 3
1783 2
1784 3
1785 0
1786 1
1787 0
1788 0
1789 1
1790 0
1791 2
1792 0
1793 1
1794 1
1795 0
1796 0
1797 0
1798 0
1799 1
1800 0
1801 2
1802 1
1803 1
1804 0
1805 0
1806 1
1807 1
1808 1
1809 0
1810 1
1811 0
1812 2
1813 0
1814 0
1815 2
1816 2
1817 0
1818 0
1819 2
1820 1
1821 1
1822 1
1823 2
1824 0
1825 1
1826 0
1827 2
1828 3
1829 0
1830 1
1831 2
1832 1
1833 2
1834 0
1835 2
1836 0
1837 0
1838 1
1839 0
1840 0
1841 1
1842 0
1843 2
1844 1
1845 1
1846 0
1847 0
1848 2
1849 1
1850 1
1851 1
1852 0
1853 0
1854 0
1855 0
1856 0
1857 1
1858 0
1859 0
1860 1
1861 0
1862 1
1863 0
1864 1
1865 1
1866 0
1867 2
1868 0
1869 2
1870 0
1871 1
1872 1
1873 0
1874 1
1875 0
1876 1
1877 1
1878 1
1879 1
1880 0
1881 0
1882 0
1883 2
1884 0
1885 0
1886 0
1887 2
1888 1
1889 2
1890 0
1891 0
1892 1
1893 0
1894 0
1895 2
1896 1
1897 0
1898 0
1899 0
1900 2
1901 0
1902 1
1903 1
1904 1
1905 1
1906 0
1907 2
1908 1
1909 0
1910 0
1911 1
1912 0
1913 0
1914 0
1915 1
1916 0
1917 0
1918 0
1919 0
1920 2
1921 1
1922 0
1923 0
1924 0
1925 0
1926 0
1927 0
1928 3
1929 0
1930 0
1931 0
1932 0
1933 0
1934 1
1935 0
1936 0
1937 1
1938 0
1939 0
1940 0
1941 1
1942 1
1943 0
1944 2
1945 0
1946 1
1947 1
1948 1
1949 1
1950 0
1951 2
1952 0
1953 1
1954 0
1955 0
1956 0
1957 0
1958 1
1959 0
1960 0
1961 1
1962 0
1963 0
1964 0
1965 0
1966 1
1967 1
1968 0
1969 0
1970 0
1971 0
1972 0
1973 0
1974 0
1975 1
1976 0
1977 2
1978 1
1979 0
1980 0
1981 0
1982 0
1983 1
1984 0
1985 0
1986 0
1987 0
1988 0
1989 2
1990 0
1991 1
1992 0
1993 0
1994 0
1995 0
1996 0
1997 1
1998 0
1999 0
2000 0
2001 0
2002 0
2003 0
2004 0
2005 1
2006 1
2007 0
2008 0
2009 1
2010 0
2011 0
2012 0
2013 0
2014 0
2015 0
2016 1
2017 1
2018 0
2019 0
2020 1
2021 1
2022 0
2023 0
2024 1
2025 1
2026 0
2027 0
2028 0
2029 0
2030 0
2031 0
2032 0
2033 0
2034 0
2035 0
2036 0
2037 0
2038 1
2039 1
2040 0
2041 0
2042 1
2043 0
2044 0
2045 0
2046 1
2047 0
2048 0
2049 0
2050 0
2051 0
2052 0
2053 0
2054 0
2055 0
2056 0
2057 0
2058 0
2059 0
2060 0
2061 1
2062 0
2063 0
2064 0
2065 0
2066 0
2067 0
2068 0
2069 0
2070 0
2071 0
2072 0
2073 0
2074 0
2075 0
2076 0
2077 0
2078 0
2079 0
2080 0
2081 0
2082 1
2083 0
2084 0
2085 1
2086 0
2087 0
2088 1
2089 0
2090 0
2091 0
2092 0
2093 0
2094 0
2095 0
2096 1
2097 0
2098 0
2099 0
2100 0
2101 0
2102 0
2103 0
2104 0
2105 0
2106 0
2107 0
2108 0
2109 0
2110 0
2111 0
2112 0
2113 0
2114 0
2115 0
2116 0
2117 0
2118 0
2119 0
2120 0
2121 1
2122 0
2123 0
2124 0
2125 0
2126 0
2127 1
2128 0
2129 0
2130 0
2131 1
2132 0
2133 0
2134 0
2135 0
2136 0
2137 0
2138 0
2139 1
2140 0
2141 0
2142 0
2143 1
2144 0
2145 0
2146 0
2147 0
2148 0
2149 0
2150 0
2151 0
2152 0
2153 0
2154 0
2155 0
2156 0
2157 0
2158 0
2159 0
2160 1
2161 0
2162 0
2163 0
2164 0
2165 0
2166 0
2167 0
2168 0
2169 0
2170 0
2171 0
2172 0
2173 0
2174 0
2175 0
2176 1
2177 0
2178 0
2179 0
2180 0
2181 0
2182 0
2183 1
2184 0
2185 0
2186 0
2187 0
2188 0
2189 0
2190 0
2191 0
2192 0
2193 0
2194 0
2195 0
2196 0
2197 0
2198 0
2199 0
2200 0
2201 0
2202 0
2203 0
2204 1
2205 0
2206 0
2207 0
2208 0
2209 0
2210 0
2211 0
2212 0
2213 0
2214 0
2215 0
2216 0
2217 0
2218 0
2219 0
2220 0
2221 0
2222 1
2223 1
2224 0
2225 0
2226 0
2227 0
2228 0
2229 0
2230 0
2231 0
2232 0
2233 0
2234 0
2235 0
2236 0
2237 0
2238 0
2239 0
2240 0
2241 0
2242 0
2243 0
2244 0
2245 0
2246 0
2247 0
2248 0
2249 0
2250 0
2251 0
2252 0
2253 0
2254 0
2255 0
2256 0
2257 0
2258 0
2259 0
2260 0
2261 0
2262 0
2263 0
2264 0
2265 0
2266 0
2267 0
2268 0
2269 0
2270 0
2271 0
2272 0
2273 0
2274 0
2275 0
2276 0
2277 0
2278 0
2279 0
2280 0
2281 0
2282 0
2283 0
2284 0
2285 0
2286 0
2287 0
2288 0
2289 0
2290 0
2291 0
2292 1
2293 0
2294 0
2295 0
2296 0
2297 0
2298 0
2299 0
2300 0
2301 0
2302 0
2303 0
2304 0
2305 0
2306 0
2307 0
2308 0
2309 0
2310 0
2311 0
2312 0
2313 0
2314 0
2315 0
2316 0
2317 0
2318 0
2319 0
2320 0
2321 0
2322 0
2323 0
2324 0
2325 0
2326 0
2327 0
2328 0
2329 0
2330 0
2331 0
2332 0
2333 0
2334 0
2335 0
2336 1
2337 0
2338 0
2339 0
2340 0
2341 0
2342 0
2343 0
2344 0
2345 1
2346 0
2347 0
2348 0
2349 0
2350 0
2351 0
2352 0
2353 0
2354 0
2355 0
2356 0
2357 0
2358 0
2359 0
2360 0
2361 0
2362 0
2363 0
2364 0
2365 0
2366 0
2367 0
2368 0
2369 0
2370 0
2371 0
2372 0
2373 0
2374 0
2375 0
2376 1
2377 0
2378 0
2379 0
2380 0
2381 0
2382 0
2383 0
2384 0
2385 0
2386 0
2387 0
2388 0
2389 0
2390 0
2391 0
2392 0
2393 0
2394 0
2395 0
2396 0
2397 1
2398 0
2399 0
2400 0
2401 0
2402 0
2403 0
2404 0
2405 0
2406 0
2407 0
2408 0
2409 0
2410 0
2411 0
2412 0
2413 0
2414 0
2415 0
2416 0
2417 0
2418 0
2419 0
2420 0
2421 0
2422 0
2423 0
2424 0
2425 1
2426 0
2427 0
2428 0
2429 0
2430 0
2431 0
2432 0
2433 0
2434 0
2435 0
2436 0
2437 0
2438 0
2439 0
2440 0
2441 0
2442 0
2443 0
2444 0
2445 0
2446 0
2447 0
2448 0
2449 0
2450 0
2451 0
2452 0
2453 0
2454 0
2455 0
2456 0
2457 0
2458 0
2459 0
2460 0
2461 0
2462 0
2463 0
2464 0
2465 0
2466 0
2467 0
2468 0
2469 0
2470 0
2471 0
2472 0
2473 0
2474 0
2475 0
2476 0
2477 0
2478 0
2479 0
2480 0
2481 0
2482 0
2483 0
2484 0
2485 0
2486 0
2487 0
2488 0
2489 0
2490 0
2491 0
2492 0
2493 0
2494 0
2495 1
2496 0
2497 0
2498 0
2499 0
2500 0
2501 0
2502 0
2503 0
2504 0
2505 0
2506 0
2507 0
2508 0
2509 0
2510 0
2511 0
2512 1
2513 0
2514 0
2515 0
2516 0
2517 0
2518 0
2519 0
2520 0
2521 0
2522 0
2523 1
2524 0
2525 0
2526 0
2527 0
2528 0
2529 0
2530 0
2531 0
2532 0
2533 0
2534 0
2535 0
2536 0
2537 0
2538 0
2539 0
2540 0
2541 0
2542 0
2543 0
2544 0
2545 0
2546 0
2547 0
2548 0
2549 0
2550 0
2551 0
2552 0
2553 0
2554 0
2555 0
2556 0
2557 0
2558 0
2559 0
2560 0
2561 0
2562 0
2563 0
2564 0
2565 0
2566 0
2567 0
2568 0
2569 0
2570 0
2571 0
2572 0
2573 0
2574 0
2575 0
2576 0
2577 0
2578 0
2579 0
2580 0
2581 0
2582 0
2583 0
2584 0
2585 0
2586 0
2587 0
2588 0
2589 0
2590 0
2591 0
2592 0
2593 0
2594 0
2595 0
2596 0
2597 0
2598 0
2599 0
2600 1
2601 0
2602 0
2603 0
2604 0
2605 0
2606 0
2607 0
2608 0
2609 0
2610 0
2611 0
2612 0
2613 0
2614 0
2615 0
2616 0
2617 0
2618 0
2619 0
2620 0
2621 0
2622 0
2623 0
2624 0
2625 0
2626 0
2627 0
2628 0
2629 0
2630 0
2631 0
2632 0
2633 0
2634 0
2635 0
2636 0
2637 0
2638 0
2639 0
2640 0
2641 0
2642 0
2643 0
2644 0
2645 0
2646 0
2647 0
2648 0
2649 0
2650 0
2651 0
2652 0
2653 0
2654 0
2655 0
2656 0
2657 0
2658 0
2659 0
2660 0
2661 0
2662 0
2663 0
2664 0
2665 0
2666 0
2667 0
2668 0
2669 0
2670 0
2671 0
2672 0
2673 0
2674 0
2675 0
2676 0
2677 0
2678 0
2679 0
2680 0
2681 0
2682 0
2683 0
2684 0
2685 0
2686 0
2687 0
2688 0
2689 0
2690 0
2691 0
2692 0
2693 0
2694 0
2695 0
2696 0
2697 0
2698 0
2699 0
2700 0
2701 0
2702 0
2703 0
2704 0
2705 1
2706 1
2707 0
2708 0
2709 0
2710 0
2711 0
2712 0
2713 0
2714 0
2715 0
2716 0
2717 0
2718 0
2719 0
2720 0
2721 0
2722 0
2723 0
2724 0
2725 0
2726 0
2727 0
2728 0
2729 0
2730 0
2731 0
2732 0
2733 0
2734 0
2735 0
2736 0
2737 0
2738 0
2739 0
2740 0
2741 0
2742 0
2743 0
2744 0
2745 0
2746 0
2747 0
2748 0
2749 0
2750 0
2751 0
2752 0
2753 0
2754 0
2755 0
2756 0
2757 0
2758 0
2759 0
2760 0
2761 0
2762 0
2763 0
2764 0
2765 0
2766 0
2767 0
2768 0
2769 0
2770 0
2771 0
2772 0
2773 0
2774 0
2775 0
2776 0
2777 0
2778 0
2779 0
2780 0
2781 0
2782 0
2783 0
2784 0
2785 0
2786 0
2787 0
2788 0
2789 0
2790 0
2791 0
2792 0
2793 0
2794 0
2795 0
2796 0
2797 0
2798 0
2799 0
2800 0
2801 0
2802 1
2803 0
2804 0
2805 0
2806 0
2807 0
2808 0
2809 0
2810 0
2811 0
2812 0
2813 0
2814 0
2815 0
2816 0
2817 1
2818 0
2819 0
2820 0
2821 0
2822 0
2823 0
2824 0
2825 0
2826 0
2827 0
2828 0
2829 0
2830 0
2831 0
2832 0
2833 0
2834 0
2835 0
2836 0
2837 0
2838 0
2839 0
2840 0
2841 0
2842 0
2843 0
2844 0
2845 0
2846 0
2847 0
2848 0
2849 0
2850 0
2851 0
2852 0
2853 0
2854 0
2855 0
2856 0
2857 0
2858 0
2859 0
2860 0
2861 0
2862 0
2863 0
2864 0
2865 0
2866 0
2867 0
2868 0
2869 0
2870 0
2871 0
2872 0
2873 0
2874 0
2875 0
2876 0
2877 0
2878 0
2879 0
2880 0
2881 0
2882 0
2883 0
2884 0
2885 0
2886 0
2887 0
2888 0
2889 0
2890 0
2891 0
2892 0
2893 0
2894 0
2895 0
2896 0
2897 1
2898 0
2899 0
2900 0
2901 0
2902 0
2903 0
2904 0
2905 0
2906 0
2907 0
2908 0
2909 0
2910 0
2911 0
2912 0
2913 0
2914 0
2915 0
2916 0
2917 0
2918 0
2919 0
2920 0
2921 0
2922 0
2923 0
2924 0
2925 0
2926 0
2927 0
2928 0
2929 0
2930 0
2931 0
2932 0
2933 0
2934 0
2935 0
2936 0
2937 0
2938 0
2939 0
2940 0
2941 0
2942 0
2943 0
2944 0
2945 0
2946 0
2947 0
2948 0
2949 0
2950 0
2951 0
2952 0
2953 0
2954 0
2955 0
2956 0
2957 0
2958 0
2959 0
2960 0
2961 0
2962 0
2963 0
2964 0
2965 0
2966 0
2967 0
2968 0
2969 0
2970 0
2971 0
2972 0
2973 0
2974 0
2975 0
2976 0
2977 0
2978 0
2979 0
2980 0
2981 0
2982 0
2983 0
2984 0
2985 0
2986 0
2987 0
2988 0
2989 0
2990 0
2991 0
2992 0
2993 0
2994 0
2995 0
2996 0
2997 0
2998 0
2999 0
3000 0
3001 1
3002 0
3003 0
3004 0
3005 0
3006 0
3007 0
3008 0
3009 0
3010 0
3011 0
3012 0
3013 0
3014 0
3015 0
3016 0
3017 0
3018 0
3019 0
3020 0
3021 0
3022 0
3023 0
3024 0
3025 0
3026 0
3027 0
3028 1
3029 0
3030 0
3031 0
3032 0
3033 0
3034 0
3035 0
3036 0
3037 0
3038 0
3039 0
3040 0
3041 0
3042 0
3043 0
3044 0
3045 0
3046 0
3047 0
3048 0
3049 0
3050 0
3051 0
3052 0
3053 0
3054 0
3055 0
3056 0
3057 0
3058 0
3059 0
3060 0
3061 0
3062 0
3063 0
3064 0
3065 0
3066 0
3067 0
3068 0
3069 0
3070 0
3071 0
3072 0
3073 0
3074 0
3075 0
3076 0
3077 0
3078 0
3079 0
3080 0
3081 0
3082 0
3083 0
3084 1
3085 0
3086 0
3087 0
3088 0
3089 0
3090 0
3091 0
3092 0
3093 0
3094 0
3095 0
3096 0
3097 0
3098 0
3099 0
3100 0
3101 0
3102 0
3103 0
3104 0
3105 0
3106 0
3107 0
3108 0
3109 0
3110 0
3111 0
3112 0
3113 0
3114 0
3115 0
3116 0
3117 0
3118 0
3119 0
3120 0
3121 0
3122 0
3123 0
3124 0
3125 0
3126 1
3127 0
3128 0
3129 0
3130 0
3131 0
3132 0
3133 0
3134 0
3135 0
3136 0
3137 0
3138 0
3139 0
3140 0
3141 0
3142 0
3143 0
3144 0
3145 0
3146 0
3147 0
3148 0
3149 0
3150 0
3151 0
3152 0
3153 0
3154 0
3155 0
3156 0
3157 0
3158 0
3159 0
3160 0
3161 0
3162 0
3163 0
3164 0
3165 0
3166 0
3167 0
3168 0
3169 0
3170 0
3171 0
3172 0
3173 0
3174 0
3175 0
3176 0
3177 0
3178 0
3179 0
3180 0
3181 0
3182 0
3183 0
3184 0
3185 0
3186 0
3187 0
3188 0
3189 0
3190 0
3191 0
3192 0
3193 0
3194 0
3195 0
3196 0
3197 0
3198 0
3199 0
3200 0
3201 0
3202 0
3203 0
3204 0
3205 0
3206 0
3207 0
3208 0
3209 0
3210 0
3211 0
3212 0
3213 0
3214 0
3215 0
3216 0
3217 0
3218 1
3219 0
3220 0
3221 0
3222 0
3223 0
3224 0
3225 0
3226 0
3227 0
3228 0
3229 0
3230 0
3231 0
3232 0
3233 0
3234 0
3235 0
3236 0
3237 0
3238 0
3239 0
3240 0
3241 0
3242 0
3243 0
3244 0
3245 0
3246 0
3247 0
3248 0
3249 0
3250 0
3251 0
3252 0
3253 0
3254 0
3255 0
3256 0
3257 0
3258 0
3259 0
3260 0
3261 0
3262 0
3263 0
3264 0
3265 0
3266 0
3267 0
3268 0
3269 0
3270 0
3271 0
3272 0
3273 0
3274 0
3275 0
3276 0
3277 0
3278 0
3279 0
3280 0
3281 0
3282 0
3283 0
3284 0
3285 0
3286 0
3287 0
3288 0
3289 0
3290 0
3291 0
3292 0
3293 0
3294 0
3295 0
3296 0
3297 0
3298 0
3299 0
3300 0
3301 0
3302 0
3303 0
3304 0
3305 0
3306 0
3307 0
3308 0
3309 0
3310 0
3311 0
3312 0
3313 0
3314 0
3315 0
3316 0
3317 0
3318 0
3319 0
3320 0
3321 0
3322 0
3323 0
3324 0
3325 0
3326 0
3327 0
3328 0
3329 0
3330 0
3331 0
3332 0
3333 0
3334 0
3335 0
3336 0
3337 0
3338 0
3339 0
3340 0
3341 0
3342 0
3343 0
3344 0
3345 0
3346 0
3347 0
3348 0
3349 0
3350 0
3351 0
3352 0
3353 0
3354 0
3355 0
3356 0
3357 0
3358 0
3359 0
3360 0
3361 0
3362 0
3363 0
3364 0
3365 0
3366 0
3367 0
3368 0
3369 0
3370 0
3371 0
3372 0
3373 0
3374 0
3375 0
3376 0
3377 0
3378 0
3379 0
3380 0
3381 0
3382 0
3383 0
3384 0
3385 0
3386 0
3387 0
3388 0
3389 0
3390 0
3391 0
3392 0
3393 0
3394 0
3395 0
3396 0
3397 0
3398 0
3399 0
3400 1
3401 0
3402 0
3403 0
3404 0
3405 0
3406 0
3407 0
3408 0
3409 0
3410 0
3411 0
3412 0
3413 0
3414 0
3415 0
3416 0
3417 0
3418 0
3419 0
3420 0
3421 0
3422 0
3423 0
3424 0
3425 0
3426 0
3427 0
3428 0
3429 0
3430 0
3431 0
3432 0
3433 0
3434 0
3435 0
3436 0
3437 0
3438 0
3439 0
3440 0
3441 0
3442 0
3443 0
3444 0
3445 0
3446 0
3447 0
3448 0
3449 0
3450 0
3451 0
3452 0
3453 0
3454 0
3455 0
3456 0
3457 0
3458 0
3459 0
3460 0
3461 0
3462 0
3463 0
3464 0
3465 0
3466 0
3467 0
3468 0
3469 0
3470 0
3471 0
3472 0
3473 0
3474 0
3475 0
3476 0
3477 0
3478 0
3479 0
3480 0
3481 0
3482 0
3483 0
3484 0
3485 0
3486 0
3487 0
3488 0
3489 0
3490 0
3491 0
3492 0
3493 0
3494 0
3495 0
3496 0
3497 0
3498 0
3499 0
3500 0
3501 0
3502 0
3503 0
3504 0
3505 0
3506 0
3507 0
3508 0
3509 0
3510 0
3511 0
3512 0
3513 0
3514 0
3515 0
3516 0
3517 0
3518 0
3519 0
3520 0
3521 0
3522 0
3523 0
3524 0
3525 0
3526 0
3527 0
3528 0
3529 0
3530 0
3531 0
3532 0
3533 0
3534 0
3535 0
3536 0
3537 0
3538 0
3539 0
3540 0
3541 0
3542 0
3543 0
3544 0
3545 0
3546 0
3547 0
3548 0
3549 0
3550 0
3551 0
3552 0
3553 0
3554 0
3555 0
3556 0
3557 0
3558 0
3559 0
3560 0
3561 0
3562 0
3563 0
3564 0
3565 0
3566 0
3567 0
3568 0
3569 0
3570 0
3571 0
3572 0
3573 0
3574 0
3575 0
3576 0
3577 0
3578 0
3579 0
3580 0
3581 0
3582 0
3583 0
3584 0
3585 0
3586 0
3587 0
3588 0
3589 0
3590 0
3591 0
3592 0
3593 0
3594 0
3595 0
3596 0
3597 0
3598 0
3599 1
3600 0
3601 0
3602 0
3603 0
3604 0
3605 0
3606 0
3607 0
3608 0
3609 0
3610 1
3611 0
3612 0
3613 0
3614 0
3615 0
3616 0
3617 0
3618 0
3619 0
3620 0
3621 0
3622 0
3623 0
3624 0
3625 0
3626 0
3627 0
3628 0
3629 0
3630 0
3631 0
3632 0
3633 0
3634 0
3635 0
3636 0
3637 0
3638 0
3639 0
3640 0
3641 0
3642 0
3643 0
3644 0
3645 0
3646 0
3647 0
3648 1
3649 0
3650 0
3651 0
3652 0
3653 0
3654 0
3655 0
3656 0
3657 0
3658 0
3659 0
3660 0
3661 0
3662 0
3663 1
3664 0
3665 0
3666 0
3667 0
3668 0
3669 0
3670 0
3671 0
3672 0
3673 0
3674 0
3675 0
3676 0
3677 0
3678 1
3679 0
3680 0
3681 0
3682 0
3683 0
3684 0
3685 0
3686 0
3687 0
3688 0
3689 0
3690 0
3691 0
3692 0
3693 0
3694 0
3695 0
3696 0
3697 0
3698 0
3699 0
3700 0
3701 0
3702 0
3703 0
3704 0
3705 0
3706 0
3707 0
3708 0
3709 0
3710 0
3711 0
3712 0
3713 0
3714 0
3715 0
3716 0
3717 0
3718 0
3719 0
3720 0
3721 0
3722 0
3723 0
3724 0
3725 0
3726 0
3727 0
3728 0
3729 0
3730 0
3731 0
3732 0
3733 0
3734 0
3735 0
3736 0
3737 0
3738 0
3739 0
3740 0
3741 0
3742 0
3743 0
3744 0
3745 0
3746 0
3747 0
3748 0
3749 0
3750 0
3751 0
3752 0
3753 0
3754 0
3755 0
3756 0
3757 0
3758 0
3759 0
3760 0
3761 0
3762 0
3763 0
3764 0
3765 0
3766 0
3767 0
3768 0
3769 0
3770 0
3771 0
3772 0
3773 0
3774 0
3775 0
3776 0
3777 0
3778 0
3779 0
3780 0
3781 0
3782 0
3783 0
3784 0
3785 0
3786 0
3787 0
3788 0
3789 0
3790 0
3791 0
3792 0
3793 0
3794 0
3795 0
3796 0
3797 0
3798 0
3799 0
3800 0
3801 0
3802 0
3803 0
3804 0
3805 0
3806 0
3807 0
3808 0
3809 0
3810 0
3811 0
3812 0
3813 0
3814 0
3815 0
3816 0
3817 0
3818 0
3819 0
3820 0
3821 0
3822 0
3823 0
3824 0
3825 0
3826 0
3827 0
3828 0
3829 0
3830 0
3831 0
3832 0
3833 0
3834 0
3835 0
3836 0
3837 0
3838 0
3839 0
3840 0
3841 0
3842 0
3843 0
3844 0
3845 0
3846 0
3847 0
3848 0
3849 0
3850 0
3851 0
3852 0
3853 0
3854 0
3855 0
3856 0
3857 0
3858 0
3859 0
3860 0
3861 0
3862 0
3863 0
3864 0
3865 0
3866 0
3867 0
3868 0
3869 0
3870 0
3871 0
3872 0
3873 0
3874 0
3875 0
3876 0
3877 0
3878 0
3879 0
3880 0
3881 0
3882 0
3883 0
3884 0
3885 0
3886 1
3887 0
3888 0
3889 0
3890 0
3891 0
3892 0
3893 0
3894 0
3895 0
3896 0
3897 0
3898 0
3899 0
3900 0
3901 0
3902 0
3903 0
3904 0
3905 0
3906 0
3907 0
3908 0
3909 0
3910 0
3911 0
3912 0
3913 0
3914 0
3915 0
3916 0
3917 0
3918 0
3919 0
3920 0
3921 0
3922 0
3923 0
3924 0
3925 0
3926 0
3927 0
3928 0
3929 0
3930 0
3931 0
3932 0
3933 0
3934 0
3935 0
3936 0
3937 0
3938 0
3939 0
3940 0
3941 0
3942 0
3943 0
3944 1
3945 0
3946 0
3947 0
3948 0
3949 0
3950 0
3951 0
3952 0
3953 0
3954 0
3955 0
3956 0
3957 0
3958 0
3959 0
3960 0
3961 0
3962 0
3963 0
3964 0
3965 0
3966 0
3967 0
3968 0
3969 0
3970 0
3971 0
3972 0
3973 0
3974 0
3975 0
3976 0
3977 0
3978 0
3979 0
3980 0
3981 0
3982 0
3983 0
3984 0
3985 0
3986 0
3987 0
3988 0
3989 0
3990 0
3991 0
3992 0
3993 0
3994 0
3995 0
3996 0
3997 0
3998 0
3999 0
4000 0
