0 0
1 0
2 0
3 0
4 0
5 0
6 0
7 0
8 0
9 0
10 0
11 0
12 0
13 0
14 0
15 0
16 0
17 0
18 0
19 0
20 0
21 0
22 0
23 0
24 0
25 0
26 0
27 0
28 0
29 0
30 0
31 0
32 0
33 0
34 0
35 0
36 0
37 0
38 0
39 0
40 0
41 0
42 0
43 0
44 0
45 0
46 0
47 0
48 0
49 0
50 0
51 0
52 0
53 0
54 0
55 0
56 0
57 0
58 0
59 0
60 0
61 0
62 0
63 0
64 0
65 0
66 0
67 0
68 0
69 0
70 0
71 0
72 0
73 0
74 0
75 0
76 0
77 0
78 0
79 0
80 0
81 0
82 0
83 0
84 0
85 0
86 0
87 0
88 0
89 0
90 0
91 0
92 0
93 0
94 0
95 0
96 0
97 0
98 0
99 0
100 0
101 0
102 0
103 0
104 0
105 0
106 0
107 0
108 0
109 0
110 0
111 0
112 0
113 0
114 0
115 0
116 0
117 0
118 0
119 0
120 0
121 0
122 0
123 0
124 0
125 0
126 0
127 0
128 0
129 0
130 0
131 0
132 0
133 0
134 0
135 0
136 0
137 0
138 0
139 0
140 0
141 0
142 0
143 0
144 0
145 0
146 0
147 0
148 0
149 0
150 0
151 1
152 0
153 0
154 0
155 1
156 3
157 1
158 2
159 0
160 2
161 3
162 3
163 3
164 3
165 3
166 5
167 3
168 3
169 7
170 4
171 3
172 6
173 1
174 6
175 9
176 14
177 21
178 37
179 56
180 57
181 74
182 76
183 106
184 139
185 187
186 284
187 506
188 783
189 1078
190 1342
191 1440
192 1572
193 1585
194 1462
195 1481
196 1352
197 1257
198 1059
199 1019
200 965
201 813
202 731
203 690
204 646
205 585
206 586
207 509
208 524
209 469
210 468
211 439
212 472
213 475
214 456
215 418
216 458
217 419
218 428
219 445
220 430
221 446
222 422
223 433
224 451
225 465
226 480
227 455
228 459
229 465
230 473
231 463
232 460
233 472
234 455
235 479
236 479
237 565
238 537
239 491
240 528
241 554
242 549
243 510
244 533
245 539
246 549
247 553
248 570
249 550
250 590
251 525
252 578
253 551
254 578
255 542
256 588
257 554
258 588
259 583
260 543
261 603
262 631
263 607
264 560
265 556
266 633
267 580
268 598
269 608
270 642
271 639
272 681
273 619
274 658
275 690
276 648
277 594
278 662
279 681
280 626
281 693
282 685
283 687
284 697
285 705
286 688
287 684
288 702
289 729
290 696
291 711
292 691
293 652
294 700
295 667
296 717
297 713
298 755
299 758
300 679
301 787
302 763
303 749
304 764
305 750
306 750
307 771
308 813
309 824
310 746
311 825
312 812
313 772
314 776
315 829
316 805
317 770
318 864
319 819
320 831
321 795
322 817
323 836
324 831
325 801
326 853
327 873
328 903
329 905
330 842
331 861
332 873
333 907
334 876
335 870
336 849
337 895
338 852
339 934
340 921
341 926
342 858
343 874
344 909
345 895
346 947
347 896
348 928
349 920
350 941
351 919
352 911
353 953
354 981
355 1001
356 933
357 938
358 989
359 956
360 935
361 957
362 944
363 950
364 978
365 1025
366 962
367 1013
368 954
369 914
370 976
371 963
372 991
373 968
374 978
375 1022
376 1026
377 1001
378 966
379 957
380 1072
381 966
382 975
383 1023
384 985
385 1020
386 1043
387 989
388 950
389 1017
390 1058
391 975
392 1028
393 995
394 1018
395 1043
396 1004
397 1016
398 1026
399 1045
400 1022
401 1022
402 968
403 1001
404 1014
405 1088
406 1048
407 1036
408 1016
409 1000
410 977
411 991
412 1043
413 1017
414 1043
415 1026
416 957
417 1046
418 978
419 1081
420 1044
421 1016
422 1000
423 937
424 1003
425 999
426 1097
427 968
428 1009
429 1022
430 1046
431 1019
432 983
433 950
434 941
435 982
436 987
437 967
438 1020
439 989
440 1019
441 974
442 1005
443 969
444 945
445 974
446 970
447 890
448 951
449 954
450 934
451 934
452 896
453 920
454 958
455 939
456 947
457 896
458 885
459 900
460 895
461 933
462 883
463 842
464 887
465 876
466 833
467 856
468 851
469 878
470 845
471 852
472 872
473 869
474 867
475 821
476 841
477 831
478 840
479 760
480 812
481 832
482 816
483 794
484 798
485 792
486 763
487 812
488 772
489 806
490 820
491 744
492 794
493 720
494 718
495 687
496 726
497 740
498 705
499 691
500 731
501 703
502 744
503 711
504 722
505 656
506 697
507 686
508 687
509 728
510 666
511 676
512 656
513 621
514 639
515 641
516 656
517 598
518 614
519 627
520 650
521 578
522 606
523 599
524 596
525 563
526 609
527 598
528 598
529 593
530 593
531 551
532 602
533 553
534 576
535 580
536 595
537 594
538 561
539 491
540 515
541 465
542 501
543 502
544 478
545 493
546 498
547 494
548 539
549 510
550 495
551 484
552 477
553 474
554 461
555 467
556 460
557 447
558 449
559 490
560 429
561 419
562 422
563 443
564 411
565 416
566 428
567 407
568 433
569 425
570 385
571 402
572 387
573 399
574 429
575 432
576 419
577 383
578 409
579 363
580 404
581 370
582 365
583 386
584 382
585 386
586 335
587 368
588 349
589 334
590 338
591 323
592 371
593 342
594 330
595 343
596 334
597 367
598 322
599 326
600 294
601 296
602 293
603 300
604 313
605 311
606 299
607 305
608 301
609 282
610 263
611 307
612 286
613 286
614 278
615 286
616 289
617 268
618 271
619 243
620 254
621 250
622 265
623 265
624 240
625 268
626 278
627 245
628 258
629 267
630 270
631 251
632 258
633 262
634 218
635 285
636 250
637 236
638 239
639 250
640 252
641 247
642 230
643 221
644 231
645 240
646 203
647 220
648 209
649 197
650 205
651 188
652 202
653 189
654 197
655 199
656 224
657 229
658 202
659 177
660 192
661 199
662 192
663 235
664 188
665 192
666 208
667 187
668 179
669 199
670 189
671 164
672 160
673 170
674 176
675 191
676 193
677 141
678 190
679 195
680 172
681 169
682 184
683 187
684 202
685 167
686 176
687 165
688 174
689 176
690 180
691 185
692 177
693 157
694 177
695 172
696 171
697 157
698 155
699 142
700 166
701 153
702 168
703 166
704 155
705 161
706 151
707 174
708 154
709 147
710 161
711 164
712 157
713 163
714 162
715 134
716 168
717 165
718 188
719 138
720 150
721 142
722 132
723 140
724 136
725 130
726 164
727 152
728 146
729 143
730 148
731 138
732 159
733 131
734 166
735 145
736 151
737 163
738 140
739 159
740 140
741 135
742 146
743 129
744 125
745 123
746 173
747 129
748 140
749 154
750 159
751 153
752 152
753 142
754 136
755 132
756 132
757 132
758 155
759 143
760 139
761 131
762 136
763 125
764 139
765 129
766 160
767 146
768 151
769 148
770 143
771 138
772 141
773 148
774 120
775 129
776 118
777 125
778 121
779 116
780 129
781 145
782 127
783 136
784 128
785 137
786 125
787 130
788 132
789 122
790 133
791 140
792 112
793 145
794 122
795 130
796 132
797 118
798 133
799 125
800 129
801 147
802 136
803 136
804 107
805 134
806 120
807 120
808 125
809 141
810 137
811 145
812 121
813 148
814 132
815 124
816 121
817 145
818 124
819 115
820 137
821 137
822 121
823 116
824 122
825 124
826 120
827 135
828 111
829 137
830 137
831 121
832 113
833 112
834 123
835 116
836 103
837 111
838 104
839 117
840 122
841 121
842 123
843 126
844 105
845 115
846 108
847 99
848 117
849 112
850 118
851 123
852 127
853 118
854 106
855 131
856 100
857 109
858 120
859 99
860 111
861 141
862 129
863 110
864 116
865 104
866 114
867 94
868 120
869 129
870 101
871 107
872 118
873 94
874 106
875 117
876 100
877 109
878 113
879 108
880 152
881 104
882 137
883 100
884 109
885 119
886 106
887 146
888 128
889 115
890 113
891 116
892 103
893 103
894 99
895 106
896 100
897 100
898 125
899 105
900 104
901 93
902 117
903 106
904 107
905 100
906 122
907 108
908 98
909 99
910 103
911 124
912 89
913 105
914 105
915 118
916 105
917 101
918 120
919 105
920 108
921 104
922 100
923 125
924 113
925 92
926 101
927 115
928 98
929 103
930 102
931 97
932 110
933 107
934 92
935 112
936 110
937 101
938 90
939 99
940 83
941 91
942 108
943 88
944 101
945 115
946 87
947 71
948 93
949 82
950 109
951 82
952 107
953 94
954 99
955 84
956 95
957 85
958 95
959 98
960 104
961 96
962 95
963 85
964 108
965 94
966 116
967 107
968 102
969 101
970 98
971 93
972 102
973 98
974 108
975 102
976 92
977 82
978 88
979 95
980 96
981 87
982 75
983 82
984 85
985 85
986 90
987 88
988 80
989 97
990 91
991 76
992 96
993 92
994 87
995 86
996 70
997 76
998 88
999 85
1000 81
1001 67
1002 87
1003 85
1004 97
1005 71
1006 87
1007 79
1008 93
1009 84
1010 77
1011 90
1012 72
1013 101
1014 72
1015 82
1016 64
1017 84
1018 76
1019 78
1020 71
1021 88
1022 67
1023 82
1024 60
1025 62
1026 62
1027 63
1028 67
1029 71
1030 66
1031 70
1032 74
1033 75
1034 63
1035 69
1036 82
1037 58
1038 63
1039 62
1040 79
1041 63
1042 64
1043 67
1044 77
1045 62
1046 67
1047 90
1048 76
1049 76
1050 51
1051 64
1052 84
1053 75
1054 57
1055 60
1056 66
1057 64
1058 65
1059 82
1060 74
1061 73
1062 62
1063 54
1064 61
1065 70
1066 64
1067 60
1068 64
1069 55
1070 59
1071 70
1072 63
1073 61
1074 59
1075 51
1076 64
1077 55
1078 51
1079 58
1080 65
1081 74
1082 55
1083 61
1084 57
1085 56
1086 61
1087 52
1088 44
1089 48
1090 62
1091 58
1092 70
1093 56
1094 68
1095 56
1096 71
1097 54
1098 48
1099 48
1100 66
1101 61
1102 48
1103 62
1104 46
1105 51
1106 70
1107 60
1108 50
1109 46
1110 50
1111 45
1112 51
1113 46
1114 61
1115 37
1116 44
1117 38
1118 44
1119 47
1120 33
1121 49
1122 46
1123 37
1124 47
1125 58
1126 48
1127 57
1128 31
1129 52
1130 38
1131 42
1132 48
1133 49
1134 57
1135 37
1136 44
1137 58
1138 48
1139 38
1140 47
1141 43
1142 53
1143 49
1144 43
1145 34
1146 53
1147 41
1148 46
1149 45
1150 40
1151 34
1152 53
1153 44
1154 38
1155 52
1156 43
1157 37
1158 34
1159 41
1160 32
1161 50
1162 41
1163 31
1164 48
1165 44
1166 42
1167 31
1168 27
1169 42
1170 35
1171 33
1172 40
1173 37
1174 31
1175 35
1176 28
1177 39
1178 33
1179 41
1180 47
1181 51
1182 40
1183 30
1184 36
1185 40
1186 38
1187 37
1188 30
1189 30
1190 37
1191 42
1192 41
1193 45
1194 34
1195 42
1196 38
1197 40
1198 38
1199 26
1200 24
1201 28
1202 26
1203 28
1204 39
1205 47
1206 40
1207 49
1208 42
1209 29
1210 37
1211 30
1212 46
1213 37
1214 28
1215 30
1216 28
1217 29
1218 24
1219 21
1220 30
1221 34
1222 31
1223 38
1224 25
1225 29
1226 32
1227 25
1228 30
1229 29
1230 33
1231 33
1232 23
1233 33
1234 35
1235 26
1236 21
1237 29
1238 26
1239 24
1240 35
1241 27
1242 27
1243 19
1244 23
1245 27
1246 19
1247 20
1248 21
1249 26
1250 30
1251 17
1252 33
1253 30
1254 24
1255 18
1256 24
1257 25
1258 27
1259 24
1260 19
1261 25
1262 25
1263 21
1264 18
1265 15
1266 27
1267 21
1268 28
1269 23
1270 30
1271 22
1272 33
1273 15
1274 24
1275 21
1276 19
1277 15
1278 18
1279 28
1280 19
1281 20
1282 12
1283 17
1284 15
1285 17
1286 23
1287 19
1288 15
1289 15
1290 17
1291 27
1292 23
1293 18
1294 20
1295 23
1296 20
1297 26
1298 18
1299 19
1300 25
1301 23
1302 19
1303 22
1304 20
1305 26
1306 17
1307 18
1308 19
1309 21
1310 24
1311 19
1312 15
1313 16
1314 16
1315 14
1316 19
1317 18
1318 15
1319 12
1320 23
1321 24
1322 23
1323 20
1324 16
1325 20
1326 13
1327 17
1328 14
1329 12
1330 16
1331 15
1332 14
1333 14
1334 16
1335 11
1336 25
1337 13
1338 16
1339 17
1340 14
1341 15
1342 18
1343 14
1344 14
1345 12
1346 15
1347 16
1348 15
1349 18
1350 13
1351 11
1352 11
1353 14
1354 17
1355 14
1356 12
1357 12
1358 22
1359 16
1360 11
1361 15
1362 13
1363 21
1364 8
1365 19
1366 14
1367 10
1368 12
1369 14
1370 16
1371 12
1372 12
1373 9
1374 12
1375 10
1376 12
1377 10
1378 9
1379 15
1380 10
1381 12
1382 9
1383 13
1384 17
1385 16
1386 10
1387 16
1388 8
1389 15
1390 7
1391 8
1392 12
1393 13
1394 10
1395 14
1396 14
1397 14
1398 11
1399 9
1400 10
1401 14
1402 10
1403 4
1404 11
1405 5
1406 8
1407 6
1408 8
1409 8
1410 8
1411 8
1412 6
1413 18
1414 12
1415 10
1416 11
1417 17
1418 8
1419 6
1420 12
1421 10
1422 7
1423 19
1424 10
1425 9
1426 8
1427 10
1428 6
1429 7
1430 11
1431 11
1432 9
1433 5
1434 7
1435 8
1436 7
1437 7
1438 5
1439 10
1440 11
1441 4
1442 4
1443 11
1444 7
1445 11
1446 7
1447 11
1448 10
1449 14
1450 9
1451 4
1452 6
1453 7
1454 5
1455 7
1456 6
1457 8
1458 12
1459 5
1460 7
1461 9
1462 10
1463 3
1464 2
1465 7
1466 3
1467 5
1468 5
1469 7
1470 7
1471 9
1472 7
1473 6
1474 10
1475 8
1476 9
1477 3
1478 9
1479 6
1480 2
1481 6
1482 8
1483 10
1484 6
1485 8
1486 11
1487 5
1488 5
1489 10
1490 11
1491 3
1492 8
1493 2
1494 8
1495 9
1496 7
1497 5
1498 5
1499 2
1500 4
1501 0
1502 4
1503 6
1504 3
1505 2
1506 4
1507 4
1508 3
1509 5
1510 10
1511 5
1512 7
1513 5
1514 4
1515 4
1516 6
1517 4
1518 9
1519 2
1520 4
1521 3
1522 3
1523 4
1524 5
1525 3
1526 6
1527 3
1528 6
1529 1
1530 9
1531 4
1532 1
1533 9
1534 5
1535 3
1536 5
1537 4
1538 5
1539 8
1540 3
1541 6
1542 8
1543 5
1544 8
1545 4
1546 1
1547 8
1548 3
1549 9
1550 5
1551 3
1552 2
1553 4
1554 3
1555 3
1556 3
1557 3
1558 7
1559 2
1560 6
1561 5
1562 3
1563 5
1564 3
1565 4
1566 2
1567 2
1568 3
1569 1
1570 3
1571 4
1572 4
1573 2
1574 6
1575 2
1576 5
1577 4
1578 7
1579 2
1580 5
1581 3
1582 1
1583 7
1584 1
1585 4
1586 2
1587 2
1588 6
1589 3
1590 3
1591 7
1592 4
1593 3
1594 3
1595 2
1596 6
1597 3
1598 4
1599 1
1600 5
1601 1
1602 4
1603 1
1604 0
1605 4
1606 1
1607 4
1608 5
1609 5
1610 5
1611 1
1612 1
1613 1
1614 1
1615 4
1616 4
1617 1
1618 2
1619 2
1620 3
1621 4
1622 1
1623 3
1624 2
1625 1
1626 3
1627 1
1628 2
1629 1
1630 3
1631 1
1632 2
1633 1
1634 0
1635 3
1636 1
1637 1
1638 3
1639 2
1640 3
1641 5
1642 1
1643 3
1644 4
1645 5
1646 0
1647 1
1648 0
1649 0
1650 1
1651 2
1652 3
1653 4
1654 1
1655 7
1656 2
1657 1
1658 0
1659 3
1660 0
1661 1
1662 1
1663 2
1664 3
1665 3
1666 4
1667 1
1668 1
1669 4
1670 2
1671 3
1672 1
1673 0
1674 1
1675 3
1676 3
1677 1
1678 3
1679 3
1680 1
1681 2
1682 1
1683 5
1684 1
1685 0
1686 1
1687 0
1688 0
1689 0
1690 1
1691 2
1692 3
1693 2
1694 0
1695 1
1696 1
1697 0
1698 1
1699 1
1700 3
1701 0
1702 2
1703 2
1704 2
1705 0
1706 2
1707 2
1708 1
1709 1
1710 0
1711 0
1712 1
1713 1
1714 0
1715 1
1716 1
1717 0
1718 1
1719 0
1720 0
1721 0
1722 1
1723 1
1724 1
1725 2
1726 3
1727 0
1728 1
1729 0
1730 0
1731 4
1732 1
1733 0
1734 1
1735 2
1736 1
1737 3
1738 0
1739 1
1740 2
1741 1
1742 1
1743 4
1744 0
1745 0
1746 1
1747 0
1748 0
1749 0
1750 0
1751 0
1752 2
1753 1
1754 1
1755 0
1756 1
1757 1
1758 1
1759 3
1760 1
1761 0
1762 0
1763 4
1764 1
1765 1
1766 3
1767 0
1768 0
1769 2
1770 1
1771 0
1772 1
1773 1
1774 2
1775 1
1776 1
1777 1
1778 3
1779 1
1780 1
1781 2
1782 0
1783 1
1784 1
1785 2
1786 0
1787 0
1788 0
1789 0
1790 1
1791 1
1792 1
1793 0
1794 2
1795 1
1796 3
1797 2
1798 0
1799 0
1800 2
1801 0
1802 0
1803 0
1804 2
1805 1
1806 1
1807 0
1808 0
1809 2
1810 0
1811 2
1812 0
1813 2
1814 0
1815 0
1816 1
1817 0
1818 0
1819 2
1820 0
1821 1
1822 0
1823 2
1824 1
1825 1
1826 0
1827 2
1828 1
1829 0
1830 0
1831 1
1832 1
1833 0
1834 1
1835 1
1836 1
1837 0
1838 1
1839 0
1840 2
1841 0
1842 0
1843 1
1844 0
1845 0
1846 3
1847 0
1848 0
1849 0
1850 1
1851 0
1852 1
1853 0
1854 1
1855 0
1856 1
1857 1
1858 0
1859 1
1860 0
1861 1
1862 0
1863 0
1864 0
1865 1
1866 0
1867 0
1868 0
1869 0
1870 0
1871 0
1872 2
1873 0
1874 0
1875 1
1876 0
1877 0
1878 0
1879 1
1880 0
1881 0
1882 0
1883 0
1884 0
1885 0
1886 1
1887 0
1888 0
1889 0
1890 0
1891 0
1892 0
1893 0
1894 0
1895 0
1896 0
1897 2
1898 0
1899 0
1900 0
1901 1
1902 1
1903 0
1904 1
1905 0
1906 0
1907 2
1908 1
1909 0
1910 0
1911 1
1912 0
1913 0
1914 0
1915 0
1916 0
1917 0
1918 1
1919 0
1920 0
1921 0
1922 1
1923 0
1924 0
1925 0
1926 0
1927 1
1928 1
1929 0
1930 0
1931 0
1932 1
1933 0
1934 0
1935 0
1936 0
1937 0
1938 1
1939 0
1940 1
1941 0
1942 0
1943 0
1944 0
1945 3
1946 0
1947 0
1948 1
1949 0
1950 0
1951 1
1952 0
1953 1
1954 0
1955 1
1956 1
1957 0
1958 1
1959 0
1960 1
1961 0
1962 0
1963 0
1964 0
1965 0
1966 0
1967 0
1968 0
1969 1
1970 0
1971 0
1972 0
1973 0
1974 0
1975 0
1976 0
1977 0
1978 1
1979 0
1980 0
1981 0
1982 1
1983 0
1984 0
1985 1
1986 0
1987 0
1988 0
1989 0
1990 0
1991 0
1992 0
1993 0
1994 1
1995 0
1996 0
1997 0
1998 0
1999 1
2000 1
2001 0
2002 0
2003 1
2004 1
2005 1
2006 0
2007 0
2008 0
2009 0
2010 1
2011 0
2012 1
2013 0
2014 0
2015 1
2016 0
2017 0
2018 2
2019 0
2020 0
2021 1
2022 0
2023 1
2024 0
2025 1
2026 0
2027 0
2028 0
2029 1
2030 0
2031 0
2032 0
2033 0
2034 1
2035 0
2036 0
2037 0
2038 0
2039 0
2040 1
2041 0
2042 0
2043 0
2044 0
2045 0
2046 1
2047 0
2048 0
2049 0
2050 0
2051 0
2052 0
2053 0
2054 0
2055 0
2056 0
2057 2
2058 0
2059 0
2060 0
2061 0
2062 0
2063 2
2064 0
2065 0
2066 1
2067 0
2068 0
2069 0
2070 0
2071 0
2072 0
2073 0
2074 0
2075 0
2076 0
2077 0
2078 0
2079 0
2080 0
2081 0
2082 0
2083 0
2084 0
2085 0
2086 0
2087 0
2088 0
2089 1
2090 0
2091 0
2092 0
2093 0
2094 0
2095 0
2096 0
2097 0
2098 0
2099 0
2100 1
2101 0
2102 0
2103 0
2104 0
2105 0
2106 0
2107 0
2108 0
2109 0
2110 0
2111 0
2112 0
2113 0
2114 1
2115 0
2116 0
2117 0
2118 0
2119 0
2120 0
2121 0
2122 0
2123 0
2124 0
2125 0
2126 1
2127 1
2128 0
2129 1
2130 1
2131 0
2132 0
2133 1
2134 0
2135 1
2136 0
2137 0
2138 0
2139 0
2140 0
2141 2
2142 0
2143 0
2144 0
2145 0
2146 0
2147 0
2148 0
2149 0
2150 0
2151 0
2152 0
2153 0
2154 0
2155 0
2156 0
2157 0
2158 0
2159 0
2160 0
2161 0
2162 0
2163 0
2164 0
2165 0
2166 0
2167 0
2168 0
2169 0
2170 0
2171 0
2172 0
2173 0
2174 0
2175 0
2176 0
2177 0
2178 0
2179 0
2180 0
2181 0
2182 0
2183 0
2184 0
2185 0
2186 0
2187 1
2188 0
2189 0
2190 0
2191 0
2192 0
2193 0
2194 0
2195 0
2196 0
2197 0
2198 0
2199 0
2200 0
2201 0
2202 0
2203 0
2204 0
2205 0
2206 0
2207 0
2208 0
2209 0
2210 0
2211 0
2212 0
2213 0
2214 0
2215 0
2216 0
2217 0
2218 0
2219 0
2220 0
2221 0
2222 0
2223 0
2224 0
2225 0
2226 0
2227 1
2228 0
2229 0
2230 0
2231 0
2232 0
2233 0
2234 0
2235 0
2236 0
2237 0
2238 0
2239 0
2240 0
2241 0
2242 0
2243 0
2244 0
2245 0
2246 0
2247 0
2248 0
2249 0
2250 0
2251 1
2252 0
2253 0
2254 0
2255 2
2256 0
2257 0
2258 0
2259 0
2260 1
2261 0
2262 0
2263 0
2264 1
2265 0
2266 0
2267 0
2268 0
2269 0
2270 0
2271 0
2272 0
2273 0
2274 0
2275 0
2276 0
2277 0
2278 0
2279 0
2280 0
2281 0
2282 0
2283 0
2284 0
2285 0
2286 0
2287 0
2288 0
2289 0
2290 0
2291 0
2292 0
2293 0
2294 0
2295 0
2296 0
2297 0
2298 0
2299 0
2300 0
2301 0
2302 0
2303 0
2304 0
2305 0
2306 0
2307 0
2308 0
2309 0
2310 0
2311 0
2312 0
2313 0
2314 0
2315 0
2316 1
2317 0
2318 1
2319 0
2320 0
2321 1
2322 0
2323 0
2324 0
2325 0
2326 0
2327 0
2328 0
2329 0
2330 0
2331 0
2332 0
2333 1
2334 0
2335 0
2336 0
2337 0
2338 1
2339 0
2340 0
2341 0
2342 1
2343 0
2344 0
2345 0
2346 0
2347 0
2348 0
2349 0
2350 0
2351 0
2352 0
2353 0
2354 0
2355 0
2356 0
2357 0
2358 0
2359 0
2360 0
2361 0
2362 0
2363 0
2364 0
2365 0
2366 0
2367 0
2368 0
2369 0
2370 0
2371 0
2372 0
2373 0
2374 0
2375 2
2376 0
2377 0
2378 0
2379 0
2380 0
2381 0
2382 0
2383 0
2384 0
2385 1
2386 0
2387 0
2388 0
2389 0
2390 0
2391 0
2392 0
2393 0
2394 0
2395 0
2396 0
2397 0
2398 0
2399 0
2400 0
2401 0
2402 0
2403 0
2404 0
2405 0
2406 0
2407 0
2408 0
2409 0
2410 0
2411 0
2412 0
2413 1
2414 0
2415 0
2416 0
2417 0
2418 0
2419 0
2420 0
2421 0
2422 0
2423 0
2424 0
2425 0
2426 0
2427 0
2428 0
2429 0
2430 0
2431 0
2432 0
2433 0
2434 0
2435 0
2436 0
2437 0
2438 0
2439 0
2440 0
2441 0
2442 0
2443 0
2444 0
2445 0
2446 0
2447 0
2448 0
2449 0
2450 0
2451 0
2452 0
2453 0
2454 0
2455 0
2456 0
2457 0
2458 0
2459 0
2460 0
2461 0
2462 0
2463 0
2464 0
2465 0
2466 0
2467 0
2468 0
2469 0
2470 0
2471 0
2472 0
2473 0
2474 0
2475 0
2476 0
2477 0
2478 0
2479 0
2480 0
2481 0
2482 0
2483 0
2484 0
2485 0
2486 0
2487 0
2488 0
2489 0
2490 0
2491 0
2492 0
2493 0
2494 0
2495 0
2496 0
2497 0
2498 0
2499 0
2500 0
2501 0
2502 0
2503 0
2504 0
2505 0
2506 0
2507 0
2508 0
2509 0
2510 0
2511 0
2512 0
2513 0
2514 0
2515 0
2516 0
2517 0
2518 0
2519 0
2520 0
2521 0
2522 0
2523 0
2524 0
2525 0
2526 0
2527 0
2528 0
2529 0
2530 0
2531 0
2532 0
2533 0
2534 0
2535 0
2536 0
2537 0
2538 0
2539 0
2540 0
2541 0
2542 0
2543 0
2544 0
2545 0
2546 0
2547 0
2548 0
2549 0
2550 0
2551 0
2552 0
2553 0
2554 0
2555 0
2556 0
2557 0
2558 0
2559 0
2560 0
2561 0
2562 0
2563 0
2564 0
2565 0
2566 0
2567 0
2568 0
2569 0
2570 0
2571 0
2572 0
2573 0
2574 0
2575 0
2576 0
2577 0
2578 0
2579 0
2580 0
2581 0
2582 0
2583 0
2584 0
2585 0
2586 0
2587 0
2588 0
2589 0
2590 0
2591 0
2592 0
2593 0
2594 0
2595 0
2596 0
2597 0
2598 0
2599 0
2600 0
2601 0
2602 0
2603 0
2604 0
2605 0
2606 0
2607 0
2608 0
2609 0
2610 0
2611 0
2612 0
2613 0
2614 0
2615 0
2616 0
2617 0
2618 0
2619 1
2620 0
2621 0
2622 0
2623 0
2624 0
2625 0
2626 0
2627 0
2628 0
2629 0
2630 0
2631 0
2632 0
2633 0
2634 0
2635 0
2636 0
2637 0
2638 0
2639 0
2640 0
2641 0
2642 0
2643 0
2644 0
2645 0
2646 0
2647 0
2648 0
2649 0
2650 0
2651 0
2652 0
2653 0
2654 0
2655 0
2656 0
2657 0
2658 0
2659 0
2660 0
2661 0
2662 0
2663 0
2664 0
2665 0
2666 0
2667 0
2668 0
2669 0
2670 0
2671 0
2672 0
2673 0
2674 0
2675 0
2676 0
2677 0
2678 0
2679 0
2680 0
2681 0
2682 0
2683 0
2684 0
2685 0
2686 0
2687 0
2688 0
2689 0
2690 0
2691 0
2692 0
2693 0
2694 0
2695 0
2696 0
2697 0
2698 0
2699 0
2700 0
2701 0
2702 0
2703 0
2704 0
2705 0
2706 0
2707 0
2708 0
2709 0
2710 0
2711 0
2712 0
2713 0
2714 0
2715 0
2716 0
2717 0
2718 0
2719 0
2720 0
2721 0
2722 0
2723 0
2724 0
2725 0
2726 0
2727 0
2728 0
2729 0
2730 0
2731 0
2732 0
2733 0
2734 0
2735 0
2736 0
2737 0
2738 0
2739 0
2740 0
2741 0
2742 0
2743 0
2744 0
2745 0
2746 0
2747 0
2748 0
2749 0
2750 0
2751 0
2752 0
2753 0
2754 0
2755 0
2756 0
2757 0
2758 0
2759 0
2760 0
2761 0
2762 0
2763 0
2764 0
2765 0
2766 0
2767 0
2768 0
2769 1
2770 0
2771 0
2772 0
2773 0
2774 0
2775 0
2776 0
2777 0
2778 0
2779 0
2780 0
2781 0
2782 0
2783 0
2784 0
2785 0
2786 0
2787 0
2788 0
2789 0
2790 0
2791 0
2792 0
2793 0
2794 0
2795 0
2796 0
2797 0
2798 0
2799 0
2800 0
2801 0
2802 0
2803 0
2804 0
2805 0
2806 0
2807 0
2808 0
2809 0
2810 0
2811 0
2812 0
2813 0
2814 0
2815 0
2816 0
2817 0
2818 0
2819 0
2820 0
2821 0
2822 0
2823 0
2824 0
2825 0
2826 0
2827 0
2828 0
2829 0
2830 0
2831 0
2832 0
2833 0
2834 0
2835 0
2836 0
2837 0
2838 0
2839 0
2840 0
2841 0
2842 0
2843 0
2844 0
2845 0
2846 0
2847 0
2848 0
2849 0
2850 0
2851 0
2852 0
2853 0
2854 1
2855 0
2856 0
2857 0
2858 0
2859 0
2860 0
2861 0
2862 0
2863 0
2864 0
2865 0
2866 0
2867 0
2868 0
2869 0
2870 0
2871 0
2872 0
2873 0
2874 0
2875 0
2876 0
2877 0
2878 0
2879 0
2880 0
2881 0
2882 0
2883 0
2884 0
2885 0
2886 0
2887 0
2888 0
2889 0
2890 0
2891 0
2892 0
2893 0
2894 0
2895 1
2896 0
2897 0
2898 0
2899 0
2900 0
2901 0
2902 0
2903 0
2904 0
2905 0
2906 0
2907 0
2908 0
2909 0
2910 0
2911 0
2912 0
2913 0
2914 0
2915 0
2916 0
2917 0
2918 0
2919 0
2920 0
2921 0
2922 0
2923 0
2924 0
2925 0
2926 0
2927 0
2928 0
2929 0
2930 0
2931 0
2932 0
2933 0
2934 0
2935 0
2936 0
2937 0
2938 0
2939 0
2940 0
2941 0
2942 0
2943 0
2944 0
2945 0
2946 0
2947 0
2948 0
2949 0
2950 0
2951 0
2952 0
2953 0
2954 0
2955 0
2956 0
2957 0
2958 0
2959 0
2960 0
2961 0
2962 0
2963 0
2964 0
2965 0
2966 0
2967 0
2968 0
2969 0
2970 0
2971 0
2972 0
2973 1
2974 0
2975 0
2976 0
2977 0
2978 0
2979 0
2980 0
2981 0
2982 0
2983 0
2984 0
2985 0
2986 0
2987 0
2988 0
2989 0
2990 0
2991 0
2992 0
2993 0
2994 0
2995 0
2996 0
2997 0
2998 0
2999 0
3000 0
3001 0
3002 0
3003 0
3004 0
3005 0
3006 0
3007 0
3008 0
3009 0
3010 0
3011 0
3012 0
3013 0
3014 0
3015 0
3016 0
3017 0
3018 0
3019 0
3020 0
3021 0
3022 0
3023 0
3024 0
3025 0
3026 0
3027 0
3028 0
3029 0
3030 0
3031 0
3032 0
3033 0
3034 0
3035 0
3036 0
3037 0
3038 0
3039 0
3040 0
3041 0
3042 0
3043 0
3044 0
3045 0
3046 0
3047 0
3048 0
3049 0
3050 0
3051 0
3052 0
3053 0
3054 0
3055 0
3056 0
3057 0
3058 0
3059 0
3060 0
3061 0
3062 0
3063 0
3064 0
3065 0
3066 0
3067 0
3068 0
3069 0
3070 0
3071 0
3072 0
3073 0
3074 0
3075 0
3076 0
3077 0
3078 0
3079 0
3080 0
3081 0
3082 0
3083 0
3084 0
3085 0
3086 0
3087 0
3088 0
3089 0
3090 0
3091 0
3092 0
3093 0
3094 0
3095 0
3096 0
3097 0
3098 0
3099 0
3100 0
3101 0
3102 0
3103 0
3104 0
3105 1
3106 0
3107 0
3108 0
3109 0
3110 0
3111 0
3112 0
3113 0
3114 0
3115 0
3116 0
3117 0
3118 0
3119 0
3120 0
3121 0
3122 0
3123 0
3124 0
3125 0
3126 0
3127 0
3128 0
3129 0
3130 0
3131 0
3132 0
3133 0
3134 0
3135 0
3136 0
3137 0
3138 0
3139 0
3140 0
3141 0
3142 0
3143 0
3144 0
3145 0
3146 0
3147 0
3148 0
3149 0
3150 0
3151 0
3152 0
3153 0
3154 0
3155 0
3156 0
3157 0
3158 0
3159 0
3160 0
3161 1
3162 0
3163 0
3164 0
3165 0
3166 0
3167 0
3168 0
3169 0
3170 0
3171 0
3172 0
3173 0
3174 0
3175 0
3176 0
3177 0
3178 0
3179 0
3180 0
3181 0
3182 0
3183 0
3184 0
3185 0
3186 0
3187 0
3188 0
3189 0
3190 0
3191 0
3192 0
3193 0
3194 0
3195 0
3196 0
3197 0
3198 0
3199 0
3200 0
3201 0
3202 0
3203 0
3204 0
3205 0
3206 0
3207 0
3208 0
3209 0
3210 0
3211 0
3212 0
3213 0
3214 0
3215 0
3216 0
3217 0
3218 0
3219 0
3220 0
3221 0
3222 0
3223 0
3224 0
3225 0
3226 0
3227 0
3228 0
3229 0
3230 0
3231 0
3232 0
3233 0
3234 0
3235 0
3236 0
3237 0
3238 0
3239 0
3240 0
3241 0
3242 0
3243 0
3244 0
3245 0
3246 0
3247 0
3248 0
3249 0
3250 0
3251 0
3252 0
3253 0
3254 0
3255 0
3256 0
3257 0
3258 0
3259 0
3260 0
3261 0
3262 0
3263 0
3264 0
3265 0
3266 0
3267 0
3268 0
3269 0
3270 0
3271 0
3272 0
3273 0
3274 0
3275 0
3276 0
3277 0
3278 0
3279 0
3280 0
3281 0
3282 0
3283 0
3284 0
3285 0
3286 0
3287 0
3288 0
3289 0
3290 0
3291 0
3292 0
3293 0
3294 0
3295 0
3296 0
3297 0
3298 0
3299 0
3300 0
3301 0
3302 0
3303 0
3304 0
3305 0
3306 0
3307 0
3308 0
3309 0
3310 0
3311 0
3312 0
3313 0
3314 0
3315 0
3316 0
3317 0
3318 0
3319 0
3320 0
3321 0
3322 0
3323 0
3324 0
3325 0
3326 0
3327 0
3328 0
3329 0
3330 0
3331 0
3332 0
3333 0
3334 0
3335 0
3336 0
3337 0
3338 0
3339 0
3340 0
3341 0
3342 0
3343 0
3344 0
3345 0
3346 0
3347 0
3348 0
3349 0
3350 0
3351 0
3352 0
3353 0
3354 0
3355 0
3356 0
3357 0
3358 0
3359 0
3360 0
3361 0
3362 0
3363 0
3364 0
3365 0
3366 0
3367 0
3368 0
3369 0
3370 0
3371 0
3372 0
3373 0
3374 0
3375 0
3376 0
3377 0
3378 0
3379 0
3380 0
3381 0
3382 0
3383 0
3384 0
3385 0
3386 0
3387 0
3388 0
3389 0
3390 0
3391 0
3392 0
3393 0
3394 0
3395 0
3396 0
3397 0
3398 0
3399 0
3400 0
3401 0
3402 0
3403 0
3404 0
3405 0
3406 0
3407 0
3408 0
3409 0
3410 0
3411 0
3412 0
3413 0
3414 0
3415 0
3416 0
3417 0
3418 0
3419 0
3420 0
3421 0
3422 0
3423 0
3424 0
3425 0
3426 0
3427 0
3428 1
3429 0
3430 0
3431 0
3432 0
3433 0
3434 0
3435 0
3436 0
3437 0
3438 0
3439 0
3440 0
3441 0
3442 0
3443 0
3444 0
3445 0
3446 0
3447 0
3448 0
3449 0
3450 0
3451 0
3452 0
3453 0
3454 0
3455 0
3456 0
3457 0
3458 0
3459 0
3460 0
3461 0
3462 0
3463 0
3464 0
3465 0
3466 0
3467 0
3468 0
3469 0
3470 0
3471 0
3472 0
3473 0
3474 0
3475 0
3476 0
3477 0
3478 0
3479 0
3480 0
3481 0
3482 0
3483 0
3484 0
3485 0
3486 0
3487 0
3488 0
3489 0
3490 0
3491 0
3492 0
3493 0
3494 0
3495 0
3496 0
3497 0
3498 0
3499 0
3500 0
3501 0
3502 0
3503 0
3504 0
3505 0
3506 0
3507 0
3508 0
3509 0
3510 0
3511 0
3512 0
3513 0
3514 0
3515 0
3516 0
3517 0
3518 0
3519 0
3520 0
3521 0
3522 0
3523 0
3524 0
3525 0
3526 0
3527 0
3528 0
3529 1
3530 0
3531 0
3532 0
3533 0
3534 0
3535 0
3536 0
3537 0
3538 0
3539 0
3540 0
3541 0
3542 0
3543 0
3544 0
3545 0
3546 0
3547 0
3548 0
3549 0
3550 0
3551 0
3552 0
3553 0
3554 0
3555 0
3556 0
3557 0
3558 0
3559 0
3560 0
3561 0
3562 0
3563 0
3564 0
3565 0
3566 0
3567 0
3568 0
3569 0
3570 0
3571 0
3572 0
3573 0
3574 0
3575 0
3576 0
3577 0
3578 0
3579 0
3580 0
3581 0
3582 0
3583 0
3584 0
3585 0
3586 0
3587 0
3588 0
3589 0
3590 0
3591 0
3592 0
3593 0
3594 0
3595 0
3596 0
3597 0
3598 0
3599 0
3600 0
3601 0
3602 0
3603 0
3604 0
3605 0
3606 0
3607 0
3608 0
3609 0
3610 0
3611 0
3612 0
3613 0
3614 0
3615 0
3616 0
3617 0
3618 0
3619 0
3620 0
3621 0
3622 0
3623 0
3624 0
3625 0
3626 0
3627 0
3628 0
3629 0
3630 0
3631 0
3632 0
3633 0
3634 0
3635 0
3636 0
3637 0
3638 0
3639 0
3640 0
3641 0
3642 0
3643 0
3644 0
3645 0
3646 0
3647 0
3648 0
3649 0
3650 0
3651 0
3652 0
3653 0
3654 0
3655 0
3656 0
3657 0
3658 0
3659 0
3660 0
3661 0
3662 0
3663 0
3664 0
3665 0
3666 0
3667 0
3668 0
3669 0
3670 0
3671 0
3672 0
3673 0
3674 0
3675 0
3676 0
3677 0
3678 0
3679 0
3680 0
3681 0
3682 0
3683 0
3684 0
3685 0
3686 0
3687 0
3688 0
3689 0
3690 0
3691 0
3692 0
3693 0
3694 0
3695 0
3696 0
3697 0
3698 0
3699 0
3700 0
3701 0
3702 0
3703 0
3704 0
3705 0
3706 0
3707 0
3708 0
3709 0
3710 0
3711 0
3712 0
3713 0
3714 1
3715 0
3716 0
3717 0
3718 0
3719 0
3720 0
3721 0
3722 0
3723 0
3724 0
3725 0
3726 0
3727 0
3728 0
3729 0
3730 0
3731 0
3732 0
3733 0
3734 0
3735 0
3736 0
3737 0
3738 0
3739 0
3740 0
3741 0
3742 0
3743 0
3744 0
3745 0
3746 0
3747 0
3748 0
3749 0
3750 0
3751 0
3752 0
3753 0
3754 0
3755 0
3756 0
3757 0
3758 0
3759 0
3760 0
3761 0
3762 0
3763 0
3764 0
3765 0
3766 0
3767 0
3768 0
3769 0
3770 0
3771 0
3772 0
3773 0
3774 0
3775 0
3776 0
3777 0
3778 0
3779 0
3780 0
3781 0
3782 0
3783 0
3784 0
3785 0
3786 0
3787 0
3788 0
3789 0
3790 0
3791 0
3792 0
3793 0
3794 1
3795 0
3796 0
3797 0
3798 0
3799 0
3800 0
3801 0
3802 0
3803 0
3804 0
3805 0
3806 0
3807 0
3808 0
3809 0
3810 0
3811 0
3812 0
3813 0
3814 0
3815 0
3816 0
3817 0
3818 0
3819 0
3820 0
3821 0
3822 0
3823 0
3824 0
3825 0
3826 0
3827 0
3828 0
3829 0
3830 0
3831 0
3832 0
3833 0
3834 0
3835 0
3836 0
3837 0
3838 0
3839 0
3840 0
3841 0
3842 0
3843 0
3844 0
3845 0
3846 0
3847 0
3848 0
3849 0
3850 0
3851 0
3852 0
3853 0
3854 0
3855 0
3856 0
3857 0
3858 0
3859 0
3860 0
3861 0
3862 0
3863 0
3864 0
3865 0
3866 0
3867 0
3868 0
3869 0
3870 0
3871 0
3872 0
3873 0
3874 0
3875 0
3876 0
3877 0
3878 0
3879 0
3880 0
3881 0
3882 0
3883 0
3884 0
3885 0
3886 0
3887 0
3888 0
3889 0
3890 0
3891 0
3892 0
3893 0
3894 0
3895 0
3896 0
3897 0
3898 0
3899 0
3900 0
3901 0
3902 0
3903 0
3904 0
3905 0
3906 0
3907 0
3908 0
3909 0
3910 0
3911 0
3912 0
3913 0
3914 0
3915 0
3916 0
3917 0
3918 0
3919 0
3920 0
3921 0
3922 0
3923 0
3924 0
3925 0
3926 0
3927 0
3928 0
3929 0
3930 0
3931 0
3932 0
3933 0
3934 0
3935 0
3936 0
3937 0
3938 0
3939 0
3940 0
3941 0
3942 0
3943 0
3944 0
3945 0
3946 0
3947 0
3948 0
3949 0
3950 0
3951 0
3952 0
3953 0
3954 0
3955 0
3956 0
3957 0
3958 0
3959 0
3960 0
3961 0
3962 0
3963 0
3964 0
3965 0
3966 0
3967 0
3968 0
3969 0
3970 0
3971 0
3972 0
3973 0
3974 0
3975 0
3976 0
3977 0
3978 0
3979 0
3980 0
3981 0
3982 0
3983 0
3984 0
3985 0
3986 0
3987 0
3988 0
3989 0
3990 0
3991 0
3992 0
3993 0
3994 0
3995 0
3996 0
3997 0
3998 0
3999 0
4000 0
