0 0
1 0
2 0
3 0
4 0
5 0
6 0
7 0
8 0
9 0
10 0
11 0
12 0
13 0
14 0
15 0
16 0
17 0
18 0
19 0
20 0
21 0
22 0
23 0
24 0
25 0
26 0
27 0
28 0
29 0
30 0
31 0
32 0
33 0
34 0
35 0
36 0
37 0
38 0
39 0
40 0
41 0
42 0
43 0
44 0
45 0
46 0
47 0
48 0
49 0
50 0
51 0
52 0
53 0
54 0
55 0
56 0
57 0
58 0
59 0
60 0
61 0
62 0
63 0
64 0
65 0
66 0
67 0
68 0
69 0
70 0
71 0
72 0
73 0
74 0
75 0
76 0
77 0
78 0
79 0
80 0
81 0
82 0
83 0
84 0
85 0
86 0
87 0
88 0
89 0
90 0
91 0
92 0
93 0
94 0
95 0
96 0
97 0
98 0
99 0
100 0
101 0
102 0
103 0
104 0
105 0
106 0
107 0
108 0
109 0
110 0
111 0
112 0
113 0
114 0
115 0
116 0
117 0
118 0
119 0
120 0
121 0
122 0
123 0
124 0
125 0
126 0
127 0
128 0
129 0
130 0
131 0
132 0
133 0
134 0
135 0
136 0
137 0
138 0
139 0
140 0
141 0
142 0
143 0
144 0
145 0
146 0
147 0
148 0
149 1
150 0
151 1
152 1
153 1
154 3
155 4
156 9
157 6
158 1
159 2
160 6
161 4
162 4
163 6
164 3
165 4
166 3
167 8
168 6
169 7
170 7
171 6
172 11
173 13
174 17
175 21
176 43
177 44
178 82
179 104
180 132
181 158
182 180
183 205
184 267
185 326
186 482
187 940
188 1397
189 1801
190 2165
191 2404
192 2449
193 2521
194 2428
195 2187
196 1955
197 1923
198 1697
199 1552
200 1420
201 1271
202 1191
203 1009
204 941
205 861
206 813
207 760
208 738
209 712
210 714
211 680
212 641
213 655
214 667
215 642
216 676
217 681
218 678
219 688
220 634
221 647
222 691
223 703
224 702
225 687
226 730
227 736
228 664
229 699
230 714
231 713
232 751
233 708
234 744
235 722
236 724
237 720
238 769
239 769
240 770
241 731
242 794
243 806
244 744
245 771
246 770
247 783
248 806
249 828
250 828
251 824
252 834
253 776
254 843
255 897
256 846
257 841
258 875
259 894
260 835
261 855
262 846
263 865
264 944
265 794
266 876
267 857
268 884
269 892
270 876
271 916
272 869
273 957
274 868
275 901
276 916
277 870
278 929
279 915
280 883
281 889
282 910
283 902
284 959
285 943
286 966
287 971
288 922
289 949
290 981
291 965
292 970
293 1027
294 1060
295 972
296 1025
297 934
298 1011
299 1011
300 1000
301 1083
302 1038
303 1050
304 1056
305 989
306 1023
307 1026
308 1087
309 1076
310 1071
311 1093
312 1095
313 1025
314 1107
315 1043
316 1102
317 1094
318 1160
319 1141
320 1073
321 1090
322 1134
323 1114
324 1106
325 1102
326 1167
327 1167
328 1185
329 1162
330 1183
331 1206
332 1224
333 1220
334 1220
335 1215
336 1245
337 1166
338 1211
339 1269
340 1261
341 1234
342 1218
343 1222
344 1238
345 1309
346 1309
347 1368
348 1325
349 1353
350 1235
351 1251
352 1355
353 1308
354 1387
355 1304
356 1410
357 1418
358 1369
359 1368
360 1396
361 1366
362 1443
363 1355
364 1485
365 1486
366 1415
367 1512
368 1431
369 1476
370 1483
371 1526
372 1566
373 1535
374 1563
375 1525
376 1501
377 1548
378 1584
379 1572
380 1486
381 1619
382 1573
383 1615
384 1601
385 1604
386 1609
387 1590
388 1613
389 1705
390 1640
391 1680
392 1656
393 1640
394 1649
395 1758
396 1801
397 1693
398 1659
399 1771
400 1819
401 1779
402 1736
403 1700
404 1784
405 1805
406 1714
407 1765
408 1803
409 1783
410 1766
411 1833
412 1878
413 1884
414 1871
415 1845
416 1864
417 1864
418 1909
419 1926
420 1784
421 1957
422 1912
423 1926
424 2010
425 1960
426 1895
427 1948
428 1884
429 2027
430 2039
431 2032
432 1931
433 1942
434 2028
435 2047
436 2046
437 2012
438 2034
439 2050
440 2071
441 2054
442 2014
443 2027
444 2089
445 2081
446 2113
447 2017
448 2177
449 2081
450 2124
451 2117
452 2154
453 2133
454 2055
455 2021
456 2088
457 2077
458 2067
459 2087
460 2203
461 2166
462 2160
463 2059
464 2113
465 2090
466 2147
467 2136
468 2119
469 2077
470 2113
471 2191
472 2140
473 2137
474 2065
475 2193
476 2167
477 2063
478 2213
479 2124
480 2145
481 2201
482 2222
483 2208
484 2179
485 2122
486 2167
487 2075
488 2199
489 2121
490 2204
491 2281
492 2125
493 2164
494 2125
495 2162
496 2167
497 2131
498 2167
499 2026
500 2052
501 2144
502 2223
503 2088
504 2169
505 2153
506 2116
507 2160
508 2056
509 2107
510 2104
511 2082
512 2113
513 2104
514 2168
515 2058
516 2086
517 1958
518 2023
519 1974
520 2134
521 2088
522 2034
523 1953
524 2043
525 2041
526 2060
527 2051
528 1977
529 2018
530 1922
531 2068
532 2021
533 1918
534 1991
535 1946
536 2007
537 1922
538 1983
539 1966
540 1960
541 1874
542 1911
543 1881
544 1843
545 1953
546 1834
547 1867
548 1820
549 1895
550 1913
551 1839
552 1872
553 1868
554 1823
555 1811
556 1732
557 1787
558 1737
559 1831
560 1725
561 1776
562 1778
563 1753
564 1677
565 1696
566 1724
567 1660
568 1736
569 1649
570 1662
571 1684
572 1665
573 1566
574 1604
575 1630
576 1589
577 1603
578 1637
579 1598
580 1589
581 1555
582 1620
583 1578
584 1533
585 1564
586 1485
587 1506
588 1515
589 1510
590 1456
591 1412
592 1474
593 1463
594 1518
595 1471
596 1454
597 1402
598 1423
599 1332
600 1396
601 1411
602 1394
603 1384
604 1387
605 1386
606 1309
607 1292
608 1307
609 1315
610 1262
611 1338
612 1283
613 1303
614 1273
615 1212
616 1228
617 1250
618 1227
619 1264
620 1210
621 1201
622 1179
623 1210
624 1203
625 1166
626 1144
627 1112
628 1219
629 1095
630 1127
631 1153
632 1019
633 1117
634 1062
635 1073
636 1091
637 1031
638 1064
639 1030
640 1012
641 1035
642 1086
643 1011
644 996
645 990
646 979
647 912
648 992
649 961
650 919
651 880
652 889
653 954
654 937
655 929
656 943
657 918
658 865
659 920
660 892
661 893
662 829
663 899
664 834
665 897
666 841
667 843
668 833
669 818
670 806
671 776
672 811
673 803
674 785
675 816
676 796
677 742
678 709
679 700
680 760
681 715
682 779
683 731
684 702
685 689
686 739
687 680
688 717
689 696
690 682
691 699
692 691
693 706
694 676
695 702
696 680
697 669
698 626
699 645
700 643
701 605
702 624
703 639
704 610
705 607
706 602
707 540
708 582
709 527
710 575
711 556
712 559
713 529
714 559
715 570
716 571
717 560
718 557
719 505
720 580
721 521
722 531
723 483
724 484
725 507
726 502
727 538
728 487
729 535
730 511
731 479
732 526
733 480
734 508
735 503
736 441
737 497
738 448
739 460
740 469
741 464
742 495
743 435
744 442
745 448
746 456
747 418
748 463
749 442
750 438
751 416
752 434
753 420
754 426
755 385
756 409
757 427
758 388
759 413
760 396
761 401
762 374
763 379
764 408
765 400
766 389
767 375
768 399
769 369
770 385
771 383
772 404
773 375
774 371
775 394
776 367
777 375
778 360
779 341
780 383
781 364
782 341
783 328
784 354
785 360
786 369
787 344
788 344
789 334
790 344
791 349
792 335
793 328
794 337
795 345
796 354
797 342
798 322
799 344
800 333
801 361
802 326
803 314
804 327
805 311
806 327
807 311
808 325
809 326
810 311
811 324
812 350
813 313
814 297
815 300
816 297
817 292
818 298
819 324
820 307
821 338
822 315
823 298
824 295
825 307
826 280
827 333
828 312
829 312
830 311
831 298
832 285
833 319
834 321
835 303
836 303
837 271
838 276
839 319
840 297
841 293
842 272
843 300
844 310
845 291
846 287
847 281
848 297
849 279
850 293
851 305
852 300
853 285
854 269
855 281
856 256
857 297
858 310
859 262
860 304
861 289
862 284
863 267
864 254
865 245
866 283
867 280
868 279
869 283
870 296
871 279
872 285
873 280
874 268
875 278
876 275
877 242
878 249
879 258
880 281
881 280
882 241
883 293
884 292
885 255
886 274
887 258
888 278
889 284
890 258
891 258
892 270
893 260
894 258
895 262
896 266
897 247
898 262
899 261
900 278
901 274
902 259
903 274
904 242
905 228
906 252
907 249
908 274
909 280
910 251
911 242
912 241
913 268
914 263
915 235
916 269
917 250
918 237
919 265
920 248
921 275
922 246
923 239
924 234
925 289
926 282
927 264
928 278
929 264
930 243
931 261
932 248
933 277
934 267
935 276
936 265
937 253
938 268
939 261
940 256
941 256
942 251
943 265
944 265
945 265
946 259
947 249
948 271
949 263
950 278
951 279
952 248
953 273
954 236
955 248
956 265
957 259
958 259
959 260
960 233
961 258
962 253
963 243
964 232
965 266
966 237
967 265
968 255
969 259
970 241
971 247
972 268
973 263
974 282
975 247
976 255
977 243
978 251
979 283
980 265
981 265
982 250
983 239
984 239
985 235
986 268
987 250
988 250
989 250
990 240
991 227
992 252
993 253
994 264
995 253
996 300
997 237
998 254
999 258
1000 215
1001 238
1002 257
1003 241
1004 242
1005 261
1006 253
1007 247
1008 220
1009 263
1010 247
1011 265
1012 253
1013 223
1014 259
1015 234
1016 220
1017 227
1018 236
1019 205
1020 234
1021 254
1022 233
1023 252
1024 250
1025 231
1026 253
1027 230
1028 239
1029 262
1030 262
1031 255
1032 257
1033 265
1034 251
1035 263
1036 270
1037 242
1038 234
1039 232
1040 236
1041 238
1042 243
1043 265
1044 215
1045 235
1046 270
1047 212
1048 228
1049 255
1050 242
1051 258
1052 227
1053 272
1054 230
1055 247
1056 264
1057 248
1058 230
1059 222
1060 259
1061 232
1062 234
1063 227
1064 239
1065 225
1066 244
1067 214
1068 247
1069 223
1070 232
1071 259
1072 238
1073 247
1074 236
1075 217
1076 262
1077 231
1078 239
1079 237
1080 229
1081 233
1082 269
1083 235
1084 234
1085 255
1086 241
1087 253
1088 204
1089 237
1090 256
1091 224
1092 263
1093 227
1094 234
1095 236
1096 228
1097 213
1098 244
1099 229
1100 209
1101 236
1102 221
1103 241
1104 229
1105 230
1106 218
1107 228
1108 216
1109 230
1110 223
1111 220
1112 231
1113 226
1114 226
1115 256
1116 208
1117 245
1118 253
1119 209
1120 216
1121 207
1122 239
1123 193
1124 241
1125 217
1126 220
1127 193
1128 211
1129 220
1130 202
1131 216
1132 227
1133 223
1134 219
1135 228
1136 232
1137 242
1138 216
1139 193
1140 229
1141 185
1142 210
1143 208
1144 244
1145 214
1146 206
1147 200
1148 199
1149 212
1150 218
1151 185
1152 224
1153 206
1154 219
1155 197
1156 214
1157 214
1158 204
1159 216
1160 193
1161 203
1162 181
1163 183
1164 202
1165 222
1166 220
1167 212
1168 204
1169 234
1170 217
1171 186
1172 203
1173 191
1174 194
1175 226
1176 190
1177 171
1178 200
1179 185
1180 211
1181 198
1182 197
1183 182
1184 197
1185 185
1186 182
1187 174
1188 204
1189 190
1190 186
1191 221
1192 194
1193 176
1194 166
1195 192
1196 196
1197 191
1198 182
1199 209
1200 188
1201 179
1202 168
1203 211
1204 176
1205 200
1206 159
1207 156
1208 166
1209 166
1210 182
1211 175
1212 161
1213 149
1214 180
1215 171
1216 167
1217 171
1218 163
1219 198
1220 188
1221 167
1222 191
1223 170
1224 174
1225 168
1226 163
1227 165
1228 157
1229 161
1230 158
1231 191
1232 147
1233 176
1234 169
1235 161
1236 149
1237 174
1238 176
1239 167
1240 189
1241 179
1242 171
1243 167
1244 157
1245 160
1246 161
1247 154
1248 165
1249 180
1250 154
1251 154
1252 153
1253 187
1254 162
1255 141
1256 175
1257 154
1258 160
1259 135
1260 141
1261 168
1262 165
1263 143
1264 149
1265 157
1266 140
1267 137
1268 155
1269 149
1270 130
1271 143
1272 176
1273 145
1274 140
1275 149
1276 151
1277 172
1278 160
1279 129
1280 168
1281 126
1282 129
1283 173
1284 163
1285 149
1286 162
1287 151
1288 134
1289 149
1290 130
1291 150
1292 123
1293 149
1294 169
1295 131
1296 136
1297 144
1298 141
1299 137
1300 142
1301 144
1302 147
1303 143
1304 144
1305 145
1306 123
1307 134
1308 112
1309 125
1310 121
1311 141
1312 134
1313 130
1314 127
1315 127
1316 145
1317 133
1318 131
1319 132
1320 112
1321 131
1322 143
1323 110
1324 117
1325 138
1326 128
1327 134
1328 124
1329 122
1330 126
1331 128
1332 131
1333 115
1334 139
1335 99
1336 144
1337 120
1338 107
1339 108
1340 103
1341 86
1342 120
1343 124
1344 101
1345 117
1346 111
1347 113
1348 120
1349 129
1350 121
1351 108
1352 127
1353 116
1354 112
1355 93
1356 120
1357 111
1358 111
1359 108
1360 131
1361 122
1362 122
1363 129
1364 108
1365 119
1366 104
1367 116
1368 91
1369 102
1370 87
1371 98
1372 122
1373 126
1374 98
1375 101
1376 98
1377 122
1378 91
1379 92
1380 112
1381 100
1382 109
1383 87
1384 90
1385 97
1386 97
1387 106
1388 103
1389 99
1390 104
1391 86
1392 110
1393 100
1394 90
1395 76
1396 88
1397 91
1398 96
1399 77
1400 120
1401 95
1402 101
1403 105
1404 96
1405 114
1406 88
1407 96
1408 94
1409 81
1410 77
1411 97
1412 99
1413 91
1414 94
1415 96
1416 81
1417 102
1418 99
1419 82
1420 76
1421 75
1422 97
1423 87
1424 85
1425 92
1426 93
1427 79
1428 83
1429 98
1430 80
1431 81
1432 89
1433 98
1434 79
1435 67
1436 76
1437 85
1438 64
1439 99
1440 71
1441 69
1442 74
1443 86
1444 100
1445 73
1446 70
1447 88
1448 70
1449 77
1450 73
1451 69
1452 60
1453 70
1454 71
1455 101
1456 74
1457 76
1458 74
1459 81
1460 72
1461 71
1462 53
1463 71
1464 66
1465 69
1466 68
1467 64
1468 65
1469 62
1470 64
1471 53
1472 62
1473 57
1474 70
1475 48
1476 63
1477 67
1478 73
1479 96
1480 68
1481 66
1482 61
1483 50
1484 69
1485 66
1486 73
1487 72
1488 74
1489 69
1490 59
1491 68
1492 67
1493 74
1494 87
1495 67
1496 55
1497 57
1498 67
1499 64
1500 74
1501 58
1502 65
1503 49
1504 58
1505 56
1506 57
1507 64
1508 68
1509 67
1510 54
1511 57
1512 54
1513 62
1514 52
1515 56
1516 59
1517 62
1518 50
1519 42
1520 58
1521 52
1522 64
1523 60
1524 53
1525 58
1526 61
1527 64
1528 53
1529 54
1530 46
1531 54
1532 74
1533 72
1534 57
1535 53
1536 40
1537 61
1538 52
1539 42
1540 52
1541 50
1542 47
1543 57
1544 49
1545 46
1546 50
1547 49
1548 56
1549 52
1550 47
1551 51
1552 43
1553 56
1554 64
1555 43
1556 42
1557 42
1558 45
1559 46
1560 51
1561 55
1562 43
1563 47
1564 46
1565 53
1566 37
1567 46
1568 42
1569 45
1570 50
1571 42
1572 50
1573 40
1574 37
1575 40
1576 37
1577 44
1578 56
1579 46
1580 47
1581 45
1582 33
1583 43
1584 44
1585 49
1586 45
1587 33
1588 62
1589 56
1590 49
1591 47
1592 52
1593 45
1594 34
1595 48
1596 34
1597 45
1598 33
1599 35
1600 32
1601 35
1602 34
1603 36
1604 32
1605 53
1606 48
1607 39
1608 36
1609 43
1610 42
1611 50
1612 40
1613 29
1614 44
1615 38
1616 34
1617 34
1618 25
1619 37
1620 34
1621 28
1622 35
1623 42
1624 37
1625 33
1626 26
1627 40
1628 30
1629 34
1630 32
1631 35
1632 41
1633 38
1634 41
1635 29
1636 22
1637 37
1638 32
1639 31
1640 42
1641 36
1642 31
1643 32
1644 34
1645 32
1646 22
1647 34
1648 33
1649 33
1650 34
1651 35
1652 35
1653 19
1654 39
1655 34
1656 39
1657 32
1658 35
1659 25
1660 24
1661 32
1662 33
1663 26
1664 37
1665 26
1666 22
1667 20
1668 27
1669 24
1670 29
1671 27
1672 24
1673 21
1674 25
1675 30
1676 29
1677 24
1678 20
1679 25
1680 21
1681 24
1682 27
1683 21
1684 22
1685 30
1686 28
1687 28
1688 20
1689 24
1690 28
1691 30
1692 33
1693 24
1694 26
1695 25
1696 18
1697 23
1698 16
1699 18
1700 21
1701 20
1702 24
1703 18
1704 23
1705 27
1706 23
1707 20
1708 22
1709 29
1710 27
1711 20
1712 20
1713 19
1714 21
1715 17
1716 22
1717 12
1718 29
1719 24
1720 22
1721 24
1722 21
1723 17
1724 21
1725 14
1726 18
1727 24
1728 22
1729 22
1730 22
1731 21
1732 21
1733 20
1734 16
1735 18
1736 21
1737 18
1738 17
1739 13
1740 12
1741 16
1742 15
1743 19
1744 19
1745 19
1746 20
1747 15
1748 16
1749 12
1750 13
1751 17
1752 20
1753 15
1754 17
1755 14
1756 18
1757 20
1758 7
1759 21
1760 19
1761 16
1762 20
1763 10
1764 12
1765 17
1766 13
1767 18
1768 26
1769 15
1770 14
1771 9
1772 22
1773 16
1774 17
1775 19
1776 8
1777 14
1778 11
1779 14
1780 22
1781 17
1782 16
1783 17
1784 11
1785 15
1786 7
1787 15
1788 10
1789 13
1790 20
1791 15
1792 14
1793 11
1794 8
1795 17
1796 13
1797 13
1798 20
1799 14
1800 17
1801 14
1802 23
1803 17
1804 12
1805 11
1806 12
1807 12
1808 19
1809 14
1810 9
1811 8
1812 8
1813 13
1814 10
1815 14
1816 16
1817 13
1818 12
1819 5
1820 14
1821 17
1822 11
1823 14
1824 5
1825 14
1826 14
1827 10
1828 12
1829 16
1830 8
1831 18
1832 14
1833 8
1834 4
1835 7
1836 8
1837 4
1838 8
1839 5
1840 7
1841 8
1842 8
1843 8
1844 9
1845 8
1846 6
1847 7
1848 6
1849 9
1850 9
1851 6
1852 8
1853 8
1854 6
1855 12
1856 4
1857 10
1858 8
1859 5
1860 9
1861 9
1862 12
1863 8
1864 10
1865 6
1866 7
1867 10
1868 14
1869 8
1870 9
1871 10
1872 11
1873 8
1874 5
1875 12
1876 9
1877 6
1878 6
1879 7
1880 6
1881 7
1882 10
1883 9
1884 10
1885 7
1886 5
1887 3
1888 6
1889 4
1890 10
1891 10
1892 7
1893 6
1894 8
1895 6
1896 9
1897 9
1898 5
1899 9
1900 8
1901 8
1902 6
1903 10
1904 5
1905 9
1906 6
1907 6
1908 5
1909 9
1910 0
1911 6
1912 9
1913 7
1914 6
1915 7
1916 6
1917 3
1918 9
1919 7
1920 8
1921 3
1922 9
1923 3
1924 8
1925 5
1926 4
1927 2
1928 6
1929 10
1930 6
1931 7
1932 7
1933 2
1934 7
1935 9
1936 5
1937 1
1938 4
1939 6
1940 6
1941 6
1942 5
1943 9
1944 6
1945 6
1946 7
1947 5
1948 2
1949 4
1950 4
1951 2
1952 4
1953 6
1954 4
1955 4
1956 3
1957 5
1958 4
1959 4
1960 2
1961 4
1962 5
1963 2
1964 4
1965 4
1966 4
1967 2
1968 7
1969 2
1970 4
1971 4
1972 5
1973 5
1974 7
1975 3
1976 1
1977 6
1978 4
1979 4
1980 2
1981 2
1982 4
1983 4
1984 2
1985 3
1986 6
1987 7
1988 3
1989 2
1990 3
1991 5
1992 4
1993 5
1994 1
1995 2
1996 5
1997 2
1998 4
1999 2
2000 5
2001 0
2002 0
2003 3
2004 6
2005 7
2006 2
2007 7
2008 1
2009 2
2010 4
2011 2
2012 2
2013 5
2014 2
2015 4
2016 5
2017 3
2018 5
2019 1
2020 4
2021 7
2022 0
2023 2
2024 2
2025 3
2026 3
2027 3
2028 2
2029 3
2030 7
2031 0
2032 1
2033 2
2034 4
2035 4
2036 2
2037 2
2038 2
2039 2
2040 4
2041 5
2042 2
2043 2
2044 2
2045 0
2046 1
2047 2
2048 4
2049 4
2050 4
2051 0
2052 7
2053 3
2054 5
2055 0
2056 4
2057 0
2058 1
2059 6
2060 5
2061 4
2062 2
2063 1
2064 5
2065 5
2066 2
2067 3
2068 5
2069 3
2070 2
2071 3
2072 4
2073 1
2074 3
2075 1
2076 1
2077 1
2078 1
2079 4
2080 2
2081 2
2082 1
2083 1
2084 0
2085 1
2086 1
2087 0
2088 2
2089 3
2090 1
2091 3
2092 0
2093 3
2094 0
2095 3
2096 0
2097 1
2098 5
2099 0
2100 2
2101 1
2102 1
2103 3
2104 0
2105 1
2106 3
2107 2
2108 1
2109 2
2110 2
2111 1
2112 2
2113 0
2114 1
2115 2
2116 1
2117 0
2118 1
2119 1
2120 2
2121 4
2122 3
2123 1
2124 2
2125 3
2126 1
2127 4
2128 0
2129 1
2130 1
2131 2
2132 0
2133 1
2134 3
2135 2
2136 4
2137 1
2138 1
2139 1
2140 1
2141 2
2142 1
2143 0
2144 1
2145 2
2146 3
2147 0
2148 1
2149 2
2150 1
2151 2
2152 3
2153 1
2154 0
2155 2
2156 2
2157 4
2158 2
2159 1
2160 2
2161 3
2162 1
2163 3
2164 0
2165 0
2166 1
2167 4
2168 0
2169 0
2170 0
2171 1
2172 2
2173 0
2174 0
2175 2
2176 2
2177 1
2178 1
2179 0
2180 1
2181 1
2182 3
2183 1
2184 0
2185 2
2186 0
2187 1
2188 1
2189 0
2190 1
2191 0
2192 0
2193 2
2194 2
2195 0
2196 1
2197 0
2198 0
2199 1
2200 1
2201 1
2202 1
2203 0
2204 0
2205 0
2206 2
2207 1
2208 2
2209 0
2210 1
2211 0
2212 1
2213 1
2214 0
2215 1
2216 1
2217 1
2218 2
2219 0
2220 1
2221 0
2222 3
2223 1
2224 1
2225 0
2226 0
2227 1
2228 1
2229 3
2230 0
2231 1
2232 1
2233 1
2234 1
2235 1
2236 1
2237 0
2238 0
2239 1
2240 2
2241 1
2242 0
2243 1
2244 1
2245 1
2246 0
2247 0
2248 1
2249 1
2250 0
2251 1
2252 0
2253 0
2254 0
2255 2
2256 1
2257 2
2258 0
2259 1
2260 1
2261 0
2262 0
2263 2
2264 2
2265 0
2266 0
2267 0
2268 2
2269 0
2270 0
2271 1
2272 2
2273 1
2274 0
2275 0
2276 0
2277 2
2278 0
2279 0
2280 0
2281 2
2282 0
2283 1
2284 0
2285 0
2286 0
2287 0
2288 0
2289 0
2290 0
2291 0
2292 0
2293 0
2294 2
2295 0
2296 1
2297 1
2298 0
2299 1
2300 0
2301 1
2302 0
2303 0
2304 0
2305 1
2306 2
2307 2
2308 2
2309 0
2310 0
2311 1
2312 0
2313 0
2314 0
2315 0
2316 0
2317 0
2318 0
2319 0
2320 0
2321 0
2322 0
2323 1
2324 1
2325 0
2326 1
2327 0
2328 0
2329 0
2330 0
2331 1
2332 0
2333 0
2334 1
2335 0
2336 0
2337 0
2338 0
2339 0
2340 0
2341 0
2342 1
2343 0
2344 0
2345 1
2346 0
2347 0
2348 2
2349 0
2350 0
2351 0
2352 0
2353 1
2354 1
2355 1
2356 0
2357 0
2358 0
2359 0
2360 0
2361 0
2362 1
2363 0
2364 0
2365 0
2366 0
2367 0
2368 0
2369 0
2370 1
2371 0
2372 0
2373 0
2374 0
2375 3
2376 2
2377 0
2378 0
2379 0
2380 1
2381 0
2382 1
2383 0
2384 0
2385 1
2386 1
2387 0
2388 0
2389 1
2390 0
2391 1
2392 0
2393 0
2394 0
2395 0
2396 1
2397 0
2398 0
2399 0
2400 0
2401 0
2402 0
2403 0
2404 0
2405 0
2406 0
2407 0
2408 0
2409 0
2410 0
2411 1
2412 0
2413 1
2414 0
2415 0
2416 1
2417 0
2418 0
2419 0
2420 0
2421 0
2422 0
2423 0
2424 0
2425 1
2426 0
2427 0
2428 1
2429 1
2430 1
2431 0
2432 0
2433 1
2434 1
2435 0
2436 1
2437 0
2438 0
2439 0
2440 0
2441 0
2442 0
2443 1
2444 2
2445 0
2446 0
2447 2
2448 0
2449 1
2450 2
2451 1
2452 0
2453 0
2454 0
2455 0
2456 0
2457 0
2458 0
2459 0
2460 0
2461 0
2462 1
2463 0
2464 1
2465 0
2466 0
2467 0
2468 0
2469 0
2470 0
2471 0
2472 1
2473 0
2474 0
2475 0
2476 2
2477 0
2478 0
2479 0
2480 0
2481 0
2482 0
2483 0
2484 0
2485 0
2486 0
2487 0
2488 0
2489 0
2490 0
2491 0
2492 0
2493 0
2494 1
2495 1
2496 0
2497 0
2498 0
2499 0
2500 0
2501 0
2502 0
2503 1
2504 0
2505 0
2506 0
2507 0
2508 0
2509 0
2510 0
2511 0
2512 0
2513 0
2514 0
2515 0
2516 0
2517 0
2518 1
2519 0
2520 0
2521 0
2522 0
2523 0
2524 0
2525 1
2526 0
2527 0
2528 0
2529 0
2530 1
2531 0
2532 0
2533 0
2534 0
2535 0
2536 0
2537 0
2538 1
2539 0
2540 0
2541 0
2542 0
2543 0
2544 1
2545 0
2546 0
2547 0
2548 0
2549 0
2550 0
2551 0
2552 1
2553 0
2554 0
2555 0
2556 1
2557 0
2558 0
2559 1
2560 0
2561 0
2562 0
2563 0
2564 0
2565 0
2566 0
2567 0
2568 0
2569 0
2570 0
2571 0
2572 0
2573 0
2574 0
2575 0
2576 0
2577 0
2578 1
2579 0
2580 0
2581 1
2582 0
2583 0
2584 0
2585 0
2586 0
2587 0
2588 0
2589 0
2590 0
2591 0
2592 0
2593 0
2594 0
2595 0
2596 1
2597 0
2598 0
2599 0
2600 0
2601 0
2602 0
2603 0
2604 0
2605 0
2606 0
2607 0
2608 0
2609 0
2610 0
2611 0
2612 0
2613 0
2614 0
2615 0
2616 0
2617 0
2618 0
2619 0
2620 1
2621 0
2622 0
2623 0
2624 1
2625 0
2626 0
2627 0
2628 0
2629 0
2630 0
2631 0
2632 0
2633 0
2634 0
2635 0
2636 0
2637 0
2638 0
2639 0
2640 0
2641 0
2642 1
2643 0
2644 0
2645 0
2646 0
2647 0
2648 0
2649 0
2650 0
2651 0
2652 0
2653 0
2654 0
2655 1
2656 0
2657 0
2658 0
2659 0
2660 0
2661 0
2662 0
2663 1
2664 0
2665 0
2666 0
2667 0
2668 0
2669 0
2670 1
2671 0
2672 0
2673 0
2674 0
2675 0
2676 0
2677 0
2678 0
2679 0
2680 0
2681 1
2682 0
2683 0
2684 0
2685 0
2686 0
2687 1
2688 0
2689 0
2690 0
2691 0
2692 0
2693 0
2694 0
2695 0
2696 0
2697 0
2698 0
2699 0
2700 0
2701 0
2702 0
2703 0
2704 0
2705 0
2706 0
2707 0
2708 0
2709 0
2710 0
2711 0
2712 0
2713 0
2714 0
2715 1
2716 0
2717 0
2718 0
2719 0
2720 0
2721 1
2722 0
2723 0
2724 0
2725 0
2726 0
2727 0
2728 0
2729 0
2730 0
2731 0
2732 0
2733 0
2734 0
2735 0
2736 0
2737 0
2738 0
2739 0
2740 0
2741 0
2742 0
2743 0
2744 0
2745 1
2746 0
2747 0
2748 0
2749 0
2750 0
2751 0
2752 0
2753 0
2754 0
2755 0
2756 0
2757 0
2758 1
2759 0
2760 0
2761 0
2762 0
2763 0
2764 0
2765 0
2766 0
2767 0
2768 0
2769 0
2770 0
2771 0
2772 0
2773 0
2774 0
2775 0
2776 0
2777 0
2778 0
2779 0
2780 0
2781 1
2782 0
2783 0
2784 0
2785 0
2786 0
2787 0
2788 0
2789 0
2790 1
2791 0
2792 1
2793 0
2794 0
2795 0
2796 0
2797 0
2798 0
2799 0
2800 0
2801 0
2802 0
2803 0
2804 0
2805 0
2806 0
2807 0
2808 0
2809 0
2810 0
2811 0
2812 0
2813 0
2814 0
2815 0
2816 0
2817 0
2818 0
2819 0
2820 0
2821 0
2822 0
2823 0
2824 0
2825 0
2826 0
2827 0
2828 0
2829 0
2830 0
2831 0
2832 0
2833 0
2834 0
2835 0
2836 0
2837 0
2838 0
2839 0
2840 0
2841 0
2842 0
2843 0
2844 0
2845 0
2846 0
2847 0
2848 0
2849 0
2850 0
2851 0
2852 0
2853 0
2854 0
2855 0
2856 0
2857 0
2858 0
2859 0
2860 0
2861 0
2862 0
2863 0
2864 0
2865 0
2866 0
2867 0
2868 0
2869 0
2870 0
2871 0
2872 0
2873 0
2874 0
2875 0
2876 0
2877 0
2878 0
2879 0
2880 0
2881 1
2882 0
2883 0
2884 0
2885 0
2886 0
2887 0
2888 1
2889 0
2890 0
2891 0
2892 0
2893 0
2894 1
2895 0
2896 0
2897 0
2898 0
2899 0
2900 0
2901 0
2902 0
2903 0
2904 0
2905 0
2906 0
2907 0
2908 0
2909 0
2910 0
2911 0
2912 1
2913 0
2914 0
2915 0
2916 0
2917 0
2918 0
2919 0
2920 0
2921 0
2922 0
2923 0
2924 0
2925 0
2926 0
2927 0
2928 0
2929 0
2930 0
2931 0
2932 0
2933 0
2934 0
2935 0
2936 0
2937 0
2938 0
2939 0
2940 0
2941 0
2942 0
2943 0
2944 0
2945 0
2946 0
2947 0
2948 0
2949 0
2950 0
2951 0
2952 1
2953 0
2954 0
2955 0
2956 0
2957 0
2958 0
2959 0
2960 0
2961 0
2962 0
2963 0
2964 0
2965 0
2966 0
2967 0
2968 0
2969 0
2970 0
2971 0
2972 0
2973 0
2974 0
2975 0
2976 0
2977 0
2978 0
2979 0
2980 0
2981 0
2982 1
2983 0
2984 0
2985 0
2986 0
2987 0
2988 0
2989 0
2990 0
2991 0
2992 0
2993 0
2994 1
2995 0
2996 0
2997 0
2998 0
2999 0
3000 0
3001 0
3002 0
3003 0
3004 0
3005 0
3006 0
3007 0
3008 0
3009 0
3010 0
3011 0
3012 0
3013 0
3014 0
3015 0
3016 0
3017 0
3018 0
3019 0
3020 0
3021 0
3022 0
3023 0
3024 0
3025 0
3026 0
3027 0
3028 0
3029 0
3030 0
3031 0
3032 0
3033 0
3034 1
3035 0
3036 0
3037 0
3038 1
3039 0
3040 0
3041 0
3042 0
3043 0
3044 0
3045 0
3046 0
3047 0
3048 0
3049 0
3050 0
3051 0
3052 1
3053 0
3054 0
3055 0
3056 0
3057 0
3058 0
3059 0
3060 0
3061 0
3062 0
3063 0
3064 0
3065 0
3066 0
3067 0
3068 0
3069 0
3070 0
3071 0
3072 0
3073 0
3074 0
3075 0
3076 0
3077 0
3078 0
3079 0
3080 0
3081 0
3082 0
3083 0
3084 0
3085 0
3086 0
3087 0
3088 0
3089 0
3090 0
3091 0
3092 0
3093 0
3094 0
3095 0
3096 0
3097 0
3098 0
3099 0
3100 0
3101 0
3102 0
3103 0
3104 0
3105 0
3106 0
3107 0
3108 0
3109 0
3110 0
3111 0
3112 0
3113 0
3114 0
3115 0
3116 0
3117 0
3118 0
3119 0
3120 0
3121 0
3122 0
3123 0
3124 0
3125 1
3126 0
3127 0
3128 0
3129 0
3130 0
3131 0
3132 0
3133 0
3134 0
3135 0
3136 0
3137 0
3138 0
3139 0
3140 0
3141 0
3142 0
3143 0
3144 0
3145 0
3146 0
3147 0
3148 0
3149 0
3150 0
3151 0
3152 0
3153 0
3154 0
3155 0
3156 0
3157 0
3158 0
3159 0
3160 0
3161 0
3162 0
3163 0
3164 0
3165 0
3166 0
3167 0
3168 0
3169 0
3170 0
3171 0
3172 0
3173 0
3174 0
3175 0
3176 0
3177 0
3178 0
3179 0
3180 0
3181 0
3182 0
3183 0
3184 0
3185 0
3186 0
3187 0
3188 0
3189 0
3190 0
3191 0
3192 0
3193 1
3194 0
3195 0
3196 0
3197 0
3198 0
3199 0
3200 0
3201 0
3202 0
3203 0
3204 0
3205 0
3206 0
3207 0
3208 0
3209 0
3210 0
3211 0
3212 0
3213 0
3214 0
3215 0
3216 0
3217 0
3218 0
3219 0
3220 0
3221 0
3222 0
3223 0
3224 0
3225 0
3226 0
3227 0
3228 0
3229 0
3230 0
3231 0
3232 0
3233 0
3234 0
3235 0
3236 0
3237 0
3238 0
3239 0
3240 0
3241 0
3242 0
3243 0
3244 0
3245 0
3246 0
3247 0
3248 0
3249 0
3250 0
3251 0
3252 0
3253 0
3254 0
3255 0
3256 0
3257 0
3258 0
3259 0
3260 0
3261 0
3262 0
3263 0
3264 0
3265 0
3266 0
3267 0
3268 0
3269 0
3270 1
3271 0
3272 0
3273 0
3274 0
3275 0
3276 0
3277 0
3278 0
3279 0
3280 0
3281 0
3282 0
3283 0
3284 0
3285 0
3286 0
3287 0
3288 0
3289 0
3290 0
3291 0
3292 0
3293 0
3294 0
3295 0
3296 0
3297 0
3298 0
3299 0
3300 0
3301 0
3302 0
3303 0
3304 0
3305 0
3306 0
3307 1
3308 0
3309 0
3310 0
3311 0
3312 1
3313 0
3314 0
3315 0
3316 0
3317 0
3318 0
3319 0
3320 0
3321 0
3322 0
3323 0
3324 0
3325 0
3326 0
3327 0
3328 0
3329 0
3330 0
3331 0
3332 0
3333 0
3334 0
3335 0
3336 0
3337 0
3338 0
3339 0
3340 0
3341 0
3342 0
3343 1
3344 0
3345 0
3346 0
3347 0
3348 0
3349 0
3350 0
3351 0
3352 0
3353 0
3354 0
3355 0
3356 0
3357 0
3358 0
3359 0
3360 0
3361 0
3362 0
3363 0
3364 0
3365 0
3366 0
3367 0
3368 0
3369 0
3370 0
3371 0
3372 0
3373 1
3374 0
3375 0
3376 0
3377 0
3378 0
3379 0
3380 0
3381 0
3382 0
3383 0
3384 0
3385 0
3386 0
3387 0
3388 0
3389 0
3390 0
3391 0
3392 0
3393 0
3394 0
3395 0
3396 0
3397 0
3398 0
3399 0
3400 0
3401 0
3402 0
3403 0
3404 0
3405 0
3406 0
3407 0
3408 0
3409 0
3410 0
3411 0
3412 0
3413 0
3414 0
3415 0
3416 0
3417 0
3418 0
3419 0
3420 0
3421 0
3422 0
3423 0
3424 0
3425 0
3426 0
3427 0
3428 0
3429 0
3430 0
3431 1
3432 0
3433 0
3434 0
3435 0
3436 0
3437 0
3438 0
3439 0
3440 0
3441 0
3442 0
3443 0
3444 0
3445 0
3446 0
3447 0
3448 0
3449 0
3450 0
3451 0
3452 0
3453 0
3454 0
3455 0
3456 0
3457 0
3458 0
3459 0
3460 0
3461 0
3462 0
3463 0
3464 0
3465 0
3466 0
3467 0
3468 0
3469 0
3470 0
3471 0
3472 0
3473 0
3474 0
3475 0
3476 0
3477 0
3478 0
3479 0
3480 0
3481 0
3482 0
3483 0
3484 0
3485 0
3486 0
3487 0
3488 0
3489 0
3490 0
3491 0
3492 0
3493 0
3494 0
3495 0
3496 0
3497 0
3498 0
3499 0
3500 0
3501 0
3502 0
3503 0
3504 0
3505 0
3506 0
3507 0
3508 0
3509 0
3510 0
3511 0
3512 0
3513 0
3514 0
3515 0
3516 0
3517 0
3518 0
3519 0
3520 0
3521 0
3522 0
3523 0
3524 0
3525 0
3526 0
3527 0
3528 0
3529 0
3530 0
3531 0
3532 0
3533 0
3534 0
3535 0
3536 0
3537 0
3538 0
3539 0
3540 0
3541 0
3542 0
3543 0
3544 0
3545 0
3546 0
3547 0
3548 0
3549 0
3550 0
3551 0
3552 0
3553 0
3554 0
3555 0
3556 0
3557 0
3558 0
3559 0
3560 0
3561 0
3562 0
3563 0
3564 0
3565 0
3566 0
3567 0
3568 0
3569 0
3570 0
3571 0
3572 0
3573 0
3574 0
3575 0
3576 0
3577 0
3578 0
3579 0
3580 0
3581 0
3582 0
3583 1
3584 0
3585 0
3586 0
3587 0
3588 0
3589 0
3590 0
3591 0
3592 0
3593 0
3594 0
3595 0
3596 0
3597 0
3598 0
3599 0
3600 0
3601 0
3602 0
3603 0
3604 0
3605 0
3606 0
3607 0
3608 1
3609 0
3610 0
3611 0
3612 0
3613 0
3614 0
3615 0
3616 0
3617 0
3618 0
3619 0
3620 0
3621 0
3622 0
3623 0
3624 0
3625 0
3626 0
3627 0
3628 0
3629 0
3630 0
3631 0
3632 0
3633 0
3634 0
3635 0
3636 0
3637 0
3638 0
3639 0
3640 0
3641 0
3642 0
3643 0
3644 0
3645 0
3646 0
3647 0
3648 0
3649 0
3650 0
3651 0
3652 0
3653 0
3654 0
3655 0
3656 0
3657 0
3658 0
3659 0
3660 0
3661 0
3662 0
3663 0
3664 1
3665 0
3666 0
3667 0
3668 0
3669 0
3670 0
3671 0
3672 0
3673 0
3674 0
3675 0
3676 0
3677 0
3678 0
3679 0
3680 0
3681 0
3682 0
3683 0
3684 0
3685 0
3686 0
3687 0
3688 0
3689 0
3690 0
3691 0
3692 0
3693 0
3694 0
3695 0
3696 0
3697 0
3698 0
3699 0
3700 0
3701 0
3702 0
3703 0
3704 0
3705 0
3706 0
3707 0
3708 0
3709 0
3710 0
3711 0
3712 0
3713 0
3714 0
3715 0
3716 0
3717 0
3718 0
3719 0
3720 0
3721 0
3722 0
3723 0
3724 0
3725 0
3726 0
3727 0
3728 0
3729 0
3730 0
3731 0
3732 0
3733 0
3734 0
3735 0
3736 0
3737 0
3738 0
3739 0
3740 0
3741 0
3742 0
3743 0
3744 0
3745 0
3746 0
3747 0
3748 0
3749 0
3750 0
3751 0
3752 0
3753 0
3754 0
3755 0
3756 1
3757 0
3758 0
3759 0
3760 0
3761 0
3762 0
3763 0
3764 0
3765 0
3766 0
3767 0
3768 0
3769 0
3770 0
3771 0
3772 0
3773 0
3774 0
3775 0
3776 0
3777 0
3778 1
3779 0
3780 0
3781 0
3782 0
3783 0
3784 0
3785 0
3786 0
3787 0
3788 0
3789 0
3790 0
3791 0
3792 0
3793 0
3794 0
3795 0
3796 1
3797 0
3798 0
3799 0
3800 0
3801 0
3802 0
3803 0
3804 0
3805 0
3806 0
3807 0
3808 0
3809 0
3810 0
3811 0
3812 0
3813 0
3814 0
3815 0
3816 0
3817 0
3818 0
3819 0
3820 0
3821 0
3822 0
3823 0
3824 0
3825 0
3826 0
3827 0
3828 0
3829 0
3830 0
3831 0
3832 0
3833 0
3834 0
3835 0
3836 0
3837 0
3838 0
3839 0
3840 0
3841 0
3842 0
3843 0
3844 0
3845 0
3846 0
3847 0
3848 0
3849 1
3850 0
3851 0
3852 0
3853 0
3854 0
3855 0
3856 0
3857 0
3858 0
3859 0
3860 0
3861 0
3862 0
3863 0
3864 0
3865 0
3866 0
3867 0
3868 0
3869 0
3870 0
3871 0
3872 0
3873 0
3874 0
3875 0
3876 0
3877 0
3878 0
3879 0
3880 0
3881 0
3882 0
3883 0
3884 1
3885 0
3886 0
3887 0
3888 0
3889 0
3890 0
3891 0
3892 0
3893 0
3894 0
3895 0
3896 0
3897 0
3898 0
3899 0
3900 0
3901 0
3902 0
3903 0
3904 0
3905 0
3906 0
3907 0
3908 0
3909 0
3910 0
3911 0
3912 0
3913 0
3914 0
3915 0
3916 0
3917 0
3918 1
3919 0
3920 0
3921 0
3922 0
3923 0
3924 0
3925 1
3926 0
3927 0
3928 0
3929 0
3930 0
3931 0
3932 0
3933 0
3934 0
3935 0
3936 0
3937 0
3938 0
3939 0
3940 0
3941 0
3942 0
3943 0
3944 0
3945 0
3946 0
3947 0
3948 0
3949 0
3950 0
3951 0
3952 0
3953 0
3954 0
3955 0
3956 0
3957 0
3958 0
3959 0
3960 0
3961 0
3962 0
3963 0
3964 0
3965 0
3966 0
3967 0
3968 0
3969 0
3970 0
3971 0
3972 0
3973 0
3974 0
3975 0
3976 0
3977 0
3978 0
3979 0
3980 0
3981 0
3982 0
3983 0
3984 0
3985 0
3986 0
3987 0
3988 0
3989 0
3990 0
3991 0
3992 0
3993 0
3994 0
3995 0
3996 0
3997 0
3998 0
3999 0
4000 0
