0 0
1 0
2 0
3 0
4 0
5 0
6 0
7 0
8 0
9 0
10 0
11 0
12 0
13 0
14 0
15 0
16 0
17 0
18 0
19 0
20 0
21 0
22 0
23 0
24 0
25 0
26 0
27 0
28 0
29 0
30 0
31 0
32 0
33 0
34 0
35 0
36 0
37 0
38 0
39 0
40 0
41 0
42 0
43 0
44 0
45 0
46 0
47 0
48 0
49 0
50 0
51 0
52 0
53 0
54 0
55 0
56 0
57 0
58 0
59 0
60 0
61 0
62 0
63 0
64 0
65 0
66 0
67 0
68 0
69 0
70 0
71 0
72 0
73 0
74 0
75 0
76 0
77 0
78 0
79 0
80 0
81 0
82 0
83 0
84 0
85 0
86 0
87 0
88 0
89 0
90 0
91 0
92 0
93 0
94 0
95 0
96 0
97 0
98 0
99 0
100 0
101 0
102 0
103 0
104 0
105 0
106 0
107 0
108 0
109 0
110 0
111 0
112 0
113 0
114 0
115 0
116 0
117 0
118 0
119 0
120 0
121 0
122 0
123 0
124 0
125 0
126 0
127 0
128 0
129 0
130 0
131 0
132 0
133 0
134 0
135 0
136 0
137 0
138 0
139 0
140 0
141 0
142 0
143 0
144 0
145 0
146 0
147 0
148 0
149 0
150 0
151 0
152 3
153 4
154 2
155 0
156 1
157 3
158 5
159 5
160 5
161 8
162 7
163 7
164 7
165 7
166 5
167 8
168 6
169 15
170 6
171 9
172 8
173 13
174 4
175 11
176 27
177 28
178 46
179 42
180 55
181 63
182 87
183 100
184 135
185 190
186 328
187 502
188 792
189 1012
190 1254
191 1334
192 1422
193 1432
194 1366
195 1315
196 1257
197 1190
198 1187
199 1113
200 1038
201 1061
202 1070
203 967
204 969
205 947
206 973
207 982
208 948
209 954
210 987
211 902
212 963
213 949
214 934
215 1033
216 1017
217 1040
218 1013
219 1075
220 1024
221 1098
222 1037
223 1083
224 1077
225 1091
226 1061
227 1078
228 1076
229 1132
230 1104
231 1153
232 1128
233 1208
234 1191
235 1137
236 1230
237 1229
238 1259
239 1281
240 1256
241 1243
242 1235
243 1278
244 1320
245 1340
246 1348
247 1278
248 1355
249 1363
250 1389
251 1328
252 1367
253 1347
254 1305
255 1426
256 1430
257 1452
258 1414
259 1432
260 1453
261 1464
262 1447
263 1426
264 1488
265 1408
266 1558
267 1433
268 1535
269 1465
270 1521
271 1626
272 1519
273 1560
274 1604
275 1608
276 1599
277 1603
278 1527
279 1609
280 1585
281 1623
282 1585
283 1658
284 1673
285 1710
286 1716
287 1695
288 1703
289 1734
290 1706
291 1801
292 1695
293 1708
294 1756
295 1767
296 1706
297 1744
298 1737
299 1841
300 1777
301 1811
302 1820
303 1853
304 1830
305 1799
306 1871
307 1860
308 1887
309 1855
310 1838
311 1957
312 1924
313 1911
314 1898
315 2016
316 1831
317 1916
318 1951
319 1977
320 1944
321 2096
322 1968
323 1959
324 2015
325 2025
326 2010
327 1963
328 2044
329 2058
330 2079
331 2024
332 1964
333 2039
334 2086
335 2051
336 2107
337 2100
338 2153
339 2128
340 2103
341 2112
342 2069
343 2111
344 2222
345 2044
346 2152
347 2175
348 2126
349 2164
350 2045
351 2184
352 2136
353 2197
354 2183
355 2215
356 2218
357 2253
358 2193
359 2105
360 2160
361 2275
362 2185
363 2253
364 2201
365 2155
366 2271
367 2236
368 2133
369 2129
370 2210
371 2242
372 2149
373 2135
374 2314
375 2241
376 2236
377 2253
378 2159
379 2247
380 2270
381 2229
382 2259
383 2219
384 2233
385 2166
386 2176
387 2065
388 2281
389 2184
390 2221
391 2158
392 2252
393 2201
394 2203
395 2264
396 2211
397 2214
398 2182
399 2191
400 2132
401 2277
402 2130
403 2160
404 2162
405 2111
406 2152
407 2179
408 2125
409 2177
410 2223
411 2125
412 2055
413 2071
414 2067
415 2046
416 2101
417 2074
418 2053
419 2018
420 2041
421 2033
422 2065
423 2154
424 2071
425 2001
426 2080
427 2034
428 1995
429 2006
430 1965
431 1998
432 1901
433 1952
434 1986
435 1980
436 1948
437 1909
438 1905
439 1960
440 1912
441 1926
442 1936
443 1880
444 1867
445 1847
446 1793
447 1830
448 1859
449 1827
450 1769
451 1790
452 1821
453 1787
454 1710
455 1749
456 1721
457 1760
458 1763
459 1734
460 1718
461 1685
462 1672
463 1643
464 1592
465 1707
466 1724
467 1633
468 1603
469 1617
470 1628
471 1564
472 1579
473 1552
474 1512
475 1557
476 1507
477 1557
478 1536
479 1530
480 1559
481 1526
482 1463
483 1490
484 1453
485 1377
486 1440
487 1431
488 1370
489 1374
490 1332
491 1423
492 1382
493 1338
494 1383
495 1303
496 1328
497 1336
498 1237
499 1265
500 1268
501 1249
502 1220
503 1308
504 1230
505 1252
506 1203
507 1309
508 1164
509 1226
510 1250
511 1107
512 1179
513 1112
514 1216
515 1092
516 1103
517 1078
518 1046
519 1098
520 1096
521 1025
522 1118
523 1046
524 1092
525 1083
526 1012
527 1035
528 1055
529 1024
530 990
531 1033
532 1010
533 941
534 980
535 958
536 981
537 947
538 888
539 898
540 852
541 900
542 865
543 915
544 871
545 853
546 874
547 826
548 820
549 838
550 819
551 877
552 809
553 795
554 762
555 740
556 760
557 797
558 751
559 759
560 758
561 681
562 743
563 778
564 732
565 699
566 727
567 735
568 651
569 735
570 744
571 679
572 665
573 674
574 682
575 683
576 640
577 688
578 647
579 616
580 632
581 635
582 632
583 605
584 623
585 628
586 597
587 624
588 608
589 561
590 576
591 638
592 604
593 574
594 575
595 585
596 582
597 539
598 545
599 516
600 540
601 556
602 524
603 502
604 519
605 532
606 515
607 521
608 499
609 523
610 519
611 449
612 492
613 486
614 475
615 535
616 460
617 481
618 477
619 465
620 497
621 468
622 475
623 459
624 425
625 448
626 454
627 457
628 436
629 460
630 429
631 453
632 450
633 400
634 433
635 426
636 424
637 432
638 385
639 427
640 429
641 396
642 410
643 393
644 381
645 367
646 386
647 435
648 396
649 420
650 385
651 398
652 363
653 363
654 372
655 385
656 404
657 372
658 354
659 374
660 381
661 373
662 384
663 335
664 357
665 357
666 390
667 353
668 359
669 341
670 350
671 371
672 327
673 320
674 328
675 314
676 331
677 354
678 343
679 376
680 337
681 357
682 349
683 328
684 319
685 339
686 330
687 323
688 338
689 349
690 341
691 319
692 313
693 309
694 345
695 329
696 300
697 325
698 338
699 295
700 328
701 311
702 294
703 306
704 286
705 326
706 289
707 299
708 315
709 252
710 342
711 304
712 304
713 280
714 310
715 294
716 303
717 286
718 285
719 316
720 309
721 282
722 307
723 288
724 320
725 314
726 293
727 296
728 277
729 273
730 298
731 304
732 313
733 321
734 282
735 272
736 283
737 302
738 304
739 277
740 275
741 279
742 318
743 283
744 298
745 264
746 298
747 283
748 246
749 290
750 260
751 275
752 276
753 268
754 293
755 286
756 282
757 273
758 258
759 265
760 291
761 270
762 264
763 255
764 260
765 271
766 265
767 275
768 269
769 248
770 243
771 269
772 245
773 250
774 287
775 275
776 275
777 264
778 259
779 278
780 271
781 278
782 290
783 268
784 261
785 266
786 280
787 255
788 273
789 288
790 258
791 247
792 219
793 262
794 241
795 268
796 226
797 275
798 270
799 232
800 246
801 243
802 263
803 273
804 248
805 234
806 269
807 243
808 248
809 286
810 273
811 241
812 258
813 226
814 252
815 250
816 267
817 244
818 230
819 260
820 232
821 239
822 251
823 221
824 229
825 244
826 230
827 259
828 230
829 256
830 216
831 245
832 227
833 231
834 249
835 236
836 219
837 250
838 241
839 222
840 236
841 232
842 239
843 260
844 207
845 224
846 219
847 216
848 241
849 239
850 248
851 251
852 234
853 236
854 225
855 210
856 240
857 239
858 230
859 226
860 210
861 245
862 234
863 221
864 226
865 218
866 240
867 240
868 202
869 222
870 213
871 226
872 231
873 207
874 213
875 200
876 211
877 232
878 219
879 180
880 214
881 218
882 209
883 197
884 213
885 209
886 207
887 215
888 219
889 189
890 204
891 202
892 224
893 178
894 208
895 189
896 187
897 214
898 177
899 197
900 215
901 206
902 209
903 193
904 201
905 193
906 206
907 179
908 178
909 200
910 201
911 196
912 167
913 200
914 177
915 192
916 168
917 178
918 181
919 194
920 195
921 185
922 169
923 198
924 179
925 176
926 196
927 190
928 184
929 175
930 167
931 183
932 201
933 186
934 183
935 181
936 183
937 183
938 160
939 169
940 181
941 182
942 184
943 202
944 169
945 170
946 190
947 163
948 174
949 173
950 159
951 185
952 173
953 177
954 183
955 187
956 164
957 158
958 133
959 178
960 166
961 184
962 163
963 173
964 146
965 155
966 172
967 128
968 139
969 151
970 155
971 160
972 160
973 173
974 175
975 154
976 147
977 165
978 185
979 143
980 142
981 170
982 132
983 152
984 142
985 162
986 120
987 157
988 141
989 157
990 140
991 158
992 151
993 132
994 147
995 132
996 126
997 134
998 115
999 137
1000 155
1001 130
1002 141
1003 119
1004 135
1005 126
1006 127
1007 110
1008 118
1009 129
1010 120
1011 129
1012 139
1013 149
1014 136
1015 124
1016 140
1017 137
1018 130
1019 115
1020 114
1021 123
1022 122
1023 123
1024 109
1025 127
1026 115
1027 128
1028 114
1029 118
1030 110
1031 127
1032 117
1033 119
1034 108
1035 124
1036 122
1037 124
1038 113
1039 97
1040 113
1041 98
1042 108
1043 116
1044 99
1045 111
1046 96
1047 122
1048 112
1049 100
1050 117
1051 116
1052 108
1053 101
1054 117
1055 102
1056 99
1057 117
1058 116
1059 90
1060 89
1061 104
1062 91
1063 92
1064 117
1065 86
1066 96
1067 87
1068 77
1069 86
1070 87
1071 101
1072 88
1073 93
1074 94
1075 95
1076 104
1077 85
1078 93
1079 84
1080 90
1081 82
1082 85
1083 88
1084 98
1085 80
1086 87
1087 89
1088 101
1089 82
1090 83
1091 88
1092 96
1093 82
1094 80
1095 83
1096 100
1097 96
1098 68
1099 93
1100 75
1101 78
1102 74
1103 73
1104 71
1105 76
1106 71
1107 79
1108 71
1109 81
1110 86
1111 86
1112 73
1113 64
1114 99
1115 89
1116 73
1117 78
1118 70
1119 85
1120 72
1121 73
1122 84
1123 70
1124 67
1125 63
1126 63
1127 72
1128 64
1129 76
1130 84
1131 83
1132 71
1133 73
1134 61
1135 73
1136 77
1137 49
1138 70
1139 58
1140 67
1141 71
1142 63
1143 63
1144 64
1145 63
1146 77
1147 69
1148 68
1149 74
1150 64
1151 64
1152 60
1153 39
1154 74
1155 49
1156 56
1157 68
1158 51
1159 51
1160 58
1161 58
1162 55
1163 50
1164 60
1165 46
1166 49
1167 59
1168 68
1169 65
1170 52
1171 56
1172 53
1173 72
1174 60
1175 55
1176 69
1177 59
1178 54
1179 51
1180 53
1181 57
1182 62
1183 48
1184 48
1185 54
1186 62
1187 65
1188 52
1189 61
1190 40
1191 52
1192 46
1193 41
1194 64
1195 57
1196 52
1197 36
1198 46
1199 56
1200 47
1201 44
1202 44
1203 39
1204 41
1205 49
1206 40
1207 43
1208 45
1209 55
1210 47
1211 39
1212 51
1213 50
1214 53
1215 38
1216 53
1217 38
1218 55
1219 50
1220 40
1221 47
1222 36
1223 43
1224 35
1225 47
1226 48
1227 47
1228 38
1229 47
1230 41
1231 34
1232 43
1233 46
1234 39
1235 46
1236 33
1237 43
1238 40
1239 32
1240 40
1241 30
1242 34
1243 40
1244 48
1245 32
1246 28
1247 38
1248 36
1249 40
1250 39
1251 42
1252 36
1253 33
1254 34
1255 35
1256 40
1257 45
1258 28
1259 34
1260 39
1261 37
1262 32
1263 36
1264 34
1265 24
1266 37
1267 30
1268 32
1269 36
1270 28
1271 22
1272 23
1273 34
1274 38
1275 33
1276 31
1277 29
1278 24
1279 29
1280 42
1281 39
1282 36
1283 32
1284 32
1285 30
1286 22
1287 28
1288 31
1289 28
1290 30
1291 29
1292 26
1293 28
1294 24
1295 30
1296 26
1297 29
1298 27
1299 28
1300 30
1301 21
1302 24
1303 32
1304 29
1305 27
1306 15
1307 16
1308 33
1309 27
1310 22
1311 24
1312 18
1313 24
1314 30
1315 13
1316 28
1317 19
1318 24
1319 27
1320 25
1321 19
1322 23
1323 28
1324 17
1325 22
1326 21
1327 19
1328 33
1329 16
1330 29
1331 22
1332 27
1333 20
1334 22
1335 21
1336 24
1337 16
1338 21
1339 14
1340 20
1341 13
1342 15
1343 29
1344 13
1345 22
1346 16
1347 24
1348 23
1349 23
1350 18
1351 19
1352 17
1353 22
1354 19
1355 22
1356 26
1357 15
1358 24
1359 16
1360 26
1361 24
1362 20
1363 18
1364 12
1365 18
1366 18
1367 19
1368 18
1369 18
1370 12
1371 19
1372 7
1373 14
1374 14
1375 12
1376 18
1377 17
1378 22
1379 9
1380 21
1381 11
1382 13
1383 12
1384 24
1385 17
1386 11
1387 14
1388 21
1389 14
1390 7
1391 14
1392 15
1393 22
1394 17
1395 15
1396 16
1397 15
1398 10
1399 13
1400 20
1401 16
1402 13
1403 11
1404 27
1405 16
1406 14
1407 17
1408 13
1409 19
1410 10
1411 15
1412 17
1413 17
1414 11
1415 14
1416 16
1417 11
1418 11
1419 14
1420 12
1421 7
1422 10
1423 13
1424 16
1425 13
1426 14
1427 15
1428 15
1429 13
1430 11
1431 14
1432 8
1433 10
1434 5
1435 12
1436 5
1437 10
1438 9
1439 16
1440 8
1441 10
1442 5
1443 8
1444 7
1445 15
1446 10
1447 5
1448 7
1449 8
1450 8
1451 12
1452 4
1453 12
1454 4
1455 12
1456 14
1457 11
1458 7
1459 11
1460 8
1461 12
1462 10
1463 10
1464 7
1465 12
1466 4
1467 11
1468 8
1469 12
1470 9
1471 6
1472 11
1473 5
1474 7
1475 7
1476 9
1477 5
1478 8
1479 11
1480 9
1481 5
1482 3
1483 8
1484 5
1485 9
1486 8
1487 6
1488 6
1489 10
1490 2
1491 12
1492 8
1493 2
1494 5
1495 10
1496 4
1497 8
1498 10
1499 8
1500 5
1501 9
1502 4
1503 4
1504 6
1505 11
1506 4
1507 9
1508 7
1509 10
1510 5
1511 6
1512 2
1513 6
1514 11
1515 9
1516 8
1517 9
1518 5
1519 12
1520 12
1521 5
1522 7
1523 10
1524 9
1525 1
1526 6
1527 5
1528 6
1529 6
1530 5
1531 11
1532 8
1533 6
1534 9
1535 5
1536 5
1537 6
1538 8
1539 11
1540 5
1541 4
1542 6
1543 10
1544 7
1545 4
1546 9
1547 3
1548 4
1549 9
1550 11
1551 6
1552 6
1553 2
1554 4
1555 2
1556 2
1557 5
1558 6
1559 2
1560 6
1561 2
1562 4
1563 5
1564 8
1565 10
1566 5
1567 2
1568 3
1569 5
1570 5
1571 6
1572 4
1573 8
1574 3
1575 6
1576 1
1577 3
1578 3
1579 2
1580 7
1581 6
1582 6
1583 4
1584 5
1585 4
1586 3
1587 2
1588 5
1589 5
1590 9
1591 5
1592 3
1593 3
1594 6
1595 9
1596 7
1597 8
1598 6
1599 2
1600 6
1601 2
1602 8
1603 5
1604 5
1605 2
1606 4
1607 2
1608 4
1609 2
1610 3
1611 2
1612 2
1613 6
1614 3
1615 3
1616 5
1617 3
1618 2
1619 7
1620 5
1621 4
1622 3
1623 2
1624 5
1625 5
1626 3
1627 3
1628 3
1629 1
1630 3
1631 2
1632 1
1633 2
1634 10
1635 3
1636 5
1637 2
1638 0
1639 1
1640 0
1641 5
1642 1
1643 9
1644 3
1645 3
1646 5
1647 3
1648 1
1649 2
1650 5
1651 2
1652 3
1653 1
1654 4
1655 3
1656 3
1657 6
1658 2
1659 4
1660 7
1661 4
1662 3
1663 1
1664 4
1665 1
1666 3
1667 3
1668 4
1669 0
1670 3
1671 2
1672 0
1673 4
1674 5
1675 3
1676 3
1677 3
1678 3
1679 3
1680 0
1681 4
1682 2
1683 4
1684 2
1685 4
1686 8
1687 2
1688 0
1689 2
1690 1
1691 2
1692 2
1693 2
1694 1
1695 5
1696 3
1697 2
1698 2
1699 2
1700 4
1701 2
1702 2
1703 1
1704 5
1705 4
1706 1
1707 1
1708 2
1709 2
1710 1
1711 2
1712 2
1713 1
1714 4
1715 1
1716 4
1717 2
1718 1
1719 3
1720 2
1721 2
1722 1
1723 2
1724 5
1725 3
1726 2
1727 2
1728 0
1729 6
1730 2
1731 2
1732 2
1733 2
1734 1
1735 2
1736 2
1737 0
1738 1
1739 2
1740 1
1741 1
1742 2
1743 1
1744 5
1745 3
1746 2
1747 0
1748 2
1749 3
1750 2
1751 2
1752 2
1753 1
1754 1
1755 0
1756 3
1757 2
1758 2
1759 1
1760 1
1761 2
1762 2
1763 0
1764 3
1765 5
1766 2
1767 0
1768 1
1769 1
1770 3
1771 0
1772 2
1773 1
1774 3
1775 2
1776 2
1777 2
1778 2
1779 1
1780 4
1781 0
1782 1
1783 1
1784 1
1785 1
1786 1
1787 2
1788 4
1789 2
1790 0
1791 2
1792 0
1793 0
1794 3
1795 2
1796 2
1797 3
1798 0
1799 0
1800 0
1801 0
1802 3
1803 0
1804 0
1805 1
1806 0
1807 0
1808 0
1809 0
1810 1
1811 2
1812 1
1813 1
1814 0
1815 0
1816 0
1817 2
1818 2
1819 2
1820 1
1821 0
1822 1
1823 0
1824 2
1825 1
1826 1
1827 0
1828 1
1829 0
1830 0
1831 1
1832 1
1833 0
1834 0
1835 1
1836 0
1837 0
1838 0
1839 3
1840 2
1841 1
1842 2
1843 0
1844 1
1845 0
1846 0
1847 1
1848 0
1849 2
1850 1
1851 0
1852 2
1853 0
1854 2
1855 0
1856 1
1857 0
1858 0
1859 3
1860 1
1861 0
1862 0
1863 0
1864 0
1865 0
1866 0
1867 0
1868 2
1869 1
1870 0
1871 1
1872 1
1873 3
1874 1
1875 0
1876 1
1877 1
1878 1
1879 0
1880 1
1881 1
1882 1
1883 0
1884 0
1885 2
1886 2
1887 0
1888 0
1889 1
1890 0
1891 0
1892 1
1893 1
1894 2
1895 1
1896 0
1897 1
1898 0
1899 1
1900 1
1901 0
1902 1
1903 0
1904 1
1905 0
1906 1
1907 2
1908 0
1909 0
1910 1
1911 0
1912 1
1913 1
1914 0
1915 0
1916 0
1917 1
1918 0
1919 2
1920 3
1921 1
1922 1
1923 1
1924 0
1925 0
1926 0
1927 0
1928 0
1929 0
1930 0
1931 0
1932 1
1933 1
1934 0
1935 0
1936 0
1937 1
1938 0
1939 0
1940 2
1941 2
1942 2
1943 0
1944 1
1945 1
1946 1
1947 0
1948 1
1949 0
1950 0
1951 0
1952 0
1953 1
1954 0
1955 0
1956 2
1957 1
1958 0
1959 1
1960 0
1961 0
1962 0
1963 0
1964 0
1965 0
1966 1
1967 2
1968 0
1969 1
1970 0
1971 0
1972 0
1973 0
1974 0
1975 1
1976 0
1977 1
1978 2
1979 0
1980 1
1981 0
1982 1
1983 0
1984 0
1985 0
1986 0
1987 0
1988 0
1989 0
1990 0
1991 0
1992 0
1993 0
1994 0
1995 0
1996 0
1997 0
1998 1
1999 0
2000 0
2001 1
2002 0
2003 1
2004 0
2005 0
2006 0
2007 0
2008 1
2009 0
2010 0
2011 0
2012 0
2013 0
2014 0
2015 0
2016 0
2017 0
2018 0
2019 0
2020 0
2021 0
2022 0
2023 0
2024 0
2025 0
2026 0
2027 1
2028 0
2029 0
2030 0
2031 0
2032 0
2033 0
2034 2
2035 0
2036 0
2037 1
2038 0
2039 0
2040 0
2041 1
2042 0
2043 1
2044 1
2045 0
2046 0
2047 0
2048 0
2049 0
2050 0
2051 0
2052 0
2053 0
2054 0
2055 0
2056 1
2057 0
2058 0
2059 0
2060 0
2061 0
2062 1
2063 0
2064 0
2065 0
2066 0
2067 1
2068 0
2069 1
2070 1
2071 0
2072 0
2073 0
2074 0
2075 0
2076 1
2077 1
2078 0
2079 0
2080 0
2081 0
2082 0
2083 0
2084 0
2085 0
2086 0
2087 1
2088 0
2089 1
2090 0
2091 1
2092 0
2093 0
2094 0
2095 0
2096 0
2097 0
2098 0
2099 0
2100 0
2101 0
2102 0
2103 0
2104 0
2105 0
2106 0
2107 0
2108 0
2109 0
2110 0
2111 2
2112 0
2113 0
2114 1
2115 1
2116 0
2117 1
2118 0
2119 0
2120 1
2121 0
2122 0
2123 0
2124 0
2125 0
2126 0
2127 0
2128 0
2129 0
2130 1
2131 0
2132 0
2133 0
2134 0
2135 0
2136 0
2137 0
2138 1
2139 0
2140 0
2141 0
2142 0
2143 0
2144 0
2145 0
2146 0
2147 0
2148 0
2149 0
2150 0
2151 0
2152 0
2153 1
2154 0
2155 0
2156 0
2157 0
2158 1
2159 0
2160 1
2161 1
2162 0
2163 0
2164 0
2165 1
2166 0
2167 0
2168 0
2169 0
2170 0
2171 0
2172 0
2173 1
2174 0
2175 0
2176 0
2177 0
2178 0
2179 0
2180 0
2181 0
2182 0
2183 0
2184 0
2185 0
2186 0
2187 0
2188 0
2189 0
2190 0
2191 0
2192 0
2193 0
2194 0
2195 0
2196 0
2197 0
2198 1
2199 1
2200 2
2201 0
2202 0
2203 0
2204 0
2205 0
2206 0
2207 0
2208 0
2209 0
2210 0
2211 0
2212 0
2213 0
2214 0
2215 1
2216 0
2217 0
2218 0
2219 0
2220 0
2221 0
2222 0
2223 0
2224 0
2225 0
2226 0
2227 0
2228 1
2229 0
2230 0
2231 0
2232 0
2233 0
2234 0
2235 0
2236 0
2237 0
2238 0
2239 0
2240 0
2241 0
2242 1
2243 0
2244 0
2245 0
2246 0
2247 0
2248 0
2249 0
2250 0
2251 0
2252 0
2253 0
2254 0
2255 0
2256 0
2257 0
2258 2
2259 0
2260 0
2261 0
2262 0
2263 0
2264 0
2265 0
2266 0
2267 0
2268 0
2269 0
2270 0
2271 0
2272 0
2273 0
2274 0
2275 0
2276 0
2277 0
2278 0
2279 0
2280 0
2281 0
2282 0
2283 0
2284 0
2285 0
2286 0
2287 1
2288 0
2289 0
2290 0
2291 0
2292 0
2293 0
2294 0
2295 1
2296 0
2297 0
2298 0
2299 0
2300 0
2301 0
2302 0
2303 0
2304 0
2305 0
2306 0
2307 0
2308 0
2309 0
2310 0
2311 0
2312 0
2313 0
2314 0
2315 0
2316 1
2317 0
2318 0
2319 0
2320 0
2321 1
2322 1
2323 0
2324 0
2325 0
2326 0
2327 0
2328 0
2329 0
2330 0
2331 0
2332 1
2333 0
2334 0
2335 0
2336 0
2337 0
2338 0
2339 0
2340 0
2341 0
2342 0
2343 0
2344 0
2345 0
2346 0
2347 0
2348 1
2349 0
2350 0
2351 0
2352 0
2353 0
2354 0
2355 0
2356 0
2357 0
2358 0
2359 0
2360 0
2361 0
2362 0
2363 0
2364 0
2365 0
2366 0
2367 0
2368 0
2369 0
2370 0
2371 0
2372 0
2373 0
2374 0
2375 0
2376 0
2377 0
2378 0
2379 0
2380 0
2381 0
2382 0
2383 0
2384 0
2385 0
2386 0
2387 0
2388 0
2389 0
2390 0
2391 0
2392 0
2393 0
2394 0
2395 0
2396 0
2397 0
2398 0
2399 0
2400 0
2401 1
2402 0
2403 0
2404 0
2405 0
2406 0
2407 0
2408 0
2409 0
2410 0
2411 0
2412 0
2413 0
2414 1
2415 0
2416 0
2417 0
2418 0
2419 0
2420 1
2421 0
2422 0
2423 0
2424 0
2425 0
2426 0
2427 0
2428 0
2429 0
2430 0
2431 0
2432 0
2433 0
2434 0
2435 0
2436 0
2437 0
2438 0
2439 0
2440 0
2441 0
2442 0
2443 0
2444 0
2445 0
2446 0
2447 0
2448 0
2449 0
2450 0
2451 0
2452 0
2453 0
2454 0
2455 0
2456 0
2457 0
2458 0
2459 0
2460 0
2461 0
2462 0
2463 0
2464 0
2465 0
2466 0
2467 0
2468 0
2469 0
2470 0
2471 0
2472 0
2473 0
2474 0
2475 0
2476 0
2477 0
2478 0
2479 0
2480 0
2481 0
2482 1
2483 0
2484 0
2485 0
2486 0
2487 0
2488 0
2489 0
2490 0
2491 0
2492 0
2493 0
2494 0
2495 0
2496 0
2497 0
2498 0
2499 0
2500 0
2501 0
2502 0
2503 0
2504 0
2505 0
2506 0
2507 0
2508 0
2509 1
2510 0
2511 0
2512 0
2513 0
2514 0
2515 0
2516 0
2517 0
2518 0
2519 0
2520 0
2521 0
2522 0
2523 0
2524 0
2525 0
2526 0
2527 0
2528 0
2529 0
2530 0
2531 0
2532 0
2533 0
2534 0
2535 0
2536 0
2537 0
2538 0
2539 0
2540 1
2541 0
2542 1
2543 0
2544 0
2545 0
2546 0
2547 0
2548 0
2549 0
2550 0
2551 0
2552 0
2553 0
2554 0
2555 0
2556 0
2557 0
2558 0
2559 0
2560 0
2561 0
2562 0
2563 0
2564 0
2565 0
2566 0
2567 0
2568 0
2569 0
2570 0
2571 0
2572 0
2573 0
2574 0
2575 0
2576 0
2577 0
2578 1
2579 0
2580 0
2581 0
2582 1
2583 0
2584 0
2585 0
2586 1
2587 0
2588 0
2589 0
2590 0
2591 0
2592 0
2593 0
2594 0
2595 0
2596 0
2597 0
2598 0
2599 0
2600 0
2601 0
2602 0
2603 0
2604 0
2605 0
2606 0
2607 0
2608 0
2609 0
2610 1
2611 0
2612 0
2613 0
2614 0
2615 0
2616 0
2617 0
2618 0
2619 0
2620 0
2621 0
2622 0
2623 0
2624 0
2625 0
2626 0
2627 0
2628 0
2629 0
2630 0
2631 0
2632 0
2633 0
2634 0
2635 0
2636 0
2637 0
2638 0
2639 0
2640 0
2641 0
2642 0
2643 0
2644 0
2645 0
2646 0
2647 0
2648 0
2649 0
2650 0
2651 0
2652 0
2653 0
2654 0
2655 0
2656 0
2657 0
2658 0
2659 0
2660 0
2661 0
2662 0
2663 0
2664 0
2665 0
2666 0
2667 0
2668 0
2669 0
2670 0
2671 0
2672 0
2673 0
2674 0
2675 0
2676 0
2677 0
2678 0
2679 0
2680 0
2681 0
2682 0
2683 0
2684 0
2685 0
2686 0
2687 0
2688 0
2689 0
2690 0
2691 0
2692 0
2693 0
2694 0
2695 0
2696 0
2697 0
2698 0
2699 0
2700 0
2701 0
2702 0
2703 0
2704 0
2705 0
2706 0
2707 0
2708 0
2709 0
2710 0
2711 0
2712 0
2713 0
2714 0
2715 0
2716 0
2717 0
2718 0
2719 0
2720 0
2721 0
2722 0
2723 0
2724 0
2725 0
2726 0
2727 0
2728 1
2729 0
2730 0
2731 0
2732 0
2733 0
2734 0
2735 0
2736 0
2737 0
2738 0
2739 0
2740 0
2741 0
2742 0
2743 0
2744 0
2745 0
2746 0
2747 0
2748 0
2749 0
2750 0
2751 0
2752 0
2753 0
2754 0
2755 0
2756 0
2757 0
2758 0
2759 0
2760 0
2761 0
2762 0
2763 0
2764 0
2765 0
2766 0
2767 0
2768 0
2769 0
2770 0
2771 0
2772 0
2773 0
2774 0
2775 0
2776 0
2777 0
2778 0
2779 0
2780 0
2781 0
2782 0
2783 0
2784 0
2785 0
2786 0
2787 0
2788 0
2789 0
2790 0
2791 0
2792 0
2793 0
2794 0
2795 0
2796 1
2797 0
2798 0
2799 0
2800 0
2801 0
2802 0
2803 0
2804 0
2805 0
2806 0
2807 0
2808 0
2809 0
2810 0
2811 0
2812 0
2813 0
2814 0
2815 2
2816 0
2817 0
2818 0
2819 0
2820 0
2821 0
2822 0
2823 0
2824 0
2825 0
2826 0
2827 0
2828 0
2829 0
2830 0
2831 0
2832 0
2833 0
2834 0
2835 0
2836 0
2837 0
2838 0
2839 0
2840 0
2841 0
2842 0
2843 0
2844 0
2845 0
2846 0
2847 1
2848 0
2849 0
2850 0
2851 0
2852 0
2853 0
2854 0
2855 0
2856 0
2857 0
2858 0
2859 0
2860 0
2861 0
2862 0
2863 0
2864 0
2865 0
2866 0
2867 0
2868 0
2869 0
2870 0
2871 0
2872 0
2873 0
2874 0
2875 1
2876 0
2877 0
2878 0
2879 0
2880 0
2881 0
2882 0
2883 0
2884 0
2885 0
2886 0
2887 0
2888 0
2889 0
2890 0
2891 0
2892 0
2893 0
2894 0
2895 0
2896 0
2897 0
2898 0
2899 0
2900 0
2901 0
2902 0
2903 0
2904 0
2905 0
2906 0
2907 0
2908 0
2909 0
2910 0
2911 0
2912 0
2913 0
2914 0
2915 0
2916 0
2917 0
2918 0
2919 0
2920 0
2921 0
2922 0
2923 0
2924 0
2925 0
2926 0
2927 0
2928 0
2929 0
2930 0
2931 0
2932 0
2933 0
2934 0
2935 0
2936 0
2937 0
2938 0
2939 0
2940 0
2941 0
2942 0
2943 0
2944 0
2945 0
2946 0
2947 0
2948 0
2949 0
2950 0
2951 0
2952 0
2953 0
2954 0
2955 0
2956 0
2957 0
2958 0
2959 0
2960 0
2961 0
2962 0
2963 0
2964 0
2965 0
2966 0
2967 0
2968 0
2969 0
2970 0
2971 0
2972 0
2973 0
2974 0
2975 0
2976 0
2977 0
2978 0
2979 0
2980 0
2981 0
2982 0
2983 0
2984 0
2985 0
2986 0
2987 1
2988 0
2989 0
2990 0
2991 0
2992 0
2993 0
2994 0
2995 0
2996 0
2997 0
2998 0
2999 0
3000 0
3001 0
3002 0
3003 0
3004 0
3005 0
3006 0
3007 0
3008 0
3009 0
3010 1
3011 1
3012 0
3013 0
3014 0
3015 0
3016 0
3017 0
3018 0
3019 0
3020 0
3021 0
3022 0
3023 0
3024 0
3025 0
3026 0
3027 0
3028 0
3029 0
3030 0
3031 0
3032 0
3033 0
3034 0
3035 0
3036 0
3037 0
3038 0
3039 0
3040 0
3041 0
3042 0
3043 0
3044 0
3045 0
3046 0
3047 0
3048 0
3049 0
3050 0
3051 0
3052 1
3053 0
3054 0
3055 0
3056 0
3057 0
3058 0
3059 0
3060 0
3061 0
3062 0
3063 0
3064 0
3065 0
3066 0
3067 0
3068 0
3069 0
3070 0
3071 0
3072 0
3073 0
3074 0
3075 0
3076 0
3077 0
3078 0
3079 0
3080 0
3081 0
3082 0
3083 0
3084 0
3085 0
3086 0
3087 0
3088 0
3089 0
3090 0
3091 0
3092 0
3093 0
3094 0
3095 0
3096 0
3097 0
3098 0
3099 0
3100 0
3101 0
3102 0
3103 0
3104 0
3105 0
3106 0
3107 0
3108 0
3109 0
3110 0
3111 0
3112 0
3113 0
3114 0
3115 0
3116 1
3117 0
3118 0
3119 0
3120 0
3121 0
3122 0
3123 0
3124 0
3125 0
3126 0
3127 0
3128 0
3129 0
3130 0
3131 0
3132 0
3133 0
3134 0
3135 0
3136 0
3137 0
3138 0
3139 0
3140 0
3141 0
3142 0
3143 0
3144 0
3145 0
3146 0
3147 0
3148 0
3149 0
3150 0
3151 0
3152 0
3153 0
3154 0
3155 0
3156 0
3157 0
3158 0
3159 0
3160 0
3161 0
3162 0
3163 0
3164 0
3165 0
3166 0
3167 0
3168 0
3169 0
3170 0
3171 0
3172 0
3173 0
3174 0
3175 0
3176 0
3177 0
3178 0
3179 0
3180 0
3181 0
3182 0
3183 0
3184 0
3185 0
3186 0
3187 0
3188 0
3189 0
3190 0
3191 0
3192 0
3193 0
3194 0
3195 0
3196 0
3197 0
3198 0
3199 0
3200 0
3201 0
3202 0
3203 0
3204 0
3205 1
3206 0
3207 0
3208 0
3209 0
3210 0
3211 0
3212 0
3213 0
3214 0
3215 0
3216 0
3217 0
3218 0
3219 0
3220 0
3221 0
3222 0
3223 0
3224 0
3225 0
3226 0
3227 0
3228 0
3229 0
3230 0
3231 0
3232 0
3233 0
3234 0
3235 0
3236 0
3237 0
3238 0
3239 0
3240 0
3241 0
3242 0
3243 0
3244 0
3245 0
3246 0
3247 0
3248 0
3249 0
3250 0
3251 0
3252 0
3253 0
3254 0
3255 0
3256 0
3257 0
3258 0
3259 0
3260 0
3261 0
3262 0
3263 0
3264 0
3265 0
3266 0
3267 0
3268 0
3269 0
3270 0
3271 0
3272 0
3273 0
3274 0
3275 0
3276 0
3277 0
3278 0
3279 0
3280 0
3281 0
3282 0
3283 0
3284 0
3285 0
3286 0
3287 0
3288 0
3289 0
3290 0
3291 0
3292 0
3293 0
3294 0
3295 0
3296 0
3297 0
3298 0
3299 0
3300 0
3301 0
3302 0
3303 0
3304 0
3305 0
3306 0
3307 0
3308 0
3309 0
3310 0
3311 0
3312 0
3313 0
3314 0
3315 0
3316 0
3317 0
3318 0
3319 0
3320 0
3321 0
3322 0
3323 0
3324 0
3325 0
3326 0
3327 0
3328 0
3329 0
3330 0
3331 0
3332 0
3333 0
3334 0
3335 1
3336 0
3337 0
3338 0
3339 0
3340 0
3341 1
3342 0
3343 0
3344 0
3345 0
3346 0
3347 0
3348 0
3349 0
3350 0
3351 0
3352 0
3353 0
3354 0
3355 0
3356 0
3357 0
3358 0
3359 0
3360 0
3361 0
3362 0
3363 0
3364 0
3365 0
3366 0
3367 0
3368 0
3369 0
3370 0
3371 0
3372 0
3373 0
3374 0
3375 0
3376 0
3377 0
3378 0
3379 0
3380 0
3381 0
3382 0
3383 0
3384 0
3385 0
3386 0
3387 0
3388 0
3389 0
3390 0
3391 0
3392 0
3393 0
3394 0
3395 0
3396 0
3397 0
3398 0
3399 0
3400 0
3401 0
3402 0
3403 0
3404 0
3405 0
3406 0
3407 0
3408 0
3409 0
3410 0
3411 0
3412 0
3413 0
3414 0
3415 0
3416 0
3417 0
3418 0
3419 0
3420 0
3421 0
3422 0
3423 0
3424 0
3425 0
3426 0
3427 0
3428 0
3429 0
3430 0
3431 0
3432 0
3433 0
3434 0
3435 0
3436 0
3437 0
3438 0
3439 0
3440 0
3441 0
3442 0
3443 0
3444 0
3445 0
3446 0
3447 0
3448 0
3449 0
3450 0
3451 0
3452 0
3453 0
3454 0
3455 0
3456 0
3457 0
3458 0
3459 0
3460 0
3461 0
3462 0
3463 0
3464 0
3465 0
3466 0
3467 0
3468 0
3469 0
3470 0
3471 0
3472 0
3473 0
3474 0
3475 0
3476 0
3477 0
3478 0
3479 0
3480 0
3481 0
3482 0
3483 0
3484 0
3485 0
3486 0
3487 0
3488 0
3489 0
3490 0
3491 0
3492 0
3493 0
3494 0
3495 0
3496 0
3497 0
3498 0
3499 0
3500 0
3501 0
3502 0
3503 0
3504 0
3505 0
3506 0
3507 0
3508 0
3509 0
3510 0
3511 0
3512 0
3513 0
3514 0
3515 0
3516 0
3517 0
3518 0
3519 0
3520 0
3521 0
3522 0
3523 0
3524 0
3525 0
3526 0
3527 0
3528 0
3529 0
3530 0
3531 0
3532 0
3533 0
3534 0
3535 0
3536 0
3537 0
3538 0
3539 0
3540 0
3541 0
3542 0
3543 0
3544 0
3545 0
3546 0
3547 0
3548 0
3549 0
3550 0
3551 0
3552 1
3553 0
3554 0
3555 0
3556 1
3557 0
3558 0
3559 0
3560 0
3561 0
3562 0
3563 0
3564 0
3565 0
3566 0
3567 0
3568 0
3569 0
3570 0
3571 0
3572 0
3573 0
3574 0
3575 0
3576 0
3577 0
3578 0
3579 0
3580 0
3581 0
3582 0
3583 0
3584 0
3585 0
3586 0
3587 0
3588 0
3589 0
3590 0
3591 0
3592 0
3593 0
3594 0
3595 0
3596 0
3597 0
3598 0
3599 0
3600 0
3601 0
3602 0
3603 0
3604 0
3605 0
3606 0
3607 0
3608 0
3609 0
3610 0
3611 0
3612 0
3613 0
3614 0
3615 0
3616 0
3617 0
3618 0
3619 0
3620 0
3621 0
3622 0
3623 0
3624 0
3625 0
3626 0
3627 0
3628 0
3629 0
3630 0
3631 0
3632 0
3633 0
3634 0
3635 0
3636 0
3637 0
3638 0
3639 0
3640 0
3641 0
3642 0
3643 0
3644 0
3645 0
3646 0
3647 0
3648 0
3649 0
3650 0
3651 0
3652 0
3653 0
3654 0
3655 0
3656 0
3657 0
3658 0
3659 0
3660 0
3661 0
3662 0
3663 0
3664 0
3665 0
3666 0
3667 0
3668 0
3669 0
3670 0
3671 0
3672 0
3673 0
3674 0
3675 0
3676 0
3677 0
3678 0
3679 0
3680 0
3681 0
3682 0
3683 0
3684 0
3685 0
3686 0
3687 0
3688 0
3689 0
3690 0
3691 0
3692 0
3693 0
3694 0
3695 0
3696 0
3697 0
3698 0
3699 0
3700 0
3701 0
3702 0
3703 0
3704 0
3705 0
3706 0
3707 0
3708 0
3709 0
3710 0
3711 0
3712 0
3713 0
3714 0
3715 0
3716 0
3717 0
3718 0
3719 0
3720 0
3721 0
3722 0
3723 0
3724 0
3725 0
3726 0
3727 0
3728 0
3729 0
3730 0
3731 0
3732 0
3733 0
3734 0
3735 0
3736 0
3737 0
3738 0
3739 0
3740 0
3741 0
3742 0
3743 0
3744 0
3745 0
3746 0
3747 0
3748 0
3749 0
3750 0
3751 0
3752 0
3753 0
3754 0
3755 0
3756 0
3757 0
3758 0
3759 0
3760 0
3761 0
3762 0
3763 0
3764 0
3765 0
3766 0
3767 0
3768 0
3769 0
3770 0
3771 0
3772 0
3773 0
3774 0
3775 0
3776 0
3777 0
3778 0
3779 0
3780 0
3781 0
3782 0
3783 0
3784 0
3785 0
3786 0
3787 0
3788 0
3789 0
3790 0
3791 0
3792 0
3793 0
3794 1
3795 0
3796 0
3797 0
3798 0
3799 0
3800 0
3801 0
3802 0
3803 0
3804 0
3805 0
3806 0
3807 0
3808 0
3809 0
3810 0
3811 0
3812 0
3813 0
3814 0
3815 0
3816 0
3817 0
3818 0
3819 0
3820 0
3821 0
3822 0
3823 0
3824 0
3825 0
3826 0
3827 0
3828 0
3829 0
3830 0
3831 0
3832 0
3833 0
3834 0
3835 0
3836 0
3837 0
3838 0
3839 0
3840 0
3841 0
3842 0
3843 0
3844 0
3845 0
3846 0
3847 0
3848 0
3849 0
3850 0
3851 0
3852 0
3853 0
3854 0
3855 0
3856 0
3857 0
3858 0
3859 0
3860 0
3861 0
3862 0
3863 0
3864 0
3865 0
3866 0
3867 0
3868 0
3869 0
3870 0
3871 0
3872 0
3873 0
3874 0
3875 0
3876 0
3877 0
3878 0
3879 0
3880 0
3881 0
3882 0
3883 0
3884 0
3885 0
3886 0
3887 0
3888 0
3889 0
3890 0
3891 0
3892 0
3893 0
3894 0
3895 0
3896 0
3897 0
3898 0
3899 0
3900 0
3901 0
3902 0
3903 0
3904 0
3905 0
3906 0
3907 0
3908 0
3909 0
3910 0
3911 0
3912 0
3913 0
3914 0
3915 0
3916 0
3917 0
3918 0
3919 0
3920 0
3921 0
3922 0
3923 0
3924 0
3925 0
3926 0
3927 0
3928 0
3929 0
3930 0
3931 0
3932 0
3933 0
3934 0
3935 0
3936 0
3937 0
3938 0
3939 0
3940 0
3941 0
3942 0
3943 0
3944 0
3945 0
3946 0
3947 0
3948 0
3949 0
3950 0
3951 0
3952 0
3953 0
3954 0
3955 0
3956 0
3957 0
3958 0
3959 0
3960 0
3961 0
3962 0
3963 0
3964 0
3965 0
3966 0
3967 0
3968 0
3969 0
3970 0
3971 0
3972 0
3973 0
3974 0
3975 0
3976 0
3977 0
3978 0
3979 0
3980 0
3981 0
3982 0
3983 0
3984 0
3985 0
3986 0
3987 0
3988 0
3989 0
3990 0
3991 0
3992 0
3993 0
3994 0
3995 0
3996 0
3997 0
3998 0
3999 0
4000 0
