0 0
1 0
2 0
3 0
4 0
5 0
6 0
7 0
8 0
9 0
10 0
11 0
12 0
13 0
14 0
15 0
16 0
17 0
18 0
19 0
20 0
21 0
22 0
23 0
24 0
25 0
26 0
27 0
28 0
29 0
30 0
31 0
32 0
33 0
34 0
35 0
36 0
37 0
38 0
39 0
40 0
41 0
42 0
43 0
44 0
45 0
46 0
47 0
48 0
49 0
50 0
51 0
52 0
53 0
54 0
55 0
56 0
57 0
58 0
59 0
60 0
61 0
62 0
63 0
64 0
65 0
66 0
67 0
68 0
69 0
70 0
71 0
72 0
73 0
74 0
75 0
76 0
77 0
78 0
79 0
80 0
81 0
82 0
83 0
84 0
85 0
86 0
87 0
88 0
89 0
90 0
91 0
92 0
93 0
94 0
95 0
96 0
97 0
98 0
99 0
100 0
101 0
102 0
103 0
104 0
105 0
106 0
107 0
108 0
109 0
110 0
111 0
112 0
113 0
114 0
115 0
116 0
117 0
118 0
119 0
120 0
121 0
122 0
123 0
124 0
125 0
126 0
127 0
128 0
129 0
130 0
131 0
132 0
133 0
134 0
135 0
136 0
137 0
138 0
139 0
140 0
141 0
142 0
143 0
144 0
145 0
146 0
147 1
148 0
149 0
150 0
151 0
152 0
153 4
154 3
155 6
156 4
157 2
158 1
159 6
160 4
161 7
162 5
163 2
164 3
165 7
166 3
167 8
168 10
169 10
170 9
171 6
172 6
173 7
174 16
175 23
176 35
177 47
178 90
179 119
180 143
181 186
182 210
183 220
184 320
185 445
186 763
187 1207
188 1680
189 2246
190 2630
191 2985
192 2949
193 2930
194 2766
195 2564
196 2256
197 2136
198 1901
199 1775
200 1598
201 1316
202 1219
203 1176
204 988
205 922
206 874
207 760
208 739
209 725
210 683
211 666
212 680
213 662
214 662
215 588
216 616
217 634
218 637
219 653
220 583
221 627
222 630
223 623
224 672
225 645
226 684
227 664
228 642
229 662
230 696
231 745
232 678
233 656
234 683
235 727
236 708
237 680
238 713
239 734
240 725
241 725
242 724
243 730
244 788
245 737
246 727
247 706
248 729
249 762
250 742
251 812
252 753
253 773
254 770
255 713
256 790
257 798
258 827
259 771
260 778
261 732
262 841
263 773
264 733
265 835
266 824
267 817
268 812
269 798
270 797
271 819
272 805
273 806
274 856
275 820
276 857
277 849
278 866
279 902
280 863
281 849
282 873
283 878
284 863
285 886
286 855
287 882
288 863
289 852
290 872
291 915
292 916
293 928
294 871
295 862
296 971
297 911
298 969
299 945
300 923
301 889
302 883
303 938
304 924
305 935
306 895
307 1021
308 972
309 961
310 987
311 975
312 956
313 980
314 1006
315 973
316 1002
317 1014
318 1008
319 1013
320 1055
321 1008
322 1014
323 1010
324 1036
325 1024
326 1002
327 1007
328 1043
329 1114
330 1084
331 1089
332 1095
333 1046
334 1155
335 1091
336 1131
337 1118
338 1120
339 1114
340 1126
341 1079
342 1134
343 1182
344 1146
345 1153
346 1129
347 1108
348 1153
349 1164
350 1174
351 1192
352 1243
353 1265
354 1199
355 1198
356 1248
357 1274
358 1273
359 1246
360 1270
361 1316
362 1292
363 1292
364 1301
365 1278
366 1296
367 1309
368 1304
369 1349
370 1328
371 1383
372 1386
373 1376
374 1388
375 1365
376 1372
377 1383
378 1391
379 1425
380 1433
381 1485
382 1454
383 1440
384 1487
385 1453
386 1492
387 1430
388 1452
389 1457
390 1551
391 1492
392 1529
393 1461
394 1471
395 1510
396 1464
397 1597
398 1541
399 1529
400 1535
401 1621
402 1650
403 1631
404 1636
405 1653
406 1677
407 1611
408 1663
409 1703
410 1650
411 1659
412 1634
413 1688
414 1687
415 1675
416 1706
417 1718
418 1707
419 1683
420 1671
421 1784
422 1766
423 1756
424 1692
425 1774
426 1796
427 1725
428 1776
429 1771
430 1826
431 1775
432 1742
433 1738
434 1813
435 1766
436 1798
437 1847
438 1906
439 1845
440 1915
441 1792
442 1861
443 1910
444 1899
445 1875
446 1885
447 1834
448 1879
449 1957
450 2004
451 1829
452 1916
453 1976
454 1906
455 1885
456 1975
457 1969
458 1910
459 1997
460 1953
461 1873
462 2004
463 1983
464 1941
465 1965
466 1977
467 1946
468 1962
469 1944
470 1949
471 1933
472 1942
473 2014
474 2010
475 1963
476 1983
477 2079
478 1945
479 2078
480 2033
481 2018
482 1878
483 2005
484 1937
485 1985
486 1961
487 1922
488 2029
489 2040
490 1998
491 1896
492 1999
493 1937
494 1872
495 1919
496 1921
497 2081
498 1992
499 1968
500 1961
501 1881
502 1894
503 1996
504 1995
505 1950
506 1973
507 2016
508 1942
509 1976
510 1921
511 1923
512 1918
513 1925
514 1933
515 1916
516 1946
517 1974
518 1940
519 1866
520 1934
521 1915
522 1844
523 1838
524 1905
525 1888
526 1905
527 1809
528 1808
529 1898
530 1787
531 1881
532 1840
533 1941
534 1840
535 1820
536 1838
537 1841
538 1837
539 1861
540 1742
541 1805
542 1856
543 1843
544 1740
545 1767
546 1751
547 1780
548 1794
549 1756
550 1774
551 1735
552 1697
553 1676
554 1696
555 1699
556 1704
557 1686
558 1696
559 1720
560 1681
561 1601
562 1615
563 1645
564 1627
565 1531
566 1612
567 1581
568 1606
569 1600
570 1624
571 1614
572 1507
573 1514
574 1576
575 1565
576 1524
577 1536
578 1503
579 1486
580 1542
581 1513
582 1443
583 1468
584 1505
585 1451
586 1535
587 1424
588 1448
589 1458
590 1414
591 1381
592 1351
593 1399
594 1403
595 1393
596 1397
597 1407
598 1421
599 1358
600 1334
601 1273
602 1328
603 1308
604 1287
605 1348
606 1272
607 1291
608 1296
609 1277
610 1249
611 1222
612 1190
613 1218
614 1197
615 1183
616 1268
617 1190
618 1158
619 1206
620 1181
621 1146
622 1102
623 1137
624 1096
625 1139
626 1086
627 1082
628 1066
629 1117
630 1038
631 1094
632 1110
633 1079
634 1090
635 989
636 1023
637 1091
638 1007
639 992
640 955
641 1005
642 932
643 969
644 999
645 930
646 1001
647 958
648 923
649 881
650 917
651 898
652 916
653 879
654 924
655 887
656 866
657 908
658 840
659 821
660 846
661 819
662 825
663 868
664 809
665 832
666 814
667 803
668 856
669 790
670 814
671 812
672 769
673 782
674 755
675 760
676 745
677 706
678 778
679 716
680 735
681 711
682 759
683 724
684 723
685 689
686 668
687 649
688 669
689 664
690 659
691 669
692 647
693 664
694 655
695 659
696 595
697 653
698 676
699 636
700 619
701 636
702 642
703 603
704 581
705 537
706 623
707 539
708 568
709 581
710 534
711 552
712 559
713 548
714 547
715 501
716 538
717 559
718 478
719 516
720 524
721 518
722 502
723 521
724 492
725 526
726 473
727 463
728 480
729 474
730 433
731 461
732 466
733 458
734 474
735 455
736 423
737 425
738 441
739 438
740 458
741 435
742 419
743 457
744 449
745 466
746 422
747 455
748 394
749 405
750 435
751 432
752 399
753 357
754 415
755 413
756 392
757 351
758 408
759 386
760 404
761 360
762 394
763 402
764 345
765 400
766 370
767 399
768 395
769 397
770 374
771 383
772 332
773 350
774 324
775 339
776 328
777 363
778 342
779 335
780 359
781 330
782 348
783 326
784 339
785 323
786 321
787 349
788 326
789 336
790 337
791 314
792 323
793 322
794 334
795 300
796 333
797 325
798 288
799 307
800 284
801 312
802 329
803 307
804 295
805 305
806 329
807 319
808 321
809 314
810 277
811 299
812 291
813 288
814 309
815 284
816 303
817 279
818 290
819 320
820 298
821 269
822 294
823 267
824 273
825 295
826 304
827 277
828 300
829 285
830 261
831 247
832 300
833 273
834 283
835 295
836 265
837 260
838 234
839 284
840 289
841 260
842 269
843 279
844 314
845 294
846 285
847 280
848 287
849 262
850 288
851 242
852 268
853 249
854 269
855 252
856 263
857 250
858 252
859 276
860 273
861 241
862 267
863 253
864 247
865 277
866 267
867 248
868 226
869 253
870 273
871 244
872 271
873 228
874 264
875 245
876 257
877 239
878 220
879 254
880 263
881 279
882 259
883 242
884 267
885 221
886 257
887 242
888 222
889 241
890 262
891 256
892 197
893 240
894 258
895 265
896 216
897 235
898 200
899 245
900 241
901 240
902 233
903 264
904 276
905 235
906 238
907 240
908 272
909 224
910 240
911 251
912 212
913 238
914 261
915 219
916 233
917 241
918 234
919 237
920 240
921 218
922 225
923 281
924 264
925 253
926 246
927 235
928 243
929 232
930 259
931 233
932 241
933 247
934 251
935 239
936 243
937 265
938 234
939 229
940 230
941 240
942 214
943 243
944 233
945 250
946 230
947 250
948 251
949 225
950 221
951 280
952 243
953 253
954 237
955 249
956 267
957 227
958 228
959 223
960 228
961 243
962 250
963 219
964 228
965 255
966 247
967 236
968 218
969 245
970 204
971 225
972 241
973 229
974 222
975 216
976 229
977 235
978 212
979 239
980 235
981 227
982 231
983 271
984 253
985 244
986 202
987 212
988 207
989 245
990 238
991 228
992 216
993 244
994 195
995 206
996 219
997 236
998 247
999 229
1000 201
1001 234
1002 215
1003 234
1004 238
1005 226
1006 224
1007 221
1008 217
1009 236
1010 215
1011 222
1012 245
1013 240
1014 223
1015 219
1016 235
1017 207
1018 249
1019 235
1020 231
1021 216
1022 226
1023 224
1024 208
1025 191
1026 237
1027 217
1028 233
1029 212
1030 205
1031 215
1032 237
1033 235
1034 224
1035 211
1036 222
1037 228
1038 241
1039 240
1040 227
1041 194
1042 233
1043 203
1044 227
1045 219
1046 214
1047 221
1048 230
1049 237
1050 216
1051 228
1052 214
1053 204
1054 248
1055 240
1056 220
1057 214
1058 208
1059 243
1060 226
1061 222
1062 217
1063 232
1064 193
1065 207
1066 201
1067 212
1068 193
1069 221
1070 213
1071 224
1072 208
1073 225
1074 215
1075 205
1076 204
1077 211
1078 233
1079 199
1080 213
1081 207
1082 224
1083 220
1084 230
1085 220
1086 223
1087 225
1088 181
1089 202
1090 222
1091 207
1092 202
1093 207
1094 253
1095 233
1096 215
1097 222
1098 205
1099 230
1100 214
1101 215
1102 234
1103 190
1104 211
1105 196
1106 209
1107 193
1108 226
1109 197
1110 185
1111 218
1112 232
1113 204
1114 195
1115 211
1116 218
1117 201
1118 193
1119 192
1120 190
1121 196
1122 218
1123 195
1124 238
1125 181
1126 215
1127 188
1128 195
1129 210
1130 205
1131 200
1132 201
1133 200
1134 226
1135 197
1136 188
1137 215
1138 203
1139 195
1140 212
1141 215
1142 204
1143 207
1144 212
1145 221
1146 201
1147 195
1148 166
1149 183
1150 185
1151 184
1152 208
1153 201
1154 218
1155 190
1156 181
1157 193
1158 200
1159 215
1160 177
1161 192
1162 174
1163 202
1164 202
1165 172
1166 194
1167 185
1168 177
1169 215
1170 157
1171 172
1172 187
1173 173
1174 171
1175 169
1176 190
1177 185
1178 190
1179 192
1180 181
1181 197
1182 193
1183 164
1184 175
1185 199
1186 210
1187 181
1188 178
1189 161
1190 175
1191 190
1192 173
1193 192
1194 177
1195 181
1196 155
1197 187
1198 162
1199 142
1200 174
1201 143
1202 168
1203 174
1204 185
1205 175
1206 159
1207 165
1208 178
1209 194
1210 169
1211 187
1212 162
1213 174
1214 185
1215 161
1216 177
1217 182
1218 147
1219 165
1220 159
1221 162
1222 173
1223 171
1224 147
1225 161
1226 156
1227 162
1228 166
1229 174
1230 143
1231 161
1232 173
1233 129
1234 175
1235 153
1236 141
1237 145
1238 152
1239 164
1240 163
1241 150
1242 135
1243 175
1244 160
1245 147
1246 143
1247 156
1248 161
1249 148
1250 155
1251 167
1252 162
1253 143
1254 131
1255 138
1256 143
1257 169
1258 156
1259 152
1260 158
1261 140
1262 150
1263 129
1264 137
1265 128
1266 144
1267 148
1268 136
1269 162
1270 141
1271 145
1272 131
1273 145
1274 108
1275 145
1276 142
1277 140
1278 148
1279 171
1280 128
1281 122
1282 140
1283 132
1284 118
1285 137
1286 156
1287 124
1288 128
1289 119
1290 138
1291 142
1292 157
1293 139
1294 125
1295 118
1296 156
1297 140
1298 129
1299 131
1300 122
1301 120
1302 136
1303 130
1304 131
1305 137
1306 118
1307 126
1308 117
1309 121
1310 110
1311 135
1312 123
1313 138
1314 132
1315 105
1316 120
1317 117
1318 132
1319 115
1320 125
1321 115
1322 108
1323 123
1324 126
1325 100
1326 118
1327 120
1328 113
1329 123
1330 139
1331 116
1332 118
1333 123
1334 123
1335 109
1336 129
1337 95
1338 108
1339 124
1340 118
1341 105
1342 110
1343 110
1344 111
1345 106
1346 141
1347 107
1348 103
1349 110
1350 107
1351 104
1352 114
1353 124
1354 101
1355 122
1356 111
1357 107
1358 104
1359 108
1360 99
1361 112
1362 91
1363 123
1364 92
1365 103
1366 100
1367 100
1368 103
1369 108
1370 110
1371 114
1372 85
1373 94
1374 92
1375 96
1376 103
1377 90
1378 87
1379 91
1380 90
1381 88
1382 97
1383 93
1384 88
1385 85
1386 106
1387 104
1388 92
1389 87
1390 107
1391 77
1392 103
1393 93
1394 92
1395 79
1396 90
1397 94
1398 99
1399 93
1400 82
1401 104
1402 94
1403 93
1404 83
1405 103
1406 72
1407 99
1408 79
1409 85
1410 75
1411 84
1412 74
1413 93
1414 91
1415 84
1416 85
1417 92
1418 98
1419 83
1420 74
1421 67
1422 80
1423 79
1424 82
1425 79
1426 66
1427 78
1428 64
1429 72
1430 73
1431 73
1432 85
1433 81
1434 76
1435 62
1436 81
1437 77
1438 81
1439 83
1440 68
1441 82
1442 71
1443 79
1444 66
1445 91
1446 66
1447 71
1448 55
1449 73
1450 80
1451 69
1452 61
1453 78
1454 65
1455 62
1456 68
1457 77
1458 82
1459 76
1460 76
1461 70
1462 84
1463 76
1464 62
1465 70
1466 75
1467 64
1468 69
1469 62
1470 62
1471 75
1472 68
1473 69
1474 66
1475 64
1476 64
1477 62
1478 71
1479 80
1480 69
1481 56
1482 65
1483 69
1484 58
1485 72
1486 59
1487 65
1488 67
1489 60
1490 63
1491 74
1492 51
1493 72
1494 60
1495 63
1496 55
1497 51
1498 68
1499 68
1500 57
1501 81
1502 73
1503 50
1504 66
1505 58
1506 57
1507 61
1508 80
1509 53
1510 48
1511 65
1512 45
1513 66
1514 53
1515 56
1516 54
1517 46
1518 65
1519 49
1520 48
1521 56
1522 53
1523 47
1524 50
1525 56
1526 47
1527 58
1528 39
1529 55
1530 53
1531 49
1532 45
1533 54
1534 58
1535 67
1536 55
1537 47
1538 47
1539 54
1540 51
1541 62
1542 43
1543 61
1544 56
1545 43
1546 42
1547 41
1548 50
1549 51
1550 55
1551 48
1552 52
1553 48
1554 53
1555 40
1556 61
1557 48
1558 38
1559 38
1560 46
1561 35
1562 38
1563 48
1564 57
1565 41
1566 39
1567 42
1568 44
1569 54
1570 38
1571 42
1572 54
1573 44
1574 52
1575 48
1576 39
1577 32
1578 35
1579 38
1580 44
1581 28
1582 33
1583 41
1584 35
1585 42
1586 31
1587 47
1588 48
1589 60
1590 37
1591 41
1592 38
1593 35
1594 41
1595 31
1596 40
1597 41
1598 54
1599 38
1600 40
1601 41
1602 32
1603 48
1604 38
1605 26
1606 26
1607 38
1608 43
1609 43
1610 35
1611 39
1612 28
1613 40
1614 43
1615 41
1616 30
1617 41
1618 28
1619 25
1620 30
1621 28
1622 34
1623 35
1624 44
1625 29
1626 30
1627 27
1628 30
1629 37
1630 29
1631 34
1632 32
1633 24
1634 31
1635 20
1636 30
1637 26
1638 27
1639 26
1640 29
1641 32
1642 37
1643 33
1644 25
1645 28
1646 41
1647 30
1648 34
1649 39
1650 22
1651 30
1652 36
1653 32
1654 32
1655 35
1656 38
1657 24
1658 31
1659 20
1660 22
1661 25
1662 31
1663 24
1664 22
1665 27
1666 15
1667 29
1668 29
1669 22
1670 32
1671 26
1672 24
1673 23
1674 33
1675 35
1676 31
1677 25
1678 26
1679 22
1680 30
1681 28
1682 26
1683 23
1684 28
1685 15
1686 25
1687 26
1688 19
1689 28
1690 23
1691 14
1692 26
1693 19
1694 16
1695 26
1696 24
1697 24
1698 17
1699 25
1700 28
1701 14
1702 21
1703 20
1704 11
1705 23
1706 24
1707 28
1708 27
1709 16
1710 21
1711 19
1712 23
1713 14
1714 22
1715 25
1716 13
1717 19
1718 14
1719 11
1720 11
1721 17
1722 20
1723 23
1724 16
1725 17
1726 17
1727 18
1728 22
1729 21
1730 17
1731 19
1732 18
1733 21
1734 17
1735 15
1736 24
1737 17
1738 25
1739 21
1740 28
1741 20
1742 18
1743 20
1744 10
1745 21
1746 20
1747 14
1748 20
1749 18
1750 15
1751 15
1752 24
1753 13
1754 17
1755 16
1756 14
1757 18
1758 11
1759 11
1760 18
1761 8
1762 17
1763 15
1764 19
1765 12
1766 11
1767 17
1768 15
1769 21
1770 14
1771 6
1772 9
1773 14
1774 15
1775 10
1776 12
1777 13
1778 13
1779 11
1780 13
1781 15
1782 14
1783 10
1784 14
1785 13
1786 13
1787 20
1788 18
1789 12
1790 8
1791 16
1792 13
1793 19
1794 14
1795 11
1796 6
1797 6
1798 10
1799 12
1800 10
1801 18
1802 7
1803 10
1804 11
1805 13
1806 4
1807 9
1808 10
1809 12
1810 16
1811 11
1812 12
1813 7
1814 12
1815 7
1816 15
1817 13
1818 16
1819 18
1820 16
1821 7
1822 15
1823 10
1824 7
1825 6
1826 10
1827 11
1828 6
1829 11
1830 12
1831 7
1832 14
1833 10
1834 9
1835 15
1836 9
1837 7
1838 17
1839 4
1840 10
1841 6
1842 8
1843 7
1844 8
1845 4
1846 11
1847 8
1848 9
1849 10
1850 6
1851 6
1852 6
1853 12
1854 9
1855 12
1856 12
1857 5
1858 8
1859 4
1860 8
1861 2
1862 11
1863 7
1864 9
1865 6
1866 7
1867 8
1868 8
1869 13
1870 5
1871 8
1872 9
1873 8
1874 11
1875 7
1876 11
1877 10
1878 6
1879 5
1880 11
1881 6
1882 9
1883 8
1884 11
1885 7
1886 8
1887 8
1888 5
1889 9
1890 9
1891 4
1892 5
1893 5
1894 6
1895 6
1896 4
1897 2
1898 5
1899 5
1900 4
1901 4
1902 5
1903 3
1904 4
1905 9
1906 4
1907 8
1908 8
1909 8
1910 7
1911 1
1912 7
1913 11
1914 4
1915 7
1916 8
1917 6
1918 4
1919 2
1920 6
1921 7
1922 4
1923 3
1924 6
1925 10
1926 4
1927 3
1928 9
1929 7
1930 2
1931 8
1932 3
1933 3
1934 3
1935 5
1936 6
1937 4
1938 3
1939 1
1940 5
1941 7
1942 6
1943 4
1944 7
1945 8
1946 5
1947 6
1948 10
1949 0
1950 2
1951 5
1952 6
1953 4
1954 1
1955 9
1956 4
1957 6
1958 5
1959 3
1960 5
1961 2
1962 5
1963 5
1964 3
1965 4
1966 4
1967 2
1968 4
1969 7
1970 3
1971 3
1972 0
1973 2
1974 3
1975 3
1976 1
1977 2
1978 4
1979 2
1980 0
1981 3
1982 6
1983 0
1984 4
1985 1
1986 3
1987 3
1988 4
1989 3
1990 5
1991 1
1992 4
1993 4
1994 3
1995 3
1996 3
1997 3
1998 4
1999 3
2000 2
2001 2
2002 5
2003 1
2004 5
2005 6
2006 4
2007 3
2008 5
2009 2
2010 4
2011 5
2012 7
2013 5
2014 4
2015 2
2016 3
2017 1
2018 1
2019 2
2020 2
2021 1
2022 5
2023 2
2024 2
2025 0
2026 1
2027 3
2028 2
2029 2
2030 2
2031 4
2032 4
2033 4
2034 5
2035 2
2036 4
2037 3
2038 4
2039 0
2040 1
2041 2
2042 0
2043 2
2044 1
2045 4
2046 0
2047 3
2048 2
2049 0
2050 5
2051 0
2052 3
2053 4
2054 1
2055 3
2056 2
2057 0
2058 2
2059 7
2060 1
2061 1
2062 1
2063 0
2064 3
2065 5
2066 0
2067 1
2068 0
2069 0
2070 0
2071 1
2072 2
2073 5
2074 0
2075 1
2076 2
2077 4
2078 3
2079 2
2080 3
2081 0
2082 4
2083 2
2084 4
2085 2
2086 1
2087 1
2088 4
2089 4
2090 3
2091 3
2092 1
2093 2
2094 1
2095 3
2096 2
2097 4
2098 0
2099 2
2100 2
2101 1
2102 2
2103 2
2104 0
2105 2
2106 0
2107 2
2108 1
2109 3
2110 1
2111 1
2112 1
2113 2
2114 2
2115 2
2116 1
2117 1
2118 2
2119 0
2120 1
2121 0
2122 2
2123 2
2124 1
2125 1
2126 1
2127 2
2128 2
2129 3
2130 0
2131 2
2132 0
2133 1
2134 0
2135 1
2136 3
2137 2
2138 2
2139 2
2140 1
2141 1
2142 1
2143 0
2144 1
2145 5
2146 1
2147 3
2148 2
2149 3
2150 3
2151 0
2152 1
2153 3
2154 0
2155 2
2156 0
2157 2
2158 4
2159 0
2160 1
2161 1
2162 0
2163 2
2164 1
2165 3
2166 4
2167 1
2168 1
2169 1
2170 1
2171 0
2172 1
2173 2
2174 0
2175 1
2176 5
2177 0
2178 3
2179 0
2180 3
2181 0
2182 0
2183 1
2184 1
2185 1
2186 1
2187 1
2188 0
2189 1
2190 0
2191 0
2192 0
2193 0
2194 1
2195 2
2196 0
2197 2
2198 3
2199 3
2200 1
2201 1
2202 1
2203 0
2204 0
2205 1
2206 0
2207 1
2208 1
2209 1
2210 3
2211 2
2212 0
2213 1
2214 2
2215 1
2216 0
2217 3
2218 0
2219 0
2220 0
2221 0
2222 1
2223 2
2224 0
2225 1
2226 1
2227 2
2228 0
2229 1
2230 1
2231 1
2232 0
2233 0
2234 3
2235 0
2236 0
2237 1
2238 2
2239 3
2240 0
2241 0
2242 0
2243 1
2244 0
2245 0
2246 2
2247 1
2248 0
2249 0
2250 1
2251 0
2252 1
2253 0
2254 0
2255 0
2256 1
2257 0
2258 2
2259 0
2260 0
2261 0
2262 2
2263 0
2264 2
2265 3
2266 2
2267 1
2268 0
2269 1
2270 1
2271 1
2272 1
2273 1
2274 0
2275 0
2276 0
2277 0
2278 1
2279 0
2280 1
2281 1
2282 1
2283 0
2284 0
2285 0
2286 0
2287 1
2288 0
2289 1
2290 0
2291 0
2292 1
2293 1
2294 0
2295 1
2296 0
2297 0
2298 0
2299 0
2300 0
2301 0
2302 0
2303 1
2304 3
2305 0
2306 0
2307 1
2308 0
2309 0
2310 2
2311 0
2312 0
2313 2
2314 2
2315 0
2316 0
2317 0
2318 0
2319 0
2320 0
2321 2
2322 0
2323 1
2324 0
2325 3
2326 2
2327 0
2328 0
2329 0
2330 0
2331 0
2332 0
2333 1
2334 0
2335 0
2336 1
2337 1
2338 1
2339 0
2340 0
2341 0
2342 0
2343 1
2344 1
2345 0
2346 0
2347 0
2348 0
2349 3
2350 1
2351 2
2352 0
2353 0
2354 0
2355 0
2356 0
2357 1
2358 1
2359 0
2360 0
2361 0
2362 0
2363 0
2364 0
2365 1
2366 0
2367 0
2368 0
2369 0
2370 0
2371 0
2372 0
2373 1
2374 0
2375 0
2376 0
2377 0
2378 0
2379 0
2380 0
2381 0
2382 0
2383 0
2384 0
2385 0
2386 0
2387 0
2388 0
2389 0
2390 0
2391 0
2392 0
2393 1
2394 0
2395 0
2396 0
2397 0
2398 0
2399 0
2400 1
2401 0
2402 0
2403 0
2404 0
2405 2
2406 0
2407 0
2408 0
2409 1
2410 0
2411 0
2412 1
2413 1
2414 0
2415 0
2416 0
2417 1
2418 0
2419 0
2420 0
2421 0
2422 0
2423 0
2424 0
2425 0
2426 1
2427 0
2428 0
2429 0
2430 0
2431 2
2432 0
2433 0
2434 0
2435 0
2436 2
2437 0
2438 1
2439 1
2440 0
2441 0
2442 1
2443 0
2444 1
2445 0
2446 0
2447 0
2448 0
2449 0
2450 1
2451 0
2452 0
2453 0
2454 1
2455 0
2456 1
2457 0
2458 0
2459 0
2460 0
2461 0
2462 0
2463 0
2464 0
2465 0
2466 0
2467 0
2468 1
2469 0
2470 0
2471 0
2472 0
2473 0
2474 0
2475 0
2476 0
2477 0
2478 0
2479 0
2480 0
2481 0
2482 0
2483 1
2484 0
2485 0
2486 0
2487 0
2488 0
2489 0
2490 0
2491 0
2492 0
2493 0
2494 0
2495 0
2496 0
2497 0
2498 0
2499 0
2500 0
2501 0
2502 0
2503 0
2504 0
2505 0
2506 0
2507 0
2508 0
2509 0
2510 1
2511 0
2512 0
2513 0
2514 0
2515 0
2516 0
2517 0
2518 0
2519 0
2520 0
2521 0
2522 0
2523 0
2524 0
2525 0
2526 1
2527 0
2528 0
2529 1
2530 0
2531 0
2532 1
2533 1
2534 0
2535 0
2536 0
2537 1
2538 0
2539 0
2540 0
2541 0
2542 0
2543 0
2544 0
2545 0
2546 0
2547 0
2548 0
2549 0
2550 0
2551 0
2552 0
2553 0
2554 0
2555 0
2556 0
2557 0
2558 0
2559 0
2560 0
2561 0
2562 0
2563 0
2564 0
2565 0
2566 0
2567 0
2568 1
2569 0
2570 0
2571 1
2572 0
2573 0
2574 0
2575 0
2576 0
2577 0
2578 0
2579 0
2580 0
2581 0
2582 0
2583 0
2584 0
2585 0
2586 1
2587 0
2588 0
2589 1
2590 0
2591 0
2592 0
2593 0
2594 0
2595 0
2596 1
2597 0
2598 0
2599 0
2600 0
2601 0
2602 0
2603 0
2604 0
2605 0
2606 0
2607 0
2608 0
2609 0
2610 0
2611 0
2612 0
2613 0
2614 0
2615 0
2616 0
2617 1
2618 1
2619 0
2620 0
2621 0
2622 0
2623 1
2624 0
2625 0
2626 0
2627 0
2628 0
2629 1
2630 0
2631 0
2632 1
2633 0
2634 0
2635 0
2636 0
2637 0
2638 0
2639 0
2640 0
2641 1
2642 0
2643 0
2644 0
2645 0
2646 0
2647 0
2648 0
2649 0
2650 0
2651 0
2652 0
2653 0
2654 0
2655 0
2656 0
2657 0
2658 0
2659 0
2660 1
2661 0
2662 0
2663 0
2664 0
2665 0
2666 0
2667 0
2668 0
2669 0
2670 0
2671 0
2672 0
2673 0
2674 0
2675 0
2676 0
2677 0
2678 0
2679 1
2680 0
2681 0
2682 0
2683 0
2684 0
2685 0
2686 0
2687 0
2688 0
2689 0
2690 0
2691 0
2692 0
2693 0
2694 0
2695 0
2696 0
2697 1
2698 0
2699 0
2700 0
2701 0
2702 0
2703 0
2704 0
2705 0
2706 0
2707 0
2708 0
2709 0
2710 0
2711 0
2712 0
2713 0
2714 0
2715 0
2716 0
2717 0
2718 0
2719 0
2720 0
2721 0
2722 0
2723 0
2724 0
2725 0
2726 0
2727 0
2728 0
2729 0
2730 0
2731 0
2732 0
2733 0
2734 0
2735 0
2736 0
2737 0
2738 0
2739 0
2740 0
2741 0
2742 0
2743 0
2744 0
2745 0
2746 0
2747 0
2748 0
2749 0
2750 0
2751 0
2752 0
2753 0
2754 0
2755 0
2756 0
2757 0
2758 0
2759 0
2760 0
2761 0
2762 0
2763 0
2764 0
2765 0
2766 0
2767 0
2768 0
2769 0
2770 0
2771 0
2772 0
2773 0
2774 0
2775 0
2776 0
2777 0
2778 0
2779 1
2780 0
2781 0
2782 0
2783 0
2784 0
2785 0
2786 0
2787 0
2788 1
2789 0
2790 0
2791 0
2792 0
2793 0
2794 0
2795 0
2796 0
2797 0
2798 0
2799 0
2800 0
2801 0
2802 0
2803 0
2804 0
2805 0
2806 0
2807 0
2808 0
2809 0
2810 0
2811 0
2812 0
2813 0
2814 0
2815 0
2816 0
2817 0
2818 0
2819 0
2820 0
2821 0
2822 0
2823 0
2824 0
2825 0
2826 0
2827 0
2828 0
2829 0
2830 0
2831 0
2832 0
2833 0
2834 0
2835 1
2836 0
2837 0
2838 0
2839 0
2840 0
2841 0
2842 0
2843 0
2844 0
2845 0
2846 0
2847 0
2848 0
2849 0
2850 0
2851 0
2852 0
2853 0
2854 0
2855 0
2856 0
2857 0
2858 0
2859 0
2860 0
2861 0
2862 0
2863 0
2864 0
2865 0
2866 0
2867 0
2868 0
2869 0
2870 0
2871 0
2872 0
2873 0
2874 0
2875 0
2876 0
2877 0
2878 0
2879 0
2880 0
2881 0
2882 0
2883 1
2884 0
2885 0
2886 1
2887 0
2888 0
2889 0
2890 0
2891 0
2892 0
2893 0
2894 0
2895 0
2896 0
2897 1
2898 0
2899 0
2900 0
2901 0
2902 0
2903 0
2904 0
2905 0
2906 0
2907 0
2908 0
2909 0
2910 0
2911 0
2912 0
2913 0
2914 0
2915 0
2916 0
2917 0
2918 1
2919 0
2920 0
2921 0
2922 0
2923 0
2924 0
2925 1
2926 0
2927 0
2928 0
2929 0
2930 0
2931 0
2932 0
2933 0
2934 0
2935 0
2936 0
2937 0
2938 0
2939 0
2940 0
2941 0
2942 0
2943 0
2944 0
2945 0
2946 0
2947 1
2948 0
2949 0
2950 1
2951 0
2952 0
2953 0
2954 0
2955 0
2956 0
2957 0
2958 0
2959 0
2960 0
2961 0
2962 0
2963 0
2964 0
2965 0
2966 0
2967 0
2968 0
2969 0
2970 0
2971 0
2972 0
2973 0
2974 0
2975 0
2976 0
2977 0
2978 0
2979 0
2980 0
2981 0
2982 0
2983 0
2984 0
2985 0
2986 0
2987 0
2988 0
2989 0
2990 0
2991 0
2992 0
2993 1
2994 0
2995 0
2996 0
2997 0
2998 0
2999 0
3000 0
3001 0
3002 0
3003 0
3004 0
3005 0
3006 0
3007 0
3008 0
3009 0
3010 0
3011 0
3012 0
3013 0
3014 0
3015 0
3016 0
3017 0
3018 0
3019 0
3020 0
3021 1
3022 0
3023 1
3024 0
3025 0
3026 0
3027 0
3028 0
3029 0
3030 0
3031 0
3032 0
3033 0
3034 0
3035 0
3036 1
3037 0
3038 0
3039 0
3040 0
3041 0
3042 0
3043 0
3044 0
3045 0
3046 0
3047 0
3048 0
3049 0
3050 0
3051 0
3052 0
3053 0
3054 0
3055 0
3056 0
3057 0
3058 0
3059 0
3060 0
3061 0
3062 0
3063 0
3064 0
3065 0
3066 0
3067 0
3068 0
3069 0
3070 0
3071 0
3072 0
3073 0
3074 0
3075 0
3076 0
3077 0
3078 0
3079 0
3080 0
3081 0
3082 0
3083 0
3084 0
3085 0
3086 0
3087 0
3088 0
3089 0
3090 0
3091 0
3092 0
3093 0
3094 1
3095 0
3096 0
3097 0
3098 0
3099 0
3100 0
3101 0
3102 0
3103 0
3104 0
3105 0
3106 0
3107 0
3108 0
3109 0
3110 0
3111 0
3112 0
3113 1
3114 0
3115 0
3116 0
3117 0
3118 0
3119 0
3120 0
3121 0
3122 0
3123 0
3124 0
3125 0
3126 0
3127 0
3128 0
3129 0
3130 0
3131 0
3132 0
3133 0
3134 0
3135 0
3136 0
3137 0
3138 0
3139 0
3140 0
3141 0
3142 0
3143 0
3144 0
3145 0
3146 0
3147 0
3148 0
3149 0
3150 0
3151 0
3152 0
3153 0
3154 0
3155 0
3156 0
3157 0
3158 0
3159 0
3160 0
3161 0
3162 0
3163 0
3164 0
3165 0
3166 0
3167 0
3168 0
3169 0
3170 0
3171 0
3172 0
3173 1
3174 0
3175 0
3176 0
3177 0
3178 0
3179 0
3180 0
3181 0
3182 0
3183 0
3184 0
3185 0
3186 0
3187 0
3188 0
3189 0
3190 0
3191 0
3192 0
3193 0
3194 0
3195 0
3196 0
3197 0
3198 0
3199 0
3200 0
3201 0
3202 0
3203 0
3204 0
3205 0
3206 0
3207 0
3208 0
3209 0
3210 0
3211 0
3212 0
3213 0
3214 0
3215 0
3216 0
3217 0
3218 0
3219 0
3220 0
3221 0
3222 0
3223 0
3224 0
3225 0
3226 0
3227 0
3228 0
3229 0
3230 0
3231 0
3232 0
3233 0
3234 0
3235 0
3236 0
3237 0
3238 0
3239 0
3240 0
3241 0
3242 0
3243 0
3244 0
3245 0
3246 0
3247 0
3248 0
3249 0
3250 0
3251 0
3252 0
3253 0
3254 0
3255 0
3256 0
3257 0
3258 0
3259 0
3260 0
3261 0
3262 0
3263 0
3264 0
3265 0
3266 0
3267 0
3268 0
3269 0
3270 0
3271 0
3272 0
3273 0
3274 0
3275 0
3276 0
3277 0
3278 0
3279 0
3280 0
3281 0
3282 0
3283 0
3284 0
3285 0
3286 0
3287 0
3288 0
3289 0
3290 0
3291 0
3292 0
3293 0
3294 0
3295 0
3296 0
3297 0
3298 0
3299 0
3300 0
3301 0
3302 0
3303 0
3304 0
3305 0
3306 0
3307 0
3308 0
3309 0
3310 0
3311 0
3312 0
3313 0
3314 0
3315 0
3316 0
3317 1
3318 0
3319 0
3320 0
3321 0
3322 0
3323 0
3324 0
3325 0
3326 0
3327 0
3328 0
3329 0
3330 0
3331 0
3332 0
3333 0
3334 0
3335 0
3336 0
3337 0
3338 0
3339 0
3340 0
3341 0
3342 0
3343 0
3344 0
3345 0
3346 0
3347 0
3348 0
3349 0
3350 0
3351 0
3352 0
3353 0
3354 0
3355 0
3356 0
3357 0
3358 0
3359 0
3360 0
3361 0
3362 0
3363 0
3364 0
3365 0
3366 0
3367 0
3368 0
3369 0
3370 0
3371 0
3372 0
3373 0
3374 0
3375 0
3376 0
3377 0
3378 0
3379 0
3380 0
3381 0
3382 0
3383 0
3384 0
3385 0
3386 0
3387 0
3388 0
3389 0
3390 0
3391 0
3392 0
3393 0
3394 0
3395 0
3396 0
3397 0
3398 0
3399 0
3400 0
3401 0
3402 0
3403 0
3404 0
3405 0
3406 0
3407 0
3408 0
3409 0
3410 0
3411 0
3412 0
3413 0
3414 0
3415 0
3416 0
3417 0
3418 0
3419 0
3420 0
3421 0
3422 0
3423 0
3424 0
3425 0
3426 0
3427 0
3428 0
3429 0
3430 0
3431 0
3432 0
3433 0
3434 0
3435 0
3436 0
3437 1
3438 0
3439 0
3440 0
3441 0
3442 0
3443 0
3444 0
3445 0
3446 0
3447 0
3448 0
3449 0
3450 0
3451 0
3452 0
3453 0
3454 0
3455 0
3456 0
3457 0
3458 0
3459 0
3460 0
3461 0
3462 0
3463 0
3464 0
3465 0
3466 0
3467 0
3468 0
3469 0
3470 0
3471 0
3472 0
3473 0
3474 0
3475 0
3476 0
3477 0
3478 0
3479 0
3480 0
3481 0
3482 0
3483 0
3484 0
3485 0
3486 0
3487 0
3488 0
3489 0
3490 0
3491 0
3492 0
3493 0
3494 0
3495 0
3496 0
3497 0
3498 0
3499 0
3500 0
3501 0
3502 0
3503 0
3504 0
3505 0
3506 0
3507 0
3508 0
3509 0
3510 0
3511 0
3512 0
3513 0
3514 0
3515 0
3516 0
3517 0
3518 0
3519 0
3520 0
3521 0
3522 0
3523 0
3524 0
3525 0
3526 0
3527 0
3528 0
3529 0
3530 0
3531 0
3532 0
3533 0
3534 0
3535 0
3536 0
3537 0
3538 0
3539 0
3540 0
3541 0
3542 0
3543 0
3544 0
3545 0
3546 0
3547 0
3548 0
3549 0
3550 0
3551 0
3552 0
3553 0
3554 0
3555 0
3556 0
3557 0
3558 0
3559 0
3560 0
3561 0
3562 0
3563 0
3564 0
3565 0
3566 0
3567 0
3568 0
3569 0
3570 0
3571 0
3572 0
3573 0
3574 0
3575 0
3576 0
3577 0
3578 0
3579 0
3580 0
3581 0
3582 0
3583 0
3584 0
3585 0
3586 0
3587 0
3588 0
3589 0
3590 0
3591 0
3592 0
3593 0
3594 0
3595 0
3596 0
3597 0
3598 0
3599 0
3600 0
3601 0
3602 0
3603 0
3604 0
3605 0
3606 0
3607 0
3608 0
3609 0
3610 0
3611 0
3612 0
3613 0
3614 0
3615 0
3616 0
3617 0
3618 0
3619 0
3620 0
3621 0
3622 0
3623 0
3624 0
3625 0
3626 0
3627 0
3628 0
3629 0
3630 0
3631 0
3632 0
3633 0
3634 0
3635 0
3636 0
3637 0
3638 0
3639 0
3640 0
3641 0
3642 0
3643 0
3644 0
3645 0
3646 0
3647 0
3648 0
3649 0
3650 0
3651 0
3652 0
3653 0
3654 0
3655 0
3656 0
3657 0
3658 0
3659 0
3660 0
3661 0
3662 0
3663 0
3664 0
3665 0
3666 0
3667 0
3668 0
3669 0
3670 0
3671 0
3672 0
3673 0
3674 0
3675 0
3676 0
3677 0
3678 0
3679 0
3680 0
3681 0
3682 0
3683 0
3684 0
3685 0
3686 0
3687 0
3688 0
3689 0
3690 0
3691 0
3692 0
3693 0
3694 0
3695 0
3696 0
3697 0
3698 0
3699 0
3700 0
3701 0
3702 0
3703 0
3704 0
3705 0
3706 0
3707 0
3708 0
3709 0
3710 0
3711 0
3712 0
3713 0
3714 0
3715 0
3716 0
3717 0
3718 0
3719 0
3720 0
3721 0
3722 0
3723 0
3724 0
3725 0
3726 0
3727 0
3728 0
3729 0
3730 0
3731 0
3732 0
3733 1
3734 0
3735 0
3736 0
3737 0
3738 0
3739 0
3740 0
3741 0
3742 0
3743 0
3744 0
3745 0
3746 0
3747 0
3748 0
3749 0
3750 0
3751 0
3752 0
3753 0
3754 0
3755 0
3756 0
3757 0
3758 0
3759 0
3760 0
3761 0
3762 0
3763 0
3764 0
3765 0
3766 0
3767 0
3768 0
3769 0
3770 0
3771 0
3772 0
3773 0
3774 0
3775 0
3776 0
3777 0
3778 0
3779 0
3780 0
3781 0
3782 0
3783 0
3784 0
3785 0
3786 0
3787 0
3788 0
3789 0
3790 0
3791 0
3792 0
3793 0
3794 0
3795 0
3796 0
3797 0
3798 0
3799 0
3800 0
3801 0
3802 0
3803 0
3804 0
3805 0
3806 0
3807 0
3808 0
3809 0
3810 0
3811 0
3812 0
3813 0
3814 0
3815 0
3816 0
3817 0
3818 0
3819 0
3820 0
3821 0
3822 0
3823 0
3824 0
3825 0
3826 0
3827 0
3828 0
3829 0
3830 0
3831 0
3832 0
3833 0
3834 0
3835 0
3836 0
3837 0
3838 0
3839 0
3840 0
3841 0
3842 0
3843 0
3844 0
3845 0
3846 0
3847 0
3848 0
3849 0
3850 0
3851 0
3852 0
3853 0
3854 0
3855 0
3856 0
3857 0
3858 0
3859 0
3860 0
3861 0
3862 0
3863 0
3864 0
3865 0
3866 0
3867 0
3868 0
3869 0
3870 0
3871 0
3872 0
3873 0
3874 0
3875 0
3876 0
3877 0
3878 0
3879 0
3880 0
3881 0
3882 0
3883 0
3884 0
3885 0
3886 0
3887 0
3888 0
3889 0
3890 0
3891 0
3892 0
3893 0
3894 0
3895 0
3896 0
3897 0
3898 0
3899 0
3900 0
3901 0
3902 0
3903 0
3904 0
3905 0
3906 0
3907 0
3908 0
3909 0
3910 0
3911 0
3912 0
3913 0
3914 0
3915 0
3916 0
3917 0
3918 0
3919 0
3920 0
3921 0
3922 0
3923 0
3924 0
3925 0
3926 0
3927 0
3928 0
3929 0
3930 0
3931 0
3932 0
3933 0
3934 0
3935 0
3936 0
3937 0
3938 0
3939 0
3940 0
3941 0
3942 0
3943 0
3944 0
3945 0
3946 0
3947 0
3948 0
3949 0
3950 0
3951 0
3952 0
3953 0
3954 0
3955 0
3956 0
3957 0
3958 0
3959 0
3960 0
3961 0
3962 0
3963 0
3964 0
3965 0
3966 0
3967 0
3968 0
3969 0
3970 0
3971 0
3972 0
3973 0
3974 0
3975 0
3976 0
3977 0
3978 0
3979 0
3980 0
3981 0
3982 0
3983 0
3984 0
3985 0
3986 0
3987 0
3988 0
3989 0
3990 0
3991 0
3992 0
3993 0
3994 0
3995 0
3996 0
3997 0
3998 0
3999 0
4000 0
