0 0
1 0
2 0
3 0
4 0
5 0
6 0
7 0
8 0
9 0
10 0
11 0
12 0
13 0
14 0
15 0
16 0
17 0
18 0
19 0
20 0
21 0
22 0
23 0
24 0
25 0
26 0
27 0
28 0
29 0
30 0
31 0
32 0
33 0
34 0
35 0
36 0
37 0
38 0
39 0
40 0
41 0
42 0
43 0
44 0
45 0
46 0
47 0
48 0
49 0
50 0
51 0
52 0
53 0
54 0
55 0
56 0
57 0
58 0
59 0
60 0
61 0
62 0
63 0
64 0
65 0
66 0
67 0
68 0
69 0
70 0
71 0
72 0
73 0
74 0
75 0
76 0
77 0
78 0
79 0
80 0
81 0
82 0
83 0
84 0
85 2
86 15
87 26
88 24
89 17
90 21
91 19
92 18
93 25
94 17
95 22
96 27
97 25
98 22
99 20
100 13
101 21
102 15
103 7
104 17
105 15
106 13
107 12
108 11
109 11
110 27
111 147
112 704
113 2263
114 4573
115 7115
116 8770
117 9538
118 10007
119 9817
120 9186
121 8335
122 7474
123 6558
124 5855
125 4969
126 4281
127 3607
128 3091
129 2671
130 2308
131 1972
132 1646
133 1564
134 1360
135 1261
136 1255
137 1150
138 1100
139 1123
140 1047
141 953
142 1025
143 1004
144 1085
145 1023
146 1041
147 1020
148 1026
149 1065
150 978
151 1029
152 995
153 1031
154 997
155 1077
156 1015
157 1010
158 959
159 979
160 999
161 1009
162 995
163 1058
164 996
165 1017
166 1023
167 1021
168 993
169 1000
170 1055
171 1083
172 1007
173 1095
174 1046
175 1001
176 1073
177 1089
178 1048
179 1054
180 1063
181 1089
182 1030
183 1060
184 1054
185 1042
186 1106
187 1073
188 1074
189 1074
190 1118
191 1049
192 1057
193 1064
194 1030
195 1129
196 1068
197 1135
198 1115
199 1162
200 1097
201 1094
202 1038
203 1081
204 1083
205 1112
206 1043
207 1104
208 1099
209 1121
210 1146
211 1095
212 1119
213 1117
214 1156
215 1128
216 1098
217 1167
218 1093
219 1127
220 1179
221 1083
222 1099
223 1149
224 1082
225 1090
226 1221
227 1186
228 1152
229 1176
230 1190
231 1185
232 1108
233 1078
234 1127
235 1156
236 1104
237 1185
238 1170
239 1131
240 1150
241 1107
242 1227
243 1163
244 1150
245 1135
246 1160
247 1122
248 1194
249 1187
250 1172
251 1192
252 1137
253 1199
254 1176
255 1214
256 1232
257 1133
258 1161
259 1202
260 1136
261 1173
262 1184
263 1197
264 1184
265 1219
266 1180
267 1169
268 1259
269 1243
270 1173
271 1201
272 1239
273 1203
274 1228
275 1210
276 1260
277 1236
278 1172
279 1212
280 1197
281 1264
282 1168
283 1266
284 1270
285 1282
286 1236
287 1353
288 1305
289 1270
290 1270
291 1319
292 1377
293 1313
294 1278
295 1282
296 1390
297 1240
298 1286
299 1311
300 1347
301 1336
302 1322
303 1345
304 1376
305 1361
306 1378
307 1368
308 1417
309 1372
310 1436
311 1499
312 1421
313 1367
314 1478
315 1341
316 1434
317 1399
318 1475
319 1461
320 1420
321 1409
322 1434
323 1461
324 1444
325 1477
326 1400
327 1528
328 1498
329 1510
330 1500
331 1558
332 1460
333 1533
334 1643
335 1595
336 1572
337 1570
338 1596
339 1542
340 1550
341 1608
342 1596
343 1580
344 1563
345 1574
346 1636
347 1621
348 1627
349 1676
350 1578
351 1683
352 1638
353 1695
354 1621
355 1691
356 1717
357 1696
358 1704
359 1672
360 1726
361 1786
362 1761
363 1702
364 1734
365 1757
366 1767
367 1683
368 1827
369 1761
370 1773
371 1819
372 1794
373 1733
374 1821
375 1869
376 1835
377 1834
378 1817
379 1792
380 1819
381 1902
382 1826
383 1802
384 1884
385 1894
386 1836
387 1866
388 1867
389 1865
390 1936
391 1840
392 1940
393 1884
394 1929
395 1857
396 1967
397 1871
398 1857
399 1911
400 1953
401 1951
402 2025
403 1980
404 2011
405 1940
406 2000
407 2034
408 1970
409 1999
410 1914
411 1991
412 1976
413 1944
414 1976
415 1971
416 1910
417 2051
418 2081
419 1923
420 1942
421 1986
422 1981
423 2026
424 2055
425 1967
426 1949
427 1981
428 2022
429 2029
430 2033
431 1934
432 2017
433 2032
434 2021
435 2067
436 1987
437 1995
438 2022
439 1982
440 2081
441 1988
442 1986
443 2021
444 2049
445 2104
446 2070
447 1961
448 1983
449 2027
450 2028
451 2031
452 1950
453 2054
454 2013
455 1983
456 1861
457 1925
458 2041
459 1910
460 2001
461 1973
462 2015
463 1942
464 1980
465 2054
466 1988
467 1930
468 1892
469 1955
470 1924
471 1876
472 1826
473 1852
474 1861
475 1870
476 1853
477 1885
478 1928
479 1813
480 1797
481 1839
482 1839
483 1880
484 1820
485 1818
486 1847
487 1828
488 1861
489 1816
490 1833
491 1777
492 1827
493 1814
494 1820
495 1807
496 1767
497 1765
498 1771
499 1751
500 1715
501 1793
502 1727
503 1757
504 1715
505 1725
506 1632
507 1647
508 1701
509 1608
510 1646
511 1734
512 1671
513 1602
514 1631
515 1583
516 1644
517 1585
518 1593
519 1537
520 1578
521 1553
522 1561
523 1513
524 1457
525 1603
526 1484
527 1529
528 1517
529 1556
530 1503
531 1582
532 1410
533 1479
534 1406
535 1395
536 1482
537 1459
538 1448
539 1420
540 1387
541 1393
542 1369
543 1427
544 1380
545 1390
546 1289
547 1346
548 1315
549 1313
550 1314
551 1287
552 1290
553 1212
554 1273
555 1269
556 1233
557 1225
558 1250
559 1237
560 1185
561 1228
562 1148
563 1280
564 1248
565 1127
566 1122
567 1139
568 1144
569 1153
570 1154
571 1168
572 1095
573 1127
574 1067
575 1086
576 1063
577 1098
578 1066
579 1060
580 1059
581 1058
582 1015
583 1055
584 1086
585 954
586 1053
587 1032
588 941
589 970
590 973
591 983
592 1040
593 933
594 939
595 921
596 980
597 921
598 885
599 850
600 907
601 896
602 936
603 816
604 904
605 814
606 807
607 781
608 843
609 824
610 744
611 797
612 773
613 808
614 808
615 821
616 783
617 763
618 749
619 782
620 699
621 724
622 754
623 719
624 778
625 751
626 678
627 691
628 704
629 682
630 671
631 689
632 630
633 727
634 679
635 658
636 658
637 606
638 627
639 659
640 644
641 589
642 607
643 642
644 588
645 616
646 607
647 612
648 611
649 597
650 562
651 551
652 576
653 569
654 551
655 540
656 554
657 521
658 551
659 499
660 516
661 568
662 527
663 513
664 524
665 489
666 499
667 513
668 499
669 509
670 445
671 454
672 462
673 496
674 464
675 473
676 478
677 428
678 456
679 451
680 446
681 461
682 420
683 436
684 424
685 364
686 443
687 426
688 422
689 398
690 392
691 410
692 401
693 415
694 411
695 366
696 373
697 412
698 409
699 359
700 342
701 348
702 357
703 366
704 360
705 401
706 393
707 345
708 380
709 333
710 338
711 351
712 370
713 354
714 357
715 351
716 361
717 319
718 365
719 339
720 308
721 311
722 338
723 345
724 311
725 304
726 296
727 328
728 321
729 311
730 307
731 327
732 311
733 320
734 277
735 289
736 287
737 305
738 320
739 310
740 296
741 289
742 278
743 287
744 249
745 289
746 265
747 282
748 293
749 292
750 289
751 257
752 272
753 268
754 281
755 296
756 260
757 287
758 285
759 279
760 250
761 252
762 275
763 269
764 245
765 264
766 244
767 254
768 281
769 237
770 227
771 264
772 258
773 248
774 234
775 282
776 258
777 219
778 252
779 293
780 249
781 254
782 245
783 222
784 238
785 244
786 231
787 236
788 258
789 195
790 262
791 215
792 225
793 265
794 263
795 256
796 246
797 221
798 245
799 248
800 224
801 261
802 236
803 247
804 203
805 235
806 222
807 222
808 221
809 245
810 234
811 228
812 223
813 264
814 239
815 231
816 229
817 214
818 236
819 211
820 232
821 230
822 206
823 225
824 228
825 224
826 238
827 204
828 212
829 243
830 223
831 209
832 204
833 243
834 216
835 202
836 227
837 217
838 222
839 219
840 204
841 191
842 210
843 194
844 234
845 221
846 210
847 208
848 219
849 229
850 221
851 231
852 224
853 217
854 229
855 231
856 209
857 238
858 209
859 210
860 223
861 236
862 217
863 240
864 223
865 218
866 209
867 196
868 233
869 236
870 205
871 213
872 212
873 195
874 201
875 240
876 233
877 217
878 199
879 213
880 225
881 202
882 201
883 194
884 219
885 220
886 220
887 239
888 192
889 208
890 209
891 198
892 190
893 190
894 207
895 226
896 220
897 224
898 213
899 204
900 204
901 197
902 204
903 190
904 209
905 222
906 228
907 195
908 229
909 198
910 221
911 199
912 207
913 216
914 218
915 184
916 209
917 189
918 213
919 212
920 194
921 207
922 241
923 190
924 220
925 207
926 199
927 211
928 210
929 202
930 234
931 184
932 189
933 224
934 203
935 213
936 201
937 212
938 211
939 221
940 190
941 207
942 215
943 206
944 209
945 212
946 216
947 235
948 184
949 214
950 208
951 212
952 222
953 230
954 188
955 233
956 228
957 224
958 219
959 218
960 204
961 245
962 213
963 195
964 198
965 226
966 216
967 183
968 236
969 207
970 238
971 202
972 230
973 221
974 225
975 246
976 219
977 215
978 196
979 221
980 232
981 202
982 215
983 189
984 220
985 205
986 196
987 221
988 204
989 214
990 208
991 206
992 201
993 245
994 224
995 210
996 223
997 194
998 206
999 216
1000 224
1001 201
1002 208
1003 208
1004 183
1005 221
1006 240
1007 211
1008 208
1009 203
1010 219
1011 208
1012 205
1013 211
1014 195
1015 210
1016 211
1017 214
1018 206
1019 195
1020 205
1021 218
1022 231
1023 202
1024 221
1025 197
1026 203
1027 200
1028 208
1029 210
1030 214
1031 183
1032 218
1033 223
1034 215
1035 221
1036 194
1037 216
1038 198
1039 206
1040 196
1041 230
1042 189
1043 196
1044 209
1045 180
1046 199
1047 188
1048 196
1049 208
1050 207
1051 221
1052 201
1053 206
1054 189
1055 210
1056 197
1057 210
1058 230
1059 193
1060 205
1061 190
1062 226
1063 205
1064 205
1065 207
1066 185
1067 201
1068 207
1069 203
1070 176
1071 210
1072 194
1073 234
1074 211
1075 210
1076 197
1077 176
1078 210
1079 232
1080 198
1081 196
1082 194
1083 200
1084 194
1085 190
1086 210
1087 194
1088 220
1089 216
1090 205
1091 176
1092 203
1093 180
1094 192
1095 181
1096 172
1097 190
1098 177
1099 218
1100 191
1101 194
1102 198
1103 203
1104 226
1105 212
1106 200
1107 212
1108 215
1109 189
1110 186
1111 192
1112 201
1113 178
1114 216
1115 180
1116 174
1117 160
1118 218
1119 180
1120 190
1121 164
1122 174
1123 204
1124 181
1125 181
1126 211
1127 186
1128 160
1129 177
1130 160
1131 174
1132 207
1133 192
1134 196
1135 189
1136 192
1137 204
1138 198
1139 180
1140 176
1141 186
1142 197
1143 197
1144 179
1145 181
1146 150
1147 194
1148 181
1149 196
1150 184
1151 182
1152 181
1153 178
1154 197
1155 193
1156 197
1157 176
1158 177
1159 174
1160 189
1161 186
1162 176
1163 181
1164 181
1165 160
1166 156
1167 169
1168 160
1169 175
1170 162
1171 163
1172 155
1173 169
1174 183
1175 177
1176 148
1177 172
1178 171
1179 176
1180 170
1181 187
1182 157
1183 149
1184 157
1185 159
1186 188
1187 181
1188 174
1189 184
1190 172
1191 165
1192 171
1193 174
1194 175
1195 148
1196 152
1197 190
1198 155
1199 152
1200 159
1201 146
1202 147
1203 145
1204 160
1205 158
1206 145
1207 141
1208 135
1209 160
1210 140
1211 138
1212 170
1213 170
1214 158
1215 140
1216 139
1217 151
1218 157
1219 140
1220 150
1221 141
1222 156
1223 123
1224 142
1225 151
1226 133
1227 151
1228 139
1229 135
1230 163
1231 145
1232 157
1233 161
1234 130
1235 138
1236 155
1237 125
1238 170
1239 144
1240 149
1241 159
1242 143
1243 130
1244 124
1245 119
1246 147
1247 151
1248 120
1249 142
1250 133
1251 107
1252 146
1253 158
1254 143
1255 139
1256 126
1257 140
1258 132
1259 122
1260 135
1261 115
1262 122
1263 111
1264 104
1265 126
1266 122
1267 135
1268 130
1269 120
1270 137
1271 132
1272 115
1273 131
1274 135
1275 117
1276 133
1277 111
1278 95
1279 115
1280 122
1281 140
1282 118
1283 128
1284 124
1285 133
1286 109
1287 126
1288 132
1289 119
1290 114
1291 108
1292 129
1293 133
1294 111
1295 114
1296 113
1297 110
1298 110
1299 115
1300 97
1301 124
1302 106
1303 115
1304 119
1305 114
1306 109
1307 121
1308 112
1309 99
1310 97
1311 124
1312 122
1313 106
1314 107
1315 116
1316 122
1317 96
1318 113
1319 103
1320 86
1321 101
1322 113
1323 118
1324 100
1325 99
1326 89
1327 108
1328 120
1329 99
1330 107
1331 85
1332 94
1333 100
1334 100
1335 103
1336 101
1337 110
1338 105
1339 101
1340 83
1341 108
1342 115
1343 112
1344 98
1345 99
1346 99
1347 99
1348 113
1349 97
1350 79
1351 89
1352 93
1353 109
1354 87
1355 95
1356 97
1357 97
1358 90
1359 96
1360 97
1361 82
1362 88
1363 78
1364 76
1365 111
1366 85
1367 100
1368 61
1369 97
1370 98
1371 85
1372 81
1373 98
1374 88
1375 89
1376 83
1377 103
1378 87
1379 78
1380 78
1381 88
1382 86
1383 80
1384 92
1385 82
1386 91
1387 64
1388 87
1389 74
1390 86
1391 71
1392 84
1393 100
1394 83
1395 85
1396 82
1397 80
1398 85
1399 88
1400 76
1401 81
1402 76
1403 63
1404 68
1405 73
1406 85
1407 64
1408 73
1409 77
1410 65
1411 81
1412 70
1413 62
1414 70
1415 85
1416 79
1417 59
1418 85
1419 77
1420 69
1421 67
1422 70
1423 79
1424 85
1425 72
1426 66
1427 75
1428 62
1429 84
1430 63
1431 66
1432 69
1433 65
1434 67
1435 69
1436 77
1437 75
1438 62
1439 62
1440 60
1441 64
1442 75
1443 69
1444 54
1445 58
1446 68
1447 63
1448 66
1449 77
1450 67
1451 68
1452 62
1453 56
1454 50
1455 79
1456 76
1457 56
1458 58
1459 63
1460 70
1461 64
1462 61
1463 81
1464 60
1465 59
1466 46
1467 56
1468 55
1469 73
1470 61
1471 66
1472 66
1473 73
1474 67
1475 60
1476 59
1477 59
1478 58
1479 54
1480 58
1481 51
1482 47
1483 53
1484 68
1485 64
1486 58
1487 48
1488 47
1489 42
1490 42
1491 47
1492 51
1493 41
1494 41
1495 62
1496 46
1497 46
1498 50
1499 67
1500 37
1501 44
1502 44
1503 42
1504 52
1505 54
1506 33
1507 49
1508 45
1509 37
1510 56
1511 59
1512 49
1513 49
1514 40
1515 52
1516 55
1517 44
1518 41
1519 47
1520 44
1521 54
1522 62
1523 37
1524 42
1525 50
1526 48
1527 46
1528 55
1529 44
1530 48
1531 50
1532 52
1533 46
1534 50
1535 43
1536 47
1537 41
1538 50
1539 43
1540 37
1541 52
1542 53
1543 36
1544 31
1545 34
1546 47
1547 37
1548 46
1549 42
1550 50
1551 41
1552 33
1553 46
1554 46
1555 39
1556 49
1557 48
1558 38
1559 32
1560 33
1561 31
1562 56
1563 37
1564 40
1565 40
1566 36
1567 37
1568 37
1569 32
1570 42
1571 32
1572 51
1573 44
1574 33
1575 37
1576 29
1577 43
1578 28
1579 36
1580 40
1581 31
1582 37
1583 38
1584 31
1585 43
1586 31
1587 33
1588 33
1589 26
1590 32
1591 30
1592 35
1593 32
1594 24
1595 40
1596 45
1597 35
1598 46
1599 28
1600 34
1601 30
1602 39
1603 29
1604 28
1605 27
1606 21
1607 30
1608 35
1609 31
1610 24
1611 32
1612 43
1613 28
1614 22
1615 22
1616 28
1617 27
1618 28
1619 33
1620 29
1621 26
1622 27
1623 33
1624 33
1625 26
1626 24
1627 23
1628 34
1629 31
1630 29
1631 28
1632 21
1633 27
1634 24
1635 38
1636 25
1637 25
1638 30
1639 22
1640 27
1641 18
1642 22
1643 30
1644 26
1645 28
1646 33
1647 20
1648 38
1649 27
1650 26
1651 24
1652 19
1653 19
1654 24
1655 23
1656 26
1657 23
1658 29
1659 24
1660 30
1661 19
1662 24
1663 19
1664 20
1665 27
1666 29
1667 20
1668 21
1669 25
1670 17
1671 22
1672 16
1673 24
1674 11
1675 22
1676 25
1677 29
1678 24
1679 21
1680 22
1681 20
1682 17
1683 26
1684 16
1685 10
1686 19
1687 13
1688 18
1689 16
1690 17
1691 19
1692 17
1693 22
1694 17
1695 21
1696 18
1697 22
1698 18
1699 27
1700 20
1701 24
1702 13
1703 25
1704 20
1705 22
1706 13
1707 20
1708 18
1709 15
1710 17
1711 18
1712 17
1713 20
1714 18
1715 18
1716 19
1717 18
1718 19
1719 21
1720 15
1721 17
1722 18
1723 17
1724 22
1725 8
1726 7
1727 34
1728 17
1729 9
1730 12
1731 12
1732 13
1733 16
1734 18
1735 10
1736 18
1737 15
1738 14
1739 21
1740 15
1741 25
1742 9
1743 10
1744 18
1745 9
1746 11
1747 14
1748 11
1749 11
1750 21
1751 12
1752 16
1753 15
1754 11
1755 10
1756 16
1757 8
1758 12
1759 14
1760 11
1761 9
1762 11
1763 17
1764 6
1765 7
1766 11
1767 20
1768 15
1769 9
1770 14
1771 6
1772 7
1773 10
1774 12
1775 7
1776 7
1777 8
1778 8
1779 9
1780 9
1781 8
1782 13
1783 13
1784 11
1785 12
1786 11
1787 11
1788 13
1789 7
1790 9
1791 11
1792 11
1793 15
1794 6
1795 14
1796 10
1797 9
1798 10
1799 10
1800 12
1801 10
1802 4
1803 16
1804 12
1805 12
1806 9
1807 10
1808 9
1809 7
1810 14
1811 14
1812 12
1813 5
1814 7
1815 9
1816 15
1817 11
1818 11
1819 12
1820 9
1821 10
1822 7
1823 11
1824 10
1825 8
1826 6
1827 11
1828 9
1829 7
1830 12
1831 10
1832 6
1833 5
1834 11
1835 10
1836 6
1837 3
1838 5
1839 9
1840 5
1841 11
1842 7
1843 6
1844 8
1845 11
1846 9
1847 10
1848 6
1849 8
1850 2
1851 3
1852 9
1853 2
1854 5
1855 6
1856 2
1857 14
1858 7
1859 3
1860 8
1861 8
1862 4
1863 5
1864 4
1865 5
1866 5
1867 4
1868 11
1869 9
1870 6
1871 4
1872 4
1873 6
1874 5
1875 6
1876 9
1877 1
1878 2
1879 4
1880 4
1881 6
1882 5
1883 6
1884 2
1885 5
1886 4
1887 1
1888 6
1889 2
1890 4
1891 3
1892 4
1893 2
1894 1
1895 6
1896 9
1897 3
1898 5
1899 10
1900 4
1901 3
1902 5
1903 7
1904 5
1905 4
1906 1
1907 2
1908 9
1909 8
1910 4
1911 8
1912 2
1913 3
1914 4
1915 3
1916 3
1917 3
1918 1
1919 3
1920 1
1921 4
1922 3
1923 3
1924 2
1925 1
1926 2
1927 4
1928 1
1929 3
1930 3
1931 3
1932 9
1933 3
1934 6
1935 2
1936 5
1937 3
1938 2
1939 0
1940 5
1941 6
1942 2
1943 2
1944 3
1945 2
1946 1
1947 2
1948 2
1949 2
1950 1
1951 4
1952 3
1953 5
1954 0
1955 6
1956 0
1957 3
1958 3
1959 1
1960 4
1961 1
1962 5
1963 3
1964 3
1965 2
1966 5
1967 2
1968 4
1969 1
1970 2
1971 2
1972 4
1973 4
1974 4
1975 2
1976 1
1977 2
1978 1
1979 4
1980 3
1981 0
1982 1
1983 2
1984 3
1985 0
1986 0
1987 1
1988 3
1989 1
1990 3
1991 2
1992 1
1993 1
1994 0
1995 1
1996 2
1997 3
1998 1
1999 0
2000 0
2001 4
2002 2
2003 1
2004 3
2005 1
2006 2
2007 0
2008 0
2009 4
2010 1
2011 1
2012 4
2013 1
2014 0
2015 2
2016 3
2017 2
2018 0
2019 3
2020 3
2021 2
2022 2
2023 3
2024 0
2025 1
2026 1
2027 1
2028 1
2029 0
2030 2
2031 0
2032 2
2033 1
2034 2
2035 4
2036 2
2037 2
2038 2
2039 1
2040 0
2041 1
2042 1
2043 0
2044 0
2045 1
2046 1
2047 1
2048 2
2049 1
2050 3
2051 3
2052 2
2053 0
2054 3
2055 0
2056 0
2057 0
2058 3
2059 1
2060 0
2061 0
2062 0
2063 0
2064 1
2065 2
2066 1
2067 0
2068 1
2069 2
2070 1
2071 2
2072 3
2073 0
2074 0
2075 0
2076 1
2077 1
2078 2
2079 1
2080 1
2081 2
2082 1
2083 0
2084 2
2085 0
2086 2
2087 0
2088 0
2089 1
2090 1
2091 0
2092 0
2093 1
2094 0
2095 0
2096 1
2097 0
2098 0
2099 0
2100 1
2101 1
2102 1
2103 1
2104 1
2105 1
2106 0
2107 1
2108 0
2109 1
2110 0
2111 1
2112 0
2113 0
2114 0
2115 0
2116 0
2117 0
2118 1
2119 1
2120 0
2121 0
2122 1
2123 1
2124 1
2125 0
2126 0
2127 0
2128 2
2129 0
2130 0
2131 1
2132 1
2133 1
2134 0
2135 3
2136 2
2137 2
2138 0
2139 0
2140 0
2141 0
2142 0
2143 2
2144 1
2145 0
2146 0
2147 0
2148 0
2149 1
2150 1
2151 0
2152 0
2153 1
2154 0
2155 0
2156 0
2157 1
2158 0
2159 0
2160 0
2161 0
2162 1
2163 2
2164 0
2165 2
2166 0
2167 0
2168 0
2169 0
2170 0
2171 0
2172 1
2173 0
2174 1
2175 0
2176 0
2177 0
2178 1
2179 0
2180 1
2181 1
2182 0
2183 0
2184 0
2185 0
2186 1
2187 0
2188 1
2189 0
2190 1
2191 0
2192 1
2193 0
2194 1
2195 0
2196 0
2197 1
2198 0
2199 0
2200 0
2201 0
2202 0
2203 0
2204 1
2205 0
2206 0
2207 1
2208 0
2209 0
2210 0
2211 0
2212 1
2213 1
2214 0
2215 0
2216 0
2217 1
2218 0
2219 1
2220 0
2221 0
2222 1
2223 0
2224 0
2225 0
2226 0
2227 0
2228 1
2229 0
2230 0
2231 0
2232 0
2233 0
2234 0
2235 0
2236 0
2237 0
2238 0
2239 0
2240 0
2241 0
2242 0
2243 0
2244 0
2245 0
2246 0
2247 0
2248 0
2249 0
2250 0
2251 0
2252 0
2253 0
2254 0
2255 0
2256 0
2257 0
2258 0
2259 0
2260 0
2261 0
2262 0
2263 0
2264 0
2265 0
2266 0
2267 0
2268 0
2269 0
2270 0
2271 2
2272 0
2273 0
2274 0
2275 0
2276 0
2277 1
2278 1
2279 0
2280 0
2281 0
2282 0
2283 0
2284 0
2285 0
2286 0
2287 0
2288 1
2289 0
2290 0
2291 0
2292 0
2293 0
2294 0
2295 0
2296 0
2297 0
2298 0
2299 0
2300 0
2301 0
2302 0
2303 0
2304 0
2305 0
2306 0
2307 0
2308 0
2309 0
2310 0
2311 0
2312 0
2313 0
2314 0
2315 0
2316 1
2317 0
2318 0
2319 0
2320 0
2321 1
2322 0
2323 0
2324 0
2325 0
2326 0
2327 0
2328 0
2329 1
2330 0
2331 0
2332 0
2333 0
2334 0
2335 0
2336 1
2337 0
2338 0
2339 0
2340 0
2341 0
2342 0
2343 0
2344 0
2345 0
2346 0
2347 0
2348 0
2349 0
2350 0
2351 1
2352 0
2353 0
2354 0
2355 0
2356 0
2357 0
2358 0
2359 0
2360 1
2361 0
2362 1
2363 0
2364 0
2365 0
2366 0
2367 0
2368 0
2369 0
2370 0
2371 0
2372 0
2373 0
2374 0
2375 0
2376 0
2377 0
2378 0
2379 0
2380 0
2381 0
2382 0
2383 0
2384 0
2385 0
2386 0
2387 0
2388 0
2389 0
2390 0
2391 0
2392 0
2393 0
2394 0
2395 0
2396 0
2397 0
2398 0
2399 0
2400 0
2401 1
2402 0
2403 0
2404 0
2405 1
2406 0
2407 0
2408 0
2409 0
2410 0
2411 0
2412 0
2413 0
2414 0
2415 0
2416 0
2417 0
2418 0
2419 0
2420 0
2421 0
2422 0
2423 0
2424 0
2425 0
2426 0
2427 0
2428 0
2429 0
2430 0
2431 0
2432 0
2433 0
2434 0
2435 0
2436 0
2437 0
2438 0
2439 0
2440 0
2441 0
2442 0
2443 0
2444 0
2445 1
2446 0
2447 0
2448 0
2449 0
2450 0
2451 0
2452 0
2453 0
2454 0
2455 0
2456 0
2457 0
2458 0
2459 1
2460 0
2461 0
2462 0
2463 0
2464 0
2465 0
2466 0
2467 0
2468 0
2469 0
2470 0
2471 0
2472 0
2473 0
2474 0
2475 1
2476 0
2477 0
2478 0
2479 0
2480 0
2481 0
2482 0
2483 0
2484 0
2485 0
2486 1
2487 0
2488 0
2489 0
2490 0
2491 1
2492 0
2493 0
2494 0
2495 0
2496 0
2497 0
2498 0
2499 0
2500 0
2501 0
2502 0
2503 0
2504 0
2505 0
2506 0
2507 0
2508 0
2509 0
2510 0
2511 0
2512 0
2513 0
2514 0
2515 0
2516 0
2517 0
2518 0
2519 0
2520 0
2521 0
2522 0
2523 0
2524 1
2525 0
2526 0
2527 0
2528 0
2529 0
2530 0
2531 0
2532 0
2533 0
2534 0
2535 0
2536 0
2537 0
2538 0
2539 0
2540 0
2541 0
2542 0
2543 0
2544 0
2545 0
2546 0
2547 0
2548 0
2549 0
2550 0
2551 0
2552 0
2553 0
2554 0
2555 0
2556 0
2557 0
2558 0
2559 0
2560 0
2561 0
2562 0
2563 0
2564 0
2565 0
2566 0
2567 0
2568 0
2569 0
2570 0
2571 0
2572 0
2573 0
2574 0
2575 0
2576 1
2577 0
2578 0
2579 0
2580 0
2581 0
2582 0
2583 0
2584 0
2585 0
2586 0
2587 0
2588 0
2589 0
2590 0
2591 0
2592 0
2593 0
2594 0
2595 0
2596 0
2597 0
2598 0
2599 0
2600 0
2601 0
2602 0
2603 0
2604 0
2605 0
2606 0
2607 0
2608 0
2609 0
2610 0
2611 0
2612 0
2613 0
2614 0
2615 0
2616 0
2617 0
2618 0
2619 0
2620 0
2621 0
2622 1
2623 0
2624 0
2625 0
2626 0
2627 0
2628 0
2629 0
2630 0
2631 0
2632 0
2633 0
2634 0
2635 0
2636 0
2637 0
2638 0
2639 0
2640 0
2641 0
2642 0
2643 0
2644 0
2645 0
2646 0
2647 0
2648 0
2649 0
2650 0
2651 0
2652 0
2653 0
2654 0
2655 0
2656 0
2657 0
2658 0
2659 0
2660 0
2661 0
2662 0
2663 0
2664 0
2665 0
2666 0
2667 0
2668 0
2669 0
2670 0
2671 0
2672 0
2673 0
2674 0
2675 0
2676 0
2677 0
2678 0
2679 0
2680 0
2681 0
2682 0
2683 0
2684 0
2685 0
2686 0
2687 0
2688 0
2689 0
2690 0
2691 0
2692 0
2693 0
2694 0
2695 0
2696 0
2697 0
2698 0
2699 0
2700 0
2701 0
2702 0
2703 0
2704 0
2705 0
2706 0
2707 0
2708 0
2709 0
2710 0
2711 0
2712 0
2713 0
2714 0
2715 0
2716 0
2717 0
2718 0
2719 0
2720 0
2721 0
2722 0
2723 0
2724 0
2725 0
2726 0
2727 0
2728 0
2729 0
2730 0
2731 0
2732 0
2733 0
2734 0
2735 0
2736 0
2737 0
2738 0
2739 0
2740 0
2741 0
2742 0
2743 0
2744 0
2745 0
2746 0
2747 0
2748 0
2749 0
2750 0
2751 0
2752 0
2753 0
2754 0
2755 0
2756 0
2757 0
2758 0
2759 0
2760 0
2761 0
2762 0
2763 0
2764 1
2765 0
2766 0
2767 1
2768 0
2769 0
2770 0
2771 0
2772 0
2773 0
2774 0
2775 0
2776 0
2777 0
2778 0
2779 0
2780 0
2781 0
2782 0
2783 0
2784 0
2785 0
2786 0
2787 0
2788 0
2789 0
2790 0
2791 0
2792 0
2793 0
2794 0
2795 0
2796 0
2797 0
2798 0
2799 0
2800 0
2801 0
2802 0
2803 0
2804 0
2805 0
2806 0
2807 0
2808 0
2809 0
2810 0
2811 0
2812 0
2813 0
2814 0
2815 0
2816 0
2817 0
2818 0
2819 0
2820 0
2821 0
2822 0
2823 0
2824 0
2825 0
2826 0
2827 0
2828 0
2829 0
2830 0
2831 0
2832 0
2833 0
2834 0
2835 0
2836 0
2837 0
2838 0
2839 0
2840 0
2841 0
2842 0
2843 0
2844 0
2845 0
2846 0
2847 0
2848 0
2849 0
2850 0
2851 0
2852 0
2853 0
2854 0
2855 0
2856 0
2857 0
2858 0
2859 0
2860 0
2861 0
2862 0
2863 0
2864 0
2865 0
2866 0
2867 0
2868 0
2869 0
2870 0
2871 0
2872 0
2873 0
2874 0
2875 0
2876 0
2877 0
2878 0
2879 0
2880 0
2881 0
2882 0
2883 0
2884 0
2885 0
2886 0
2887 0
2888 0
2889 0
2890 0
2891 0
2892 0
2893 0
2894 0
2895 0
2896 0
2897 0
2898 0
2899 0
2900 0
2901 1
2902 1
2903 0
2904 0
2905 0
2906 0
2907 0
2908 0
2909 0
2910 0
2911 0
2912 0
2913 0
2914 0
2915 0
2916 0
2917 0
2918 0
2919 0
2920 0
2921 0
2922 0
2923 0
2924 0
2925 0
2926 0
2927 0
2928 0
2929 0
2930 0
2931 0
2932 0
2933 1
2934 0
2935 0
2936 0
2937 0
2938 0
2939 0
2940 0
2941 0
2942 0
2943 0
2944 0
2945 0
2946 0
2947 0
2948 0
2949 0
2950 0
2951 0
2952 0
2953 0
2954 0
2955 0
2956 0
2957 0
2958 0
2959 0
2960 0
2961 0
2962 0
2963 0
2964 0
2965 0
2966 0
2967 0
2968 0
2969 0
2970 0
2971 0
2972 0
2973 0
2974 0
2975 0
2976 0
2977 0
2978 0
2979 0
2980 0
2981 0
2982 0
2983 0
2984 0
2985 0
2986 0
2987 0
2988 0
2989 0
2990 0
2991 0
2992 0
2993 0
2994 0
2995 0
2996 0
2997 0
2998 0
2999 0
3000 0
3001 0
3002 0
3003 0
3004 0
3005 0
3006 0
3007 0
3008 0
3009 0
3010 0
3011 0
3012 0
3013 0
3014 0
3015 0
3016 0
3017 0
3018 0
3019 0
3020 0
3021 0
3022 0
3023 0
3024 0
3025 0
3026 0
3027 0
3028 0
3029 0
3030 0
3031 0
3032 0
3033 0
3034 0
3035 0
3036 0
3037 0
3038 0
3039 0
3040 0
3041 0
3042 0
3043 0
3044 0
3045 0
3046 0
3047 0
3048 0
3049 0
3050 0
3051 0
3052 0
3053 0
3054 0
3055 0
3056 0
3057 0
3058 0
3059 0
3060 0
3061 0
3062 0
3063 0
3064 0
3065 0
3066 0
3067 0
3068 0
3069 0
3070 0
3071 0
3072 0
3073 0
3074 0
3075 0
3076 0
3077 0
3078 1
3079 0
3080 0
3081 0
3082 0
3083 0
3084 0
3085 0
3086 0
3087 0
3088 0
3089 0
3090 0
3091 0
3092 0
3093 0
3094 0
3095 0
3096 0
3097 0
3098 0
3099 0
3100 0
3101 0
3102 0
3103 0
3104 0
3105 0
3106 0
3107 0
3108 0
3109 0
3110 0
3111 0
3112 0
3113 0
3114 0
3115 0
3116 0
3117 0
3118 0
3119 0
3120 0
3121 0
3122 0
3123 0
3124 0
3125 0
3126 0
3127 0
3128 0
3129 0
3130 0
3131 0
3132 0
3133 0
3134 0
3135 0
3136 0
3137 0
3138 0
3139 1
3140 0
3141 0
3142 0
3143 0
3144 0
3145 0
3146 0
3147 0
3148 0
3149 0
3150 0
3151 0
3152 0
3153 0
3154 0
3155 0
3156 0
3157 0
3158 0
3159 0
3160 0
3161 0
3162 0
3163 0
3164 0
3165 0
3166 0
3167 0
3168 0
3169 0
3170 0
3171 0
3172 0
3173 0
3174 0
3175 0
3176 0
3177 0
3178 0
3179 0
3180 0
3181 0
3182 0
3183 0
3184 0
3185 0
3186 0
3187 0
3188 0
3189 0
3190 0
3191 0
3192 0
3193 0
3194 0
3195 0
3196 0
3197 0
3198 0
3199 0
3200 0
3201 0
3202 0
3203 0
3204 0
3205 0
3206 0
3207 0
3208 0
3209 0
3210 0
3211 0
3212 0
3213 0
3214 0
3215 0
3216 0
3217 0
3218 0
3219 0
3220 0
3221 0
3222 0
3223 0
3224 0
3225 0
3226 0
3227 0
3228 0
3229 0
3230 0
3231 0
3232 0
3233 0
3234 0
3235 0
3236 0
3237 0
3238 0
3239 0
3240 0
3241 0
3242 0
3243 0
3244 0
3245 0
3246 0
3247 0
3248 0
3249 0
3250 1
3251 0
3252 0
3253 0
3254 0
3255 0
3256 0
3257 0
3258 0
3259 0
3260 0
3261 0
3262 0
3263 0
3264 0
3265 0
3266 0
3267 0
3268 0
3269 0
3270 0
3271 0
3272 0
3273 0
3274 0
3275 0
3276 0
3277 0
3278 0
3279 0
3280 0
3281 0
3282 0
3283 0
3284 0
3285 0
3286 0
3287 0
3288 0
3289 0
3290 0
3291 0
3292 0
3293 0
3294 0
3295 0
3296 0
3297 0
3298 0
3299 0
3300 0
3301 0
3302 0
3303 0
3304 0
3305 0
3306 0
3307 0
3308 0
3309 0
3310 0
3311 0
3312 0
3313 0
3314 0
3315 0
3316 0
3317 0
3318 0
3319 0
3320 0
3321 0
3322 0
3323 0
3324 0
3325 0
3326 0
3327 0
3328 0
3329 0
3330 1
3331 0
3332 0
3333 0
3334 0
3335 0
3336 0
3337 0
3338 0
3339 0
3340 0
3341 0
3342 0
3343 0
3344 0
3345 0
3346 0
3347 0
3348 0
3349 0
3350 0
3351 0
3352 0
3353 0
3354 0
3355 0
3356 0
3357 0
3358 0
3359 0
3360 0
3361 0
3362 0
3363 0
3364 0
3365 0
3366 0
3367 0
3368 0
3369 0
3370 0
3371 0
3372 0
3373 0
3374 0
3375 0
3376 0
3377 0
3378 0
3379 0
3380 0
3381 0
3382 0
3383 0
3384 0
3385 0
3386 0
3387 0
3388 0
3389 0
3390 0
3391 0
3392 0
3393 0
3394 0
3395 0
3396 0
3397 0
3398 0
3399 0
3400 0
3401 0
3402 0
3403 1
3404 0
3405 0
3406 0
3407 0
3408 0
3409 0
3410 0
3411 0
3412 0
3413 0
3414 0
3415 0
3416 0
3417 0
3418 0
3419 0
3420 0
3421 0
3422 0
3423 0
3424 0
3425 0
3426 0
3427 0
3428 0
3429 0
3430 0
3431 0
3432 0
3433 0
3434 0
3435 0
3436 0
3437 0
3438 0
3439 0
3440 0
3441 0
3442 0
3443 0
3444 0
3445 0
3446 0
3447 0
3448 0
3449 0
3450 0
3451 0
3452 0
3453 0
3454 0
3455 0
3456 0
3457 0
3458 0
3459 0
3460 0
3461 0
3462 0
3463 0
3464 0
3465 0
3466 0
3467 0
3468 0
3469 0
3470 0
3471 0
3472 0
3473 0
3474 0
3475 0
3476 0
3477 0
3478 0
3479 0
3480 1
3481 0
3482 0
3483 0
3484 0
3485 0
3486 0
3487 0
3488 0
3489 0
3490 0
3491 0
3492 0
3493 0
3494 0
3495 0
3496 0
3497 0
3498 0
3499 0
3500 0
3501 0
3502 0
3503 1
3504 0
3505 0
3506 0
3507 0
3508 0
3509 0
3510 0
3511 0
3512 0
3513 0
3514 0
3515 0
3516 0
3517 0
3518 0
3519 0
3520 0
3521 0
3522 0
3523 0
3524 0
3525 0
3526 0
3527 0
3528 0
3529 0
3530 0
3531 0
3532 0
3533 0
3534 0
3535 0
3536 0
3537 0
3538 0
3539 0
3540 0
3541 0
3542 1
3543 0
3544 1
3545 0
3546 0
3547 0
3548 0
3549 0
3550 0
3551 0
3552 0
3553 0
3554 0
3555 0
3556 0
3557 0
3558 0
3559 0
3560 0
3561 0
3562 0
3563 0
3564 0
3565 0
3566 0
3567 0
3568 0
3569 0
3570 0
3571 0
3572 0
3573 0
3574 0
3575 0
3576 0
3577 0
3578 0
3579 0
3580 0
3581 0
3582 0
3583 0
3584 0
3585 0
3586 0
3587 0
3588 0
3589 0
3590 0
3591 0
3592 0
3593 0
3594 0
3595 0
3596 0
3597 0
3598 0
3599 0
3600 0
3601 0
3602 0
3603 0
3604 0
3605 0
3606 0
3607 0
3608 0
3609 0
3610 0
3611 0
3612 0
3613 0
3614 0
3615 0
3616 0
3617 0
3618 0
3619 0
3620 0
3621 0
3622 0
3623 0
3624 0
3625 0
3626 0
3627 0
3628 0
3629 0
3630 0
3631 0
3632 0
3633 0
3634 0
3635 0
3636 0
3637 0
3638 0
3639 0
3640 0
3641 0
3642 0
3643 0
3644 0
3645 0
3646 0
3647 0
3648 0
3649 0
3650 0
3651 0
3652 0
3653 0
3654 0
3655 0
3656 0
3657 0
3658 0
3659 0
3660 0
3661 0
3662 0
3663 0
3664 0
3665 0
3666 0
3667 0
3668 0
3669 0
3670 0
3671 0
3672 0
3673 0
3674 0
3675 0
3676 0
3677 0
3678 0
3679 0
3680 0
3681 0
3682 0
3683 0
3684 0
3685 0
3686 0
3687 0
3688 0
3689 0
3690 0
3691 0
3692 0
3693 0
3694 0
3695 0
3696 0
3697 0
3698 0
3699 0
3700 0
3701 0
3702 0
3703 0
3704 0
3705 0
3706 0
3707 0
3708 0
3709 0
3710 0
3711 0
3712 0
3713 0
3714 0
3715 1
3716 0
3717 0
3718 0
3719 0
3720 0
3721 0
3722 0
3723 0
3724 0
3725 0
3726 0
3727 0
3728 0
3729 0
3730 0
3731 0
3732 0
3733 0
3734 0
3735 0
3736 0
3737 0
3738 0
3739 0
3740 0
3741 0
3742 0
3743 0
3744 0
3745 0
3746 0
3747 0
3748 0
3749 0
3750 0
3751 0
3752 0
3753 0
3754 0
3755 0
3756 0
3757 0
3758 0
3759 0
3760 0
3761 0
3762 0
3763 0
3764 0
3765 0
3766 0
3767 0
3768 0
3769 0
3770 0
3771 0
3772 0
3773 0
3774 0
3775 0
3776 0
3777 0
3778 0
3779 0
3780 0
3781 0
3782 0
3783 0
3784 0
3785 0
3786 0
3787 0
3788 0
3789 0
3790 0
3791 0
3792 0
3793 1
3794 0
3795 0
3796 0
3797 0
3798 0
3799 0
3800 0
3801 0
3802 0
3803 0
3804 0
3805 0
3806 0
3807 0
3808 0
3809 0
3810 0
3811 0
3812 0
3813 0
3814 0
3815 0
3816 0
3817 0
3818 0
3819 0
3820 0
3821 0
3822 0
3823 0
3824 0
3825 0
3826 0
3827 0
3828 0
3829 0
3830 0
3831 0
3832 0
3833 0
3834 0
3835 0
3836 0
3837 0
3838 0
3839 0
3840 0
3841 0
3842 0
3843 0
3844 0
3845 0
3846 0
3847 0
3848 0
3849 0
3850 0
3851 0
3852 0
3853 0
3854 0
3855 0
3856 0
3857 0
3858 0
3859 0
3860 0
3861 0
3862 0
3863 0
3864 0
3865 0
3866 0
3867 0
3868 0
3869 0
3870 0
3871 0
3872 0
3873 0
3874 0
3875 0
3876 0
3877 0
3878 0
3879 0
3880 0
3881 0
3882 0
3883 0
3884 0
3885 0
3886 0
3887 0
3888 0
3889 0
3890 0
3891 0
3892 0
3893 0
3894 0
3895 0
3896 0
3897 0
3898 0
3899 0
3900 0
3901 0
3902 0
3903 0
3904 0
3905 0
3906 0
3907 0
3908 0
3909 0
3910 0
3911 0
3912 0
3913 0
3914 0
3915 0
3916 0
3917 0
3918 0
3919 0
3920 0
3921 0
3922 0
3923 0
3924 0
3925 0
3926 0
3927 0
3928 0
3929 0
3930 0
3931 0
3932 0
3933 0
3934 0
3935 0
3936 0
3937 0
3938 0
3939 0
3940 0
3941 0
3942 0
3943 0
3944 0
3945 0
3946 0
3947 0
3948 0
3949 0
3950 0
3951 0
3952 0
3953 0
3954 0
3955 0
3956 0
3957 0
3958 0
3959 0
3960 0
3961 0
3962 0
3963 0
3964 0
3965 0
3966 0
3967 0
3968 0
3969 1
3970 0
3971 0
3972 0
3973 0
3974 0
3975 0
3976 0
3977 0
3978 0
3979 0
3980 0
3981 0
3982 0
3983 0
3984 0
3985 0
3986 0
3987 0
3988 0
3989 0
3990 0
3991 0
3992 0
3993 0
3994 0
3995 0
3996 0
3997 0
3998 0
3999 0
4000 0
