0 0
1 0
2 0
3 0
4 0
5 0
6 0
7 0
8 0
9 0
10 0
11 0
12 0
13 0
14 0
15 0
16 0
17 0
18 0
19 0
20 0
21 0
22 0
23 0
24 0
25 0
26 0
27 0
28 0
29 0
30 0
31 0
32 0
33 0
34 0
35 0
36 0
37 0
38 0
39 0
40 0
41 0
42 0
43 0
44 0
45 0
46 0
47 0
48 0
49 0
50 0
51 0
52 0
53 0
54 0
55 0
56 0
57 0
58 0
59 0
60 0
61 0
62 0
63 0
64 0
65 0
66 0
67 0
68 0
69 0
70 0
71 0
72 0
73 0
74 0
75 0
76 0
77 0
78 0
79 0
80 0
81 0
82 0
83 0
84 0
85 0
86 9
87 19
88 19
89 13
90 19
91 12
92 12
93 27
94 21
95 13
96 12
97 16
98 11
99 13
100 9
101 9
102 15
103 6
104 7
105 10
106 5
107 7
108 5
109 2
110 10
111 78
112 473
113 1593
114 3747
115 5500
116 7423
117 8263
118 8338
119 8237
120 7821
121 7195
122 6586
123 5693
124 5078
125 4245
126 3725
127 3269
128 2844
129 2534
130 2121
131 1900
132 1706
133 1541
134 1404
135 1329
136 1276
137 1166
138 1149
139 1119
140 1107
141 1162
142 1200
143 1070
144 1116
145 1140
146 1158
147 1103
148 1069
149 1116
150 1136
151 1094
152 1109
153 1150
154 1211
155 1118
156 1061
157 1062
158 1146
159 1094
160 1069
161 1099
162 1069
163 1119
164 1057
165 1141
166 1117
167 1073
168 1156
169 1095
170 1120
171 1130
172 1134
173 1102
174 1126
175 1154
176 1157
177 1103
178 1097
179 1183
180 1211
181 1128
182 1138
183 1165
184 1151
185 1097
186 1135
187 1188
188 1231
189 1188
190 1179
191 1177
192 1210
193 1227
194 1175
195 1217
196 1184
197 1174
198 1138
199 1254
200 1144
201 1135
202 1204
203 1212
204 1211
205 1161
206 1150
207 1207
208 1179
209 1140
210 1229
211 1192
212 1164
213 1204
214 1199
215 1172
216 1270
217 1226
218 1203
219 1183
220 1183
221 1200
222 1282
223 1253
224 1174
225 1219
226 1196
227 1210
228 1207
229 1236
230 1187
231 1229
232 1283
233 1210
234 1283
235 1213
236 1199
237 1206
238 1131
239 1174
240 1202
241 1270
242 1171
243 1246
244 1215
245 1173
246 1207
247 1224
248 1251
249 1207
250 1178
251 1215
252 1260
253 1227
254 1216
255 1240
256 1206
257 1238
258 1268
259 1307
260 1219
261 1264
262 1241
263 1275
264 1108
265 1192
266 1252
267 1197
268 1279
269 1239
270 1271
271 1271
272 1248
273 1242
274 1281
275 1284
276 1303
277 1274
278 1325
279 1274
280 1288
281 1338
282 1244
283 1275
284 1329
285 1261
286 1239
287 1317
288 1259
289 1301
290 1406
291 1324
292 1344
293 1336
294 1278
295 1255
296 1309
297 1417
298 1383
299 1261
300 1345
301 1325
302 1350
303 1368
304 1387
305 1351
306 1338
307 1374
308 1385
309 1380
310 1344
311 1421
312 1422
313 1421
314 1361
315 1470
316 1372
317 1402
318 1397
319 1416
320 1426
321 1464
322 1488
323 1461
324 1461
325 1412
326 1453
327 1504
328 1448
329 1534
330 1492
331 1440
332 1479
333 1525
334 1496
335 1502
336 1444
337 1483
338 1481
339 1417
340 1531
341 1530
342 1547
343 1490
344 1560
345 1570
346 1471
347 1525
348 1539
349 1523
350 1529
351 1570
352 1609
353 1602
354 1550
355 1533
356 1574
357 1554
358 1583
359 1638
360 1592
361 1600
362 1597
363 1587
364 1589
365 1598
366 1591
367 1634
368 1620
369 1618
370 1678
371 1609
372 1641
373 1593
374 1668
375 1656
376 1639
377 1572
378 1713
379 1632
380 1585
381 1610
382 1701
383 1626
384 1655
385 1567
386 1635
387 1569
388 1619
389 1656
390 1623
391 1570
392 1581
393 1635
394 1632
395 1636
396 1671
397 1625
398 1671
399 1608
400 1640
401 1648
402 1757
403 1695
404 1573
405 1560
406 1646
407 1691
408 1639
409 1623
410 1630
411 1639
412 1583
413 1674
414 1600
415 1549
416 1636
417 1525
418 1600
419 1621
420 1631
421 1567
422 1647
423 1608
424 1609
425 1533
426 1624
427 1593
428 1629
429 1563
430 1635
431 1628
432 1639
433 1556
434 1554
435 1546
436 1573
437 1545
438 1538
439 1525
440 1628
441 1554
442 1573
443 1474
444 1558
445 1504
446 1493
447 1551
448 1463
449 1482
450 1485
451 1402
452 1547
453 1500
454 1519
455 1498
456 1486
457 1504
458 1454
459 1505
460 1438
461 1415
462 1466
463 1412
464 1474
465 1482
466 1491
467 1377
468 1344
469 1378
470 1343
471 1389
472 1362
473 1383
474 1424
475 1387
476 1405
477 1354
478 1329
479 1304
480 1307
481 1360
482 1258
483 1363
484 1327
485 1281
486 1277
487 1311
488 1233
489 1292
490 1234
491 1289
492 1275
493 1250
494 1214
495 1200
496 1237
497 1288
498 1241
499 1217
500 1165
501 1195
502 1167
503 1238
504 1184
505 1300
506 1165
507 1182
508 1166
509 1167
510 1141
511 1130
512 1037
513 1074
514 1153
515 1083
516 1055
517 1083
518 1039
519 1065
520 1018
521 1058
522 1062
523 1039
524 1074
525 974
526 1068
527 1032
528 953
529 938
530 983
531 1002
532 969
533 910
534 918
535 951
536 1006
537 952
538 971
539 905
540 894
541 847
542 919
543 872
544 930
545 860
546 885
547 867
548 879
549 844
550 881
551 843
552 837
553 827
554 784
555 800
556 790
557 791
558 760
559 765
560 746
561 774
562 768
563 773
564 780
565 708
566 762
567 688
568 701
569 716
570 790
571 691
572 695
573 724
574 689
575 723
576 656
577 679
578 707
579 652
580 628
581 646
582 671
583 636
584 645
585 618
586 634
587 635
588 620
589 584
590 586
591 590
592 569
593 618
594 591
595 565
596 576
597 555
598 545
599 554
600 559
601 569
602 547
603 536
604 549
605 540
606 505
607 504
608 513
609 497
610 500
611 503
612 477
613 527
614 489
615 474
616 495
617 476
618 462
619 461
620 445
621 492
622 467
623 430
624 443
625 434
626 433
627 442
628 433
629 416
630 415
631 422
632 436
633 440
634 384
635 383
636 406
637 425
638 416
639 370
640 415
641 380
642 369
643 417
644 351
645 396
646 376
647 375
648 359
649 364
650 360
651 351
652 355
653 326
654 341
655 334
656 360
657 371
658 354
659 363
660 337
661 346
662 348
663 365
664 349
665 323
666 320
667 301
668 338
669 322
670 313
671 291
672 309
673 334
674 329
675 296
676 294
677 297
678 279
679 308
680 286
681 287
682 307
683 262
684 300
685 282
686 312
687 290
688 267
689 276
690 289
691 268
692 255
693 247
694 272
695 282
696 253
697 236
698 263
699 268
700 246
701 274
702 230
703 250
704 214
705 222
706 260
707 272
708 268
709 256
710 215
711 216
712 254
713 252
714 252
715 239
716 227
717 268
718 230
719 220
720 214
721 220
722 230
723 257
724 237
725 219
726 254
727 213
728 232
729 237
730 255
731 204
732 217
733 225
734 232
735 237
736 239
737 224
738 215
739 206
740 205
741 247
742 185
743 209
744 220
745 211
746 216
747 207
748 220
749 195
750 187
751 203
752 213
753 213
754 207
755 207
756 218
757 227
758 197
759 241
760 204
761 205
762 197
763 228
764 194
765 202
766 187
767 211
768 193
769 203
770 216
771 203
772 212
773 193
774 196
775 199
776 218
777 201
778 207
779 173
780 181
781 211
782 172
783 193
784 195
785 164
786 201
787 209
788 202
789 191
790 188
791 204
792 194
793 221
794 201
795 159
796 207
797 183
798 169
799 207
800 179
801 174
802 186
803 188
804 184
805 197
806 186
807 196
808 203
809 181
810 185
811 200
812 176
813 174
814 199
815 181
816 190
817 195
818 183
819 174
820 171
821 175
822 210
823 190
824 183
825 202
826 198
827 185
828 169
829 204
830 173
831 173
832 192
833 171
834 176
835 197
836 188
837 184
838 205
839 172
840 189
841 193
842 187
843 190
844 175
845 183
846 198
847 178
848 169
849 193
850 181
851 168
852 179
853 171
854 164
855 195
856 175
857 174
858 170
859 182
860 190
861 199
862 199
863 185
864 170
865 188
866 189
867 179
868 174
869 178
870 164
871 191
872 191
873 167
874 188
875 164
876 204
877 169
878 173
879 168
880 169
881 165
882 162
883 172
884 165
885 198
886 196
887 187
888 184
889 176
890 187
891 178
892 178
893 178
894 188
895 160
896 153
897 187
898 173
899 180
900 177
901 179
902 179
903 157
904 185
905 177
906 190
907 175
908 177
909 163
910 151
911 167
912 197
913 194
914 160
915 195
916 171
917 170
918 177
919 168
920 161
921 191
922 167
923 177
924 186
925 174
926 185
927 182
928 169
929 183
930 185
931 179
932 174
933 187
934 168
935 164
936 164
937 176
938 178
939 171
940 150
941 160
942 146
943 192
944 191
945 141
946 166
947 178
948 160
949 168
950 203
951 140
952 145
953 158
954 161
955 157
956 173
957 152
958 131
959 158
960 160
961 139
962 141
963 168
964 165
965 168
966 181
967 173
968 154
969 157
970 158
971 169
972 165
973 172
974 162
975 172
976 156
977 157
978 147
979 176
980 156
981 156
982 183
983 170
984 160
985 163
986 171
987 182
988 131
989 138
990 172
991 170
992 150
993 189
994 170
995 157
996 142
997 150
998 162
999 154
1000 161
1001 163
1002 179
1003 172
1004 167
1005 133
1006 148
1007 165
1008 153
1009 166
1010 161
1011 181
1012 154
1013 144
1014 169
1015 143
1016 150
1017 163
1018 149
1019 143
1020 140
1021 149
1022 140
1023 129
1024 167
1025 152
1026 156
1027 150
1028 147
1029 155
1030 150
1031 136
1032 151
1033 160
1034 171
1035 146
1036 143
1037 146
1038 120
1039 146
1040 122
1041 152
1042 159
1043 145
1044 145
1045 138
1046 130
1047 162
1048 156
1049 117
1050 152
1051 141
1052 141
1053 153
1054 145
1055 132
1056 135
1057 141
1058 156
1059 139
1060 142
1061 153
1062 135
1063 131
1064 140
1065 130
1066 146
1067 135
1068 152
1069 124
1070 124
1071 136
1072 141
1073 124
1074 156
1075 134
1076 127
1077 114
1078 125
1079 137
1080 147
1081 123
1082 138
1083 132
1084 123
1085 132
1086 125
1087 142
1088 129
1089 139
1090 133
1091 111
1092 148
1093 123
1094 137
1095 113
1096 143
1097 141
1098 128
1099 115
1100 134
1101 123
1102 125
1103 101
1104 108
1105 137
1106 130
1107 117
1108 138
1109 108
1110 125
1111 127
1112 110
1113 129
1114 120
1115 132
1116 104
1117 115
1118 117
1119 105
1120 119
1121 110
1122 135
1123 129
1124 110
1125 126
1126 117
1127 117
1128 123
1129 114
1130 124
1131 103
1132 102
1133 126
1134 116
1135 108
1136 116
1137 109
1138 100
1139 106
1140 114
1141 101
1142 112
1143 119
1144 103
1145 109
1146 90
1147 135
1148 105
1149 114
1150 103
1151 106
1152 97
1153 116
1154 105
1155 115
1156 103
1157 100
1158 101
1159 103
1160 100
1161 78
1162 107
1163 93
1164 107
1165 102
1166 108
1167 115
1168 126
1169 103
1170 82
1171 97
1172 103
1173 91
1174 104
1175 96
1176 114
1177 111
1178 91
1179 98
1180 95
1181 96
1182 88
1183 108
1184 93
1185 93
1186 88
1187 81
1188 92
1189 108
1190 98
1191 82
1192 93
1193 95
1194 82
1195 84
1196 78
1197 108
1198 88
1199 115
1200 87
1201 79
1202 87
1203 77
1204 69
1205 100
1206 87
1207 68
1208 78
1209 108
1210 95
1211 78
1212 101
1213 89
1214 81
1215 75
1216 78
1217 83
1218 72
1219 82
1220 77
1221 87
1222 83
1223 92
1224 82
1225 85
1226 80
1227 81
1228 73
1229 80
1230 76
1231 61
1232 93
1233 87
1234 78
1235 67
1236 78
1237 85
1238 74
1239 85
1240 65
1241 60
1242 69
1243 69
1244 67
1245 88
1246 71
1247 82
1248 78
1249 74
1250 74
1251 88
1252 63
1253 70
1254 67
1255 85
1256 65
1257 67
1258 75
1259 69
1260 69
1261 62
1262 55
1263 73
1264 80
1265 73
1266 76
1267 74
1268 64
1269 76
1270 62
1271 55
1272 70
1273 64
1274 69
1275 64
1276 69
1277 87
1278 65
1279 67
1280 67
1281 62
1282 72
1283 60
1284 56
1285 67
1286 59
1287 73
1288 65
1289 65
1290 62
1291 64
1292 63
1293 63
1294 63
1295 45
1296 48
1297 59
1298 54
1299 58
1300 59
1301 48
1302 58
1303 58
1304 61
1305 67
1306 58
1307 63
1308 51
1309 46
1310 53
1311 50
1312 60
1313 58
1314 59
1315 62
1316 45
1317 54
1318 51
1319 38
1320 52
1321 41
1322 64
1323 53
1324 40
1325 52
1326 41
1327 49
1328 52
1329 54
1330 57
1331 40
1332 46
1333 52
1334 46
1335 44
1336 51
1337 51
1338 44
1339 40
1340 40
1341 41
1342 35
1343 50
1344 36
1345 43
1346 41
1347 44
1348 46
1349 43
1350 51
1351 38
1352 37
1353 29
1354 51
1355 42
1356 38
1357 41
1358 40
1359 48
1360 43
1361 38
1362 53
1363 39
1364 32
1365 36
1366 44
1367 41
1368 30
1369 36
1370 35
1371 53
1372 41
1373 37
1374 40
1375 29
1376 37
1377 32
1378 27
1379 34
1380 27
1381 37
1382 29
1383 37
1384 39
1385 39
1386 25
1387 24
1388 38
1389 38
1390 38
1391 34
1392 36
1393 38
1394 34
1395 34
1396 22
1397 24
1398 37
1399 34
1400 39
1401 38
1402 36
1403 29
1404 30
1405 21
1406 37
1407 35
1408 38
1409 33
1410 32
1411 28
1412 26
1413 31
1414 26
1415 37
1416 29
1417 27
1418 33
1419 27
1420 29
1421 28
1422 36
1423 25
1424 35
1425 23
1426 30
1427 25
1428 29
1429 27
1430 41
1431 34
1432 30
1433 21
1434 24
1435 31
1436 42
1437 23
1438 20
1439 27
1440 22
1441 17
1442 28
1443 36
1444 32
1445 31
1446 20
1447 30
1448 30
1449 29
1450 32
1451 28
1452 20
1453 28
1454 19
1455 27
1456 18
1457 35
1458 16
1459 15
1460 16
1461 15
1462 16
1463 28
1464 27
1465 23
1466 33
1467 23
1468 19
1469 17
1470 20
1471 23
1472 24
1473 23
1474 19
1475 22
1476 25
1477 22
1478 14
1479 21
1480 26
1481 10
1482 16
1483 23
1484 21
1485 27
1486 18
1487 17
1488 18
1489 16
1490 15
1491 17
1492 26
1493 23
1494 26
1495 23
1496 13
1497 20
1498 23
1499 19
1500 16
1501 16
1502 17
1503 17
1504 24
1505 23
1506 15
1507 20
1508 22
1509 9
1510 19
1511 12
1512 22
1513 18
1514 25
1515 21
1516 18
1517 22
1518 14
1519 14
1520 10
1521 12
1522 17
1523 20
1524 16
1525 20
1526 11
1527 20
1528 13
1529 14
1530 20
1531 13
1532 23
1533 29
1534 11
1535 20
1536 10
1537 12
1538 24
1539 11
1540 18
1541 18
1542 17
1543 16
1544 14
1545 13
1546 15
1547 15
1548 11
1549 17
1550 20
1551 16
1552 13
1553 13
1554 9
1555 17
1556 14
1557 11
1558 23
1559 11
1560 11
1561 14
1562 13
1563 11
1564 12
1565 12
1566 17
1567 12
1568 10
1569 14
1570 11
1571 13
1572 15
1573 10
1574 10
1575 15
1576 8
1577 17
1578 13
1579 7
1580 17
1581 9
1582 14
1583 12
1584 13
1585 14
1586 10
1587 12
1588 18
1589 8
1590 19
1591 9
1592 5
1593 4
1594 9
1595 9
1596 10
1597 13
1598 8
1599 15
1600 8
1601 8
1602 8
1603 10
1604 10
1605 8
1606 10
1607 7
1608 11
1609 5
1610 12
1611 10
1612 12
1613 4
1614 14
1615 11
1616 12
1617 9
1618 9
1619 9
1620 10
1621 8
1622 9
1623 7
1624 8
1625 12
1626 11
1627 8
1628 8
1629 10
1630 8
1631 8
1632 9
1633 9
1634 9
1635 7
1636 9
1637 4
1638 4
1639 9
1640 9
1641 4
1642 2
1643 8
1644 9
1645 8
1646 4
1647 3
1648 7
1649 9
1650 6
1651 5
1652 3
1653 7
1654 6
1655 7
1656 7
1657 4
1658 5
1659 8
1660 7
1661 7
1662 2
1663 4
1664 10
1665 5
1666 6
1667 10
1668 5
1669 11
1670 6
1671 8
1672 9
1673 6
1674 8
1675 4
1676 3
1677 1
1678 12
1679 6
1680 4
1681 2
1682 13
1683 8
1684 4
1685 7
1686 7
1687 9
1688 4
1689 6
1690 3
1691 4
1692 8
1693 5
1694 6
1695 9
1696 3
1697 4
1698 5
1699 3
1700 10
1701 3
1702 5
1703 3
1704 4
1705 7
1706 7
1707 2
1708 4
1709 1
1710 5
1711 5
1712 3
1713 4
1714 3
1715 5
1716 5
1717 4
1718 4
1719 3
1720 0
1721 3
1722 6
1723 4
1724 5
1725 3
1726 5
1727 2
1728 3
1729 4
1730 5
1731 3
1732 5
1733 6
1734 5
1735 2
1736 1
1737 6
1738 4
1739 3
1740 3
1741 4
1742 3
1743 6
1744 4
1745 6
1746 4
1747 5
1748 2
1749 3
1750 0
1751 5
1752 1
1753 1
1754 3
1755 3
1756 1
1757 5
1758 3
1759 2
1760 6
1761 3
1762 2
1763 2
1764 1
1765 2
1766 3
1767 4
1768 5
1769 1
1770 4
1771 1
1772 1
1773 3
1774 0
1775 2
1776 3
1777 3
1778 5
1779 2
1780 1
1781 3
1782 2
1783 1
1784 3
1785 1
1786 5
1787 4
1788 2
1789 2
1790 1
1791 1
1792 3
1793 0
1794 5
1795 0
1796 2
1797 3
1798 2
1799 3
1800 2
1801 4
1802 2
1803 1
1804 2
1805 1
1806 3
1807 2
1808 1
1809 1
1810 1
1811 2
1812 2
1813 2
1814 2
1815 2
1816 1
1817 1
1818 0
1819 2
1820 2
1821 0
1822 1
1823 4
1824 4
1825 2
1826 4
1827 3
1828 1
1829 4
1830 1
1831 3
1832 1
1833 2
1834 5
1835 2
1836 2
1837 2
1838 1
1839 4
1840 1
1841 0
1842 1
1843 1
1844 4
1845 2
1846 2
1847 2
1848 1
1849 1
1850 4
1851 0
1852 2
1853 0
1854 2
1855 3
1856 1
1857 2
1858 2
1859 0
1860 2
1861 2
1862 2
1863 1
1864 0
1865 1
1866 2
1867 1
1868 1
1869 1
1870 0
1871 2
1872 0
1873 1
1874 3
1875 1
1876 1
1877 1
1878 1
1879 0
1880 0
1881 0
1882 0
1883 0
1884 1
1885 1
1886 0
1887 0
1888 2
1889 0
1890 1
1891 0
1892 1
1893 0
1894 1
1895 0
1896 1
1897 0
1898 1
1899 2
1900 0
1901 0
1902 1
1903 1
1904 1
1905 1
1906 1
1907 0
1908 0
1909 0
1910 0
1911 0
1912 0
1913 0
1914 0
1915 1
1916 2
1917 1
1918 0
1919 1
1920 1
1921 0
1922 1
1923 0
1924 2
1925 0
1926 0
1927 2
1928 1
1929 0
1930 1
1931 1
1932 0
1933 0
1934 1
1935 1
1936 1
1937 0
1938 0
1939 1
1940 0
1941 1
1942 0
1943 1
1944 0
1945 0
1946 0
1947 1
1948 1
1949 1
1950 0
1951 2
1952 1
1953 0
1954 0
1955 0
1956 0
1957 0
1958 0
1959 0
1960 1
1961 0
1962 0
1963 1
1964 0
1965 0
1966 3
1967 0
1968 0
1969 0
1970 0
1971 0
1972 0
1973 0
1974 0
1975 0
1976 0
1977 1
1978 1
1979 0
1980 1
1981 0
1982 3
1983 0
1984 0
1985 1
1986 0
1987 0
1988 0
1989 0
1990 0
1991 2
1992 0
1993 0
1994 1
1995 2
1996 0
1997 1
1998 0
1999 0
2000 0
2001 0
2002 0
2003 0
2004 0
2005 1
2006 1
2007 1
2008 0
2009 0
2010 2
2011 0
2012 0
2013 0
2014 0
2015 0
2016 0
2017 0
2018 0
2019 0
2020 0
2021 1
2022 0
2023 0
2024 0
2025 1
2026 0
2027 0
2028 0
2029 0
2030 0
2031 0
2032 1
2033 0
2034 0
2035 0
2036 0
2037 1
2038 1
2039 0
2040 0
2041 0
2042 0
2043 0
2044 0
2045 0
2046 0
2047 0
2048 0
2049 1
2050 0
2051 0
2052 0
2053 0
2054 0
2055 0
2056 0
2057 0
2058 0
2059 1
2060 1
2061 0
2062 0
2063 0
2064 0
2065 0
2066 0
2067 1
2068 0
2069 0
2070 0
2071 1
2072 1
2073 1
2074 0
2075 1
2076 0
2077 0
2078 0
2079 0
2080 0
2081 0
2082 0
2083 1
2084 1
2085 0
2086 0
2087 0
2088 0
2089 0
2090 0
2091 0
2092 0
2093 2
2094 0
2095 0
2096 0
2097 0
2098 0
2099 1
2100 1
2101 0
2102 0
2103 0
2104 0
2105 0
2106 0
2107 0
2108 1
2109 0
2110 0
2111 0
2112 0
2113 0
2114 0
2115 0
2116 0
2117 1
2118 0
2119 0
2120 0
2121 0
2122 0
2123 0
2124 0
2125 0
2126 0
2127 0
2128 0
2129 0
2130 0
2131 0
2132 0
2133 0
2134 0
2135 0
2136 1
2137 0
2138 0
2139 0
2140 0
2141 0
2142 0
2143 0
2144 0
2145 0
2146 0
2147 1
2148 0
2149 0
2150 0
2151 0
2152 0
2153 0
2154 0
2155 0
2156 0
2157 0
2158 0
2159 0
2160 0
2161 0
2162 0
2163 0
2164 0
2165 0
2166 0
2167 0
2168 0
2169 0
2170 0
2171 0
2172 0
2173 0
2174 0
2175 0
2176 0
2177 0
2178 0
2179 0
2180 0
2181 0
2182 0
2183 0
2184 0
2185 1
2186 0
2187 0
2188 0
2189 1
2190 0
2191 0
2192 0
2193 0
2194 0
2195 0
2196 0
2197 0
2198 0
2199 0
2200 1
2201 0
2202 0
2203 0
2204 0
2205 0
2206 0
2207 0
2208 0
2209 0
2210 0
2211 0
2212 0
2213 0
2214 0
2215 0
2216 0
2217 0
2218 0
2219 0
2220 0
2221 0
2222 1
2223 0
2224 0
2225 0
2226 0
2227 1
2228 0
2229 0
2230 0
2231 0
2232 0
2233 0
2234 0
2235 0
2236 0
2237 0
2238 0
2239 0
2240 0
2241 0
2242 0
2243 0
2244 0
2245 0
2246 0
2247 0
2248 0
2249 0
2250 0
2251 0
2252 0
2253 0
2254 1
2255 0
2256 0
2257 0
2258 0
2259 0
2260 1
2261 0
2262 0
2263 0
2264 0
2265 0
2266 0
2267 0
2268 0
2269 0
2270 0
2271 0
2272 0
2273 0
2274 0
2275 0
2276 0
2277 0
2278 0
2279 0
2280 0
2281 0
2282 0
2283 0
2284 0
2285 0
2286 0
2287 0
2288 0
2289 0
2290 0
2291 0
2292 0
2293 0
2294 0
2295 0
2296 0
2297 0
2298 0
2299 0
2300 0
2301 0
2302 0
2303 0
2304 0
2305 0
2306 0
2307 0
2308 0
2309 0
2310 1
2311 0
2312 0
2313 0
2314 0
2315 0
2316 1
2317 0
2318 0
2319 0
2320 0
2321 0
2322 0
2323 0
2324 0
2325 0
2326 0
2327 0
2328 0
2329 0
2330 0
2331 0
2332 0
2333 0
2334 0
2335 0
2336 0
2337 0
2338 0
2339 0
2340 0
2341 0
2342 1
2343 0
2344 0
2345 0
2346 0
2347 0
2348 0
2349 0
2350 0
2351 0
2352 0
2353 0
2354 0
2355 0
2356 0
2357 0
2358 0
2359 0
2360 0
2361 0
2362 0
2363 0
2364 0
2365 0
2366 0
2367 0
2368 0
2369 0
2370 0
2371 0
2372 0
2373 0
2374 0
2375 0
2376 0
2377 0
2378 0
2379 0
2380 0
2381 0
2382 0
2383 0
2384 0
2385 0
2386 0
2387 0
2388 0
2389 0
2390 0
2391 0
2392 0
2393 0
2394 0
2395 0
2396 0
2397 0
2398 0
2399 0
2400 0
2401 0
2402 0
2403 0
2404 0
2405 0
2406 0
2407 0
2408 0
2409 0
2410 0
2411 0
2412 0
2413 0
2414 0
2415 0
2416 0
2417 0
2418 0
2419 0
2420 0
2421 0
2422 0
2423 0
2424 0
2425 0
2426 0
2427 0
2428 1
2429 0
2430 0
2431 0
2432 0
2433 0
2434 0
2435 0
2436 0
2437 0
2438 0
2439 0
2440 0
2441 0
2442 0
2443 0
2444 0
2445 0
2446 0
2447 0
2448 0
2449 0
2450 0
2451 0
2452 0
2453 0
2454 0
2455 0
2456 0
2457 0
2458 0
2459 0
2460 0
2461 0
2462 0
2463 0
2464 0
2465 0
2466 0
2467 0
2468 0
2469 0
2470 0
2471 0
2472 0
2473 0
2474 0
2475 0
2476 0
2477 0
2478 0
2479 0
2480 0
2481 0
2482 0
2483 0
2484 0
2485 0
2486 0
2487 0
2488 0
2489 0
2490 0
2491 0
2492 0
2493 0
2494 0
2495 0
2496 0
2497 0
2498 0
2499 0
2500 0
2501 0
2502 0
2503 0
2504 0
2505 0
2506 0
2507 0
2508 0
2509 0
2510 0
2511 0
2512 0
2513 0
2514 0
2515 0
2516 0
2517 0
2518 0
2519 0
2520 0
2521 0
2522 0
2523 0
2524 0
2525 0
2526 0
2527 0
2528 0
2529 0
2530 0
2531 0
2532 1
2533 0
2534 0
2535 0
2536 0
2537 0
2538 0
2539 0
2540 0
2541 1
2542 0
2543 0
2544 0
2545 0
2546 0
2547 0
2548 0
2549 0
2550 0
2551 0
2552 0
2553 0
2554 0
2555 0
2556 0
2557 0
2558 0
2559 0
2560 0
2561 0
2562 0
2563 0
2564 0
2565 0
2566 0
2567 0
2568 0
2569 0
2570 0
2571 0
2572 0
2573 0
2574 1
2575 0
2576 0
2577 0
2578 0
2579 0
2580 0
2581 0
2582 0
2583 0
2584 0
2585 0
2586 0
2587 0
2588 0
2589 0
2590 0
2591 0
2592 0
2593 0
2594 0
2595 0
2596 0
2597 0
2598 0
2599 0
2600 0
2601 0
2602 0
2603 0
2604 0
2605 0
2606 0
2607 0
2608 0
2609 0
2610 0
2611 0
2612 0
2613 0
2614 0
2615 0
2616 0
2617 0
2618 0
2619 0
2620 1
2621 0
2622 0
2623 0
2624 0
2625 0
2626 0
2627 0
2628 0
2629 0
2630 0
2631 0
2632 0
2633 0
2634 0
2635 0
2636 0
2637 0
2638 0
2639 0
2640 0
2641 0
2642 1
2643 0
2644 0
2645 0
2646 0
2647 0
2648 0
2649 0
2650 0
2651 0
2652 0
2653 0
2654 0
2655 0
2656 0
2657 0
2658 0
2659 0
2660 0
2661 0
2662 0
2663 0
2664 0
2665 0
2666 0
2667 0
2668 1
2669 0
2670 0
2671 0
2672 0
2673 0
2674 0
2675 0
2676 0
2677 0
2678 0
2679 0
2680 0
2681 1
2682 0
2683 0
2684 0
2685 0
2686 0
2687 0
2688 0
2689 0
2690 0
2691 0
2692 0
2693 0
2694 0
2695 0
2696 0
2697 0
2698 0
2699 0
2700 0
2701 0
2702 0
2703 0
2704 0
2705 0
2706 0
2707 0
2708 0
2709 0
2710 0
2711 0
2712 0
2713 0
2714 0
2715 0
2716 0
2717 0
2718 0
2719 0
2720 0
2721 0
2722 0
2723 0
2724 0
2725 0
2726 0
2727 0
2728 0
2729 0
2730 0
2731 0
2732 0
2733 0
2734 0
2735 0
2736 0
2737 0
2738 0
2739 0
2740 0
2741 0
2742 0
2743 0
2744 0
2745 0
2746 0
2747 0
2748 0
2749 0
2750 0
2751 0
2752 0
2753 0
2754 0
2755 0
2756 0
2757 0
2758 0
2759 1
2760 0
2761 0
2762 0
2763 0
2764 0
2765 0
2766 0
2767 0
2768 0
2769 0
2770 0
2771 0
2772 0
2773 0
2774 0
2775 0
2776 1
2777 0
2778 0
2779 0
2780 0
2781 0
2782 0
2783 0
2784 0
2785 0
2786 0
2787 0
2788 0
2789 1
2790 0
2791 0
2792 0
2793 0
2794 0
2795 0
2796 0
2797 0
2798 0
2799 0
2800 0
2801 0
2802 0
2803 0
2804 0
2805 0
2806 0
2807 0
2808 0
2809 0
2810 0
2811 0
2812 0
2813 0
2814 0
2815 0
2816 0
2817 0
2818 0
2819 0
2820 0
2821 0
2822 0
2823 0
2824 0
2825 0
2826 0
2827 0
2828 0
2829 0
2830 0
2831 0
2832 0
2833 0
2834 0
2835 0
2836 0
2837 0
2838 0
2839 0
2840 0
2841 0
2842 0
2843 0
2844 0
2845 0
2846 0
2847 0
2848 0
2849 0
2850 0
2851 0
2852 0
2853 0
2854 0
2855 0
2856 0
2857 0
2858 0
2859 0
2860 0
2861 0
2862 0
2863 0
2864 0
2865 0
2866 0
2867 0
2868 0
2869 0
2870 0
2871 0
2872 0
2873 0
2874 0
2875 0
2876 0
2877 0
2878 0
2879 0
2880 0
2881 0
2882 0
2883 0
2884 0
2885 0
2886 0
2887 0
2888 0
2889 0
2890 0
2891 0
2892 0
2893 0
2894 0
2895 0
2896 0
2897 0
2898 0
2899 0
2900 0
2901 0
2902 0
2903 0
2904 0
2905 0
2906 0
2907 0
2908 0
2909 0
2910 0
2911 0
2912 0
2913 0
2914 0
2915 0
2916 0
2917 0
2918 0
2919 0
2920 0
2921 0
2922 0
2923 0
2924 0
2925 0
2926 0
2927 0
2928 0
2929 0
2930 0
2931 0
2932 0
2933 0
2934 0
2935 0
2936 0
2937 0
2938 0
2939 0
2940 0
2941 0
2942 0
2943 0
2944 0
2945 0
2946 1
2947 0
2948 0
2949 0
2950 0
2951 0
2952 0
2953 0
2954 0
2955 0
2956 0
2957 0
2958 0
2959 0
2960 0
2961 0
2962 0
2963 0
2964 0
2965 0
2966 0
2967 0
2968 0
2969 0
2970 0
2971 0
2972 0
2973 0
2974 0
2975 0
2976 0
2977 0
2978 0
2979 0
2980 0
2981 0
2982 0
2983 0
2984 0
2985 1
2986 0
2987 0
2988 0
2989 0
2990 0
2991 0
2992 0
2993 0
2994 0
2995 0
2996 0
2997 0
2998 0
2999 0
3000 0
3001 0
3002 0
3003 0
3004 0
3005 0
3006 0
3007 0
3008 1
3009 0
3010 0
3011 0
3012 0
3013 0
3014 0
3015 0
3016 0
3017 0
3018 0
3019 0
3020 0
3021 0
3022 0
3023 0
3024 0
3025 0
3026 0
3027 0
3028 0
3029 0
3030 0
3031 0
3032 0
3033 0
3034 0
3035 0
3036 0
3037 0
3038 0
3039 0
3040 0
3041 0
3042 0
3043 0
3044 0
3045 0
3046 0
3047 0
3048 0
3049 0
3050 0
3051 0
3052 0
3053 0
3054 0
3055 0
3056 0
3057 0
3058 0
3059 0
3060 0
3061 0
3062 0
3063 0
3064 0
3065 0
3066 0
3067 0
3068 0
3069 0
3070 0
3071 0
3072 0
3073 0
3074 0
3075 0
3076 0
3077 0
3078 0
3079 0
3080 0
3081 0
3082 0
3083 0
3084 0
3085 0
3086 0
3087 0
3088 0
3089 0
3090 0
3091 0
3092 0
3093 0
3094 0
3095 0
3096 0
3097 0
3098 0
3099 0
3100 0
3101 0
3102 0
3103 0
3104 0
3105 1
3106 0
3107 0
3108 0
3109 0
3110 0
3111 0
3112 0
3113 0
3114 0
3115 0
3116 0
3117 1
3118 0
3119 0
3120 0
3121 0
3122 0
3123 0
3124 0
3125 0
3126 0
3127 0
3128 0
3129 0
3130 0
3131 0
3132 0
3133 0
3134 0
3135 0
3136 0
3137 0
3138 0
3139 0
3140 0
3141 0
3142 0
3143 0
3144 0
3145 0
3146 0
3147 0
3148 0
3149 0
3150 0
3151 0
3152 0
3153 0
3154 0
3155 0
3156 0
3157 0
3158 0
3159 0
3160 0
3161 0
3162 0
3163 0
3164 0
3165 0
3166 0
3167 0
3168 0
3169 0
3170 0
3171 0
3172 0
3173 0
3174 0
3175 0
3176 0
3177 0
3178 0
3179 0
3180 0
3181 0
3182 0
3183 0
3184 0
3185 0
3186 0
3187 0
3188 0
3189 0
3190 0
3191 0
3192 1
3193 0
3194 0
3195 0
3196 0
3197 0
3198 0
3199 0
3200 0
3201 0
3202 0
3203 0
3204 0
3205 0
3206 0
3207 0
3208 0
3209 0
3210 0
3211 0
3212 0
3213 0
3214 0
3215 0
3216 0
3217 0
3218 0
3219 0
3220 0
3221 0
3222 0
3223 0
3224 0
3225 0
3226 0
3227 0
3228 0
3229 0
3230 0
3231 0
3232 0
3233 0
3234 0
3235 0
3236 0
3237 0
3238 0
3239 0
3240 0
3241 0
3242 0
3243 0
3244 0
3245 0
3246 0
3247 0
3248 0
3249 0
3250 0
3251 0
3252 0
3253 0
3254 0
3255 0
3256 0
3257 0
3258 0
3259 0
3260 0
3261 0
3262 0
3263 0
3264 0
3265 0
3266 0
3267 0
3268 0
3269 0
3270 0
3271 0
3272 0
3273 0
3274 0
3275 0
3276 1
3277 0
3278 0
3279 0
3280 0
3281 0
3282 0
3283 0
3284 0
3285 0
3286 0
3287 0
3288 0
3289 0
3290 0
3291 0
3292 0
3293 0
3294 0
3295 0
3296 1
3297 0
3298 0
3299 0
3300 0
3301 0
3302 0
3303 0
3304 1
3305 0
3306 0
3307 0
3308 0
3309 0
3310 0
3311 0
3312 0
3313 0
3314 0
3315 0
3316 0
3317 1
3318 0
3319 0
3320 0
3321 0
3322 0
3323 0
3324 0
3325 0
3326 0
3327 0
3328 0
3329 0
3330 0
3331 0
3332 0
3333 0
3334 0
3335 0
3336 0
3337 0
3338 0
3339 0
3340 0
3341 0
3342 0
3343 0
3344 1
3345 0
3346 0
3347 0
3348 0
3349 0
3350 0
3351 0
3352 0
3353 0
3354 0
3355 0
3356 0
3357 0
3358 0
3359 0
3360 0
3361 0
3362 0
3363 0
3364 0
3365 0
3366 0
3367 0
3368 0
3369 0
3370 0
3371 0
3372 0
3373 0
3374 0
3375 0
3376 0
3377 0
3378 0
3379 0
3380 0
3381 0
3382 0
3383 0
3384 0
3385 0
3386 0
3387 0
3388 0
3389 0
3390 0
3391 0
3392 0
3393 0
3394 0
3395 0
3396 0
3397 0
3398 0
3399 0
3400 0
3401 0
3402 0
3403 0
3404 0
3405 0
3406 0
3407 0
3408 0
3409 0
3410 0
3411 0
3412 0
3413 0
3414 0
3415 0
3416 0
3417 0
3418 0
3419 0
3420 0
3421 0
3422 0
3423 0
3424 0
3425 0
3426 0
3427 0
3428 0
3429 0
3430 0
3431 0
3432 0
3433 0
3434 0
3435 0
3436 0
3437 0
3438 0
3439 0
3440 0
3441 0
3442 0
3443 0
3444 0
3445 0
3446 0
3447 0
3448 0
3449 0
3450 0
3451 0
3452 0
3453 0
3454 0
3455 0
3456 0
3457 0
3458 0
3459 0
3460 0
3461 0
3462 0
3463 0
3464 0
3465 0
3466 0
3467 0
3468 0
3469 0
3470 0
3471 1
3472 0
3473 0
3474 0
3475 0
3476 0
3477 0
3478 0
3479 0
3480 0
3481 0
3482 0
3483 0
3484 0
3485 0
3486 0
3487 0
3488 0
3489 0
3490 0
3491 0
3492 0
3493 0
3494 0
3495 0
3496 0
3497 0
3498 0
3499 1
3500 0
3501 0
3502 0
3503 0
3504 0
3505 0
3506 0
3507 0
3508 0
3509 0
3510 0
3511 0
3512 0
3513 1
3514 0
3515 0
3516 0
3517 0
3518 0
3519 0
3520 0
3521 0
3522 0
3523 0
3524 0
3525 0
3526 0
3527 0
3528 0
3529 0
3530 0
3531 0
3532 0
3533 0
3534 0
3535 0
3536 0
3537 0
3538 0
3539 0
3540 1
3541 0
3542 0
3543 0
3544 0
3545 0
3546 0
3547 0
3548 0
3549 0
3550 0
3551 0
3552 0
3553 0
3554 0
3555 0
3556 0
3557 0
3558 0
3559 0
3560 0
3561 0
3562 0
3563 0
3564 0
3565 0
3566 0
3567 0
3568 0
3569 0
3570 0
3571 0
3572 0
3573 0
3574 0
3575 0
3576 0
3577 0
3578 0
3579 0
3580 0
3581 0
3582 0
3583 0
3584 0
3585 0
3586 0
3587 0
3588 0
3589 0
3590 0
3591 0
3592 0
3593 0
3594 0
3595 0
3596 0
3597 0
3598 0
3599 0
3600 0
3601 0
3602 0
3603 0
3604 0
3605 0
3606 0
3607 0
3608 0
3609 0
3610 0
3611 0
3612 0
3613 0
3614 0
3615 0
3616 0
3617 0
3618 0
3619 0
3620 0
3621 0
3622 0
3623 0
3624 0
3625 0
3626 0
3627 0
3628 0
3629 0
3630 0
3631 0
3632 0
3633 0
3634 0
3635 0
3636 0
3637 0
3638 0
3639 0
3640 0
3641 0
3642 0
3643 1
3644 0
3645 0
3646 0
3647 0
3648 0
3649 0
3650 0
3651 0
3652 1
3653 0
3654 0
3655 0
3656 0
3657 0
3658 0
3659 0
3660 0
3661 0
3662 0
3663 0
3664 0
3665 0
3666 0
3667 0
3668 0
3669 0
3670 0
3671 0
3672 0
3673 0
3674 0
3675 0
3676 0
3677 0
3678 0
3679 0
3680 0
3681 0
3682 0
3683 0
3684 0
3685 0
3686 1
3687 0
3688 0
3689 0
3690 0
3691 0
3692 0
3693 0
3694 0
3695 0
3696 0
3697 0
3698 0
3699 0
3700 0
3701 0
3702 0
3703 0
3704 0
3705 0
3706 0
3707 0
3708 0
3709 0
3710 0
3711 0
3712 0
3713 0
3714 0
3715 0
3716 0
3717 0
3718 0
3719 0
3720 0
3721 1
3722 0
3723 0
3724 0
3725 0
3726 0
3727 0
3728 0
3729 0
3730 0
3731 0
3732 0
3733 0
3734 0
3735 0
3736 0
3737 0
3738 0
3739 0
3740 0
3741 0
3742 0
3743 0
3744 0
3745 0
3746 0
3747 0
3748 0
3749 0
3750 1
3751 0
3752 0
3753 0
3754 0
3755 0
3756 0
3757 0
3758 0
3759 0
3760 0
3761 0
3762 0
3763 0
3764 0
3765 0
3766 0
3767 0
3768 1
3769 0
3770 0
3771 0
3772 0
3773 0
3774 0
3775 0
3776 0
3777 0
3778 0
3779 0
3780 0
3781 0
3782 0
3783 0
3784 0
3785 0
3786 0
3787 0
3788 0
3789 0
3790 0
3791 0
3792 0
3793 0
3794 0
3795 1
3796 0
3797 0
3798 0
3799 0
3800 0
3801 0
3802 0
3803 0
3804 0
3805 0
3806 0
3807 0
3808 0
3809 0
3810 0
3811 0
3812 0
3813 0
3814 0
3815 0
3816 0
3817 0
3818 0
3819 0
3820 0
3821 0
3822 0
3823 0
3824 0
3825 0
3826 0
3827 0
3828 0
3829 0
3830 0
3831 0
3832 0
3833 0
3834 0
3835 0
3836 0
3837 0
3838 0
3839 0
3840 0
3841 0
3842 0
3843 0
3844 0
3845 0
3846 0
3847 0
3848 0
3849 0
3850 0
3851 0
3852 0
3853 0
3854 0
3855 0
3856 0
3857 0
3858 0
3859 0
3860 0
3861 0
3862 0
3863 1
3864 0
3865 0
3866 0
3867 0
3868 0
3869 0
3870 0
3871 0
3872 0
3873 0
3874 0
3875 0
3876 0
3877 0
3878 0
3879 0
3880 0
3881 0
3882 0
3883 0
3884 0
3885 0
3886 0
3887 0
3888 0
3889 0
3890 0
3891 0
3892 0
3893 0
3894 0
3895 0
3896 0
3897 0
3898 0
3899 0
3900 0
3901 0
3902 0
3903 0
3904 0
3905 0
3906 0
3907 0
3908 0
3909 0
3910 0
3911 0
3912 0
3913 1
3914 0
3915 0
3916 0
3917 0
3918 0
3919 0
3920 0
3921 0
3922 0
3923 0
3924 0
3925 0
3926 0
3927 0
3928 0
3929 0
3930 0
3931 0
3932 0
3933 0
3934 0
3935 0
3936 0
3937 0
3938 2
3939 0
3940 0
3941 0
3942 0
3943 0
3944 0
3945 0
3946 0
3947 0
3948 0
3949 0
3950 0
3951 0
3952 0
3953 0
3954 0
3955 0
3956 0
3957 0
3958 0
3959 0
3960 1
3961 0
3962 0
3963 0
3964 0
3965 0
3966 0
3967 0
3968 0
3969 0
3970 0
3971 0
3972 0
3973 0
3974 0
3975 0
3976 0
3977 0
3978 0
3979 0
3980 0
3981 0
3982 0
3983 0
3984 0
3985 0
3986 0
3987 0
3988 0
3989 0
3990 0
3991 0
3992 0
3993 0
3994 0
3995 0
3996 1
3997 0
3998 0
3999 0
4000 0
