0 0
1 0
2 0
3 0
4 0
5 0
6 0
7 0
8 0
9 0
10 0
11 0
12 0
13 0
14 0
15 0
16 0
17 0
18 0
19 0
20 0
21 0
22 0
23 0
24 0
25 0
26 0
27 0
28 0
29 0
30 0
31 0
32 0
33 0
34 0
35 0
36 0
37 0
38 0
39 0
40 0
41 0
42 0
43 0
44 0
45 0
46 0
47 0
48 0
49 0
50 0
51 0
52 0
53 0
54 0
55 0
56 0
57 0
58 0
59 0
60 0
61 0
62 0
63 0
64 0
65 0
66 0
67 0
68 0
69 0
70 0
71 0
72 0
73 0
74 0
75 0
76 0
77 0
78 0
79 0
80 0
81 0
82 0
83 0
84 0
85 1
86 13
87 26
88 27
89 20
90 22
91 18
92 26
93 27
94 15
95 14
96 11
97 14
98 13
99 14
100 8
101 7
102 9
103 7
104 10
105 7
106 4
107 11
108 8
109 8
110 37
111 178
112 915
113 2719
114 5280
115 7447
116 9093
117 9951
118 10235
119 9818
120 9288
121 8361
122 7608
123 6777
124 5870
125 5166
126 4510
127 4073
128 3398
129 3056
130 2656
131 2391
132 2173
133 2010
134 1889
135 1761
136 1707
137 1681
138 1563
139 1664
140 1616
141 1600
142 1596
143 1614
144 1628
145 1644
146 1561
147 1628
148 1727
149 1673
150 1524
151 1622
152 1611
153 1644
154 1610
155 1669
156 1589
157 1618
158 1576
159 1657
160 1600
161 1586
162 1636
163 1587
164 1618
165 1623
166 1630
167 1599
168 1676
169 1692
170 1730
171 1607
172 1672
173 1729
174 1767
175 1678
176 1725
177 1635
178 1875
179 1763
180 1664
181 1702
182 1663
183 1711
184 1769
185 1695
186 1772
187 1829
188 1828
189 1774
190 1844
191 1735
192 1739
193 1798
194 1787
195 1760
196 1805
197 1860
198 1793
199 1832
200 1772
201 1732
202 1834
203 1853
204 1853
205 1899
206 1780
207 1907
208 1837
209 1871
210 1909
211 1892
212 1828
213 1886
214 1910
215 1857
216 1888
217 1899
218 1883
219 1929
220 1887
221 1891
222 1886
223 1928
224 1964
225 1999
226 2024
227 1947
228 2018
229 2029
230 1974
231 1913
232 2020
233 1957
234 1986
235 2004
236 1991
237 2001
238 1991
239 1962
240 1920
241 1991
242 1981
243 2038
244 2054
245 2089
246 2109
247 2120
248 1999
249 2067
250 2059
251 2117
252 2084
253 2077
254 2125
255 2099
256 2085
257 2135
258 2112
259 1985
260 2089
261 2143
262 2117
263 2130
264 2101
265 2073
266 2126
267 2165
268 2125
269 2144
270 2216
271 2154
272 2243
273 2117
274 2097
275 2261
276 2171
277 2316
278 2135
279 2186
280 2247
281 2104
282 2192
283 2245
284 2144
285 2191
286 2219
287 2198
288 2196
289 2206
290 2247
291 2221
292 2203
293 2181
294 2133
295 2199
296 2233
297 2213
298 2286
299 2240
300 2251
301 2219
302 2258
303 2132
304 2299
305 2228
306 2194
307 2243
308 2216
309 2294
310 2177
311 2155
312 2209
313 2174
314 2160
315 2201
316 2224
317 2226
318 2171
319 2233
320 2250
321 2099
322 2187
323 2131
324 2071
325 2080
326 2114
327 2092
328 2165
329 2141
330 2134
331 2221
332 2179
333 2163
334 2107
335 2026
336 2093
337 2061
338 2121
339 2097
340 2061
341 2022
342 2040
343 2113
344 1965
345 1985
346 2051
347 1969
348 1943
349 1992
350 2033
351 1950
352 1973
353 1861
354 2048
355 1960
356 1966
357 1935
358 1792
359 1909
360 1980
361 1948
362 1936
363 1856
364 1794
365 1773
366 1834
367 1858
368 1867
369 1832
370 1706
371 1799
372 1779
373 1814
374 1777
375 1827
376 1790
377 1693
378 1771
379 1728
380 1779
381 1735
382 1685
383 1683
384 1675
385 1676
386 1665
387 1570
388 1643
389 1674
390 1638
391 1589
392 1595
393 1601
394 1589
395 1508
396 1635
397 1516
398 1516
399 1510
400 1474
401 1452
402 1532
403 1452
404 1452
405 1397
406 1416
407 1401
408 1381
409 1390
410 1390
411 1349
412 1427
413 1354
414 1365
415 1377
416 1317
417 1293
418 1315
419 1280
420 1265
421 1240
422 1249
423 1304
424 1230
425 1267
426 1181
427 1174
428 1183
429 1129
430 1190
431 1138
432 1093
433 1129
434 1179
435 1145
436 1134
437 1135
438 1023
439 1149
440 1084
441 1073
442 1059
443 1106
444 1069
445 1016
446 1061
447 955
448 938
449 1000
450 920
451 964
452 948
453 969
454 920
455 912
456 924
457 877
458 904
459 903
460 857
461 887
462 879
463 880
464 886
465 819
466 850
467 859
468 881
469 824
470 809
471 837
472 816
473 812
474 733
475 803
476 725
477 762
478 765
479 754
480 697
481 703
482 705
483 679
484 724
485 711
486 672
487 737
488 685
489 695
490 668
491 636
492 660
493 656
494 639
495 628
496 657
497 621
498 596
499 613
500 602
501 639
502 565
503 603
504 628
505 562
506 558
507 582
508 592
509 533
510 566
511 532
512 526
513 541
514 553
515 513
516 524
517 541
518 500
519 488
520 481
521 514
522 467
523 470
524 484
525 467
526 490
527 537
528 468
529 468
530 479
531 499
532 429
533 441
534 447
535 483
536 482
537 442
538 431
539 478
540 402
541 430
542 448
543 460
544 433
545 443
546 426
547 402
548 447
549 378
550 445
551 422
552 401
553 403
554 389
555 409
556 385
557 371
558 390
559 393
560 413
561 383
562 380
563 366
564 415
565 373
566 390
567 383
568 394
569 364
570 363
571 388
572 353
573 348
574 335
575 329
576 343
577 358
578 341
579 364
580 335
581 381
582 335
583 335
584 337
585 314
586 320
587 312
588 357
589 306
590 315
591 299
592 349
593 331
594 308
595 354
596 341
597 311
598 350
599 328
600 316
601 310
602 306
603 304
604 315
605 338
606 345
607 353
608 322
609 303
610 300
611 312
612 294
613 326
614 303
615 282
616 309
617 291
618 284
619 281
620 280
621 298
622 274
623 288
624 310
625 275
626 259
627 286
628 307
629 268
630 307
631 289
632 276
633 320
634 273
635 293
636 269
637 280
638 293
639 239
640 279
641 267
642 269
643 301
644 277
645 294
646 300
647 279
648 266
649 298
650 222
651 278
652 262
653 304
654 265
655 281
656 307
657 271
658 265
659 279
660 302
661 276
662 268
663 267
664 280
665 259
666 289
667 283
668 278
669 260
670 250
671 245
672 272
673 271
674 272
675 264
676 272
677 254
678 275
679 277
680 272
681 263
682 253
683 261
684 265
685 260
686 268
687 230
688 262
689 290
690 241
691 256
692 251
693 273
694 254
695 264
696 272
697 268
698 273
699 273
700 254
701 244
702 267
703 252
704 267
705 249
706 269
707 234
708 255
709 264
710 233
711 244
712 217
713 270
714 258
715 228
716 246
717 246
718 251
719 234
720 238
721 246
722 248
723 253
724 214
725 242
726 261
727 240
728 282
729 245
730 239
731 233
732 223
733 256
734 225
735 253
736 232
737 240
738 236
739 259
740 249
741 254
742 229
743 205
744 244
745 212
746 231
747 241
748 206
749 238
750 228
751 238
752 213
753 201
754 249
755 244
756 192
757 248
758 221
759 231
760 230
761 235
762 237
763 249
764 222
765 248
766 176
767 217
768 247
769 234
770 236
771 212
772 205
773 200
774 227
775 218
776 200
777 214
778 201
779 189
780 209
781 200
782 202
783 221
784 237
785 200
786 217
787 210
788 218
789 202
790 173
791 180
792 199
793 184
794 198
795 224
796 207
797 203
798 217
799 234
800 219
801 198
802 188
803 225
804 213
805 194
806 208
807 183
808 192
809 193
810 208
811 219
812 192
813 188
814 188
815 194
816 186
817 228
818 187
819 185
820 193
821 196
822 205
823 172
824 192
825 186
826 198
827 221
828 190
829 184
830 199
831 178
832 187
833 184
834 194
835 174
836 174
837 180
838 189
839 188
840 162
841 186
842 187
843 181
844 171
845 180
846 161
847 180
848 211
849 180
850 168
851 162
852 194
853 163
854 171
855 168
856 141
857 175
858 172
859 178
860 175
861 143
862 173
863 176
864 170
865 167
866 162
867 182
868 153
869 160
870 163
871 162
872 170
873 164
874 148
875 137
876 140
877 172
878 139
879 151
880 147
881 162
882 158
883 153
884 123
885 166
886 147
887 154
888 154
889 156
890 144
891 150
892 141
893 158
894 133
895 141
896 142
897 148
898 127
899 148
900 138
901 156
902 150
903 163
904 142
905 127
906 150
907 140
908 127
909 142
910 113
911 123
912 98
913 129
914 126
915 111
916 133
917 122
918 148
919 114
920 129
921 125
922 115
923 117
924 122
925 114
926 132
927 105
928 102
929 117
930 128
931 133
932 113
933 110
934 141
935 133
936 117
937 122
938 100
939 107
940 123
941 121
942 114
943 142
944 103
945 98
946 103
947 100
948 111
949 137
950 106
951 104
952 114
953 112
954 108
955 100
956 102
957 103
958 98
959 103
960 111
961 102
962 123
963 103
964 93
965 108
966 105
967 100
968 89
969 88
970 111
971 102
972 101
973 94
974 82
975 104
976 88
977 76
978 90
979 101
980 96
981 77
982 76
983 85
984 86
985 88
986 93
987 99
988 87
989 77
990 91
991 81
992 89
993 90
994 98
995 77
996 71
997 91
998 87
999 66
1000 81
1001 85
1002 76
1003 80
1004 81
1005 73
1006 83
1007 84
1008 71
1009 66
1010 82
1011 72
1012 64
1013 80
1014 77
1015 76
1016 79
1017 64
1018 78
1019 83
1020 69
1021 82
1022 75
1023 71
1024 74
1025 55
1026 72
1027 58
1028 72
1029 91
1030 70
1031 69
1032 72
1033 70
1034 59
1035 74
1036 66
1037 63
1038 56
1039 63
1040 74
1041 55
1042 62
1043 69
1044 49
1045 61
1046 64
1047 85
1048 58
1049 65
1050 57
1051 57
1052 77
1053 58
1054 55
1055 56
1056 67
1057 40
1058 61
1059 67
1060 50
1061 53
1062 52
1063 46
1064 50
1065 60
1066 59
1067 58
1068 63
1069 59
1070 61
1071 47
1072 51
1073 51
1074 51
1075 65
1076 58
1077 51
1078 56
1079 50
1080 47
1081 51
1082 47
1083 36
1084 45
1085 52
1086 54
1087 45
1088 45
1089 41
1090 46
1091 50
1092 47
1093 47
1094 42
1095 39
1096 46
1097 44
1098 50
1099 32
1100 38
1101 49
1102 50
1103 37
1104 48
1105 41
1106 46
1107 44
1108 39
1109 41
1110 36
1111 55
1112 43
1113 41
1114 47
1115 40
1116 37
1117 40
1118 41
1119 40
1120 37
1121 33
1122 36
1123 35
1124 32
1125 38
1126 46
1127 26
1128 39
1129 36
1130 48
1131 38
1132 31
1133 36
1134 30
1135 44
1136 27
1137 40
1138 31
1139 33
1140 26
1141 35
1142 28
1143 33
1144 36
1145 42
1146 31
1147 35
1148 34
1149 32
1150 36
1151 32
1152 28
1153 27
1154 25
1155 25
1156 26
1157 34
1158 27
1159 37
1160 31
1161 20
1162 27
1163 27
1164 19
1165 26
1166 35
1167 24
1168 29
1169 27
1170 31
1171 32
1172 33
1173 26
1174 30
1175 29
1176 26
1177 28
1178 11
1179 33
1180 30
1181 24
1182 34
1183 26
1184 26
1185 17
1186 26
1187 22
1188 26
1189 22
1190 22
1191 26
1192 24
1193 14
1194 22
1195 23
1196 26
1197 12
1198 26
1199 20
1200 13
1201 20
1202 25
1203 20
1204 16
1205 25
1206 20
1207 19
1208 18
1209 12
1210 29
1211 25
1212 23
1213 16
1214 21
1215 22
1216 22
1217 15
1218 16
1219 12
1220 22
1221 20
1222 16
1223 16
1224 22
1225 15
1226 9
1227 21
1228 22
1229 21
1230 20
1231 17
1232 14
1233 9
1234 13
1235 13
1236 15
1237 15
1238 15
1239 24
1240 20
1241 11
1242 8
1243 7
1244 18
1245 17
1246 19
1247 10
1248 19
1249 15
1250 17
1251 19
1252 8
1253 13
1254 14
1255 12
1256 13
1257 13
1258 16
1259 16
1260 18
1261 19
1262 17
1263 15
1264 11
1265 12
1266 19
1267 16
1268 14
1269 20
1270 17
1271 12
1272 8
1273 13
1274 10
1275 8
1276 14
1277 15
1278 15
1279 11
1280 19
1281 10
1282 22
1283 9
1284 10
1285 15
1286 18
1287 10
1288 12
1289 10
1290 10
1291 12
1292 12
1293 11
1294 8
1295 11
1296 6
1297 11
1298 9
1299 13
1300 11
1301 8
1302 9
1303 11
1304 4
1305 8
1306 8
1307 8
1308 12
1309 8
1310 6
1311 13
1312 11
1313 11
1314 9
1315 7
1316 13
1317 8
1318 3
1319 9
1320 11
1321 9
1322 10
1323 9
1324 7
1325 12
1326 11
1327 13
1328 6
1329 10
1330 12
1331 14
1332 10
1333 15
1334 9
1335 7
1336 8
1337 6
1338 8
1339 5
1340 15
1341 5
1342 10
1343 8
1344 6
1345 5
1346 11
1347 6
1348 6
1349 7
1350 10
1351 6
1352 6
1353 4
1354 8
1355 3
1356 13
1357 3
1358 11
1359 5
1360 8
1361 5
1362 10
1363 10
1364 5
1365 5
1366 3
1367 10
1368 5
1369 5
1370 5
1371 7
1372 8
1373 6
1374 5
1375 5
1376 6
1377 4
1378 4
1379 8
1380 8
1381 6
1382 7
1383 6
1384 6
1385 1
1386 3
1387 8
1388 6
1389 5
1390 7
1391 7
1392 3
1393 4
1394 5
1395 3
1396 9
1397 7
1398 4
1399 6
1400 4
1401 5
1402 3
1403 5
1404 3
1405 6
1406 5
1407 3
1408 10
1409 5
1410 3
1411 3
1412 8
1413 1
1414 5
1415 5
1416 2
1417 4
1418 7
1419 4
1420 4
1421 4
1422 0
1423 4
1424 5
1425 4
1426 2
1427 3
1428 4
1429 2
1430 3
1431 2
1432 2
1433 4
1434 4
1435 5
1436 6
1437 5
1438 4
1439 2
1440 1
1441 4
1442 4
1443 3
1444 2
1445 5
1446 2
1447 6
1448 3
1449 1
1450 2
1451 3
1452 2
1453 3
1454 4
1455 7
1456 4
1457 4
1458 4
1459 4
1460 5
1461 1
1462 1
1463 2
1464 1
1465 4
1466 2
1467 3
1468 1
1469 4
1470 4
1471 1
1472 2
1473 4
1474 2
1475 3
1476 7
1477 1
1478 0
1479 2
1480 5
1481 3
1482 3
1483 3
1484 0
1485 1
1486 0
1487 2
1488 3
1489 8
1490 1
1491 0
1492 2
1493 4
1494 2
1495 3
1496 2
1497 0
1498 2
1499 2
1500 2
1501 2
1502 4
1503 3
1504 2
1505 2
1506 0
1507 0
1508 3
1509 1
1510 0
1511 2
1512 0
1513 1
1514 1
1515 1
1516 2
1517 1
1518 3
1519 3
1520 2
1521 0
1522 3
1523 1
1524 1
1525 4
1526 0
1527 2
1528 2
1529 2
1530 2
1531 1
1532 1
1533 5
1534 1
1535 2
1536 1
1537 1
1538 2
1539 2
1540 4
1541 2
1542 1
1543 0
1544 2
1545 0
1546 0
1547 1
1548 1
1549 1
1550 1
1551 0
1552 1
1553 0
1554 3
1555 2
1556 3
1557 2
1558 0
1559 2
1560 1
1561 2
1562 1
1563 1
1564 2
1565 2
1566 1
1567 1
1568 1
1569 1
1570 0
1571 2
1572 2
1573 0
1574 2
1575 4
1576 2
1577 0
1578 3
1579 2
1580 0
1581 1
1582 1
1583 0
1584 1
1585 0
1586 0
1587 3
1588 0
1589 0
1590 1
1591 1
1592 1
1593 2
1594 0
1595 1
1596 3
1597 0
1598 2
1599 0
1600 0
1601 0
1602 0
1603 1
1604 1
1605 0
1606 1
1607 0
1608 1
1609 1
1610 1
1611 1
1612 0
1613 1
1614 2
1615 0
1616 0
1617 0
1618 1
1619 2
1620 0
1621 0
1622 2
1623 2
1624 0
1625 0
1626 1
1627 1
1628 2
1629 0
1630 0
1631 2
1632 3
1633 1
1634 1
1635 2
1636 0
1637 1
1638 0
1639 1
1640 1
1641 1
1642 0
1643 1
1644 1
1645 0
1646 1
1647 0
1648 0
1649 0
1650 1
1651 1
1652 0
1653 1
1654 1
1655 0
1656 1
1657 0
1658 0
1659 1
1660 1
1661 0
1662 0
1663 0
1664 0
1665 1
1666 0
1667 0
1668 1
1669 0
1670 2
1671 2
1672 1
1673 0
1674 0
1675 1
1676 0
1677 0
1678 0
1679 1
1680 2
1681 1
1682 0
1683 0
1684 0
1685 1
1686 0
1687 0
1688 0
1689 2
1690 1
1691 0
1692 0
1693 1
1694 0
1695 1
1696 0
1697 0
1698 0
1699 0
1700 0
1701 0
1702 0
1703 0
1704 0
1705 0
1706 0
1707 0
1708 0
1709 0
1710 3
1711 0
1712 1
1713 0
1714 0
1715 0
1716 2
1717 1
1718 2
1719 0
1720 1
1721 0
1722 0
1723 0
1724 0
1725 0
1726 0
1727 0
1728 0
1729 0
1730 0
1731 0
1732 0
1733 0
1734 2
1735 0
1736 0
1737 2
1738 0
1739 0
1740 0
1741 1
1742 0
1743 0
1744 0
1745 1
1746 2
1747 0
1748 0
1749 0
1750 0
1751 0
1752 0
1753 1
1754 2
1755 0
1756 0
1757 1
1758 0
1759 0
1760 0
1761 0
1762 1
1763 0
1764 0
1765 0
1766 0
1767 1
1768 1
1769 0
1770 0
1771 0
1772 0
1773 0
1774 0
1775 2
1776 0
1777 1
1778 0
1779 0
1780 0
1781 0
1782 1
1783 0
1784 0
1785 0
1786 0
1787 0
1788 0
1789 2
1790 1
1791 0
1792 0
1793 0
1794 0
1795 0
1796 0
1797 0
1798 0
1799 0
1800 0
1801 0
1802 0
1803 0
1804 0
1805 0
1806 0
1807 0
1808 0
1809 0
1810 0
1811 0
1812 0
1813 0
1814 0
1815 0
1816 0
1817 0
1818 0
1819 0
1820 0
1821 0
1822 1
1823 0
1824 0
1825 0
1826 0
1827 0
1828 1
1829 0
1830 0
1831 0
1832 0
1833 0
1834 1
1835 0
1836 0
1837 0
1838 0
1839 0
1840 0
1841 0
1842 0
1843 0
1844 0
1845 0
1846 0
1847 0
1848 1
1849 0
1850 0
1851 0
1852 0
1853 0
1854 0
1855 2
1856 0
1857 0
1858 0
1859 0
1860 0
1861 0
1862 0
1863 0
1864 0
1865 0
1866 0
1867 0
1868 0
1869 0
1870 0
1871 0
1872 0
1873 0
1874 0
1875 0
1876 0
1877 0
1878 2
1879 0
1880 0
1881 0
1882 0
1883 0
1884 0
1885 0
1886 0
1887 0
1888 0
1889 0
1890 0
1891 0
1892 0
1893 0
1894 0
1895 0
1896 1
1897 0
1898 0
1899 0
1900 0
1901 0
1902 0
1903 0
1904 0
1905 0
1906 0
1907 0
1908 0
1909 0
1910 1
1911 0
1912 0
1913 0
1914 0
1915 0
1916 0
1917 0
1918 0
1919 1
1920 0
1921 0
1922 0
1923 0
1924 0
1925 0
1926 1
1927 0
1928 0
1929 0
1930 0
1931 0
1932 0
1933 0
1934 1
1935 0
1936 0
1937 1
1938 1
1939 0
1940 0
1941 0
1942 0
1943 0
1944 0
1945 1
1946 0
1947 0
1948 0
1949 0
1950 0
1951 1
1952 0
1953 0
1954 0
1955 0
1956 0
1957 0
1958 1
1959 0
1960 0
1961 0
1962 0
1963 0
1964 0
1965 0
1966 0
1967 0
1968 0
1969 0
1970 0
1971 0
1972 0
1973 0
1974 0
1975 0
1976 0
1977 0
1978 0
1979 0
1980 0
1981 0
1982 0
1983 0
1984 1
1985 0
1986 0
1987 1
1988 0
1989 0
1990 0
1991 0
1992 0
1993 0
1994 0
1995 0
1996 0
1997 0
1998 0
1999 0
2000 0
2001 0
2002 0
2003 0
2004 0
2005 0
2006 0
2007 0
2008 0
2009 0
2010 0
2011 0
2012 0
2013 0
2014 0
2015 0
2016 0
2017 0
2018 0
2019 1
2020 0
2021 0
2022 0
2023 0
2024 0
2025 0
2026 0
2027 0
2028 1
2029 0
2030 0
2031 0
2032 0
2033 1
2034 0
2035 0
2036 0
2037 0
2038 0
2039 0
2040 0
2041 0
2042 0
2043 0
2044 0
2045 0
2046 0
2047 0
2048 0
2049 0
2050 0
2051 0
2052 0
2053 0
2054 0
2055 0
2056 0
2057 0
2058 0
2059 0
2060 0
2061 0
2062 0
2063 0
2064 0
2065 0
2066 0
2067 0
2068 0
2069 0
2070 0
2071 0
2072 0
2073 0
2074 0
2075 0
2076 0
2077 0
2078 0
2079 0
2080 0
2081 0
2082 0
2083 0
2084 0
2085 0
2086 0
2087 0
2088 1
2089 0
2090 0
2091 0
2092 0
2093 0
2094 0
2095 0
2096 0
2097 0
2098 0
2099 0
2100 0
2101 0
2102 0
2103 0
2104 0
2105 0
2106 0
2107 0
2108 0
2109 0
2110 0
2111 0
2112 0
2113 0
2114 0
2115 0
2116 0
2117 0
2118 0
2119 0
2120 0
2121 0
2122 0
2123 0
2124 0
2125 0
2126 0
2127 0
2128 0
2129 0
2130 0
2131 0
2132 0
2133 0
2134 0
2135 0
2136 0
2137 0
2138 0
2139 0
2140 0
2141 0
2142 0
2143 0
2144 0
2145 0
2146 0
2147 0
2148 2
2149 0
2150 0
2151 0
2152 0
2153 0
2154 0
2155 0
2156 0
2157 0
2158 0
2159 0
2160 0
2161 1
2162 0
2163 0
2164 0
2165 0
2166 0
2167 0
2168 0
2169 0
2170 0
2171 0
2172 0
2173 0
2174 0
2175 0
2176 0
2177 0
2178 0
2179 0
2180 0
2181 0
2182 0
2183 0
2184 0
2185 0
2186 0
2187 0
2188 0
2189 0
2190 0
2191 0
2192 0
2193 0
2194 0
2195 0
2196 0
2197 0
2198 0
2199 0
2200 0
2201 0
2202 1
2203 0
2204 0
2205 0
2206 0
2207 0
2208 0
2209 0
2210 0
2211 0
2212 0
2213 0
2214 0
2215 0
2216 0
2217 0
2218 0
2219 0
2220 0
2221 0
2222 0
2223 0
2224 0
2225 0
2226 0
2227 0
2228 0
2229 0
2230 0
2231 0
2232 0
2233 0
2234 0
2235 0
2236 0
2237 0
2238 1
2239 0
2240 0
2241 0
2242 0
2243 0
2244 0
2245 0
2246 0
2247 0
2248 0
2249 0
2250 0
2251 0
2252 0
2253 0
2254 0
2255 0
2256 0
2257 0
2258 0
2259 0
2260 0
2261 0
2262 0
2263 0
2264 0
2265 0
2266 0
2267 0
2268 0
2269 0
2270 0
2271 0
2272 0
2273 0
2274 0
2275 0
2276 0
2277 0
2278 0
2279 0
2280 0
2281 0
2282 0
2283 0
2284 0
2285 0
2286 0
2287 0
2288 0
2289 0
2290 0
2291 0
2292 0
2293 0
2294 0
2295 0
2296 0
2297 0
2298 0
2299 0
2300 0
2301 1
2302 0
2303 0
2304 0
2305 0
2306 0
2307 0
2308 0
2309 0
2310 0
2311 0
2312 0
2313 0
2314 0
2315 0
2316 0
2317 0
2318 0
2319 0
2320 0
2321 0
2322 0
2323 0
2324 0
2325 0
2326 0
2327 0
2328 0
2329 0
2330 0
2331 0
2332 0
2333 0
2334 0
2335 0
2336 0
2337 0
2338 0
2339 0
2340 0
2341 0
2342 0
2343 1
2344 0
2345 0
2346 0
2347 0
2348 0
2349 0
2350 0
2351 0
2352 0
2353 0
2354 0
2355 0
2356 0
2357 0
2358 0
2359 0
2360 0
2361 0
2362 0
2363 0
2364 0
2365 0
2366 0
2367 0
2368 0
2369 0
2370 0
2371 0
2372 0
2373 0
2374 0
2375 0
2376 0
2377 0
2378 0
2379 0
2380 0
2381 0
2382 0
2383 0
2384 0
2385 0
2386 0
2387 0
2388 0
2389 0
2390 0
2391 0
2392 0
2393 0
2394 0
2395 0
2396 0
2397 0
2398 0
2399 0
2400 0
2401 0
2402 0
2403 0
2404 0
2405 0
2406 0
2407 0
2408 0
2409 0
2410 0
2411 0
2412 0
2413 0
2414 0
2415 0
2416 0
2417 0
2418 0
2419 0
2420 0
2421 0
2422 0
2423 0
2424 0
2425 0
2426 0
2427 0
2428 0
2429 0
2430 0
2431 0
2432 0
2433 0
2434 0
2435 0
2436 0
2437 0
2438 0
2439 0
2440 1
2441 0
2442 0
2443 0
2444 0
2445 0
2446 0
2447 0
2448 0
2449 0
2450 0
2451 0
2452 0
2453 0
2454 0
2455 0
2456 0
2457 1
2458 0
2459 0
2460 0
2461 0
2462 0
2463 0
2464 0
2465 0
2466 0
2467 0
2468 0
2469 0
2470 0
2471 0
2472 0
2473 0
2474 0
2475 0
2476 0
2477 0
2478 0
2479 0
2480 0
2481 0
2482 0
2483 0
2484 0
2485 0
2486 0
2487 0
2488 0
2489 0
2490 0
2491 0
2492 0
2493 0
2494 0
2495 0
2496 0
2497 0
2498 0
2499 0
2500 0
2501 0
2502 0
2503 0
2504 0
2505 0
2506 1
2507 0
2508 1
2509 0
2510 0
2511 0
2512 0
2513 0
2514 0
2515 0
2516 0
2517 0
2518 0
2519 0
2520 0
2521 0
2522 0
2523 0
2524 0
2525 0
2526 1
2527 0
2528 0
2529 1
2530 0
2531 0
2532 0
2533 0
2534 0
2535 0
2536 0
2537 0
2538 0
2539 0
2540 0
2541 0
2542 0
2543 0
2544 0
2545 0
2546 0
2547 0
2548 0
2549 0
2550 0
2551 0
2552 0
2553 0
2554 0
2555 0
2556 0
2557 0
2558 0
2559 0
2560 0
2561 0
2562 0
2563 0
2564 0
2565 0
2566 0
2567 0
2568 0
2569 0
2570 0
2571 0
2572 0
2573 0
2574 0
2575 0
2576 0
2577 0
2578 0
2579 0
2580 0
2581 0
2582 0
2583 0
2584 0
2585 0
2586 0
2587 0
2588 0
2589 0
2590 0
2591 0
2592 0
2593 0
2594 0
2595 0
2596 0
2597 0
2598 0
2599 0
2600 0
2601 0
2602 0
2603 0
2604 0
2605 0
2606 0
2607 0
2608 0
2609 0
2610 0
2611 0
2612 0
2613 0
2614 0
2615 0
2616 0
2617 0
2618 0
2619 0
2620 0
2621 0
2622 0
2623 0
2624 0
2625 0
2626 0
2627 0
2628 0
2629 0
2630 0
2631 0
2632 0
2633 0
2634 0
2635 1
2636 0
2637 1
2638 0
2639 0
2640 0
2641 0
2642 0
2643 0
2644 0
2645 0
2646 0
2647 0
2648 0
2649 0
2650 0
2651 0
2652 0
2653 1
2654 0
2655 0
2656 0
2657 0
2658 0
2659 0
2660 0
2661 0
2662 0
2663 1
2664 1
2665 0
2666 0
2667 0
2668 0
2669 0
2670 0
2671 0
2672 0
2673 0
2674 0
2675 0
2676 0
2677 0
2678 0
2679 0
2680 0
2681 0
2682 0
2683 0
2684 0
2685 0
2686 0
2687 0
2688 0
2689 0
2690 0
2691 0
2692 0
2693 0
2694 0
2695 0
2696 0
2697 0
2698 1
2699 0
2700 0
2701 0
2702 0
2703 0
2704 0
2705 0
2706 0
2707 0
2708 0
2709 0
2710 0
2711 0
2712 0
2713 0
2714 0
2715 0
2716 0
2717 0
2718 0
2719 0
2720 0
2721 0
2722 0
2723 0
2724 0
2725 0
2726 0
2727 0
2728 0
2729 0
2730 0
2731 0
2732 0
2733 0
2734 0
2735 0
2736 0
2737 0
2738 0
2739 0
2740 0
2741 0
2742 0
2743 0
2744 0
2745 0
2746 0
2747 0
2748 0
2749 0
2750 0
2751 0
2752 0
2753 0
2754 0
2755 0
2756 0
2757 0
2758 0
2759 0
2760 0
2761 0
2762 1
2763 0
2764 0
2765 0
2766 0
2767 0
2768 0
2769 0
2770 0
2771 0
2772 0
2773 0
2774 0
2775 0
2776 0
2777 0
2778 0
2779 0
2780 0
2781 0
2782 0
2783 0
2784 0
2785 0
2786 0
2787 0
2788 0
2789 0
2790 0
2791 0
2792 0
2793 0
2794 0
2795 0
2796 0
2797 0
2798 0
2799 0
2800 0
2801 0
2802 0
2803 0
2804 0
2805 0
2806 0
2807 0
2808 0
2809 0
2810 0
2811 0
2812 0
2813 0
2814 0
2815 0
2816 0
2817 0
2818 0
2819 0
2820 1
2821 0
2822 0
2823 0
2824 0
2825 0
2826 0
2827 0
2828 0
2829 0
2830 0
2831 0
2832 0
2833 0
2834 0
2835 0
2836 0
2837 0
2838 0
2839 0
2840 0
2841 0
2842 0
2843 0
2844 0
2845 0
2846 0
2847 0
2848 0
2849 0
2850 0
2851 0
2852 0
2853 0
2854 0
2855 0
2856 0
2857 1
2858 0
2859 0
2860 0
2861 0
2862 0
2863 0
2864 0
2865 0
2866 0
2867 0
2868 0
2869 0
2870 0
2871 0
2872 0
2873 0
2874 0
2875 0
2876 0
2877 0
2878 0
2879 0
2880 0
2881 0
2882 0
2883 0
2884 0
2885 0
2886 1
2887 0
2888 0
2889 0
2890 0
2891 0
2892 0
2893 0
2894 0
2895 0
2896 0
2897 0
2898 0
2899 0
2900 0
2901 0
2902 0
2903 1
2904 0
2905 0
2906 0
2907 0
2908 1
2909 0
2910 0
2911 0
2912 0
2913 0
2914 0
2915 1
2916 0
2917 0
2918 0
2919 0
2920 0
2921 0
2922 0
2923 0
2924 0
2925 0
2926 1
2927 0
2928 0
2929 0
2930 0
2931 0
2932 0
2933 0
2934 0
2935 0
2936 0
2937 0
2938 0
2939 0
2940 0
2941 0
2942 0
2943 0
2944 0
2945 0
2946 0
2947 0
2948 0
2949 0
2950 0
2951 0
2952 0
2953 1
2954 0
2955 0
2956 0
2957 0
2958 0
2959 0
2960 0
2961 0
2962 0
2963 0
2964 0
2965 0
2966 0
2967 0
2968 0
2969 0
2970 0
2971 0
2972 0
2973 0
2974 0
2975 0
2976 0
2977 0
2978 0
2979 0
2980 0
2981 0
2982 0
2983 0
2984 0
2985 0
2986 0
2987 0
2988 0
2989 0
2990 0
2991 0
2992 0
2993 0
2994 0
2995 0
2996 0
2997 0
2998 0
2999 0
3000 0
3001 0
3002 0
3003 0
3004 0
3005 0
3006 0
3007 0
3008 0
3009 0
3010 0
3011 0
3012 0
3013 0
3014 0
3015 0
3016 0
3017 0
3018 0
3019 0
3020 0
3021 0
3022 0
3023 0
3024 0
3025 0
3026 0
3027 0
3028 0
3029 0
3030 0
3031 0
3032 0
3033 0
3034 0
3035 0
3036 0
3037 0
3038 0
3039 0
3040 0
3041 0
3042 0
3043 0
3044 0
3045 0
3046 0
3047 0
3048 0
3049 0
3050 0
3051 0
3052 0
3053 0
3054 0
3055 0
3056 0
3057 0
3058 0
3059 0
3060 0
3061 0
3062 0
3063 0
3064 0
3065 0
3066 0
3067 0
3068 0
3069 0
3070 1
3071 0
3072 0
3073 0
3074 0
3075 0
3076 0
3077 0
3078 0
3079 0
3080 0
3081 0
3082 0
3083 0
3084 0
3085 0
3086 0
3087 0
3088 1
3089 0
3090 0
3091 0
3092 0
3093 0
3094 0
3095 0
3096 0
3097 0
3098 0
3099 0
3100 0
3101 0
3102 0
3103 0
3104 0
3105 0
3106 0
3107 0
3108 0
3109 0
3110 0
3111 0
3112 0
3113 0
3114 0
3115 0
3116 0
3117 0
3118 0
3119 1
3120 0
3121 0
3122 0
3123 0
3124 0
3125 0
3126 0
3127 0
3128 0
3129 0
3130 0
3131 0
3132 1
3133 0
3134 0
3135 1
3136 0
3137 0
3138 0
3139 0
3140 0
3141 0
3142 0
3143 0
3144 0
3145 0
3146 0
3147 0
3148 0
3149 0
3150 0
3151 0
3152 0
3153 0
3154 0
3155 0
3156 0
3157 0
3158 0
3159 0
3160 0
3161 0
3162 0
3163 0
3164 0
3165 0
3166 0
3167 0
3168 0
3169 0
3170 0
3171 0
3172 0
3173 0
3174 0
3175 0
3176 0
3177 0
3178 0
3179 0
3180 0
3181 0
3182 0
3183 0
3184 0
3185 0
3186 0
3187 0
3188 0
3189 0
3190 0
3191 0
3192 0
3193 0
3194 0
3195 0
3196 0
3197 0
3198 0
3199 0
3200 0
3201 0
3202 0
3203 0
3204 0
3205 0
3206 0
3207 0
3208 0
3209 0
3210 0
3211 1
3212 0
3213 0
3214 0
3215 0
3216 0
3217 0
3218 0
3219 0
3220 0
3221 0
3222 1
3223 0
3224 0
3225 0
3226 0
3227 0
3228 0
3229 0
3230 0
3231 0
3232 0
3233 0
3234 0
3235 0
3236 0
3237 0
3238 0
3239 0
3240 0
3241 0
3242 0
3243 0
3244 0
3245 0
3246 0
3247 0
3248 0
3249 0
3250 0
3251 0
3252 0
3253 0
3254 0
3255 0
3256 0
3257 0
3258 0
3259 0
3260 0
3261 0
3262 0
3263 0
3264 0
3265 0
3266 0
3267 0
3268 0
3269 0
3270 0
3271 0
3272 0
3273 0
3274 0
3275 0
3276 0
3277 0
3278 0
3279 0
3280 0
3281 0
3282 0
3283 0
3284 0
3285 0
3286 0
3287 1
3288 0
3289 0
3290 0
3291 0
3292 0
3293 0
3294 0
3295 0
3296 0
3297 1
3298 0
3299 0
3300 0
3301 0
3302 0
3303 0
3304 1
3305 0
3306 0
3307 0
3308 0
3309 0
3310 0
3311 0
3312 0
3313 0
3314 0
3315 0
3316 0
3317 0
3318 0
3319 0
3320 0
3321 0
3322 0
3323 0
3324 0
3325 0
3326 1
3327 0
3328 0
3329 0
3330 0
3331 0
3332 0
3333 0
3334 0
3335 0
3336 0
3337 0
3338 0
3339 0
3340 0
3341 0
3342 0
3343 0
3344 0
3345 0
3346 0
3347 0
3348 0
3349 0
3350 0
3351 0
3352 0
3353 0
3354 0
3355 0
3356 0
3357 0
3358 0
3359 0
3360 0
3361 0
3362 0
3363 0
3364 0
3365 0
3366 0
3367 0
3368 0
3369 0
3370 0
3371 0
3372 0
3373 0
3374 0
3375 0
3376 0
3377 0
3378 0
3379 0
3380 0
3381 0
3382 0
3383 0
3384 1
3385 0
3386 0
3387 0
3388 0
3389 0
3390 0
3391 0
3392 0
3393 0
3394 0
3395 0
3396 0
3397 0
3398 0
3399 0
3400 0
3401 0
3402 0
3403 0
3404 0
3405 0
3406 0
3407 0
3408 0
3409 1
3410 0
3411 0
3412 0
3413 0
3414 0
3415 0
3416 0
3417 0
3418 0
3419 0
3420 1
3421 0
3422 0
3423 0
3424 0
3425 0
3426 0
3427 0
3428 0
3429 0
3430 0
3431 0
3432 0
3433 0
3434 0
3435 0
3436 0
3437 0
3438 0
3439 0
3440 0
3441 0
3442 1
3443 0
3444 0
3445 0
3446 0
3447 0
3448 0
3449 0
3450 0
3451 0
3452 0
3453 0
3454 0
3455 0
3456 0
3457 0
3458 0
3459 0
3460 0
3461 0
3462 0
3463 0
3464 0
3465 0
3466 0
3467 0
3468 0
3469 0
3470 0
3471 0
3472 0
3473 0
3474 0
3475 0
3476 0
3477 0
3478 0
3479 0
3480 0
3481 0
3482 0
3483 0
3484 0
3485 0
3486 0
3487 0
3488 1
3489 0
3490 0
3491 0
3492 0
3493 1
3494 0
3495 0
3496 0
3497 0
3498 0
3499 0
3500 0
3501 0
3502 0
3503 0
3504 0
3505 0
3506 0
3507 0
3508 0
3509 0
3510 0
3511 1
3512 0
3513 0
3514 0
3515 0
3516 0
3517 0
3518 0
3519 0
3520 0
3521 0
3522 1
3523 0
3524 0
3525 0
3526 0
3527 0
3528 0
3529 0
3530 0
3531 0
3532 0
3533 0
3534 0
3535 0
3536 0
3537 0
3538 0
3539 0
3540 0
3541 0
3542 0
3543 0
3544 0
3545 0
3546 0
3547 0
3548 0
3549 0
3550 0
3551 0
3552 0
3553 0
3554 0
3555 0
3556 0
3557 0
3558 0
3559 0
3560 0
3561 0
3562 0
3563 0
3564 0
3565 0
3566 0
3567 0
3568 0
3569 1
3570 0
3571 0
3572 0
3573 1
3574 0
3575 0
3576 0
3577 0
3578 0
3579 0
3580 0
3581 0
3582 0
3583 0
3584 0
3585 0
3586 0
3587 0
3588 0
3589 0
3590 0
3591 0
3592 0
3593 0
3594 0
3595 0
3596 0
3597 0
3598 0
3599 0
3600 0
3601 0
3602 0
3603 0
3604 0
3605 0
3606 0
3607 0
3608 0
3609 0
3610 0
3611 0
3612 0
3613 0
3614 0
3615 1
3616 0
3617 0
3618 0
3619 0
3620 0
3621 0
3622 0
3623 0
3624 0
3625 0
3626 0
3627 0
3628 0
3629 0
3630 0
3631 0
3632 0
3633 0
3634 0
3635 0
3636 0
3637 0
3638 0
3639 0
3640 0
3641 0
3642 0
3643 0
3644 0
3645 0
3646 0
3647 0
3648 0
3649 0
3650 0
3651 0
3652 0
3653 0
3654 0
3655 0
3656 0
3657 0
3658 0
3659 1
3660 0
3661 0
3662 0
3663 0
3664 0
3665 0
3666 0
3667 1
3668 0
3669 0
3670 0
3671 0
3672 0
3673 0
3674 0
3675 0
3676 0
3677 0
3678 0
3679 0
3680 0
3681 0
3682 0
3683 0
3684 0
3685 0
3686 0
3687 0
3688 0
3689 0
3690 0
3691 0
3692 0
3693 0
3694 0
3695 0
3696 0
3697 0
3698 0
3699 0
3700 0
3701 0
3702 0
3703 0
3704 0
3705 0
3706 0
3707 0
3708 0
3709 0
3710 0
3711 0
3712 0
3713 0
3714 0
3715 0
3716 0
3717 0
3718 0
3719 0
3720 0
3721 0
3722 0
3723 0
3724 0
3725 0
3726 0
3727 1
3728 0
3729 0
3730 0
3731 0
3732 0
3733 0
3734 0
3735 0
3736 0
3737 0
3738 0
3739 0
3740 0
3741 0
3742 0
3743 2
3744 0
3745 0
3746 0
3747 0
3748 0
3749 0
3750 0
3751 0
3752 0
3753 0
3754 0
3755 0
3756 0
3757 0
3758 0
3759 0
3760 0
3761 0
3762 0
3763 0
3764 0
3765 0
3766 0
3767 0
3768 0
3769 0
3770 0
3771 0
3772 0
3773 0
3774 0
3775 0
3776 0
3777 0
3778 0
3779 0
3780 0
3781 0
3782 0
3783 0
3784 0
3785 0
3786 0
3787 0
3788 0
3789 0
3790 0
3791 0
3792 0
3793 0
3794 0
3795 0
3796 0
3797 0
3798 0
3799 0
3800 0
3801 0
3802 0
3803 0
3804 0
3805 0
3806 0
3807 0
3808 0
3809 0
3810 0
3811 0
3812 0
3813 0
3814 0
3815 0
3816 0
3817 0
3818 0
3819 0
3820 0
3821 0
3822 0
3823 0
3824 0
3825 0
3826 0
3827 0
3828 0
3829 0
3830 0
3831 0
3832 0
3833 0
3834 0
3835 0
3836 0
3837 0
3838 0
3839 0
3840 0
3841 0
3842 0
3843 0
3844 0
3845 0
3846 0
3847 0
3848 0
3849 0
3850 0
3851 0
3852 0
3853 0
3854 0
3855 0
3856 0
3857 0
3858 0
3859 0
3860 0
3861 0
3862 0
3863 0
3864 0
3865 0
3866 0
3867 0
3868 0
3869 0
3870 0
3871 0
3872 0
3873 0
3874 0
3875 0
3876 0
3877 0
3878 0
3879 0
3880 0
3881 0
3882 0
3883 0
3884 0
3885 0
3886 0
3887 0
3888 0
3889 0
3890 0
3891 0
3892 0
3893 0
3894 0
3895 0
3896 0
3897 0
3898 0
3899 0
3900 0
3901 0
3902 0
3903 0
3904 0
3905 0
3906 0
3907 0
3908 0
3909 0
3910 0
3911 0
3912 0
3913 0
3914 0
3915 0
3916 0
3917 0
3918 0
3919 0
3920 0
3921 0
3922 0
3923 0
3924 0
3925 0
3926 0
3927 0
3928 0
3929 0
3930 0
3931 0
3932 0
3933 0
3934 0
3935 0
3936 0
3937 0
3938 0
3939 0
3940 0
3941 0
3942 0
3943 0
3944 0
3945 0
3946 0
3947 0
3948 0
3949 0
3950 0
3951 0
3952 0
3953 0
3954 0
3955 0
3956 0
3957 0
3958 0
3959 0
3960 0
3961 0
3962 0
3963 0
3964 0
3965 0
3966 0
3967 0
3968 0
3969 0
3970 0
3971 0
3972 0
3973 0
3974 0
3975 0
3976 0
3977 0
3978 0
3979 0
3980 0
3981 0
3982 0
3983 0
3984 0
3985 0
3986 0
3987 0
3988 0
3989 0
3990 0
3991 0
3992 0
3993 0
3994 0
3995 0
3996 0
3997 0
3998 0
3999 0
4000 0
