0 0
1 0
2 0
3 0
4 0
5 0
6 0
7 0
8 0
9 0
10 0
11 0
12 0
13 0
14 0
15 0
16 0
17 0
18 0
19 0
20 0
21 0
22 0
23 0
24 0
25 0
26 0
27 0
28 0
29 0
30 0
31 0
32 0
33 0
34 0
35 0
36 0
37 0
38 0
39 0
40 0
41 0
42 0
43 0
44 0
45 0
46 0
47 0
48 0
49 0
50 0
51 0
52 0
53 0
54 0
55 0
56 0
57 0
58 0
59 0
60 0
61 0
62 0
63 0
64 0
65 0
66 0
67 0
68 0
69 0
70 0
71 0
72 0
73 0
74 0
75 0
76 0
77 0
78 0
79 0
80 0
81 0
82 0
83 0
84 0
85 0
86 12
87 25
88 21
89 23
90 22
91 28
92 26
93 26
94 22
95 29
96 33
97 25
98 19
99 15
100 11
101 18
102 12
103 11
104 13
105 11
106 13
107 9
108 4
109 12
110 29
111 132
112 617
113 2398
114 4755
115 7198
116 9005
117 10173
118 10508
119 10202
120 9825
121 8834
122 7984
123 7102
124 5947
125 5128
126 4570
127 3928
128 3337
129 2819
130 2437
131 2030
132 1836
133 1654
134 1481
135 1337
136 1242
137 1204
138 1030
139 1066
140 1062
141 1056
142 1055
143 988
144 1032
145 985
146 1017
147 1085
148 985
149 1047
150 996
151 1005
152 1006
153 987
154 1023
155 1000
156 1022
157 1018
158 1010
159 1011
160 1018
161 948
162 1009
163 1001
164 997
165 1010
166 1013
167 954
168 1052
169 993
170 1067
171 1054
172 1065
173 1059
174 1006
175 1057
176 1067
177 1117
178 1076
179 1055
180 1103
181 1079
182 1092
183 1044
184 1098
185 1073
186 1034
187 1080
188 1066
189 1089
190 1090
191 1046
192 1087
193 1048
194 1132
195 1076
196 1117
197 1052
198 1115
199 1102
200 1095
201 1077
202 1084
203 1099
204 1106
205 1075
206 1045
207 1092
208 1099
209 1120
210 1125
211 1100
212 1096
213 1115
214 1140
215 1076
216 1130
217 1129
218 1075
219 1110
220 1021
221 1101
222 1103
223 1094
224 1085
225 1092
226 1093
227 1089
228 1083
229 1169
230 1116
231 1102
232 1081
233 1158
234 1169
235 1096
236 1116
237 1115
238 1116
239 1147
240 1147
241 1074
242 1156
243 1153
244 1123
245 1105
246 1137
247 1199
248 1157
249 1158
250 1163
251 1049
252 1150
253 1151
254 1153
255 1181
256 1140
257 1178
258 1138
259 1149
260 1184
261 1173
262 1174
263 1167
264 1168
265 1213
266 1141
267 1074
268 1151
269 1133
270 1172
271 1215
272 1133
273 1145
274 1167
275 1139
276 1172
277 1130
278 1177
279 1211
280 1196
281 1145
282 1205
283 1164
284 1232
285 1247
286 1131
287 1233
288 1208
289 1179
290 1244
291 1226
292 1281
293 1210
294 1224
295 1254
296 1307
297 1238
298 1223
299 1271
300 1286
301 1263
302 1231
303 1274
304 1285
305 1254
306 1284
307 1315
308 1307
309 1279
310 1239
311 1335
312 1278
313 1231
314 1328
315 1257
316 1381
317 1334
318 1314
319 1346
320 1309
321 1366
322 1326
323 1367
324 1431
325 1395
326 1438
327 1344
328 1336
329 1378
330 1436
331 1420
332 1445
333 1456
334 1452
335 1427
336 1445
337 1393
338 1441
339 1425
340 1466
341 1459
342 1415
343 1437
344 1541
345 1481
346 1487
347 1535
348 1545
349 1484
350 1608
351 1442
352 1539
353 1522
354 1576
355 1587
356 1568
357 1430
358 1619
359 1595
360 1627
361 1612
362 1619
363 1634
364 1634
365 1632
366 1638
367 1660
368 1687
369 1645
370 1649
371 1659
372 1676
373 1748
374 1727
375 1671
376 1684
377 1726
378 1770
379 1711
380 1707
381 1737
382 1740
383 1677
384 1718
385 1781
386 1736
387 1784
388 1833
389 1822
390 1823
391 1833
392 1779
393 1764
394 1754
395 1844
396 1879
397 1853
398 1930
399 1844
400 1896
401 1852
402 1820
403 1931
404 1930
405 1901
406 1886
407 1885
408 1948
409 1995
410 1940
411 1906
412 2010
413 1998
414 1914
415 1967
416 1912
417 1957
418 2022
419 1931
420 1946
421 1925
422 1878
423 1968
424 1888
425 1987
426 1990
427 1985
428 2018
429 2011
430 1989
431 2038
432 1990
433 2086
434 1875
435 2112
436 2031
437 2046
438 2018
439 2020
440 1948
441 1980
442 2030
443 2041
444 1997
445 2031
446 2041
447 1998
448 2012
449 1971
450 1989
451 2005
452 2021
453 2046
454 2058
455 2088
456 2000
457 2018
458 2024
459 2054
460 2006
461 2097
462 2003
463 2048
464 1904
465 2055
466 2109
467 1995
468 2044
469 1946
470 1979
471 2002
472 1919
473 2048
474 1995
475 1984
476 1959
477 1899
478 1981
479 1991
480 2031
481 2024
482 1938
483 1977
484 1958
485 1933
486 2029
487 1977
488 1874
489 1944
490 1952
491 1929
492 1959
493 1931
494 1918
495 1956
496 1891
497 1944
498 1894
499 1932
500 1853
501 1885
502 1832
503 1879
504 1849
505 1837
506 1852
507 1813
508 1835
509 1896
510 1741
511 1776
512 1768
513 1869
514 1863
515 1771
516 1823
517 1749
518 1707
519 1759
520 1714
521 1652
522 1703
523 1667
524 1736
525 1703
526 1760
527 1752
528 1663
529 1687
530 1699
531 1667
532 1652
533 1651
534 1644
535 1641
536 1667
537 1571
538 1645
539 1649
540 1637
541 1667
542 1564
543 1550
544 1529
545 1548
546 1421
547 1563
548 1524
549 1529
550 1518
551 1472
552 1488
553 1452
554 1498
555 1462
556 1490
557 1472
558 1349
559 1488
560 1358
561 1375
562 1417
563 1409
564 1319
565 1342
566 1342
567 1343
568 1364
569 1348
570 1335
571 1287
572 1280
573 1375
574 1275
575 1349
576 1279
577 1250
578 1293
579 1245
580 1217
581 1271
582 1234
583 1221
584 1194
585 1167
586 1217
587 1122
588 1164
589 1115
590 1121
591 1099
592 1114
593 1160
594 1065
595 1143
596 1112
597 1145
598 1104
599 1091
600 1052
601 1038
602 1069
603 1058
604 1109
605 985
606 975
607 981
608 1032
609 1013
610 964
611 977
612 964
613 957
614 970
615 953
616 918
617 934
618 895
619 925
620 848
621 909
622 935
623 856
624 883
625 875
626 860
627 853
628 857
629 813
630 820
631 858
632 840
633 855
634 831
635 777
636 793
637 775
638 791
639 769
640 783
641 745
642 726
643 712
644 739
645 697
646 683
647 750
648 716
649 733
650 711
651 712
652 698
653 688
654 713
655 683
656 630
657 687
658 658
659 683
660 639
661 628
662 647
663 609
664 662
665 589
666 637
667 621
668 620
669 590
670 569
671 550
672 570
673 567
674 529
675 581
676 572
677 526
678 529
679 551
680 559
681 538
682 517
683 506
684 535
685 524
686 517
687 537
688 487
689 518
690 488
691 508
692 462
693 502
694 478
695 509
696 464
697 485
698 457
699 448
700 443
701 461
702 433
703 494
704 442
705 441
706 455
707 437
708 436
709 437
710 418
711 390
712 426
713 415
714 420
715 415
716 417
717 396
718 364
719 386
720 380
721 401
722 395
723 431
724 386
725 353
726 401
727 369
728 383
729 381
730 378
731 363
732 360
733 364
734 357
735 371
736 355
737 326
738 354
739 366
740 384
741 324
742 318
743 315
744 314
745 320
746 297
747 318
748 343
749 307
750 295
751 288
752 292
753 315
754 301
755 301
756 313
757 306
758 310
759 288
760 315
761 307
762 295
763 248
764 312
765 295
766 300
767 322
768 278
769 306
770 253
771 292
772 276
773 297
774 267
775 240
776 267
777 257
778 291
779 276
780 264
781 268
782 287
783 267
784 240
785 250
786 278
787 261
788 271
789 278
790 257
791 270
792 260
793 261
794 248
795 249
796 239
797 227
798 248
799 243
800 224
801 224
802 246
803 266
804 256
805 260
806 237
807 236
808 255
809 226
810 228
811 241
812 230
813 271
814 212
815 231
816 269
817 224
818 245
819 244
820 219
821 224
822 231
823 211
824 240
825 246
826 238
827 220
828 238
829 203
830 210
831 224
832 205
833 205
834 215
835 215
836 212
837 220
838 222
839 243
840 219
841 227
842 247
843 241
844 224
845 224
846 190
847 226
848 230
849 237
850 180
851 236
852 215
853 222
854 233
855 230
856 201
857 233
858 221
859 204
860 198
861 234
862 210
863 225
864 200
865 258
866 225
867 208
868 198
869 221
870 197
871 195
872 224
873 207
874 198
875 221
876 205
877 227
878 226
879 201
880 223
881 228
882 199
883 203
884 199
885 188
886 222
887 216
888 236
889 186
890 197
891 204
892 212
893 198
894 210
895 195
896 204
897 202
898 217
899 222
900 216
901 214
902 211
903 194
904 219
905 193
906 213
907 223
908 206
909 233
910 205
911 209
912 207
913 230
914 215
915 224
916 182
917 221
918 201
919 211
920 209
921 205
922 189
923 207
924 201
925 194
926 204
927 206
928 234
929 187
930 222
931 212
932 199
933 218
934 194
935 200
936 196
937 241
938 219
939 214
940 195
941 211
942 219
943 220
944 191
945 204
946 225
947 230
948 218
949 221
950 228
951 203
952 223
953 210
954 215
955 216
956 191
957 204
958 190
959 233
960 219
961 189
962 197
963 211
964 204
965 213
966 203
967 193
968 191
969 208
970 192
971 181
972 217
973 190
974 212
975 199
976 179
977 222
978 224
979 198
980 206
981 222
982 232
983 220
984 191
985 192
986 217
987 200
988 204
989 211
990 213
991 206
992 207
993 197
994 209
995 190
996 200
997 204
998 194
999 213
1000 199
1001 196
1002 197
1003 192
1004 210
1005 192
1006 208
1007 211
1008 206
1009 190
1010 228
1011 193
1012 196
1013 187
1014 201
1015 177
1016 211
1017 205
1018 172
1019 214
1020 202
1021 197
1022 209
1023 202
1024 198
1025 203
1026 205
1027 190
1028 213
1029 212
1030 196
1031 195
1032 208
1033 199
1034 194
1035 227
1036 203
1037 209
1038 215
1039 233
1040 202
1041 197
1042 211
1043 221
1044 200
1045 195
1046 192
1047 208
1048 222
1049 197
1050 214
1051 200
1052 202
1053 223
1054 202
1055 209
1056 190
1057 203
1058 207
1059 241
1060 203
1061 198
1062 200
1063 208
1064 208
1065 191
1066 216
1067 236
1068 189
1069 200
1070 194
1071 202
1072 204
1073 199
1074 220
1075 223
1076 211
1077 216
1078 189
1079 206
1080 195
1081 240
1082 202
1083 201
1084 205
1085 219
1086 232
1087 212
1088 223
1089 199
1090 216
1091 205
1092 198
1093 216
1094 185
1095 187
1096 186
1097 199
1098 212
1099 201
1100 187
1101 212
1102 201
1103 206
1104 231
1105 183
1106 218
1107 204
1108 208
1109 193
1110 195
1111 203
1112 210
1113 190
1114 183
1115 178
1116 177
1117 189
1118 187
1119 208
1120 208
1121 189
1122 205
1123 195
1124 213
1125 206
1126 174
1127 199
1128 169
1129 215
1130 212
1131 206
1132 183
1133 206
1134 198
1135 188
1136 171
1137 212
1138 192
1139 203
1140 174
1141 197
1142 175
1143 174
1144 206
1145 197
1146 175
1147 196
1148 179
1149 183
1150 183
1151 186
1152 206
1153 163
1154 199
1155 195
1156 160
1157 208
1158 229
1159 186
1160 174
1161 184
1162 184
1163 157
1164 217
1165 178
1166 202
1167 181
1168 204
1169 199
1170 171
1171 162
1172 199
1173 185
1174 203
1175 191
1176 202
1177 169
1178 192
1179 176
1180 165
1181 190
1182 160
1183 188
1184 158
1185 190
1186 178
1187 154
1188 174
1189 193
1190 192
1191 198
1192 175
1193 191
1194 184
1195 178
1196 194
1197 147
1198 168
1199 176
1200 192
1201 189
1202 206
1203 179
1204 173
1205 161
1206 172
1207 173
1208 156
1209 180
1210 162
1211 173
1212 192
1213 160
1214 165
1215 164
1216 174
1217 183
1218 155
1219 179
1220 185
1221 188
1222 187
1223 174
1224 151
1225 182
1226 154
1227 172
1228 178
1229 183
1230 174
1231 178
1232 173
1233 182
1234 157
1235 167
1236 149
1237 152
1238 156
1239 156
1240 160
1241 148
1242 169
1243 155
1244 163
1245 159
1246 180
1247 165
1248 152
1249 123
1250 187
1251 152
1252 142
1253 156
1254 146
1255 154
1256 176
1257 157
1258 146
1259 158
1260 166
1261 160
1262 168
1263 151
1264 158
1265 144
1266 147
1267 139
1268 135
1269 150
1270 139
1271 133
1272 140
1273 122
1274 177
1275 168
1276 154
1277 147
1278 143
1279 149
1280 148
1281 155
1282 130
1283 132
1284 157
1285 136
1286 142
1287 140
1288 134
1289 131
1290 139
1291 141
1292 151
1293 142
1294 161
1295 135
1296 138
1297 155
1298 159
1299 142
1300 145
1301 133
1302 141
1303 127
1304 160
1305 127
1306 122
1307 132
1308 127
1309 142
1310 154
1311 136
1312 131
1313 122
1314 139
1315 134
1316 125
1317 131
1318 142
1319 134
1320 135
1321 118
1322 152
1323 127
1324 123
1325 149
1326 118
1327 118
1328 135
1329 126
1330 119
1331 108
1332 125
1333 126
1334 111
1335 118
1336 123
1337 127
1338 144
1339 124
1340 100
1341 119
1342 119
1343 120
1344 115
1345 117
1346 129
1347 116
1348 130
1349 133
1350 128
1351 90
1352 114
1353 101
1354 122
1355 117
1356 102
1357 112
1358 113
1359 110
1360 103
1361 132
1362 113
1363 106
1364 116
1365 103
1366 128
1367 106
1368 107
1369 118
1370 99
1371 126
1372 115
1373 88
1374 111
1375 106
1376 109
1377 107
1378 142
1379 106
1380 126
1381 102
1382 96
1383 89
1384 126
1385 108
1386 119
1387 111
1388 109
1389 96
1390 92
1391 104
1392 122
1393 105
1394 107
1395 108
1396 103
1397 90
1398 87
1399 114
1400 98
1401 78
1402 110
1403 91
1404 98
1405 111
1406 107
1407 93
1408 105
1409 88
1410 95
1411 91
1412 88
1413 99
1414 105
1415 101
1416 95
1417 96
1418 89
1419 102
1420 76
1421 97
1422 91
1423 84
1424 91
1425 110
1426 107
1427 89
1428 107
1429 74
1430 96
1431 72
1432 89
1433 88
1434 95
1435 93
1436 100
1437 80
1438 78
1439 78
1440 82
1441 81
1442 82
1443 79
1444 101
1445 84
1446 58
1447 71
1448 90
1449 66
1450 85
1451 92
1452 82
1453 93
1454 86
1455 82
1456 65
1457 80
1458 72
1459 76
1460 63
1461 89
1462 89
1463 82
1464 84
1465 73
1466 77
1467 62
1468 82
1469 81
1470 82
1471 78
1472 72
1473 78
1474 66
1475 84
1476 78
1477 79
1478 74
1479 80
1480 75
1481 59
1482 57
1483 66
1484 74
1485 60
1486 68
1487 70
1488 72
1489 68
1490 82
1491 73
1492 69
1493 66
1494 56
1495 75
1496 58
1497 67
1498 77
1499 69
1500 62
1501 77
1502 64
1503 79
1504 65
1505 66
1506 57
1507 65
1508 61
1509 75
1510 60
1511 51
1512 74
1513 66
1514 57
1515 59
1516 62
1517 68
1518 68
1519 63
1520 53
1521 54
1522 68
1523 74
1524 63
1525 47
1526 67
1527 64
1528 55
1529 59
1530 61
1531 54
1532 52
1533 65
1534 54
1535 53
1536 57
1537 44
1538 53
1539 50
1540 67
1541 49
1542 65
1543 57
1544 56
1545 62
1546 53
1547 54
1548 63
1549 72
1550 62
1551 61
1552 44
1553 56
1554 52
1555 52
1556 50
1557 41
1558 50
1559 59
1560 45
1561 65
1562 48
1563 46
1564 56
1565 54
1566 55
1567 53
1568 46
1569 35
1570 48
1571 49
1572 45
1573 44
1574 39
1575 40
1576 57
1577 55
1578 49
1579 48
1580 58
1581 30
1582 51
1583 52
1584 54
1585 32
1586 49
1587 62
1588 49
1589 53
1590 57
1591 39
1592 47
1593 42
1594 52
1595 42
1596 47
1597 47
1598 50
1599 37
1600 49
1601 47
1602 41
1603 39
1604 44
1605 38
1606 31
1607 44
1608 42
1609 39
1610 46
1611 39
1612 35
1613 46
1614 36
1615 40
1616 38
1617 34
1618 52
1619 42
1620 42
1621 39
1622 39
1623 49
1624 32
1625 46
1626 43
1627 39
1628 56
1629 35
1630 34
1631 43
1632 38
1633 32
1634 50
1635 28
1636 34
1637 34
1638 34
1639 40
1640 35
1641 34
1642 39
1643 39
1644 31
1645 42
1646 29
1647 41
1648 29
1649 38
1650 46
1651 36
1652 42
1653 39
1654 39
1655 28
1656 36
1657 41
1658 34
1659 32
1660 41
1661 31
1662 33
1663 33
1664 31
1665 33
1666 25
1667 27
1668 36
1669 30
1670 20
1671 26
1672 29
1673 34
1674 31
1675 34
1676 27
1677 31
1678 35
1679 29
1680 33
1681 32
1682 29
1683 31
1684 28
1685 29
1686 27
1687 34
1688 18
1689 19
1690 30
1691 31
1692 25
1693 27
1694 26
1695 26
1696 32
1697 19
1698 27
1699 36
1700 23
1701 35
1702 34
1703 31
1704 30
1705 26
1706 24
1707 20
1708 27
1709 20
1710 34
1711 15
1712 17
1713 32
1714 13
1715 33
1716 27
1717 16
1718 18
1719 19
1720 24
1721 20
1722 37
1723 19
1724 23
1725 21
1726 27
1727 23
1728 29
1729 21
1730 24
1731 14
1732 26
1733 18
1734 34
1735 23
1736 23
1737 27
1738 17
1739 17
1740 14
1741 15
1742 16
1743 26
1744 31
1745 21
1746 17
1747 13
1748 19
1749 19
1750 19
1751 19
1752 20
1753 22
1754 25
1755 15
1756 23
1757 18
1758 23
1759 14
1760 24
1761 22
1762 24
1763 15
1764 28
1765 17
1766 12
1767 13
1768 18
1769 23
1770 19
1771 24
1772 16
1773 24
1774 16
1775 20
1776 13
1777 21
1778 18
1779 16
1780 19
1781 25
1782 13
1783 22
1784 10
1785 9
1786 14
1787 19
1788 17
1789 13
1790 15
1791 13
1792 20
1793 23
1794 25
1795 11
1796 11
1797 16
1798 12
1799 17
1800 15
1801 17
1802 16
1803 14
1804 10
1805 15
1806 17
1807 13
1808 22
1809 13
1810 16
1811 15
1812 13
1813 13
1814 14
1815 16
1816 20
1817 20
1818 22
1819 20
1820 10
1821 14
1822 14
1823 9
1824 13
1825 12
1826 17
1827 16
1828 12
1829 10
1830 12
1831 17
1832 6
1833 7
1834 11
1835 11
1836 15
1837 14
1838 12
1839 12
1840 10
1841 12
1842 12
1843 10
1844 12
1845 9
1846 8
1847 11
1848 17
1849 9
1850 8
1851 6
1852 11
1853 6
1854 13
1855 11
1856 6
1857 12
1858 8
1859 7
1860 8
1861 12
1862 13
1863 11
1864 11
1865 9
1866 7
1867 12
1868 8
1869 14
1870 7
1871 14
1872 11
1873 8
1874 5
1875 8
1876 12
1877 12
1878 15
1879 6
1880 4
1881 15
1882 8
1883 6
1884 7
1885 5
1886 7
1887 8
1888 10
1889 8
1890 9
1891 7
1892 9
1893 7
1894 9
1895 8
1896 8
1897 11
1898 6
1899 9
1900 8
1901 6
1902 8
1903 5
1904 9
1905 8
1906 4
1907 5
1908 6
1909 5
1910 5
1911 7
1912 5
1913 11
1914 4
1915 2
1916 11
1917 7
1918 10
1919 8
1920 4
1921 1
1922 11
1923 6
1924 3
1925 10
1926 6
1927 4
1928 8
1929 5
1930 8
1931 6
1932 5
1933 8
1934 7
1935 4
1936 6
1937 13
1938 2
1939 5
1940 6
1941 6
1942 10
1943 7
1944 6
1945 9
1946 5
1947 8
1948 5
1949 9
1950 5
1951 4
1952 6
1953 5
1954 5
1955 6
1956 9
1957 3
1958 2
1959 8
1960 5
1961 6
1962 2
1963 8
1964 3
1965 6
1966 4
1967 9
1968 5
1969 5
1970 3
1971 6
1972 5
1973 5
1974 3
1975 6
1976 3
1977 6
1978 5
1979 3
1980 1
1981 1
1982 1
1983 2
1984 5
1985 3
1986 6
1987 0
1988 5
1989 1
1990 3
1991 6
1992 7
1993 4
1994 2
1995 1
1996 2
1997 3
1998 5
1999 2
2000 3
2001 2
2002 5
2003 3
2004 3
2005 3
2006 3
2007 5
2008 4
2009 4
2010 4
2011 2
2012 0
2013 3
2014 4
2015 2
2016 7
2017 3
2018 2
2019 1
2020 4
2021 1
2022 4
2023 3
2024 0
2025 3
2026 3
2027 2
2028 2
2029 1
2030 3
2031 3
2032 4
2033 1
2034 2
2035 3
2036 0
2037 4
2038 2
2039 3
2040 3
2041 2
2042 3
2043 4
2044 2
2045 4
2046 3
2047 2
2048 2
2049 2
2050 2
2051 2
2052 5
2053 1
2054 5
2055 2
2056 3
2057 2
2058 3
2059 3
2060 2
2061 6
2062 2
2063 2
2064 4
2065 3
2066 2
2067 2
2068 0
2069 1
2070 2
2071 2
2072 1
2073 0
2074 1
2075 4
2076 2
2077 0
2078 1
2079 4
2080 0
2081 0
2082 1
2083 4
2084 2
2085 4
2086 3
2087 3
2088 2
2089 1
2090 1
2091 0
2092 2
2093 3
2094 1
2095 1
2096 3
2097 1
2098 1
2099 1
2100 1
2101 3
2102 0
2103 2
2104 3
2105 3
2106 2
2107 0
2108 2
2109 2
2110 1
2111 4
2112 1
2113 0
2114 1
2115 3
2116 2
2117 0
2118 2
2119 3
2120 1
2121 2
2122 1
2123 1
2124 0
2125 0
2126 1
2127 0
2128 0
2129 1
2130 0
2131 1
2132 1
2133 2
2134 1
2135 0
2136 1
2137 0
2138 1
2139 3
2140 2
2141 0
2142 0
2143 2
2144 0
2145 1
2146 0
2147 1
2148 2
2149 0
2150 0
2151 1
2152 0
2153 0
2154 0
2155 2
2156 0
2157 0
2158 1
2159 1
2160 1
2161 0
2162 1
2163 2
2164 0
2165 0
2166 1
2167 0
2168 0
2169 0
2170 1
2171 0
2172 0
2173 3
2174 1
2175 1
2176 1
2177 1
2178 0
2179 1
2180 0
2181 2
2182 0
2183 0
2184 0
2185 0
2186 0
2187 0
2188 0
2189 1
2190 1
2191 0
2192 1
2193 1
2194 2
2195 0
2196 1
2197 0
2198 2
2199 0
2200 0
2201 0
2202 0
2203 1
2204 0
2205 0
2206 0
2207 0
2208 1
2209 0
2210 0
2211 1
2212 0
2213 3
2214 0
2215 1
2216 0
2217 1
2218 1
2219 2
2220 1
2221 0
2222 1
2223 0
2224 1
2225 1
2226 0
2227 0
2228 2
2229 0
2230 0
2231 0
2232 1
2233 0
2234 1
2235 0
2236 2
2237 0
2238 1
2239 0
2240 0
2241 1
2242 0
2243 1
2244 0
2245 1
2246 0
2247 0
2248 0
2249 1
2250 0
2251 0
2252 2
2253 0
2254 0
2255 0
2256 0
2257 1
2258 0
2259 1
2260 0
2261 0
2262 1
2263 0
2264 0
2265 1
2266 1
2267 0
2268 1
2269 0
2270 1
2271 0
2272 0
2273 1
2274 0
2275 1
2276 0
2277 0
2278 0
2279 1
2280 0
2281 1
2282 0
2283 0
2284 0
2285 1
2286 0
2287 0
2288 0
2289 0
2290 0
2291 1
2292 0
2293 0
2294 0
2295 0
2296 0
2297 0
2298 0
2299 0
2300 0
2301 0
2302 0
2303 0
2304 0
2305 1
2306 0
2307 1
2308 0
2309 0
2310 0
2311 0
2312 0
2313 0
2314 0
2315 0
2316 0
2317 0
2318 0
2319 0
2320 0
2321 0
2322 0
2323 1
2324 0
2325 0
2326 0
2327 0
2328 0
2329 0
2330 0
2331 0
2332 0
2333 0
2334 1
2335 0
2336 0
2337 0
2338 1
2339 0
2340 0
2341 0
2342 0
2343 0
2344 1
2345 0
2346 0
2347 0
2348 0
2349 0
2350 0
2351 0
2352 0
2353 0
2354 0
2355 0
2356 0
2357 0
2358 0
2359 0
2360 0
2361 0
2362 0
2363 0
2364 0
2365 0
2366 0
2367 0
2368 0
2369 0
2370 0
2371 0
2372 0
2373 1
2374 0
2375 0
2376 0
2377 0
2378 0
2379 0
2380 0
2381 0
2382 0
2383 0
2384 0
2385 0
2386 0
2387 0
2388 0
2389 0
2390 0
2391 0
2392 0
2393 0
2394 0
2395 0
2396 0
2397 0
2398 0
2399 0
2400 0
2401 0
2402 0
2403 0
2404 0
2405 0
2406 0
2407 0
2408 0
2409 1
2410 0
2411 0
2412 0
2413 0
2414 0
2415 0
2416 0
2417 0
2418 0
2419 0
2420 0
2421 0
2422 0
2423 0
2424 0
2425 0
2426 0
2427 0
2428 1
2429 0
2430 0
2431 0
2432 0
2433 0
2434 0
2435 0
2436 0
2437 0
2438 0
2439 1
2440 0
2441 0
2442 0
2443 0
2444 0
2445 0
2446 0
2447 0
2448 0
2449 0
2450 0
2451 0
2452 0
2453 0
2454 0
2455 1
2456 0
2457 0
2458 0
2459 0
2460 0
2461 0
2462 0
2463 0
2464 0
2465 0
2466 0
2467 0
2468 0
2469 0
2470 0
2471 0
2472 0
2473 0
2474 0
2475 0
2476 0
2477 0
2478 0
2479 0
2480 0
2481 0
2482 0
2483 0
2484 0
2485 0
2486 0
2487 0
2488 0
2489 0
2490 0
2491 0
2492 0
2493 0
2494 0
2495 0
2496 0
2497 0
2498 0
2499 0
2500 0
2501 0
2502 0
2503 0
2504 0
2505 0
2506 0
2507 0
2508 0
2509 0
2510 0
2511 0
2512 0
2513 0
2514 0
2515 0
2516 0
2517 0
2518 0
2519 0
2520 0
2521 0
2522 0
2523 0
2524 0
2525 0
2526 0
2527 0
2528 0
2529 0
2530 0
2531 0
2532 0
2533 0
2534 0
2535 0
2536 0
2537 1
2538 0
2539 0
2540 0
2541 0
2542 0
2543 0
2544 0
2545 0
2546 0
2547 0
2548 0
2549 0
2550 0
2551 0
2552 0
2553 0
2554 0
2555 0
2556 0
2557 0
2558 0
2559 0
2560 0
2561 0
2562 0
2563 0
2564 0
2565 0
2566 0
2567 0
2568 0
2569 0
2570 0
2571 0
2572 0
2573 0
2574 0
2575 0
2576 0
2577 0
2578 0
2579 0
2580 0
2581 0
2582 0
2583 0
2584 0
2585 0
2586 0
2587 0
2588 0
2589 0
2590 0
2591 0
2592 0
2593 0
2594 0
2595 0
2596 0
2597 0
2598 0
2599 0
2600 0
2601 0
2602 0
2603 0
2604 0
2605 0
2606 0
2607 0
2608 0
2609 0
2610 0
2611 0
2612 0
2613 0
2614 0
2615 0
2616 0
2617 0
2618 0
2619 0
2620 0
2621 0
2622 0
2623 0
2624 0
2625 0
2626 0
2627 0
2628 0
2629 0
2630 0
2631 0
2632 0
2633 0
2634 0
2635 0
2636 0
2637 0
2638 0
2639 0
2640 0
2641 0
2642 0
2643 1
2644 0
2645 0
2646 0
2647 0
2648 0
2649 0
2650 0
2651 0
2652 0
2653 0
2654 0
2655 0
2656 0
2657 0
2658 0
2659 0
2660 0
2661 0
2662 0
2663 0
2664 0
2665 0
2666 0
2667 0
2668 0
2669 0
2670 0
2671 0
2672 0
2673 0
2674 0
2675 0
2676 0
2677 0
2678 0
2679 0
2680 0
2681 0
2682 0
2683 0
2684 0
2685 0
2686 0
2687 0
2688 0
2689 0
2690 0
2691 0
2692 0
2693 0
2694 0
2695 0
2696 0
2697 0
2698 1
2699 0
2700 0
2701 0
2702 0
2703 0
2704 0
2705 0
2706 0
2707 0
2708 1
2709 0
2710 0
2711 0
2712 0
2713 0
2714 0
2715 0
2716 0
2717 0
2718 1
2719 0
2720 0
2721 0
2722 0
2723 0
2724 0
2725 0
2726 0
2727 0
2728 0
2729 0
2730 0
2731 0
2732 0
2733 0
2734 0
2735 0
2736 0
2737 0
2738 0
2739 0
2740 0
2741 0
2742 0
2743 0
2744 0
2745 0
2746 0
2747 0
2748 0
2749 0
2750 0
2751 0
2752 0
2753 0
2754 0
2755 0
2756 0
2757 0
2758 0
2759 0
2760 0
2761 0
2762 0
2763 0
2764 0
2765 0
2766 0
2767 0
2768 0
2769 0
2770 0
2771 0
2772 0
2773 0
2774 0
2775 0
2776 0
2777 0
2778 0
2779 0
2780 0
2781 0
2782 0
2783 0
2784 0
2785 0
2786 0
2787 0
2788 0
2789 0
2790 0
2791 0
2792 0
2793 0
2794 0
2795 0
2796 0
2797 0
2798 0
2799 0
2800 0
2801 0
2802 0
2803 0
2804 0
2805 0
2806 0
2807 0
2808 0
2809 0
2810 0
2811 0
2812 0
2813 0
2814 0
2815 0
2816 0
2817 0
2818 0
2819 0
2820 0
2821 0
2822 0
2823 1
2824 0
2825 0
2826 0
2827 0
2828 0
2829 0
2830 0
2831 0
2832 0
2833 0
2834 0
2835 0
2836 0
2837 0
2838 0
2839 0
2840 0
2841 0
2842 0
2843 0
2844 0
2845 0
2846 0
2847 0
2848 0
2849 0
2850 0
2851 0
2852 0
2853 0
2854 0
2855 0
2856 0
2857 0
2858 0
2859 0
2860 0
2861 0
2862 0
2863 0
2864 0
2865 0
2866 0
2867 0
2868 0
2869 0
2870 0
2871 0
2872 0
2873 0
2874 0
2875 0
2876 0
2877 0
2878 0
2879 0
2880 0
2881 0
2882 0
2883 0
2884 0
2885 0
2886 0
2887 0
2888 0
2889 0
2890 0
2891 0
2892 0
2893 0
2894 0
2895 0
2896 0
2897 0
2898 0
2899 0
2900 0
2901 0
2902 0
2903 0
2904 0
2905 0
2906 0
2907 0
2908 0
2909 0
2910 0
2911 0
2912 0
2913 0
2914 0
2915 0
2916 0
2917 0
2918 0
2919 0
2920 0
2921 0
2922 0
2923 0
2924 0
2925 0
2926 0
2927 0
2928 0
2929 0
2930 0
2931 0
2932 0
2933 0
2934 0
2935 0
2936 0
2937 0
2938 0
2939 0
2940 0
2941 0
2942 0
2943 0
2944 0
2945 0
2946 0
2947 0
2948 0
2949 0
2950 0
2951 0
2952 0
2953 0
2954 0
2955 0
2956 0
2957 0
2958 0
2959 0
2960 0
2961 0
2962 0
2963 0
2964 0
2965 0
2966 0
2967 0
2968 0
2969 0
2970 0
2971 0
2972 0
2973 0
2974 0
2975 0
2976 0
2977 0
2978 0
2979 0
2980 0
2981 0
2982 0
2983 0
2984 0
2985 0
2986 0
2987 0
2988 0
2989 0
2990 0
2991 0
2992 0
2993 0
2994 0
2995 0
2996 0
2997 0
2998 0
2999 0
3000 0
3001 0
3002 0
3003 0
3004 0
3005 0
3006 0
3007 0
3008 0
3009 0
3010 0
3011 0
3012 1
3013 0
3014 0
3015 0
3016 0
3017 0
3018 0
3019 0
3020 0
3021 0
3022 0
3023 0
3024 0
3025 0
3026 0
3027 0
3028 0
3029 0
3030 0
3031 0
3032 0
3033 0
3034 0
3035 0
3036 0
3037 0
3038 0
3039 0
3040 0
3041 0
3042 0
3043 0
3044 0
3045 0
3046 0
3047 0
3048 0
3049 0
3050 0
3051 0
3052 0
3053 0
3054 0
3055 0
3056 0
3057 0
3058 1
3059 0
3060 0
3061 0
3062 0
3063 0
3064 0
3065 0
3066 0
3067 0
3068 0
3069 0
3070 0
3071 0
3072 0
3073 0
3074 0
3075 1
3076 0
3077 0
3078 0
3079 0
3080 0
3081 0
3082 0
3083 0
3084 0
3085 0
3086 0
3087 0
3088 0
3089 0
3090 0
3091 0
3092 0
3093 0
3094 0
3095 0
3096 0
3097 0
3098 0
3099 0
3100 0
3101 0
3102 0
3103 0
3104 0
3105 0
3106 0
3107 0
3108 0
3109 0
3110 0
3111 0
3112 0
3113 0
3114 0
3115 0
3116 0
3117 0
3118 0
3119 0
3120 0
3121 0
3122 0
3123 0
3124 0
3125 0
3126 0
3127 0
3128 0
3129 0
3130 0
3131 0
3132 0
3133 0
3134 0
3135 0
3136 0
3137 0
3138 0
3139 0
3140 0
3141 0
3142 0
3143 0
3144 0
3145 0
3146 0
3147 1
3148 0
3149 0
3150 0
3151 0
3152 0
3153 0
3154 0
3155 0
3156 0
3157 0
3158 0
3159 0
3160 0
3161 0
3162 0
3163 0
3164 0
3165 0
3166 0
3167 0
3168 0
3169 0
3170 0
3171 0
3172 0
3173 0
3174 0
3175 0
3176 0
3177 0
3178 0
3179 0
3180 0
3181 0
3182 0
3183 0
3184 0
3185 0
3186 0
3187 0
3188 0
3189 0
3190 0
3191 0
3192 0
3193 0
3194 0
3195 0
3196 0
3197 0
3198 0
3199 0
3200 0
3201 0
3202 0
3203 0
3204 0
3205 0
3206 0
3207 0
3208 0
3209 0
3210 0
3211 1
3212 0
3213 0
3214 0
3215 0
3216 0
3217 0
3218 0
3219 0
3220 0
3221 0
3222 0
3223 0
3224 0
3225 0
3226 0
3227 0
3228 0
3229 0
3230 1
3231 0
3232 0
3233 0
3234 0
3235 0
3236 0
3237 0
3238 1
3239 0
3240 0
3241 0
3242 0
3243 0
3244 0
3245 0
3246 0
3247 0
3248 0
3249 0
3250 0
3251 0
3252 0
3253 0
3254 0
3255 0
3256 0
3257 0
3258 0
3259 0
3260 0
3261 0
3262 0
3263 0
3264 0
3265 0
3266 0
3267 0
3268 0
3269 0
3270 0
3271 0
3272 0
3273 0
3274 0
3275 0
3276 0
3277 0
3278 0
3279 0
3280 0
3281 0
3282 0
3283 0
3284 0
3285 0
3286 0
3287 0
3288 0
3289 0
3290 0
3291 0
3292 0
3293 0
3294 0
3295 0
3296 0
3297 0
3298 0
3299 0
3300 0
3301 0
3302 0
3303 0
3304 0
3305 0
3306 0
3307 1
3308 0
3309 0
3310 0
3311 0
3312 0
3313 0
3314 0
3315 0
3316 0
3317 0
3318 0
3319 0
3320 0
3321 0
3322 0
3323 0
3324 0
3325 1
3326 0
3327 0
3328 0
3329 0
3330 0
3331 0
3332 0
3333 0
3334 0
3335 0
3336 0
3337 0
3338 0
3339 0
3340 0
3341 0
3342 0
3343 0
3344 0
3345 0
3346 0
3347 0
3348 0
3349 0
3350 0
3351 0
3352 0
3353 0
3354 0
3355 0
3356 0
3357 0
3358 0
3359 0
3360 0
3361 0
3362 0
3363 0
3364 0
3365 0
3366 0
3367 0
3368 0
3369 0
3370 0
3371 0
3372 0
3373 0
3374 0
3375 0
3376 0
3377 0
3378 0
3379 0
3380 0
3381 0
3382 0
3383 0
3384 0
3385 0
3386 0
3387 0
3388 0
3389 0
3390 0
3391 0
3392 0
3393 0
3394 0
3395 0
3396 0
3397 0
3398 0
3399 0
3400 0
3401 0
3402 0
3403 0
3404 0
3405 0
3406 0
3407 0
3408 0
3409 0
3410 0
3411 0
3412 0
3413 0
3414 0
3415 0
3416 0
3417 0
3418 0
3419 0
3420 0
3421 0
3422 0
3423 0
3424 0
3425 0
3426 0
3427 0
3428 0
3429 0
3430 0
3431 0
3432 0
3433 0
3434 0
3435 0
3436 0
3437 0
3438 0
3439 0
3440 0
3441 0
3442 0
3443 0
3444 0
3445 0
3446 0
3447 0
3448 0
3449 1
3450 0
3451 0
3452 0
3453 0
3454 0
3455 0
3456 0
3457 0
3458 0
3459 0
3460 0
3461 0
3462 0
3463 0
3464 0
3465 0
3466 0
3467 0
3468 0
3469 0
3470 0
3471 0
3472 0
3473 0
3474 0
3475 0
3476 0
3477 0
3478 0
3479 0
3480 0
3481 0
3482 0
3483 0
3484 0
3485 0
3486 0
3487 0
3488 0
3489 0
3490 0
3491 0
3492 0
3493 0
3494 0
3495 0
3496 0
3497 0
3498 0
3499 0
3500 0
3501 0
3502 0
3503 0
3504 0
3505 0
3506 0
3507 0
3508 0
3509 0
3510 0
3511 0
3512 0
3513 0
3514 0
3515 0
3516 0
3517 0
3518 0
3519 1
3520 0
3521 0
3522 0
3523 0
3524 0
3525 0
3526 0
3527 0
3528 0
3529 0
3530 0
3531 0
3532 0
3533 0
3534 0
3535 0
3536 0
3537 0
3538 0
3539 0
3540 0
3541 0
3542 0
3543 0
3544 0
3545 0
3546 0
3547 0
3548 0
3549 0
3550 0
3551 0
3552 0
3553 0
3554 0
3555 0
3556 0
3557 0
3558 0
3559 1
3560 0
3561 0
3562 0
3563 0
3564 0
3565 0
3566 0
3567 0
3568 0
3569 0
3570 0
3571 0
3572 0
3573 0
3574 0
3575 0
3576 0
3577 0
3578 0
3579 0
3580 0
3581 0
3582 0
3583 0
3584 0
3585 0
3586 0
3587 0
3588 0
3589 0
3590 0
3591 0
3592 0
3593 0
3594 0
3595 0
3596 0
3597 0
3598 0
3599 0
3600 0
3601 0
3602 0
3603 0
3604 0
3605 0
3606 0
3607 0
3608 0
3609 0
3610 0
3611 0
3612 0
3613 0
3614 0
3615 0
3616 0
3617 0
3618 0
3619 0
3620 0
3621 0
3622 0
3623 0
3624 0
3625 0
3626 0
3627 0
3628 0
3629 0
3630 0
3631 0
3632 0
3633 0
3634 0
3635 0
3636 0
3637 0
3638 0
3639 0
3640 0
3641 0
3642 0
3643 0
3644 0
3645 0
3646 0
3647 0
3648 0
3649 0
3650 0
3651 0
3652 0
3653 0
3654 0
3655 0
3656 0
3657 0
3658 0
3659 0
3660 0
3661 0
3662 0
3663 0
3664 0
3665 0
3666 0
3667 0
3668 0
3669 0
3670 0
3671 0
3672 0
3673 0
3674 0
3675 1
3676 0
3677 0
3678 0
3679 0
3680 0
3681 0
3682 0
3683 0
3684 0
3685 0
3686 0
3687 0
3688 0
3689 0
3690 0
3691 0
3692 0
3693 0
3694 0
3695 0
3696 0
3697 0
3698 0
3699 0
3700 0
3701 0
3702 0
3703 0
3704 0
3705 0
3706 0
3707 0
3708 0
3709 0
3710 0
3711 0
3712 0
3713 0
3714 0
3715 0
3716 0
3717 0
3718 0
3719 0
3720 0
3721 0
3722 0
3723 0
3724 0
3725 0
3726 0
3727 0
3728 0
3729 0
3730 0
3731 0
3732 0
3733 0
3734 0
3735 0
3736 0
3737 0
3738 0
3739 0
3740 0
3741 0
3742 0
3743 0
3744 0
3745 0
3746 0
3747 0
3748 0
3749 0
3750 0
3751 0
3752 0
3753 0
3754 0
3755 0
3756 0
3757 0
3758 0
3759 0
3760 0
3761 0
3762 0
3763 0
3764 0
3765 0
3766 0
3767 0
3768 0
3769 0
3770 0
3771 0
3772 0
3773 0
3774 0
3775 0
3776 0
3777 0
3778 0
3779 0
3780 0
3781 0
3782 0
3783 0
3784 0
3785 0
3786 0
3787 0
3788 0
3789 0
3790 0
3791 0
3792 0
3793 0
3794 0
3795 0
3796 0
3797 0
3798 0
3799 0
3800 0
3801 0
3802 0
3803 0
3804 0
3805 0
3806 0
3807 0
3808 0
3809 0
3810 0
3811 0
3812 0
3813 0
3814 0
3815 0
3816 1
3817 0
3818 0
3819 0
3820 0
3821 0
3822 0
3823 0
3824 0
3825 0
3826 0
3827 0
3828 0
3829 0
3830 0
3831 0
3832 0
3833 0
3834 0
3835 0
3836 0
3837 0
3838 0
3839 0
3840 0
3841 0
3842 0
3843 0
3844 0
3845 0
3846 0
3847 0
3848 0
3849 0
3850 0
3851 0
3852 0
3853 0
3854 0
3855 0
3856 0
3857 0
3858 0
3859 0
3860 0
3861 0
3862 0
3863 0
3864 0
3865 0
3866 0
3867 0
3868 0
3869 0
3870 0
3871 0
3872 0
3873 0
3874 0
3875 0
3876 0
3877 0
3878 1
3879 0
3880 0
3881 0
3882 0
3883 0
3884 0
3885 0
3886 0
3887 0
3888 0
3889 0
3890 0
3891 0
3892 1
3893 0
3894 0
3895 0
3896 0
3897 0
3898 0
3899 0
3900 0
3901 0
3902 0
3903 0
3904 0
3905 0
3906 0
3907 0
3908 0
3909 0
3910 0
3911 0
3912 0
3913 0
3914 0
3915 0
3916 0
3917 0
3918 0
3919 0
3920 0
3921 0
3922 0
3923 0
3924 0
3925 0
3926 0
3927 0
3928 0
3929 0
3930 0
3931 0
3932 0
3933 0
3934 0
3935 0
3936 0
3937 0
3938 0
3939 0
3940 0
3941 0
3942 0
3943 0
3944 0
3945 0
3946 0
3947 0
3948 0
3949 0
3950 0
3951 0
3952 0
3953 0
3954 0
3955 0
3956 0
3957 0
3958 0
3959 0
3960 0
3961 0
3962 0
3963 0
3964 0
3965 0
3966 0
3967 0
3968 0
3969 0
3970 0
3971 0
3972 0
3973 0
3974 0
3975 0
3976 0
3977 0
3978 0
3979 0
3980 0
3981 0
3982 0
3983 0
3984 0
3985 0
3986 0
3987 0
3988 0
3989 0
3990 0
3991 0
3992 0
3993 0
3994 0
3995 0
3996 0
3997 0
3998 0
3999 0
4000 0
