0 0
1 0
2 0
3 0
4 0
5 0
6 0
7 0
8 0
9 0
10 0
11 0
12 0
13 0
14 0
15 0
16 0
17 0
18 0
19 0
20 0
21 0
22 0
23 0
24 0
25 0
26 0
27 0
28 0
29 0
30 0
31 0
32 0
33 0
34 0
35 0
36 0
37 0
38 0
39 0
40 0
41 0
42 0
43 0
44 0
45 0
46 0
47 0
48 0
49 0
50 0
51 0
52 0
53 0
54 0
55 0
56 0
57 0
58 0
59 0
60 0
61 0
62 0
63 0
64 0
65 0
66 0
67 0
68 0
69 0
70 0
71 0
72 0
73 0
74 0
75 0
76 0
77 0
78 0
79 0
80 0
81 0
82 0
83 0
84 0
85 2
86 6
87 29
88 14
89 16
90 16
91 21
92 13
93 27
94 36
95 32
96 31
97 24
98 26
99 13
100 16
101 17
102 15
103 8
104 11
105 7
106 7
107 9
108 6
109 6
110 27
111 162
112 722
113 2251
114 4523
115 6769
116 8369
117 9111
118 9316
119 9072
120 8548
121 7748
122 6972
123 6000
124 5252
125 4622
126 3987
127 3374
128 2916
129 2574
130 2199
131 1906
132 1666
133 1456
134 1313
135 1271
136 1191
137 1127
138 1049
139 1034
140 984
141 985
142 994
143 979
144 991
145 1027
146 1043
147 970
148 1022
149 1052
150 996
151 992
152 957
153 1015
154 1038
155 963
156 1000
157 955
158 988
159 964
160 940
161 982
162 1001
163 1003
164 922
165 1008
166 1008
167 1002
168 997
169 924
170 984
171 1036
172 1051
173 1025
174 1000
175 1014
176 1018
177 1011
178 1100
179 1038
180 1032
181 1046
182 1061
183 1016
184 1024
185 1044
186 1077
187 1037
188 1042
189 1049
190 1061
191 1049
192 1094
193 1072
194 1020
195 1056
196 1093
197 1062
198 1088
199 1034
200 1037
201 1021
202 1102
203 1024
204 1063
205 1058
206 1101
207 1103
208 1109
209 1065
210 1065
211 1092
212 1098
213 1068
214 1095
215 1102
216 1076
217 1103
218 1124
219 1057
220 1084
221 1109
222 1068
223 1133
224 1058
225 1101
226 1035
227 1058
228 1062
229 1061
230 1081
231 1157
232 1103
233 1094
234 1104
235 1114
236 1133
237 1118
238 1083
239 1068
240 1119
241 1073
242 1192
243 1132
244 1105
245 1126
246 1132
247 1124
248 1135
249 1060
250 1109
251 1122
252 1128
253 1143
254 1130
255 1058
256 1125
257 1096
258 1099
259 1120
260 1186
261 1189
262 1127
263 1168
264 1165
265 1175
266 1156
267 1173
268 1119
269 1186
270 1147
271 1142
272 1166
273 1218
274 1167
275 1160
276 1167
277 1158
278 1190
279 1156
280 1175
281 1237
282 1244
283 1209
284 1159
285 1162
286 1174
287 1175
288 1227
289 1213
290 1163
291 1189
292 1164
293 1149
294 1287
295 1281
296 1268
297 1242
298 1261
299 1275
300 1177
301 1296
302 1213
303 1227
304 1245
305 1222
306 1228
307 1269
308 1234
309 1285
310 1334
311 1269
312 1330
313 1315
314 1310
315 1330
316 1380
317 1363
318 1364
319 1330
320 1332
321 1326
322 1389
323 1326
324 1331
325 1371
326 1328
327 1439
328 1426
329 1368
330 1405
331 1446
332 1448
333 1537
334 1443
335 1439
336 1471
337 1497
338 1477
339 1461
340 1407
341 1476
342 1471
343 1448
344 1466
345 1545
346 1475
347 1527
348 1493
349 1559
350 1560
351 1514
352 1482
353 1556
354 1545
355 1560
356 1603
357 1552
358 1589
359 1599
360 1586
361 1597
362 1649
363 1689
364 1643
365 1659
366 1628
367 1601
368 1682
369 1659
370 1685
371 1717
372 1668
373 1751
374 1675
375 1732
376 1723
377 1759
378 1698
379 1685
380 1755
381 1665
382 1803
383 1764
384 1748
385 1763
386 1798
387 1770
388 1822
389 1778
390 1842
391 1879
392 1828
393 1797
394 1760
395 1909
396 1890
397 1880
398 1870
399 1835
400 1895
401 1833
402 1803
403 1916
404 1795
405 1918
406 1776
407 1884
408 1834
409 1926
410 1934
411 1920
412 1908
413 1893
414 1911
415 1840
416 1934
417 1868
418 1949
419 1899
420 1903
421 1957
422 1967
423 1927
424 1936
425 1901
426 1892
427 1998
428 1937
429 1946
430 1973
431 1940
432 1981
433 1920
434 1977
435 1959
436 1932
437 1950
438 1947
439 1938
440 1908
441 1930
442 1917
443 1963
444 2050
445 2027
446 1986
447 2031
448 1942
449 1964
450 2014
451 1931
452 2000
453 1954
454 1981
455 1982
456 1971
457 2010
458 1971
459 1970
460 1908
461 1843
462 1966
463 1913
464 1966
465 1930
466 1925
467 1937
468 1959
469 1932
470 1849
471 1938
472 1938
473 1908
474 2022
475 1955
476 1983
477 1879
478 1971
479 1914
480 1967
481 1863
482 1938
483 1835
484 1811
485 1920
486 1725
487 1843
488 1918
489 1823
490 1885
491 1796
492 1810
493 1767
494 1798
495 1809
496 1843
497 1737
498 1754
499 1811
500 1777
501 1808
502 1759
503 1663
504 1747
505 1701
506 1777
507 1754
508 1720
509 1709
510 1626
511 1682
512 1667
513 1663
514 1744
515 1616
516 1629
517 1675
518 1666
519 1717
520 1569
521 1548
522 1693
523 1664
524 1591
525 1632
526 1559
527 1573
528 1627
529 1497
530 1550
531 1487
532 1540
533 1517
534 1540
535 1506
536 1444
537 1465
538 1455
539 1545
540 1469
541 1462
542 1416
543 1462
544 1502
545 1409
546 1394
547 1439
548 1423
549 1397
550 1414
551 1355
552 1333
553 1369
554 1326
555 1416
556 1347
557 1377
558 1312
559 1298
560 1387
561 1353
562 1283
563 1288
564 1298
565 1190
566 1279
567 1287
568 1206
569 1178
570 1202
571 1187
572 1172
573 1204
574 1191
575 1235
576 1206
577 1187
578 1146
579 1112
580 1137
581 1132
582 1151
583 1100
584 1087
585 1112
586 1048
587 1095
588 1064
589 1043
590 1024
591 1036
592 1055
593 1077
594 968
595 1012
596 983
597 1000
598 996
599 971
600 991
601 963
602 973
603 975
604 960
605 931
606 908
607 978
608 916
609 899
610 911
611 920
612 847
613 817
614 838
615 828
616 830
617 863
618 821
619 833
620 795
621 827
622 822
623 818
624 774
625 809
626 790
627 763
628 774
629 746
630 723
631 716
632 731
633 724
634 698
635 743
636 730
637 727
638 705
639 697
640 685
641 687
642 651
643 673
644 694
645 631
646 702
647 744
648 655
649 590
650 614
651 615
652 629
653 637
654 610
655 602
656 611
657 570
658 575
659 570
660 603
661 579
662 539
663 582
664 569
665 531
666 539
667 597
668 513
669 534
670 572
671 518
672 552
673 494
674 569
675 527
676 504
677 517
678 554
679 483
680 500
681 433
682 444
683 489
684 512
685 399
686 476
687 418
688 462
689 431
690 452
691 445
692 446
693 421
694 436
695 421
696 470
697 441
698 407
699 397
700 416
701 443
702 402
703 450
704 406
705 399
706 392
707 400
708 406
709 378
710 347
711 387
712 366
713 386
714 393
715 370
716 376
717 389
718 365
719 331
720 324
721 336
722 323
723 311
724 359
725 348
726 327
727 356
728 304
729 341
730 347
731 317
732 320
733 320
734 321
735 300
736 282
737 321
738 343
739 303
740 317
741 309
742 294
743 302
744 320
745 299
746 289
747 292
748 315
749 256
750 288
751 302
752 274
753 259
754 300
755 308
756 274
757 326
758 286
759 284
760 267
761 264
762 292
763 252
764 285
765 285
766 257
767 219
768 270
769 258
770 249
771 276
772 253
773 241
774 246
775 268
776 251
777 266
778 259
779 261
780 245
781 248
782 246
783 233
784 254
785 269
786 237
787 258
788 240
789 260
790 235
791 243
792 214
793 237
794 214
795 230
796 256
797 240
798 240
799 259
800 236
801 216
802 238
803 269
804 236
805 211
806 224
807 246
808 208
809 223
810 224
811 235
812 228
813 218
814 241
815 228
816 211
817 220
818 219
819 214
820 212
821 222
822 233
823 241
824 221
825 205
826 216
827 236
828 219
829 227
830 214
831 254
832 230
833 202
834 228
835 241
836 204
837 221
838 218
839 239
840 205
841 221
842 225
843 204
844 209
845 223
846 247
847 201
848 218
849 228
850 234
851 208
852 219
853 239
854 194
855 195
856 205
857 218
858 214
859 208
860 223
861 205
862 225
863 211
864 212
865 209
866 211
867 204
868 215
869 218
870 209
871 202
872 223
873 207
874 215
875 221
876 202
877 194
878 198
879 196
880 225
881 206
882 226
883 216
884 206
885 212
886 215
887 210
888 219
889 195
890 222
891 207
892 205
893 196
894 210
895 200
896 193
897 220
898 176
899 178
900 188
901 185
902 190
903 202
904 216
905 204
906 188
907 198
908 208
909 202
910 206
911 190
912 183
913 179
914 204
915 184
916 209
917 181
918 201
919 210
920 178
921 218
922 196
923 217
924 209
925 196
926 216
927 190
928 204
929 216
930 195
931 223
932 199
933 211
934 198
935 181
936 194
937 197
938 190
939 190
940 214
941 185
942 213
943 193
944 175
945 177
946 212
947 210
948 199
949 188
950 189
951 218
952 198
953 202
954 186
955 206
956 201
957 214
958 198
959 164
960 188
961 200
962 192
963 206
964 213
965 212
966 205
967 193
968 184
969 184
970 212
971 190
972 203
973 192
974 210
975 178
976 200
977 201
978 217
979 181
980 205
981 207
982 202
983 182
984 201
985 191
986 204
987 200
988 225
989 192
990 199
991 227
992 197
993 202
994 193
995 201
996 216
997 180
998 195
999 214
1000 194
1001 209
1002 201
1003 217
1004 230
1005 183
1006 186
1007 221
1008 215
1009 200
1010 211
1011 203
1012 214
1013 202
1014 169
1015 204
1016 192
1017 193
1018 192
1019 196
1020 183
1021 214
1022 212
1023 185
1024 228
1025 215
1026 195
1027 180
1028 202
1029 194
1030 191
1031 185
1032 205
1033 191
1034 201
1035 204
1036 209
1037 192
1038 179
1039 203
1040 192
1041 192
1042 217
1043 216
1044 213
1045 229
1046 188
1047 236
1048 213
1049 184
1050 213
1051 218
1052 186
1053 214
1054 208
1055 195
1056 196
1057 219
1058 194
1059 174
1060 184
1061 210
1062 182
1063 180
1064 218
1065 185
1066 220
1067 204
1068 168
1069 218
1070 182
1071 208
1072 208
1073 208
1074 168
1075 198
1076 179
1077 196
1078 188
1079 184
1080 179
1081 196
1082 177
1083 201
1084 179
1085 206
1086 194
1087 195
1088 200
1089 215
1090 171
1091 194
1092 190
1093 180
1094 204
1095 194
1096 203
1097 209
1098 186
1099 177
1100 183
1101 169
1102 173
1103 204
1104 198
1105 184
1106 194
1107 206
1108 191
1109 170
1110 183
1111 201
1112 218
1113 164
1114 202
1115 172
1116 203
1117 178
1118 177
1119 154
1120 172
1121 172
1122 197
1123 213
1124 170
1125 170
1126 209
1127 172
1128 173
1129 194
1130 195
1131 190
1132 181
1133 191
1134 173
1135 198
1136 177
1137 162
1138 155
1139 179
1140 193
1141 159
1142 186
1143 170
1144 184
1145 182
1146 177
1147 152
1148 206
1149 179
1150 177
1151 169
1152 172
1153 166
1154 187
1155 185
1156 177
1157 201
1158 177
1159 184
1160 189
1161 185
1162 172
1163 195
1164 165
1165 167
1166 163
1167 165
1168 166
1169 169
1170 192
1171 185
1172 191
1173 157
1174 187
1175 170
1176 193
1177 171
1178 176
1179 167
1180 176
1181 167
1182 184
1183 162
1184 166
1185 167
1186 152
1187 160
1188 156
1189 178
1190 178
1191 145
1192 178
1193 160
1194 154
1195 141
1196 173
1197 135
1198 170
1199 152
1200 161
1201 124
1202 174
1203 157
1204 184
1205 172
1206 156
1207 172
1208 172
1209 150
1210 154
1211 151
1212 166
1213 154
1214 168
1215 153
1216 172
1217 140
1218 145
1219 171
1220 164
1221 186
1222 161
1223 159
1224 149
1225 148
1226 177
1227 161
1228 159
1229 153
1230 154
1231 169
1232 133
1233 168
1234 154
1235 163
1236 146
1237 169
1238 150
1239 157
1240 161
1241 153
1242 165
1243 140
1244 158
1245 139
1246 163
1247 137
1248 165
1249 158
1250 150
1251 136
1252 162
1253 131
1254 138
1255 144
1256 146
1257 167
1258 146
1259 139
1260 130
1261 170
1262 132
1263 135
1264 129
1265 149
1266 127
1267 141
1268 147
1269 117
1270 145
1271 131
1272 112
1273 147
1274 148
1275 120
1276 165
1277 118
1278 126
1279 131
1280 134
1281 144
1282 140
1283 137
1284 108
1285 144
1286 130
1287 122
1288 128
1289 126
1290 127
1291 133
1292 136
1293 123
1294 134
1295 129
1296 121
1297 121
1298 142
1299 114
1300 128
1301 111
1302 109
1303 140
1304 145
1305 115
1306 120
1307 124
1308 113
1309 132
1310 144
1311 119
1312 118
1313 121
1314 118
1315 133
1316 114
1317 116
1318 120
1319 120
1320 126
1321 100
1322 123
1323 135
1324 119
1325 112
1326 117
1327 111
1328 121
1329 116
1330 114
1331 116
1332 111
1333 99
1334 103
1335 92
1336 106
1337 112
1338 119
1339 118
1340 107
1341 124
1342 109
1343 113
1344 102
1345 111
1346 112
1347 99
1348 110
1349 92
1350 94
1351 98
1352 104
1353 108
1354 119
1355 97
1356 96
1357 99
1358 99
1359 110
1360 99
1361 111
1362 108
1363 107
1364 110
1365 94
1366 85
1367 103
1368 101
1369 73
1370 106
1371 96
1372 99
1373 86
1374 103
1375 83
1376 108
1377 81
1378 86
1379 96
1380 101
1381 107
1382 118
1383 106
1384 88
1385 72
1386 101
1387 88
1388 110
1389 92
1390 94
1391 90
1392 110
1393 99
1394 80
1395 100
1396 94
1397 98
1398 97
1399 83
1400 82
1401 86
1402 96
1403 82
1404 97
1405 91
1406 66
1407 94
1408 71
1409 86
1410 90
1411 77
1412 72
1413 85
1414 81
1415 88
1416 90
1417 87
1418 75
1419 70
1420 81
1421 76
1422 70
1423 79
1424 93
1425 74
1426 80
1427 76
1428 84
1429 76
1430 69
1431 82
1432 65
1433 78
1434 78
1435 73
1436 69
1437 77
1438 74
1439 57
1440 73
1441 67
1442 67
1443 65
1444 72
1445 77
1446 69
1447 67
1448 62
1449 70
1450 78
1451 74
1452 71
1453 68
1454 64
1455 58
1456 71
1457 59
1458 60
1459 81
1460 70
1461 67
1462 73
1463 67
1464 70
1465 63
1466 74
1467 67
1468 67
1469 76
1470 56
1471 79
1472 56
1473 77
1474 67
1475 64
1476 58
1477 57
1478 60
1479 65
1480 63
1481 75
1482 54
1483 62
1484 63
1485 72
1486 72
1487 55
1488 56
1489 64
1490 63
1491 64
1492 62
1493 53
1494 61
1495 63
1496 42
1497 61
1498 44
1499 67
1500 61
1501 54
1502 63
1503 62
1504 41
1505 62
1506 57
1507 65
1508 55
1509 53
1510 61
1511 58
1512 43
1513 38
1514 47
1515 52
1516 56
1517 53
1518 53
1519 74
1520 53
1521 41
1522 48
1523 49
1524 51
1525 52
1526 38
1527 60
1528 43
1529 52
1530 56
1531 50
1532 51
1533 53
1534 58
1535 58
1536 51
1537 39
1538 44
1539 41
1540 53
1541 49
1542 42
1543 49
1544 43
1545 59
1546 50
1547 57
1548 44
1549 49
1550 62
1551 59
1552 35
1553 47
1554 47
1555 49
1556 40
1557 44
1558 52
1559 38
1560 28
1561 50
1562 49
1563 44
1564 40
1565 50
1566 45
1567 41
1568 32
1569 43
1570 39
1571 49
1572 40
1573 41
1574 45
1575 41
1576 37
1577 38
1578 42
1579 38
1580 36
1581 39
1582 44
1583 38
1584 40
1585 43
1586 44
1587 46
1588 32
1589 41
1590 41
1591 48
1592 48
1593 48
1594 36
1595 35
1596 34
1597 39
1598 33
1599 49
1600 32
1601 31
1602 34
1603 37
1604 39
1605 38
1606 28
1607 34
1608 41
1609 46
1610 42
1611 38
1612 33
1613 31
1614 33
1615 30
1616 47
1617 29
1618 37
1619 28
1620 40
1621 35
1622 33
1623 35
1624 31
1625 43
1626 25
1627 35
1628 36
1629 34
1630 35
1631 35
1632 34
1633 30
1634 40
1635 37
1636 37
1637 27
1638 39
1639 31
1640 31
1641 33
1642 37
1643 29
1644 31
1645 23
1646 15
1647 34
1648 25
1649 37
1650 21
1651 33
1652 29
1653 27
1654 35
1655 26
1656 27
1657 26
1658 25
1659 36
1660 32
1661 33
1662 28
1663 35
1664 33
1665 30
1666 30
1667 16
1668 24
1669 29
1670 28
1671 24
1672 24
1673 24
1674 24
1675 23
1676 27
1677 31
1678 16
1679 27
1680 27
1681 31
1682 27
1683 26
1684 13
1685 28
1686 24
1687 30
1688 21
1689 23
1690 27
1691 20
1692 26
1693 29
1694 26
1695 24
1696 28
1697 21
1698 26
1699 18
1700 22
1701 23
1702 24
1703 16
1704 18
1705 16
1706 23
1707 22
1708 23
1709 25
1710 30
1711 25
1712 28
1713 16
1714 27
1715 23
1716 18
1717 17
1718 15
1719 18
1720 23
1721 26
1722 17
1723 30
1724 18
1725 20
1726 30
1727 22
1728 13
1729 29
1730 19
1731 19
1732 22
1733 15
1734 19
1735 17
1736 16
1737 18
1738 19
1739 20
1740 15
1741 20
1742 16
1743 29
1744 24
1745 15
1746 25
1747 23
1748 18
1749 10
1750 12
1751 11
1752 17
1753 15
1754 22
1755 19
1756 21
1757 7
1758 20
1759 17
1760 18
1761 18
1762 17
1763 18
1764 17
1765 16
1766 15
1767 15
1768 15
1769 16
1770 20
1771 17
1772 19
1773 10
1774 17
1775 21
1776 17
1777 20
1778 14
1779 10
1780 12
1781 9
1782 13
1783 13
1784 13
1785 10
1786 17
1787 13
1788 11
1789 13
1790 16
1791 17
1792 15
1793 13
1794 21
1795 16
1796 8
1797 10
1798 13
1799 14
1800 11
1801 13
1802 14
1803 12
1804 15
1805 9
1806 16
1807 10
1808 15
1809 9
1810 10
1811 13
1812 9
1813 11
1814 7
1815 12
1816 12
1817 9
1818 9
1819 21
1820 14
1821 15
1822 13
1823 9
1824 7
1825 9
1826 8
1827 11
1828 5
1829 9
1830 10
1831 12
1832 10
1833 10
1834 11
1835 13
1836 7
1837 8
1838 8
1839 11
1840 10
1841 11
1842 6
1843 9
1844 7
1845 9
1846 5
1847 12
1848 5
1849 12
1850 5
1851 9
1852 6
1853 12
1854 11
1855 10
1856 10
1857 8
1858 13
1859 8
1860 6
1861 7
1862 13
1863 9
1864 10
1865 9
1866 9
1867 15
1868 8
1869 8
1870 9
1871 13
1872 11
1873 7
1874 6
1875 12
1876 7
1877 14
1878 6
1879 7
1880 7
1881 6
1882 7
1883 14
1884 4
1885 5
1886 10
1887 8
1888 6
1889 5
1890 8
1891 7
1892 4
1893 7
1894 6
1895 6
1896 7
1897 6
1898 7
1899 8
1900 6
1901 7
1902 11
1903 6
1904 2
1905 5
1906 5
1907 3
1908 6
1909 5
1910 5
1911 6
1912 8
1913 3
1914 4
1915 8
1916 5
1917 4
1918 9
1919 8
1920 5
1921 8
1922 6
1923 8
1924 9
1925 5
1926 6
1927 5
1928 4
1929 5
1930 7
1931 4
1932 6
1933 2
1934 2
1935 8
1936 2
1937 4
1938 4
1939 3
1940 6
1941 1
1942 4
1943 5
1944 5
1945 5
1946 2
1947 7
1948 5
1949 4
1950 1
1951 4
1952 4
1953 3
1954 1
1955 3
1956 1
1957 6
1958 3
1959 4
1960 2
1961 4
1962 5
1963 4
1964 2
1965 3
1966 3
1967 3
1968 5
1969 1
1970 4
1971 3
1972 2
1973 2
1974 3
1975 2
1976 3
1977 4
1978 2
1979 5
1980 3
1981 2
1982 1
1983 0
1984 4
1985 6
1986 0
1987 3
1988 0
1989 5
1990 3
1991 1
1992 1
1993 0
1994 3
1995 2
1996 2
1997 3
1998 3
1999 3
2000 6
2001 1
2002 4
2003 3
2004 3
2005 3
2006 2
2007 1
2008 2
2009 3
2010 2
2011 0
2012 1
2013 0
2014 1
2015 2
2016 0
2017 4
2018 2
2019 3
2020 3
2021 4
2022 3
2023 3
2024 2
2025 2
2026 3
2027 1
2028 1
2029 3
2030 1
2031 6
2032 2
2033 2
2034 2
2035 2
2036 2
2037 2
2038 2
2039 2
2040 3
2041 1
2042 1
2043 1
2044 1
2045 3
2046 1
2047 1
2048 0
2049 1
2050 1
2051 0
2052 0
2053 1
2054 0
2055 1
2056 3
2057 3
2058 0
2059 5
2060 1
2061 1
2062 1
2063 2
2064 0
2065 0
2066 2
2067 1
2068 1
2069 0
2070 3
2071 1
2072 1
2073 0
2074 2
2075 1
2076 2
2077 1
2078 2
2079 2
2080 4
2081 1
2082 1
2083 2
2084 0
2085 2
2086 0
2087 1
2088 0
2089 0
2090 0
2091 3
2092 2
2093 3
2094 1
2095 1
2096 0
2097 1
2098 1
2099 0
2100 0
2101 0
2102 1
2103 1
2104 0
2105 0
2106 0
2107 0
2108 0
2109 1
2110 0
2111 3
2112 1
2113 1
2114 2
2115 1
2116 1
2117 0
2118 0
2119 1
2120 0
2121 0
2122 0
2123 0
2124 2
2125 1
2126 1
2127 1
2128 0
2129 0
2130 0
2131 0
2132 1
2133 1
2134 2
2135 1
2136 1
2137 1
2138 0
2139 0
2140 0
2141 0
2142 2
2143 1
2144 0
2145 0
2146 0
2147 0
2148 0
2149 1
2150 1
2151 1
2152 0
2153 1
2154 3
2155 0
2156 1
2157 3
2158 0
2159 0
2160 0
2161 1
2162 1
2163 1
2164 0
2165 0
2166 0
2167 0
2168 0
2169 1
2170 0
2171 0
2172 2
2173 0
2174 0
2175 1
2176 1
2177 1
2178 0
2179 0
2180 0
2181 0
2182 0
2183 0
2184 0
2185 0
2186 0
2187 1
2188 0
2189 0
2190 1
2191 0
2192 1
2193 0
2194 0
2195 2
2196 0
2197 1
2198 0
2199 0
2200 0
2201 0
2202 0
2203 0
2204 1
2205 0
2206 0
2207 0
2208 0
2209 1
2210 0
2211 0
2212 0
2213 0
2214 1
2215 0
2216 2
2217 0
2218 1
2219 1
2220 0
2221 0
2222 0
2223 0
2224 0
2225 0
2226 1
2227 1
2228 0
2229 1
2230 0
2231 1
2232 2
2233 0
2234 1
2235 0
2236 0
2237 0
2238 0
2239 0
2240 0
2241 1
2242 0
2243 0
2244 1
2245 1
2246 0
2247 0
2248 0
2249 0
2250 1
2251 1
2252 0
2253 0
2254 1
2255 0
2256 0
2257 0
2258 0
2259 0
2260 2
2261 0
2262 0
2263 0
2264 0
2265 1
2266 1
2267 0
2268 0
2269 1
2270 0
2271 0
2272 0
2273 0
2274 0
2275 0
2276 0
2277 0
2278 0
2279 1
2280 0
2281 0
2282 0
2283 0
2284 0
2285 1
2286 0
2287 0
2288 0
2289 0
2290 0
2291 1
2292 0
2293 0
2294 0
2295 0
2296 0
2297 0
2298 0
2299 1
2300 0
2301 0
2302 0
2303 0
2304 0
2305 0
2306 0
2307 0
2308 0
2309 0
2310 0
2311 0
2312 0
2313 0
2314 0
2315 1
2316 0
2317 0
2318 0
2319 0
2320 0
2321 0
2322 1
2323 0
2324 1
2325 0
2326 0
2327 0
2328 1
2329 0
2330 0
2331 0
2332 0
2333 0
2334 1
2335 0
2336 0
2337 0
2338 1
2339 0
2340 0
2341 0
2342 0
2343 0
2344 0
2345 0
2346 0
2347 1
2348 0
2349 0
2350 0
2351 0
2352 0
2353 0
2354 0
2355 0
2356 0
2357 0
2358 0
2359 0
2360 0
2361 0
2362 1
2363 0
2364 1
2365 0
2366 0
2367 0
2368 0
2369 0
2370 0
2371 0
2372 0
2373 0
2374 0
2375 0
2376 0
2377 0
2378 0
2379 0
2380 0
2381 0
2382 0
2383 0
2384 0
2385 0
2386 1
2387 2
2388 0
2389 1
2390 0
2391 0
2392 0
2393 0
2394 0
2395 0
2396 0
2397 1
2398 0
2399 0
2400 0
2401 0
2402 0
2403 0
2404 0
2405 0
2406 0
2407 0
2408 0
2409 0
2410 0
2411 0
2412 0
2413 0
2414 0
2415 0
2416 0
2417 0
2418 0
2419 0
2420 0
2421 0
2422 0
2423 0
2424 0
2425 0
2426 0
2427 0
2428 0
2429 0
2430 0
2431 0
2432 0
2433 0
2434 0
2435 0
2436 0
2437 0
2438 1
2439 0
2440 0
2441 0
2442 0
2443 0
2444 0
2445 0
2446 0
2447 0
2448 0
2449 0
2450 0
2451 0
2452 1
2453 0
2454 0
2455 0
2456 0
2457 0
2458 0
2459 0
2460 0
2461 0
2462 0
2463 0
2464 0
2465 0
2466 0
2467 0
2468 0
2469 1
2470 0
2471 0
2472 0
2473 0
2474 0
2475 0
2476 0
2477 0
2478 0
2479 0
2480 0
2481 0
2482 0
2483 0
2484 0
2485 0
2486 0
2487 0
2488 0
2489 0
2490 0
2491 0
2492 0
2493 0
2494 0
2495 0
2496 0
2497 0
2498 0
2499 0
2500 0
2501 0
2502 0
2503 0
2504 0
2505 0
2506 0
2507 0
2508 0
2509 0
2510 0
2511 1
2512 0
2513 0
2514 0
2515 0
2516 0
2517 0
2518 0
2519 0
2520 0
2521 0
2522 0
2523 0
2524 0
2525 0
2526 0
2527 0
2528 0
2529 0
2530 0
2531 0
2532 0
2533 0
2534 0
2535 0
2536 0
2537 0
2538 0
2539 0
2540 0
2541 0
2542 0
2543 0
2544 0
2545 0
2546 0
2547 0
2548 0
2549 0
2550 0
2551 0
2552 0
2553 0
2554 0
2555 0
2556 0
2557 0
2558 0
2559 0
2560 0
2561 0
2562 0
2563 0
2564 0
2565 0
2566 0
2567 0
2568 0
2569 0
2570 0
2571 0
2572 0
2573 0
2574 0
2575 0
2576 0
2577 0
2578 0
2579 0
2580 0
2581 0
2582 0
2583 1
2584 0
2585 0
2586 0
2587 0
2588 0
2589 0
2590 0
2591 0
2592 0
2593 0
2594 0
2595 0
2596 0
2597 1
2598 0
2599 0
2600 0
2601 0
2602 0
2603 0
2604 0
2605 0
2606 1
2607 0
2608 0
2609 0
2610 0
2611 0
2612 0
2613 0
2614 0
2615 0
2616 0
2617 0
2618 0
2619 0
2620 0
2621 0
2622 0
2623 0
2624 0
2625 0
2626 0
2627 0
2628 0
2629 0
2630 0
2631 0
2632 0
2633 0
2634 0
2635 0
2636 0
2637 0
2638 0
2639 0
2640 0
2641 0
2642 0
2643 0
2644 0
2645 0
2646 0
2647 0
2648 0
2649 0
2650 0
2651 0
2652 1
2653 0
2654 0
2655 0
2656 0
2657 0
2658 0
2659 0
2660 0
2661 0
2662 0
2663 0
2664 0
2665 0
2666 0
2667 0
2668 0
2669 0
2670 0
2671 0
2672 0
2673 0
2674 0
2675 0
2676 0
2677 0
2678 0
2679 0
2680 0
2681 0
2682 0
2683 0
2684 0
2685 0
2686 0
2687 0
2688 0
2689 0
2690 0
2691 0
2692 0
2693 0
2694 0
2695 0
2696 0
2697 0
2698 0
2699 0
2700 0
2701 0
2702 0
2703 0
2704 0
2705 0
2706 0
2707 0
2708 0
2709 0
2710 0
2711 0
2712 0
2713 0
2714 0
2715 0
2716 0
2717 0
2718 0
2719 0
2720 0
2721 0
2722 0
2723 0
2724 0
2725 0
2726 0
2727 0
2728 0
2729 0
2730 0
2731 0
2732 0
2733 0
2734 0
2735 0
2736 0
2737 0
2738 0
2739 0
2740 0
2741 0
2742 0
2743 0
2744 0
2745 0
2746 0
2747 0
2748 0
2749 0
2750 0
2751 0
2752 0
2753 0
2754 0
2755 0
2756 0
2757 0
2758 0
2759 0
2760 0
2761 0
2762 0
2763 0
2764 0
2765 0
2766 0
2767 0
2768 0
2769 0
2770 0
2771 0
2772 0
2773 0
2774 0
2775 0
2776 0
2777 0
2778 0
2779 0
2780 0
2781 0
2782 0
2783 0
2784 0
2785 0
2786 0
2787 0
2788 0
2789 0
2790 0
2791 0
2792 0
2793 0
2794 0
2795 0
2796 0
2797 0
2798 0
2799 0
2800 0
2801 0
2802 0
2803 0
2804 0
2805 0
2806 0
2807 0
2808 0
2809 0
2810 0
2811 0
2812 0
2813 0
2814 0
2815 0
2816 0
2817 0
2818 0
2819 0
2820 0
2821 0
2822 0
2823 0
2824 0
2825 0
2826 0
2827 0
2828 0
2829 0
2830 0
2831 0
2832 0
2833 0
2834 0
2835 0
2836 0
2837 0
2838 0
2839 0
2840 0
2841 0
2842 0
2843 0
2844 0
2845 0
2846 0
2847 0
2848 0
2849 0
2850 0
2851 0
2852 0
2853 0
2854 0
2855 0
2856 0
2857 0
2858 0
2859 0
2860 0
2861 0
2862 0
2863 0
2864 0
2865 0
2866 0
2867 0
2868 0
2869 0
2870 0
2871 0
2872 0
2873 0
2874 0
2875 0
2876 0
2877 0
2878 0
2879 0
2880 0
2881 0
2882 0
2883 0
2884 0
2885 0
2886 0
2887 0
2888 0
2889 0
2890 0
2891 0
2892 0
2893 0
2894 0
2895 0
2896 0
2897 0
2898 0
2899 0
2900 0
2901 0
2902 0
2903 0
2904 0
2905 0
2906 0
2907 0
2908 0
2909 0
2910 0
2911 0
2912 0
2913 0
2914 0
2915 0
2916 0
2917 0
2918 0
2919 0
2920 0
2921 0
2922 0
2923 0
2924 0
2925 0
2926 0
2927 0
2928 0
2929 0
2930 0
2931 0
2932 0
2933 0
2934 0
2935 0
2936 0
2937 0
2938 0
2939 0
2940 0
2941 0
2942 0
2943 0
2944 0
2945 0
2946 0
2947 0
2948 0
2949 0
2950 0
2951 0
2952 0
2953 0
2954 0
2955 0
2956 0
2957 0
2958 0
2959 0
2960 0
2961 0
2962 0
2963 0
2964 0
2965 0
2966 0
2967 0
2968 0
2969 0
2970 0
2971 0
2972 0
2973 0
2974 0
2975 0
2976 0
2977 0
2978 0
2979 0
2980 0
2981 0
2982 0
2983 0
2984 0
2985 0
2986 0
2987 0
2988 0
2989 0
2990 0
2991 0
2992 0
2993 0
2994 0
2995 0
2996 0
2997 0
2998 0
2999 0
3000 0
3001 0
3002 0
3003 0
3004 1
3005 0
3006 0
3007 0
3008 0
3009 0
3010 0
3011 0
3012 0
3013 0
3014 0
3015 0
3016 0
3017 0
3018 0
3019 0
3020 0
3021 0
3022 0
3023 1
3024 0
3025 0
3026 0
3027 0
3028 0
3029 0
3030 0
3031 0
3032 0
3033 0
3034 0
3035 0
3036 0
3037 0
3038 0
3039 0
3040 0
3041 0
3042 0
3043 0
3044 0
3045 0
3046 0
3047 0
3048 0
3049 0
3050 0
3051 0
3052 0
3053 0
3054 0
3055 0
3056 0
3057 0
3058 0
3059 0
3060 0
3061 1
3062 0
3063 0
3064 0
3065 0
3066 0
3067 0
3068 0
3069 0
3070 0
3071 0
3072 0
3073 0
3074 0
3075 0
3076 0
3077 0
3078 0
3079 0
3080 0
3081 0
3082 1
3083 0
3084 0
3085 0
3086 0
3087 0
3088 0
3089 0
3090 0
3091 0
3092 0
3093 0
3094 0
3095 0
3096 0
3097 1
3098 0
3099 1
3100 0
3101 0
3102 0
3103 0
3104 0
3105 0
3106 0
3107 0
3108 0
3109 0
3110 0
3111 0
3112 0
3113 0
3114 0
3115 0
3116 0
3117 0
3118 0
3119 0
3120 0
3121 0
3122 0
3123 0
3124 1
3125 0
3126 0
3127 0
3128 0
3129 0
3130 0
3131 0
3132 0
3133 0
3134 0
3135 0
3136 1
3137 0
3138 0
3139 0
3140 0
3141 0
3142 0
3143 0
3144 0
3145 0
3146 0
3147 0
3148 0
3149 0
3150 0
3151 0
3152 0
3153 1
3154 0
3155 0
3156 0
3157 0
3158 0
3159 0
3160 0
3161 0
3162 0
3163 0
3164 0
3165 0
3166 0
3167 0
3168 0
3169 0
3170 0
3171 0
3172 0
3173 0
3174 0
3175 0
3176 0
3177 0
3178 0
3179 0
3180 0
3181 0
3182 0
3183 0
3184 0
3185 0
3186 0
3187 0
3188 0
3189 0
3190 0
3191 0
3192 0
3193 0
3194 0
3195 0
3196 1
3197 0
3198 0
3199 0
3200 0
3201 1
3202 0
3203 0
3204 0
3205 0
3206 0
3207 0
3208 0
3209 0
3210 0
3211 0
3212 0
3213 0
3214 0
3215 0
3216 0
3217 0
3218 0
3219 0
3220 0
3221 0
3222 0
3223 0
3224 0
3225 0
3226 0
3227 0
3228 0
3229 0
3230 0
3231 0
3232 0
3233 0
3234 0
3235 0
3236 0
3237 0
3238 0
3239 0
3240 0
3241 0
3242 0
3243 0
3244 0
3245 0
3246 0
3247 0
3248 0
3249 0
3250 0
3251 0
3252 0
3253 0
3254 0
3255 0
3256 0
3257 0
3258 0
3259 0
3260 0
3261 0
3262 0
3263 0
3264 0
3265 0
3266 0
3267 0
3268 0
3269 0
3270 0
3271 0
3272 0
3273 0
3274 0
3275 0
3276 0
3277 0
3278 0
3279 0
3280 0
3281 0
3282 0
3283 0
3284 0
3285 0
3286 0
3287 0
3288 0
3289 0
3290 0
3291 0
3292 0
3293 0
3294 0
3295 0
3296 0
3297 0
3298 0
3299 0
3300 0
3301 0
3302 0
3303 0
3304 0
3305 0
3306 0
3307 0
3308 0
3309 0
3310 0
3311 0
3312 0
3313 0
3314 0
3315 0
3316 0
3317 0
3318 0
3319 0
3320 0
3321 0
3322 0
3323 0
3324 0
3325 0
3326 0
3327 0
3328 0
3329 0
3330 0
3331 0
3332 0
3333 0
3334 0
3335 0
3336 0
3337 0
3338 0
3339 0
3340 0
3341 0
3342 0
3343 0
3344 0
3345 0
3346 0
3347 0
3348 0
3349 0
3350 0
3351 0
3352 0
3353 0
3354 0
3355 0
3356 0
3357 0
3358 0
3359 1
3360 0
3361 0
3362 0
3363 0
3364 0
3365 0
3366 0
3367 0
3368 0
3369 0
3370 0
3371 1
3372 0
3373 0
3374 0
3375 0
3376 0
3377 0
3378 0
3379 0
3380 0
3381 0
3382 0
3383 0
3384 0
3385 0
3386 0
3387 0
3388 0
3389 0
3390 0
3391 0
3392 0
3393 0
3394 0
3395 1
3396 0
3397 0
3398 0
3399 0
3400 0
3401 0
3402 0
3403 0
3404 0
3405 0
3406 0
3407 0
3408 0
3409 0
3410 0
3411 0
3412 0
3413 0
3414 0
3415 0
3416 0
3417 0
3418 0
3419 0
3420 0
3421 0
3422 0
3423 0
3424 0
3425 0
3426 0
3427 0
3428 0
3429 0
3430 0
3431 0
3432 0
3433 0
3434 0
3435 0
3436 0
3437 0
3438 0
3439 0
3440 0
3441 0
3442 0
3443 1
3444 0
3445 0
3446 0
3447 0
3448 0
3449 0
3450 0
3451 0
3452 0
3453 0
3454 0
3455 0
3456 0
3457 0
3458 0
3459 0
3460 0
3461 0
3462 0
3463 0
3464 0
3465 0
3466 0
3467 0
3468 0
3469 0
3470 0
3471 0
3472 0
3473 0
3474 0
3475 0
3476 0
3477 0
3478 0
3479 0
3480 0
3481 0
3482 0
3483 0
3484 0
3485 0
3486 0
3487 1
3488 0
3489 0
3490 0
3491 0
3492 0
3493 0
3494 0
3495 0
3496 0
3497 0
3498 0
3499 0
3500 0
3501 0
3502 0
3503 0
3504 0
3505 0
3506 0
3507 0
3508 0
3509 0
3510 0
3511 0
3512 0
3513 0
3514 0
3515 0
3516 0
3517 0
3518 0
3519 1
3520 0
3521 0
3522 0
3523 0
3524 0
3525 0
3526 0
3527 0
3528 0
3529 0
3530 0
3531 0
3532 0
3533 0
3534 0
3535 0
3536 0
3537 0
3538 0
3539 0
3540 0
3541 0
3542 0
3543 0
3544 0
3545 0
3546 0
3547 0
3548 0
3549 0
3550 0
3551 0
3552 0
3553 0
3554 0
3555 0
3556 0
3557 0
3558 0
3559 0
3560 0
3561 0
3562 0
3563 0
3564 0
3565 0
3566 0
3567 0
3568 0
3569 0
3570 0
3571 0
3572 0
3573 0
3574 0
3575 0
3576 0
3577 0
3578 0
3579 0
3580 0
3581 0
3582 0
3583 0
3584 0
3585 0
3586 0
3587 0
3588 0
3589 0
3590 0
3591 0
3592 0
3593 0
3594 0
3595 0
3596 0
3597 0
3598 0
3599 0
3600 0
3601 0
3602 0
3603 0
3604 1
3605 0
3606 0
3607 0
3608 0
3609 0
3610 0
3611 0
3612 0
3613 0
3614 0
3615 0
3616 0
3617 0
3618 0
3619 0
3620 0
3621 0
3622 0
3623 0
3624 0
3625 0
3626 0
3627 0
3628 0
3629 0
3630 0
3631 0
3632 0
3633 0
3634 0
3635 0
3636 0
3637 0
3638 0
3639 0
3640 0
3641 0
3642 0
3643 0
3644 0
3645 0
3646 0
3647 0
3648 0
3649 0
3650 0
3651 0
3652 0
3653 0
3654 0
3655 0
3656 0
3657 0
3658 0
3659 0
3660 0
3661 0
3662 0
3663 0
3664 0
3665 0
3666 0
3667 0
3668 0
3669 0
3670 0
3671 0
3672 0
3673 0
3674 0
3675 0
3676 0
3677 0
3678 0
3679 0
3680 0
3681 0
3682 0
3683 0
3684 0
3685 0
3686 0
3687 0
3688 0
3689 0
3690 0
3691 0
3692 0
3693 0
3694 0
3695 0
3696 0
3697 0
3698 0
3699 0
3700 0
3701 0
3702 0
3703 0
3704 0
3705 0
3706 0
3707 0
3708 0
3709 0
3710 0
3711 0
3712 0
3713 0
3714 0
3715 0
3716 0
3717 0
3718 0
3719 0
3720 0
3721 0
3722 0
3723 0
3724 0
3725 0
3726 0
3727 0
3728 0
3729 0
3730 0
3731 0
3732 1
3733 0
3734 0
3735 0
3736 0
3737 0
3738 0
3739 0
3740 0
3741 0
3742 0
3743 0
3744 0
3745 0
3746 0
3747 0
3748 0
3749 0
3750 0
3751 0
3752 0
3753 0
3754 0
3755 0
3756 0
3757 0
3758 0
3759 0
3760 0
3761 0
3762 0
3763 0
3764 0
3765 0
3766 0
3767 0
3768 0
3769 0
3770 0
3771 0
3772 0
3773 0
3774 0
3775 0
3776 0
3777 0
3778 0
3779 0
3780 0
3781 0
3782 0
3783 0
3784 0
3785 0
3786 0
3787 0
3788 0
3789 0
3790 0
3791 0
3792 0
3793 0
3794 0
3795 0
3796 0
3797 0
3798 0
3799 0
3800 0
3801 0
3802 0
3803 0
3804 0
3805 0
3806 0
3807 0
3808 0
3809 0
3810 0
3811 0
3812 0
3813 0
3814 0
3815 0
3816 0
3817 0
3818 0
3819 0
3820 0
3821 0
3822 0
3823 1
3824 0
3825 0
3826 1
3827 0
3828 0
3829 0
3830 0
3831 0
3832 0
3833 0
3834 0
3835 0
3836 0
3837 0
3838 0
3839 0
3840 0
3841 0
3842 0
3843 0
3844 0
3845 0
3846 0
3847 0
3848 0
3849 0
3850 1
3851 0
3852 0
3853 0
3854 0
3855 0
3856 0
3857 0
3858 0
3859 0
3860 0
3861 0
3862 0
3863 0
3864 0
3865 0
3866 0
3867 0
3868 0
3869 0
3870 0
3871 0
3872 0
3873 0
3874 0
3875 0
3876 0
3877 0
3878 0
3879 0
3880 0
3881 0
3882 0
3883 0
3884 0
3885 0
3886 0
3887 0
3888 0
3889 0
3890 0
3891 0
3892 0
3893 0
3894 0
3895 0
3896 0
3897 0
3898 0
3899 0
3900 0
3901 0
3902 0
3903 0
3904 0
3905 0
3906 0
3907 0
3908 0
3909 0
3910 0
3911 0
3912 0
3913 0
3914 0
3915 0
3916 0
3917 0
3918 0
3919 0
3920 0
3921 0
3922 0
3923 0
3924 0
3925 0
3926 0
3927 0
3928 0
3929 0
3930 0
3931 0
3932 0
3933 0
3934 0
3935 0
3936 0
3937 0
3938 0
3939 0
3940 0
3941 0
3942 1
3943 0
3944 0
3945 0
3946 0
3947 0
3948 0
3949 0
3950 0
3951 0
3952 0
3953 0
3954 0
3955 0
3956 0
3957 0
3958 0
3959 0
3960 0
3961 0
3962 0
3963 0
3964 0
3965 0
3966 0
3967 0
3968 0
3969 0
3970 0
3971 0
3972 0
3973 0
3974 0
3975 0
3976 0
3977 0
3978 0
3979 0
3980 0
3981 0
3982 0
3983 0
3984 0
3985 0
3986 0
3987 0
3988 0
3989 0
3990 0
3991 0
3992 0
3993 0
3994 0
3995 0
3996 0
3997 0
3998 0
3999 0
4000 0
