0 0
1 0
2 0
3 0
4 0
5 0
6 0
7 0
8 0
9 0
10 0
11 0
12 0
13 0
14 0
15 0
16 0
17 0
18 0
19 0
20 0
21 0
22 0
23 0
24 0
25 0
26 0
27 0
28 0
29 0
30 0
31 0
32 0
33 0
34 0
35 0
36 0
37 0
38 0
39 0
40 0
41 0
42 0
43 0
44 0
45 0
46 0
47 0
48 0
49 0
50 0
51 0
52 0
53 0
54 0
55 0
56 0
57 0
58 0
59 0
60 0
61 0
62 0
63 0
64 0
65 0
66 0
67 0
68 0
69 0
70 0
71 0
72 0
73 0
74 0
75 0
76 0
77 0
78 0
79 0
80 0
81 0
82 0
83 0
84 0
85 0
86 4
87 17
88 18
89 23
90 29
91 26
92 28
93 21
94 19
95 20
96 12
97 12
98 17
99 8
100 6
101 8
102 8
103 7
104 5
105 9
106 4
107 6
108 10
109 7
110 23
111 142
112 726
113 2349
114 4867
115 7147
116 9132
117 9906
118 10226
119 9738
120 9333
121 8654
122 7758
123 6859
124 5977
125 5392
126 4577
127 3959
128 3371
129 2938
130 2663
131 2328
132 2089
133 1946
134 1762
135 1713
136 1603
137 1566
138 1497
139 1467
140 1444
141 1550
142 1400
143 1378
144 1465
145 1462
146 1415
147 1448
148 1419
149 1539
150 1471
151 1475
152 1509
153 1482
154 1497
155 1416
156 1524
157 1485
158 1532
159 1486
160 1442
161 1489
162 1495
163 1495
164 1519
165 1494
166 1527
167 1498
168 1569
169 1569
170 1564
171 1473
172 1585
173 1524
174 1547
175 1480
176 1504
177 1582
178 1506
179 1519
180 1617
181 1552
182 1613
183 1587
184 1587
185 1538
186 1599
187 1591
188 1622
189 1590
190 1555
191 1638
192 1553
193 1593
194 1617
195 1547
196 1618
197 1606
198 1591
199 1592
200 1609
201 1603
202 1621
203 1645
204 1680
205 1680
206 1560
207 1656
208 1615
209 1663
210 1649
211 1727
212 1691
213 1688
214 1679
215 1778
216 1806
217 1655
218 1702
219 1719
220 1741
221 1732
222 1678
223 1653
224 1762
225 1761
226 1829
227 1775
228 1737
229 1685
230 1737
231 1732
232 1701
233 1798
234 1780
235 1706
236 1769
237 1798
238 1838
239 1778
240 1793
241 1744
242 1825
243 1777
244 1773
245 1824
246 1901
247 1802
248 1815
249 1835
250 1821
251 1834
252 1861
253 1802
254 1828
255 1857
256 1858
257 1830
258 1876
259 1897
260 1917
261 1997
262 1843
263 1882
264 1883
265 1897
266 1925
267 1806
268 1964
269 1938
270 1924
271 1942
272 1932
273 1923
274 2004
275 2016
276 1973
277 1942
278 1955
279 2000
280 1977
281 1976
282 1990
283 1990
284 1953
285 1916
286 1936
287 1966
288 2023
289 1990
290 1978
291 2002
292 1988
293 2029
294 2029
295 2071
296 2065
297 2038
298 1936
299 1952
300 1921
301 1924
302 1969
303 1955
304 2036
305 1961
306 2076
307 1937
308 2004
309 2046
310 2018
311 2048
312 2018
313 1971
314 1954
315 1920
316 1961
317 2024
318 2011
319 2001
320 1964
321 2016
322 2006
323 1942
324 1922
325 2010
326 2003
327 1960
328 1931
329 1940
330 2043
331 1986
332 1981
333 1993
334 1954
335 1971
336 1915
337 2004
338 1930
339 1942
340 1936
341 1881
342 1927
343 1998
344 1880
345 1887
346 1999
347 1854
348 1907
349 1837
350 1910
351 1853
352 1848
353 1846
354 1813
355 1867
356 1832
357 1837
358 1869
359 1813
360 1803
361 1759
362 1785
363 1830
364 1809
365 1750
366 1771
367 1782
368 1664
369 1757
370 1609
371 1710
372 1687
373 1685
374 1693
375 1671
376 1665
377 1663
378 1669
379 1689
380 1685
381 1688
382 1627
383 1597
384 1690
385 1604
386 1603
387 1554
388 1595
389 1611
390 1503
391 1567
392 1538
393 1531
394 1487
395 1548
396 1525
397 1448
398 1472
399 1495
400 1442
401 1488
402 1503
403 1449
404 1404
405 1424
406 1384
407 1410
408 1394
409 1333
410 1377
411 1267
412 1295
413 1376
414 1383
415 1335
416 1252
417 1356
418 1223
419 1280
420 1242
421 1278
422 1179
423 1202
424 1252
425 1180
426 1164
427 1181
428 1185
429 1147
430 1168
431 1156
432 1134
433 1139
434 1164
435 1093
436 1061
437 1067
438 1092
439 1097
440 1042
441 1116
442 1030
443 994
444 1050
445 1076
446 1006
447 1009
448 933
449 956
450 1006
451 1015
452 969
453 945
454 919
455 964
456 920
457 882
458 871
459 916
460 853
461 910
462 882
463 896
464 849
465 840
466 898
467 853
468 801
469 793
470 813
471 825
472 792
473 807
474 795
475 784
476 766
477 751
478 724
479 789
480 738
481 715
482 702
483 747
484 737
485 756
486 699
487 706
488 656
489 660
490 616
491 672
492 664
493 662
494 660
495 624
496 622
497 603
498 631
499 588
500 624
501 586
502 583
503 552
504 573
505 574
506 576
507 588
508 538
509 586
510 585
511 603
512 572
513 548
514 552
515 511
516 519
517 517
518 507
519 505
520 504
521 519
522 473
523 500
524 503
525 475
526 500
527 508
528 483
529 473
530 430
531 469
532 478
533 447
534 463
535 396
536 438
537 443
538 428
539 398
540 389
541 438
542 412
543 396
544 420
545 408
546 387
547 398
548 411
549 375
550 388
551 413
552 406
553 391
554 385
555 362
556 384
557 381
558 377
559 342
560 386
561 371
562 354
563 391
564 378
565 359
566 401
567 347
568 350
569 364
570 343
571 337
572 356
573 339
574 336
575 309
576 325
577 305
578 344
579 319
580 328
581 317
582 302
583 307
584 335
585 303
586 330
587 314
588 312
589 340
590 346
591 342
592 341
593 326
594 305
595 289
596 259
597 300
598 312
599 282
600 321
601 293
602 325
603 287
604 294
605 269
606 301
607 258
608 268
609 241
610 289
611 252
612 308
613 284
614 301
615 284
616 248
617 282
618 288
619 265
620 258
621 272
622 288
623 284
624 273
625 285
626 287
627 268
628 295
629 285
630 285
631 313
632 260
633 276
634 276
635 256
636 268
637 254
638 268
639 264
640 238
641 268
642 264
643 271
644 268
645 272
646 275
647 248
648 270
649 252
650 255
651 244
652 245
653 298
654 278
655 241
656 276
657 243
658 264
659 292
660 239
661 261
662 255
663 242
664 205
665 253
666 201
667 253
668 253
669 253
670 257
671 238
672 242
673 264
674 250
675 237
676 291
677 242
678 241
679 241
680 244
681 247
682 237
683 245
684 246
685 233
686 229
687 231
688 236
689 217
690 214
691 228
692 260
693 242
694 230
695 238
696 236
697 257
698 227
699 213
700 215
701 224
702 234
703 223
704 232
705 249
706 235
707 228
708 228
709 239
710 240
711 215
712 233
713 222
714 208
715 203
716 236
717 233
718 217
719 271
720 242
721 227
722 231
723 208
724 236
725 237
726 225
727 226
728 217
729 225
730 247
731 245
732 206
733 226
734 222
735 232
736 210
737 220
738 211
739 232
740 206
741 253
742 194
743 253
744 222
745 203
746 215
747 200
748 232
749 209
750 214
751 226
752 227
753 218
754 234
755 229
756 220
757 222
758 225
759 196
760 239
761 221
762 219
763 208
764 224
765 215
766 224
767 217
768 179
769 209
770 193
771 218
772 220
773 214
774 213
775 226
776 204
777 213
778 190
779 206
780 201
781 196
782 207
783 195
784 215
785 201
786 207
787 200
788 173
789 195
790 198
791 224
792 191
793 208
794 222
795 199
796 203
797 204
798 198
799 207
800 190
801 181
802 182
803 203
804 197
805 217
806 196
807 202
808 186
809 181
810 213
811 193
812 180
813 210
814 201
815 174
816 180
817 181
818 182
819 193
820 174
821 197
822 180
823 179
824 185
825 163
826 184
827 174
828 167
829 196
830 192
831 184
832 162
833 168
834 181
835 151
836 163
837 182
838 192
839 176
840 163
841 156
842 172
843 166
844 208
845 168
846 171
847 174
848 152
849 163
850 142
851 177
852 190
853 185
854 170
855 153
856 157
857 185
858 170
859 155
860 147
861 171
862 153
863 145
864 156
865 122
866 152
867 145
868 166
869 152
870 166
871 166
872 153
873 183
874 168
875 163
876 165
877 157
878 146
879 157
880 146
881 156
882 162
883 158
884 123
885 153
886 164
887 137
888 126
889 146
890 143
891 144
892 151
893 141
894 165
895 127
896 152
897 143
898 146
899 158
900 128
901 134
902 137
903 147
904 137
905 158
906 136
907 129
908 151
909 145
910 135
911 127
912 122
913 144
914 143
915 119
916 107
917 135
918 121
919 145
920 117
921 127
922 115
923 135
924 138
925 130
926 119
927 135
928 108
929 118
930 126
931 118
932 125
933 113
934 119
935 106
936 120
937 145
938 131
939 112
940 110
941 116
942 98
943 121
944 123
945 127
946 116
947 105
948 123
949 111
950 100
951 102
952 112
953 118
954 105
955 126
956 118
957 82
958 107
959 96
960 102
961 106
962 99
963 87
964 106
965 117
966 96
967 84
968 116
969 95
970 85
971 80
972 109
973 81
974 95
975 116
976 86
977 102
978 102
979 111
980 88
981 101
982 83
983 89
984 85
985 89
986 103
987 90
988 95
989 81
990 87
991 83
992 88
993 85
994 81
995 84
996 80
997 86
998 83
999 78
1000 94
1001 79
1002 97
1003 86
1004 109
1005 69
1006 94
1007 91
1008 88
1009 81
1010 88
1011 72
1012 96
1013 84
1014 76
1015 70
1016 73
1017 59
1018 69
1019 65
1020 56
1021 86
1022 72
1023 80
1024 68
1025 71
1026 60
1027 75
1028 83
1029 62
1030 76
1031 87
1032 77
1033 59
1034 82
1035 65
1036 69
1037 65
1038 66
1039 75
1040 61
1041 52
1042 62
1043 64
1044 54
1045 66
1046 59
1047 66
1048 75
1049 63
1050 66
1051 71
1052 78
1053 68
1054 67
1055 59
1056 50
1057 57
1058 66
1059 56
1060 68
1061 78
1062 55
1063 63
1064 55
1065 58
1066 54
1067 53
1068 68
1069 49
1070 47
1071 57
1072 63
1073 58
1074 47
1075 49
1076 56
1077 57
1078 46
1079 52
1080 35
1081 61
1082 46
1083 47
1084 51
1085 46
1086 61
1087 51
1088 51
1089 36
1090 56
1091 39
1092 52
1093 51
1094 54
1095 44
1096 46
1097 55
1098 52
1099 46
1100 44
1101 32
1102 38
1103 53
1104 50
1105 49
1106 47
1107 40
1108 49
1109 42
1110 37
1111 44
1112 40
1113 46
1114 41
1115 38
1116 35
1117 41
1118 37
1119 40
1120 48
1121 35
1122 36
1123 39
1124 46
1125 54
1126 46
1127 58
1128 34
1129 35
1130 42
1131 53
1132 46
1133 37
1134 42
1135 38
1136 40
1137 41
1138 41
1139 33
1140 28
1141 33
1142 39
1143 40
1144 35
1145 41
1146 31
1147 38
1148 21
1149 39
1150 38
1151 33
1152 33
1153 26
1154 33
1155 25
1156 39
1157 30
1158 28
1159 38
1160 29
1161 37
1162 33
1163 27
1164 32
1165 35
1166 27
1167 33
1168 42
1169 29
1170 30
1171 22
1172 22
1173 34
1174 35
1175 29
1176 30
1177 29
1178 23
1179 22
1180 33
1181 28
1182 20
1183 34
1184 35
1185 25
1186 27
1187 29
1188 24
1189 27
1190 29
1191 29
1192 24
1193 25
1194 31
1195 23
1196 25
1197 19
1198 21
1199 23
1200 19
1201 17
1202 21
1203 24
1204 29
1205 24
1206 21
1207 17
1208 24
1209 27
1210 18
1211 18
1212 25
1213 27
1214 27
1215 30
1216 16
1217 17
1218 28
1219 29
1220 15
1221 25
1222 12
1223 20
1224 33
1225 14
1226 29
1227 19
1228 16
1229 20
1230 13
1231 27
1232 19
1233 24
1234 14
1235 19
1236 24
1237 30
1238 16
1239 14
1240 21
1241 18
1242 20
1243 24
1244 10
1245 19
1246 16
1247 16
1248 13
1249 19
1250 18
1251 18
1252 23
1253 19
1254 11
1255 13
1256 22
1257 19
1258 15
1259 16
1260 12
1261 16
1262 11
1263 19
1264 12
1265 20
1266 8
1267 20
1268 15
1269 6
1270 18
1271 14
1272 10
1273 15
1274 18
1275 13
1276 12
1277 14
1278 11
1279 12
1280 10
1281 11
1282 17
1283 20
1284 10
1285 14
1286 17
1287 11
1288 21
1289 9
1290 13
1291 17
1292 9
1293 12
1294 16
1295 9
1296 11
1297 12
1298 10
1299 9
1300 6
1301 15
1302 14
1303 4
1304 8
1305 18
1306 6
1307 8
1308 12
1309 9
1310 8
1311 6
1312 17
1313 11
1314 10
1315 8
1316 4
1317 10
1318 5
1319 9
1320 7
1321 19
1322 8
1323 9
1324 10
1325 10
1326 6
1327 8
1328 9
1329 5
1330 7
1331 13
1332 11
1333 9
1334 7
1335 7
1336 7
1337 7
1338 13
1339 3
1340 10
1341 6
1342 7
1343 3
1344 13
1345 6
1346 15
1347 10
1348 9
1349 11
1350 10
1351 9
1352 4
1353 12
1354 2
1355 10
1356 9
1357 6
1358 7
1359 7
1360 4
1361 2
1362 9
1363 9
1364 5
1365 7
1366 7
1367 3
1368 5
1369 10
1370 5
1371 2
1372 5
1373 7
1374 7
1375 5
1376 4
1377 5
1378 5
1379 4
1380 3
1381 9
1382 6
1383 5
1384 10
1385 8
1386 7
1387 5
1388 10
1389 4
1390 5
1391 3
1392 5
1393 4
1394 7
1395 7
1396 4
1397 6
1398 5
1399 2
1400 3
1401 9
1402 7
1403 4
1404 5
1405 4
1406 2
1407 4
1408 1
1409 8
1410 5
1411 8
1412 2
1413 7
1414 9
1415 4
1416 3
1417 7
1418 3
1419 6
1420 4
1421 9
1422 5
1423 8
1424 4
1425 4
1426 4
1427 0
1428 6
1429 5
1430 3
1431 3
1432 5
1433 2
1434 3
1435 3
1436 4
1437 5
1438 3
1439 3
1440 7
1441 4
1442 2
1443 2
1444 1
1445 5
1446 4
1447 3
1448 2
1449 2
1450 3
1451 0
1452 5
1453 6
1454 4
1455 1
1456 2
1457 2
1458 4
1459 1
1460 2
1461 2
1462 6
1463 3
1464 2
1465 5
1466 3
1467 6
1468 4
1469 1
1470 2
1471 3
1472 3
1473 1
1474 4
1475 3
1476 2
1477 4
1478 5
1479 2
1480 5
1481 3
1482 4
1483 2
1484 3
1485 2
1486 4
1487 5
1488 1
1489 5
1490 6
1491 3
1492 4
1493 3
1494 1
1495 3
1496 2
1497 2
1498 1
1499 2
1500 1
1501 4
1502 1
1503 1
1504 2
1505 1
1506 4
1507 2
1508 2
1509 4
1510 3
1511 4
1512 3
1513 2
1514 1
1515 1
1516 1
1517 3
1518 4
1519 3
1520 2
1521 4
1522 3
1523 3
1524 1
1525 2
1526 1
1527 5
1528 3
1529 1
1530 2
1531 1
1532 2
1533 0
1534 0
1535 0
1536 2
1537 0
1538 0
1539 1
1540 3
1541 1
1542 2
1543 1
1544 2
1545 3
1546 1
1547 1
1548 3
1549 2
1550 1
1551 0
1552 1
1553 2
1554 0
1555 2
1556 1
1557 2
1558 0
1559 1
1560 0
1561 1
1562 1
1563 1
1564 0
1565 0
1566 2
1567 0
1568 1
1569 3
1570 0
1571 0
1572 2
1573 2
1574 0
1575 2
1576 1
1577 1
1578 2
1579 1
1580 4
1581 2
1582 0
1583 3
1584 1
1585 2
1586 1
1587 2
1588 1
1589 1
1590 1
1591 1
1592 0
1593 1
1594 1
1595 2
1596 2
1597 0
1598 2
1599 0
1600 0
1601 0
1602 1
1603 0
1604 0
1605 0
1606 1
1607 0
1608 0
1609 1
1610 3
1611 1
1612 2
1613 1
1614 1
1615 0
1616 1
1617 1
1618 0
1619 1
1620 1
1621 2
1622 0
1623 0
1624 0
1625 1
1626 0
1627 1
1628 0
1629 0
1630 2
1631 0
1632 1
1633 0
1634 0
1635 0
1636 1
1637 1
1638 0
1639 0
1640 0
1641 0
1642 0
1643 0
1644 1
1645 0
1646 0
1647 2
1648 0
1649 1
1650 0
1651 1
1652 0
1653 0
1654 0
1655 0
1656 0
1657 0
1658 0
1659 2
1660 1
1661 0
1662 0
1663 2
1664 0
1665 2
1666 0
1667 1
1668 1
1669 0
1670 1
1671 0
1672 1
1673 0
1674 0
1675 0
1676 1
1677 0
1678 1
1679 0
1680 2
1681 1
1682 0
1683 0
1684 1
1685 1
1686 0
1687 0
1688 2
1689 0
1690 0
1691 0
1692 0
1693 2
1694 0
1695 1
1696 0
1697 0
1698 0
1699 1
1700 0
1701 0
1702 0
1703 0
1704 0
1705 0
1706 0
1707 1
1708 1
1709 0
1710 1
1711 0
1712 0
1713 0
1714 0
1715 0
1716 0
1717 1
1718 1
1719 0
1720 1
1721 0
1722 1
1723 2
1724 0
1725 0
1726 0
1727 0
1728 0
1729 0
1730 1
1731 0
1732 1
1733 0
1734 0
1735 0
1736 0
1737 0
1738 1
1739 0
1740 0
1741 0
1742 0
1743 0
1744 1
1745 0
1746 0
1747 0
1748 0
1749 0
1750 0
1751 0
1752 0
1753 1
1754 0
1755 0
1756 0
1757 0
1758 1
1759 1
1760 0
1761 1
1762 0
1763 1
1764 0
1765 0
1766 0
1767 1
1768 0
1769 0
1770 0
1771 0
1772 0
1773 0
1774 1
1775 0
1776 1
1777 1
1778 1
1779 0
1780 0
1781 0
1782 0
1783 1
1784 0
1785 1
1786 0
1787 0
1788 0
1789 0
1790 0
1791 0
1792 0
1793 2
1794 0
1795 0
1796 1
1797 0
1798 0
1799 1
1800 0
1801 0
1802 0
1803 0
1804 0
1805 0
1806 0
1807 0
1808 0
1809 0
1810 0
1811 1
1812 0
1813 0
1814 0
1815 0
1816 0
1817 0
1818 0
1819 0
1820 0
1821 1
1822 0
1823 0
1824 0
1825 0
1826 0
1827 0
1828 1
1829 1
1830 0
1831 0
1832 1
1833 0
1834 0
1835 0
1836 0
1837 2
1838 0
1839 0
1840 1
1841 0
1842 0
1843 0
1844 0
1845 0
1846 0
1847 0
1848 0
1849 1
1850 0
1851 0
1852 0
1853 0
1854 0
1855 1
1856 0
1857 0
1858 0
1859 1
1860 0
1861 1
1862 0
1863 0
1864 0
1865 0
1866 1
1867 1
1868 0
1869 0
1870 0
1871 0
1872 0
1873 0
1874 0
1875 0
1876 0
1877 0
1878 1
1879 0
1880 0
1881 0
1882 0
1883 0
1884 0
1885 0
1886 0
1887 0
1888 0
1889 0
1890 0
1891 0
1892 0
1893 0
1894 0
1895 1
1896 0
1897 1
1898 0
1899 0
1900 0
1901 0
1902 1
1903 0
1904 0
1905 0
1906 0
1907 1
1908 0
1909 0
1910 0
1911 0
1912 0
1913 1
1914 0
1915 0
1916 0
1917 0
1918 0
1919 0
1920 0
1921 0
1922 0
1923 1
1924 0
1925 0
1926 0
1927 0
1928 0
1929 0
1930 0
1931 0
1932 0
1933 0
1934 0
1935 0
1936 0
1937 0
1938 0
1939 0
1940 0
1941 0
1942 0
1943 1
1944 0
1945 0
1946 0
1947 0
1948 0
1949 0
1950 0
1951 0
1952 0
1953 0
1954 0
1955 0
1956 0
1957 0
1958 0
1959 0
1960 0
1961 0
1962 0
1963 0
1964 0
1965 0
1966 0
1967 0
1968 0
1969 0
1970 0
1971 0
1972 2
1973 0
1974 0
1975 0
1976 0
1977 0
1978 0
1979 0
1980 0
1981 0
1982 0
1983 0
1984 0
1985 0
1986 0
1987 0
1988 0
1989 0
1990 0
1991 0
1992 0
1993 0
1994 0
1995 0
1996 0
1997 0
1998 0
1999 0
2000 0
2001 0
2002 0
2003 1
2004 1
2005 0
2006 0
2007 0
2008 0
2009 0
2010 0
2011 0
2012 0
2013 0
2014 0
2015 1
2016 0
2017 0
2018 0
2019 0
2020 0
2021 0
2022 0
2023 1
2024 0
2025 0
2026 0
2027 0
2028 0
2029 0
2030 0
2031 0
2032 1
2033 0
2034 0
2035 1
2036 0
2037 0
2038 0
2039 0
2040 0
2041 0
2042 0
2043 0
2044 0
2045 0
2046 0
2047 0
2048 0
2049 0
2050 0
2051 0
2052 0
2053 0
2054 0
2055 0
2056 0
2057 0
2058 0
2059 1
2060 0
2061 1
2062 0
2063 0
2064 0
2065 0
2066 0
2067 0
2068 1
2069 0
2070 0
2071 0
2072 0
2073 0
2074 0
2075 0
2076 0
2077 0
2078 0
2079 0
2080 1
2081 0
2082 0
2083 0
2084 0
2085 0
2086 0
2087 0
2088 0
2089 0
2090 0
2091 0
2092 0
2093 0
2094 0
2095 0
2096 0
2097 0
2098 0
2099 0
2100 0
2101 0
2102 0
2103 0
2104 0
2105 0
2106 0
2107 0
2108 0
2109 0
2110 0
2111 0
2112 0
2113 0
2114 0
2115 0
2116 0
2117 0
2118 0
2119 0
2120 1
2121 0
2122 0
2123 0
2124 0
2125 0
2126 0
2127 0
2128 0
2129 0
2130 0
2131 0
2132 1
2133 0
2134 0
2135 0
2136 0
2137 0
2138 0
2139 0
2140 0
2141 0
2142 0
2143 0
2144 0
2145 0
2146 0
2147 0
2148 0
2149 0
2150 0
2151 0
2152 0
2153 0
2154 0
2155 0
2156 0
2157 0
2158 0
2159 0
2160 0
2161 0
2162 0
2163 0
2164 0
2165 0
2166 0
2167 0
2168 0
2169 0
2170 0
2171 0
2172 0
2173 0
2174 0
2175 0
2176 0
2177 0
2178 0
2179 0
2180 0
2181 0
2182 0
2183 0
2184 0
2185 0
2186 0
2187 0
2188 0
2189 0
2190 0
2191 0
2192 0
2193 0
2194 0
2195 0
2196 0
2197 0
2198 0
2199 0
2200 0
2201 0
2202 0
2203 0
2204 0
2205 0
2206 0
2207 0
2208 0
2209 0
2210 0
2211 0
2212 0
2213 0
2214 0
2215 0
2216 0
2217 0
2218 0
2219 0
2220 0
2221 0
2222 0
2223 0
2224 0
2225 0
2226 0
2227 0
2228 0
2229 0
2230 0
2231 0
2232 0
2233 0
2234 0
2235 0
2236 0
2237 0
2238 0
2239 0
2240 0
2241 0
2242 0
2243 0
2244 0
2245 0
2246 0
2247 0
2248 0
2249 0
2250 0
2251 0
2252 0
2253 0
2254 0
2255 0
2256 0
2257 0
2258 0
2259 0
2260 0
2261 0
2262 0
2263 0
2264 0
2265 0
2266 0
2267 0
2268 0
2269 0
2270 0
2271 0
2272 0
2273 0
2274 0
2275 0
2276 0
2277 0
2278 0
2279 0
2280 0
2281 0
2282 0
2283 0
2284 1
2285 0
2286 0
2287 0
2288 0
2289 0
2290 0
2291 0
2292 0
2293 0
2294 0
2295 0
2296 0
2297 0
2298 0
2299 0
2300 0
2301 0
2302 0
2303 0
2304 0
2305 0
2306 1
2307 0
2308 0
2309 0
2310 0
2311 0
2312 0
2313 0
2314 0
2315 0
2316 0
2317 0
2318 0
2319 0
2320 0
2321 0
2322 0
2323 0
2324 0
2325 0
2326 0
2327 0
2328 0
2329 0
2330 0
2331 0
2332 0
2333 0
2334 0
2335 0
2336 0
2337 0
2338 0
2339 0
2340 0
2341 0
2342 0
2343 0
2344 0
2345 0
2346 0
2347 0
2348 0
2349 0
2350 0
2351 0
2352 0
2353 0
2354 0
2355 0
2356 0
2357 0
2358 0
2359 0
2360 0
2361 0
2362 0
2363 0
2364 0
2365 1
2366 0
2367 0
2368 0
2369 0
2370 0
2371 0
2372 0
2373 0
2374 0
2375 0
2376 0
2377 0
2378 0
2379 0
2380 0
2381 0
2382 0
2383 0
2384 0
2385 0
2386 0
2387 0
2388 0
2389 0
2390 0
2391 0
2392 0
2393 0
2394 0
2395 0
2396 0
2397 0
2398 0
2399 0
2400 0
2401 0
2402 0
2403 0
2404 0
2405 1
2406 0
2407 0
2408 0
2409 0
2410 0
2411 0
2412 0
2413 0
2414 0
2415 0
2416 0
2417 0
2418 0
2419 0
2420 0
2421 0
2422 0
2423 0
2424 0
2425 0
2426 0
2427 0
2428 0
2429 0
2430 0
2431 0
2432 0
2433 0
2434 0
2435 0
2436 0
2437 0
2438 0
2439 0
2440 0
2441 0
2442 0
2443 0
2444 0
2445 0
2446 0
2447 0
2448 0
2449 0
2450 0
2451 0
2452 0
2453 0
2454 0
2455 0
2456 0
2457 0
2458 0
2459 0
2460 0
2461 0
2462 0
2463 0
2464 0
2465 0
2466 0
2467 0
2468 0
2469 0
2470 0
2471 0
2472 0
2473 0
2474 0
2475 0
2476 0
2477 0
2478 0
2479 0
2480 0
2481 0
2482 0
2483 0
2484 0
2485 0
2486 0
2487 0
2488 0
2489 0
2490 0
2491 0
2492 0
2493 0
2494 0
2495 0
2496 0
2497 0
2498 0
2499 0
2500 0
2501 0
2502 0
2503 0
2504 0
2505 0
2506 0
2507 0
2508 0
2509 0
2510 0
2511 0
2512 0
2513 0
2514 1
2515 0
2516 0
2517 0
2518 0
2519 0
2520 0
2521 0
2522 0
2523 0
2524 0
2525 0
2526 0
2527 0
2528 0
2529 0
2530 0
2531 0
2532 0
2533 1
2534 0
2535 0
2536 0
2537 0
2538 0
2539 0
2540 0
2541 0
2542 0
2543 0
2544 0
2545 0
2546 0
2547 0
2548 0
2549 0
2550 0
2551 0
2552 0
2553 0
2554 0
2555 0
2556 0
2557 0
2558 0
2559 0
2560 0
2561 0
2562 0
2563 0
2564 0
2565 0
2566 0
2567 0
2568 0
2569 0
2570 0
2571 0
2572 0
2573 0
2574 0
2575 0
2576 0
2577 0
2578 0
2579 0
2580 0
2581 0
2582 0
2583 0
2584 0
2585 0
2586 0
2587 0
2588 0
2589 0
2590 0
2591 0
2592 0
2593 0
2594 0
2595 0
2596 0
2597 0
2598 0
2599 0
2600 0
2601 0
2602 0
2603 0
2604 0
2605 0
2606 0
2607 0
2608 0
2609 0
2610 0
2611 1
2612 0
2613 0
2614 0
2615 0
2616 0
2617 0
2618 0
2619 0
2620 0
2621 0
2622 0
2623 0
2624 0
2625 0
2626 0
2627 0
2628 0
2629 0
2630 0
2631 0
2632 0
2633 0
2634 0
2635 0
2636 0
2637 0
2638 0
2639 0
2640 0
2641 0
2642 0
2643 0
2644 0
2645 0
2646 0
2647 0
2648 0
2649 0
2650 0
2651 0
2652 0
2653 0
2654 0
2655 0
2656 0
2657 0
2658 0
2659 0
2660 0
2661 0
2662 0
2663 0
2664 0
2665 0
2666 0
2667 0
2668 0
2669 0
2670 0
2671 0
2672 0
2673 0
2674 0
2675 0
2676 0
2677 0
2678 0
2679 0
2680 0
2681 0
2682 0
2683 0
2684 0
2685 0
2686 0
2687 0
2688 0
2689 0
2690 0
2691 1
2692 0
2693 0
2694 0
2695 1
2696 0
2697 0
2698 0
2699 0
2700 0
2701 0
2702 0
2703 0
2704 0
2705 0
2706 0
2707 0
2708 0
2709 0
2710 0
2711 0
2712 0
2713 0
2714 0
2715 0
2716 0
2717 0
2718 0
2719 0
2720 0
2721 0
2722 0
2723 0
2724 0
2725 0
2726 0
2727 0
2728 0
2729 0
2730 0
2731 0
2732 0
2733 0
2734 0
2735 0
2736 1
2737 0
2738 0
2739 0
2740 0
2741 0
2742 0
2743 0
2744 0
2745 0
2746 1
2747 0
2748 0
2749 0
2750 0
2751 1
2752 0
2753 0
2754 0
2755 0
2756 0
2757 0
2758 0
2759 0
2760 0
2761 0
2762 0
2763 0
2764 0
2765 0
2766 0
2767 0
2768 0
2769 0
2770 0
2771 0
2772 0
2773 0
2774 0
2775 0
2776 0
2777 0
2778 0
2779 0
2780 0
2781 0
2782 0
2783 0
2784 0
2785 0
2786 0
2787 0
2788 0
2789 0
2790 0
2791 0
2792 0
2793 0
2794 0
2795 0
2796 0
2797 0
2798 0
2799 0
2800 0
2801 0
2802 0
2803 0
2804 0
2805 0
2806 0
2807 0
2808 0
2809 0
2810 0
2811 0
2812 0
2813 0
2814 0
2815 0
2816 0
2817 0
2818 0
2819 0
2820 0
2821 0
2822 0
2823 0
2824 0
2825 0
2826 0
2827 0
2828 0
2829 0
2830 0
2831 0
2832 0
2833 0
2834 0
2835 0
2836 0
2837 0
2838 0
2839 0
2840 0
2841 0
2842 0
2843 0
2844 0
2845 0
2846 0
2847 0
2848 0
2849 0
2850 0
2851 0
2852 0
2853 0
2854 0
2855 0
2856 0
2857 0
2858 0
2859 0
2860 0
2861 1
2862 0
2863 0
2864 0
2865 0
2866 0
2867 0
2868 0
2869 0
2870 0
2871 0
2872 0
2873 0
2874 0
2875 0
2876 0
2877 0
2878 0
2879 0
2880 0
2881 0
2882 0
2883 0
2884 0
2885 0
2886 0
2887 0
2888 0
2889 0
2890 0
2891 0
2892 0
2893 0
2894 0
2895 0
2896 0
2897 0
2898 0
2899 0
2900 0
2901 0
2902 0
2903 0
2904 0
2905 0
2906 0
2907 0
2908 0
2909 0
2910 0
2911 0
2912 0
2913 0
2914 0
2915 0
2916 0
2917 0
2918 0
2919 0
2920 0
2921 0
2922 0
2923 0
2924 0
2925 0
2926 0
2927 0
2928 0
2929 0
2930 0
2931 0
2932 0
2933 0
2934 0
2935 0
2936 0
2937 0
2938 0
2939 0
2940 0
2941 0
2942 0
2943 0
2944 0
2945 0
2946 0
2947 0
2948 0
2949 0
2950 0
2951 0
2952 0
2953 0
2954 0
2955 0
2956 0
2957 0
2958 0
2959 0
2960 0
2961 0
2962 0
2963 0
2964 0
2965 0
2966 0
2967 0
2968 0
2969 0
2970 0
2971 0
2972 0
2973 0
2974 0
2975 0
2976 0
2977 0
2978 0
2979 0
2980 0
2981 0
2982 0
2983 0
2984 0
2985 0
2986 0
2987 2
2988 0
2989 0
2990 0
2991 0
2992 0
2993 0
2994 0
2995 0
2996 0
2997 0
2998 0
2999 0
3000 0
3001 0
3002 0
3003 0
3004 0
3005 0
3006 0
3007 0
3008 0
3009 0
3010 0
3011 0
3012 0
3013 0
3014 0
3015 1
3016 0
3017 0
3018 0
3019 0
3020 0
3021 0
3022 0
3023 0
3024 0
3025 0
3026 0
3027 0
3028 0
3029 0
3030 0
3031 0
3032 0
3033 0
3034 0
3035 0
3036 0
3037 0
3038 0
3039 0
3040 0
3041 0
3042 0
3043 0
3044 0
3045 0
3046 0
3047 0
3048 0
3049 0
3050 0
3051 1
3052 0
3053 0
3054 0
3055 0
3056 0
3057 0
3058 0
3059 1
3060 0
3061 0
3062 0
3063 0
3064 0
3065 0
3066 0
3067 0
3068 0
3069 0
3070 0
3071 0
3072 0
3073 0
3074 0
3075 0
3076 0
3077 0
3078 0
3079 0
3080 0
3081 0
3082 0
3083 0
3084 0
3085 0
3086 0
3087 0
3088 0
3089 0
3090 1
3091 0
3092 0
3093 0
3094 0
3095 0
3096 0
3097 0
3098 0
3099 0
3100 0
3101 0
3102 0
3103 0
3104 0
3105 0
3106 0
3107 0
3108 0
3109 0
3110 0
3111 0
3112 0
3113 0
3114 0
3115 0
3116 0
3117 0
3118 0
3119 0
3120 0
3121 0
3122 0
3123 0
3124 0
3125 0
3126 1
3127 0
3128 0
3129 0
3130 0
3131 0
3132 0
3133 0
3134 0
3135 0
3136 0
3137 0
3138 0
3139 0
3140 0
3141 0
3142 0
3143 0
3144 0
3145 0
3146 0
3147 0
3148 0
3149 0
3150 0
3151 0
3152 0
3153 0
3154 0
3155 0
3156 0
3157 0
3158 0
3159 0
3160 0
3161 0
3162 0
3163 0
3164 0
3165 0
3166 0
3167 0
3168 0
3169 0
3170 0
3171 0
3172 0
3173 0
3174 0
3175 0
3176 0
3177 0
3178 0
3179 0
3180 0
3181 0
3182 0
3183 0
3184 0
3185 0
3186 0
3187 0
3188 0
3189 0
3190 0
3191 0
3192 0
3193 0
3194 0
3195 0
3196 0
3197 0
3198 0
3199 0
3200 0
3201 0
3202 0
3203 0
3204 0
3205 0
3206 0
3207 0
3208 0
3209 0
3210 0
3211 0
3212 0
3213 0
3214 0
3215 0
3216 0
3217 0
3218 0
3219 0
3220 0
3221 0
3222 0
3223 0
3224 0
3225 0
3226 0
3227 0
3228 0
3229 0
3230 0
3231 0
3232 0
3233 0
3234 0
3235 0
3236 0
3237 0
3238 0
3239 0
3240 0
3241 0
3242 0
3243 0
3244 0
3245 0
3246 0
3247 0
3248 0
3249 0
3250 0
3251 0
3252 0
3253 0
3254 0
3255 0
3256 0
3257 0
3258 0
3259 0
3260 0
3261 0
3262 0
3263 0
3264 0
3265 0
3266 0
3267 0
3268 0
3269 0
3270 0
3271 0
3272 0
3273 0
3274 0
3275 0
3276 0
3277 0
3278 0
3279 0
3280 0
3281 0
3282 0
3283 0
3284 0
3285 0
3286 0
3287 0
3288 0
3289 0
3290 0
3291 0
3292 0
3293 0
3294 0
3295 0
3296 0
3297 0
3298 0
3299 0
3300 0
3301 0
3302 0
3303 0
3304 0
3305 0
3306 0
3307 0
3308 0
3309 0
3310 0
3311 0
3312 0
3313 0
3314 0
3315 0
3316 0
3317 0
3318 0
3319 0
3320 0
3321 0
3322 0
3323 0
3324 0
3325 0
3326 0
3327 0
3328 0
3329 0
3330 0
3331 0
3332 0
3333 0
3334 0
3335 0
3336 0
3337 0
3338 0
3339 0
3340 0
3341 0
3342 0
3343 0
3344 0
3345 0
3346 0
3347 0
3348 0
3349 0
3350 0
3351 0
3352 0
3353 0
3354 0
3355 0
3356 0
3357 0
3358 0
3359 0
3360 0
3361 0
3362 0
3363 0
3364 0
3365 0
3366 0
3367 0
3368 0
3369 0
3370 0
3371 0
3372 0
3373 0
3374 0
3375 0
3376 0
3377 0
3378 0
3379 0
3380 0
3381 0
3382 0
3383 0
3384 0
3385 0
3386 0
3387 0
3388 0
3389 0
3390 0
3391 0
3392 0
3393 0
3394 0
3395 0
3396 0
3397 0
3398 0
3399 0
3400 0
3401 0
3402 0
3403 0
3404 0
3405 0
3406 0
3407 0
3408 0
3409 0
3410 0
3411 0
3412 0
3413 0
3414 0
3415 0
3416 0
3417 0
3418 0
3419 0
3420 0
3421 0
3422 0
3423 0
3424 0
3425 0
3426 0
3427 0
3428 0
3429 0
3430 0
3431 0
3432 0
3433 0
3434 0
3435 0
3436 0
3437 0
3438 0
3439 0
3440 0
3441 0
3442 0
3443 0
3444 0
3445 0
3446 0
3447 0
3448 0
3449 0
3450 0
3451 0
3452 0
3453 0
3454 0
3455 0
3456 0
3457 0
3458 0
3459 1
3460 0
3461 0
3462 0
3463 0
3464 0
3465 0
3466 0
3467 0
3468 0
3469 0
3470 0
3471 0
3472 0
3473 0
3474 0
3475 0
3476 0
3477 0
3478 0
3479 0
3480 1
3481 0
3482 0
3483 0
3484 0
3485 0
3486 0
3487 0
3488 0
3489 0
3490 0
3491 0
3492 0
3493 0
3494 0
3495 0
3496 0
3497 0
3498 0
3499 0
3500 0
3501 0
3502 0
3503 0
3504 0
3505 0
3506 0
3507 0
3508 0
3509 0
3510 0
3511 0
3512 0
3513 0
3514 0
3515 0
3516 0
3517 0
3518 0
3519 0
3520 0
3521 0
3522 0
3523 0
3524 0
3525 0
3526 0
3527 0
3528 0
3529 0
3530 0
3531 0
3532 0
3533 0
3534 0
3535 0
3536 0
3537 0
3538 0
3539 0
3540 0
3541 0
3542 0
3543 0
3544 0
3545 0
3546 0
3547 0
3548 0
3549 0
3550 0
3551 0
3552 0
3553 0
3554 0
3555 0
3556 0
3557 0
3558 0
3559 0
3560 0
3561 0
3562 0
3563 0
3564 0
3565 0
3566 0
3567 0
3568 0
3569 0
3570 0
3571 0
3572 0
3573 0
3574 0
3575 0
3576 0
3577 0
3578 0
3579 0
3580 0
3581 0
3582 0
3583 0
3584 0
3585 0
3586 0
3587 0
3588 0
3589 0
3590 0
3591 0
3592 0
3593 0
3594 0
3595 0
3596 0
3597 0
3598 0
3599 0
3600 0
3601 0
3602 0
3603 0
3604 0
3605 0
3606 0
3607 0
3608 0
3609 0
3610 0
3611 0
3612 0
3613 0
3614 0
3615 0
3616 0
3617 0
3618 0
3619 1
3620 0
3621 0
3622 0
3623 0
3624 0
3625 0
3626 0
3627 0
3628 0
3629 0
3630 0
3631 0
3632 0
3633 0
3634 0
3635 0
3636 0
3637 0
3638 0
3639 0
3640 0
3641 0
3642 0
3643 0
3644 0
3645 0
3646 0
3647 0
3648 0
3649 0
3650 0
3651 0
3652 0
3653 0
3654 0
3655 0
3656 0
3657 0
3658 0
3659 0
3660 0
3661 0
3662 0
3663 0
3664 0
3665 0
3666 0
3667 0
3668 0
3669 0
3670 0
3671 0
3672 0
3673 0
3674 0
3675 0
3676 0
3677 0
3678 0
3679 0
3680 0
3681 0
3682 0
3683 0
3684 0
3685 0
3686 0
3687 0
3688 0
3689 0
3690 0
3691 0
3692 1
3693 0
3694 0
3695 0
3696 0
3697 0
3698 0
3699 0
3700 0
3701 0
3702 0
3703 0
3704 0
3705 0
3706 0
3707 0
3708 0
3709 0
3710 0
3711 0
3712 0
3713 0
3714 0
3715 0
3716 0
3717 0
3718 0
3719 0
3720 0
3721 0
3722 0
3723 0
3724 0
3725 0
3726 0
3727 0
3728 0
3729 0
3730 0
3731 0
3732 0
3733 0
3734 0
3735 0
3736 0
3737 0
3738 0
3739 0
3740 1
3741 0
3742 0
3743 0
3744 0
3745 0
3746 0
3747 0
3748 0
3749 0
3750 0
3751 0
3752 0
3753 0
3754 0
3755 0
3756 0
3757 0
3758 0
3759 0
3760 0
3761 0
3762 0
3763 0
3764 0
3765 0
3766 0
3767 0
3768 0
3769 0
3770 0
3771 0
3772 0
3773 0
3774 0
3775 0
3776 0
3777 0
3778 0
3779 0
3780 0
3781 0
3782 0
3783 0
3784 0
3785 0
3786 0
3787 0
3788 0
3789 0
3790 0
3791 0
3792 0
3793 0
3794 0
3795 0
3796 0
3797 0
3798 0
3799 0
3800 0
3801 0
3802 0
3803 0
3804 0
3805 0
3806 0
3807 0
3808 0
3809 0
3810 0
3811 0
3812 0
3813 0
3814 0
3815 0
3816 0
3817 0
3818 0
3819 0
3820 0
3821 0
3822 0
3823 0
3824 0
3825 0
3826 0
3827 0
3828 0
3829 0
3830 0
3831 0
3832 0
3833 0
3834 0
3835 0
3836 0
3837 0
3838 0
3839 0
3840 0
3841 0
3842 0
3843 0
3844 0
3845 0
3846 0
3847 0
3848 0
3849 0
3850 0
3851 0
3852 0
3853 0
3854 0
3855 0
3856 0
3857 0
3858 0
3859 0
3860 0
3861 0
3862 0
3863 0
3864 0
3865 0
3866 0
3867 0
3868 0
3869 0
3870 0
3871 0
3872 0
3873 0
3874 0
3875 0
3876 0
3877 0
3878 0
3879 0
3880 0
3881 0
3882 0
3883 0
3884 0
3885 0
3886 0
3887 0
3888 0
3889 0
3890 0
3891 0
3892 0
3893 0
3894 0
3895 0
3896 0
3897 0
3898 0
3899 0
3900 0
3901 0
3902 0
3903 0
3904 0
3905 0
3906 0
3907 0
3908 0
3909 0
3910 0
3911 0
3912 0
3913 0
3914 0
3915 0
3916 0
3917 0
3918 0
3919 0
3920 0
3921 0
3922 0
3923 0
3924 0
3925 0
3926 0
3927 0
3928 0
3929 0
3930 0
3931 0
3932 0
3933 0
3934 0
3935 0
3936 0
3937 0
3938 0
3939 0
3940 0
3941 0
3942 0
3943 0
3944 0
3945 0
3946 0
3947 0
3948 0
3949 0
3950 0
3951 0
3952 0
3953 0
3954 0
3955 0
3956 0
3957 0
3958 0
3959 0
3960 0
3961 0
3962 0
3963 0
3964 0
3965 0
3966 0
3967 0
3968 0
3969 0
3970 0
3971 0
3972 0
3973 0
3974 0
3975 0
3976 0
3977 0
3978 0
3979 0
3980 0
3981 0
3982 0
3983 0
3984 0
3985 0
3986 0
3987 0
3988 0
3989 0
3990 0
3991 0
3992 0
3993 0
3994 0
3995 0
3996 0
3997 0
3998 0
3999 0
4000 0
