0 0
1 0
2 0
3 0
4 0
5 0
6 0
7 0
8 0
9 0
10 0
11 0
12 0
13 0
14 0
15 0
16 0
17 0
18 0
19 0
20 0
21 0
22 0
23 0
24 0
25 0
26 0
27 0
28 0
29 0
30 0
31 0
32 0
33 0
34 0
35 0
36 0
37 0
38 0
39 0
40 0
41 0
42 0
43 0
44 0
45 0
46 0
47 0
48 0
49 0
50 0
51 0
52 0
53 0
54 0
55 0
56 0
57 0
58 0
59 0
60 0
61 0
62 0
63 0
64 0
65 0
66 0
67 0
68 0
69 0
70 0
71 0
72 0
73 0
74 0
75 0
76 0
77 0
78 0
79 0
80 0
81 0
82 0
83 0
84 0
85 0
86 3
87 22
88 18
89 18
90 15
91 9
92 15
93 12
94 19
95 19
96 20
97 14
98 20
99 11
100 15
101 9
102 10
103 11
104 10
105 4
106 5
107 6
108 4
109 8
110 26
111 113
112 681
113 2408
114 4960
115 7446
116 9332
117 10096
118 10588
119 10425
120 9782
121 8926
122 7856
123 7085
124 6287
125 5345
126 4556
127 3912
128 3359
129 2961
130 2627
131 2189
132 2025
133 1785
134 1651
135 1479
136 1299
137 1361
138 1280
139 1227
140 1282
141 1188
142 1206
143 1151
144 1118
145 1167
146 1230
147 1194
148 1160
149 1154
150 1162
151 1195
152 1227
153 1140
154 1127
155 1160
156 1101
157 1108
158 1111
159 1133
160 1167
161 1173
162 1153
163 1097
164 1117
165 1184
166 1118
167 1206
168 1199
169 1236
170 1175
171 1146
172 1171
173 1211
174 1233
175 1199
176 1226
177 1238
178 1261
179 1172
180 1202
181 1227
182 1258
183 1219
184 1173
185 1268
186 1262
187 1221
188 1241
189 1295
190 1264
191 1187
192 1229
193 1234
194 1243
195 1284
196 1229
197 1248
198 1247
199 1286
200 1203
201 1191
202 1146
203 1131
204 1224
205 1244
206 1172
207 1227
208 1233
209 1224
210 1277
211 1209
212 1254
213 1252
214 1328
215 1223
216 1183
217 1206
218 1185
219 1283
220 1278
221 1252
222 1285
223 1261
224 1227
225 1284
226 1252
227 1268
228 1267
229 1222
230 1265
231 1317
232 1235
233 1259
234 1225
235 1276
236 1263
237 1292
238 1284
239 1242
240 1293
241 1251
242 1207
243 1217
244 1240
245 1269
246 1252
247 1314
248 1261
249 1241
250 1281
251 1251
252 1290
253 1285
254 1267
255 1193
256 1347
257 1299
258 1271
259 1313
260 1257
261 1275
262 1242
263 1330
264 1264
265 1360
266 1339
267 1307
268 1319
269 1262
270 1294
271 1268
272 1291
273 1358
274 1308
275 1274
276 1321
277 1310
278 1342
279 1292
280 1305
281 1317
282 1289
283 1318
284 1420
285 1358
286 1359
287 1358
288 1444
289 1329
290 1356
291 1373
292 1387
293 1347
294 1360
295 1427
296 1413
297 1361
298 1401
299 1389
300 1349
301 1367
302 1382
303 1397
304 1442
305 1488
306 1402
307 1419
308 1494
309 1513
310 1420
311 1428
312 1381
313 1445
314 1401
315 1436
316 1460
317 1484
318 1436
319 1526
320 1472
321 1479
322 1429
323 1543
324 1443
325 1615
326 1449
327 1579
328 1557
329 1484
330 1544
331 1554
332 1482
333 1527
334 1605
335 1536
336 1520
337 1519
338 1551
339 1551
340 1570
341 1593
342 1560
343 1574
344 1541
345 1569
346 1557
347 1614
348 1546
349 1598
350 1559
351 1656
352 1570
353 1600
354 1611
355 1654
356 1632
357 1588
358 1639
359 1670
360 1638
361 1638
362 1662
363 1654
364 1680
365 1647
366 1671
367 1689
368 1685
369 1634
370 1656
371 1664
372 1673
373 1645
374 1647
375 1665
376 1694
377 1659
378 1689
379 1699
380 1659
381 1715
382 1680
383 1656
384 1730
385 1743
386 1601
387 1679
388 1783
389 1663
390 1730
391 1736
392 1672
393 1721
394 1666
395 1718
396 1706
397 1632
398 1774
399 1662
400 1697
401 1732
402 1635
403 1624
404 1677
405 1659
406 1716
407 1655
408 1722
409 1715
410 1716
411 1644
412 1599
413 1696
414 1692
415 1673
416 1651
417 1683
418 1627
419 1685
420 1669
421 1647
422 1572
423 1603
424 1654
425 1657
426 1696
427 1581
428 1632
429 1649
430 1677
431 1578
432 1592
433 1603
434 1576
435 1639
436 1601
437 1604
438 1581
439 1555
440 1647
441 1577
442 1612
443 1560
444 1579
445 1555
446 1541
447 1482
448 1528
449 1514
450 1565
451 1543
452 1560
453 1545
454 1554
455 1478
456 1515
457 1516
458 1497
459 1518
460 1432
461 1481
462 1453
463 1508
464 1519
465 1396
466 1454
467 1454
468 1550
469 1437
470 1429
471 1338
472 1431
473 1419
474 1396
475 1365
476 1351
477 1411
478 1441
479 1334
480 1364
481 1350
482 1396
483 1297
484 1296
485 1293
486 1300
487 1331
488 1311
489 1234
490 1270
491 1306
492 1213
493 1265
494 1277
495 1241
496 1235
497 1266
498 1168
499 1244
500 1200
501 1205
502 1226
503 1211
504 1185
505 1172
506 1174
507 1123
508 1181
509 1151
510 1137
511 1117
512 1105
513 1122
514 1124
515 1110
516 1109
517 1105
518 1074
519 1076
520 1079
521 1066
522 1004
523 1042
524 985
525 981
526 1018
527 1033
528 1037
529 984
530 949
531 973
532 1036
533 946
534 954
535 955
536 926
537 961
538 949
539 956
540 908
541 936
542 917
543 864
544 908
545 912
546 886
547 884
548 853
549 825
550 849
551 804
552 849
553 804
554 795
555 776
556 806
557 765
558 770
559 785
560 762
561 807
562 778
563 733
564 717
565 811
566 734
567 728
568 742
569 695
570 729
571 674
572 712
573 719
574 655
575 712
576 674
577 667
578 623
579 671
580 628
581 653
582 610
583 627
584 648
585 614
586 690
587 613
588 615
589 648
590 590
591 607
592 626
593 601
594 587
595 572
596 589
597 545
598 572
599 551
600 582
601 557
602 544
603 539
604 576
605 558
606 557
607 540
608 509
609 491
610 547
611 523
612 479
613 505
614 495
615 516
616 448
617 467
618 519
619 460
620 492
621 404
622 420
623 420
624 455
625 420
626 430
627 404
628 386
629 468
630 405
631 421
632 444
633 415
634 399
635 387
636 404
637 409
638 415
639 373
640 425
641 379
642 363
643 368
644 392
645 423
646 377
647 368
648 362
649 366
650 354
651 374
652 365
653 339
654 386
655 344
656 346
657 361
658 365
659 315
660 349
661 324
662 339
663 322
664 319
665 355
666 346
667 358
668 335
669 287
670 286
671 293
672 317
673 316
674 274
675 297
676 309
677 311
678 308
679 309
680 308
681 305
682 292
683 266
684 268
685 272
686 268
687 265
688 276
689 299
690 271
691 249
692 261
693 270
694 264
695 259
696 283
697 266
698 279
699 280
700 275
701 258
702 250
703 229
704 243
705 245
706 241
707 237
708 266
709 239
710 264
711 235
712 264
713 248
714 267
715 230
716 237
717 235
718 256
719 258
720 265
721 258
722 231
723 224
724 227
725 221
726 256
727 235
728 235
729 231
730 225
731 235
732 248
733 242
734 246
735 202
736 222
737 232
738 211
739 232
740 233
741 210
742 219
743 224
744 228
745 237
746 212
747 204
748 224
749 204
750 198
751 230
752 213
753 214
754 238
755 229
756 222
757 194
758 203
759 194
760 211
761 185
762 233
763 202
764 208
765 202
766 217
767 204
768 195
769 205
770 188
771 221
772 209
773 212
774 190
775 209
776 200
777 221
778 211
779 207
780 200
781 190
782 187
783 179
784 212
785 195
786 197
787 218
788 206
789 183
790 196
791 197
792 188
793 190
794 201
795 212
796 187
797 196
798 185
799 198
800 217
801 201
802 205
803 185
804 181
805 201
806 195
807 191
808 196
809 187
810 195
811 207
812 212
813 184
814 180
815 183
816 192
817 165
818 199
819 208
820 186
821 169
822 219
823 205
824 192
825 195
826 197
827 220
828 186
829 185
830 180
831 166
832 148
833 201
834 200
835 190
836 189
837 176
838 166
839 171
840 177
841 190
842 192
843 204
844 180
845 178
846 211
847 171
848 174
849 196
850 183
851 193
852 211
853 193
854 175
855 175
856 191
857 178
858 189
859 182
860 188
861 203
862 186
863 175
864 194
865 201
866 207
867 173
868 199
869 160
870 177
871 153
872 187
873 177
874 181
875 192
876 187
877 198
878 203
879 183
880 198
881 181
882 181
883 182
884 205
885 187
886 175
887 185
888 192
889 187
890 171
891 180
892 209
893 162
894 188
895 183
896 182
897 174
898 167
899 169
900 183
901 168
902 182
903 202
904 163
905 186
906 162
907 194
908 181
909 185
910 187
911 167
912 180
913 155
914 164
915 169
916 183
917 182
918 185
919 189
920 168
921 173
922 160
923 190
924 170
925 177
926 155
927 174
928 154
929 180
930 197
931 170
932 175
933 172
934 172
935 162
936 170
937 172
938 150
939 166
940 170
941 189
942 176
943 180
944 177
945 168
946 165
947 163
948 180
949 172
950 176
951 150
952 161
953 182
954 179
955 177
956 176
957 163
958 165
959 163
960 175
961 163
962 162
963 173
964 176
965 175
966 186
967 156
968 175
969 157
970 174
971 167
972 150
973 164
974 165
975 160
976 150
977 180
978 181
979 154
980 195
981 163
982 166
983 144
984 168
985 160
986 171
987 175
988 166
989 157
990 159
991 155
992 152
993 173
994 162
995 171
996 169
997 155
998 181
999 169
1000 153
1001 171
1002 178
1003 164
1004 140
1005 154
1006 140
1007 155
1008 160
1009 149
1010 166
1011 160
1012 170
1013 182
1014 148
1015 166
1016 168
1017 157
1018 143
1019 176
1020 155
1021 134
1022 138
1023 137
1024 159
1025 171
1026 162
1027 160
1028 158
1029 172
1030 171
1031 143
1032 145
1033 140
1034 155
1035 172
1036 159
1037 137
1038 164
1039 134
1040 155
1041 137
1042 172
1043 151
1044 162
1045 167
1046 131
1047 153
1048 160
1049 144
1050 168
1051 130
1052 155
1053 133
1054 142
1055 130
1056 141
1057 138
1058 157
1059 145
1060 147
1061 118
1062 147
1063 136
1064 126
1065 135
1066 140
1067 139
1068 143
1069 130
1070 154
1071 138
1072 132
1073 117
1074 134
1075 116
1076 134
1077 122
1078 126
1079 131
1080 143
1081 122
1082 131
1083 126
1084 128
1085 113
1086 130
1087 129
1088 113
1089 135
1090 126
1091 142
1092 113
1093 122
1094 137
1095 130
1096 121
1097 125
1098 115
1099 121
1100 110
1101 137
1102 135
1103 127
1104 120
1105 127
1106 120
1107 131
1108 130
1109 142
1110 128
1111 132
1112 115
1113 112
1114 118
1115 143
1116 106
1117 136
1118 121
1119 109
1120 112
1121 149
1122 115
1123 95
1124 125
1125 136
1126 100
1127 121
1128 94
1129 106
1130 120
1131 129
1132 125
1133 113
1134 114
1135 116
1136 104
1137 105
1138 105
1139 110
1140 126
1141 118
1142 89
1143 108
1144 102
1145 117
1146 129
1147 116
1148 112
1149 129
1150 95
1151 96
1152 115
1153 109
1154 124
1155 112
1156 101
1157 113
1158 97
1159 110
1160 101
1161 87
1162 102
1163 98
1164 86
1165 95
1166 118
1167 92
1168 105
1169 98
1170 92
1171 105
1172 98
1173 95
1174 97
1175 91
1176 88
1177 103
1178 114
1179 87
1180 92
1181 96
1182 81
1183 104
1184 90
1185 98
1186 87
1187 94
1188 93
1189 93
1190 76
1191 83
1192 92
1193 75
1194 87
1195 95
1196 78
1197 83
1198 99
1199 80
1200 90
1201 90
1202 86
1203 94
1204 90
1205 96
1206 83
1207 86
1208 77
1209 71
1210 103
1211 80
1212 66
1213 82
1214 101
1215 79
1216 100
1217 74
1218 67
1219 80
1220 75
1221 80
1222 71
1223 73
1224 81
1225 76
1226 85
1227 66
1228 77
1229 75
1230 93
1231 93
1232 68
1233 85
1234 74
1235 79
1236 82
1237 80
1238 85
1239 75
1240 65
1241 83
1242 52
1243 53
1244 68
1245 78
1246 48
1247 61
1248 80
1249 80
1250 77
1251 79
1252 64
1253 69
1254 66
1255 71
1256 69
1257 77
1258 75
1259 68
1260 81
1261 66
1262 62
1263 61
1264 69
1265 60
1266 49
1267 60
1268 67
1269 71
1270 66
1271 66
1272 62
1273 58
1274 66
1275 60
1276 55
1277 74
1278 60
1279 62
1280 64
1281 46
1282 52
1283 60
1284 59
1285 56
1286 52
1287 60
1288 63
1289 51
1290 70
1291 53
1292 69
1293 61
1294 71
1295 51
1296 57
1297 52
1298 40
1299 46
1300 58
1301 67
1302 61
1303 50
1304 44
1305 66
1306 53
1307 52
1308 46
1309 50
1310 53
1311 44
1312 53
1313 44
1314 48
1315 52
1316 53
1317 45
1318 47
1319 64
1320 61
1321 47
1322 42
1323 42
1324 48
1325 50
1326 39
1327 42
1328 40
1329 69
1330 48
1331 48
1332 45
1333 46
1334 47
1335 52
1336 46
1337 43
1338 34
1339 48
1340 43
1341 40
1342 43
1343 53
1344 44
1345 46
1346 33
1347 44
1348 45
1349 50
1350 36
1351 52
1352 39
1353 34
1354 40
1355 36
1356 41
1357 46
1358 43
1359 37
1360 47
1361 43
1362 43
1363 37
1364 41
1365 29
1366 27
1367 39
1368 37
1369 38
1370 41
1371 48
1372 37
1373 42
1374 33
1375 29
1376 40
1377 25
1378 36
1379 39
1380 34
1381 33
1382 23
1383 31
1384 36
1385 29
1386 38
1387 38
1388 33
1389 34
1390 41
1391 33
1392 39
1393 19
1394 34
1395 36
1396 26
1397 25
1398 31
1399 26
1400 32
1401 31
1402 35
1403 39
1404 26
1405 38
1406 38
1407 26
1408 38
1409 29
1410 31
1411 27
1412 32
1413 20
1414 40
1415 32
1416 34
1417 31
1418 41
1419 24
1420 26
1421 26
1422 22
1423 33
1424 35
1425 20
1426 30
1427 20
1428 28
1429 28
1430 20
1431 25
1432 24
1433 21
1434 26
1435 36
1436 25
1437 30
1438 35
1439 22
1440 33
1441 45
1442 23
1443 23
1444 26
1445 36
1446 24
1447 20
1448 18
1449 26
1450 25
1451 20
1452 28
1453 16
1454 20
1455 21
1456 26
1457 28
1458 16
1459 16
1460 18
1461 26
1462 28
1463 20
1464 23
1465 14
1466 13
1467 25
1468 16
1469 26
1470 24
1471 17
1472 20
1473 25
1474 20
1475 18
1476 26
1477 21
1478 13
1479 20
1480 25
1481 15
1482 22
1483 13
1484 18
1485 22
1486 25
1487 16
1488 25
1489 22
1490 22
1491 21
1492 18
1493 13
1494 11
1495 14
1496 24
1497 16
1498 14
1499 15
1500 18
1501 16
1502 16
1503 11
1504 21
1505 19
1506 13
1507 18
1508 19
1509 16
1510 13
1511 20
1512 11
1513 18
1514 12
1515 15
1516 13
1517 20
1518 16
1519 16
1520 16
1521 13
1522 16
1523 22
1524 12
1525 12
1526 19
1527 14
1528 10
1529 13
1530 10
1531 22
1532 10
1533 21
1534 12
1535 12
1536 17
1537 10
1538 15
1539 10
1540 16
1541 9
1542 12
1543 14
1544 12
1545 13
1546 20
1547 9
1548 16
1549 11
1550 12
1551 5
1552 11
1553 13
1554 12
1555 14
1556 13
1557 10
1558 12
1559 14
1560 16
1561 8
1562 11
1563 13
1564 12
1565 17
1566 6
1567 11
1568 6
1569 13
1570 11
1571 5
1572 15
1573 13
1574 12
1575 15
1576 11
1577 15
1578 7
1579 12
1580 6
1581 10
1582 9
1583 7
1584 10
1585 10
1586 16
1587 9
1588 7
1589 3
1590 16
1591 11
1592 12
1593 11
1594 9
1595 12
1596 8
1597 9
1598 15
1599 5
1600 7
1601 6
1602 6
1603 12
1604 9
1605 12
1606 6
1607 8
1608 10
1609 7
1610 12
1611 10
1612 8
1613 10
1614 7
1615 7
1616 10
1617 7
1618 5
1619 11
1620 9
1621 10
1622 2
1623 5
1624 9
1625 7
1626 7
1627 10
1628 7
1629 7
1630 11
1631 13
1632 10
1633 9
1634 8
1635 9
1636 5
1637 12
1638 7
1639 8
1640 3
1641 9
1642 6
1643 7
1644 7
1645 3
1646 3
1647 6
1648 4
1649 6
1650 4
1651 6
1652 9
1653 4
1654 5
1655 4
1656 5
1657 7
1658 5
1659 17
1660 4
1661 3
1662 5
1663 5
1664 6
1665 5
1666 8
1667 6
1668 8
1669 6
1670 7
1671 7
1672 3
1673 5
1674 2
1675 8
1676 3
1677 4
1678 6
1679 5
1680 2
1681 4
1682 6
1683 4
1684 8
1685 5
1686 5
1687 6
1688 2
1689 3
1690 2
1691 3
1692 3
1693 5
1694 8
1695 7
1696 4
1697 8
1698 4
1699 6
1700 5
1701 6
1702 6
1703 14
1704 4
1705 3
1706 2
1707 4
1708 4
1709 5
1710 3
1711 7
1712 4
1713 8
1714 2
1715 3
1716 3
1717 3
1718 11
1719 6
1720 2
1721 7
1722 2
1723 4
1724 5
1725 3
1726 3
1727 6
1728 4
1729 1
1730 1
1731 6
1732 2
1733 2
1734 4
1735 5
1736 2
1737 1
1738 1
1739 4
1740 6
1741 2
1742 5
1743 3
1744 3
1745 4
1746 1
1747 0
1748 6
1749 1
1750 6
1751 1
1752 5
1753 3
1754 5
1755 1
1756 1
1757 2
1758 7
1759 2
1760 1
1761 5
1762 1
1763 5
1764 3
1765 5
1766 3
1767 3
1768 5
1769 0
1770 4
1771 4
1772 1
1773 3
1774 1
1775 0
1776 2
1777 2
1778 3
1779 3
1780 2
1781 5
1782 3
1783 5
1784 0
1785 4
1786 2
1787 1
1788 2
1789 3
1790 2
1791 4
1792 2
1793 1
1794 3
1795 2
1796 2
1797 2
1798 2
1799 5
1800 1
1801 1
1802 2
1803 0
1804 2
1805 1
1806 3
1807 2
1808 1
1809 3
1810 0
1811 0
1812 0
1813 3
1814 0
1815 2
1816 1
1817 4
1818 3
1819 0
1820 1
1821 1
1822 2
1823 0
1824 2
1825 0
1826 1
1827 2
1828 2
1829 0
1830 2
1831 2
1832 1
1833 2
1834 1
1835 0
1836 0
1837 2
1838 5
1839 1
1840 0
1841 4
1842 1
1843 1
1844 2
1845 3
1846 2
1847 2
1848 1
1849 0
1850 1
1851 1
1852 1
1853 2
1854 0
1855 2
1856 1
1857 2
1858 1
1859 1
1860 3
1861 2
1862 3
1863 0
1864 0
1865 0
1866 1
1867 0
1868 0
1869 1
1870 1
1871 2
1872 0
1873 2
1874 0
1875 2
1876 2
1877 1
1878 1
1879 0
1880 0
1881 0
1882 1
1883 2
1884 0
1885 3
1886 1
1887 0
1888 1
1889 2
1890 1
1891 1
1892 0
1893 1
1894 4
1895 0
1896 1
1897 0
1898 4
1899 0
1900 0
1901 1
1902 0
1903 0
1904 0
1905 0
1906 1
1907 2
1908 0
1909 1
1910 0
1911 0
1912 1
1913 0
1914 1
1915 1
1916 0
1917 0
1918 0
1919 0
1920 1
1921 1
1922 1
1923 0
1924 0
1925 1
1926 0
1927 0
1928 1
1929 1
1930 0
1931 1
1932 0
1933 0
1934 1
1935 1
1936 0
1937 1
1938 0
1939 0
1940 1
1941 1
1942 0
1943 0
1944 0
1945 1
1946 1
1947 1
1948 1
1949 1
1950 0
1951 0
1952 1
1953 0
1954 0
1955 0
1956 0
1957 0
1958 0
1959 0
1960 0
1961 1
1962 0
1963 0
1964 0
1965 1
1966 1
1967 2
1968 0
1969 0
1970 0
1971 1
1972 1
1973 0
1974 0
1975 0
1976 0
1977 0
1978 1
1979 0
1980 1
1981 0
1982 0
1983 2
1984 0
1985 1
1986 0
1987 0
1988 1
1989 0
1990 0
1991 3
1992 0
1993 1
1994 0
1995 0
1996 0
1997 0
1998 0
1999 0
2000 0
2001 0
2002 1
2003 1
2004 0
2005 0
2006 0
2007 0
2008 1
2009 0
2010 1
2011 1
2012 0
2013 0
2014 0
2015 0
2016 0
2017 0
2018 2
2019 1
2020 0
2021 0
2022 0
2023 1
2024 0
2025 0
2026 1
2027 0
2028 0
2029 0
2030 3
2031 0
2032 0
2033 0
2034 0
2035 0
2036 0
2037 0
2038 0
2039 2
2040 0
2041 0
2042 0
2043 0
2044 0
2045 0
2046 0
2047 0
2048 0
2049 0
2050 0
2051 0
2052 0
2053 0
2054 0
2055 0
2056 1
2057 0
2058 0
2059 1
2060 0
2061 0
2062 0
2063 0
2064 0
2065 0
2066 0
2067 0
2068 0
2069 0
2070 0
2071 0
2072 0
2073 0
2074 0
2075 0
2076 0
2077 0
2078 0
2079 0
2080 1
2081 0
2082 0
2083 1
2084 1
2085 0
2086 1
2087 0
2088 0
2089 0
2090 0
2091 0
2092 0
2093 0
2094 0
2095 0
2096 0
2097 0
2098 0
2099 0
2100 0
2101 0
2102 0
2103 0
2104 0
2105 0
2106 0
2107 0
2108 0
2109 2
2110 0
2111 0
2112 0
2113 0
2114 0
2115 0
2116 0
2117 0
2118 0
2119 0
2120 0
2121 0
2122 0
2123 0
2124 0
2125 0
2126 0
2127 0
2128 1
2129 0
2130 1
2131 0
2132 0
2133 0
2134 0
2135 0
2136 1
2137 0
2138 0
2139 0
2140 0
2141 0
2142 0
2143 0
2144 0
2145 0
2146 0
2147 1
2148 0
2149 0
2150 0
2151 0
2152 0
2153 0
2154 0
2155 0
2156 0
2157 0
2158 0
2159 0
2160 0
2161 0
2162 0
2163 0
2164 0
2165 0
2166 0
2167 1
2168 0
2169 0
2170 0
2171 0
2172 0
2173 0
2174 0
2175 0
2176 0
2177 0
2178 1
2179 0
2180 0
2181 0
2182 0
2183 0
2184 0
2185 0
2186 0
2187 0
2188 0
2189 0
2190 0
2191 0
2192 0
2193 0
2194 0
2195 0
2196 0
2197 0
2198 0
2199 0
2200 0
2201 0
2202 0
2203 0
2204 0
2205 0
2206 0
2207 1
2208 0
2209 0
2210 0
2211 0
2212 0
2213 0
2214 0
2215 0
2216 0
2217 0
2218 0
2219 0
2220 0
2221 0
2222 0
2223 0
2224 0
2225 0
2226 0
2227 0
2228 0
2229 0
2230 0
2231 0
2232 0
2233 0
2234 0
2235 0
2236 0
2237 0
2238 0
2239 0
2240 0
2241 0
2242 0
2243 0
2244 0
2245 0
2246 0
2247 0
2248 0
2249 0
2250 0
2251 0
2252 0
2253 0
2254 0
2255 0
2256 0
2257 0
2258 0
2259 0
2260 0
2261 0
2262 0
2263 0
2264 0
2265 0
2266 0
2267 0
2268 0
2269 0
2270 0
2271 0
2272 0
2273 0
2274 0
2275 0
2276 0
2277 0
2278 0
2279 0
2280 0
2281 0
2282 0
2283 0
2284 0
2285 0
2286 0
2287 0
2288 0
2289 0
2290 0
2291 0
2292 0
2293 0
2294 0
2295 0
2296 0
2297 0
2298 0
2299 0
2300 0
2301 0
2302 0
2303 0
2304 0
2305 0
2306 0
2307 1
2308 0
2309 0
2310 0
2311 0
2312 0
2313 0
2314 0
2315 0
2316 0
2317 0
2318 0
2319 0
2320 0
2321 0
2322 0
2323 0
2324 0
2325 0
2326 0
2327 0
2328 0
2329 0
2330 0
2331 0
2332 0
2333 0
2334 0
2335 0
2336 0
2337 0
2338 0
2339 0
2340 0
2341 0
2342 0
2343 0
2344 0
2345 0
2346 0
2347 1
2348 0
2349 0
2350 0
2351 0
2352 0
2353 0
2354 0
2355 0
2356 0
2357 0
2358 0
2359 0
2360 0
2361 0
2362 0
2363 0
2364 0
2365 0
2366 0
2367 0
2368 1
2369 0
2370 0
2371 0
2372 0
2373 0
2374 0
2375 0
2376 0
2377 0
2378 0
2379 0
2380 0
2381 0
2382 0
2383 0
2384 0
2385 0
2386 0
2387 0
2388 0
2389 0
2390 0
2391 0
2392 0
2393 0
2394 0
2395 0
2396 0
2397 0
2398 0
2399 0
2400 0
2401 0
2402 0
2403 0
2404 0
2405 0
2406 0
2407 0
2408 0
2409 0
2410 0
2411 0
2412 0
2413 0
2414 0
2415 0
2416 0
2417 0
2418 0
2419 1
2420 0
2421 0
2422 0
2423 0
2424 0
2425 0
2426 0
2427 0
2428 0
2429 0
2430 0
2431 0
2432 0
2433 0
2434 0
2435 0
2436 0
2437 0
2438 0
2439 0
2440 0
2441 0
2442 0
2443 0
2444 0
2445 0
2446 0
2447 0
2448 0
2449 0
2450 0
2451 1
2452 0
2453 0
2454 0
2455 0
2456 0
2457 0
2458 0
2459 0
2460 0
2461 0
2462 0
2463 0
2464 0
2465 0
2466 0
2467 0
2468 0
2469 0
2470 0
2471 0
2472 0
2473 0
2474 0
2475 0
2476 0
2477 0
2478 0
2479 0
2480 0
2481 0
2482 0
2483 0
2484 0
2485 0
2486 0
2487 0
2488 0
2489 0
2490 1
2491 0
2492 0
2493 0
2494 0
2495 0
2496 0
2497 0
2498 0
2499 0
2500 0
2501 0
2502 0
2503 0
2504 1
2505 0
2506 0
2507 0
2508 0
2509 0
2510 0
2511 0
2512 0
2513 0
2514 0
2515 0
2516 0
2517 0
2518 0
2519 0
2520 0
2521 0
2522 0
2523 0
2524 0
2525 0
2526 0
2527 0
2528 0
2529 0
2530 0
2531 0
2532 0
2533 0
2534 0
2535 0
2536 0
2537 0
2538 0
2539 0
2540 0
2541 0
2542 0
2543 0
2544 0
2545 0
2546 0
2547 0
2548 0
2549 0
2550 0
2551 0
2552 0
2553 0
2554 0
2555 0
2556 0
2557 0
2558 0
2559 0
2560 0
2561 0
2562 0
2563 0
2564 0
2565 0
2566 0
2567 0
2568 0
2569 0
2570 0
2571 0
2572 0
2573 0
2574 0
2575 0
2576 0
2577 0
2578 0
2579 0
2580 0
2581 0
2582 0
2583 0
2584 0
2585 0
2586 0
2587 0
2588 0
2589 0
2590 0
2591 0
2592 0
2593 0
2594 0
2595 0
2596 0
2597 0
2598 0
2599 0
2600 0
2601 0
2602 0
2603 0
2604 0
2605 0
2606 0
2607 0
2608 0
2609 0
2610 0
2611 0
2612 0
2613 0
2614 0
2615 0
2616 0
2617 1
2618 0
2619 0
2620 0
2621 0
2622 0
2623 0
2624 0
2625 0
2626 0
2627 0
2628 0
2629 0
2630 0
2631 0
2632 0
2633 0
2634 0
2635 0
2636 1
2637 0
2638 0
2639 0
2640 0
2641 0
2642 0
2643 0
2644 0
2645 0
2646 0
2647 0
2648 0
2649 0
2650 0
2651 0
2652 0
2653 0
2654 0
2655 0
2656 0
2657 0
2658 0
2659 0
2660 0
2661 0
2662 0
2663 0
2664 0
2665 0
2666 0
2667 0
2668 0
2669 0
2670 0
2671 0
2672 0
2673 0
2674 0
2675 0
2676 0
2677 0
2678 0
2679 0
2680 0
2681 0
2682 0
2683 0
2684 0
2685 0
2686 0
2687 0
2688 0
2689 0
2690 0
2691 0
2692 0
2693 0
2694 0
2695 0
2696 0
2697 0
2698 0
2699 0
2700 0
2701 0
2702 0
2703 0
2704 0
2705 0
2706 0
2707 0
2708 0
2709 0
2710 0
2711 0
2712 0
2713 0
2714 0
2715 0
2716 0
2717 0
2718 0
2719 0
2720 0
2721 0
2722 0
2723 0
2724 0
2725 0
2726 0
2727 0
2728 0
2729 0
2730 0
2731 0
2732 0
2733 0
2734 0
2735 0
2736 0
2737 0
2738 0
2739 0
2740 0
2741 0
2742 0
2743 0
2744 0
2745 0
2746 0
2747 0
2748 0
2749 0
2750 0
2751 0
2752 0
2753 0
2754 0
2755 0
2756 0
2757 0
2758 0
2759 0
2760 0
2761 0
2762 0
2763 0
2764 0
2765 0
2766 0
2767 0
2768 0
2769 0
2770 0
2771 0
2772 0
2773 0
2774 0
2775 0
2776 0
2777 0
2778 0
2779 0
2780 0
2781 0
2782 0
2783 0
2784 0
2785 0
2786 0
2787 0
2788 0
2789 0
2790 0
2791 0
2792 0
2793 0
2794 0
2795 0
2796 0
2797 0
2798 0
2799 0
2800 0
2801 0
2802 0
2803 0
2804 0
2805 0
2806 0
2807 0
2808 0
2809 0
2810 0
2811 0
2812 0
2813 0
2814 0
2815 0
2816 0
2817 0
2818 0
2819 0
2820 0
2821 0
2822 0
2823 0
2824 0
2825 0
2826 0
2827 0
2828 0
2829 0
2830 0
2831 0
2832 0
2833 0
2834 0
2835 0
2836 0
2837 0
2838 0
2839 0
2840 0
2841 0
2842 0
2843 0
2844 0
2845 0
2846 0
2847 0
2848 0
2849 0
2850 0
2851 0
2852 0
2853 0
2854 0
2855 0
2856 0
2857 0
2858 0
2859 0
2860 0
2861 0
2862 0
2863 0
2864 0
2865 0
2866 0
2867 0
2868 0
2869 0
2870 0
2871 0
2872 0
2873 0
2874 0
2875 0
2876 0
2877 0
2878 0
2879 0
2880 0
2881 0
2882 0
2883 0
2884 0
2885 0
2886 0
2887 0
2888 0
2889 0
2890 0
2891 0
2892 0
2893 0
2894 0
2895 0
2896 0
2897 0
2898 0
2899 0
2900 0
2901 0
2902 0
2903 0
2904 0
2905 0
2906 0
2907 0
2908 0
2909 0
2910 0
2911 0
2912 0
2913 0
2914 0
2915 0
2916 0
2917 0
2918 0
2919 0
2920 0
2921 0
2922 0
2923 0
2924 0
2925 0
2926 0
2927 0
2928 0
2929 0
2930 0
2931 0
2932 0
2933 0
2934 0
2935 0
2936 0
2937 0
2938 0
2939 0
2940 0
2941 0
2942 0
2943 0
2944 0
2945 0
2946 0
2947 0
2948 0
2949 0
2950 0
2951 0
2952 0
2953 0
2954 0
2955 0
2956 0
2957 0
2958 0
2959 0
2960 0
2961 0
2962 0
2963 0
2964 0
2965 0
2966 0
2967 0
2968 0
2969 0
2970 0
2971 0
2972 0
2973 0
2974 0
2975 0
2976 0
2977 0
2978 0
2979 0
2980 0
2981 0
2982 0
2983 0
2984 0
2985 0
2986 0
2987 0
2988 0
2989 0
2990 0
2991 0
2992 0
2993 0
2994 0
2995 0
2996 0
2997 0
2998 0
2999 0
3000 0
3001 0
3002 0
3003 0
3004 0
3005 0
3006 0
3007 0
3008 0
3009 1
3010 0
3011 0
3012 0
3013 0
3014 0
3015 0
3016 0
3017 0
3018 0
3019 0
3020 0
3021 0
3022 0
3023 0
3024 0
3025 0
3026 0
3027 0
3028 0
3029 0
3030 0
3031 0
3032 0
3033 0
3034 0
3035 0
3036 0
3037 0
3038 0
3039 0
3040 0
3041 0
3042 0
3043 0
3044 0
3045 0
3046 1
3047 0
3048 0
3049 0
3050 0
3051 0
3052 0
3053 0
3054 0
3055 0
3056 0
3057 0
3058 0
3059 0
3060 0
3061 0
3062 0
3063 0
3064 0
3065 0
3066 0
3067 0
3068 0
3069 0
3070 0
3071 0
3072 0
3073 0
3074 0
3075 0
3076 0
3077 0
3078 0
3079 0
3080 0
3081 0
3082 0
3083 0
3084 0
3085 0
3086 0
3087 0
3088 0
3089 0
3090 0
3091 0
3092 0
3093 0
3094 0
3095 0
3096 0
3097 0
3098 0
3099 0
3100 0
3101 0
3102 0
3103 0
3104 0
3105 0
3106 0
3107 0
3108 0
3109 0
3110 0
3111 0
3112 0
3113 0
3114 0
3115 0
3116 0
3117 0
3118 0
3119 0
3120 0
3121 0
3122 0
3123 0
3124 0
3125 0
3126 0
3127 0
3128 0
3129 0
3130 0
3131 0
3132 0
3133 0
3134 0
3135 0
3136 0
3137 0
3138 0
3139 0
3140 0
3141 0
3142 0
3143 0
3144 0
3145 0
3146 0
3147 0
3148 0
3149 0
3150 0
3151 0
3152 0
3153 0
3154 0
3155 0
3156 0
3157 0
3158 0
3159 0
3160 0
3161 0
3162 0
3163 0
3164 0
3165 1
3166 0
3167 0
3168 0
3169 0
3170 0
3171 0
3172 0
3173 0
3174 0
3175 0
3176 0
3177 0
3178 0
3179 0
3180 0
3181 0
3182 0
3183 0
3184 0
3185 0
3186 0
3187 0
3188 0
3189 0
3190 0
3191 0
3192 0
3193 0
3194 0
3195 0
3196 0
3197 0
3198 0
3199 0
3200 0
3201 0
3202 0
3203 0
3204 0
3205 0
3206 0
3207 0
3208 0
3209 0
3210 0
3211 0
3212 0
3213 0
3214 0
3215 0
3216 0
3217 0
3218 0
3219 0
3220 0
3221 0
3222 0
3223 1
3224 0
3225 0
3226 0
3227 0
3228 0
3229 0
3230 0
3231 0
3232 0
3233 0
3234 0
3235 0
3236 0
3237 0
3238 0
3239 0
3240 0
3241 0
3242 0
3243 0
3244 0
3245 0
3246 0
3247 0
3248 0
3249 0
3250 0
3251 0
3252 0
3253 0
3254 0
3255 0
3256 0
3257 0
3258 0
3259 0
3260 0
3261 1
3262 0
3263 0
3264 0
3265 0
3266 0
3267 0
3268 0
3269 0
3270 0
3271 0
3272 0
3273 0
3274 0
3275 0
3276 0
3277 0
3278 0
3279 0
3280 0
3281 0
3282 0
3283 0
3284 0
3285 0
3286 0
3287 0
3288 0
3289 0
3290 0
3291 0
3292 0
3293 0
3294 0
3295 1
3296 0
3297 0
3298 0
3299 0
3300 0
3301 0
3302 0
3303 0
3304 0
3305 0
3306 0
3307 0
3308 0
3309 0
3310 0
3311 0
3312 0
3313 0
3314 0
3315 0
3316 0
3317 0
3318 0
3319 0
3320 0
3321 0
3322 1
3323 0
3324 0
3325 0
3326 0
3327 0
3328 0
3329 0
3330 0
3331 0
3332 0
3333 0
3334 0
3335 0
3336 0
3337 0
3338 0
3339 0
3340 0
3341 0
3342 0
3343 0
3344 0
3345 0
3346 0
3347 0
3348 0
3349 0
3350 0
3351 0
3352 1
3353 0
3354 0
3355 0
3356 0
3357 0
3358 0
3359 0
3360 0
3361 0
3362 0
3363 0
3364 0
3365 0
3366 0
3367 0
3368 0
3369 0
3370 0
3371 0
3372 0
3373 0
3374 0
3375 0
3376 0
3377 0
3378 0
3379 0
3380 0
3381 0
3382 0
3383 0
3384 0
3385 0
3386 0
3387 0
3388 0
3389 0
3390 0
3391 0
3392 0
3393 0
3394 0
3395 0
3396 0
3397 0
3398 0
3399 0
3400 0
3401 0
3402 0
3403 0
3404 0
3405 0
3406 0
3407 0
3408 0
3409 0
3410 0
3411 0
3412 0
3413 0
3414 0
3415 0
3416 0
3417 0
3418 0
3419 0
3420 0
3421 0
3422 0
3423 0
3424 0
3425 0
3426 0
3427 0
3428 0
3429 0
3430 0
3431 0
3432 0
3433 0
3434 1
3435 0
3436 0
3437 0
3438 0
3439 0
3440 0
3441 0
3442 0
3443 0
3444 0
3445 0
3446 0
3447 0
3448 0
3449 0
3450 0
3451 0
3452 0
3453 0
3454 0
3455 0
3456 0
3457 0
3458 0
3459 0
3460 0
3461 0
3462 0
3463 0
3464 0
3465 0
3466 0
3467 0
3468 0
3469 0
3470 0
3471 0
3472 0
3473 0
3474 0
3475 0
3476 0
3477 0
3478 0
3479 0
3480 0
3481 0
3482 0
3483 1
3484 0
3485 0
3486 0
3487 0
3488 0
3489 0
3490 0
3491 0
3492 0
3493 0
3494 0
3495 0
3496 0
3497 0
3498 0
3499 0
3500 0
3501 0
3502 0
3503 0
3504 0
3505 0
3506 0
3507 0
3508 0
3509 0
3510 0
3511 0
3512 0
3513 0
3514 0
3515 0
3516 0
3517 0
3518 0
3519 0
3520 0
3521 0
3522 0
3523 0
3524 0
3525 0
3526 0
3527 0
3528 0
3529 0
3530 0
3531 0
3532 0
3533 0
3534 0
3535 0
3536 0
3537 0
3538 0
3539 0
3540 0
3541 0
3542 0
3543 0
3544 0
3545 0
3546 0
3547 0
3548 0
3549 0
3550 0
3551 0
3552 0
3553 0
3554 0
3555 0
3556 0
3557 0
3558 0
3559 0
3560 0
3561 0
3562 0
3563 0
3564 0
3565 0
3566 0
3567 0
3568 0
3569 0
3570 0
3571 0
3572 0
3573 0
3574 0
3575 0
3576 0
3577 0
3578 0
3579 0
3580 0
3581 0
3582 0
3583 0
3584 0
3585 0
3586 0
3587 0
3588 0
3589 0
3590 0
3591 0
3592 0
3593 0
3594 0
3595 0
3596 0
3597 0
3598 0
3599 0
3600 0
3601 0
3602 0
3603 0
3604 0
3605 0
3606 0
3607 0
3608 0
3609 0
3610 0
3611 0
3612 0
3613 0
3614 0
3615 0
3616 0
3617 0
3618 0
3619 0
3620 0
3621 0
3622 0
3623 0
3624 0
3625 0
3626 0
3627 0
3628 1
3629 0
3630 0
3631 0
3632 0
3633 0
3634 0
3635 0
3636 0
3637 0
3638 0
3639 0
3640 0
3641 0
3642 0
3643 0
3644 1
3645 0
3646 0
3647 0
3648 0
3649 0
3650 0
3651 0
3652 0
3653 0
3654 0
3655 0
3656 0
3657 0
3658 0
3659 0
3660 0
3661 0
3662 0
3663 0
3664 0
3665 0
3666 0
3667 0
3668 0
3669 0
3670 0
3671 0
3672 0
3673 0
3674 0
3675 0
3676 0
3677 0
3678 0
3679 0
3680 0
3681 0
3682 0
3683 0
3684 0
3685 0
3686 0
3687 0
3688 0
3689 0
3690 0
3691 0
3692 0
3693 0
3694 0
3695 0
3696 0
3697 0
3698 0
3699 0
3700 0
3701 0
3702 0
3703 0
3704 0
3705 0
3706 0
3707 0
3708 0
3709 0
3710 0
3711 0
3712 0
3713 0
3714 0
3715 0
3716 0
3717 0
3718 0
3719 0
3720 0
3721 0
3722 0
3723 0
3724 0
3725 0
3726 0
3727 0
3728 0
3729 0
3730 0
3731 0
3732 0
3733 0
3734 0
3735 0
3736 0
3737 0
3738 0
3739 0
3740 0
3741 0
3742 0
3743 0
3744 0
3745 0
3746 0
3747 0
3748 0
3749 1
3750 0
3751 0
3752 0
3753 0
3754 0
3755 0
3756 0
3757 0
3758 0
3759 0
3760 0
3761 0
3762 0
3763 0
3764 0
3765 0
3766 0
3767 0
3768 0
3769 0
3770 0
3771 0
3772 0
3773 0
3774 0
3775 0
3776 0
3777 0
3778 0
3779 1
3780 0
3781 0
3782 0
3783 0
3784 0
3785 0
3786 0
3787 0
3788 0
3789 0
3790 0
3791 0
3792 0
3793 0
3794 0
3795 0
3796 0
3797 0
3798 0
3799 0
3800 0
3801 0
3802 0
3803 0
3804 0
3805 0
3806 0
3807 0
3808 0
3809 0
3810 0
3811 0
3812 0
3813 0
3814 0
3815 0
3816 0
3817 0
3818 0
3819 0
3820 0
3821 0
3822 0
3823 0
3824 0
3825 0
3826 0
3827 0
3828 0
3829 0
3830 0
3831 0
3832 0
3833 0
3834 0
3835 0
3836 0
3837 0
3838 0
3839 0
3840 0
3841 0
3842 0
3843 0
3844 0
3845 0
3846 0
3847 0
3848 0
3849 0
3850 0
3851 0
3852 0
3853 0
3854 0
3855 0
3856 0
3857 0
3858 0
3859 0
3860 0
3861 0
3862 0
3863 0
3864 0
3865 0
3866 0
3867 0
3868 0
3869 0
3870 0
3871 0
3872 0
3873 0
3874 0
3875 0
3876 0
3877 0
3878 0
3879 0
3880 0
3881 0
3882 0
3883 0
3884 0
3885 0
3886 0
3887 0
3888 0
3889 0
3890 0
3891 0
3892 0
3893 0
3894 0
3895 0
3896 0
3897 0
3898 0
3899 0
3900 0
3901 0
3902 0
3903 0
3904 0
3905 0
3906 0
3907 0
3908 0
3909 0
3910 1
3911 0
3912 0
3913 0
3914 0
3915 0
3916 0
3917 0
3918 0
3919 0
3920 0
3921 0
3922 0
3923 0
3924 0
3925 0
3926 1
3927 0
3928 0
3929 0
3930 0
3931 0
3932 0
3933 0
3934 0
3935 0
3936 0
3937 0
3938 0
3939 0
3940 0
3941 0
3942 0
3943 0
3944 0
3945 0
3946 1
3947 0
3948 0
3949 0
3950 0
3951 0
3952 0
3953 0
3954 0
3955 0
3956 0
3957 0
3958 0
3959 0
3960 0
3961 0
3962 0
3963 0
3964 0
3965 0
3966 0
3967 0
3968 0
3969 0
3970 0
3971 0
3972 0
3973 0
3974 0
3975 0
3976 0
3977 0
3978 0
3979 0
3980 0
3981 0
3982 0
3983 0
3984 0
3985 0
3986 0
3987 0
3988 0
3989 0
3990 0
3991 0
3992 0
3993 0
3994 0
3995 0
3996 0
3997 0
3998 0
3999 0
4000 0
