0 0
1 0
2 0
3 0
4 0
5 0
6 0
7 0
8 0
9 0
10 0
11 0
12 0
13 0
14 0
15 0
16 0
17 0
18 0
19 0
20 0
21 0
22 0
23 0
24 0
25 0
26 0
27 0
28 0
29 0
30 0
31 0
32 0
33 0
34 0
35 0
36 0
37 0
38 0
39 0
40 0
41 0
42 0
43 0
44 0
45 0
46 0
47 0
48 0
49 0
50 0
51 0
52 0
53 0
54 0
55 0
56 0
57 0
58 0
59 0
60 0
61 0
62 0
63 0
64 0
65 0
66 0
67 0
68 0
69 0
70 0
71 0
72 0
73 0
74 0
75 0
76 0
77 0
78 0
79 0
80 0
81 0
82 0
83 0
84 0
85 0
86 4
87 16
88 14
89 12
90 23
91 35
92 18
93 17
94 17
95 17
96 14
97 15
98 11
99 14
100 7
101 9
102 10
103 5
104 11
105 9
106 8
107 5
108 8
109 9
110 19
111 123
112 586
113 1904
114 3833
115 5756
116 7188
117 7715
118 7701
119 7771
120 7323
121 6823
122 6096
123 5488
124 4851
125 4144
126 3510
127 3264
128 2802
129 2490
130 2209
131 2028
132 1759
133 1660
134 1633
135 1508
136 1357
137 1385
138 1374
139 1368
140 1308
141 1274
142 1382
143 1374
144 1390
145 1326
146 1444
147 1335
148 1393
149 1393
150 1427
151 1429
152 1385
153 1431
154 1417
155 1363
156 1350
157 1363
158 1336
159 1404
160 1318
161 1307
162 1375
163 1360
164 1402
165 1294
166 1412
167 1363
168 1365
169 1391
170 1397
171 1410
172 1407
173 1494
174 1501
175 1405
176 1497
177 1398
178 1405
179 1494
180 1428
181 1381
182 1474
183 1436
184 1376
185 1507
186 1418
187 1474
188 1465
189 1486
190 1514
191 1481
192 1400
193 1539
194 1526
195 1555
196 1470
197 1472
198 1472
199 1504
200 1512
201 1447
202 1459
203 1469
204 1565
205 1459
206 1500
207 1512
208 1545
209 1510
210 1456
211 1487
212 1485
213 1478
214 1531
215 1548
216 1537
217 1511
218 1477
219 1516
220 1544
221 1566
222 1546
223 1519
224 1558
225 1557
226 1500
227 1524
228 1541
229 1577
230 1551
231 1594
232 1565
233 1541
234 1571
235 1539
236 1606
237 1602
238 1644
239 1635
240 1608
241 1681
242 1658
243 1654
244 1584
245 1595
246 1579
247 1600
248 1572
249 1619
250 1664
251 1724
252 1660
253 1642
254 1681
255 1624
256 1667
257 1681
258 1657
259 1697
260 1652
261 1690
262 1739
263 1725
264 1659
265 1721
266 1736
267 1721
268 1728
269 1697
270 1765
271 1818
272 1719
273 1764
274 1722
275 1698
276 1716
277 1774
278 1727
279 1788
280 1794
281 1877
282 1795
283 1719
284 1880
285 1846
286 1745
287 1769
288 1778
289 1834
290 1822
291 1838
292 1815
293 1827
294 1842
295 1837
296 1887
297 1862
298 1848
299 1896
300 1766
301 1925
302 1808
303 1867
304 1909
305 1864
306 1853
307 1972
308 1929
309 1790
310 1933
311 1965
312 1970
313 1958
314 1909
315 1809
316 2000
317 2003
318 1879
319 1945
320 1936
321 1984
322 2011
323 1909
324 1933
325 2024
326 1851
327 1965
328 2010
329 2042
330 1976
331 1980
332 2023
333 2088
334 2011
335 2044
336 2026
337 1984
338 2004
339 1979
340 1993
341 1973
342 2044
343 1963
344 1985
345 1983
346 1970
347 2045
348 2055
349 1985
350 2025
351 1976
352 1979
353 2041
354 2036
355 1977
356 2091
357 1999
358 1948
359 1987
360 2009
361 2043
362 2002
363 1938
364 1989
365 1960
366 1952
367 1964
368 1987
369 2019
370 1970
371 1980
372 1951
373 1923
374 1863
375 1987
376 1966
377 1960
378 1983
379 2033
380 2000
381 1905
382 1902
383 1911
384 1906
385 1893
386 1899
387 1961
388 1830
389 1911
390 1865
391 1855
392 1927
393 1884
394 1874
395 1878
396 1856
397 1771
398 1803
399 1811
400 1829
401 1766
402 1752
403 1765
404 1862
405 1723
406 1821
407 1841
408 1824
409 1783
410 1694
411 1659
412 1723
413 1786
414 1731
415 1625
416 1691
417 1646
418 1641
419 1607
420 1615
421 1654
422 1626
423 1683
424 1703
425 1594
426 1575
427 1592
428 1654
429 1591
430 1586
431 1558
432 1562
433 1577
434 1539
435 1498
436 1548
437 1537
438 1502
439 1514
440 1514
441 1496
442 1449
443 1408
444 1460
445 1456
446 1405
447 1425
448 1428
449 1495
450 1430
451 1354
452 1363
453 1384
454 1386
455 1314
456 1419
457 1338
458 1330
459 1310
460 1334
461 1250
462 1270
463 1307
464 1272
465 1263
466 1266
467 1248
468 1252
469 1207
470 1240
471 1183
472 1199
473 1189
474 1167
475 1228
476 1162
477 1156
478 1086
479 1127
480 1109
481 1118
482 1133
483 1037
484 1043
485 1078
486 1086
487 1072
488 1039
489 998
490 1026
491 1007
492 1032
493 987
494 1042
495 1041
496 988
497 951
498 1049
499 995
500 884
501 902
502 921
503 929
504 903
505 888
506 903
507 852
508 851
509 903
510 845
511 830
512 850
513 842
514 808
515 784
516 873
517 782
518 807
519 766
520 800
521 818
522 735
523 790
524 711
525 806
526 710
527 803
528 715
529 709
530 721
531 720
532 720
533 718
534 718
535 704
536 651
537 677
538 632
539 674
540 674
541 662
542 678
543 634
544 651
545 665
546 610
547 629
548 599
549 605
550 538
551 602
552 575
553 562
554 575
555 571
556 608
557 579
558 601
559 572
560 544
561 514
562 512
563 548
564 525
565 538
566 488
567 530
568 536
569 526
570 488
571 503
572 495
573 478
574 475
575 494
576 471
577 449
578 446
579 487
580 464
581 449
582 440
583 459
584 478
585 439
586 435
587 436
588 443
589 460
590 408
591 450
592 449
593 436
594 427
595 412
596 429
597 392
598 451
599 414
600 389
601 417
602 395
603 387
604 391
605 356
606 375
607 387
608 375
609 380
610 393
611 351
612 338
613 360
614 382
615 375
616 389
617 353
618 346
619 370
620 349
621 328
622 345
623 335
624 334
625 349
626 352
627 329
628 326
629 336
630 344
631 319
632 307
633 346
634 305
635 294
636 336
637 338
638 303
639 331
640 312
641 303
642 316
643 275
644 299
645 316
646 310
647 280
648 312
649 309
650 295
651 287
652 303
653 305
654 306
655 283
656 297
657 295
658 289
659 287
660 262
661 293
662 275
663 281
664 296
665 286
666 275
667 285
668 292
669 281
670 264
671 297
672 294
673 273
674 276
675 262
676 290
677 258
678 274
679 262
680 222
681 299
682 281
683 271
684 244
685 282
686 270
687 260
688 256
689 265
690 240
691 259
692 276
693 238
694 281
695 293
696 237
697 256
698 237
699 276
700 289
701 238
702 250
703 231
704 261
705 234
706 239
707 253
708 246
709 238
710 232
711 259
712 237
713 234
714 275
715 254
716 274
717 225
718 254
719 215
720 241
721 244
722 207
723 248
724 235
725 271
726 243
727 267
728 204
729 253
730 256
731 219
732 227
733 251
734 233
735 248
736 260
737 234
738 237
739 219
740 251
741 250
742 221
743 230
744 235
745 242
746 238
747 208
748 228
749 219
750 217
751 236
752 225
753 220
754 249
755 260
756 230
757 248
758 255
759 244
760 221
761 246
762 248
763 255
764 228
765 246
766 262
767 223
768 236
769 225
770 247
771 237
772 243
773 236
774 194
775 239
776 223
777 216
778 245
779 215
780 226
781 224
782 233
783 221
784 179
785 209
786 213
787 238
788 213
789 226
790 224
791 246
792 230
793 261
794 229
795 204
796 208
797 214
798 248
799 210
800 213
801 200
802 228
803 242
804 222
805 211
806 191
807 215
808 217
809 221
810 198
811 212
812 244
813 227
814 215
815 198
816 203
817 221
818 209
819 207
820 221
821 220
822 197
823 199
824 195
825 189
826 225
827 234
828 203
829 241
830 229
831 222
832 213
833 220
834 206
835 183
836 210
837 208
838 201
839 202
840 229
841 220
842 190
843 204
844 184
845 214
846 210
847 223
848 177
849 174
850 205
851 208
852 206
853 187
854 215
855 199
856 198
857 220
858 217
859 206
860 202
861 226
862 194
863 193
864 179
865 214
866 196
867 213
868 237
869 205
870 201
871 209
872 197
873 175
874 215
875 194
876 196
877 198
878 206
879 197
880 196
881 168
882 212
883 197
884 186
885 212
886 195
887 216
888 236
889 224
890 201
891 183
892 175
893 231
894 219
895 183
896 201
897 145
898 193
899 200
900 196
901 186
902 184
903 187
904 190
905 215
906 220
907 170
908 187
909 183
910 194
911 191
912 198
913 177
914 171
915 191
916 184
917 171
918 184
919 170
920 151
921 156
922 183
923 166
924 170
925 166
926 190
927 184
928 162
929 175
930 185
931 188
932 194
933 183
934 163
935 171
936 155
937 170
938 184
939 185
940 203
941 176
942 173
943 164
944 169
945 190
946 170
947 168
948 157
949 175
950 175
951 175
952 167
953 161
954 188
955 157
956 173
957 170
958 159
959 162
960 164
961 151
962 152
963 171
964 168
965 132
966 172
967 148
968 143
969 158
970 162
971 171
972 147
973 143
974 151
975 123
976 134
977 172
978 171
979 144
980 148
981 145
982 171
983 139
984 157
985 163
986 134
987 149
988 137
989 148
990 137
991 163
992 168
993 152
994 174
995 144
996 141
997 129
998 138
999 135
1000 139
1001 130
1002 145
1003 138
1004 140
1005 152
1006 124
1007 142
1008 132
1009 131
1010 140
1011 118
1012 135
1013 148
1014 135
1015 147
1016 140
1017 147
1018 133
1019 130
1020 141
1021 113
1022 126
1023 116
1024 119
1025 106
1026 115
1027 118
1028 103
1029 128
1030 114
1031 115
1032 117
1033 136
1034 147
1035 119
1036 108
1037 112
1038 117
1039 123
1040 116
1041 120
1042 120
1043 122
1044 119
1045 114
1046 113
1047 108
1048 127
1049 96
1050 108
1051 121
1052 107
1053 105
1054 99
1055 113
1056 121
1057 114
1058 111
1059 106
1060 121
1061 118
1062 103
1063 105
1064 104
1065 111
1066 120
1067 113
1068 115
1069 106
1070 108
1071 103
1072 108
1073 103
1074 121
1075 85
1076 102
1077 98
1078 102
1079 99
1080 102
1081 104
1082 109
1083 106
1084 104
1085 106
1086 99
1087 120
1088 116
1089 105
1090 100
1091 96
1092 101
1093 79
1094 105
1095 97
1096 73
1097 87
1098 96
1099 94
1100 99
1101 99
1102 83
1103 102
1104 84
1105 80
1106 88
1107 81
1108 89
1109 89
1110 80
1111 90
1112 90
1113 68
1114 70
1115 86
1116 84
1117 60
1118 81
1119 70
1120 72
1121 85
1122 83
1123 88
1124 57
1125 69
1126 82
1127 73
1128 81
1129 88
1130 89
1131 85
1132 60
1133 61
1134 76
1135 79
1136 83
1137 78
1138 75
1139 72
1140 79
1141 77
1142 74
1143 72
1144 86
1145 77
1146 68
1147 65
1148 78
1149 73
1150 66
1151 77
1152 63
1153 74
1154 75
1155 64
1156 52
1157 66
1158 71
1159 64
1160 69
1161 72
1162 70
1163 73
1164 54
1165 63
1166 58
1167 68
1168 64
1169 44
1170 51
1171 57
1172 50
1173 59
1174 74
1175 59
1176 54
1177 60
1178 61
1179 80
1180 68
1181 56
1182 49
1183 74
1184 70
1185 50
1186 57
1187 55
1188 59
1189 53
1190 44
1191 56
1192 48
1193 73
1194 50
1195 62
1196 48
1197 55
1198 65
1199 44
1200 50
1201 66
1202 63
1203 46
1204 55
1205 40
1206 49
1207 53
1208 59
1209 49
1210 51
1211 41
1212 47
1213 48
1214 50
1215 50
1216 59
1217 48
1218 46
1219 37
1220 52
1221 49
1222 41
1223 56
1224 49
1225 46
1226 50
1227 49
1228 54
1229 39
1230 62
1231 46
1232 58
1233 43
1234 34
1235 42
1236 33
1237 46
1238 36
1239 46
1240 34
1241 47
1242 37
1243 47
1244 37
1245 35
1246 44
1247 52
1248 36
1249 48
1250 38
1251 39
1252 43
1253 43
1254 38
1255 40
1256 52
1257 32
1258 39
1259 42
1260 51
1261 21
1262 28
1263 34
1264 27
1265 47
1266 38
1267 29
1268 27
1269 48
1270 45
1271 34
1272 40
1273 53
1274 31
1275 35
1276 32
1277 28
1278 28
1279 32
1280 41
1281 27
1282 33
1283 37
1284 30
1285 31
1286 20
1287 39
1288 35
1289 33
1290 27
1291 23
1292 32
1293 38
1294 24
1295 28
1296 25
1297 33
1298 35
1299 30
1300 26
1301 38
1302 28
1303 36
1304 26
1305 27
1306 27
1307 25
1308 20
1309 27
1310 39
1311 20
1312 25
1313 21
1314 29
1315 27
1316 19
1317 22
1318 28
1319 31
1320 23
1321 26
1322 22
1323 32
1324 24
1325 25
1326 29
1327 25
1328 37
1329 28
1330 15
1331 27
1332 24
1333 24
1334 29
1335 25
1336 21
1337 31
1338 34
1339 23
1340 18
1341 30
1342 17
1343 22
1344 24
1345 15
1346 22
1347 30
1348 17
1349 25
1350 20
1351 16
1352 19
1353 21
1354 23
1355 22
1356 25
1357 23
1358 25
1359 26
1360 16
1361 18
1362 18
1363 12
1364 14
1365 30
1366 19
1367 25
1368 19
1369 28
1370 15
1371 20
1372 17
1373 17
1374 13
1375 22
1376 18
1377 14
1378 19
1379 18
1380 18
1381 20
1382 20
1383 17
1384 21
1385 15
1386 18
1387 24
1388 7
1389 20
1390 14
1391 17
1392 12
1393 11
1394 13
1395 24
1396 17
1397 15
1398 9
1399 16
1400 8
1401 20
1402 21
1403 18
1404 21
1405 10
1406 15
1407 15
1408 14
1409 10
1410 10
1411 14
1412 13
1413 9
1414 21
1415 12
1416 10
1417 15
1418 8
1419 13
1420 13
1421 19
1422 11
1423 9
1424 6
1425 13
1426 11
1427 13
1428 14
1429 13
1430 16
1431 9
1432 24
1433 13
1434 14
1435 10
1436 5
1437 16
1438 11
1439 17
1440 13
1441 15
1442 15
1443 12
1444 10
1445 8
1446 9
1447 9
1448 9
1449 13
1450 11
1451 7
1452 13
1453 13
1454 11
1455 14
1456 6
1457 9
1458 9
1459 10
1460 14
1461 7
1462 15
1463 14
1464 5
1465 13
1466 8
1467 8
1468 10
1469 3
1470 10
1471 4
1472 7
1473 7
1474 14
1475 1
1476 10
1477 8
1478 8
1479 12
1480 5
1481 10
1482 4
1483 6
1484 5
1485 9
1486 8
1487 11
1488 11
1489 4
1490 10
1491 10
1492 8
1493 5
1494 7
1495 7
1496 9
1497 9
1498 5
1499 9
1500 10
1501 11
1502 8
1503 9
1504 8
1505 8
1506 7
1507 8
1508 8
1509 6
1510 3
1511 11
1512 2
1513 5
1514 9
1515 3
1516 5
1517 3
1518 7
1519 5
1520 9
1521 8
1522 8
1523 6
1524 3
1525 4
1526 8
1527 4
1528 2
1529 3
1530 9
1531 7
1532 9
1533 3
1534 6
1535 3
1536 5
1537 1
1538 5
1539 4
1540 5
1541 7
1542 4
1543 2
1544 3
1545 3
1546 1
1547 5
1548 6
1549 4
1550 5
1551 4
1552 4
1553 8
1554 7
1555 4
1556 4
1557 1
1558 4
1559 2
1560 1
1561 0
1562 5
1563 7
1564 6
1565 3
1566 4
1567 3
1568 8
1569 3
1570 2
1571 5
1572 4
1573 5
1574 5
1575 3
1576 3
1577 1
1578 3
1579 7
1580 4
1581 6
1582 3
1583 4
1584 2
1585 1
1586 2
1587 3
1588 4
1589 5
1590 6
1591 4
1592 5
1593 2
1594 4
1595 5
1596 4
1597 1
1598 0
1599 4
1600 1
1601 0
1602 1
1603 6
1604 3
1605 2
1606 2
1607 3
1608 3
1609 2
1610 3
1611 0
1612 1
1613 0
1614 1
1615 4
1616 2
1617 0
1618 6
1619 4
1620 2
1621 1
1622 4
1623 4
1624 1
1625 5
1626 5
1627 2
1628 2
1629 2
1630 4
1631 1
1632 2
1633 2
1634 0
1635 2
1636 4
1637 3
1638 3
1639 2
1640 3
1641 1
1642 0
1643 1
1644 1
1645 2
1646 2
1647 5
1648 3
1649 4
1650 0
1651 1
1652 2
1653 3
1654 0
1655 1
1656 1
1657 2
1658 2
1659 4
1660 0
1661 1
1662 2
1663 4
1664 1
1665 1
1666 2
1667 1
1668 1
1669 2
1670 1
1671 1
1672 3
1673 0
1674 0
1675 1
1676 2
1677 2
1678 0
1679 3
1680 1
1681 0
1682 3
1683 4
1684 1
1685 4
1686 0
1687 0
1688 3
1689 2
1690 3
1691 2
1692 2
1693 4
1694 1
1695 2
1696 0
1697 2
1698 3
1699 1
1700 2
1701 1
1702 2
1703 0
1704 3
1705 0
1706 1
1707 2
1708 2
1709 3
1710 0
1711 1
1712 1
1713 1
1714 1
1715 1
1716 2
1717 3
1718 0
1719 1
1720 1
1721 1
1722 1
1723 2
1724 2
1725 0
1726 0
1727 1
1728 0
1729 1
1730 1
1731 0
1732 0
1733 0
1734 1
1735 1
1736 1
1737 3
1738 1
1739 2
1740 2
1741 0
1742 1
1743 0
1744 0
1745 0
1746 2
1747 2
1748 1
1749 0
1750 0
1751 3
1752 0
1753 1
1754 0
1755 1
1756 2
1757 2
1758 2
1759 0
1760 1
1761 1
1762 2
1763 1
1764 2
1765 2
1766 1
1767 0
1768 1
1769 0
1770 1
1771 1
1772 1
1773 2
1774 0
1775 0
1776 0
1777 0
1778 1
1779 0
1780 0
1781 0
1782 1
1783 0
1784 0
1785 3
1786 2
1787 0
1788 1
1789 0
1790 1
1791 1
1792 1
1793 1
1794 0
1795 0
1796 0
1797 0
1798 2
1799 0
1800 1
1801 0
1802 0
1803 0
1804 0
1805 0
1806 1
1807 2
1808 0
1809 1
1810 0
1811 0
1812 0
1813 1
1814 0
1815 0
1816 1
1817 0
1818 0
1819 0
1820 0
1821 1
1822 0
1823 0
1824 2
1825 0
1826 0
1827 0
1828 1
1829 2
1830 1
1831 1
1832 0
1833 0
1834 1
1835 0
1836 0
1837 0
1838 0
1839 2
1840 0
1841 0
1842 1
1843 1
1844 0
1845 2
1846 0
1847 1
1848 0
1849 0
1850 0
1851 0
1852 0
1853 0
1854 0
1855 0
1856 0
1857 2
1858 0
1859 0
1860 0
1861 2
1862 0
1863 0
1864 0
1865 0
1866 0
1867 0
1868 0
1869 0
1870 0
1871 1
1872 0
1873 1
1874 0
1875 0
1876 0
1877 1
1878 0
1879 0
1880 0
1881 1
1882 1
1883 0
1884 0
1885 0
1886 0
1887 0
1888 0
1889 0
1890 0
1891 0
1892 0
1893 0
1894 1
1895 0
1896 0
1897 0
1898 0
1899 0
1900 1
1901 0
1902 0
1903 0
1904 0
1905 0
1906 0
1907 0
1908 1
1909 0
1910 0
1911 0
1912 0
1913 0
1914 0
1915 0
1916 0
1917 1
1918 0
1919 1
1920 0
1921 0
1922 0
1923 0
1924 0
1925 0
1926 0
1927 0
1928 0
1929 1
1930 1
1931 0
1932 0
1933 1
1934 0
1935 0
1936 1
1937 0
1938 0
1939 0
1940 0
1941 0
1942 1
1943 0
1944 0
1945 1
1946 0
1947 0
1948 1
1949 0
1950 0
1951 1
1952 0
1953 1
1954 0
1955 0
1956 0
1957 0
1958 1
1959 0
1960 0
1961 1
1962 0
1963 0
1964 0
1965 0
1966 0
1967 0
1968 0
1969 0
1970 1
1971 0
1972 0
1973 0
1974 1
1975 1
1976 0
1977 1
1978 0
1979 0
1980 0
1981 0
1982 0
1983 0
1984 1
1985 0
1986 0
1987 0
1988 0
1989 0
1990 0
1991 0
1992 0
1993 0
1994 0
1995 0
1996 0
1997 0
1998 0
1999 0
2000 0
2001 0
2002 1
2003 0
2004 0
2005 0
2006 0
2007 1
2008 0
2009 0
2010 0
2011 0
2012 0
2013 0
2014 0
2015 0
2016 0
2017 0
2018 0
2019 0
2020 0
2021 0
2022 0
2023 0
2024 0
2025 0
2026 0
2027 0
2028 0
2029 0
2030 0
2031 0
2032 0
2033 0
2034 0
2035 0
2036 0
2037 0
2038 0
2039 0
2040 1
2041 0
2042 0
2043 0
2044 0
2045 0
2046 0
2047 0
2048 0
2049 0
2050 0
2051 0
2052 0
2053 0
2054 0
2055 0
2056 0
2057 0
2058 0
2059 0
2060 0
2061 0
2062 0
2063 0
2064 0
2065 1
2066 0
2067 0
2068 0
2069 0
2070 0
2071 0
2072 0
2073 0
2074 0
2075 0
2076 0
2077 0
2078 0
2079 1
2080 0
2081 0
2082 0
2083 0
2084 0
2085 0
2086 0
2087 0
2088 0
2089 0
2090 0
2091 0
2092 0
2093 1
2094 1
2095 0
2096 0
2097 0
2098 0
2099 0
2100 0
2101 1
2102 0
2103 0
2104 0
2105 0
2106 0
2107 0
2108 0
2109 0
2110 0
2111 0
2112 0
2113 0
2114 0
2115 0
2116 0
2117 0
2118 0
2119 0
2120 0
2121 0
2122 0
2123 0
2124 0
2125 0
2126 0
2127 1
2128 0
2129 0
2130 0
2131 0
2132 0
2133 0
2134 0
2135 0
2136 0
2137 0
2138 0
2139 0
2140 0
2141 0
2142 0
2143 1
2144 0
2145 0
2146 0
2147 0
2148 0
2149 0
2150 0
2151 0
2152 0
2153 0
2154 0
2155 0
2156 0
2157 0
2158 0
2159 0
2160 0
2161 0
2162 0
2163 0
2164 0
2165 0
2166 0
2167 0
2168 0
2169 0
2170 0
2171 0
2172 0
2173 0
2174 0
2175 0
2176 0
2177 0
2178 1
2179 0
2180 0
2181 0
2182 0
2183 0
2184 0
2185 0
2186 0
2187 0
2188 0
2189 0
2190 0
2191 0
2192 0
2193 0
2194 0
2195 0
2196 0
2197 0
2198 0
2199 0
2200 0
2201 0
2202 0
2203 0
2204 0
2205 1
2206 0
2207 0
2208 0
2209 0
2210 0
2211 0
2212 0
2213 0
2214 0
2215 0
2216 0
2217 0
2218 0
2219 0
2220 0
2221 0
2222 1
2223 0
2224 0
2225 0
2226 0
2227 0
2228 0
2229 0
2230 0
2231 0
2232 0
2233 0
2234 0
2235 0
2236 1
2237 0
2238 0
2239 0
2240 0
2241 0
2242 0
2243 0
2244 0
2245 0
2246 0
2247 0
2248 0
2249 0
2250 0
2251 0
2252 0
2253 0
2254 0
2255 0
2256 0
2257 0
2258 0
2259 0
2260 0
2261 0
2262 0
2263 0
2264 0
2265 0
2266 0
2267 0
2268 0
2269 0
2270 0
2271 0
2272 0
2273 0
2274 0
2275 0
2276 0
2277 0
2278 0
2279 0
2280 0
2281 0
2282 0
2283 0
2284 1
2285 0
2286 0
2287 0
2288 0
2289 0
2290 0
2291 0
2292 0
2293 0
2294 0
2295 0
2296 0
2297 0
2298 0
2299 0
2300 0
2301 0
2302 1
2303 0
2304 0
2305 0
2306 0
2307 0
2308 0
2309 0
2310 0
2311 0
2312 0
2313 0
2314 0
2315 0
2316 0
2317 0
2318 1
2319 0
2320 0
2321 0
2322 0
2323 0
2324 0
2325 0
2326 0
2327 0
2328 0
2329 0
2330 0
2331 0
2332 0
2333 0
2334 0
2335 0
2336 0
2337 0
2338 0
2339 0
2340 0
2341 0
2342 0
2343 0
2344 1
2345 0
2346 0
2347 0
2348 0
2349 0
2350 0
2351 0
2352 0
2353 0
2354 0
2355 0
2356 0
2357 0
2358 0
2359 0
2360 0
2361 0
2362 0
2363 0
2364 0
2365 0
2366 1
2367 0
2368 0
2369 0
2370 0
2371 0
2372 0
2373 0
2374 0
2375 0
2376 0
2377 0
2378 0
2379 0
2380 0
2381 0
2382 0
2383 0
2384 1
2385 0
2386 0
2387 0
2388 0
2389 0
2390 0
2391 0
2392 0
2393 0
2394 0
2395 1
2396 0
2397 0
2398 0
2399 0
2400 0
2401 0
2402 0
2403 0
2404 0
2405 0
2406 0
2407 0
2408 0
2409 0
2410 0
2411 0
2412 0
2413 0
2414 0
2415 0
2416 0
2417 0
2418 0
2419 0
2420 0
2421 0
2422 0
2423 0
2424 0
2425 0
2426 0
2427 0
2428 0
2429 0
2430 0
2431 0
2432 0
2433 0
2434 0
2435 0
2436 0
2437 0
2438 1
2439 0
2440 0
2441 0
2442 0
2443 0
2444 0
2445 0
2446 0
2447 0
2448 0
2449 0
2450 0
2451 0
2452 0
2453 1
2454 0
2455 0
2456 0
2457 0
2458 0
2459 0
2460 1
2461 0
2462 0
2463 0
2464 0
2465 0
2466 0
2467 0
2468 0
2469 0
2470 0
2471 0
2472 0
2473 0
2474 0
2475 0
2476 0
2477 0
2478 0
2479 0
2480 0
2481 0
2482 0
2483 0
2484 0
2485 0
2486 0
2487 0
2488 0
2489 0
2490 0
2491 0
2492 0
2493 0
2494 0
2495 0
2496 0
2497 0
2498 0
2499 0
2500 0
2501 0
2502 0
2503 0
2504 0
2505 0
2506 0
2507 0
2508 0
2509 0
2510 0
2511 0
2512 0
2513 0
2514 0
2515 0
2516 0
2517 0
2518 0
2519 0
2520 0
2521 0
2522 0
2523 0
2524 0
2525 0
2526 0
2527 0
2528 0
2529 0
2530 0
2531 0
2532 0
2533 0
2534 0
2535 0
2536 0
2537 0
2538 0
2539 0
2540 0
2541 0
2542 0
2543 0
2544 0
2545 0
2546 0
2547 0
2548 0
2549 0
2550 0
2551 0
2552 0
2553 0
2554 0
2555 0
2556 0
2557 0
2558 0
2559 0
2560 0
2561 0
2562 0
2563 0
2564 0
2565 0
2566 0
2567 0
2568 0
2569 0
2570 0
2571 0
2572 0
2573 0
2574 0
2575 0
2576 0
2577 0
2578 0
2579 0
2580 0
2581 0
2582 0
2583 0
2584 0
2585 0
2586 0
2587 0
2588 0
2589 0
2590 0
2591 1
2592 0
2593 0
2594 0
2595 0
2596 0
2597 0
2598 0
2599 0
2600 0
2601 0
2602 0
2603 0
2604 0
2605 0
2606 0
2607 0
2608 0
2609 0
2610 0
2611 0
2612 0
2613 0
2614 0
2615 0
2616 0
2617 0
2618 0
2619 0
2620 0
2621 0
2622 0
2623 0
2624 0
2625 0
2626 0
2627 0
2628 0
2629 0
2630 0
2631 0
2632 0
2633 0
2634 0
2635 0
2636 0
2637 0
2638 0
2639 0
2640 0
2641 0
2642 0
2643 1
2644 0
2645 0
2646 0
2647 0
2648 0
2649 0
2650 0
2651 0
2652 0
2653 0
2654 0
2655 0
2656 0
2657 0
2658 0
2659 0
2660 0
2661 0
2662 0
2663 0
2664 0
2665 0
2666 0
2667 0
2668 0
2669 0
2670 0
2671 0
2672 0
2673 0
2674 0
2675 0
2676 0
2677 0
2678 0
2679 0
2680 0
2681 0
2682 0
2683 0
2684 0
2685 0
2686 0
2687 0
2688 0
2689 0
2690 0
2691 0
2692 0
2693 0
2694 0
2695 0
2696 0
2697 0
2698 0
2699 0
2700 0
2701 0
2702 0
2703 0
2704 0
2705 0
2706 0
2707 0
2708 0
2709 0
2710 0
2711 0
2712 0
2713 0
2714 0
2715 0
2716 0
2717 0
2718 0
2719 0
2720 0
2721 0
2722 0
2723 0
2724 0
2725 0
2726 0
2727 0
2728 0
2729 0
2730 0
2731 0
2732 0
2733 0
2734 0
2735 0
2736 0
2737 0
2738 0
2739 0
2740 0
2741 0
2742 0
2743 0
2744 0
2745 0
2746 0
2747 0
2748 0
2749 0
2750 0
2751 0
2752 0
2753 0
2754 0
2755 0
2756 0
2757 0
2758 0
2759 0
2760 0
2761 0
2762 0
2763 0
2764 0
2765 0
2766 0
2767 0
2768 0
2769 0
2770 0
2771 0
2772 0
2773 0
2774 0
2775 0
2776 0
2777 0
2778 0
2779 0
2780 0
2781 0
2782 0
2783 0
2784 0
2785 0
2786 0
2787 1
2788 0
2789 1
2790 0
2791 0
2792 0
2793 0
2794 0
2795 0
2796 0
2797 0
2798 0
2799 0
2800 0
2801 0
2802 0
2803 1
2804 0
2805 0
2806 0
2807 0
2808 0
2809 1
2810 0
2811 0
2812 0
2813 0
2814 0
2815 1
2816 0
2817 0
2818 0
2819 0
2820 0
2821 0
2822 0
2823 0
2824 0
2825 0
2826 0
2827 0
2828 0
2829 0
2830 0
2831 0
2832 0
2833 0
2834 0
2835 0
2836 0
2837 0
2838 0
2839 0
2840 0
2841 0
2842 0
2843 0
2844 0
2845 0
2846 0
2847 0
2848 0
2849 0
2850 0
2851 0
2852 0
2853 0
2854 0
2855 0
2856 0
2857 0
2858 0
2859 0
2860 0
2861 0
2862 0
2863 0
2864 0
2865 0
2866 0
2867 0
2868 0
2869 0
2870 0
2871 0
2872 0
2873 0
2874 0
2875 0
2876 0
2877 0
2878 0
2879 0
2880 0
2881 0
2882 0
2883 0
2884 0
2885 0
2886 0
2887 0
2888 0
2889 0
2890 0
2891 0
2892 0
2893 0
2894 0
2895 0
2896 0
2897 0
2898 0
2899 0
2900 0
2901 0
2902 0
2903 0
2904 0
2905 0
2906 0
2907 0
2908 0
2909 0
2910 0
2911 0
2912 0
2913 0
2914 0
2915 0
2916 0
2917 0
2918 0
2919 0
2920 0
2921 0
2922 0
2923 0
2924 0
2925 0
2926 0
2927 0
2928 0
2929 0
2930 0
2931 0
2932 0
2933 0
2934 0
2935 0
2936 0
2937 0
2938 0
2939 0
2940 0
2941 0
2942 0
2943 0
2944 0
2945 0
2946 0
2947 1
2948 0
2949 0
2950 0
2951 0
2952 0
2953 0
2954 0
2955 0
2956 0
2957 0
2958 0
2959 0
2960 0
2961 0
2962 0
2963 0
2964 0
2965 0
2966 0
2967 0
2968 0
2969 0
2970 0
2971 0
2972 0
2973 0
2974 0
2975 0
2976 0
2977 0
2978 0
2979 0
2980 0
2981 0
2982 0
2983 0
2984 0
2985 1
2986 0
2987 0
2988 0
2989 0
2990 0
2991 0
2992 0
2993 0
2994 0
2995 0
2996 0
2997 0
2998 0
2999 0
3000 0
3001 0
3002 0
3003 0
3004 0
3005 0
3006 0
3007 0
3008 0
3009 0
3010 0
3011 0
3012 0
3013 0
3014 0
3015 0
3016 1
3017 0
3018 0
3019 0
3020 0
3021 0
3022 0
3023 0
3024 0
3025 0
3026 0
3027 0
3028 0
3029 0
3030 0
3031 0
3032 0
3033 0
3034 0
3035 0
3036 0
3037 0
3038 0
3039 0
3040 0
3041 0
3042 0
3043 0
3044 0
3045 0
3046 0
3047 0
3048 0
3049 0
3050 0
3051 0
3052 0
3053 0
3054 0
3055 0
3056 0
3057 0
3058 0
3059 0
3060 0
3061 0
3062 0
3063 0
3064 0
3065 0
3066 0
3067 0
3068 0
3069 0
3070 0
3071 0
3072 0
3073 0
3074 0
3075 0
3076 0
3077 0
3078 0
3079 0
3080 0
3081 0
3082 0
3083 0
3084 0
3085 0
3086 0
3087 0
3088 0
3089 0
3090 0
3091 0
3092 0
3093 0
3094 0
3095 0
3096 0
3097 0
3098 0
3099 0
3100 0
3101 0
3102 0
3103 0
3104 0
3105 0
3106 0
3107 0
3108 0
3109 0
3110 0
3111 0
3112 0
3113 0
3114 0
3115 0
3116 0
3117 0
3118 0
3119 0
3120 0
3121 0
3122 0
3123 0
3124 0
3125 0
3126 0
3127 0
3128 0
3129 0
3130 0
3131 0
3132 0
3133 0
3134 0
3135 0
3136 0
3137 0
3138 0
3139 0
3140 0
3141 0
3142 0
3143 0
3144 0
3145 0
3146 0
3147 0
3148 0
3149 0
3150 0
3151 0
3152 0
3153 0
3154 0
3155 0
3156 0
3157 0
3158 0
3159 0
3160 0
3161 0
3162 0
3163 0
3164 0
3165 0
3166 0
3167 0
3168 0
3169 0
3170 0
3171 0
3172 0
3173 0
3174 0
3175 0
3176 0
3177 0
3178 0
3179 0
3180 0
3181 0
3182 0
3183 0
3184 1
3185 0
3186 0
3187 0
3188 0
3189 0
3190 0
3191 0
3192 0
3193 0
3194 0
3195 0
3196 0
3197 0
3198 0
3199 0
3200 0
3201 0
3202 0
3203 0
3204 0
3205 0
3206 0
3207 0
3208 0
3209 0
3210 0
3211 0
3212 0
3213 0
3214 0
3215 0
3216 0
3217 0
3218 0
3219 0
3220 0
3221 0
3222 0
3223 0
3224 0
3225 0
3226 0
3227 0
3228 0
3229 0
3230 0
3231 0
3232 0
3233 0
3234 0
3235 0
3236 0
3237 0
3238 0
3239 0
3240 0
3241 0
3242 0
3243 0
3244 0
3245 0
3246 0
3247 0
3248 0
3249 0
3250 0
3251 0
3252 0
3253 0
3254 0
3255 0
3256 0
3257 0
3258 0
3259 0
3260 0
3261 0
3262 0
3263 0
3264 0
3265 0
3266 0
3267 0
3268 0
3269 0
3270 0
3271 0
3272 0
3273 0
3274 0
3275 0
3276 0
3277 0
3278 0
3279 0
3280 0
3281 0
3282 0
3283 0
3284 0
3285 0
3286 0
3287 0
3288 0
3289 0
3290 0
3291 0
3292 0
3293 0
3294 0
3295 0
3296 1
3297 0
3298 0
3299 1
3300 0
3301 0
3302 0
3303 0
3304 0
3305 0
3306 0
3307 0
3308 0
3309 0
3310 0
3311 0
3312 0
3313 0
3314 0
3315 0
3316 0
3317 0
3318 0
3319 0
3320 0
3321 0
3322 0
3323 0
3324 0
3325 0
3326 0
3327 0
3328 0
3329 0
3330 0
3331 0
3332 0
3333 0
3334 0
3335 0
3336 1
3337 0
3338 0
3339 0
3340 0
3341 0
3342 0
3343 0
3344 0
3345 0
3346 0
3347 0
3348 0
3349 0
3350 0
3351 0
3352 0
3353 0
3354 0
3355 0
3356 0
3357 0
3358 0
3359 0
3360 0
3361 0
3362 0
3363 0
3364 0
3365 0
3366 0
3367 0
3368 0
3369 0
3370 0
3371 0
3372 0
3373 0
3374 0
3375 0
3376 0
3377 0
3378 0
3379 0
3380 0
3381 0
3382 0
3383 0
3384 0
3385 0
3386 0
3387 0
3388 0
3389 0
3390 0
3391 0
3392 0
3393 0
3394 0
3395 0
3396 0
3397 0
3398 0
3399 0
3400 0
3401 0
3402 0
3403 0
3404 0
3405 0
3406 0
3407 0
3408 0
3409 0
3410 0
3411 1
3412 0
3413 0
3414 0
3415 0
3416 0
3417 0
3418 0
3419 0
3420 0
3421 0
3422 0
3423 0
3424 0
3425 0
3426 0
3427 0
3428 0
3429 0
3430 0
3431 0
3432 0
3433 0
3434 0
3435 0
3436 0
3437 0
3438 0
3439 0
3440 0
3441 0
3442 0
3443 0
3444 0
3445 0
3446 0
3447 0
3448 0
3449 0
3450 0
3451 0
3452 0
3453 0
3454 0
3455 0
3456 0
3457 0
3458 0
3459 0
3460 0
3461 0
3462 0
3463 0
3464 0
3465 0
3466 0
3467 0
3468 0
3469 0
3470 0
3471 0
3472 0
3473 0
3474 0
3475 0
3476 0
3477 0
3478 0
3479 0
3480 0
3481 0
3482 0
3483 0
3484 0
3485 0
3486 0
3487 0
3488 0
3489 0
3490 0
3491 0
3492 0
3493 0
3494 0
3495 0
3496 0
3497 0
3498 0
3499 0
3500 0
3501 0
3502 0
3503 0
3504 0
3505 0
3506 0
3507 0
3508 0
3509 0
3510 0
3511 0
3512 0
3513 0
3514 0
3515 0
3516 0
3517 0
3518 0
3519 0
3520 0
3521 0
3522 0
3523 0
3524 0
3525 0
3526 0
3527 0
3528 0
3529 0
3530 0
3531 0
3532 0
3533 0
3534 0
3535 0
3536 1
3537 0
3538 0
3539 0
3540 0
3541 0
3542 0
3543 0
3544 0
3545 0
3546 0
3547 0
3548 0
3549 0
3550 0
3551 0
3552 0
3553 0
3554 0
3555 0
3556 0
3557 0
3558 0
3559 0
3560 0
3561 0
3562 0
3563 0
3564 0
3565 0
3566 0
3567 0
3568 0
3569 0
3570 0
3571 0
3572 0
3573 0
3574 0
3575 0
3576 0
3577 0
3578 0
3579 0
3580 0
3581 0
3582 0
3583 0
3584 0
3585 0
3586 0
3587 0
3588 0
3589 0
3590 0
3591 0
3592 0
3593 0
3594 0
3595 0
3596 0
3597 0
3598 0
3599 0
3600 0
3601 0
3602 0
3603 0
3604 0
3605 0
3606 0
3607 0
3608 0
3609 0
3610 0
3611 0
3612 0
3613 0
3614 0
3615 0
3616 0
3617 0
3618 0
3619 0
3620 0
3621 0
3622 0
3623 0
3624 0
3625 0
3626 0
3627 0
3628 0
3629 0
3630 0
3631 0
3632 0
3633 0
3634 0
3635 0
3636 0
3637 0
3638 0
3639 0
3640 0
3641 0
3642 0
3643 0
3644 0
3645 0
3646 0
3647 0
3648 0
3649 0
3650 0
3651 0
3652 0
3653 0
3654 0
3655 0
3656 0
3657 0
3658 0
3659 0
3660 0
3661 0
3662 0
3663 0
3664 0
3665 0
3666 0
3667 0
3668 0
3669 0
3670 0
3671 0
3672 0
3673 0
3674 0
3675 0
3676 0
3677 0
3678 0
3679 0
3680 0
3681 0
3682 0
3683 0
3684 0
3685 0
3686 0
3687 0
3688 0
3689 0
3690 0
3691 0
3692 0
3693 0
3694 1
3695 0
3696 0
3697 0
3698 1
3699 0
3700 0
3701 0
3702 0
3703 0
3704 0
3705 0
3706 0
3707 0
3708 0
3709 0
3710 0
3711 0
3712 0
3713 0
3714 0
3715 0
3716 0
3717 0
3718 0
3719 0
3720 0
3721 0
3722 0
3723 0
3724 0
3725 0
3726 0
3727 0
3728 0
3729 0
3730 0
3731 0
3732 0
3733 0
3734 0
3735 0
3736 0
3737 0
3738 0
3739 0
3740 0
3741 0
3742 0
3743 0
3744 0
3745 0
3746 0
3747 0
3748 0
3749 0
3750 0
3751 0
3752 0
3753 0
3754 0
3755 0
3756 0
3757 0
3758 0
3759 0
3760 0
3761 0
3762 0
3763 0
3764 0
3765 0
3766 0
3767 0
3768 0
3769 0
3770 0
3771 0
3772 0
3773 0
3774 0
3775 0
3776 0
3777 0
3778 0
3779 0
3780 0
3781 0
3782 0
3783 0
3784 0
3785 0
3786 0
3787 0
3788 0
3789 0
3790 0
3791 0
3792 0
3793 0
3794 0
3795 0
3796 0
3797 0
3798 0
3799 0
3800 0
3801 0
3802 0
3803 0
3804 0
3805 1
3806 0
3807 0
3808 0
3809 0
3810 0
3811 0
3812 0
3813 0
3814 0
3815 0
3816 0
3817 0
3818 0
3819 0
3820 0
3821 0
3822 0
3823 0
3824 0
3825 0
3826 0
3827 0
3828 0
3829 0
3830 0
3831 0
3832 0
3833 0
3834 0
3835 0
3836 0
3837 0
3838 0
3839 0
3840 0
3841 0
3842 0
3843 0
3844 0
3845 0
3846 0
3847 0
3848 0
3849 0
3850 0
3851 0
3852 0
3853 0
3854 0
3855 0
3856 0
3857 0
3858 0
3859 0
3860 0
3861 0
3862 0
3863 0
3864 0
3865 0
3866 0
3867 0
3868 0
3869 0
3870 0
3871 0
3872 0
3873 0
3874 0
3875 0
3876 0
3877 0
3878 0
3879 0
3880 0
3881 0
3882 0
3883 0
3884 0
3885 0
3886 0
3887 0
3888 0
3889 0
3890 0
3891 0
3892 0
3893 0
3894 0
3895 0
3896 0
3897 0
3898 0
3899 0
3900 0
3901 0
3902 0
3903 0
3904 0
3905 0
3906 0
3907 0
3908 0
3909 0
3910 0
3911 0
3912 0
3913 0
3914 0
3915 0
3916 0
3917 0
3918 0
3919 0
3920 0
3921 0
3922 0
3923 0
3924 0
3925 0
3926 0
3927 0
3928 0
3929 0
3930 0
3931 0
3932 0
3933 0
3934 0
3935 0
3936 0
3937 0
3938 0
3939 0
3940 0
3941 0
3942 0
3943 0
3944 0
3945 0
3946 0
3947 0
3948 0
3949 0
3950 0
3951 0
3952 0
3953 0
3954 0
3955 0
3956 0
3957 0
3958 0
3959 0
3960 0
3961 0
3962 0
3963 0
3964 0
3965 0
3966 0
3967 0
3968 0
3969 0
3970 0
3971 0
3972 0
3973 0
3974 0
3975 0
3976 0
3977 0
3978 0
3979 0
3980 0
3981 0
3982 0
3983 0
3984 0
3985 0
3986 0
3987 0
3988 0
3989 0
3990 0
3991 0
3992 0
3993 0
3994 0
3995 0
3996 0
3997 0
3998 0
3999 0
4000 0
