0 0
1 0
2 0
3 0
4 0
5 0
6 0
7 0
8 0
9 0
10 0
11 0
12 0
13 0
14 0
15 0
16 0
17 0
18 0
19 0
20 0
21 0
22 0
23 0
24 0
25 0
26 0
27 0
28 0
29 0
30 0
31 0
32 0
33 0
34 0
35 0
36 0
37 0
38 0
39 0
40 0
41 0
42 0
43 0
44 0
45 0
46 0
47 0
48 0
49 0
50 0
51 0
52 0
53 0
54 0
55 0
56 0
57 0
58 0
59 0
60 0
61 0
62 0
63 0
64 0
65 0
66 0
67 0
68 0
69 0
70 0
71 0
72 0
73 0
74 0
75 0
76 0
77 0
78 0
79 0
80 0
81 0
82 0
83 0
84 0
85 0
86 7
87 23
88 17
89 25
90 14
91 9
92 15
93 21
94 16
95 10
96 15
97 11
98 15
99 10
100 12
101 10
102 11
103 3
104 7
105 6
106 9
107 3
108 11
109 11
110 25
111 120
112 626
113 2239
114 4664
115 7150
116 8978
117 10024
118 10254
119 10035
120 9612
121 8799
122 7709
123 6788
124 6011
125 5031
126 4519
127 3873
128 3252
129 2978
130 2438
131 2270
132 1842
133 1694
134 1531
135 1426
136 1332
137 1277
138 1219
139 1164
140 1140
141 1199
142 1138
143 1107
144 1160
145 1103
146 1125
147 1092
148 1116
149 1108
150 1131
151 1063
152 1134
153 1156
154 1103
155 1152
156 1064
157 1081
158 1048
159 1123
160 1144
161 1205
162 1141
163 1144
164 1139
165 1152
166 1133
167 1141
168 1144
169 1142
170 1227
171 1124
172 1214
173 1179
174 1191
175 1204
176 1230
177 1190
178 1199
179 1238
180 1149
181 1130
182 1161
183 1189
184 1172
185 1149
186 1207
187 1126
188 1159
189 1108
190 1172
191 1174
192 1204
193 1203
194 1172
195 1172
196 1176
197 1240
198 1153
199 1196
200 1167
201 1187
202 1157
203 1186
204 1205
205 1170
206 1190
207 1207
208 1195
209 1258
210 1187
211 1231
212 1265
213 1179
214 1136
215 1216
216 1172
217 1192
218 1213
219 1227
220 1198
221 1203
222 1230
223 1208
224 1174
225 1263
226 1282
227 1247
228 1227
229 1205
230 1243
231 1234
232 1220
233 1193
234 1221
235 1168
236 1281
237 1228
238 1190
239 1251
240 1202
241 1216
242 1263
243 1216
244 1262
245 1238
246 1227
247 1197
248 1204
249 1230
250 1183
251 1269
252 1209
253 1314
254 1205
255 1188
256 1187
257 1234
258 1201
259 1191
260 1244
261 1264
262 1157
263 1241
264 1208
265 1167
266 1229
267 1225
268 1241
269 1219
270 1227
271 1293
272 1242
273 1295
274 1243
275 1228
276 1313
277 1204
278 1298
279 1278
280 1209
281 1254
282 1277
283 1227
284 1236
285 1289
286 1297
287 1231
288 1253
289 1268
290 1217
291 1245
292 1284
293 1289
294 1239
295 1384
296 1247
297 1260
298 1317
299 1339
300 1275
301 1291
302 1320
303 1312
304 1333
305 1379
306 1369
307 1395
308 1395
309 1362
310 1362
311 1310
312 1271
313 1374
314 1367
315 1322
316 1450
317 1352
318 1326
319 1337
320 1379
321 1353
322 1367
323 1374
324 1427
325 1392
326 1393
327 1474
328 1413
329 1398
330 1442
331 1412
332 1434
333 1407
334 1377
335 1379
336 1409
337 1508
338 1441
339 1393
340 1425
341 1457
342 1456
343 1494
344 1523
345 1518
346 1434
347 1469
348 1528
349 1437
350 1551
351 1512
352 1579
353 1531
354 1524
355 1519
356 1546
357 1493
358 1523
359 1562
360 1575
361 1546
362 1514
363 1475
364 1564
365 1560
366 1539
367 1545
368 1613
369 1602
370 1612
371 1639
372 1642
373 1604
374 1645
375 1659
376 1650
377 1615
378 1609
379 1629
380 1522
381 1655
382 1539
383 1648
384 1666
385 1628
386 1588
387 1599
388 1659
389 1570
390 1657
391 1692
392 1579
393 1627
394 1655
395 1663
396 1659
397 1583
398 1701
399 1583
400 1693
401 1652
402 1678
403 1715
404 1672
405 1661
406 1641
407 1668
408 1697
409 1687
410 1689
411 1654
412 1712
413 1629
414 1665
415 1664
416 1679
417 1722
418 1636
419 1680
420 1660
421 1726
422 1679
423 1715
424 1666
425 1714
426 1682
427 1647
428 1615
429 1623
430 1655
431 1707
432 1630
433 1692
434 1551
435 1650
436 1687
437 1709
438 1662
439 1679
440 1689
441 1621
442 1591
443 1682
444 1668
445 1653
446 1587
447 1645
448 1661
449 1618
450 1620
451 1650
452 1630
453 1675
454 1637
455 1598
456 1609
457 1618
458 1607
459 1534
460 1627
461 1537
462 1610
463 1591
464 1610
465 1622
466 1539
467 1558
468 1515
469 1539
470 1534
471 1536
472 1615
473 1510
474 1584
475 1579
476 1493
477 1453
478 1573
479 1535
480 1539
481 1446
482 1490
483 1446
484 1486
485 1504
486 1493
487 1542
488 1441
489 1430
490 1405
491 1416
492 1410
493 1484
494 1424
495 1436
496 1346
497 1323
498 1361
499 1425
500 1363
501 1393
502 1427
503 1370
504 1312
505 1297
506 1334
507 1346
508 1231
509 1293
510 1272
511 1303
512 1290
513 1312
514 1274
515 1233
516 1275
517 1288
518 1205
519 1242
520 1256
521 1217
522 1191
523 1228
524 1218
525 1234
526 1205
527 1183
528 1176
529 1141
530 1185
531 1157
532 1110
533 1195
534 1110
535 1140
536 1108
537 1097
538 1126
539 1077
540 1110
541 1085
542 1078
543 1051
544 1155
545 1085
546 1020
547 940
548 1022
549 1031
550 1020
551 978
552 992
553 973
554 1007
555 996
556 931
557 980
558 997
559 956
560 950
561 965
562 890
563 901
564 950
565 932
566 881
567 934
568 905
569 881
570 879
571 877
572 893
573 912
574 827
575 829
576 908
577 802
578 788
579 787
580 822
581 834
582 771
583 799
584 816
585 784
586 765
587 736
588 725
589 774
590 734
591 720
592 726
593 754
594 706
595 748
596 721
597 717
598 684
599 703
600 648
601 693
602 684
603 656
604 664
605 670
606 617
607 605
608 663
609 641
610 690
611 652
612 603
613 591
614 635
615 620
616 623
617 585
618 605
619 555
620 605
621 575
622 541
623 557
624 558
625 556
626 497
627 568
628 521
629 527
630 541
631 508
632 532
633 491
634 505
635 488
636 481
637 490
638 554
639 536
640 493
641 483
642 502
643 481
644 469
645 468
646 489
647 451
648 481
649 458
650 430
651 462
652 418
653 425
654 420
655 428
656 447
657 419
658 448
659 414
660 419
661 402
662 398
663 422
664 380
665 408
666 374
667 409
668 369
669 396
670 327
671 363
672 396
673 364
674 342
675 355
676 359
677 336
678 330
679 346
680 335
681 340
682 356
683 330
684 316
685 327
686 344
687 319
688 321
689 345
690 329
691 341
692 335
693 323
694 316
695 343
696 329
697 332
698 297
699 319
700 305
701 294
702 269
703 307
704 290
705 286
706 304
707 291
708 288
709 287
710 297
711 254
712 272
713 299
714 316
715 255
716 265
717 306
718 265
719 258
720 281
721 258
722 291
723 231
724 251
725 282
726 257
727 244
728 228
729 283
730 240
731 274
732 258
733 264
734 261
735 252
736 246
737 245
738 246
739 239
740 227
741 228
742 251
743 239
744 227
745 235
746 240
747 252
748 224
749 243
750 223
751 227
752 243
753 235
754 224
755 230
756 243
757 220
758 224
759 206
760 230
761 226
762 215
763 222
764 212
765 233
766 234
767 239
768 190
769 225
770 192
771 236
772 205
773 218
774 184
775 198
776 221
777 231
778 192
779 228
780 203
781 223
782 256
783 203
784 213
785 188
786 189
787 215
788 220
789 198
790 214
791 195
792 198
793 210
794 193
795 199
796 181
797 208
798 203
799 190
800 184
801 193
802 194
803 208
804 205
805 197
806 191
807 203
808 194
809 200
810 209
811 196
812 207
813 191
814 212
815 223
816 212
817 187
818 208
819 184
820 179
821 183
822 219
823 193
824 191
825 199
826 187
827 172
828 208
829 188
830 174
831 203
832 167
833 185
834 209
835 179
836 217
837 201
838 191
839 192
840 176
841 155
842 198
843 199
844 213
845 192
846 197
847 184
848 188
849 182
850 205
851 185
852 207
853 184
854 192
855 194
856 195
857 180
858 202
859 163
860 170
861 177
862 198
863 210
864 224
865 180
866 183
867 188
868 188
869 198
870 177
871 151
872 180
873 176
874 192
875 165
876 167
877 197
878 207
879 188
880 166
881 180
882 187
883 171
884 198
885 174
886 191
887 164
888 183
889 191
890 164
891 181
892 199
893 186
894 172
895 176
896 206
897 209
898 164
899 175
900 164
901 208
902 178
903 173
904 192
905 184
906 193
907 209
908 177
909 177
910 176
911 166
912 165
913 154
914 187
915 194
916 191
917 178
918 167
919 186
920 194
921 187
922 169
923 178
924 179
925 194
926 193
927 177
928 178
929 168
930 178
931 180
932 168
933 175
934 194
935 172
936 179
937 178
938 180
939 205
940 187
941 179
942 151
943 182
944 168
945 169
946 156
947 183
948 153
949 187
950 173
951 154
952 172
953 143
954 180
955 177
956 169
957 183
958 176
959 161
960 162
961 167
962 181
963 177
964 172
965 188
966 170
967 159
968 196
969 153
970 180
971 180
972 199
973 151
974 164
975 161
976 207
977 173
978 167
979 169
980 152
981 165
982 161
983 170
984 159
985 181
986 145
987 145
988 171
989 163
990 189
991 192
992 170
993 170
994 172
995 184
996 167
997 179
998 165
999 168
1000 156
1001 181
1002 146
1003 174
1004 163
1005 181
1006 165
1007 169
1008 185
1009 179
1010 164
1011 162
1012 173
1013 149
1014 158
1015 155
1016 147
1017 147
1018 167
1019 174
1020 153
1021 159
1022 159
1023 166
1024 159
1025 192
1026 132
1027 160
1028 171
1029 162
1030 152
1031 158
1032 158
1033 172
1034 170
1035 167
1036 152
1037 159
1038 162
1039 166
1040 129
1041 146
1042 188
1043 139
1044 175
1045 169
1046 168
1047 159
1048 148
1049 164
1050 157
1051 144
1052 158
1053 168
1054 157
1055 166
1056 139
1057 145
1058 154
1059 128
1060 163
1061 168
1062 139
1063 168
1064 165
1065 153
1066 159
1067 147
1068 156
1069 148
1070 182
1071 140
1072 147
1073 161
1074 150
1075 162
1076 147
1077 152
1078 164
1079 157
1080 137
1081 149
1082 122
1083 136
1084 166
1085 143
1086 139
1087 138
1088 145
1089 133
1090 156
1091 168
1092 138
1093 168
1094 153
1095 154
1096 155
1097 163
1098 161
1099 136
1100 148
1101 128
1102 167
1103 141
1104 138
1105 162
1106 146
1107 143
1108 137
1109 137
1110 155
1111 146
1112 156
1113 157
1114 142
1115 115
1116 158
1117 137
1118 117
1119 130
1120 124
1121 128
1122 135
1123 134
1124 130
1125 145
1126 155
1127 134
1128 142
1129 129
1130 128
1131 140
1132 136
1133 129
1134 153
1135 143
1136 133
1137 111
1138 153
1139 112
1140 133
1141 116
1142 134
1143 114
1144 128
1145 141
1146 131
1147 137
1148 136
1149 127
1150 120
1151 134
1152 153
1153 132
1154 111
1155 117
1156 154
1157 133
1158 93
1159 128
1160 125
1161 125
1162 129
1163 109
1164 125
1165 121
1166 136
1167 104
1168 109
1169 126
1170 113
1171 110
1172 113
1173 132
1174 130
1175 113
1176 115
1177 111
1178 142
1179 119
1180 124
1181 107
1182 113
1183 103
1184 113
1185 117
1186 127
1187 103
1188 113
1189 108
1190 103
1191 109
1192 119
1193 114
1194 109
1195 130
1196 100
1197 111
1198 105
1199 123
1200 88
1201 100
1202 105
1203 102
1204 98
1205 84
1206 100
1207 100
1208 93
1209 102
1210 119
1211 110
1212 104
1213 97
1214 99
1215 109
1216 101
1217 125
1218 109
1219 104
1220 100
1221 91
1222 102
1223 108
1224 91
1225 116
1226 113
1227 106
1228 99
1229 101
1230 108
1231 81
1232 93
1233 109
1234 98
1235 92
1236 121
1237 106
1238 110
1239 101
1240 88
1241 86
1242 114
1243 69
1244 99
1245 85
1246 100
1247 101
1248 91
1249 102
1250 99
1251 93
1252 101
1253 100
1254 110
1255 78
1256 96
1257 59
1258 93
1259 93
1260 92
1261 89
1262 82
1263 92
1264 65
1265 92
1266 84
1267 77
1268 75
1269 82
1270 91
1271 93
1272 85
1273 87
1274 76
1275 78
1276 78
1277 76
1278 77
1279 82
1280 83
1281 93
1282 79
1283 73
1284 86
1285 81
1286 75
1287 81
1288 91
1289 60
1290 76
1291 99
1292 82
1293 83
1294 74
1295 72
1296 74
1297 77
1298 96
1299 73
1300 55
1301 77
1302 66
1303 73
1304 61
1305 76
1306 64
1307 74
1308 74
1309 75
1310 70
1311 85
1312 68
1313 66
1314 75
1315 70
1316 61
1317 74
1318 67
1319 81
1320 63
1321 55
1322 67
1323 68
1324 81
1325 63
1326 62
1327 79
1328 58
1329 67
1330 67
1331 83
1332 63
1333 77
1334 64
1335 72
1336 52
1337 68
1338 54
1339 54
1340 48
1341 62
1342 58
1343 70
1344 65
1345 56
1346 60
1347 48
1348 56
1349 56
1350 52
1351 68
1352 63
1353 68
1354 60
1355 56
1356 57
1357 66
1358 58
1359 59
1360 57
1361 50
1362 50
1363 58
1364 48
1365 61
1366 58
1367 53
1368 48
1369 59
1370 50
1371 57
1372 49
1373 51
1374 57
1375 59
1376 38
1377 59
1378 59
1379 59
1380 45
1381 50
1382 32
1383 58
1384 55
1385 41
1386 44
1387 47
1388 39
1389 45
1390 52
1391 33
1392 49
1393 52
1394 36
1395 42
1396 47
1397 53
1398 40
1399 34
1400 49
1401 55
1402 51
1403 50
1404 33
1405 55
1406 54
1407 44
1408 45
1409 50
1410 42
1411 42
1412 49
1413 51
1414 40
1415 44
1416 49
1417 36
1418 35
1419 40
1420 38
1421 37
1422 42
1423 39
1424 42
1425 41
1426 35
1427 37
1428 33
1429 33
1430 25
1431 42
1432 50
1433 52
1434 40
1435 36
1436 34
1437 31
1438 42
1439 29
1440 32
1441 27
1442 32
1443 34
1444 28
1445 27
1446 41
1447 31
1448 34
1449 52
1450 33
1451 31
1452 47
1453 36
1454 29
1455 30
1456 28
1457 30
1458 36
1459 30
1460 29
1461 28
1462 35
1463 33
1464 27
1465 42
1466 29
1467 29
1468 37
1469 30
1470 44
1471 29
1472 24
1473 37
1474 39
1475 35
1476 34
1477 30
1478 28
1479 36
1480 45
1481 22
1482 39
1483 27
1484 24
1485 37
1486 27
1487 34
1488 29
1489 33
1490 29
1491 30
1492 31
1493 32
1494 23
1495 22
1496 31
1497 34
1498 27
1499 29
1500 25
1501 15
1502 22
1503 19
1504 27
1505 28
1506 23
1507 19
1508 23
1509 28
1510 26
1511 25
1512 23
1513 23
1514 21
1515 26
1516 19
1517 19
1518 21
1519 24
1520 27
1521 29
1522 33
1523 20
1524 22
1525 16
1526 24
1527 32
1528 39
1529 26
1530 26
1531 24
1532 23
1533 35
1534 18
1535 22
1536 25
1537 32
1538 21
1539 29
1540 25
1541 28
1542 29
1543 20
1544 24
1545 28
1546 18
1547 23
1548 12
1549 15
1550 20
1551 23
1552 31
1553 14
1554 21
1555 19
1556 14
1557 16
1558 17
1559 21
1560 10
1561 19
1562 19
1563 17
1564 17
1565 27
1566 12
1567 19
1568 13
1569 26
1570 19
1571 17
1572 15
1573 16
1574 21
1575 18
1576 20
1577 20
1578 17
1579 22
1580 23
1581 16
1582 14
1583 27
1584 13
1585 13
1586 16
1587 16
1588 16
1589 12
1590 13
1591 14
1592 18
1593 11
1594 12
1595 11
1596 8
1597 8
1598 19
1599 16
1600 12
1601 20
1602 15
1603 15
1604 20
1605 12
1606 18
1607 11
1608 18
1609 13
1610 14
1611 7
1612 14
1613 17
1614 20
1615 12
1616 12
1617 18
1618 12
1619 21
1620 14
1621 12
1622 15
1623 18
1624 12
1625 12
1626 13
1627 6
1628 6
1629 13
1630 10
1631 19
1632 14
1633 11
1634 11
1635 13
1636 7
1637 13
1638 11
1639 17
1640 6
1641 10
1642 11
1643 12
1644 14
1645 8
1646 20
1647 12
1648 17
1649 8
1650 12
1651 7
1652 16
1653 7
1654 13
1655 11
1656 11
1657 11
1658 12
1659 9
1660 9
1661 12
1662 6
1663 8
1664 10
1665 7
1666 10
1667 8
1668 18
1669 11
1670 10
1671 10
1672 10
1673 10
1674 10
1675 4
1676 15
1677 5
1678 17
1679 10
1680 11
1681 13
1682 9
1683 3
1684 14
1685 7
1686 13
1687 10
1688 6
1689 11
1690 10
1691 8
1692 8
1693 5
1694 13
1695 13
1696 16
1697 11
1698 8
1699 5
1700 10
1701 12
1702 10
1703 9
1704 6
1705 3
1706 9
1707 8
1708 6
1709 7
1710 6
1711 12
1712 8
1713 10
1714 10
1715 10
1716 10
1717 11
1718 8
1719 7
1720 8
1721 9
1722 7
1723 12
1724 10
1725 6
1726 7
1727 12
1728 11
1729 6
1730 11
1731 10
1732 5
1733 4
1734 9
1735 10
1736 6
1737 12
1738 6
1739 6
1740 8
1741 6
1742 8
1743 8
1744 4
1745 6
1746 7
1747 3
1748 4
1749 11
1750 10
1751 5
1752 12
1753 3
1754 5
1755 5
1756 4
1757 11
1758 5
1759 10
1760 4
1761 5
1762 5
1763 3
1764 1
1765 3
1766 3
1767 4
1768 8
1769 6
1770 4
1771 6
1772 7
1773 7
1774 3
1775 4
1776 7
1777 6
1778 2
1779 4
1780 7
1781 5
1782 3
1783 5
1784 2
1785 1
1786 3
1787 4
1788 4
1789 4
1790 3
1791 6
1792 5
1793 5
1794 5
1795 5
1796 1
1797 6
1798 4
1799 5
1800 10
1801 6
1802 1
1803 6
1804 7
1805 6
1806 4
1807 4
1808 5
1809 3
1810 2
1811 3
1812 6
1813 2
1814 2
1815 5
1816 4
1817 6
1818 0
1819 4
1820 3
1821 4
1822 2
1823 2
1824 7
1825 4
1826 3
1827 5
1828 3
1829 3
1830 1
1831 4
1832 3
1833 0
1834 5
1835 4
1836 6
1837 1
1838 2
1839 7
1840 2
1841 3
1842 3
1843 4
1844 3
1845 3
1846 2
1847 0
1848 3
1849 2
1850 2
1851 5
1852 3
1853 4
1854 5
1855 3
1856 5
1857 6
1858 3
1859 4
1860 3
1861 2
1862 1
1863 5
1864 2
1865 2
1866 1
1867 4
1868 3
1869 5
1870 3
1871 1
1872 4
1873 3
1874 2
1875 2
1876 2
1877 3
1878 2
1879 2
1880 3
1881 1
1882 5
1883 2
1884 1
1885 2
1886 1
1887 3
1888 4
1889 1
1890 5
1891 3
1892 3
1893 2
1894 0
1895 3
1896 2
1897 3
1898 2
1899 1
1900 2
1901 1
1902 3
1903 3
1904 1
1905 1
1906 3
1907 2
1908 3
1909 1
1910 2
1911 3
1912 1
1913 0
1914 2
1915 0
1916 2
1917 0
1918 0
1919 0
1920 2
1921 0
1922 0
1923 3
1924 2
1925 1
1926 3
1927 0
1928 2
1929 1
1930 0
1931 0
1932 0
1933 2
1934 2
1935 0
1936 0
1937 0
1938 0
1939 5
1940 1
1941 1
1942 2
1943 2
1944 2
1945 1
1946 1
1947 2
1948 0
1949 4
1950 2
1951 0
1952 2
1953 0
1954 3
1955 2
1956 3
1957 3
1958 2
1959 2
1960 0
1961 0
1962 0
1963 0
1964 1
1965 0
1966 0
1967 2
1968 0
1969 2
1970 2
1971 0
1972 0
1973 1
1974 0
1975 2
1976 1
1977 0
1978 1
1979 1
1980 1
1981 0
1982 1
1983 0
1984 1
1985 2
1986 1
1987 3
1988 0
1989 0
1990 1
1991 0
1992 0
1993 1
1994 1
1995 1
1996 2
1997 0
1998 1
1999 0
2000 1
2001 0
2002 1
2003 0
2004 1
2005 0
2006 0
2007 0
2008 1
2009 0
2010 0
2011 1
2012 2
2013 0
2014 2
2015 0
2016 0
2017 2
2018 0
2019 0
2020 1
2021 2
2022 0
2023 1
2024 1
2025 2
2026 0
2027 1
2028 0
2029 1
2030 1
2031 0
2032 0
2033 1
2034 0
2035 0
2036 0
2037 1
2038 2
2039 0
2040 0
2041 1
2042 0
2043 1
2044 1
2045 0
2046 0
2047 0
2048 0
2049 1
2050 0
2051 1
2052 0
2053 1
2054 0
2055 1
2056 0
2057 0
2058 2
2059 0
2060 0
2061 0
2062 0
2063 0
2064 0
2065 0
2066 1
2067 0
2068 0
2069 0
2070 0
2071 0
2072 0
2073 0
2074 0
2075 0
2076 0
2077 0
2078 1
2079 0
2080 0
2081 0
2082 0
2083 0
2084 0
2085 0
2086 0
2087 1
2088 0
2089 0
2090 0
2091 0
2092 0
2093 0
2094 0
2095 0
2096 0
2097 0
2098 0
2099 0
2100 1
2101 1
2102 0
2103 0
2104 0
2105 0
2106 0
2107 0
2108 0
2109 1
2110 0
2111 0
2112 0
2113 1
2114 2
2115 0
2116 0
2117 0
2118 0
2119 0
2120 1
2121 0
2122 0
2123 0
2124 0
2125 2
2126 0
2127 0
2128 0
2129 0
2130 0
2131 0
2132 0
2133 0
2134 0
2135 0
2136 1
2137 0
2138 0
2139 0
2140 0
2141 0
2142 0
2143 0
2144 0
2145 0
2146 0
2147 0
2148 0
2149 0
2150 0
2151 0
2152 0
2153 0
2154 0
2155 0
2156 1
2157 0
2158 0
2159 0
2160 0
2161 0
2162 0
2163 0
2164 0
2165 1
2166 0
2167 0
2168 0
2169 0
2170 0
2171 0
2172 0
2173 0
2174 0
2175 0
2176 0
2177 0
2178 0
2179 1
2180 0
2181 1
2182 1
2183 0
2184 0
2185 0
2186 0
2187 0
2188 0
2189 0
2190 0
2191 0
2192 0
2193 0
2194 0
2195 0
2196 0
2197 1
2198 0
2199 1
2200 0
2201 0
2202 0
2203 0
2204 0
2205 0
2206 0
2207 0
2208 0
2209 0
2210 0
2211 0
2212 0
2213 0
2214 0
2215 0
2216 0
2217 0
2218 0
2219 0
2220 0
2221 0
2222 1
2223 0
2224 0
2225 1
2226 0
2227 0
2228 0
2229 0
2230 0
2231 0
2232 0
2233 1
2234 0
2235 0
2236 0
2237 0
2238 0
2239 0
2240 0
2241 0
2242 0
2243 0
2244 1
2245 0
2246 0
2247 2
2248 0
2249 0
2250 1
2251 0
2252 0
2253 2
2254 0
2255 0
2256 0
2257 0
2258 0
2259 0
2260 0
2261 0
2262 0
2263 0
2264 0
2265 0
2266 0
2267 0
2268 0
2269 0
2270 0
2271 0
2272 0
2273 0
2274 0
2275 0
2276 0
2277 0
2278 0
2279 0
2280 0
2281 0
2282 0
2283 0
2284 0
2285 0
2286 0
2287 0
2288 0
2289 0
2290 0
2291 0
2292 1
2293 0
2294 0
2295 0
2296 0
2297 0
2298 0
2299 0
2300 0
2301 0
2302 0
2303 0
2304 0
2305 0
2306 1
2307 0
2308 0
2309 0
2310 0
2311 0
2312 0
2313 0
2314 0
2315 0
2316 0
2317 0
2318 0
2319 0
2320 1
2321 0
2322 1
2323 0
2324 0
2325 0
2326 0
2327 0
2328 0
2329 0
2330 1
2331 0
2332 0
2333 1
2334 0
2335 0
2336 0
2337 0
2338 1
2339 0
2340 0
2341 0
2342 0
2343 0
2344 0
2345 0
2346 0
2347 0
2348 0
2349 0
2350 0
2351 0
2352 0
2353 0
2354 0
2355 0
2356 0
2357 0
2358 0
2359 0
2360 0
2361 0
2362 0
2363 0
2364 0
2365 0
2366 0
2367 0
2368 0
2369 0
2370 0
2371 0
2372 0
2373 0
2374 0
2375 0
2376 0
2377 0
2378 0
2379 0
2380 0
2381 0
2382 1
2383 0
2384 0
2385 0
2386 0
2387 0
2388 0
2389 0
2390 0
2391 0
2392 0
2393 0
2394 0
2395 0
2396 0
2397 0
2398 0
2399 1
2400 0
2401 0
2402 0
2403 0
2404 0
2405 0
2406 0
2407 0
2408 0
2409 0
2410 0
2411 0
2412 0
2413 0
2414 0
2415 0
2416 0
2417 0
2418 0
2419 0
2420 0
2421 0
2422 0
2423 0
2424 0
2425 0
2426 0
2427 0
2428 0
2429 0
2430 0
2431 0
2432 0
2433 0
2434 1
2435 0
2436 0
2437 0
2438 0
2439 0
2440 0
2441 0
2442 0
2443 0
2444 0
2445 0
2446 0
2447 0
2448 0
2449 0
2450 0
2451 0
2452 1
2453 0
2454 0
2455 0
2456 0
2457 0
2458 0
2459 0
2460 0
2461 1
2462 0
2463 0
2464 0
2465 0
2466 0
2467 0
2468 0
2469 1
2470 0
2471 0
2472 0
2473 0
2474 1
2475 0
2476 0
2477 0
2478 0
2479 0
2480 0
2481 1
2482 0
2483 0
2484 0
2485 0
2486 0
2487 0
2488 0
2489 0
2490 0
2491 0
2492 0
2493 0
2494 0
2495 0
2496 0
2497 0
2498 0
2499 0
2500 0
2501 0
2502 0
2503 0
2504 0
2505 0
2506 0
2507 0
2508 0
2509 0
2510 0
2511 0
2512 0
2513 0
2514 0
2515 0
2516 0
2517 0
2518 0
2519 0
2520 0
2521 0
2522 0
2523 0
2524 0
2525 0
2526 0
2527 0
2528 0
2529 0
2530 0
2531 0
2532 0
2533 0
2534 0
2535 0
2536 0
2537 0
2538 0
2539 0
2540 0
2541 0
2542 0
2543 0
2544 0
2545 0
2546 0
2547 0
2548 0
2549 0
2550 0
2551 0
2552 0
2553 0
2554 0
2555 0
2556 0
2557 0
2558 0
2559 0
2560 0
2561 0
2562 0
2563 0
2564 0
2565 0
2566 0
2567 0
2568 0
2569 0
2570 0
2571 0
2572 0
2573 0
2574 0
2575 0
2576 0
2577 0
2578 0
2579 0
2580 0
2581 0
2582 0
2583 0
2584 0
2585 0
2586 0
2587 0
2588 0
2589 0
2590 0
2591 0
2592 0
2593 0
2594 0
2595 0
2596 0
2597 0
2598 0
2599 0
2600 0
2601 0
2602 0
2603 0
2604 0
2605 0
2606 0
2607 0
2608 0
2609 0
2610 0
2611 0
2612 0
2613 0
2614 0
2615 0
2616 0
2617 0
2618 0
2619 0
2620 0
2621 0
2622 0
2623 0
2624 0
2625 0
2626 0
2627 0
2628 0
2629 0
2630 0
2631 0
2632 0
2633 0
2634 0
2635 0
2636 0
2637 0
2638 0
2639 0
2640 0
2641 0
2642 0
2643 0
2644 0
2645 0
2646 0
2647 0
2648 0
2649 0
2650 0
2651 0
2652 0
2653 0
2654 0
2655 0
2656 0
2657 0
2658 0
2659 0
2660 0
2661 0
2662 0
2663 0
2664 0
2665 0
2666 0
2667 0
2668 0
2669 0
2670 0
2671 0
2672 0
2673 0
2674 0
2675 0
2676 0
2677 0
2678 0
2679 0
2680 0
2681 0
2682 0
2683 0
2684 0
2685 0
2686 0
2687 0
2688 0
2689 0
2690 0
2691 0
2692 0
2693 0
2694 0
2695 0
2696 0
2697 0
2698 0
2699 0
2700 0
2701 0
2702 0
2703 0
2704 0
2705 0
2706 0
2707 0
2708 0
2709 0
2710 0
2711 0
2712 0
2713 0
2714 0
2715 0
2716 0
2717 0
2718 0
2719 0
2720 0
2721 0
2722 0
2723 0
2724 0
2725 0
2726 0
2727 0
2728 0
2729 0
2730 0
2731 0
2732 0
2733 0
2734 0
2735 0
2736 0
2737 0
2738 1
2739 0
2740 0
2741 0
2742 0
2743 0
2744 0
2745 0
2746 0
2747 0
2748 0
2749 0
2750 0
2751 0
2752 0
2753 0
2754 0
2755 0
2756 0
2757 0
2758 0
2759 0
2760 0
2761 0
2762 0
2763 0
2764 0
2765 0
2766 0
2767 0
2768 0
2769 0
2770 0
2771 0
2772 1
2773 0
2774 0
2775 0
2776 0
2777 0
2778 0
2779 0
2780 0
2781 0
2782 0
2783 0
2784 0
2785 0
2786 0
2787 0
2788 0
2789 0
2790 0
2791 0
2792 0
2793 0
2794 0
2795 0
2796 0
2797 0
2798 0
2799 0
2800 0
2801 0
2802 0
2803 0
2804 0
2805 0
2806 0
2807 0
2808 0
2809 0
2810 0
2811 0
2812 0
2813 0
2814 0
2815 0
2816 0
2817 0
2818 0
2819 0
2820 0
2821 0
2822 0
2823 0
2824 0
2825 0
2826 0
2827 0
2828 0
2829 0
2830 0
2831 0
2832 0
2833 0
2834 0
2835 0
2836 0
2837 0
2838 0
2839 0
2840 0
2841 0
2842 0
2843 0
2844 0
2845 0
2846 0
2847 0
2848 0
2849 0
2850 0
2851 0
2852 0
2853 0
2854 0
2855 0
2856 0
2857 0
2858 0
2859 0
2860 0
2861 0
2862 0
2863 0
2864 0
2865 0
2866 0
2867 0
2868 0
2869 0
2870 0
2871 0
2872 0
2873 0
2874 0
2875 0
2876 0
2877 0
2878 0
2879 0
2880 0
2881 0
2882 0
2883 0
2884 0
2885 0
2886 0
2887 0
2888 0
2889 0
2890 0
2891 0
2892 0
2893 0
2894 0
2895 0
2896 0
2897 0
2898 0
2899 0
2900 0
2901 0
2902 0
2903 0
2904 1
2905 0
2906 0
2907 0
2908 0
2909 0
2910 0
2911 0
2912 0
2913 0
2914 0
2915 0
2916 0
2917 0
2918 0
2919 0
2920 0
2921 0
2922 0
2923 0
2924 0
2925 0
2926 0
2927 0
2928 0
2929 0
2930 0
2931 0
2932 0
2933 0
2934 0
2935 0
2936 0
2937 0
2938 0
2939 0
2940 0
2941 0
2942 0
2943 0
2944 0
2945 0
2946 0
2947 0
2948 0
2949 0
2950 0
2951 0
2952 0
2953 0
2954 0
2955 0
2956 0
2957 0
2958 0
2959 0
2960 0
2961 0
2962 0
2963 0
2964 0
2965 0
2966 0
2967 0
2968 0
2969 0
2970 0
2971 0
2972 0
2973 0
2974 0
2975 0
2976 0
2977 0
2978 1
2979 0
2980 0
2981 0
2982 0
2983 0
2984 0
2985 0
2986 0
2987 0
2988 0
2989 0
2990 1
2991 0
2992 0
2993 1
2994 0
2995 0
2996 0
2997 0
2998 0
2999 0
3000 0
3001 0
3002 0
3003 0
3004 0
3005 0
3006 0
3007 0
3008 0
3009 0
3010 0
3011 0
3012 0
3013 0
3014 0
3015 0
3016 0
3017 0
3018 0
3019 0
3020 0
3021 0
3022 0
3023 0
3024 0
3025 0
3026 0
3027 0
3028 0
3029 0
3030 0
3031 0
3032 1
3033 0
3034 0
3035 0
3036 0
3037 0
3038 0
3039 0
3040 0
3041 0
3042 0
3043 0
3044 0
3045 0
3046 0
3047 0
3048 0
3049 0
3050 0
3051 0
3052 0
3053 0
3054 0
3055 0
3056 0
3057 0
3058 0
3059 0
3060 0
3061 0
3062 0
3063 0
3064 0
3065 0
3066 0
3067 0
3068 0
3069 0
3070 0
3071 0
3072 0
3073 0
3074 0
3075 0
3076 0
3077 0
3078 0
3079 0
3080 0
3081 0
3082 0
3083 0
3084 0
3085 0
3086 0
3087 0
3088 0
3089 0
3090 0
3091 0
3092 0
3093 0
3094 0
3095 0
3096 0
3097 0
3098 0
3099 0
3100 0
3101 0
3102 0
3103 0
3104 0
3105 0
3106 0
3107 0
3108 0
3109 0
3110 0
3111 0
3112 0
3113 0
3114 0
3115 0
3116 0
3117 0
3118 0
3119 0
3120 0
3121 0
3122 0
3123 0
3124 0
3125 0
3126 0
3127 0
3128 0
3129 0
3130 0
3131 0
3132 0
3133 0
3134 0
3135 0
3136 0
3137 0
3138 0
3139 0
3140 0
3141 0
3142 0
3143 0
3144 0
3145 0
3146 0
3147 0
3148 0
3149 0
3150 0
3151 0
3152 0
3153 0
3154 0
3155 0
3156 0
3157 0
3158 0
3159 0
3160 0
3161 0
3162 0
3163 0
3164 0
3165 0
3166 0
3167 0
3168 0
3169 0
3170 0
3171 0
3172 0
3173 0
3174 0
3175 0
3176 0
3177 0
3178 0
3179 0
3180 0
3181 0
3182 0
3183 0
3184 0
3185 0
3186 0
3187 0
3188 0
3189 0
3190 0
3191 0
3192 0
3193 0
3194 0
3195 0
3196 1
3197 0
3198 0
3199 0
3200 0
3201 0
3202 0
3203 0
3204 0
3205 0
3206 0
3207 0
3208 0
3209 0
3210 0
3211 0
3212 0
3213 0
3214 0
3215 0
3216 0
3217 0
3218 0
3219 0
3220 0
3221 0
3222 0
3223 0
3224 0
3225 0
3226 0
3227 0
3228 0
3229 0
3230 0
3231 0
3232 0
3233 0
3234 0
3235 0
3236 0
3237 0
3238 0
3239 0
3240 0
3241 0
3242 0
3243 0
3244 0
3245 0
3246 0
3247 0
3248 0
3249 0
3250 0
3251 0
3252 0
3253 0
3254 0
3255 0
3256 0
3257 0
3258 0
3259 0
3260 0
3261 0
3262 1
3263 0
3264 0
3265 1
3266 0
3267 0
3268 0
3269 0
3270 0
3271 0
3272 0
3273 0
3274 0
3275 0
3276 0
3277 0
3278 0
3279 0
3280 0
3281 0
3282 0
3283 0
3284 0
3285 0
3286 0
3287 0
3288 0
3289 0
3290 0
3291 0
3292 0
3293 0
3294 0
3295 0
3296 0
3297 0
3298 0
3299 0
3300 0
3301 0
3302 0
3303 0
3304 0
3305 0
3306 0
3307 0
3308 0
3309 0
3310 0
3311 0
3312 0
3313 0
3314 0
3315 0
3316 0
3317 0
3318 0
3319 0
3320 0
3321 0
3322 0
3323 0
3324 0
3325 0
3326 0
3327 0
3328 0
3329 0
3330 0
3331 0
3332 0
3333 0
3334 0
3335 0
3336 0
3337 0
3338 0
3339 0
3340 0
3341 0
3342 0
3343 0
3344 0
3345 0
3346 0
3347 0
3348 0
3349 0
3350 0
3351 0
3352 0
3353 0
3354 0
3355 0
3356 0
3357 0
3358 0
3359 0
3360 0
3361 0
3362 0
3363 0
3364 0
3365 0
3366 1
3367 0
3368 0
3369 0
3370 0
3371 0
3372 0
3373 0
3374 0
3375 0
3376 0
3377 0
3378 0
3379 0
3380 0
3381 0
3382 0
3383 0
3384 0
3385 0
3386 0
3387 0
3388 0
3389 0
3390 0
3391 0
3392 0
3393 0
3394 0
3395 0
3396 0
3397 0
3398 0
3399 0
3400 0
3401 0
3402 0
3403 0
3404 0
3405 0
3406 0
3407 0
3408 0
3409 0
3410 0
3411 0
3412 0
3413 0
3414 0
3415 0
3416 0
3417 0
3418 0
3419 0
3420 0
3421 0
3422 0
3423 0
3424 0
3425 0
3426 0
3427 0
3428 0
3429 0
3430 0
3431 0
3432 0
3433 0
3434 0
3435 0
3436 0
3437 0
3438 0
3439 0
3440 0
3441 0
3442 0
3443 0
3444 0
3445 0
3446 2
3447 0
3448 0
3449 0
3450 0
3451 0
3452 0
3453 0
3454 0
3455 0
3456 0
3457 0
3458 0
3459 0
3460 0
3461 0
3462 0
3463 0
3464 0
3465 0
3466 0
3467 0
3468 0
3469 0
3470 0
3471 0
3472 0
3473 0
3474 0
3475 0
3476 0
3477 0
3478 0
3479 0
3480 0
3481 0
3482 0
3483 0
3484 0
3485 0
3486 0
3487 0
3488 0
3489 0
3490 0
3491 0
3492 0
3493 0
3494 0
3495 0
3496 1
3497 0
3498 0
3499 0
3500 0
3501 0
3502 0
3503 0
3504 0
3505 0
3506 0
3507 0
3508 0
3509 0
3510 0
3511 0
3512 0
3513 0
3514 0
3515 0
3516 0
3517 0
3518 0
3519 0
3520 0
3521 0
3522 0
3523 0
3524 0
3525 0
3526 0
3527 0
3528 0
3529 0
3530 0
3531 0
3532 0
3533 0
3534 0
3535 0
3536 0
3537 0
3538 0
3539 0
3540 0
3541 0
3542 0
3543 0
3544 0
3545 0
3546 0
3547 0
3548 0
3549 0
3550 0
3551 0
3552 0
3553 0
3554 0
3555 0
3556 0
3557 0
3558 0
3559 0
3560 0
3561 0
3562 0
3563 0
3564 0
3565 0
3566 0
3567 0
3568 0
3569 0
3570 0
3571 0
3572 0
3573 0
3574 0
3575 0
3576 0
3577 0
3578 0
3579 0
3580 0
3581 0
3582 0
3583 0
3584 0
3585 0
3586 0
3587 0
3588 0
3589 0
3590 0
3591 0
3592 0
3593 0
3594 0
3595 0
3596 0
3597 0
3598 0
3599 0
3600 0
3601 0
3602 0
3603 0
3604 0
3605 0
3606 0
3607 0
3608 0
3609 0
3610 0
3611 0
3612 1
3613 0
3614 0
3615 1
3616 0
3617 0
3618 0
3619 0
3620 0
3621 0
3622 0
3623 0
3624 0
3625 0
3626 0
3627 0
3628 0
3629 0
3630 0
3631 0
3632 0
3633 0
3634 0
3635 0
3636 0
3637 0
3638 0
3639 0
3640 0
3641 0
3642 0
3643 0
3644 0
3645 0
3646 0
3647 0
3648 0
3649 0
3650 0
3651 0
3652 0
3653 0
3654 0
3655 0
3656 0
3657 0
3658 0
3659 0
3660 0
3661 0
3662 0
3663 0
3664 0
3665 0
3666 0
3667 0
3668 0
3669 0
3670 0
3671 0
3672 0
3673 0
3674 1
3675 0
3676 0
3677 0
3678 0
3679 0
3680 0
3681 0
3682 0
3683 0
3684 0
3685 0
3686 0
3687 0
3688 0
3689 0
3690 0
3691 0
3692 0
3693 0
3694 0
3695 0
3696 0
3697 0
3698 0
3699 0
3700 0
3701 0
3702 0
3703 0
3704 0
3705 0
3706 0
3707 0
3708 0
3709 0
3710 0
3711 0
3712 0
3713 0
3714 0
3715 0
3716 0
3717 0
3718 0
3719 0
3720 0
3721 0
3722 0
3723 0
3724 0
3725 0
3726 0
3727 0
3728 0
3729 0
3730 0
3731 0
3732 0
3733 0
3734 0
3735 0
3736 0
3737 0
3738 0
3739 0
3740 0
3741 0
3742 0
3743 0
3744 0
3745 0
3746 0
3747 0
3748 0
3749 0
3750 0
3751 0
3752 0
3753 0
3754 0
3755 0
3756 0
3757 0
3758 0
3759 0
3760 0
3761 0
3762 0
3763 0
3764 0
3765 0
3766 0
3767 0
3768 0
3769 0
3770 0
3771 0
3772 0
3773 0
3774 0
3775 0
3776 0
3777 1
3778 0
3779 0
3780 0
3781 0
3782 0
3783 0
3784 0
3785 0
3786 0
3787 0
3788 0
3789 0
3790 0
3791 0
3792 0
3793 0
3794 0
3795 0
3796 0
3797 0
3798 0
3799 0
3800 0
3801 0
3802 0
3803 0
3804 0
3805 0
3806 0
3807 0
3808 0
3809 0
3810 0
3811 0
3812 0
3813 0
3814 0
3815 0
3816 0
3817 0
3818 0
3819 0
3820 0
3821 0
3822 0
3823 0
3824 0
3825 0
3826 0
3827 0
3828 0
3829 0
3830 0
3831 0
3832 0
3833 0
3834 0
3835 0
3836 0
3837 0
3838 0
3839 0
3840 0
3841 0
3842 0
3843 0
3844 0
3845 0
3846 0
3847 0
3848 0
3849 0
3850 0
3851 0
3852 0
3853 0
3854 0
3855 0
3856 0
3857 0
3858 0
3859 0
3860 0
3861 0
3862 0
3863 0
3864 0
3865 0
3866 0
3867 0
3868 0
3869 0
3870 0
3871 0
3872 0
3873 0
3874 0
3875 0
3876 0
3877 0
3878 0
3879 0
3880 0
3881 0
3882 0
3883 0
3884 0
3885 0
3886 0
3887 0
3888 0
3889 0
3890 0
3891 0
3892 0
3893 0
3894 0
3895 0
3896 0
3897 0
3898 0
3899 0
3900 0
3901 0
3902 0
3903 0
3904 0
3905 0
3906 0
3907 0
3908 0
3909 0
3910 0
3911 0
3912 0
3913 0
3914 0
3915 0
3916 0
3917 0
3918 0
3919 0
3920 0
3921 0
3922 0
3923 0
3924 0
3925 0
3926 0
3927 0
3928 0
3929 0
3930 0
3931 0
3932 0
3933 0
3934 0
3935 0
3936 0
3937 1
3938 0
3939 0
3940 0
3941 0
3942 0
3943 0
3944 0
3945 0
3946 0
3947 0
3948 0
3949 0
3950 0
3951 0
3952 0
3953 0
3954 0
3955 0
3956 0
3957 0
3958 0
3959 0
3960 0
3961 0
3962 0
3963 0
3964 0
3965 0
3966 0
3967 0
3968 0
3969 0
3970 0
3971 0
3972 0
3973 0
3974 0
3975 0
3976 0
3977 0
3978 0
3979 0
3980 0
3981 0
3982 0
3983 0
3984 0
3985 0
3986 0
3987 0
3988 0
3989 0
3990 0
3991 0
3992 0
3993 0
3994 0
3995 0
3996 0
3997 0
3998 0
3999 0
4000 0
