0 0
1 0
2 0
3 0
4 0
5 0
6 0
7 0
8 0
9 0
10 0
11 0
12 0
13 0
14 0
15 0
16 0
17 0
18 0
19 0
20 0
21 0
22 0
23 0
24 0
25 0
26 0
27 0
28 0
29 0
30 0
31 0
32 0
33 0
34 0
35 0
36 0
37 0
38 0
39 0
40 0
41 0
42 0
43 0
44 0
45 0
46 0
47 0
48 0
49 0
50 0
51 0
52 0
53 0
54 0
55 0
56 0
57 0
58 0
59 0
60 0
61 0
62 0
63 0
64 0
65 0
66 0
67 0
68 0
69 0
70 0
71 0
72 0
73 0
74 0
75 0
76 0
77 0
78 0
79 0
80 0
81 0
82 0
83 0
84 0
85 0
86 6
87 30
88 23
89 16
90 20
91 20
92 18
93 21
94 21
95 31
96 26
97 37
98 16
99 28
100 20
101 19
102 10
103 9
104 6
105 14
106 6
107 11
108 6
109 11
110 29
111 124
112 568
113 1853
114 4051
115 6067
116 7513
117 8567
118 8824
119 8552
120 7990
121 7287
122 6667
123 5830
124 5165
125 4429
126 3745
127 3249
128 2860
129 2468
130 2169
131 1851
132 1626
133 1511
134 1391
135 1279
136 1281
137 1212
138 1176
139 1140
140 1108
141 1106
142 1102
143 1083
144 1133
145 1114
146 1151
147 1077
148 1124
149 1102
150 1050
151 1161
152 1120
153 1108
154 1095
155 1109
156 1154
157 1083
158 1070
159 1049
160 1068
161 1030
162 1106
163 1120
164 1090
165 1113
166 1129
167 1154
168 1088
169 1148
170 1122
171 1160
172 1080
173 1149
174 1208
175 1123
176 1069
177 1186
178 1127
179 1180
180 1113
181 1180
182 1157
183 1216
184 1143
185 1209
186 1145
187 1212
188 1204
189 1155
190 1202
191 1148
192 1157
193 1166
194 1214
195 1174
196 1185
197 1213
198 1195
199 1185
200 1197
201 1198
202 1231
203 1242
204 1129
205 1262
206 1237
207 1194
208 1206
209 1213
210 1265
211 1175
212 1172
213 1142
214 1189
215 1286
216 1264
217 1211
218 1234
219 1197
220 1255
221 1241
222 1207
223 1185
224 1231
225 1201
226 1268
227 1269
228 1280
229 1286
230 1272
231 1247
232 1261
233 1271
234 1223
235 1298
236 1285
237 1249
238 1244
239 1246
240 1261
241 1265
242 1285
243 1228
244 1227
245 1238
246 1314
247 1300
248 1281
249 1304
250 1277
251 1230
252 1318
253 1300
254 1240
255 1301
256 1330
257 1312
258 1291
259 1280
260 1373
261 1325
262 1329
263 1277
264 1328
265 1356
266 1348
267 1297
268 1358
269 1323
270 1407
271 1300
272 1372
273 1464
274 1389
275 1364
276 1377
277 1420
278 1390
279 1396
280 1450
281 1453
282 1419
283 1418
284 1516
285 1476
286 1446
287 1513
288 1503
289 1470
290 1524
291 1516
292 1458
293 1405
294 1441
295 1506
296 1481
297 1478
298 1460
299 1472
300 1522
301 1517
302 1516
303 1520
304 1469
305 1564
306 1585
307 1591
308 1582
309 1602
310 1562
311 1605
312 1606
313 1654
314 1627
315 1677
316 1594
317 1655
318 1669
319 1720
320 1640
321 1660
322 1728
323 1710
324 1621
325 1648
326 1722
327 1803
328 1719
329 1711
330 1725
331 1747
332 1672
333 1798
334 1809
335 1785
336 1766
337 1844
338 1797
339 1796
340 1829
341 1807
342 1775
343 1786
344 1750
345 1862
346 1842
347 1821
348 1802
349 1967
350 1894
351 1915
352 1899
353 1974
354 1896
355 1958
356 1926
357 1915
358 1934
359 1963
360 1946
361 1911
362 1971
363 2000
364 2057
365 1958
366 1878
367 1995
368 2041
369 2007
370 1971
371 1978
372 2062
373 2075
374 1986
375 2045
376 2047
377 2022
378 2061
379 2082
380 2136
381 2079
382 2117
383 2101
384 2108
385 2032
386 2069
387 2116
388 2077
389 2149
390 2144
391 2172
392 2102
393 2120
394 2109
395 2076
396 2060
397 2139
398 2182
399 2192
400 2201
401 2152
402 2172
403 2121
404 2208
405 2232
406 2187
407 2196
408 2097
409 2182
410 2110
411 2158
412 2204
413 2177
414 2181
415 2131
416 2296
417 2252
418 2195
419 2290
420 2206
421 2161
422 2102
423 2156
424 2126
425 2193
426 2091
427 2187
428 2171
429 2168
430 2171
431 2188
432 2119
433 2153
434 2184
435 2201
436 2034
437 2101
438 2045
439 2188
440 2199
441 2151
442 2064
443 2144
444 2101
445 2081
446 2184
447 2095
448 2084
449 2037
450 2129
451 2117
452 1933
453 2063
454 2087
455 2011
456 2039
457 2056
458 2032
459 2108
460 2029
461 2012
462 2076
463 1989
464 2122
465 1979
466 1952
467 2015
468 1891
469 1974
470 1950
471 1957
472 1931
473 1906
474 1967
475 2007
476 1880
477 1869
478 1914
479 1933
480 1896
481 1877
482 1916
483 1878
484 1836
485 1899
486 1892
487 1851
488 1763
489 1823
490 1772
491 1844
492 1829
493 1813
494 1750
495 1804
496 1727
497 1714
498 1730
499 1780
500 1809
501 1760
502 1695
503 1698
504 1644
505 1746
506 1682
507 1714
508 1705
509 1667
510 1634
511 1612
512 1593
513 1586
514 1622
515 1527
516 1541
517 1570
518 1532
519 1569
520 1493
521 1534
522 1474
523 1553
524 1543
525 1451
526 1516
527 1471
528 1450
529 1505
530 1428
531 1411
532 1418
533 1445
534 1440
535 1430
536 1379
537 1317
538 1338
539 1372
540 1329
541 1356
542 1400
543 1347
544 1348
545 1285
546 1283
547 1359
548 1295
549 1325
550 1341
551 1279
552 1189
553 1259
554 1151
555 1222
556 1227
557 1153
558 1197
559 1145
560 1174
561 1222
562 1188
563 1109
564 1168
565 1171
566 1092
567 1089
568 1019
569 1088
570 1021
571 1059
572 1056
573 1015
574 992
575 1009
576 1002
577 986
578 971
579 1036
580 971
581 1008
582 969
583 981
584 907
585 927
586 880
587 934
588 922
589 864
590 940
591 893
592 907
593 907
594 871
595 911
596 833
597 879
598 797
599 803
600 853
601 862
602 818
603 781
604 805
605 783
606 799
607 773
608 792
609 765
610 771
611 793
612 795
613 757
614 760
615 700
616 709
617 699
618 719
619 684
620 720
621 639
622 658
623 693
624 748
625 699
626 619
627 599
628 633
629 653
630 632
631 626
632 617
633 639
634 601
635 576
636 585
637 597
638 591
639 589
640 549
641 545
642 545
643 565
644 566
645 560
646 577
647 565
648 558
649 508
650 504
651 564
652 536
653 500
654 516
655 516
656 509
657 490
658 490
659 479
660 477
661 513
662 494
663 482
664 441
665 484
666 455
667 512
668 445
669 454
670 433
671 440
672 509
673 413
674 460
675 420
676 452
677 421
678 410
679 433
680 431
681 435
682 416
683 389
684 374
685 403
686 395
687 389
688 373
689 410
690 377
691 372
692 397
693 383
694 388
695 378
696 371
697 358
698 365
699 356
700 333
701 349
702 351
703 388
704 362
705 372
706 324
707 359
708 342
709 389
710 331
711 298
712 312
713 362
714 318
715 355
716 298
717 331
718 326
719 330
720 310
721 311
722 329
723 324
724 319
725 318
726 298
727 286
728 288
729 312
730 294
731 297
732 273
733 303
734 311
735 296
736 335
737 298
738 290
739 293
740 281
741 313
742 301
743 278
744 290
745 303
746 263
747 329
748 262
749 254
750 289
751 312
752 273
753 290
754 240
755 261
756 283
757 260
758 303
759 268
760 280
761 256
762 272
763 286
764 267
765 268
766 279
767 285
768 278
769 257
770 270
771 248
772 247
773 279
774 242
775 273
776 270
777 248
778 280
779 247
780 248
781 252
782 226
783 258
784 243
785 248
786 280
787 240
788 248
789 261
790 260
791 240
792 221
793 218
794 253
795 263
796 264
797 243
798 230
799 259
800 235
801 233
802 279
803 235
804 222
805 251
806 218
807 251
808 236
809 228
810 220
811 245
812 249
813 262
814 226
815 235
816 234
817 254
818 218
819 258
820 245
821 249
822 240
823 229
824 237
825 232
826 250
827 222
828 234
829 235
830 250
831 226
832 242
833 236
834 232
835 225
836 228
837 235
838 227
839 238
840 255
841 237
842 222
843 222
844 253
845 231
846 216
847 246
848 220
849 244
850 229
851 212
852 220
853 248
854 237
855 248
856 221
857 233
858 263
859 232
860 240
861 251
862 249
863 207
864 264
865 225
866 268
867 250
868 242
869 213
870 248
871 254
872 255
873 217
874 220
875 198
876 214
877 239
878 227
879 224
880 250
881 222
882 223
883 252
884 239
885 236
886 221
887 231
888 234
889 218
890 263
891 221
892 198
893 234
894 221
895 227
896 222
897 234
898 236
899 235
900 241
901 233
902 198
903 203
904 239
905 251
906 229
907 214
908 195
909 212
910 245
911 238
912 248
913 235
914 224
915 259
916 259
917 228
918 257
919 228
920 273
921 211
922 237
923 263
924 215
925 242
926 234
927 233
928 242
929 249
930 201
931 252
932 232
933 249
934 236
935 220
936 247
937 227
938 213
939 234
940 237
941 230
942 232
943 222
944 234
945 215
946 227
947 213
948 230
949 198
950 221
951 238
952 229
953 255
954 220
955 217
956 241
957 236
958 203
959 213
960 235
961 220
962 210
963 246
964 246
965 236
966 211
967 243
968 264
969 242
970 230
971 217
972 240
973 255
974 242
975 243
976 234
977 220
978 245
979 215
980 223
981 220
982 219
983 220
984 204
985 240
986 208
987 234
988 231
989 215
990 229
991 242
992 228
993 208
994 229
995 217
996 206
997 239
998 215
999 257
1000 226
1001 220
1002 238
1003 233
1004 219
1005 222
1006 252
1007 252
1008 191
1009 206
1010 239
1011 222
1012 210
1013 237
1014 210
1015 247
1016 191
1017 230
1018 248
1019 207
1020 235
1021 230
1022 205
1023 230
1024 206
1025 222
1026 204
1027 203
1028 205
1029 204
1030 205
1031 203
1032 228
1033 199
1034 201
1035 240
1036 217
1037 212
1038 206
1039 225
1040 226
1041 195
1042 218
1043 254
1044 218
1045 240
1046 197
1047 207
1048 226
1049 209
1050 233
1051 226
1052 216
1053 211
1054 211
1055 220
1056 204
1057 192
1058 219
1059 224
1060 202
1061 178
1062 213
1063 218
1064 231
1065 187
1066 209
1067 213
1068 230
1069 199
1070 223
1071 199
1072 216
1073 204
1074 206
1075 204
1076 219
1077 200
1078 192
1079 190
1080 226
1081 202
1082 209
1083 224
1084 208
1085 204
1086 198
1087 205
1088 223
1089 202
1090 192
1091 185
1092 180
1093 193
1094 189
1095 201
1096 205
1097 205
1098 168
1099 187
1100 204
1101 198
1102 188
1103 223
1104 182
1105 198
1106 201
1107 189
1108 203
1109 202
1110 187
1111 194
1112 197
1113 211
1114 219
1115 174
1116 188
1117 202
1118 197
1119 182
1120 183
1121 174
1122 167
1123 163
1124 178
1125 212
1126 162
1127 199
1128 211
1129 190
1130 194
1131 191
1132 181
1133 213
1134 197
1135 194
1136 192
1137 199
1138 191
1139 167
1140 185
1141 196
1142 198
1143 176
1144 162
1145 174
1146 173
1147 165
1148 198
1149 182
1150 186
1151 139
1152 190
1153 170
1154 171
1155 191
1156 192
1157 200
1158 170
1159 182
1160 161
1161 199
1162 186
1163 167
1164 161
1165 155
1166 189
1167 188
1168 174
1169 196
1170 162
1171 152
1172 171
1173 159
1174 169
1175 193
1176 157
1177 174
1178 153
1179 171
1180 180
1181 178
1182 161
1183 181
1184 168
1185 165
1186 163
1187 158
1188 159
1189 156
1190 158
1191 163
1192 149
1193 175
1194 183
1195 170
1196 170
1197 155
1198 161
1199 173
1200 153
1201 156
1202 153
1203 142
1204 133
1205 183
1206 148
1207 127
1208 144
1209 158
1210 139
1211 143
1212 157
1213 155
1214 161
1215 138
1216 146
1217 154
1218 136
1219 144
1220 162
1221 157
1222 148
1223 125
1224 135
1225 165
1226 150
1227 134
1228 133
1229 145
1230 108
1231 133
1232 133
1233 143
1234 153
1235 125
1236 151
1237 127
1238 148
1239 165
1240 129
1241 139
1242 123
1243 135
1244 126
1245 123
1246 136
1247 150
1248 133
1249 136
1250 130
1251 123
1252 147
1253 143
1254 119
1255 131
1256 119
1257 126
1258 116
1259 133
1260 150
1261 116
1262 119
1263 113
1264 114
1265 134
1266 122
1267 120
1268 115
1269 123
1270 138
1271 139
1272 103
1273 114
1274 111
1275 119
1276 130
1277 124
1278 118
1279 116
1280 92
1281 107
1282 99
1283 111
1284 127
1285 100
1286 118
1287 117
1288 129
1289 118
1290 114
1291 119
1292 109
1293 105
1294 108
1295 89
1296 112
1297 112
1298 112
1299 106
1300 126
1301 100
1302 105
1303 107
1304 94
1305 101
1306 96
1307 94
1308 101
1309 94
1310 93
1311 99
1312 96
1313 104
1314 114
1315 100
1316 86
1317 103
1318 115
1319 115
1320 107
1321 106
1322 87
1323 104
1324 92
1325 84
1326 80
1327 95
1328 99
1329 86
1330 96
1331 111
1332 86
1333 85
1334 87
1335 98
1336 87
1337 99
1338 94
1339 86
1340 97
1341 80
1342 81
1343 87
1344 93
1345 79
1346 71
1347 94
1348 81
1349 83
1350 70
1351 74
1352 77
1353 96
1354 70
1355 93
1356 89
1357 86
1358 85
1359 105
1360 83
1361 87
1362 73
1363 74
1364 83
1365 77
1366 67
1367 95
1368 70
1369 82
1370 70
1371 70
1372 78
1373 69
1374 105
1375 88
1376 84
1377 77
1378 71
1379 77
1380 66
1381 74
1382 74
1383 81
1384 78
1385 77
1386 69
1387 68
1388 68
1389 74
1390 79
1391 69
1392 74
1393 85
1394 94
1395 76
1396 74
1397 75
1398 66
1399 66
1400 86
1401 63
1402 82
1403 63
1404 66
1405 75
1406 57
1407 64
1408 73
1409 63
1410 78
1411 54
1412 66
1413 77
1414 77
1415 74
1416 63
1417 58
1418 82
1419 47
1420 67
1421 66
1422 66
1423 69
1424 65
1425 77
1426 68
1427 64
1428 67
1429 61
1430 55
1431 73
1432 59
1433 59
1434 61
1435 57
1436 62
1437 65
1438 59
1439 59
1440 73
1441 67
1442 68
1443 56
1444 52
1445 52
1446 58
1447 53
1448 61
1449 57
1450 46
1451 64
1452 58
1453 51
1454 55
1455 70
1456 50
1457 43
1458 56
1459 53
1460 53
1461 48
1462 64
1463 55
1464 35
1465 47
1466 48
1467 48
1468 56
1469 51
1470 59
1471 73
1472 44
1473 58
1474 51
1475 36
1476 44
1477 44
1478 46
1479 48
1480 38
1481 48
1482 52
1483 44
1484 58
1485 60
1486 55
1487 56
1488 59
1489 42
1490 53
1491 35
1492 45
1493 41
1494 40
1495 54
1496 45
1497 52
1498 33
1499 47
1500 44
1501 50
1502 48
1503 56
1504 48
1505 37
1506 50
1507 57
1508 41
1509 43
1510 44
1511 43
1512 39
1513 39
1514 40
1515 33
1516 48
1517 41
1518 34
1519 38
1520 33
1521 43
1522 42
1523 49
1524 38
1525 28
1526 36
1527 43
1528 33
1529 39
1530 40
1531 29
1532 42
1533 35
1534 32
1535 32
1536 33
1537 36
1538 41
1539 38
1540 43
1541 46
1542 38
1543 43
1544 41
1545 35
1546 36
1547 20
1548 32
1549 28
1550 33
1551 42
1552 23
1553 43
1554 35
1555 37
1556 37
1557 28
1558 32
1559 32
1560 37
1561 38
1562 38
1563 35
1564 29
1565 40
1566 31
1567 33
1568 40
1569 29
1570 36
1571 34
1572 28
1573 20
1574 34
1575 25
1576 39
1577 40
1578 33
1579 36
1580 24
1581 22
1582 37
1583 19
1584 31
1585 30
1586 24
1587 23
1588 20
1589 34
1590 26
1591 23
1592 19
1593 27
1594 30
1595 29
1596 22
1597 23
1598 23
1599 20
1600 31
1601 19
1602 32
1603 35
1604 24
1605 23
1606 34
1607 24
1608 32
1609 27
1610 23
1611 21
1612 25
1613 27
1614 17
1615 18
1616 25
1617 24
1618 18
1619 25
1620 29
1621 19
1622 18
1623 24
1624 22
1625 20
1626 23
1627 16
1628 22
1629 23
1630 28
1631 22
1632 21
1633 19
1634 21
1635 18
1636 17
1637 20
1638 25
1639 22
1640 17
1641 23
1642 18
1643 16
1644 30
1645 17
1646 14
1647 21
1648 21
1649 21
1650 24
1651 16
1652 15
1653 23
1654 21
1655 21
1656 22
1657 13
1658 19
1659 15
1660 22
1661 17
1662 23
1663 26
1664 20
1665 21
1666 18
1667 14
1668 8
1669 18
1670 18
1671 20
1672 20
1673 11
1674 15
1675 15
1676 14
1677 15
1678 13
1679 16
1680 16
1681 14
1682 17
1683 12
1684 16
1685 19
1686 12
1687 12
1688 14
1689 21
1690 22
1691 13
1692 16
1693 20
1694 13
1695 9
1696 18
1697 15
1698 9
1699 15
1700 13
1701 11
1702 12
1703 12
1704 21
1705 21
1706 9
1707 12
1708 13
1709 15
1710 11
1711 10
1712 11
1713 14
1714 16
1715 12
1716 11
1717 9
1718 11
1719 9
1720 13
1721 8
1722 19
1723 11
1724 15
1725 12
1726 12
1727 15
1728 13
1729 14
1730 8
1731 15
1732 5
1733 13
1734 11
1735 9
1736 7
1737 11
1738 3
1739 8
1740 12
1741 13
1742 5
1743 9
1744 11
1745 10
1746 10
1747 9
1748 7
1749 10
1750 9
1751 5
1752 13
1753 10
1754 9
1755 4
1756 4
1757 5
1758 12
1759 12
1760 13
1761 12
1762 6
1763 9
1764 10
1765 6
1766 6
1767 9
1768 6
1769 9
1770 16
1771 11
1772 11
1773 8
1774 11
1775 12
1776 6
1777 11
1778 5
1779 10
1780 5
1781 5
1782 13
1783 9
1784 11
1785 5
1786 11
1787 10
1788 3
1789 4
1790 4
1791 11
1792 4
1793 7
1794 4
1795 1
1796 7
1797 8
1798 10
1799 8
1800 10
1801 6
1802 3
1803 4
1804 5
1805 7
1806 6
1807 8
1808 3
1809 3
1810 5
1811 8
1812 7
1813 7
1814 7
1815 7
1816 12
1817 6
1818 7
1819 9
1820 8
1821 9
1822 6
1823 2
1824 4
1825 7
1826 5
1827 5
1828 3
1829 2
1830 8
1831 4
1832 8
1833 8
1834 5
1835 12
1836 6
1837 4
1838 4
1839 6
1840 3
1841 6
1842 3
1843 0
1844 3
1845 3
1846 2
1847 8
1848 6
1849 7
1850 3
1851 6
1852 5
1853 3
1854 7
1855 6
1856 6
1857 8
1858 4
1859 4
1860 4
1861 3
1862 6
1863 2
1864 1
1865 2
1866 4
1867 2
1868 4
1869 3
1870 2
1871 1
1872 3
1873 4
1874 5
1875 5
1876 3
1877 3
1878 0
1879 5
1880 1
1881 3
1882 5
1883 4
1884 1
1885 5
1886 3
1887 4
1888 0
1889 2
1890 3
1891 5
1892 0
1893 2
1894 1
1895 0
1896 2
1897 4
1898 2
1899 1
1900 4
1901 7
1902 2
1903 3
1904 5
1905 4
1906 3
1907 3
1908 0
1909 0
1910 3
1911 7
1912 1
1913 1
1914 0
1915 4
1916 2
1917 2
1918 4
1919 4
1920 2
1921 2
1922 3
1923 4
1924 3
1925 1
1926 2
1927 2
1928 2
1929 2
1930 1
1931 3
1932 0
1933 5
1934 2
1935 1
1936 4
1937 2
1938 1
1939 1
1940 2
1941 5
1942 7
1943 4
1944 5
1945 1
1946 1
1947 1
1948 1
1949 3
1950 2
1951 0
1952 0
1953 1
1954 2
1955 1
1956 1
1957 1
1958 3
1959 2
1960 2
1961 0
1962 3
1963 2
1964 0
1965 1
1966 1
1967 2
1968 4
1969 2
1970 0
1971 1
1972 1
1973 2
1974 0
1975 3
1976 0
1977 0
1978 1
1979 1
1980 1
1981 0
1982 2
1983 1
1984 0
1985 2
1986 0
1987 1
1988 4
1989 1
1990 1
1991 1
1992 1
1993 0
1994 0
1995 3
1996 2
1997 0
1998 0
1999 0
2000 2
2001 2
2002 0
2003 1
2004 0
2005 1
2006 0
2007 1
2008 2
2009 0
2010 3
2011 1
2012 2
2013 0
2014 2
2015 0
2016 0
2017 1
2018 0
2019 0
2020 0
2021 2
2022 3
2023 1
2024 1
2025 0
2026 0
2027 0
2028 3
2029 0
2030 2
2031 0
2032 0
2033 0
2034 2
2035 0
2036 0
2037 1
2038 0
2039 1
2040 3
2041 0
2042 1
2043 0
2044 0
2045 0
2046 0
2047 2
2048 0
2049 0
2050 0
2051 1
2052 1
2053 1
2054 0
2055 1
2056 1
2057 1
2058 0
2059 0
2060 0
2061 1
2062 1
2063 0
2064 0
2065 2
2066 1
2067 2
2068 0
2069 0
2070 0
2071 0
2072 2
2073 0
2074 0
2075 0
2076 1
2077 0
2078 0
2079 0
2080 1
2081 0
2082 0
2083 1
2084 1
2085 1
2086 0
2087 0
2088 0
2089 0
2090 1
2091 0
2092 0
2093 0
2094 0
2095 0
2096 1
2097 0
2098 0
2099 1
2100 1
2101 0
2102 0
2103 1
2104 0
2105 1
2106 0
2107 0
2108 1
2109 0
2110 0
2111 0
2112 0
2113 0
2114 0
2115 1
2116 0
2117 2
2118 1
2119 0
2120 0
2121 0
2122 0
2123 0
2124 0
2125 2
2126 0
2127 1
2128 2
2129 0
2130 0
2131 0
2132 0
2133 0
2134 0
2135 0
2136 1
2137 0
2138 0
2139 0
2140 0
2141 0
2142 0
2143 0
2144 0
2145 0
2146 0
2147 0
2148 0
2149 1
2150 0
2151 0
2152 0
2153 0
2154 0
2155 0
2156 0
2157 0
2158 0
2159 0
2160 0
2161 0
2162 0
2163 1
2164 1
2165 0
2166 0
2167 0
2168 0
2169 0
2170 0
2171 0
2172 0
2173 0
2174 1
2175 0
2176 0
2177 0
2178 0
2179 0
2180 0
2181 0
2182 1
2183 0
2184 0
2185 0
2186 0
2187 0
2188 1
2189 1
2190 0
2191 0
2192 0
2193 0
2194 1
2195 0
2196 0
2197 0
2198 0
2199 0
2200 0
2201 0
2202 0
2203 0
2204 0
2205 0
2206 0
2207 0
2208 0
2209 0
2210 0
2211 0
2212 0
2213 0
2214 0
2215 0
2216 0
2217 0
2218 1
2219 0
2220 0
2221 0
2222 0
2223 0
2224 0
2225 0
2226 0
2227 0
2228 0
2229 0
2230 0
2231 0
2232 1
2233 0
2234 0
2235 1
2236 0
2237 0
2238 0
2239 0
2240 0
2241 0
2242 0
2243 1
2244 0
2245 0
2246 0
2247 1
2248 0
2249 0
2250 0
2251 1
2252 0
2253 0
2254 0
2255 1
2256 0
2257 0
2258 0
2259 0
2260 0
2261 0
2262 0
2263 0
2264 0
2265 0
2266 0
2267 0
2268 0
2269 0
2270 0
2271 0
2272 0
2273 0
2274 0
2275 0
2276 1
2277 0
2278 0
2279 0
2280 0
2281 0
2282 0
2283 0
2284 0
2285 0
2286 0
2287 0
2288 0
2289 0
2290 0
2291 0
2292 0
2293 0
2294 0
2295 0
2296 0
2297 0
2298 0
2299 0
2300 0
2301 0
2302 1
2303 0
2304 0
2305 0
2306 0
2307 0
2308 0
2309 0
2310 0
2311 0
2312 0
2313 0
2314 0
2315 0
2316 0
2317 1
2318 0
2319 0
2320 0
2321 0
2322 0
2323 0
2324 0
2325 0
2326 0
2327 0
2328 0
2329 0
2330 0
2331 0
2332 0
2333 0
2334 0
2335 0
2336 0
2337 0
2338 0
2339 1
2340 0
2341 0
2342 0
2343 0
2344 0
2345 0
2346 0
2347 0
2348 0
2349 0
2350 0
2351 0
2352 0
2353 0
2354 0
2355 0
2356 0
2357 0
2358 0
2359 0
2360 0
2361 0
2362 0
2363 0
2364 0
2365 0
2366 0
2367 1
2368 0
2369 1
2370 0
2371 0
2372 0
2373 0
2374 0
2375 0
2376 0
2377 0
2378 0
2379 0
2380 0
2381 0
2382 0
2383 0
2384 0
2385 0
2386 0
2387 0
2388 0
2389 0
2390 0
2391 0
2392 1
2393 0
2394 0
2395 0
2396 0
2397 0
2398 0
2399 0
2400 0
2401 0
2402 0
2403 0
2404 0
2405 0
2406 0
2407 0
2408 1
2409 0
2410 0
2411 0
2412 0
2413 0
2414 0
2415 0
2416 0
2417 0
2418 0
2419 0
2420 0
2421 0
2422 0
2423 0
2424 0
2425 0
2426 0
2427 0
2428 0
2429 0
2430 0
2431 1
2432 0
2433 0
2434 0
2435 0
2436 0
2437 0
2438 0
2439 0
2440 0
2441 0
2442 0
2443 0
2444 1
2445 0
2446 0
2447 0
2448 0
2449 0
2450 0
2451 0
2452 0
2453 0
2454 0
2455 0
2456 0
2457 0
2458 1
2459 0
2460 0
2461 0
2462 0
2463 0
2464 0
2465 0
2466 0
2467 0
2468 0
2469 0
2470 0
2471 0
2472 0
2473 1
2474 0
2475 0
2476 0
2477 0
2478 0
2479 0
2480 0
2481 0
2482 0
2483 0
2484 0
2485 0
2486 0
2487 0
2488 0
2489 0
2490 0
2491 0
2492 0
2493 0
2494 0
2495 1
2496 0
2497 0
2498 0
2499 0
2500 2
2501 0
2502 0
2503 0
2504 1
2505 0
2506 0
2507 0
2508 0
2509 0
2510 0
2511 0
2512 0
2513 0
2514 0
2515 0
2516 0
2517 0
2518 0
2519 0
2520 0
2521 0
2522 0
2523 0
2524 0
2525 0
2526 0
2527 0
2528 0
2529 0
2530 0
2531 0
2532 0
2533 0
2534 0
2535 0
2536 0
2537 0
2538 0
2539 0
2540 0
2541 0
2542 1
2543 0
2544 0
2545 0
2546 0
2547 0
2548 0
2549 0
2550 0
2551 0
2552 0
2553 0
2554 0
2555 0
2556 0
2557 0
2558 0
2559 0
2560 0
2561 0
2562 0
2563 0
2564 0
2565 0
2566 0
2567 0
2568 0
2569 0
2570 0
2571 0
2572 0
2573 0
2574 0
2575 1
2576 0
2577 0
2578 0
2579 0
2580 0
2581 0
2582 0
2583 0
2584 0
2585 0
2586 0
2587 0
2588 0
2589 0
2590 0
2591 0
2592 0
2593 0
2594 0
2595 0
2596 0
2597 0
2598 0
2599 0
2600 0
2601 0
2602 0
2603 0
2604 0
2605 0
2606 0
2607 0
2608 0
2609 0
2610 1
2611 0
2612 0
2613 0
2614 0
2615 0
2616 0
2617 0
2618 0
2619 0
2620 0
2621 0
2622 0
2623 0
2624 0
2625 0
2626 0
2627 0
2628 0
2629 0
2630 0
2631 0
2632 0
2633 0
2634 0
2635 0
2636 0
2637 0
2638 0
2639 0
2640 0
2641 0
2642 0
2643 0
2644 0
2645 0
2646 0
2647 0
2648 0
2649 0
2650 0
2651 0
2652 0
2653 0
2654 0
2655 0
2656 0
2657 0
2658 0
2659 0
2660 0
2661 0
2662 0
2663 0
2664 0
2665 0
2666 0
2667 0
2668 0
2669 0
2670 0
2671 0
2672 0
2673 0
2674 0
2675 0
2676 0
2677 0
2678 0
2679 0
2680 0
2681 0
2682 0
2683 0
2684 0
2685 0
2686 0
2687 0
2688 0
2689 0
2690 0
2691 0
2692 0
2693 0
2694 0
2695 0
2696 0
2697 0
2698 0
2699 0
2700 0
2701 0
2702 0
2703 0
2704 0
2705 0
2706 0
2707 0
2708 0
2709 0
2710 0
2711 0
2712 1
2713 0
2714 0
2715 0
2716 0
2717 0
2718 0
2719 0
2720 0
2721 0
2722 0
2723 0
2724 0
2725 0
2726 0
2727 0
2728 0
2729 0
2730 0
2731 0
2732 0
2733 0
2734 0
2735 0
2736 0
2737 1
2738 0
2739 0
2740 0
2741 0
2742 0
2743 0
2744 0
2745 0
2746 0
2747 0
2748 0
2749 0
2750 0
2751 0
2752 0
2753 0
2754 0
2755 0
2756 0
2757 0
2758 0
2759 0
2760 0
2761 0
2762 0
2763 0
2764 0
2765 0
2766 0
2767 0
2768 0
2769 0
2770 0
2771 0
2772 0
2773 0
2774 0
2775 0
2776 0
2777 0
2778 0
2779 0
2780 0
2781 0
2782 0
2783 0
2784 0
2785 0
2786 0
2787 0
2788 0
2789 0
2790 0
2791 0
2792 0
2793 0
2794 0
2795 0
2796 0
2797 0
2798 0
2799 0
2800 0
2801 0
2802 0
2803 0
2804 0
2805 0
2806 0
2807 0
2808 0
2809 0
2810 0
2811 0
2812 0
2813 0
2814 0
2815 0
2816 0
2817 0
2818 0
2819 0
2820 0
2821 0
2822 0
2823 0
2824 1
2825 0
2826 0
2827 0
2828 0
2829 0
2830 0
2831 0
2832 0
2833 0
2834 0
2835 0
2836 0
2837 0
2838 0
2839 0
2840 0
2841 0
2842 0
2843 0
2844 0
2845 0
2846 0
2847 0
2848 0
2849 0
2850 0
2851 0
2852 0
2853 0
2854 0
2855 0
2856 0
2857 0
2858 0
2859 0
2860 0
2861 0
2862 0
2863 0
2864 0
2865 0
2866 0
2867 0
2868 0
2869 0
2870 0
2871 0
2872 0
2873 0
2874 0
2875 0
2876 0
2877 0
2878 0
2879 0
2880 0
2881 0
2882 0
2883 0
2884 0
2885 0
2886 0
2887 0
2888 0
2889 0
2890 0
2891 0
2892 0
2893 0
2894 0
2895 0
2896 0
2897 0
2898 0
2899 0
2900 0
2901 0
2902 0
2903 0
2904 0
2905 0
2906 0
2907 0
2908 0
2909 0
2910 0
2911 0
2912 0
2913 0
2914 0
2915 0
2916 0
2917 0
2918 0
2919 0
2920 0
2921 0
2922 0
2923 0
2924 0
2925 0
2926 0
2927 0
2928 0
2929 0
2930 0
2931 0
2932 0
2933 0
2934 0
2935 1
2936 0
2937 0
2938 0
2939 0
2940 0
2941 0
2942 0
2943 0
2944 0
2945 0
2946 0
2947 0
2948 0
2949 0
2950 0
2951 0
2952 0
2953 0
2954 0
2955 0
2956 0
2957 0
2958 0
2959 0
2960 0
2961 0
2962 0
2963 0
2964 0
2965 0
2966 0
2967 0
2968 0
2969 0
2970 0
2971 0
2972 0
2973 0
2974 0
2975 0
2976 0
2977 0
2978 0
2979 0
2980 0
2981 0
2982 0
2983 0
2984 0
2985 0
2986 0
2987 0
2988 0
2989 0
2990 0
2991 0
2992 0
2993 0
2994 0
2995 0
2996 0
2997 0
2998 0
2999 0
3000 1
3001 0
3002 0
3003 0
3004 0
3005 0
3006 0
3007 0
3008 0
3009 0
3010 0
3011 0
3012 0
3013 0
3014 0
3015 0
3016 0
3017 0
3018 0
3019 0
3020 0
3021 0
3022 0
3023 0
3024 0
3025 0
3026 0
3027 0
3028 0
3029 0
3030 0
3031 0
3032 0
3033 0
3034 0
3035 0
3036 0
3037 0
3038 0
3039 0
3040 0
3041 0
3042 0
3043 0
3044 0
3045 0
3046 0
3047 0
3048 0
3049 0
3050 0
3051 0
3052 0
3053 0
3054 0
3055 0
3056 0
3057 0
3058 0
3059 0
3060 0
3061 0
3062 0
3063 0
3064 0
3065 0
3066 0
3067 0
3068 0
3069 0
3070 0
3071 0
3072 0
3073 0
3074 0
3075 0
3076 0
3077 0
3078 0
3079 0
3080 0
3081 0
3082 0
3083 0
3084 0
3085 0
3086 0
3087 0
3088 0
3089 0
3090 0
3091 0
3092 0
3093 0
3094 1
3095 0
3096 0
3097 0
3098 0
3099 0
3100 0
3101 0
3102 0
3103 0
3104 0
3105 0
3106 0
3107 0
3108 0
3109 0
3110 0
3111 0
3112 0
3113 0
3114 0
3115 0
3116 0
3117 0
3118 0
3119 0
3120 0
3121 0
3122 0
3123 0
3124 0
3125 0
3126 0
3127 0
3128 0
3129 0
3130 0
3131 0
3132 0
3133 0
3134 0
3135 0
3136 0
3137 0
3138 0
3139 0
3140 0
3141 0
3142 0
3143 0
3144 0
3145 0
3146 0
3147 0
3148 0
3149 0
3150 0
3151 0
3152 0
3153 0
3154 0
3155 0
3156 0
3157 0
3158 0
3159 0
3160 0
3161 0
3162 0
3163 0
3164 0
3165 0
3166 0
3167 0
3168 0
3169 0
3170 0
3171 0
3172 0
3173 0
3174 0
3175 0
3176 0
3177 0
3178 0
3179 0
3180 0
3181 0
3182 0
3183 0
3184 0
3185 0
3186 0
3187 0
3188 0
3189 0
3190 0
3191 0
3192 0
3193 0
3194 0
3195 0
3196 0
3197 0
3198 0
3199 0
3200 0
3201 0
3202 0
3203 0
3204 0
3205 0
3206 0
3207 0
3208 0
3209 0
3210 0
3211 0
3212 0
3213 0
3214 0
3215 0
3216 0
3217 0
3218 0
3219 0
3220 0
3221 0
3222 0
3223 0
3224 0
3225 0
3226 0
3227 0
3228 0
3229 0
3230 0
3231 0
3232 0
3233 0
3234 0
3235 0
3236 0
3237 0
3238 0
3239 0
3240 0
3241 0
3242 0
3243 0
3244 0
3245 0
3246 0
3247 1
3248 0
3249 0
3250 0
3251 0
3252 0
3253 0
3254 0
3255 0
3256 0
3257 0
3258 0
3259 0
3260 0
3261 0
3262 0
3263 0
3264 0
3265 0
3266 0
3267 0
3268 0
3269 0
3270 0
3271 0
3272 0
3273 0
3274 0
3275 0
3276 0
3277 0
3278 0
3279 0
3280 0
3281 0
3282 0
3283 0
3284 0
3285 0
3286 0
3287 0
3288 0
3289 0
3290 0
3291 0
3292 0
3293 0
3294 0
3295 0
3296 0
3297 0
3298 0
3299 0
3300 0
3301 0
3302 0
3303 0
3304 0
3305 1
3306 0
3307 0
3308 0
3309 0
3310 0
3311 0
3312 1
3313 0
3314 0
3315 0
3316 0
3317 0
3318 0
3319 0
3320 0
3321 0
3322 0
3323 0
3324 0
3325 0
3326 0
3327 0
3328 0
3329 0
3330 0
3331 0
3332 0
3333 0
3334 0
3335 0
3336 0
3337 0
3338 0
3339 0
3340 0
3341 0
3342 0
3343 0
3344 0
3345 0
3346 0
3347 0
3348 0
3349 0
3350 0
3351 0
3352 0
3353 0
3354 0
3355 0
3356 0
3357 0
3358 0
3359 0
3360 0
3361 0
3362 0
3363 0
3364 0
3365 0
3366 0
3367 0
3368 0
3369 0
3370 0
3371 0
3372 0
3373 0
3374 0
3375 0
3376 0
3377 0
3378 0
3379 0
3380 0
3381 0
3382 0
3383 0
3384 0
3385 0
3386 0
3387 0
3388 0
3389 0
3390 0
3391 0
3392 0
3393 0
3394 0
3395 0
3396 0
3397 0
3398 0
3399 1
3400 0
3401 0
3402 0
3403 0
3404 0
3405 0
3406 0
3407 0
3408 0
3409 0
3410 0
3411 0
3412 0
3413 0
3414 0
3415 0
3416 0
3417 0
3418 0
3419 0
3420 0
3421 0
3422 0
3423 0
3424 0
3425 0
3426 0
3427 0
3428 0
3429 0
3430 0
3431 0
3432 1
3433 0
3434 0
3435 0
3436 0
3437 0
3438 0
3439 0
3440 0
3441 0
3442 0
3443 0
3444 0
3445 0
3446 0
3447 0
3448 0
3449 0
3450 0
3451 0
3452 0
3453 0
3454 0
3455 0
3456 0
3457 0
3458 0
3459 0
3460 0
3461 0
3462 0
3463 0
3464 0
3465 0
3466 0
3467 0
3468 0
3469 0
3470 0
3471 0
3472 0
3473 0
3474 0
3475 0
3476 0
3477 0
3478 0
3479 0
3480 0
3481 0
3482 0
3483 0
3484 0
3485 0
3486 0
3487 0
3488 0
3489 0
3490 0
3491 0
3492 0
3493 0
3494 0
3495 0
3496 0
3497 0
3498 0
3499 0
3500 0
3501 0
3502 0
3503 0
3504 0
3505 0
3506 0
3507 0
3508 0
3509 0
3510 0
3511 0
3512 0
3513 0
3514 0
3515 0
3516 0
3517 0
3518 0
3519 0
3520 0
3521 0
3522 0
3523 0
3524 0
3525 0
3526 0
3527 0
3528 0
3529 0
3530 0
3531 0
3532 0
3533 0
3534 0
3535 0
3536 0
3537 0
3538 0
3539 0
3540 0
3541 0
3542 0
3543 0
3544 0
3545 0
3546 0
3547 0
3548 0
3549 0
3550 0
3551 0
3552 0
3553 0
3554 0
3555 0
3556 0
3557 0
3558 0
3559 0
3560 0
3561 0
3562 0
3563 0
3564 0
3565 0
3566 0
3567 0
3568 0
3569 0
3570 0
3571 0
3572 0
3573 0
3574 0
3575 0
3576 1
3577 0
3578 0
3579 0
3580 0
3581 0
3582 0
3583 0
3584 0
3585 0
3586 0
3587 0
3588 0
3589 0
3590 0
3591 0
3592 0
3593 0
3594 0
3595 0
3596 0
3597 0
3598 0
3599 1
3600 0
3601 0
3602 0
3603 0
3604 0
3605 0
3606 0
3607 0
3608 0
3609 0
3610 0
3611 0
3612 0
3613 0
3614 0
3615 0
3616 0
3617 0
3618 0
3619 0
3620 0
3621 0
3622 0
3623 0
3624 0
3625 0
3626 0
3627 0
3628 0
3629 0
3630 0
3631 0
3632 0
3633 0
3634 0
3635 0
3636 0
3637 0
3638 0
3639 0
3640 0
3641 0
3642 0
3643 0
3644 0
3645 0
3646 0
3647 0
3648 0
3649 0
3650 0
3651 0
3652 0
3653 0
3654 0
3655 0
3656 0
3657 0
3658 0
3659 0
3660 0
3661 0
3662 0
3663 0
3664 0
3665 0
3666 0
3667 0
3668 0
3669 0
3670 0
3671 0
3672 0
3673 0
3674 0
3675 0
3676 0
3677 0
3678 0
3679 0
3680 0
3681 0
3682 0
3683 0
3684 0
3685 0
3686 0
3687 0
3688 0
3689 0
3690 0
3691 0
3692 0
3693 0
3694 0
3695 0
3696 0
3697 0
3698 0
3699 0
3700 0
3701 0
3702 0
3703 0
3704 0
3705 0
3706 0
3707 0
3708 0
3709 0
3710 0
3711 0
3712 0
3713 0
3714 0
3715 0
3716 0
3717 0
3718 0
3719 0
3720 0
3721 0
3722 0
3723 0
3724 0
3725 0
3726 0
3727 0
3728 0
3729 0
3730 0
3731 0
3732 0
3733 0
3734 0
3735 0
3736 0
3737 0
3738 0
3739 0
3740 0
3741 0
3742 0
3743 0
3744 0
3745 0
3746 0
3747 0
3748 0
3749 0
3750 0
3751 0
3752 0
3753 0
3754 0
3755 0
3756 0
3757 0
3758 0
3759 0
3760 0
3761 0
3762 0
3763 0
3764 0
3765 0
3766 0
3767 0
3768 0
3769 0
3770 0
3771 0
3772 0
3773 0
3774 0
3775 0
3776 0
3777 0
3778 0
3779 0
3780 0
3781 0
3782 0
3783 0
3784 0
3785 0
3786 0
3787 0
3788 0
3789 0
3790 0
3791 0
3792 0
3793 0
3794 1
3795 0
3796 0
3797 0
3798 0
3799 0
3800 0
3801 0
3802 0
3803 0
3804 0
3805 0
3806 0
3807 0
3808 0
3809 0
3810 0
3811 0
3812 0
3813 0
3814 0
3815 0
3816 0
3817 0
3818 0
3819 0
3820 0
3821 0
3822 0
3823 0
3824 0
3825 0
3826 0
3827 0
3828 0
3829 0
3830 0
3831 0
3832 0
3833 0
3834 0
3835 0
3836 0
3837 0
3838 0
3839 0
3840 0
3841 0
3842 0
3843 0
3844 0
3845 0
3846 0
3847 0
3848 0
3849 0
3850 0
3851 0
3852 0
3853 0
3854 0
3855 0
3856 0
3857 0
3858 0
3859 0
3860 0
3861 0
3862 0
3863 0
3864 0
3865 0
3866 0
3867 0
3868 0
3869 0
3870 0
3871 0
3872 0
3873 0
3874 0
3875 0
3876 0
3877 0
3878 0
3879 0
3880 0
3881 0
3882 1
3883 0
3884 0
3885 0
3886 0
3887 0
3888 0
3889 0
3890 0
3891 0
3892 0
3893 0
3894 0
3895 0
3896 0
3897 0
3898 0
3899 0
3900 0
3901 0
3902 0
3903 0
3904 1
3905 0
3906 0
3907 0
3908 0
3909 0
3910 0
3911 0
3912 0
3913 0
3914 0
3915 0
3916 0
3917 0
3918 0
3919 0
3920 0
3921 0
3922 0
3923 0
3924 0
3925 0
3926 0
3927 0
3928 0
3929 0
3930 0
3931 0
3932 0
3933 0
3934 0
3935 0
3936 0
3937 0
3938 0
3939 0
3940 0
3941 0
3942 0
3943 0
3944 0
3945 0
3946 0
3947 0
3948 0
3949 0
3950 0
3951 0
3952 0
3953 0
3954 0
3955 0
3956 0
3957 0
3958 0
3959 0
3960 0
3961 0
3962 0
3963 0
3964 0
3965 0
3966 0
3967 0
3968 0
3969 0
3970 0
3971 0
3972 0
3973 0
3974 0
3975 0
3976 0
3977 0
3978 0
3979 0
3980 0
3981 0
3982 0
3983 0
3984 0
3985 0
3986 0
3987 0
3988 0
3989 0
3990 0
3991 0
3992 0
3993 0
3994 0
3995 0
3996 0
3997 0
3998 0
3999 0
4000 0
