0 0
1 0
2 0
3 0
4 0
5 0
6 0
7 0
8 0
9 0
10 0
11 0
12 0
13 0
14 0
15 0
16 0
17 0
18 0
19 0
20 0
21 0
22 0
23 0
24 0
25 0
26 0
27 0
28 0
29 0
30 0
31 0
32 0
33 0
34 0
35 0
36 0
37 0
38 0
39 0
40 0
41 0
42 0
43 0
44 0
45 0
46 0
47 0
48 0
49 0
50 0
51 0
52 0
53 0
54 0
55 0
56 0
57 0
58 0
59 0
60 0
61 0
62 0
63 0
64 0
65 0
66 0
67 0
68 0
69 0
70 0
71 0
72 0
73 0
74 0
75 0
76 0
77 0
78 0
79 0
80 0
81 0
82 0
83 0
84 0
85 1
86 7
87 19
88 15
89 17
90 18
91 13
92 18
93 15
94 21
95 20
96 27
97 19
98 30
99 13
100 22
101 20
102 9
103 13
104 16
105 11
106 14
107 11
108 6
109 7
110 22
111 135
112 573
113 1888
114 4383
115 6491
116 8370
117 9452
118 9817
119 9672
120 9092
121 8443
122 7444
123 6547
124 5666
125 5010
126 4371
127 3662
128 3193
129 2647
130 2356
131 1971
132 1643
133 1533
134 1389
135 1249
136 1217
137 1107
138 1065
139 1056
140 1037
141 994
142 1026
143 1058
144 1041
145 972
146 1031
147 995
148 949
149 1033
150 1000
151 981
152 999
153 1045
154 1005
155 968
156 995
157 950
158 996
159 998
160 975
161 1006
162 911
163 973
164 968
165 1052
166 952
167 1027
168 1032
169 1028
170 981
171 1048
172 1055
173 1037
174 1047
175 1135
176 1062
177 1042
178 1074
179 1052
180 1056
181 1063
182 1093
183 1074
184 1006
185 1059
186 1038
187 1055
188 1070
189 1083
190 1028
191 1041
192 1004
193 1077
194 1075
195 1066
196 1061
197 1115
198 1024
199 1023
200 1117
201 1091
202 1091
203 1119
204 1077
205 1014
206 1120
207 1090
208 1100
209 1011
210 1151
211 1084
212 1102
213 1129
214 1115
215 1141
216 1061
217 1110
218 1102
219 1152
220 1101
221 1147
222 1068
223 1152
224 1112
225 1125
226 1078
227 1150
228 1139
229 1117
230 1110
231 1086
232 1129
233 1175
234 1065
235 1161
236 1135
237 1129
238 1163
239 1112
240 1107
241 1104
242 1119
243 1121
244 1170
245 1115
246 1108
247 1120
248 1193
249 1145
250 1191
251 1131
252 1170
253 1208
254 1201
255 1176
256 1184
257 1151
258 1150
259 1173
260 1130
261 1146
262 1134
263 1219
264 1171
265 1170
266 1197
267 1096
268 1184
269 1220
270 1246
271 1219
272 1234
273 1233
274 1250
275 1202
276 1205
277 1234
278 1241
279 1267
280 1233
281 1232
282 1255
283 1189
284 1314
285 1324
286 1242
287 1259
288 1269
289 1335
290 1305
291 1296
292 1320
293 1276
294 1277
295 1298
296 1322
297 1291
298 1373
299 1362
300 1349
301 1342
302 1384
303 1293
304 1315
305 1398
306 1394
307 1407
308 1463
309 1374
310 1331
311 1319
312 1372
313 1443
314 1418
315 1414
316 1394
317 1513
318 1446
319 1423
320 1386
321 1455
322 1407
323 1431
324 1478
325 1435
326 1537
327 1424
328 1506
329 1515
330 1498
331 1458
332 1503
333 1466
334 1477
335 1573
336 1606
337 1558
338 1551
339 1563
340 1555
341 1581
342 1579
343 1620
344 1665
345 1694
346 1669
347 1584
348 1669
349 1545
350 1617
351 1600
352 1611
353 1607
354 1668
355 1732
356 1670
357 1604
358 1654
359 1660
360 1765
361 1767
362 1716
363 1716
364 1770
365 1701
366 1766
367 1772
368 1770
369 1764
370 1827
371 1793
372 1797
373 1756
374 1838
375 1797
376 1772
377 1728
378 1760
379 1859
380 1880
381 1881
382 1852
383 1844
384 1879
385 1809
386 1792
387 1922
388 1903
389 1844
390 1893
391 1934
392 1879
393 1966
394 1936
395 1969
396 1968
397 1821
398 1846
399 1892
400 1936
401 1954
402 1931
403 1934
404 1918
405 1931
406 1932
407 1888
408 1908
409 2034
410 2013
411 1930
412 1989
413 2011
414 1926
415 1961
416 2002
417 2014
418 2052
419 1989
420 2013
421 1997
422 1914
423 1966
424 2030
425 2015
426 2047
427 1992
428 1991
429 2061
430 1968
431 2018
432 2028
433 2010
434 1934
435 2021
436 2066
437 2006
438 1995
439 1936
440 1984
441 2001
442 2051
443 2017
444 1995
445 2001
446 2023
447 1977
448 1924
449 1955
450 1971
451 2002
452 1992
453 1976
454 2022
455 1985
456 1945
457 1950
458 2018
459 2032
460 1980
461 1954
462 1982
463 1913
464 1951
465 1875
466 1873
467 1977
468 1988
469 1929
470 1952
471 1868
472 1968
473 1927
474 1942
475 1939
476 1892
477 1960
478 1856
479 1867
480 1871
481 1909
482 1865
483 1854
484 1872
485 1798
486 1858
487 1812
488 1775
489 1709
490 1899
491 1892
492 1795
493 1841
494 1806
495 1799
496 1763
497 1743
498 1717
499 1745
500 1712
501 1713
502 1733
503 1661
504 1707
505 1721
506 1696
507 1729
508 1768
509 1707
510 1691
511 1681
512 1619
513 1570
514 1677
515 1702
516 1608
517 1635
518 1615
519 1657
520 1609
521 1631
522 1566
523 1574
524 1556
525 1586
526 1557
527 1527
528 1492
529 1566
530 1523
531 1540
532 1494
533 1504
534 1528
535 1440
536 1435
537 1446
538 1412
539 1362
540 1426
541 1384
542 1406
543 1465
544 1317
545 1331
546 1386
547 1375
548 1336
549 1372
550 1320
551 1308
552 1321
553 1262
554 1243
555 1285
556 1270
557 1266
558 1263
559 1308
560 1282
561 1230
562 1204
563 1215
564 1199
565 1228
566 1255
567 1185
568 1158
569 1100
570 1126
571 1144
572 1184
573 1090
574 1080
575 1013
576 1098
577 1074
578 1083
579 1054
580 1020
581 1049
582 1053
583 999
584 1076
585 1031
586 1038
587 1040
588 1004
589 1004
590 1019
591 1023
592 964
593 945
594 962
595 979
596 968
597 949
598 942
599 923
600 909
601 850
602 884
603 889
604 890
605 893
606 863
607 871
608 857
609 838
610 806
611 843
612 858
613 810
614 843
615 779
616 829
617 736
618 799
619 762
620 728
621 761
622 726
623 708
624 707
625 752
626 715
627 716
628 704
629 676
630 746
631 635
632 714
633 683
634 677
635 672
636 674
637 650
638 628
639 640
640 640
641 624
642 600
643 636
644 617
645 613
646 634
647 613
648 601
649 597
650 590
651 569
652 562
653 554
654 548
655 563
656 525
657 556
658 546
659 539
660 540
661 532
662 546
663 500
664 515
665 519
666 491
667 531
668 495
669 481
670 476
671 445
672 438
673 482
674 487
675 491
676 461
677 444
678 469
679 435
680 451
681 438
682 453
683 441
684 485
685 403
686 415
687 447
688 431
689 426
690 381
691 443
692 421
693 410
694 391
695 364
696 400
697 394
698 405
699 388
700 375
701 380
702 366
703 416
704 371
705 351
706 368
707 385
708 390
709 384
710 362
711 339
712 356
713 382
714 357
715 296
716 350
717 340
718 334
719 345
720 348
721 325
722 350
723 306
724 326
725 311
726 320
727 313
728 307
729 317
730 307
731 320
732 288
733 311
734 286
735 305
736 280
737 308
738 297
739 286
740 301
741 305
742 282
743 320
744 317
745 301
746 289
747 292
748 246
749 278
750 269
751 259
752 289
753 260
754 303
755 275
756 273
757 287
758 308
759 253
760 270
761 279
762 282
763 265
764 286
765 244
766 266
767 257
768 264
769 237
770 234
771 247
772 242
773 264
774 279
775 270
776 237
777 253
778 242
779 272
780 250
781 242
782 270
783 248
784 251
785 249
786 240
787 240
788 233
789 208
790 234
791 241
792 246
793 234
794 227
795 219
796 254
797 232
798 238
799 254
800 230
801 248
802 229
803 213
804 237
805 222
806 231
807 220
808 212
809 207
810 230
811 210
812 210
813 213
814 265
815 225
816 194
817 179
818 220
819 223
820 212
821 225
822 219
823 177
824 211
825 237
826 214
827 217
828 232
829 231
830 221
831 223
832 204
833 210
834 216
835 215
836 194
837 246
838 253
839 230
840 237
841 226
842 227
843 207
844 205
845 206
846 221
847 191
848 207
849 211
850 239
851 201
852 225
853 206
854 221
855 232
856 231
857 186
858 207
859 204
860 246
861 206
862 222
863 220
864 207
865 190
866 216
867 201
868 238
869 206
870 207
871 188
872 229
873 219
874 207
875 208
876 213
877 226
878 234
879 209
880 191
881 201
882 203
883 206
884 230
885 186
886 231
887 215
888 201
889 207
890 194
891 215
892 225
893 204
894 198
895 207
896 211
897 192
898 214
899 216
900 208
901 211
902 201
903 209
904 214
905 223
906 213
907 202
908 224
909 216
910 233
911 222
912 190
913 221
914 209
915 207
916 204
917 208
918 192
919 222
920 200
921 236
922 220
923 194
924 213
925 186
926 215
927 192
928 203
929 213
930 211
931 212
932 220
933 211
934 196
935 252
936 205
937 207
938 218
939 218
940 219
941 211
942 225
943 207
944 224
945 212
946 208
947 206
948 213
949 227
950 203
951 222
952 208
953 226
954 198
955 218
956 209
957 193
958 202
959 211
960 197
961 208
962 231
963 198
964 177
965 199
966 198
967 218
968 193
969 203
970 209
971 187
972 213
973 201
974 189
975 189
976 228
977 202
978 193
979 230
980 201
981 220
982 208
983 197
984 200
985 221
986 209
987 207
988 183
989 222
990 200
991 211
992 199
993 209
994 208
995 234
996 212
997 216
998 238
999 207
1000 207
1001 242
1002 204
1003 188
1004 219
1005 197
1006 191
1007 202
1008 201
1009 199
1010 216
1011 211
1012 237
1013 213
1014 217
1015 206
1016 206
1017 210
1018 221
1019 214
1020 188
1021 215
1022 224
1023 187
1024 213
1025 209
1026 237
1027 213
1028 201
1029 212
1030 218
1031 212
1032 222
1033 209
1034 203
1035 208
1036 210
1037 202
1038 184
1039 220
1040 208
1041 206
1042 219
1043 221
1044 201
1045 205
1046 222
1047 209
1048 202
1049 197
1050 193
1051 188
1052 206
1053 199
1054 209
1055 213
1056 228
1057 215
1058 208
1059 235
1060 185
1061 199
1062 224
1063 202
1064 218
1065 216
1066 214
1067 176
1068 214
1069 219
1070 177
1071 183
1072 206
1073 194
1074 206
1075 215
1076 194
1077 185
1078 199
1079 200
1080 217
1081 208
1082 187
1083 190
1084 189
1085 195
1086 176
1087 211
1088 197
1089 208
1090 214
1091 188
1092 169
1093 185
1094 230
1095 194
1096 209
1097 198
1098 189
1099 210
1100 188
1101 209
1102 191
1103 198
1104 185
1105 189
1106 169
1107 185
1108 197
1109 191
1110 185
1111 209
1112 178
1113 174
1114 185
1115 198
1116 181
1117 181
1118 167
1119 200
1120 193
1121 197
1122 191
1123 170
1124 186
1125 195
1126 203
1127 169
1128 197
1129 184
1130 190
1131 178
1132 200
1133 188
1134 177
1135 181
1136 177
1137 191
1138 176
1139 181
1140 197
1141 168
1142 188
1143 190
1144 155
1145 198
1146 169
1147 149
1148 177
1149 191
1150 173
1151 195
1152 183
1153 181
1154 167
1155 169
1156 181
1157 190
1158 184
1159 194
1160 166
1161 184
1162 178
1163 164
1164 168
1165 197
1166 173
1167 174
1168 180
1169 178
1170 173
1171 160
1172 168
1173 171
1174 187
1175 190
1176 147
1177 184
1178 158
1179 166
1180 155
1181 165
1182 151
1183 173
1184 203
1185 167
1186 134
1187 167
1188 163
1189 173
1190 175
1191 155
1192 160
1193 178
1194 153
1195 172
1196 146
1197 144
1198 179
1199 178
1200 171
1201 169
1202 176
1203 182
1204 159
1205 154
1206 142
1207 147
1208 128
1209 145
1210 169
1211 197
1212 158
1213 145
1214 156
1215 151
1216 154
1217 142
1218 171
1219 174
1220 142
1221 156
1222 157
1223 155
1224 154
1225 127
1226 165
1227 153
1228 141
1229 141
1230 138
1231 140
1232 139
1233 149
1234 135
1235 164
1236 145
1237 161
1238 147
1239 142
1240 134
1241 149
1242 146
1243 142
1244 132
1245 148
1246 149
1247 149
1248 124
1249 148
1250 138
1251 149
1252 135
1253 127
1254 137
1255 147
1256 129
1257 131
1258 142
1259 139
1260 139
1261 142
1262 153
1263 134
1264 136
1265 142
1266 125
1267 143
1268 132
1269 138
1270 118
1271 136
1272 141
1273 136
1274 137
1275 137
1276 116
1277 144
1278 130
1279 139
1280 115
1281 127
1282 131
1283 142
1284 133
1285 134
1286 115
1287 133
1288 120
1289 112
1290 126
1291 94
1292 114
1293 121
1294 132
1295 117
1296 115
1297 96
1298 110
1299 105
1300 126
1301 123
1302 107
1303 123
1304 113
1305 88
1306 134
1307 120
1308 117
1309 124
1310 119
1311 125
1312 100
1313 127
1314 107
1315 100
1316 116
1317 90
1318 102
1319 107
1320 94
1321 118
1322 106
1323 121
1324 120
1325 128
1326 95
1327 115
1328 96
1329 131
1330 106
1331 103
1332 121
1333 105
1334 104
1335 85
1336 102
1337 97
1338 98
1339 128
1340 117
1341 100
1342 114
1343 85
1344 108
1345 96
1346 94
1347 103
1348 119
1349 108
1350 85
1351 83
1352 99
1353 108
1354 90
1355 101
1356 95
1357 96
1358 87
1359 111
1360 107
1361 95
1362 91
1363 109
1364 76
1365 90
1366 91
1367 73
1368 81
1369 92
1370 103
1371 93
1372 75
1373 101
1374 70
1375 92
1376 95
1377 104
1378 73
1379 85
1380 100
1381 94
1382 99
1383 91
1384 76
1385 74
1386 82
1387 84
1388 80
1389 88
1390 91
1391 73
1392 83
1393 88
1394 79
1395 72
1396 64
1397 84
1398 74
1399 76
1400 77
1401 67
1402 73
1403 78
1404 73
1405 77
1406 66
1407 67
1408 80
1409 73
1410 67
1411 67
1412 74
1413 75
1414 70
1415 57
1416 63
1417 77
1418 76
1419 81
1420 57
1421 67
1422 70
1423 69
1424 82
1425 63
1426 62
1427 88
1428 64
1429 70
1430 80
1431 73
1432 62
1433 67
1434 66
1435 58
1436 68
1437 62
1438 88
1439 49
1440 69
1441 63
1442 58
1443 56
1444 80
1445 71
1446 66
1447 69
1448 68
1449 63
1450 71
1451 50
1452 65
1453 66
1454 68
1455 56
1456 68
1457 51
1458 61
1459 59
1460 69
1461 57
1462 69
1463 75
1464 48
1465 59
1466 80
1467 65
1468 61
1469 53
1470 56
1471 67
1472 53
1473 59
1474 59
1475 75
1476 60
1477 61
1478 70
1479 67
1480 50
1481 71
1482 56
1483 53
1484 58
1485 56
1486 53
1487 61
1488 38
1489 68
1490 57
1491 71
1492 57
1493 54
1494 48
1495 42
1496 45
1497 58
1498 49
1499 59
1500 44
1501 52
1502 58
1503 56
1504 43
1505 62
1506 53
1507 51
1508 38
1509 63
1510 47
1511 53
1512 76
1513 66
1514 49
1515 51
1516 49
1517 46
1518 40
1519 43
1520 40
1521 49
1522 52
1523 50
1524 37
1525 38
1526 45
1527 48
1528 36
1529 48
1530 37
1531 34
1532 49
1533 55
1534 45
1535 39
1536 49
1537 51
1538 39
1539 45
1540 43
1541 43
1542 44
1543 53
1544 37
1545 55
1546 41
1547 38
1548 46
1549 45
1550 57
1551 49
1552 40
1553 40
1554 29
1555 36
1556 33
1557 35
1558 60
1559 39
1560 50
1561 50
1562 50
1563 33
1564 46
1565 49
1566 42
1567 42
1568 41
1569 42
1570 42
1571 33
1572 43
1573 37
1574 34
1575 36
1576 53
1577 40
1578 38
1579 35
1580 43
1581 36
1582 32
1583 31
1584 32
1585 25
1586 28
1587 24
1588 38
1589 28
1590 35
1591 42
1592 37
1593 28
1594 34
1595 25
1596 36
1597 16
1598 26
1599 29
1600 36
1601 45
1602 27
1603 30
1604 23
1605 21
1606 29
1607 32
1608 26
1609 38
1610 33
1611 27
1612 31
1613 35
1614 34
1615 31
1616 30
1617 30
1618 20
1619 36
1620 34
1621 30
1622 18
1623 28
1624 27
1625 27
1626 30
1627 30
1628 31
1629 30
1630 27
1631 39
1632 18
1633 25
1634 18
1635 26
1636 27
1637 30
1638 23
1639 20
1640 29
1641 24
1642 23
1643 35
1644 28
1645 27
1646 17
1647 28
1648 25
1649 33
1650 26
1651 20
1652 20
1653 31
1654 21
1655 28
1656 19
1657 22
1658 24
1659 22
1660 21
1661 25
1662 20
1663 20
1664 26
1665 25
1666 16
1667 26
1668 23
1669 20
1670 16
1671 32
1672 28
1673 24
1674 22
1675 23
1676 14
1677 19
1678 22
1679 31
1680 19
1681 21
1682 25
1683 19
1684 17
1685 16
1686 18
1687 12
1688 28
1689 18
1690 19
1691 17
1692 11
1693 26
1694 15
1695 21
1696 13
1697 20
1698 16
1699 17
1700 19
1701 21
1702 13
1703 18
1704 20
1705 27
1706 19
1707 13
1708 14
1709 19
1710 16
1711 24
1712 17
1713 17
1714 18
1715 22
1716 10
1717 13
1718 20
1719 17
1720 13
1721 11
1722 24
1723 19
1724 17
1725 20
1726 11
1727 22
1728 12
1729 19
1730 12
1731 20
1732 18
1733 17
1734 12
1735 16
1736 16
1737 10
1738 16
1739 13
1740 18
1741 14
1742 9
1743 9
1744 13
1745 7
1746 11
1747 7
1748 14
1749 20
1750 11
1751 10
1752 13
1753 11
1754 13
1755 11
1756 19
1757 12
1758 9
1759 13
1760 10
1761 11
1762 13
1763 14
1764 13
1765 10
1766 8
1767 8
1768 18
1769 8
1770 11
1771 13
1772 11
1773 19
1774 15
1775 13
1776 7
1777 10
1778 8
1779 20
1780 5
1781 10
1782 11
1783 10
1784 10
1785 15
1786 10
1787 11
1788 4
1789 8
1790 10
1791 11
1792 10
1793 12
1794 12
1795 9
1796 12
1797 15
1798 12
1799 15
1800 6
1801 7
1802 16
1803 10
1804 12
1805 6
1806 4
1807 12
1808 7
1809 8
1810 5
1811 6
1812 11
1813 15
1814 12
1815 11
1816 11
1817 6
1818 7
1819 9
1820 5
1821 9
1822 7
1823 10
1824 10
1825 12
1826 11
1827 5
1828 6
1829 12
1830 6
1831 8
1832 16
1833 5
1834 8
1835 6
1836 6
1837 5
1838 3
1839 5
1840 6
1841 4
1842 11
1843 3
1844 3
1845 3
1846 8
1847 8
1848 5
1849 7
1850 6
1851 6
1852 8
1853 5
1854 6
1855 5
1856 6
1857 8
1858 5
1859 9
1860 10
1861 5
1862 10
1863 8
1864 0
1865 5
1866 6
1867 8
1868 4
1869 3
1870 6
1871 6
1872 6
1873 3
1874 8
1875 4
1876 5
1877 2
1878 5
1879 7
1880 2
1881 4
1882 5
1883 3
1884 3
1885 8
1886 3
1887 6
1888 1
1889 5
1890 5
1891 6
1892 4
1893 6
1894 4
1895 0
1896 7
1897 3
1898 4
1899 6
1900 3
1901 3
1902 7
1903 3
1904 3
1905 5
1906 6
1907 2
1908 3
1909 6
1910 1
1911 5
1912 6
1913 5
1914 7
1915 5
1916 3
1917 3
1918 6
1919 5
1920 8
1921 8
1922 1
1923 3
1924 8
1925 4
1926 3
1927 6
1928 3
1929 3
1930 5
1931 5
1932 3
1933 1
1934 8
1935 2
1936 5
1937 5
1938 2
1939 3
1940 3
1941 4
1942 2
1943 3
1944 2
1945 3
1946 1
1947 2
1948 4
1949 4
1950 9
1951 1
1952 3
1953 0
1954 1
1955 3
1956 2
1957 4
1958 2
1959 6
1960 2
1961 0
1962 3
1963 2
1964 4
1965 3
1966 5
1967 1
1968 2
1969 5
1970 4
1971 3
1972 3
1973 3
1974 1
1975 1
1976 1
1977 1
1978 2
1979 0
1980 2
1981 1
1982 3
1983 2
1984 2
1985 3
1986 2
1987 3
1988 0
1989 1
1990 0
1991 2
1992 1
1993 1
1994 1
1995 1
1996 2
1997 4
1998 6
1999 1
2000 2
2001 0
2002 2
2003 3
2004 2
2005 2
2006 3
2007 0
2008 2
2009 1
2010 3
2011 1
2012 4
2013 1
2014 3
2015 2
2016 1
2017 2
2018 2
2019 3
2020 3
2021 1
2022 1
2023 0
2024 3
2025 1
2026 2
2027 3
2028 2
2029 0
2030 1
2031 2
2032 1
2033 0
2034 0
2035 0
2036 1
2037 1
2038 0
2039 0
2040 2
2041 2
2042 2
2043 1
2044 0
2045 0
2046 1
2047 1
2048 2
2049 1
2050 2
2051 0
2052 0
2053 2
2054 2
2055 0
2056 1
2057 2
2058 0
2059 0
2060 0
2061 0
2062 0
2063 1
2064 0
2065 0
2066 1
2067 0
2068 2
2069 1
2070 0
2071 0
2072 1
2073 0
2074 1
2075 0
2076 0
2077 1
2078 0
2079 1
2080 0
2081 0
2082 1
2083 1
2084 3
2085 1
2086 0
2087 1
2088 1
2089 0
2090 0
2091 0
2092 0
2093 2
2094 1
2095 2
2096 0
2097 0
2098 3
2099 1
2100 0
2101 0
2102 1
2103 2
2104 0
2105 1
2106 0
2107 0
2108 1
2109 0
2110 1
2111 0
2112 0
2113 1
2114 0
2115 0
2116 1
2117 0
2118 0
2119 1
2120 0
2121 0
2122 1
2123 1
2124 0
2125 0
2126 0
2127 1
2128 0
2129 0
2130 0
2131 0
2132 0
2133 1
2134 2
2135 1
2136 0
2137 2
2138 1
2139 0
2140 0
2141 0
2142 0
2143 0
2144 1
2145 0
2146 0
2147 0
2148 1
2149 1
2150 1
2151 1
2152 1
2153 1
2154 2
2155 1
2156 1
2157 1
2158 0
2159 0
2160 0
2161 0
2162 0
2163 0
2164 0
2165 1
2166 0
2167 0
2168 0
2169 1
2170 0
2171 0
2172 0
2173 1
2174 1
2175 1
2176 0
2177 0
2178 0
2179 0
2180 1
2181 1
2182 0
2183 1
2184 0
2185 0
2186 0
2187 0
2188 0
2189 0
2190 1
2191 0
2192 0
2193 0
2194 1
2195 0
2196 0
2197 0
2198 0
2199 0
2200 1
2201 1
2202 0
2203 0
2204 0
2205 0
2206 0
2207 0
2208 1
2209 0
2210 0
2211 0
2212 0
2213 1
2214 1
2215 0
2216 0
2217 1
2218 0
2219 1
2220 0
2221 1
2222 0
2223 0
2224 0
2225 0
2226 0
2227 1
2228 0
2229 2
2230 0
2231 0
2232 0
2233 0
2234 0
2235 0
2236 1
2237 0
2238 0
2239 0
2240 1
2241 1
2242 0
2243 0
2244 0
2245 0
2246 0
2247 0
2248 0
2249 0
2250 0
2251 0
2252 0
2253 0
2254 0
2255 0
2256 0
2257 0
2258 0
2259 0
2260 0
2261 0
2262 0
2263 1
2264 0
2265 0
2266 0
2267 0
2268 0
2269 0
2270 0
2271 0
2272 1
2273 0
2274 0
2275 0
2276 0
2277 0
2278 0
2279 0
2280 0
2281 0
2282 0
2283 0
2284 0
2285 0
2286 0
2287 0
2288 0
2289 0
2290 1
2291 0
2292 0
2293 0
2294 0
2295 0
2296 0
2297 1
2298 0
2299 0
2300 0
2301 0
2302 0
2303 0
2304 0
2305 0
2306 0
2307 0
2308 0
2309 0
2310 0
2311 1
2312 0
2313 0
2314 0
2315 0
2316 0
2317 0
2318 0
2319 0
2320 0
2321 0
2322 0
2323 0
2324 0
2325 0
2326 1
2327 0
2328 0
2329 0
2330 0
2331 0
2332 0
2333 0
2334 0
2335 0
2336 0
2337 0
2338 0
2339 0
2340 0
2341 0
2342 0
2343 0
2344 0
2345 0
2346 0
2347 0
2348 0
2349 0
2350 0
2351 0
2352 0
2353 0
2354 0
2355 0
2356 0
2357 0
2358 0
2359 0
2360 0
2361 0
2362 0
2363 0
2364 1
2365 1
2366 0
2367 0
2368 0
2369 0
2370 0
2371 0
2372 0
2373 0
2374 0
2375 0
2376 0
2377 0
2378 0
2379 0
2380 0
2381 0
2382 0
2383 0
2384 0
2385 0
2386 0
2387 0
2388 1
2389 0
2390 0
2391 0
2392 0
2393 0
2394 0
2395 0
2396 0
2397 0
2398 0
2399 1
2400 0
2401 0
2402 0
2403 0
2404 0
2405 1
2406 0
2407 0
2408 0
2409 0
2410 0
2411 0
2412 0
2413 0
2414 0
2415 0
2416 0
2417 0
2418 0
2419 0
2420 0
2421 0
2422 0
2423 0
2424 0
2425 0
2426 0
2427 0
2428 0
2429 0
2430 0
2431 0
2432 0
2433 0
2434 0
2435 0
2436 0
2437 0
2438 0
2439 0
2440 0
2441 0
2442 0
2443 0
2444 0
2445 0
2446 0
2447 0
2448 0
2449 0
2450 0
2451 0
2452 0
2453 0
2454 0
2455 0
2456 0
2457 0
2458 0
2459 0
2460 0
2461 0
2462 0
2463 0
2464 0
2465 0
2466 0
2467 0
2468 0
2469 0
2470 0
2471 0
2472 0
2473 0
2474 0
2475 0
2476 0
2477 0
2478 0
2479 0
2480 0
2481 0
2482 0
2483 0
2484 0
2485 0
2486 0
2487 0
2488 0
2489 0
2490 0
2491 0
2492 0
2493 0
2494 0
2495 0
2496 0
2497 0
2498 0
2499 0
2500 0
2501 0
2502 0
2503 0
2504 0
2505 0
2506 0
2507 0
2508 0
2509 0
2510 0
2511 1
2512 0
2513 0
2514 0
2515 0
2516 0
2517 0
2518 0
2519 0
2520 0
2521 0
2522 0
2523 0
2524 0
2525 0
2526 0
2527 0
2528 0
2529 0
2530 0
2531 0
2532 0
2533 0
2534 0
2535 0
2536 0
2537 0
2538 0
2539 0
2540 0
2541 0
2542 0
2543 0
2544 0
2545 0
2546 0
2547 0
2548 0
2549 0
2550 0
2551 0
2552 0
2553 1
2554 1
2555 0
2556 0
2557 0
2558 0
2559 0
2560 0
2561 0
2562 0
2563 0
2564 0
2565 0
2566 0
2567 0
2568 0
2569 0
2570 0
2571 0
2572 0
2573 0
2574 0
2575 0
2576 0
2577 0
2578 0
2579 0
2580 0
2581 0
2582 0
2583 0
2584 0
2585 0
2586 0
2587 0
2588 0
2589 0
2590 0
2591 0
2592 0
2593 0
2594 0
2595 0
2596 0
2597 0
2598 0
2599 0
2600 0
2601 0
2602 0
2603 0
2604 0
2605 1
2606 0
2607 0
2608 0
2609 0
2610 0
2611 0
2612 0
2613 0
2614 0
2615 0
2616 0
2617 0
2618 0
2619 0
2620 0
2621 0
2622 0
2623 0
2624 0
2625 0
2626 0
2627 0
2628 0
2629 0
2630 0
2631 0
2632 0
2633 0
2634 0
2635 1
2636 0
2637 0
2638 0
2639 0
2640 0
2641 0
2642 0
2643 0
2644 0
2645 0
2646 0
2647 0
2648 0
2649 0
2650 0
2651 0
2652 0
2653 0
2654 0
2655 0
2656 1
2657 0
2658 0
2659 0
2660 0
2661 0
2662 0
2663 0
2664 0
2665 0
2666 0
2667 0
2668 0
2669 0
2670 0
2671 0
2672 0
2673 0
2674 0
2675 0
2676 0
2677 0
2678 0
2679 0
2680 0
2681 0
2682 0
2683 0
2684 0
2685 0
2686 0
2687 0
2688 0
2689 0
2690 0
2691 0
2692 0
2693 0
2694 0
2695 0
2696 0
2697 0
2698 0
2699 0
2700 0
2701 0
2702 0
2703 0
2704 0
2705 0
2706 0
2707 0
2708 0
2709 0
2710 0
2711 0
2712 0
2713 1
2714 0
2715 0
2716 0
2717 0
2718 0
2719 0
2720 0
2721 0
2722 0
2723 0
2724 0
2725 0
2726 0
2727 0
2728 0
2729 0
2730 0
2731 0
2732 0
2733 0
2734 0
2735 0
2736 0
2737 0
2738 0
2739 0
2740 0
2741 0
2742 0
2743 0
2744 1
2745 0
2746 0
2747 0
2748 0
2749 0
2750 0
2751 0
2752 0
2753 0
2754 0
2755 0
2756 0
2757 0
2758 0
2759 0
2760 0
2761 0
2762 0
2763 0
2764 0
2765 0
2766 0
2767 0
2768 0
2769 0
2770 0
2771 0
2772 0
2773 0
2774 0
2775 0
2776 0
2777 0
2778 0
2779 0
2780 0
2781 0
2782 0
2783 0
2784 0
2785 0
2786 0
2787 0
2788 0
2789 0
2790 0
2791 0
2792 0
2793 0
2794 0
2795 0
2796 0
2797 0
2798 0
2799 0
2800 0
2801 0
2802 0
2803 0
2804 0
2805 0
2806 0
2807 0
2808 0
2809 0
2810 0
2811 0
2812 0
2813 0
2814 0
2815 0
2816 0
2817 0
2818 0
2819 0
2820 0
2821 0
2822 0
2823 0
2824 0
2825 0
2826 0
2827 0
2828 0
2829 0
2830 0
2831 0
2832 1
2833 0
2834 0
2835 0
2836 0
2837 0
2838 1
2839 0
2840 0
2841 0
2842 0
2843 0
2844 0
2845 0
2846 0
2847 0
2848 0
2849 0
2850 0
2851 0
2852 0
2853 0
2854 0
2855 1
2856 0
2857 0
2858 0
2859 0
2860 0
2861 0
2862 0
2863 0
2864 0
2865 0
2866 0
2867 0
2868 0
2869 0
2870 0
2871 0
2872 0
2873 0
2874 0
2875 0
2876 0
2877 0
2878 0
2879 0
2880 0
2881 0
2882 0
2883 0
2884 0
2885 0
2886 0
2887 0
2888 0
2889 0
2890 0
2891 0
2892 0
2893 0
2894 0
2895 0
2896 0
2897 0
2898 0
2899 0
2900 1
2901 0
2902 0
2903 0
2904 0
2905 0
2906 0
2907 0
2908 0
2909 0
2910 1
2911 0
2912 0
2913 0
2914 0
2915 0
2916 0
2917 0
2918 0
2919 0
2920 0
2921 0
2922 0
2923 0
2924 0
2925 1
2926 0
2927 0
2928 0
2929 0
2930 0
2931 0
2932 0
2933 0
2934 0
2935 0
2936 0
2937 0
2938 0
2939 0
2940 0
2941 0
2942 0
2943 0
2944 0
2945 0
2946 0
2947 0
2948 0
2949 0
2950 0
2951 0
2952 0
2953 0
2954 0
2955 0
2956 0
2957 0
2958 0
2959 0
2960 0
2961 0
2962 0
2963 0
2964 0
2965 0
2966 0
2967 0
2968 0
2969 0
2970 0
2971 0
2972 0
2973 0
2974 0
2975 0
2976 0
2977 0
2978 0
2979 0
2980 0
2981 0
2982 0
2983 0
2984 0
2985 0
2986 0
2987 0
2988 0
2989 0
2990 0
2991 0
2992 0
2993 0
2994 0
2995 0
2996 0
2997 0
2998 0
2999 0
3000 0
3001 0
3002 0
3003 0
3004 0
3005 0
3006 0
3007 0
3008 0
3009 0
3010 0
3011 0
3012 0
3013 0
3014 0
3015 0
3016 0
3017 0
3018 0
3019 0
3020 0
3021 0
3022 1
3023 0
3024 0
3025 0
3026 0
3027 1
3028 0
3029 0
3030 0
3031 0
3032 0
3033 0
3034 0
3035 0
3036 0
3037 1
3038 0
3039 0
3040 0
3041 0
3042 0
3043 0
3044 0
3045 0
3046 0
3047 0
3048 0
3049 0
3050 0
3051 0
3052 0
3053 0
3054 0
3055 0
3056 0
3057 0
3058 0
3059 0
3060 0
3061 0
3062 0
3063 0
3064 0
3065 0
3066 0
3067 0
3068 0
3069 0
3070 0
3071 0
3072 0
3073 0
3074 0
3075 0
3076 0
3077 0
3078 0
3079 0
3080 0
3081 0
3082 0
3083 0
3084 0
3085 0
3086 0
3087 0
3088 0
3089 0
3090 0
3091 0
3092 0
3093 0
3094 0
3095 0
3096 0
3097 0
3098 0
3099 0
3100 0
3101 0
3102 0
3103 0
3104 0
3105 0
3106 0
3107 0
3108 0
3109 0
3110 0
3111 0
3112 0
3113 0
3114 0
3115 0
3116 0
3117 0
3118 0
3119 0
3120 0
3121 0
3122 0
3123 0
3124 0
3125 0
3126 0
3127 0
3128 0
3129 0
3130 0
3131 0
3132 0
3133 0
3134 0
3135 0
3136 0
3137 0
3138 0
3139 0
3140 0
3141 0
3142 0
3143 0
3144 0
3145 0
3146 0
3147 0
3148 0
3149 0
3150 0
3151 0
3152 0
3153 0
3154 0
3155 0
3156 0
3157 0
3158 0
3159 0
3160 1
3161 0
3162 0
3163 1
3164 0
3165 0
3166 0
3167 0
3168 0
3169 0
3170 0
3171 0
3172 0
3173 0
3174 0
3175 0
3176 0
3177 0
3178 0
3179 0
3180 0
3181 0
3182 0
3183 0
3184 0
3185 0
3186 0
3187 0
3188 0
3189 0
3190 0
3191 0
3192 0
3193 0
3194 0
3195 0
3196 0
3197 1
3198 0
3199 0
3200 0
3201 0
3202 0
3203 0
3204 0
3205 0
3206 0
3207 0
3208 0
3209 0
3210 0
3211 0
3212 0
3213 0
3214 0
3215 0
3216 0
3217 0
3218 0
3219 0
3220 0
3221 0
3222 0
3223 0
3224 0
3225 0
3226 0
3227 0
3228 0
3229 0
3230 0
3231 0
3232 0
3233 0
3234 0
3235 0
3236 0
3237 0
3238 0
3239 0
3240 0
3241 0
3242 1
3243 0
3244 0
3245 0
3246 0
3247 0
3248 0
3249 0
3250 0
3251 0
3252 0
3253 0
3254 0
3255 0
3256 0
3257 0
3258 0
3259 0
3260 0
3261 0
3262 0
3263 0
3264 0
3265 0
3266 0
3267 0
3268 0
3269 0
3270 0
3271 0
3272 0
3273 0
3274 0
3275 0
3276 0
3277 0
3278 0
3279 0
3280 0
3281 0
3282 0
3283 0
3284 0
3285 0
3286 0
3287 0
3288 0
3289 0
3290 0
3291 0
3292 0
3293 0
3294 0
3295 0
3296 0
3297 0
3298 0
3299 0
3300 0
3301 0
3302 0
3303 0
3304 0
3305 0
3306 0
3307 0
3308 0
3309 0
3310 0
3311 0
3312 0
3313 0
3314 0
3315 0
3316 0
3317 0
3318 0
3319 0
3320 0
3321 0
3322 0
3323 0
3324 0
3325 0
3326 0
3327 0
3328 0
3329 0
3330 0
3331 0
3332 0
3333 0
3334 0
3335 0
3336 0
3337 0
3338 0
3339 0
3340 0
3341 0
3342 0
3343 0
3344 0
3345 0
3346 0
3347 0
3348 0
3349 0
3350 0
3351 0
3352 0
3353 0
3354 0
3355 0
3356 0
3357 0
3358 0
3359 0
3360 0
3361 0
3362 0
3363 0
3364 0
3365 0
3366 0
3367 0
3368 0
3369 0
3370 0
3371 0
3372 0
3373 0
3374 0
3375 0
3376 0
3377 0
3378 0
3379 0
3380 0
3381 0
3382 0
3383 0
3384 0
3385 0
3386 0
3387 0
3388 0
3389 0
3390 0
3391 0
3392 0
3393 0
3394 0
3395 0
3396 0
3397 0
3398 0
3399 1
3400 0
3401 0
3402 0
3403 0
3404 0
3405 0
3406 0
3407 0
3408 0
3409 0
3410 0
3411 0
3412 0
3413 0
3414 0
3415 0
3416 1
3417 0
3418 0
3419 0
3420 0
3421 0
3422 0
3423 0
3424 0
3425 0
3426 0
3427 0
3428 0
3429 0
3430 0
3431 0
3432 0
3433 0
3434 0
3435 0
3436 0
3437 0
3438 0
3439 0
3440 0
3441 0
3442 0
3443 0
3444 0
3445 0
3446 0
3447 0
3448 0
3449 0
3450 0
3451 0
3452 0
3453 0
3454 0
3455 0
3456 0
3457 0
3458 0
3459 0
3460 0
3461 0
3462 0
3463 0
3464 0
3465 0
3466 0
3467 0
3468 0
3469 0
3470 0
3471 0
3472 0
3473 0
3474 0
3475 0
3476 0
3477 0
3478 0
3479 0
3480 0
3481 0
3482 0
3483 0
3484 0
3485 0
3486 0
3487 0
3488 0
3489 0
3490 0
3491 0
3492 0
3493 0
3494 0
3495 0
3496 0
3497 0
3498 0
3499 0
3500 0
3501 0
3502 0
3503 0
3504 0
3505 0
3506 0
3507 0
3508 0
3509 0
3510 0
3511 0
3512 0
3513 0
3514 0
3515 0
3516 0
3517 0
3518 0
3519 0
3520 0
3521 0
3522 0
3523 0
3524 0
3525 0
3526 0
3527 0
3528 0
3529 0
3530 0
3531 0
3532 0
3533 0
3534 0
3535 0
3536 0
3537 0
3538 0
3539 0
3540 0
3541 0
3542 0
3543 0
3544 0
3545 0
3546 0
3547 0
3548 0
3549 0
3550 0
3551 0
3552 0
3553 0
3554 0
3555 0
3556 0
3557 0
3558 0
3559 0
3560 0
3561 0
3562 0
3563 0
3564 0
3565 0
3566 0
3567 0
3568 1
3569 0
3570 0
3571 0
3572 0
3573 0
3574 0
3575 0
3576 0
3577 0
3578 0
3579 0
3580 0
3581 0
3582 0
3583 0
3584 0
3585 0
3586 0
3587 0
3588 0
3589 0
3590 0
3591 0
3592 0
3593 0
3594 0
3595 0
3596 0
3597 0
3598 0
3599 0
3600 0
3601 0
3602 0
3603 0
3604 0
3605 0
3606 0
3607 0
3608 0
3609 0
3610 0
3611 0
3612 0
3613 0
3614 0
3615 0
3616 0
3617 0
3618 0
3619 0
3620 0
3621 0
3622 0
3623 0
3624 0
3625 0
3626 0
3627 1
3628 0
3629 0
3630 0
3631 0
3632 0
3633 0
3634 0
3635 0
3636 0
3637 0
3638 0
3639 0
3640 0
3641 0
3642 0
3643 0
3644 0
3645 0
3646 0
3647 0
3648 0
3649 0
3650 0
3651 0
3652 0
3653 0
3654 0
3655 0
3656 0
3657 0
3658 0
3659 0
3660 0
3661 0
3662 0
3663 0
3664 0
3665 0
3666 0
3667 0
3668 0
3669 0
3670 0
3671 0
3672 0
3673 0
3674 0
3675 0
3676 0
3677 0
3678 0
3679 0
3680 0
3681 0
3682 0
3683 0
3684 0
3685 0
3686 0
3687 0
3688 0
3689 0
3690 0
3691 0
3692 0
3693 0
3694 0
3695 0
3696 0
3697 0
3698 0
3699 0
3700 0
3701 0
3702 0
3703 0
3704 0
3705 0
3706 0
3707 0
3708 0
3709 0
3710 0
3711 0
3712 0
3713 0
3714 0
3715 0
3716 0
3717 0
3718 0
3719 0
3720 0
3721 0
3722 0
3723 0
3724 0
3725 0
3726 0
3727 0
3728 0
3729 0
3730 0
3731 0
3732 0
3733 0
3734 0
3735 0
3736 0
3737 0
3738 0
3739 0
3740 0
3741 0
3742 0
3743 0
3744 0
3745 0
3746 0
3747 0
3748 0
3749 0
3750 0
3751 0
3752 0
3753 0
3754 0
3755 0
3756 0
3757 0
3758 0
3759 0
3760 0
3761 0
3762 0
3763 0
3764 0
3765 0
3766 0
3767 0
3768 0
3769 0
3770 0
3771 0
3772 0
3773 0
3774 0
3775 0
3776 0
3777 0
3778 0
3779 0
3780 0
3781 0
3782 0
3783 0
3784 0
3785 0
3786 0
3787 0
3788 0
3789 0
3790 0
3791 0
3792 0
3793 0
3794 0
3795 0
3796 0
3797 0
3798 1
3799 0
3800 0
3801 0
3802 0
3803 0
3804 0
3805 0
3806 0
3807 0
3808 0
3809 0
3810 0
3811 0
3812 0
3813 0
3814 0
3815 0
3816 0
3817 0
3818 0
3819 0
3820 0
3821 0
3822 0
3823 0
3824 0
3825 0
3826 0
3827 0
3828 0
3829 0
3830 0
3831 0
3832 0
3833 0
3834 0
3835 0
3836 1
3837 0
3838 0
3839 0
3840 0
3841 0
3842 0
3843 0
3844 0
3845 0
3846 0
3847 0
3848 0
3849 0
3850 0
3851 0
3852 0
3853 0
3854 0
3855 1
3856 0
3857 0
3858 0
3859 0
3860 0
3861 0
3862 0
3863 0
3864 0
3865 0
3866 0
3867 0
3868 0
3869 0
3870 0
3871 0
3872 0
3873 0
3874 0
3875 0
3876 0
3877 0
3878 0
3879 0
3880 0
3881 0
3882 0
3883 0
3884 0
3885 0
3886 0
3887 0
3888 0
3889 0
3890 0
3891 0
3892 0
3893 0
3894 0
3895 0
3896 0
3897 0
3898 0
3899 0
3900 0
3901 0
3902 0
3903 0
3904 0
3905 0
3906 0
3907 0
3908 0
3909 0
3910 0
3911 0
3912 0
3913 0
3914 0
3915 0
3916 0
3917 0
3918 0
3919 0
3920 0
3921 0
3922 0
3923 0
3924 0
3925 0
3926 0
3927 0
3928 0
3929 0
3930 0
3931 0
3932 0
3933 0
3934 0
3935 0
3936 0
3937 0
3938 0
3939 0
3940 0
3941 0
3942 0
3943 0
3944 0
3945 0
3946 0
3947 0
3948 0
3949 0
3950 0
3951 0
3952 0
3953 0
3954 0
3955 0
3956 0
3957 0
3958 0
3959 0
3960 0
3961 0
3962 0
3963 0
3964 0
3965 0
3966 0
3967 0
3968 0
3969 0
3970 0
3971 0
3972 0
3973 0
3974 0
3975 0
3976 0
3977 0
3978 0
3979 0
3980 0
3981 0
3982 0
3983 0
3984 0
3985 0
3986 0
3987 0
3988 0
3989 0
3990 0
3991 0
3992 0
3993 0
3994 0
3995 0
3996 0
3997 0
3998 0
3999 0
4000 0
