0 0
1 0
2 0
3 0
4 0
5 0
6 0
7 0
8 0
9 0
10 0
11 0
12 0
13 0
14 0
15 0
16 0
17 0
18 0
19 0
20 0
21 0
22 0
23 0
24 0
25 0
26 0
27 0
28 0
29 0
30 0
31 0
32 0
33 0
34 0
35 0
36 0
37 0
38 0
39 0
40 0
41 0
42 0
43 0
44 0
45 0
46 0
47 0
48 0
49 0
50 0
51 0
52 0
53 0
54 0
55 0
56 0
57 0
58 0
59 0
60 0
61 0
62 0
63 0
64 0
65 0
66 0
67 0
68 0
69 0
70 0
71 0
72 0
73 0
74 0
75 0
76 0
77 0
78 0
79 0
80 0
81 0
82 0
83 0
84 0
85 0
86 9
87 24
88 15
89 17
90 20
91 18
92 19
93 21
94 17
95 24
96 21
97 23
98 26
99 19
100 17
101 14
102 9
103 15
104 14
105 13
106 3
107 8
108 11
109 13
110 19
111 138
112 702
113 2280
114 4622
115 6764
116 8541
117 9262
118 9548
119 9271
120 8744
121 7993
122 7224
123 6286
124 5511
125 4750
126 4226
127 3383
128 3059
129 2604
130 2129
131 1973
132 1693
133 1519
134 1297
135 1211
136 1154
137 1083
138 1034
139 1065
140 1004
141 976
142 1012
143 1031
144 1025
145 962
146 927
147 1072
148 1032
149 943
150 1029
151 1026
152 1044
153 992
154 918
155 1014
156 942
157 986
158 1000
159 1001
160 1014
161 991
162 892
163 946
164 1020
165 1000
166 1013
167 1007
168 1035
169 1045
170 1007
171 1020
172 1009
173 985
174 1031
175 1035
176 1086
177 1060
178 1010
179 1049
180 1012
181 1033
182 986
183 1049
184 1079
185 1056
186 1033
187 1026
188 1046
189 1065
190 1053
191 998
192 1053
193 1056
194 1067
195 1006
196 1059
197 1067
198 1099
199 1026
200 1089
201 1127
202 1106
203 1073
204 1050
205 1095
206 1117
207 1139
208 1066
209 1035
210 1090
211 1031
212 1070
213 1067
214 1063
215 1049
216 1092
217 1122
218 1102
219 1055
220 1155
221 1123
222 1098
223 1119
224 1154
225 1152
226 1108
227 1147
228 1140
229 1166
230 1122
231 1162
232 1178
233 1132
234 1076
235 1195
236 1143
237 1138
238 1084
239 1131
240 1066
241 1076
242 1104
243 1111
244 1130
245 1152
246 1106
247 1192
248 1171
249 1133
250 1113
251 1198
252 1203
253 1100
254 1185
255 1096
256 1138
257 1137
258 1134
259 1084
260 1142
261 1160
262 1185
263 1087
264 1200
265 1144
266 1200
267 1110
268 1128
269 1168
270 1180
271 1248
272 1201
273 1220
274 1210
275 1215
276 1242
277 1181
278 1203
279 1240
280 1245
281 1206
282 1210
283 1190
284 1233
285 1199
286 1199
287 1321
288 1252
289 1246
290 1219
291 1250
292 1309
293 1211
294 1233
295 1213
296 1227
297 1185
298 1331
299 1336
300 1287
301 1285
302 1302
303 1317
304 1301
305 1350
306 1286
307 1295
308 1380
309 1335
310 1412
311 1366
312 1371
313 1345
314 1344
315 1335
316 1351
317 1372
318 1351
319 1367
320 1382
321 1400
322 1410
323 1477
324 1369
325 1421
326 1416
327 1374
328 1455
329 1426
330 1409
331 1455
332 1483
333 1494
334 1482
335 1456
336 1583
337 1474
338 1550
339 1468
340 1526
341 1463
342 1596
343 1604
344 1609
345 1539
346 1538
347 1621
348 1530
349 1577
350 1560
351 1544
352 1586
353 1688
354 1650
355 1648
356 1669
357 1581
358 1725
359 1631
360 1633
361 1628
362 1648
363 1663
364 1682
365 1705
366 1782
367 1707
368 1756
369 1777
370 1713
371 1842
372 1759
373 1723
374 1671
375 1772
376 1757
377 1773
378 1818
379 1727
380 1872
381 1799
382 1782
383 1773
384 1726
385 1783
386 1721
387 1862
388 1798
389 1881
390 1794
391 1921
392 1798
393 1832
394 1911
395 1879
396 1837
397 1888
398 1949
399 1934
400 1915
401 1899
402 1914
403 1989
404 1927
405 1909
406 1941
407 1954
408 1884
409 1975
410 1991
411 1914
412 2009
413 1937
414 2009
415 1991
416 2036
417 1908
418 1946
419 2013
420 1992
421 1903
422 1948
423 1938
424 1989
425 2014
426 1900
427 1927
428 1990
429 2032
430 1995
431 2001
432 2008
433 1910
434 2004
435 2043
436 1935
437 1963
438 2026
439 2010
440 1973
441 2044
442 2027
443 1981
444 2027
445 2064
446 1936
447 2012
448 2023
449 1997
450 2043
451 1933
452 2028
453 2033
454 1933
455 1910
456 1965
457 1919
458 1988
459 1944
460 1993
461 1947
462 1933
463 1964
464 1946
465 1972
466 1988
467 1970
468 1937
469 1923
470 1955
471 1893
472 1990
473 1949
474 1921
475 1870
476 1883
477 1886
478 1870
479 1898
480 1923
481 1866
482 1956
483 1880
484 1935
485 1946
486 1880
487 1894
488 1935
489 1858
490 1823
491 1793
492 1864
493 1791
494 1838
495 1815
496 1833
497 1794
498 1860
499 1863
500 1818
501 1734
502 1775
503 1781
504 1752
505 1749
506 1755
507 1708
508 1703
509 1763
510 1742
511 1631
512 1688
513 1678
514 1686
515 1672
516 1665
517 1698
518 1580
519 1674
520 1640
521 1603
522 1593
523 1654
524 1571
525 1669
526 1568
527 1611
528 1608
529 1542
530 1541
531 1531
532 1543
533 1541
534 1448
535 1528
536 1513
537 1487
538 1530
539 1447
540 1469
541 1377
542 1416
543 1368
544 1421
545 1440
546 1450
547 1401
548 1510
549 1357
550 1385
551 1401
552 1354
553 1366
554 1298
555 1342
556 1352
557 1398
558 1304
559 1293
560 1259
561 1222
562 1208
563 1228
564 1170
565 1248
566 1195
567 1186
568 1206
569 1197
570 1167
571 1235
572 1224
573 1198
574 1109
575 1155
576 1129
577 1145
578 1089
579 1136
580 1079
581 1088
582 1116
583 1029
584 1068
585 1062
586 1036
587 1082
588 996
589 1114
590 1015
591 1056
592 1027
593 986
594 1046
595 991
596 982
597 1004
598 966
599 968
600 969
601 924
602 896
603 900
604 948
605 922
606 916
607 887
608 811
609 898
610 874
611 835
612 813
613 807
614 802
615 848
616 860
617 830
618 783
619 881
620 837
621 848
622 788
623 815
624 786
625 775
626 769
627 747
628 717
629 793
630 748
631 735
632 727
633 725
634 666
635 699
636 695
637 667
638 666
639 725
640 670
641 661
642 667
643 651
644 642
645 596
646 629
647 621
648 643
649 621
650 643
651 600
652 632
653 580
654 606
655 550
656 614
657 625
658 618
659 558
660 548
661 579
662 550
663 520
664 520
665 562
666 537
667 501
668 534
669 511
670 517
671 500
672 534
673 496
674 495
675 461
676 522
677 487
678 480
679 436
680 457
681 466
682 431
683 432
684 453
685 469
686 418
687 412
688 450
689 470
690 460
691 449
692 423
693 411
694 446
695 384
696 439
697 394
698 396
699 409
700 400
701 358
702 420
703 393
704 382
705 394
706 359
707 340
708 386
709 374
710 395
711 383
712 351
713 351
714 370
715 377
716 343
717 348
718 342
719 361
720 346
721 369
722 341
723 343
724 328
725 363
726 329
727 305
728 323
729 295
730 298
731 323
732 314
733 327
734 327
735 300
736 305
737 321
738 318
739 319
740 321
741 301
742 317
743 287
744 273
745 283
746 296
747 308
748 280
749 281
750 287
751 303
752 263
753 270
754 289
755 251
756 278
757 276
758 275
759 283
760 267
761 288
762 280
763 262
764 272
765 278
766 239
767 256
768 251
769 269
770 256
771 291
772 268
773 254
774 236
775 256
776 270
777 247
778 240
779 252
780 250
781 245
782 248
783 226
784 212
785 257
786 236
787 233
788 235
789 261
790 238
791 228
792 239
793 247
794 223
795 241
796 217
797 233
798 254
799 252
800 240
801 244
802 250
803 230
804 230
805 250
806 230
807 229
808 235
809 210
810 209
811 236
812 243
813 215
814 201
815 216
816 214
817 203
818 249
819 203
820 237
821 221
822 195
823 232
824 209
825 193
826 224
827 226
828 233
829 241
830 235
831 229
832 261
833 214
834 220
835 215
836 235
837 233
838 212
839 243
840 213
841 215
842 253
843 228
844 241
845 192
846 219
847 229
848 214
849 211
850 207
851 197
852 214
853 231
854 223
855 237
856 203
857 198
858 202
859 211
860 203
861 216
862 230
863 206
864 230
865 202
866 234
867 209
868 191
869 205
870 177
871 210
872 225
873 222
874 188
875 211
876 208
877 218
878 220
879 217
880 196
881 177
882 199
883 211
884 205
885 212
886 207
887 205
888 211
889 219
890 199
891 190
892 204
893 205
894 208
895 210
896 205
897 220
898 223
899 197
900 212
901 201
902 200
903 219
904 213
905 204
906 197
907 196
908 222
909 228
910 201
911 214
912 191
913 215
914 188
915 212
916 222
917 191
918 198
919 195
920 202
921 230
922 207
923 220
924 211
925 211
926 197
927 199
928 216
929 202
930 221
931 189
932 196
933 206
934 184
935 215
936 213
937 198
938 176
939 196
940 215
941 227
942 201
943 224
944 196
945 202
946 211
947 211
948 200
949 212
950 202
951 203
952 222
953 216
954 233
955 194
956 196
957 214
958 229
959 224
960 204
961 181
962 227
963 200
964 194
965 226
966 219
967 218
968 196
969 199
970 204
971 212
972 220
973 191
974 200
975 206
976 191
977 220
978 191
979 227
980 196
981 196
982 202
983 207
984 228
985 209
986 197
987 218
988 217
989 228
990 202
991 203
992 207
993 229
994 199
995 212
996 199
997 231
998 213
999 206
1000 210
1001 192
1002 198
1003 229
1004 222
1005 221
1006 198
1007 213
1008 214
1009 210
1010 196
1011 209
1012 214
1013 212
1014 228
1015 195
1016 240
1017 210
1018 210
1019 204
1020 221
1021 209
1022 203
1023 199
1024 207
1025 211
1026 227
1027 223
1028 182
1029 220
1030 182
1031 231
1032 216
1033 182
1034 177
1035 201
1036 228
1037 187
1038 199
1039 190
1040 218
1041 200
1042 213
1043 226
1044 203
1045 218
1046 216
1047 213
1048 204
1049 189
1050 216
1051 228
1052 191
1053 213
1054 206
1055 187
1056 217
1057 207
1058 197
1059 168
1060 210
1061 191
1062 221
1063 181
1064 201
1065 197
1066 195
1067 200
1068 200
1069 198
1070 197
1071 187
1072 198
1073 194
1074 204
1075 202
1076 171
1077 207
1078 193
1079 207
1080 207
1081 221
1082 210
1083 204
1084 199
1085 191
1086 179
1087 197
1088 195
1089 202
1090 183
1091 184
1092 201
1093 224
1094 175
1095 180
1096 203
1097 203
1098 202
1099 181
1100 179
1101 182
1102 188
1103 218
1104 178
1105 212
1106 183
1107 198
1108 203
1109 218
1110 194
1111 206
1112 200
1113 210
1114 188
1115 200
1116 192
1117 168
1118 177
1119 179
1120 190
1121 181
1122 206
1123 183
1124 171
1125 198
1126 180
1127 205
1128 200
1129 170
1130 179
1131 184
1132 200
1133 201
1134 189
1135 176
1136 176
1137 192
1138 185
1139 184
1140 190
1141 183
1142 184
1143 172
1144 179
1145 187
1146 193
1147 185
1148 182
1149 183
1150 196
1151 177
1152 173
1153 180
1154 185
1155 189
1156 172
1157 207
1158 164
1159 181
1160 193
1161 193
1162 181
1163 192
1164 174
1165 172
1166 194
1167 197
1168 193
1169 160
1170 199
1171 181
1172 177
1173 169
1174 157
1175 172
1176 169
1177 167
1178 177
1179 164
1180 156
1181 188
1182 175
1183 163
1184 182
1185 184
1186 181
1187 154
1188 166
1189 162
1190 167
1191 161
1192 168
1193 157
1194 152
1195 176
1196 167
1197 155
1198 160
1199 181
1200 175
1201 173
1202 158
1203 168
1204 164
1205 142
1206 170
1207 156
1208 160
1209 152
1210 162
1211 152
1212 167
1213 154
1214 175
1215 146
1216 149
1217 152
1218 169
1219 161
1220 163
1221 149
1222 139
1223 153
1224 150
1225 139
1226 164
1227 168
1228 142
1229 159
1230 172
1231 148
1232 149
1233 183
1234 145
1235 165
1236 146
1237 162
1238 128
1239 146
1240 151
1241 151
1242 139
1243 130
1244 140
1245 141
1246 163
1247 161
1248 146
1249 171
1250 135
1251 120
1252 118
1253 145
1254 164
1255 151
1256 148
1257 161
1258 143
1259 134
1260 139
1261 149
1262 130
1263 134
1264 132
1265 153
1266 134
1267 114
1268 127
1269 152
1270 140
1271 123
1272 144
1273 140
1274 146
1275 119
1276 128
1277 151
1278 146
1279 132
1280 123
1281 147
1282 124
1283 160
1284 113
1285 142
1286 124
1287 140
1288 123
1289 138
1290 116
1291 118
1292 147
1293 139
1294 146
1295 116
1296 117
1297 128
1298 126
1299 132
1300 128
1301 115
1302 126
1303 104
1304 107
1305 123
1306 121
1307 137
1308 110
1309 123
1310 113
1311 104
1312 110
1313 113
1314 134
1315 107
1316 114
1317 112
1318 94
1319 120
1320 112
1321 123
1322 111
1323 102
1324 94
1325 130
1326 135
1327 102
1328 116
1329 123
1330 113
1331 99
1332 117
1333 113
1334 110
1335 105
1336 119
1337 101
1338 108
1339 105
1340 113
1341 117
1342 100
1343 111
1344 112
1345 101
1346 86
1347 112
1348 97
1349 104
1350 129
1351 95
1352 94
1353 89
1354 103
1355 108
1356 100
1357 87
1358 86
1359 90
1360 83
1361 87
1362 114
1363 90
1364 89
1365 87
1366 109
1367 102
1368 95
1369 119
1370 98
1371 103
1372 97
1373 85
1374 113
1375 90
1376 88
1377 86
1378 103
1379 96
1380 104
1381 71
1382 99
1383 77
1384 89
1385 109
1386 89
1387 103
1388 96
1389 94
1390 98
1391 91
1392 81
1393 72
1394 93
1395 77
1396 90
1397 86
1398 84
1399 77
1400 89
1401 73
1402 87
1403 70
1404 71
1405 78
1406 65
1407 75
1408 68
1409 86
1410 83
1411 75
1412 87
1413 72
1414 85
1415 76
1416 86
1417 87
1418 76
1419 62
1420 88
1421 93
1422 76
1423 74
1424 86
1425 63
1426 74
1427 79
1428 68
1429 79
1430 77
1431 63
1432 70
1433 74
1434 77
1435 70
1436 81
1437 69
1438 71
1439 80
1440 70
1441 75
1442 80
1443 63
1444 76
1445 76
1446 69
1447 82
1448 73
1449 61
1450 66
1451 60
1452 69
1453 82
1454 73
1455 65
1456 70
1457 60
1458 80
1459 70
1460 77
1461 74
1462 62
1463 48
1464 62
1465 56
1466 66
1467 67
1468 79
1469 77
1470 63
1471 52
1472 66
1473 65
1474 54
1475 63
1476 57
1477 73
1478 63
1479 51
1480 63
1481 53
1482 53
1483 68
1484 60
1485 61
1486 54
1487 58
1488 56
1489 56
1490 58
1491 55
1492 63
1493 59
1494 59
1495 57
1496 56
1497 65
1498 60
1499 57
1500 42
1501 50
1502 53
1503 43
1504 52
1505 62
1506 67
1507 43
1508 51
1509 53
1510 50
1511 59
1512 57
1513 48
1514 48
1515 49
1516 48
1517 56
1518 48
1519 54
1520 46
1521 67
1522 61
1523 50
1524 54
1525 43
1526 60
1527 66
1528 49
1529 49
1530 46
1531 50
1532 42
1533 39
1534 45
1535 44
1536 57
1537 39
1538 42
1539 39
1540 36
1541 45
1542 40
1543 54
1544 46
1545 40
1546 62
1547 46
1548 42
1549 36
1550 38
1551 48
1552 45
1553 41
1554 53
1555 59
1556 31
1557 45
1558 48
1559 34
1560 42
1561 35
1562 54
1563 50
1564 47
1565 39
1566 29
1567 51
1568 47
1569 46
1570 45
1571 34
1572 39
1573 42
1574 41
1575 32
1576 44
1577 42
1578 42
1579 35
1580 40
1581 43
1582 36
1583 33
1584 27
1585 46
1586 41
1587 47
1588 33
1589 38
1590 43
1591 33
1592 29
1593 37
1594 43
1595 38
1596 43
1597 28
1598 32
1599 32
1600 37
1601 39
1602 37
1603 36
1604 31
1605 28
1606 32
1607 33
1608 31
1609 25
1610 43
1611 33
1612 25
1613 27
1614 33
1615 34
1616 43
1617 34
1618 38
1619 23
1620 48
1621 35
1622 36
1623 19
1624 38
1625 32
1626 29
1627 41
1628 23
1629 27
1630 26
1631 27
1632 34
1633 25
1634 28
1635 26
1636 31
1637 25
1638 31
1639 28
1640 25
1641 29
1642 26
1643 24
1644 28
1645 32
1646 27
1647 32
1648 27
1649 25
1650 23
1651 25
1652 16
1653 21
1654 27
1655 24
1656 23
1657 22
1658 23
1659 24
1660 28
1661 25
1662 14
1663 37
1664 20
1665 28
1666 35
1667 33
1668 23
1669 32
1670 17
1671 29
1672 29
1673 20
1674 23
1675 20
1676 23
1677 23
1678 23
1679 24
1680 22
1681 25
1682 25
1683 33
1684 33
1685 25
1686 19
1687 23
1688 20
1689 18
1690 16
1691 19
1692 25
1693 25
1694 21
1695 25
1696 24
1697 25
1698 22
1699 24
1700 30
1701 29
1702 19
1703 22
1704 24
1705 20
1706 19
1707 22
1708 7
1709 17
1710 13
1711 23
1712 16
1713 17
1714 18
1715 22
1716 15
1717 22
1718 20
1719 20
1720 20
1721 15
1722 12
1723 22
1724 19
1725 18
1726 21
1727 17
1728 14
1729 20
1730 13
1731 8
1732 15
1733 11
1734 16
1735 16
1736 13
1737 13
1738 13
1739 16
1740 10
1741 13
1742 14
1743 16
1744 14
1745 19
1746 13
1747 12
1748 13
1749 16
1750 20
1751 8
1752 15
1753 13
1754 21
1755 17
1756 19
1757 12
1758 19
1759 17
1760 9
1761 11
1762 16
1763 15
1764 20
1765 12
1766 14
1767 15
1768 14
1769 15
1770 15
1771 10
1772 22
1773 13
1774 18
1775 10
1776 11
1777 10
1778 18
1779 9
1780 3
1781 13
1782 9
1783 9
1784 14
1785 12
1786 11
1787 18
1788 16
1789 9
1790 16
1791 10
1792 12
1793 8
1794 12
1795 15
1796 7
1797 12
1798 15
1799 6
1800 9
1801 7
1802 12
1803 7
1804 10
1805 8
1806 9
1807 15
1808 8
1809 9
1810 12
1811 9
1812 13
1813 14
1814 10
1815 17
1816 7
1817 11
1818 9
1819 12
1820 13
1821 11
1822 3
1823 10
1824 13
1825 7
1826 9
1827 10
1828 13
1829 15
1830 7
1831 7
1832 12
1833 8
1834 8
1835 13
1836 7
1837 14
1838 9
1839 7
1840 4
1841 7
1842 9
1843 9
1844 8
1845 7
1846 11
1847 9
1848 8
1849 7
1850 10
1851 10
1852 4
1853 6
1854 12
1855 6
1856 8
1857 6
1858 10
1859 5
1860 9
1861 6
1862 9
1863 6
1864 6
1865 12
1866 3
1867 8
1868 7
1869 5
1870 7
1871 3
1872 5
1873 9
1874 5
1875 7
1876 2
1877 5
1878 5
1879 4
1880 5
1881 8
1882 4
1883 10
1884 7
1885 6
1886 4
1887 4
1888 4
1889 2
1890 5
1891 13
1892 9
1893 2
1894 3
1895 3
1896 2
1897 5
1898 3
1899 5
1900 0
1901 4
1902 6
1903 8
1904 1
1905 7
1906 5
1907 4
1908 8
1909 5
1910 2
1911 2
1912 4
1913 6
1914 4
1915 8
1916 1
1917 5
1918 2
1919 3
1920 2
1921 2
1922 4
1923 4
1924 5
1925 6
1926 4
1927 8
1928 4
1929 3
1930 4
1931 4
1932 1
1933 0
1934 3
1935 7
1936 4
1937 4
1938 4
1939 5
1940 4
1941 3
1942 6
1943 5
1944 6
1945 2
1946 5
1947 6
1948 5
1949 4
1950 7
1951 1
1952 4
1953 4
1954 1
1955 2
1956 6
1957 6
1958 2
1959 3
1960 3
1961 1
1962 2
1963 4
1964 4
1965 2
1966 3
1967 2
1968 5
1969 1
1970 2
1971 2
1972 1
1973 1
1974 3
1975 4
1976 2
1977 3
1978 4
1979 2
1980 2
1981 7
1982 0
1983 4
1984 7
1985 4
1986 3
1987 1
1988 0
1989 3
1990 2
1991 1
1992 2
1993 2
1994 1
1995 4
1996 4
1997 1
1998 4
1999 3
2000 2
2001 5
2002 2
2003 2
2004 1
2005 2
2006 1
2007 0
2008 1
2009 1
2010 0
2011 3
2012 4
2013 3
2014 3
2015 0
2016 2
2017 3
2018 2
2019 4
2020 3
2021 2
2022 2
2023 1
2024 5
2025 1
2026 2
2027 3
2028 2
2029 0
2030 3
2031 3
2032 3
2033 0
2034 3
2035 1
2036 1
2037 3
2038 2
2039 1
2040 0
2041 2
2042 1
2043 4
2044 2
2045 3
2046 1
2047 3
2048 3
2049 0
2050 0
2051 2
2052 1
2053 0
2054 1
2055 2
2056 1
2057 1
2058 1
2059 0
2060 1
2061 0
2062 1
2063 2
2064 2
2065 2
2066 2
2067 3
2068 0
2069 3
2070 0
2071 2
2072 1
2073 1
2074 1
2075 1
2076 0
2077 1
2078 2
2079 2
2080 0
2081 2
2082 1
2083 2
2084 0
2085 0
2086 2
2087 1
2088 1
2089 0
2090 3
2091 4
2092 1
2093 1
2094 0
2095 2
2096 0
2097 0
2098 1
2099 3
2100 1
2101 1
2102 0
2103 3
2104 0
2105 0
2106 3
2107 0
2108 2
2109 0
2110 1
2111 0
2112 1
2113 0
2114 2
2115 0
2116 0
2117 0
2118 0
2119 2
2120 0
2121 1
2122 1
2123 0
2124 0
2125 0
2126 0
2127 0
2128 1
2129 0
2130 1
2131 0
2132 0
2133 0
2134 0
2135 0
2136 0
2137 0
2138 0
2139 0
2140 1
2141 1
2142 0
2143 0
2144 0
2145 0
2146 1
2147 0
2148 0
2149 0
2150 0
2151 0
2152 0
2153 2
2154 1
2155 0
2156 1
2157 1
2158 0
2159 0
2160 0
2161 0
2162 0
2163 2
2164 1
2165 1
2166 1
2167 1
2168 0
2169 0
2170 0
2171 1
2172 1
2173 0
2174 1
2175 1
2176 0
2177 0
2178 0
2179 0
2180 1
2181 0
2182 0
2183 0
2184 0
2185 0
2186 0
2187 0
2188 0
2189 1
2190 0
2191 0
2192 0
2193 0
2194 1
2195 0
2196 0
2197 0
2198 1
2199 0
2200 2
2201 0
2202 0
2203 0
2204 0
2205 0
2206 0
2207 0
2208 0
2209 1
2210 0
2211 0
2212 0
2213 0
2214 0
2215 2
2216 0
2217 0
2218 0
2219 0
2220 0
2221 0
2222 0
2223 1
2224 0
2225 0
2226 0
2227 0
2228 0
2229 0
2230 0
2231 0
2232 0
2233 1
2234 0
2235 1
2236 0
2237 0
2238 0
2239 0
2240 0
2241 0
2242 0
2243 0
2244 0
2245 0
2246 0
2247 0
2248 0
2249 2
2250 0
2251 0
2252 0
2253 0
2254 1
2255 0
2256 0
2257 0
2258 0
2259 0
2260 0
2261 0
2262 0
2263 0
2264 0
2265 0
2266 0
2267 0
2268 0
2269 0
2270 0
2271 0
2272 1
2273 0
2274 0
2275 0
2276 0
2277 0
2278 0
2279 0
2280 0
2281 0
2282 0
2283 0
2284 0
2285 1
2286 0
2287 0
2288 0
2289 0
2290 0
2291 0
2292 0
2293 0
2294 1
2295 0
2296 0
2297 0
2298 0
2299 0
2300 0
2301 1
2302 0
2303 0
2304 0
2305 0
2306 0
2307 1
2308 0
2309 0
2310 0
2311 2
2312 0
2313 0
2314 0
2315 1
2316 0
2317 0
2318 0
2319 0
2320 0
2321 0
2322 0
2323 0
2324 0
2325 0
2326 0
2327 0
2328 0
2329 0
2330 0
2331 0
2332 0
2333 0
2334 0
2335 0
2336 0
2337 0
2338 0
2339 0
2340 0
2341 0
2342 0
2343 0
2344 0
2345 0
2346 0
2347 0
2348 0
2349 0
2350 0
2351 0
2352 0
2353 0
2354 0
2355 0
2356 0
2357 0
2358 0
2359 0
2360 0
2361 0
2362 0
2363 0
2364 0
2365 1
2366 0
2367 0
2368 0
2369 0
2370 0
2371 0
2372 0
2373 0
2374 2
2375 0
2376 0
2377 0
2378 0
2379 0
2380 0
2381 0
2382 0
2383 0
2384 0
2385 0
2386 0
2387 0
2388 0
2389 0
2390 0
2391 0
2392 0
2393 0
2394 0
2395 0
2396 0
2397 0
2398 0
2399 0
2400 0
2401 0
2402 0
2403 0
2404 0
2405 0
2406 0
2407 0
2408 0
2409 0
2410 0
2411 0
2412 0
2413 0
2414 0
2415 0
2416 0
2417 0
2418 0
2419 0
2420 0
2421 0
2422 0
2423 0
2424 0
2425 0
2426 0
2427 0
2428 0
2429 0
2430 0
2431 0
2432 0
2433 0
2434 0
2435 0
2436 0
2437 0
2438 0
2439 0
2440 0
2441 0
2442 0
2443 0
2444 0
2445 0
2446 0
2447 0
2448 0
2449 0
2450 0
2451 0
2452 0
2453 0
2454 0
2455 0
2456 0
2457 0
2458 0
2459 0
2460 0
2461 0
2462 0
2463 0
2464 0
2465 0
2466 0
2467 0
2468 0
2469 0
2470 0
2471 0
2472 0
2473 0
2474 0
2475 0
2476 0
2477 0
2478 0
2479 0
2480 0
2481 0
2482 0
2483 0
2484 0
2485 0
2486 0
2487 0
2488 0
2489 0
2490 0
2491 0
2492 0
2493 1
2494 0
2495 0
2496 0
2497 0
2498 0
2499 0
2500 0
2501 0
2502 0
2503 0
2504 1
2505 0
2506 0
2507 0
2508 0
2509 0
2510 0
2511 0
2512 0
2513 0
2514 0
2515 0
2516 0
2517 0
2518 0
2519 0
2520 0
2521 0
2522 0
2523 0
2524 0
2525 0
2526 0
2527 0
2528 0
2529 0
2530 0
2531 0
2532 0
2533 0
2534 0
2535 0
2536 0
2537 0
2538 1
2539 0
2540 0
2541 0
2542 0
2543 0
2544 0
2545 0
2546 0
2547 0
2548 0
2549 0
2550 0
2551 0
2552 0
2553 0
2554 0
2555 0
2556 0
2557 0
2558 0
2559 0
2560 0
2561 0
2562 0
2563 0
2564 0
2565 0
2566 0
2567 0
2568 0
2569 0
2570 0
2571 0
2572 0
2573 0
2574 0
2575 0
2576 0
2577 0
2578 0
2579 0
2580 0
2581 0
2582 0
2583 0
2584 0
2585 0
2586 0
2587 0
2588 0
2589 0
2590 0
2591 0
2592 0
2593 0
2594 0
2595 0
2596 0
2597 0
2598 0
2599 0
2600 0
2601 0
2602 0
2603 1
2604 0
2605 0
2606 0
2607 0
2608 0
2609 0
2610 0
2611 0
2612 0
2613 0
2614 0
2615 0
2616 0
2617 0
2618 0
2619 0
2620 0
2621 0
2622 0
2623 0
2624 0
2625 0
2626 0
2627 0
2628 0
2629 0
2630 0
2631 0
2632 0
2633 0
2634 0
2635 0
2636 0
2637 0
2638 0
2639 0
2640 0
2641 0
2642 0
2643 0
2644 0
2645 0
2646 0
2647 0
2648 0
2649 0
2650 0
2651 0
2652 0
2653 0
2654 0
2655 0
2656 0
2657 0
2658 0
2659 0
2660 0
2661 0
2662 0
2663 1
2664 0
2665 0
2666 0
2667 0
2668 0
2669 0
2670 0
2671 0
2672 0
2673 0
2674 0
2675 0
2676 0
2677 0
2678 0
2679 0
2680 0
2681 0
2682 0
2683 0
2684 0
2685 0
2686 0
2687 0
2688 1
2689 0
2690 0
2691 0
2692 0
2693 0
2694 0
2695 0
2696 0
2697 0
2698 0
2699 0
2700 0
2701 0
2702 0
2703 0
2704 0
2705 0
2706 0
2707 0
2708 0
2709 0
2710 0
2711 0
2712 0
2713 0
2714 0
2715 0
2716 0
2717 0
2718 1
2719 0
2720 0
2721 0
2722 0
2723 0
2724 0
2725 0
2726 0
2727 0
2728 0
2729 0
2730 0
2731 0
2732 0
2733 0
2734 0
2735 0
2736 0
2737 0
2738 0
2739 0
2740 0
2741 0
2742 0
2743 0
2744 0
2745 0
2746 0
2747 0
2748 0
2749 0
2750 0
2751 0
2752 0
2753 0
2754 0
2755 0
2756 0
2757 0
2758 0
2759 0
2760 0
2761 0
2762 0
2763 0
2764 0
2765 0
2766 0
2767 0
2768 0
2769 1
2770 0
2771 0
2772 0
2773 0
2774 0
2775 0
2776 0
2777 0
2778 0
2779 0
2780 0
2781 0
2782 0
2783 0
2784 0
2785 0
2786 0
2787 0
2788 0
2789 0
2790 0
2791 0
2792 0
2793 0
2794 0
2795 0
2796 0
2797 0
2798 0
2799 0
2800 0
2801 0
2802 0
2803 0
2804 0
2805 0
2806 0
2807 0
2808 0
2809 0
2810 0
2811 0
2812 0
2813 0
2814 0
2815 0
2816 0
2817 0
2818 0
2819 0
2820 0
2821 0
2822 0
2823 0
2824 0
2825 0
2826 0
2827 0
2828 0
2829 0
2830 0
2831 0
2832 0
2833 0
2834 0
2835 0
2836 0
2837 0
2838 0
2839 0
2840 0
2841 0
2842 0
2843 0
2844 0
2845 0
2846 0
2847 1
2848 0
2849 0
2850 0
2851 0
2852 0
2853 0
2854 0
2855 0
2856 0
2857 0
2858 0
2859 0
2860 0
2861 0
2862 0
2863 0
2864 0
2865 0
2866 0
2867 0
2868 0
2869 0
2870 0
2871 0
2872 0
2873 0
2874 0
2875 0
2876 1
2877 0
2878 0
2879 0
2880 0
2881 0
2882 0
2883 0
2884 0
2885 0
2886 0
2887 0
2888 0
2889 0
2890 0
2891 0
2892 0
2893 0
2894 0
2895 0
2896 0
2897 0
2898 0
2899 0
2900 0
2901 0
2902 0
2903 0
2904 0
2905 0
2906 0
2907 0
2908 0
2909 0
2910 0
2911 0
2912 0
2913 0
2914 0
2915 0
2916 0
2917 0
2918 0
2919 0
2920 0
2921 0
2922 0
2923 0
2924 0
2925 0
2926 0
2927 0
2928 0
2929 0
2930 0
2931 0
2932 0
2933 0
2934 0
2935 0
2936 0
2937 0
2938 0
2939 0
2940 0
2941 0
2942 0
2943 0
2944 0
2945 0
2946 0
2947 0
2948 0
2949 0
2950 0
2951 0
2952 0
2953 0
2954 0
2955 0
2956 0
2957 0
2958 0
2959 0
2960 0
2961 0
2962 0
2963 0
2964 0
2965 0
2966 0
2967 0
2968 0
2969 0
2970 0
2971 0
2972 0
2973 0
2974 0
2975 0
2976 0
2977 0
2978 0
2979 0
2980 0
2981 0
2982 0
2983 0
2984 0
2985 0
2986 0
2987 0
2988 0
2989 0
2990 0
2991 0
2992 0
2993 1
2994 0
2995 0
2996 0
2997 0
2998 0
2999 0
3000 0
3001 0
3002 0
3003 0
3004 0
3005 0
3006 0
3007 0
3008 0
3009 0
3010 0
3011 0
3012 0
3013 0
3014 0
3015 0
3016 0
3017 0
3018 0
3019 0
3020 0
3021 0
3022 0
3023 0
3024 0
3025 0
3026 0
3027 0
3028 0
3029 0
3030 0
3031 1
3032 0
3033 0
3034 0
3035 0
3036 0
3037 0
3038 0
3039 0
3040 1
3041 0
3042 0
3043 0
3044 0
3045 0
3046 0
3047 0
3048 0
3049 1
3050 0
3051 0
3052 0
3053 0
3054 0
3055 0
3056 0
3057 0
3058 0
3059 0
3060 0
3061 0
3062 0
3063 0
3064 0
3065 0
3066 0
3067 0
3068 0
3069 0
3070 0
3071 0
3072 0
3073 0
3074 0
3075 0
3076 0
3077 0
3078 0
3079 0
3080 0
3081 0
3082 0
3083 0
3084 0
3085 0
3086 0
3087 0
3088 0
3089 0
3090 0
3091 0
3092 0
3093 0
3094 0
3095 0
3096 0
3097 0
3098 0
3099 0
3100 0
3101 0
3102 0
3103 0
3104 0
3105 0
3106 0
3107 0
3108 0
3109 0
3110 0
3111 0
3112 0
3113 0
3114 0
3115 0
3116 0
3117 0
3118 0
3119 0
3120 0
3121 0
3122 0
3123 0
3124 0
3125 0
3126 0
3127 0
3128 0
3129 0
3130 0
3131 0
3132 0
3133 0
3134 0
3135 0
3136 0
3137 0
3138 0
3139 0
3140 0
3141 0
3142 0
3143 0
3144 0
3145 0
3146 0
3147 0
3148 0
3149 0
3150 0
3151 0
3152 0
3153 0
3154 0
3155 0
3156 0
3157 0
3158 0
3159 0
3160 0
3161 0
3162 0
3163 0
3164 1
3165 0
3166 0
3167 0
3168 0
3169 0
3170 0
3171 0
3172 0
3173 0
3174 2
3175 0
3176 0
3177 0
3178 0
3179 0
3180 0
3181 1
3182 0
3183 0
3184 0
3185 0
3186 0
3187 0
3188 0
3189 0
3190 0
3191 0
3192 0
3193 0
3194 0
3195 0
3196 0
3197 0
3198 0
3199 0
3200 0
3201 0
3202 0
3203 0
3204 0
3205 0
3206 0
3207 0
3208 0
3209 0
3210 0
3211 0
3212 0
3213 0
3214 0
3215 0
3216 0
3217 0
3218 0
3219 0
3220 0
3221 0
3222 0
3223 0
3224 0
3225 0
3226 0
3227 0
3228 0
3229 0
3230 0
3231 0
3232 0
3233 0
3234 0
3235 0
3236 0
3237 0
3238 0
3239 0
3240 0
3241 0
3242 0
3243 0
3244 0
3245 0
3246 0
3247 0
3248 0
3249 0
3250 0
3251 0
3252 0
3253 0
3254 0
3255 0
3256 0
3257 0
3258 0
3259 0
3260 0
3261 0
3262 0
3263 0
3264 0
3265 0
3266 0
3267 0
3268 0
3269 0
3270 0
3271 0
3272 0
3273 0
3274 0
3275 0
3276 0
3277 0
3278 0
3279 0
3280 0
3281 0
3282 0
3283 0
3284 0
3285 0
3286 0
3287 0
3288 0
3289 0
3290 0
3291 0
3292 0
3293 0
3294 0
3295 0
3296 0
3297 0
3298 0
3299 0
3300 0
3301 0
3302 0
3303 0
3304 0
3305 1
3306 0
3307 0
3308 0
3309 0
3310 0
3311 0
3312 0
3313 0
3314 0
3315 0
3316 0
3317 0
3318 0
3319 0
3320 0
3321 0
3322 0
3323 0
3324 0
3325 0
3326 0
3327 0
3328 0
3329 0
3330 0
3331 0
3332 1
3333 0
3334 0
3335 0
3336 0
3337 0
3338 0
3339 0
3340 0
3341 0
3342 0
3343 0
3344 0
3345 0
3346 0
3347 0
3348 0
3349 0
3350 0
3351 0
3352 0
3353 0
3354 0
3355 0
3356 0
3357 0
3358 0
3359 0
3360 0
3361 0
3362 0
3363 0
3364 0
3365 0
3366 0
3367 0
3368 0
3369 0
3370 0
3371 0
3372 0
3373 0
3374 0
3375 0
3376 0
3377 0
3378 0
3379 0
3380 0
3381 0
3382 0
3383 0
3384 0
3385 0
3386 0
3387 0
3388 0
3389 0
3390 0
3391 0
3392 0
3393 0
3394 0
3395 0
3396 0
3397 0
3398 0
3399 0
3400 0
3401 0
3402 0
3403 0
3404 0
3405 0
3406 0
3407 0
3408 0
3409 0
3410 0
3411 0
3412 0
3413 0
3414 0
3415 0
3416 0
3417 0
3418 0
3419 0
3420 0
3421 0
3422 0
3423 0
3424 0
3425 0
3426 0
3427 0
3428 0
3429 0
3430 0
3431 0
3432 0
3433 0
3434 0
3435 0
3436 0
3437 0
3438 0
3439 0
3440 0
3441 0
3442 0
3443 0
3444 0
3445 0
3446 1
3447 0
3448 0
3449 0
3450 0
3451 0
3452 0
3453 0
3454 0
3455 0
3456 0
3457 0
3458 0
3459 0
3460 0
3461 0
3462 0
3463 0
3464 0
3465 0
3466 0
3467 0
3468 0
3469 0
3470 0
3471 0
3472 0
3473 0
3474 0
3475 1
3476 0
3477 0
3478 0
3479 0
3480 0
3481 0
3482 0
3483 0
3484 0
3485 0
3486 0
3487 0
3488 0
3489 0
3490 0
3491 0
3492 0
3493 0
3494 0
3495 0
3496 0
3497 0
3498 0
3499 0
3500 0
3501 0
3502 0
3503 0
3504 0
3505 0
3506 0
3507 0
3508 0
3509 0
3510 0
3511 0
3512 0
3513 0
3514 0
3515 0
3516 0
3517 0
3518 0
3519 0
3520 0
3521 0
3522 0
3523 0
3524 0
3525 0
3526 0
3527 0
3528 0
3529 0
3530 0
3531 0
3532 0
3533 0
3534 0
3535 0
3536 0
3537 0
3538 0
3539 0
3540 0
3541 0
3542 0
3543 0
3544 0
3545 0
3546 0
3547 0
3548 0
3549 0
3550 0
3551 0
3552 0
3553 0
3554 0
3555 0
3556 0
3557 0
3558 0
3559 0
3560 0
3561 0
3562 0
3563 0
3564 0
3565 0
3566 0
3567 0
3568 0
3569 0
3570 0
3571 0
3572 0
3573 0
3574 0
3575 0
3576 0
3577 1
3578 0
3579 0
3580 0
3581 0
3582 0
3583 0
3584 0
3585 0
3586 0
3587 0
3588 0
3589 0
3590 0
3591 0
3592 0
3593 0
3594 0
3595 0
3596 0
3597 0
3598 0
3599 0
3600 0
3601 0
3602 0
3603 0
3604 0
3605 0
3606 0
3607 0
3608 0
3609 0
3610 0
3611 0
3612 0
3613 0
3614 0
3615 0
3616 0
3617 0
3618 0
3619 0
3620 0
3621 0
3622 0
3623 0
3624 0
3625 0
3626 0
3627 0
3628 0
3629 0
3630 0
3631 0
3632 0
3633 0
3634 0
3635 0
3636 0
3637 0
3638 0
3639 0
3640 0
3641 0
3642 0
3643 0
3644 0
3645 0
3646 0
3647 0
3648 0
3649 0
3650 0
3651 0
3652 0
3653 0
3654 0
3655 0
3656 0
3657 0
3658 0
3659 0
3660 0
3661 0
3662 0
3663 0
3664 0
3665 0
3666 0
3667 0
3668 0
3669 0
3670 0
3671 0
3672 0
3673 0
3674 0
3675 0
3676 0
3677 0
3678 0
3679 0
3680 0
3681 0
3682 0
3683 0
3684 0
3685 0
3686 0
3687 0
3688 0
3689 0
3690 0
3691 0
3692 0
3693 0
3694 0
3695 0
3696 0
3697 0
3698 0
3699 0
3700 0
3701 0
3702 0
3703 0
3704 0
3705 0
3706 0
3707 0
3708 0
3709 0
3710 0
3711 0
3712 0
3713 0
3714 0
3715 0
3716 0
3717 0
3718 0
3719 0
3720 0
3721 0
3722 0
3723 0
3724 0
3725 0
3726 0
3727 0
3728 1
3729 0
3730 0
3731 0
3732 0
3733 0
3734 0
3735 0
3736 0
3737 0
3738 0
3739 0
3740 0
3741 0
3742 0
3743 0
3744 0
3745 0
3746 0
3747 0
3748 0
3749 0
3750 0
3751 0
3752 0
3753 0
3754 0
3755 0
3756 0
3757 0
3758 0
3759 0
3760 0
3761 0
3762 0
3763 0
3764 0
3765 0
3766 0
3767 0
3768 0
3769 0
3770 0
3771 0
3772 0
3773 0
3774 0
3775 0
3776 0
3777 0
3778 0
3779 0
3780 0
3781 0
3782 0
3783 0
3784 0
3785 0
3786 0
3787 0
3788 0
3789 0
3790 0
3791 0
3792 0
3793 0
3794 0
3795 0
3796 0
3797 0
3798 0
3799 0
3800 0
3801 0
3802 0
3803 0
3804 0
3805 0
3806 0
3807 0
3808 0
3809 0
3810 0
3811 0
3812 0
3813 0
3814 0
3815 1
3816 0
3817 0
3818 0
3819 0
3820 0
3821 0
3822 0
3823 0
3824 0
3825 0
3826 0
3827 0
3828 0
3829 0
3830 0
3831 0
3832 0
3833 0
3834 0
3835 0
3836 0
3837 0
3838 0
3839 0
3840 0
3841 0
3842 0
3843 0
3844 0
3845 0
3846 0
3847 0
3848 0
3849 0
3850 0
3851 0
3852 0
3853 0
3854 0
3855 0
3856 0
3857 0
3858 0
3859 0
3860 0
3861 0
3862 0
3863 0
3864 0
3865 0
3866 0
3867 0
3868 0
3869 0
3870 0
3871 0
3872 0
3873 0
3874 0
3875 0
3876 0
3877 0
3878 0
3879 0
3880 0
3881 0
3882 0
3883 0
3884 0
3885 0
3886 0
3887 0
3888 0
3889 0
3890 0
3891 0
3892 0
3893 0
3894 0
3895 0
3896 0
3897 0
3898 0
3899 0
3900 0
3901 0
3902 0
3903 0
3904 0
3905 0
3906 0
3907 0
3908 0
3909 0
3910 0
3911 0
3912 0
3913 0
3914 0
3915 0
3916 0
3917 0
3918 0
3919 0
3920 0
3921 0
3922 0
3923 0
3924 0
3925 0
3926 0
3927 0
3928 0
3929 0
3930 0
3931 0
3932 0
3933 0
3934 0
3935 0
3936 0
3937 0
3938 0
3939 0
3940 0
3941 0
3942 0
3943 0
3944 0
3945 0
3946 0
3947 0
3948 0
3949 0
3950 0
3951 0
3952 0
3953 0
3954 0
3955 0
3956 0
3957 0
3958 0
3959 0
3960 0
3961 0
3962 0
3963 0
3964 0
3965 0
3966 0
3967 0
3968 0
3969 0
3970 0
3971 0
3972 0
3973 0
3974 0
3975 0
3976 0
3977 0
3978 0
3979 0
3980 0
3981 0
3982 0
3983 0
3984 0
3985 0
3986 0
3987 0
3988 0
3989 0
3990 0
3991 0
3992 0
3993 0
3994 0
3995 0
3996 0
3997 0
3998 0
3999 0
4000 0
