0 0
1 0
2 0
3 0
4 0
5 0
6 0
7 0
8 0
9 0
10 0
11 0
12 0
13 0
14 0
15 0
16 0
17 0
18 0
19 0
20 0
21 0
22 0
23 0
24 0
25 0
26 0
27 0
28 0
29 0
30 0
31 0
32 0
33 0
34 0
35 0
36 0
37 0
38 0
39 0
40 0
41 0
42 0
43 0
44 0
45 0
46 0
47 0
48 0
49 0
50 0
51 0
52 0
53 0
54 0
55 0
56 0
57 0
58 0
59 0
60 0
61 0
62 0
63 0
64 0
65 0
66 0
67 0
68 0
69 0
70 0
71 0
72 0
73 0
74 0
75 0
76 0
77 0
78 0
79 0
80 0
81 0
82 0
83 0
84 0
85 0
86 17
87 25
88 18
89 24
90 21
91 23
92 26
93 17
94 19
95 12
96 19
97 10
98 14
99 16
100 12
101 14
102 6
103 4
104 9
105 9
106 10
107 9
108 6
109 3
110 24
111 148
112 715
113 2409
114 5079
115 7622
116 9318
117 10191
118 10416
119 10280
120 9773
121 9062
122 7893
123 7050
124 6227
125 5453
126 4648
127 4145
128 3546
129 3040
130 2808
131 2401
132 2110
133 2013
134 1935
135 1738
136 1677
137 1661
138 1636
139 1659
140 1605
141 1647
142 1551
143 1573
144 1579
145 1634
146 1612
147 1660
148 1578
149 1589
150 1554
151 1607
152 1662
153 1653
154 1636
155 1645
156 1666
157 1594
158 1685
159 1618
160 1604
161 1664
162 1632
163 1618
164 1698
165 1589
166 1673
167 1612
168 1710
169 1700
170 1725
171 1655
172 1653
173 1721
174 1689
175 1633
176 1787
177 1702
178 1727
179 1701
180 1693
181 1782
182 1704
183 1709
184 1779
185 1810
186 1751
187 1778
188 1798
189 1794
190 1728
191 1780
192 1768
193 1830
194 1790
195 1782
196 1861
197 1912
198 1854
199 1929
200 1762
201 1862
202 1875
203 1833
204 1912
205 1785
206 1797
207 1862
208 1883
209 1948
210 1906
211 1933
212 1858
213 1925
214 1936
215 1815
216 1929
217 1952
218 1945
219 1877
220 1999
221 1953
222 1889
223 1915
224 1958
225 1970
226 1985
227 1977
228 1965
229 1917
230 2001
231 2028
232 1958
233 1934
234 1972
235 2017
236 2005
237 2002
238 1994
239 2176
240 1995
241 2094
242 2036
243 2041
244 2046
245 2007
246 2045
247 2111
248 2073
249 2042
250 2064
251 2070
252 2127
253 2038
254 2150
255 2160
256 2088
257 2110
258 2094
259 2119
260 2034
261 2156
262 2193
263 2140
264 2192
265 2154
266 2173
267 2169
268 2131
269 2148
270 2109
271 2195
272 2142
273 2085
274 2154
275 2171
276 2288
277 2229
278 2158
279 2158
280 2080
281 2122
282 2219
283 2126
284 2206
285 2242
286 2202
287 2065
288 2238
289 2178
290 2203
291 2244
292 2162
293 2153
294 2214
295 2176
296 2105
297 2196
298 2114
299 2179
300 2077
301 2151
302 2313
303 2184
304 2196
305 2157
306 2163
307 2128
308 2151
309 2119
310 2187
311 2135
312 2081
313 2161
314 2218
315 2089
316 2123
317 2113
318 2192
319 2154
320 2037
321 2101
322 2082
323 2128
324 2093
325 2128
326 1902
327 2132
328 2058
329 2080
330 2013
331 2051
332 2083
333 2083
334 1968
335 1986
336 2058
337 1986
338 2040
339 2011
340 1914
341 1974
342 2032
343 1963
344 1826
345 1973
346 1856
347 1935
348 1898
349 1908
350 1870
351 1939
352 1918
353 1875
354 1920
355 1869
356 1801
357 1834
358 1898
359 1793
360 1841
361 1777
362 1776
363 1804
364 1930
365 1873
366 1753
367 1755
368 1798
369 1783
370 1791
371 1733
372 1668
373 1688
374 1710
375 1631
376 1604
377 1672
378 1529
379 1720
380 1607
381 1600
382 1656
383 1524
384 1569
385 1515
386 1517
387 1585
388 1494
389 1480
390 1457
391 1453
392 1463
393 1398
394 1426
395 1425
396 1366
397 1403
398 1414
399 1381
400 1432
401 1406
402 1384
403 1352
404 1389
405 1301
406 1392
407 1263
408 1331
409 1248
410 1262
411 1276
412 1281
413 1216
414 1260
415 1194
416 1234
417 1207
418 1274
419 1161
420 1209
421 1248
422 1158
423 1177
424 1119
425 1179
426 1094
427 1111
428 1085
429 1021
430 1086
431 1112
432 1003
433 1036
434 1038
435 985
436 922
437 1036
438 996
439 986
440 930
441 897
442 986
443 971
444 902
445 931
446 898
447 949
448 944
449 949
450 879
451 830
452 834
453 848
454 859
455 878
456 815
457 847
458 790
459 780
460 781
461 767
462 829
463 788
464 733
465 774
466 770
467 792
468 780
469 722
470 732
471 683
472 725
473 731
474 671
475 712
476 673
477 671
478 687
479 668
480 685
481 646
482 640
483 644
484 646
485 619
486 592
487 582
488 656
489 612
490 606
491 638
492 602
493 595
494 604
495 580
496 561
497 551
498 577
499 587
500 556
501 528
502 518
503 566
504 558
505 495
506 518
507 529
508 546
509 487
510 488
511 489
512 526
513 531
514 472
515 524
516 517
517 477
518 459
519 460
520 454
521 471
522 450
523 474
524 476
525 460
526 464
527 420
528 453
529 414
530 434
531 412
532 455
533 401
534 418
535 433
536 422
537 440
538 418
539 401
540 391
541 356
542 430
543 422
544 408
545 358
546 376
547 397
548 344
549 395
550 387
551 400
552 396
553 361
554 359
555 348
556 348
557 371
558 365
559 368
560 316
561 337
562 341
563 336
564 367
565 344
566 367
567 353
568 344
569 369
570 364
571 367
572 308
573 331
574 335
575 325
576 350
577 309
578 332
579 321
580 313
581 357
582 351
583 329
584 308
585 327
586 273
587 332
588 343
589 332
590 268
591 312
592 308
593 262
594 301
595 301
596 330
597 324
598 294
599 322
600 333
601 304
602 306
603 277
604 305
605 326
606 290
607 310
608 304
609 291
610 270
611 279
612 298
613 309
614 295
615 285
616 320
617 304
618 300
619 297
620 293
621 279
622 305
623 284
624 290
625 288
626 324
627 251
628 280
629 274
630 307
631 287
632 275
633 281
634 267
635 292
636 281
637 281
638 277
639 275
640 270
641 271
642 291
643 274
644 264
645 248
646 259
647 280
648 285
649 253
650 262
651 276
652 274
653 244
654 245
655 268
656 236
657 279
658 286
659 247
660 272
661 251
662 231
663 290
664 268
665 258
666 296
667 269
668 285
669 265
670 279
671 276
672 277
673 267
674 273
675 248
676 250
677 286
678 248
679 285
680 264
681 238
682 269
683 245
684 231
685 300
686 240
687 238
688 284
689 258
690 230
691 249
692 244
693 231
694 278
695 252
696 280
697 237
698 252
699 231
700 239
701 269
702 234
703 233
704 232
705 250
706 208
707 254
708 237
709 202
710 219
711 237
712 236
713 225
714 272
715 249
716 214
717 208
718 224
719 228
720 266
721 222
722 258
723 234
724 233
725 232
726 236
727 254
728 203
729 200
730 220
731 194
732 233
733 215
734 207
735 249
736 226
737 223
738 235
739 204
740 244
741 207
742 235
743 227
744 201
745 219
746 207
747 231
748 215
749 197
750 226
751 207
752 221
753 242
754 236
755 220
756 198
757 217
758 234
759 207
760 208
761 208
762 232
763 207
764 200
765 225
766 248
767 222
768 190
769 215
770 207
771 207
772 219
773 209
774 218
775 222
776 202
777 235
778 190
779 204
780 188
781 199
782 200
783 210
784 194
785 182
786 205
787 181
788 200
789 212
790 205
791 185
792 192
793 200
794 207
795 200
796 192
797 199
798 202
799 196
800 198
801 175
802 187
803 187
804 191
805 189
806 163
807 177
808 183
809 188
810 181
811 198
812 179
813 177
814 191
815 179
816 184
817 170
818 200
819 150
820 178
821 188
822 177
823 173
824 198
825 150
826 179
827 169
828 179
829 175
830 175
831 144
832 166
833 167
834 150
835 168
836 173
837 167
838 151
839 177
840 158
841 167
842 158
843 152
844 157
845 146
846 167
847 160
848 157
849 152
850 181
851 154
852 156
853 151
854 140
855 151
856 172
857 151
858 165
859 156
860 153
861 146
862 154
863 165
864 158
865 139
866 145
867 146
868 146
869 158
870 136
871 165
872 154
873 164
874 145
875 128
876 162
877 129
878 124
879 119
880 136
881 150
882 146
883 131
884 142
885 131
886 141
887 127
888 139
889 116
890 132
891 133
892 129
893 137
894 128
895 112
896 130
897 119
898 130
899 113
900 119
901 109
902 126
903 135
904 103
905 132
906 120
907 129
908 127
909 104
910 117
911 112
912 142
913 98
914 126
915 122
916 101
917 109
918 107
919 102
920 109
921 105
922 114
923 109
924 105
925 121
926 103
927 102
928 126
929 116
930 124
931 89
932 103
933 114
934 93
935 126
936 105
937 103
938 105
939 106
940 117
941 89
942 102
943 90
944 110
945 106
946 89
947 111
948 78
949 114
950 109
951 104
952 93
953 112
954 83
955 105
956 82
957 97
958 88
959 87
960 87
961 85
962 86
963 99
964 91
965 108
966 96
967 106
968 88
969 85
970 97
971 90
972 98
973 71
974 77
975 76
976 77
977 74
978 84
979 65
980 72
981 97
982 90
983 74
984 58
985 78
986 84
987 78
988 87
989 78
990 66
991 79
992 84
993 74
994 78
995 77
996 73
997 76
998 83
999 79
1000 78
1001 50
1002 74
1003 82
1004 73
1005 75
1006 78
1007 61
1008 85
1009 77
1010 53
1011 61
1012 70
1013 70
1014 77
1015 55
1016 70
1017 70
1018 64
1019 72
1020 67
1021 64
1022 68
1023 67
1024 51
1025 61
1026 62
1027 54
1028 64
1029 55
1030 54
1031 59
1032 67
1033 56
1034 55
1035 61
1036 54
1037 50
1038 56
1039 57
1040 58
1041 65
1042 58
1043 63
1044 60
1045 45
1046 48
1047 40
1048 45
1049 47
1050 51
1051 55
1052 46
1053 55
1054 47
1055 37
1056 50
1057 59
1058 52
1059 50
1060 43
1061 47
1062 46
1063 49
1064 38
1065 57
1066 48
1067 48
1068 46
1069 33
1070 40
1071 54
1072 49
1073 45
1074 40
1075 52
1076 44
1077 45
1078 40
1079 44
1080 41
1081 41
1082 41
1083 50
1084 34
1085 46
1086 52
1087 39
1088 39
1089 34
1090 46
1091 39
1092 37
1093 43
1094 37
1095 34
1096 38
1097 41
1098 32
1099 41
1100 23
1101 31
1102 41
1103 41
1104 31
1105 31
1106 23
1107 45
1108 37
1109 42
1110 26
1111 35
1112 31
1113 35
1114 42
1115 34
1116 31
1117 34
1118 34
1119 36
1120 36
1121 34
1122 17
1123 28
1124 33
1125 31
1126 39
1127 35
1128 29
1129 26
1130 45
1131 26
1132 28
1133 25
1134 19
1135 34
1136 34
1137 29
1138 24
1139 28
1140 35
1141 24
1142 31
1143 23
1144 37
1145 24
1146 28
1147 27
1148 31
1149 29
1150 26
1151 25
1152 25
1153 28
1154 24
1155 23
1156 32
1157 21
1158 15
1159 25
1160 26
1161 29
1162 24
1163 28
1164 20
1165 31
1166 29
1167 21
1168 20
1169 23
1170 29
1171 19
1172 19
1173 23
1174 32
1175 25
1176 22
1177 29
1178 26
1179 27
1180 11
1181 18
1182 18
1183 21
1184 22
1185 19
1186 21
1187 15
1188 20
1189 26
1190 27
1191 13
1192 16
1193 27
1194 23
1195 20
1196 15
1197 16
1198 19
1199 25
1200 15
1201 19
1202 18
1203 21
1204 21
1205 15
1206 25
1207 22
1208 15
1209 14
1210 11
1211 13
1212 23
1213 27
1214 12
1215 10
1216 26
1217 14
1218 17
1219 20
1220 14
1221 15
1222 21
1223 14
1224 16
1225 22
1226 17
1227 16
1228 19
1229 18
1230 14
1231 14
1232 14
1233 12
1234 14
1235 16
1236 13
1237 17
1238 12
1239 14
1240 13
1241 10
1242 14
1243 13
1244 12
1245 11
1246 10
1247 12
1248 17
1249 12
1250 16
1251 11
1252 13
1253 21
1254 12
1255 6
1256 8
1257 15
1258 14
1259 14
1260 14
1261 9
1262 16
1263 5
1264 7
1265 10
1266 11
1267 19
1268 7
1269 15
1270 13
1271 12
1272 7
1273 11
1274 5
1275 8
1276 9
1277 11
1278 4
1279 13
1280 11
1281 6
1282 8
1283 6
1284 5
1285 3
1286 9
1287 13
1288 9
1289 13
1290 10
1291 10
1292 10
1293 10
1294 9
1295 8
1296 5
1297 11
1298 13
1299 11
1300 5
1301 11
1302 8
1303 7
1304 8
1305 12
1306 10
1307 8
1308 12
1309 6
1310 14
1311 4
1312 5
1313 7
1314 3
1315 8
1316 9
1317 5
1318 6
1319 7
1320 9
1321 10
1322 6
1323 7
1324 10
1325 5
1326 8
1327 8
1328 9
1329 8
1330 9
1331 12
1332 11
1333 7
1334 6
1335 6
1336 6
1337 9
1338 3
1339 3
1340 4
1341 3
1342 9
1343 7
1344 5
1345 6
1346 9
1347 9
1348 9
1349 4
1350 6
1351 7
1352 7
1353 6
1354 6
1355 7
1356 8
1357 6
1358 4
1359 8
1360 6
1361 8
1362 6
1363 4
1364 4
1365 3
1366 4
1367 6
1368 8
1369 9
1370 10
1371 3
1372 5
1373 2
1374 10
1375 4
1376 2
1377 5
1378 4
1379 4
1380 4
1381 4
1382 9
1383 9
1384 0
1385 6
1386 2
1387 5
1388 6
1389 1
1390 7
1391 1
1392 9
1393 9
1394 3
1395 1
1396 4
1397 2
1398 2
1399 5
1400 5
1401 4
1402 3
1403 4
1404 5
1405 2
1406 7
1407 3
1408 4
1409 7
1410 7
1411 3
1412 3
1413 0
1414 1
1415 5
1416 2
1417 3
1418 2
1419 4
1420 3
1421 10
1422 4
1423 3
1424 6
1425 5
1426 3
1427 1
1428 6
1429 2
1430 5
1431 3
1432 2
1433 3
1434 1
1435 4
1436 3
1437 3
1438 2
1439 5
1440 8
1441 1
1442 6
1443 3
1444 3
1445 3
1446 4
1447 2
1448 0
1449 7
1450 4
1451 6
1452 3
1453 1
1454 2
1455 5
1456 1
1457 1
1458 0
1459 1
1460 2
1461 1
1462 1
1463 2
1464 3
1465 1
1466 4
1467 2
1468 0
1469 2
1470 6
1471 1
1472 2
1473 1
1474 5
1475 2
1476 0
1477 0
1478 4
1479 2
1480 1
1481 3
1482 3
1483 5
1484 2
1485 2
1486 3
1487 2
1488 0
1489 1
1490 6
1491 3
1492 3
1493 3
1494 6
1495 4
1496 0
1497 3
1498 0
1499 3
1500 2
1501 2
1502 2
1503 3
1504 2
1505 0
1506 6
1507 1
1508 2
1509 2
1510 0
1511 1
1512 1
1513 1
1514 2
1515 1
1516 1
1517 2
1518 2
1519 6
1520 3
1521 2
1522 1
1523 1
1524 2
1525 3
1526 1
1527 2
1528 0
1529 1
1530 2
1531 1
1532 0
1533 1
1534 4
1535 3
1536 2
1537 3
1538 1
1539 2
1540 2
1541 2
1542 1
1543 3
1544 1
1545 4
1546 0
1547 0
1548 0
1549 2
1550 1
1551 1
1552 2
1553 1
1554 2
1555 0
1556 2
1557 2
1558 0
1559 0
1560 0
1561 0
1562 1
1563 1
1564 0
1565 3
1566 0
1567 3
1568 2
1569 0
1570 0
1571 1
1572 1
1573 1
1574 3
1575 1
1576 0
1577 1
1578 1
1579 0
1580 2
1581 1
1582 2
1583 0
1584 1
1585 1
1586 1
1587 1
1588 1
1589 0
1590 1
1591 0
1592 0
1593 0
1594 1
1595 0
1596 4
1597 1
1598 0
1599 0
1600 0
1601 0
1602 0
1603 2
1604 1
1605 0
1606 1
1607 2
1608 0
1609 1
1610 2
1611 1
1612 2
1613 1
1614 2
1615 2
1616 1
1617 0
1618 0
1619 1
1620 1
1621 2
1622 1
1623 1
1624 0
1625 0
1626 1
1627 0
1628 1
1629 1
1630 0
1631 1
1632 0
1633 1
1634 0
1635 1
1636 0
1637 2
1638 0
1639 1
1640 1
1641 2
1642 0
1643 1
1644 1
1645 0
1646 1
1647 0
1648 1
1649 0
1650 0
1651 0
1652 2
1653 1
1654 0
1655 0
1656 0
1657 1
1658 0
1659 0
1660 1
1661 1
1662 0
1663 0
1664 0
1665 0
1666 0
1667 1
1668 0
1669 0
1670 0
1671 0
1672 0
1673 1
1674 0
1675 0
1676 0
1677 1
1678 0
1679 0
1680 0
1681 0
1682 0
1683 0
1684 0
1685 0
1686 0
1687 1
1688 1
1689 1
1690 0
1691 0
1692 0
1693 0
1694 0
1695 3
1696 0
1697 0
1698 0
1699 0
1700 1
1701 1
1702 1
1703 0
1704 0
1705 0
1706 0
1707 0
1708 0
1709 4
1710 0
1711 1
1712 0
1713 0
1714 1
1715 1
1716 0
1717 1
1718 1
1719 0
1720 0
1721 0
1722 0
1723 0
1724 1
1725 0
1726 2
1727 0
1728 2
1729 0
1730 0
1731 2
1732 0
1733 0
1734 0
1735 0
1736 0
1737 1
1738 1
1739 0
1740 0
1741 1
1742 0
1743 0
1744 0
1745 0
1746 0
1747 0
1748 1
1749 0
1750 0
1751 1
1752 0
1753 0
1754 1
1755 0
1756 0
1757 0
1758 1
1759 0
1760 0
1761 0
1762 1
1763 0
1764 0
1765 0
1766 0
1767 0
1768 0
1769 0
1770 0
1771 1
1772 0
1773 0
1774 0
1775 2
1776 0
1777 0
1778 1
1779 1
1780 0
1781 0
1782 0
1783 0
1784 0
1785 0
1786 1
1787 0
1788 0
1789 0
1790 0
1791 1
1792 0
1793 0
1794 0
1795 0
1796 0
1797 0
1798 0
1799 0
1800 0
1801 0
1802 0
1803 1
1804 0
1805 0
1806 0
1807 0
1808 0
1809 0
1810 0
1811 0
1812 1
1813 0
1814 1
1815 0
1816 0
1817 0
1818 0
1819 0
1820 0
1821 0
1822 0
1823 0
1824 0
1825 0
1826 0
1827 0
1828 0
1829 0
1830 0
1831 0
1832 0
1833 0
1834 0
1835 0
1836 0
1837 0
1838 0
1839 0
1840 0
1841 0
1842 0
1843 0
1844 0
1845 0
1846 0
1847 0
1848 1
1849 0
1850 0
1851 0
1852 0
1853 0
1854 1
1855 0
1856 0
1857 0
1858 0
1859 0
1860 0
1861 0
1862 0
1863 0
1864 0
1865 0
1866 1
1867 0
1868 0
1869 0
1870 0
1871 0
1872 0
1873 0
1874 1
1875 1
1876 0
1877 1
1878 0
1879 0
1880 0
1881 1
1882 0
1883 0
1884 0
1885 1
1886 0
1887 0
1888 0
1889 0
1890 0
1891 0
1892 1
1893 0
1894 0
1895 1
1896 0
1897 0
1898 0
1899 0
1900 0
1901 1
1902 0
1903 0
1904 0
1905 0
1906 0
1907 0
1908 0
1909 1
1910 0
1911 0
1912 0
1913 0
1914 0
1915 0
1916 0
1917 0
1918 0
1919 0
1920 0
1921 1
1922 1
1923 0
1924 0
1925 0
1926 0
1927 0
1928 0
1929 0
1930 0
1931 0
1932 1
1933 0
1934 0
1935 0
1936 0
1937 0
1938 1
1939 0
1940 0
1941 0
1942 0
1943 0
1944 0
1945 0
1946 0
1947 1
1948 0
1949 0
1950 0
1951 0
1952 0
1953 0
1954 0
1955 0
1956 0
1957 0
1958 1
1959 0
1960 0
1961 0
1962 0
1963 0
1964 0
1965 0
1966 0
1967 0
1968 0
1969 0
1970 0
1971 0
1972 0
1973 0
1974 0
1975 0
1976 0
1977 0
1978 0
1979 0
1980 0
1981 0
1982 0
1983 0
1984 0
1985 1
1986 0
1987 0
1988 0
1989 0
1990 0
1991 0
1992 0
1993 0
1994 0
1995 0
1996 0
1997 0
1998 0
1999 1
2000 0
2001 0
2002 0
2003 0
2004 0
2005 0
2006 0
2007 0
2008 0
2009 0
2010 0
2011 0
2012 0
2013 0
2014 0
2015 0
2016 1
2017 0
2018 0
2019 0
2020 0
2021 1
2022 0
2023 0
2024 0
2025 0
2026 0
2027 0
2028 0
2029 0
2030 0
2031 0
2032 0
2033 0
2034 0
2035 0
2036 0
2037 0
2038 1
2039 0
2040 0
2041 0
2042 0
2043 0
2044 0
2045 0
2046 0
2047 0
2048 0
2049 0
2050 0
2051 0
2052 0
2053 0
2054 0
2055 0
2056 0
2057 0
2058 0
2059 0
2060 0
2061 0
2062 0
2063 0
2064 0
2065 0
2066 1
2067 0
2068 0
2069 0
2070 0
2071 0
2072 0
2073 0
2074 0
2075 0
2076 0
2077 0
2078 0
2079 0
2080 0
2081 0
2082 0
2083 0
2084 0
2085 0
2086 0
2087 0
2088 0
2089 0
2090 0
2091 0
2092 0
2093 0
2094 0
2095 0
2096 0
2097 0
2098 0
2099 0
2100 0
2101 0
2102 0
2103 1
2104 0
2105 0
2106 0
2107 0
2108 0
2109 0
2110 0
2111 1
2112 0
2113 0
2114 0
2115 0
2116 0
2117 0
2118 0
2119 0
2120 0
2121 0
2122 0
2123 0
2124 0
2125 0
2126 0
2127 0
2128 0
2129 0
2130 0
2131 0
2132 0
2133 0
2134 0
2135 0
2136 0
2137 0
2138 0
2139 0
2140 0
2141 0
2142 0
2143 0
2144 0
2145 0
2146 0
2147 0
2148 0
2149 0
2150 0
2151 0
2152 0
2153 0
2154 0
2155 0
2156 0
2157 0
2158 0
2159 0
2160 0
2161 0
2162 0
2163 0
2164 0
2165 0
2166 0
2167 0
2168 0
2169 0
2170 0
2171 1
2172 0
2173 1
2174 0
2175 0
2176 0
2177 0
2178 0
2179 0
2180 0
2181 0
2182 0
2183 0
2184 0
2185 0
2186 0
2187 0
2188 0
2189 0
2190 0
2191 0
2192 0
2193 0
2194 0
2195 0
2196 0
2197 0
2198 0
2199 0
2200 0
2201 0
2202 0
2203 0
2204 0
2205 0
2206 0
2207 0
2208 0
2209 0
2210 0
2211 0
2212 0
2213 0
2214 0
2215 0
2216 0
2217 0
2218 0
2219 0
2220 0
2221 0
2222 0
2223 0
2224 0
2225 0
2226 0
2227 0
2228 0
2229 0
2230 0
2231 0
2232 0
2233 0
2234 0
2235 0
2236 0
2237 0
2238 0
2239 0
2240 0
2241 0
2242 0
2243 0
2244 0
2245 0
2246 0
2247 0
2248 0
2249 0
2250 0
2251 0
2252 0
2253 0
2254 0
2255 0
2256 0
2257 0
2258 0
2259 0
2260 0
2261 0
2262 0
2263 0
2264 0
2265 0
2266 0
2267 0
2268 0
2269 0
2270 0
2271 0
2272 0
2273 0
2274 0
2275 0
2276 0
2277 0
2278 0
2279 0
2280 0
2281 0
2282 0
2283 0
2284 0
2285 0
2286 0
2287 0
2288 0
2289 0
2290 0
2291 0
2292 0
2293 0
2294 0
2295 0
2296 0
2297 0
2298 0
2299 0
2300 0
2301 0
2302 0
2303 0
2304 0
2305 0
2306 0
2307 0
2308 0
2309 0
2310 0
2311 0
2312 0
2313 0
2314 0
2315 0
2316 0
2317 0
2318 0
2319 0
2320 0
2321 0
2322 0
2323 0
2324 1
2325 0
2326 0
2327 0
2328 0
2329 0
2330 0
2331 0
2332 0
2333 0
2334 0
2335 0
2336 0
2337 0
2338 0
2339 0
2340 0
2341 0
2342 0
2343 0
2344 0
2345 0
2346 0
2347 0
2348 0
2349 0
2350 0
2351 1
2352 0
2353 0
2354 0
2355 0
2356 0
2357 0
2358 0
2359 0
2360 0
2361 0
2362 0
2363 0
2364 0
2365 1
2366 0
2367 0
2368 0
2369 0
2370 0
2371 1
2372 0
2373 0
2374 0
2375 0
2376 0
2377 0
2378 0
2379 0
2380 0
2381 0
2382 0
2383 0
2384 0
2385 0
2386 0
2387 0
2388 0
2389 0
2390 0
2391 0
2392 0
2393 0
2394 0
2395 0
2396 0
2397 0
2398 0
2399 0
2400 0
2401 0
2402 0
2403 0
2404 0
2405 0
2406 0
2407 0
2408 0
2409 0
2410 0
2411 1
2412 0
2413 0
2414 0
2415 0
2416 0
2417 0
2418 0
2419 0
2420 0
2421 0
2422 0
2423 0
2424 0
2425 0
2426 0
2427 0
2428 0
2429 0
2430 0
2431 0
2432 0
2433 0
2434 0
2435 0
2436 0
2437 0
2438 0
2439 0
2440 0
2441 0
2442 0
2443 0
2444 0
2445 0
2446 0
2447 0
2448 0
2449 0
2450 0
2451 0
2452 0
2453 0
2454 0
2455 0
2456 0
2457 0
2458 0
2459 0
2460 0
2461 0
2462 0
2463 0
2464 0
2465 0
2466 0
2467 0
2468 0
2469 0
2470 0
2471 0
2472 0
2473 0
2474 0
2475 0
2476 0
2477 0
2478 0
2479 0
2480 0
2481 0
2482 0
2483 0
2484 0
2485 0
2486 0
2487 0
2488 0
2489 0
2490 0
2491 0
2492 0
2493 0
2494 0
2495 0
2496 0
2497 0
2498 0
2499 0
2500 0
2501 0
2502 0
2503 0
2504 0
2505 0
2506 1
2507 0
2508 1
2509 0
2510 0
2511 0
2512 1
2513 0
2514 0
2515 0
2516 0
2517 0
2518 0
2519 0
2520 0
2521 0
2522 0
2523 0
2524 0
2525 0
2526 0
2527 0
2528 0
2529 0
2530 0
2531 0
2532 0
2533 0
2534 0
2535 0
2536 0
2537 0
2538 0
2539 0
2540 0
2541 0
2542 0
2543 0
2544 0
2545 0
2546 0
2547 0
2548 0
2549 0
2550 0
2551 0
2552 0
2553 0
2554 0
2555 1
2556 0
2557 0
2558 0
2559 0
2560 0
2561 0
2562 0
2563 0
2564 0
2565 0
2566 0
2567 0
2568 0
2569 0
2570 0
2571 0
2572 0
2573 0
2574 0
2575 0
2576 0
2577 0
2578 0
2579 0
2580 0
2581 0
2582 0
2583 0
2584 0
2585 0
2586 0
2587 0
2588 0
2589 0
2590 0
2591 0
2592 0
2593 0
2594 0
2595 0
2596 0
2597 0
2598 0
2599 0
2600 0
2601 0
2602 0
2603 0
2604 1
2605 0
2606 0
2607 0
2608 0
2609 0
2610 0
2611 0
2612 0
2613 0
2614 0
2615 1
2616 0
2617 0
2618 0
2619 0
2620 0
2621 0
2622 0
2623 0
2624 1
2625 0
2626 0
2627 0
2628 0
2629 0
2630 0
2631 0
2632 0
2633 0
2634 0
2635 0
2636 0
2637 0
2638 0
2639 0
2640 0
2641 0
2642 0
2643 0
2644 0
2645 0
2646 0
2647 0
2648 0
2649 0
2650 0
2651 0
2652 0
2653 0
2654 0
2655 0
2656 0
2657 0
2658 0
2659 0
2660 0
2661 0
2662 0
2663 0
2664 0
2665 0
2666 0
2667 0
2668 0
2669 1
2670 0
2671 0
2672 0
2673 0
2674 0
2675 0
2676 0
2677 0
2678 0
2679 0
2680 0
2681 0
2682 0
2683 0
2684 0
2685 0
2686 0
2687 0
2688 0
2689 0
2690 0
2691 0
2692 0
2693 0
2694 0
2695 0
2696 0
2697 0
2698 0
2699 0
2700 0
2701 0
2702 0
2703 0
2704 0
2705 0
2706 0
2707 0
2708 0
2709 0
2710 0
2711 0
2712 0
2713 0
2714 0
2715 0
2716 0
2717 0
2718 0
2719 0
2720 0
2721 0
2722 0
2723 0
2724 0
2725 0
2726 0
2727 0
2728 0
2729 0
2730 0
2731 0
2732 0
2733 0
2734 0
2735 0
2736 0
2737 0
2738 0
2739 0
2740 0
2741 0
2742 0
2743 0
2744 0
2745 0
2746 1
2747 0
2748 0
2749 0
2750 0
2751 0
2752 0
2753 0
2754 0
2755 0
2756 1
2757 0
2758 0
2759 0
2760 0
2761 0
2762 0
2763 0
2764 0
2765 0
2766 0
2767 0
2768 0
2769 0
2770 0
2771 0
2772 0
2773 0
2774 0
2775 0
2776 0
2777 0
2778 0
2779 0
2780 1
2781 0
2782 0
2783 0
2784 0
2785 0
2786 1
2787 0
2788 0
2789 0
2790 0
2791 0
2792 0
2793 0
2794 0
2795 0
2796 0
2797 0
2798 0
2799 0
2800 0
2801 0
2802 0
2803 0
2804 0
2805 0
2806 0
2807 0
2808 0
2809 0
2810 0
2811 0
2812 0
2813 0
2814 0
2815 0
2816 0
2817 0
2818 0
2819 0
2820 0
2821 0
2822 0
2823 0
2824 0
2825 0
2826 0
2827 0
2828 0
2829 0
2830 0
2831 1
2832 0
2833 0
2834 0
2835 0
2836 0
2837 0
2838 0
2839 0
2840 0
2841 0
2842 1
2843 0
2844 0
2845 0
2846 0
2847 0
2848 0
2849 0
2850 0
2851 0
2852 0
2853 0
2854 0
2855 0
2856 0
2857 0
2858 0
2859 0
2860 0
2861 0
2862 0
2863 0
2864 0
2865 0
2866 0
2867 0
2868 0
2869 0
2870 0
2871 0
2872 0
2873 0
2874 0
2875 0
2876 0
2877 0
2878 0
2879 0
2880 0
2881 0
2882 0
2883 0
2884 0
2885 0
2886 0
2887 0
2888 0
2889 0
2890 0
2891 0
2892 0
2893 0
2894 0
2895 0
2896 0
2897 1
2898 0
2899 0
2900 0
2901 0
2902 0
2903 0
2904 0
2905 0
2906 0
2907 0
2908 0
2909 0
2910 0
2911 0
2912 0
2913 0
2914 0
2915 0
2916 0
2917 1
2918 0
2919 0
2920 0
2921 0
2922 0
2923 0
2924 0
2925 0
2926 0
2927 0
2928 0
2929 0
2930 0
2931 0
2932 0
2933 0
2934 0
2935 0
2936 0
2937 0
2938 0
2939 0
2940 0
2941 0
2942 0
2943 0
2944 0
2945 0
2946 0
2947 0
2948 0
2949 0
2950 0
2951 0
2952 0
2953 0
2954 0
2955 0
2956 0
2957 0
2958 0
2959 0
2960 0
2961 0
2962 0
2963 0
2964 0
2965 0
2966 0
2967 0
2968 0
2969 0
2970 0
2971 1
2972 0
2973 0
2974 0
2975 0
2976 0
2977 0
2978 0
2979 0
2980 0
2981 0
2982 0
2983 0
2984 0
2985 0
2986 0
2987 0
2988 0
2989 0
2990 0
2991 0
2992 0
2993 0
2994 0
2995 0
2996 0
2997 0
2998 0
2999 0
3000 0
3001 0
3002 0
3003 0
3004 0
3005 0
3006 0
3007 0
3008 0
3009 0
3010 0
3011 1
3012 0
3013 0
3014 0
3015 0
3016 0
3017 0
3018 0
3019 0
3020 0
3021 0
3022 0
3023 0
3024 0
3025 0
3026 0
3027 0
3028 0
3029 0
3030 0
3031 0
3032 0
3033 0
3034 0
3035 0
3036 0
3037 0
3038 0
3039 1
3040 0
3041 0
3042 0
3043 0
3044 0
3045 0
3046 0
3047 0
3048 0
3049 0
3050 0
3051 0
3052 0
3053 0
3054 0
3055 0
3056 0
3057 0
3058 0
3059 0
3060 0
3061 0
3062 0
3063 0
3064 0
3065 0
3066 0
3067 0
3068 0
3069 0
3070 0
3071 0
3072 0
3073 0
3074 0
3075 0
3076 0
3077 0
3078 0
3079 0
3080 0
3081 0
3082 0
3083 0
3084 0
3085 0
3086 0
3087 0
3088 0
3089 0
3090 0
3091 0
3092 0
3093 0
3094 0
3095 0
3096 0
3097 0
3098 0
3099 0
3100 0
3101 0
3102 0
3103 0
3104 0
3105 0
3106 0
3107 0
3108 0
3109 0
3110 0
3111 0
3112 0
3113 0
3114 0
3115 0
3116 0
3117 0
3118 0
3119 0
3120 0
3121 0
3122 0
3123 0
3124 0
3125 0
3126 0
3127 0
3128 0
3129 0
3130 0
3131 0
3132 0
3133 0
3134 0
3135 0
3136 0
3137 0
3138 0
3139 0
3140 0
3141 0
3142 0
3143 0
3144 0
3145 0
3146 0
3147 0
3148 0
3149 0
3150 0
3151 0
3152 0
3153 0
3154 0
3155 0
3156 0
3157 0
3158 0
3159 1
3160 0
3161 0
3162 0
3163 0
3164 0
3165 0
3166 0
3167 0
3168 0
3169 0
3170 0
3171 0
3172 0
3173 0
3174 0
3175 0
3176 0
3177 0
3178 0
3179 0
3180 0
3181 0
3182 0
3183 0
3184 0
3185 0
3186 0
3187 0
3188 0
3189 0
3190 0
3191 0
3192 0
3193 0
3194 0
3195 0
3196 0
3197 0
3198 0
3199 0
3200 0
3201 0
3202 0
3203 0
3204 0
3205 0
3206 0
3207 0
3208 0
3209 0
3210 0
3211 0
3212 0
3213 1
3214 0
3215 0
3216 0
3217 0
3218 0
3219 0
3220 0
3221 0
3222 0
3223 0
3224 0
3225 0
3226 0
3227 0
3228 0
3229 0
3230 0
3231 0
3232 0
3233 0
3234 0
3235 0
3236 0
3237 0
3238 0
3239 0
3240 0
3241 0
3242 0
3243 0
3244 0
3245 0
3246 0
3247 0
3248 0
3249 0
3250 0
3251 0
3252 0
3253 0
3254 0
3255 0
3256 0
3257 0
3258 0
3259 0
3260 0
3261 0
3262 0
3263 0
3264 0
3265 0
3266 0
3267 0
3268 0
3269 0
3270 0
3271 0
3272 0
3273 0
3274 0
3275 0
3276 0
3277 0
3278 0
3279 0
3280 0
3281 0
3282 0
3283 0
3284 0
3285 0
3286 0
3287 0
3288 0
3289 0
3290 0
3291 0
3292 1
3293 0
3294 0
3295 0
3296 0
3297 0
3298 0
3299 0
3300 0
3301 0
3302 0
3303 0
3304 0
3305 0
3306 0
3307 0
3308 0
3309 0
3310 0
3311 0
3312 0
3313 0
3314 0
3315 0
3316 0
3317 0
3318 0
3319 0
3320 0
3321 0
3322 0
3323 0
3324 0
3325 0
3326 0
3327 0
3328 0
3329 0
3330 0
3331 0
3332 0
3333 0
3334 1
3335 0
3336 0
3337 0
3338 0
3339 0
3340 0
3341 0
3342 0
3343 0
3344 0
3345 0
3346 0
3347 0
3348 0
3349 0
3350 0
3351 0
3352 0
3353 0
3354 0
3355 0
3356 0
3357 1
3358 0
3359 0
3360 0
3361 0
3362 0
3363 0
3364 0
3365 0
3366 0
3367 0
3368 0
3369 0
3370 0
3371 0
3372 0
3373 0
3374 0
3375 0
3376 1
3377 0
3378 0
3379 0
3380 0
3381 0
3382 0
3383 0
3384 0
3385 0
3386 0
3387 0
3388 0
3389 0
3390 0
3391 0
3392 0
3393 0
3394 0
3395 0
3396 0
3397 0
3398 0
3399 0
3400 0
3401 0
3402 0
3403 0
3404 0
3405 0
3406 0
3407 0
3408 0
3409 0
3410 0
3411 0
3412 0
3413 0
3414 0
3415 0
3416 0
3417 0
3418 0
3419 0
3420 0
3421 0
3422 0
3423 0
3424 0
3425 0
3426 0
3427 0
3428 0
3429 0
3430 0
3431 0
3432 0
3433 0
3434 0
3435 0
3436 0
3437 0
3438 0
3439 0
3440 0
3441 0
3442 0
3443 0
3444 0
3445 0
3446 1
3447 0
3448 1
3449 0
3450 0
3451 0
3452 0
3453 0
3454 0
3455 0
3456 0
3457 0
3458 1
3459 0
3460 0
3461 0
3462 0
3463 0
3464 0
3465 0
3466 0
3467 0
3468 0
3469 0
3470 0
3471 0
3472 0
3473 0
3474 0
3475 0
3476 0
3477 0
3478 0
3479 0
3480 0
3481 0
3482 0
3483 0
3484 0
3485 0
3486 0
3487 0
3488 0
3489 0
3490 0
3491 0
3492 0
3493 0
3494 0
3495 0
3496 0
3497 0
3498 0
3499 0
3500 0
3501 0
3502 0
3503 0
3504 0
3505 0
3506 1
3507 0
3508 0
3509 0
3510 1
3511 0
3512 0
3513 0
3514 0
3515 0
3516 0
3517 0
3518 0
3519 0
3520 0
3521 0
3522 0
3523 0
3524 0
3525 0
3526 0
3527 0
3528 0
3529 0
3530 0
3531 0
3532 0
3533 0
3534 0
3535 0
3536 1
3537 0
3538 0
3539 0
3540 0
3541 0
3542 0
3543 0
3544 0
3545 0
3546 0
3547 0
3548 0
3549 0
3550 0
3551 0
3552 0
3553 0
3554 0
3555 0
3556 0
3557 0
3558 0
3559 0
3560 0
3561 0
3562 0
3563 0
3564 0
3565 0
3566 0
3567 0
3568 0
3569 0
3570 0
3571 0
3572 0
3573 0
3574 0
3575 0
3576 0
3577 0
3578 0
3579 0
3580 0
3581 0
3582 0
3583 0
3584 0
3585 0
3586 0
3587 0
3588 0
3589 0
3590 0
3591 0
3592 0
3593 0
3594 0
3595 0
3596 0
3597 0
3598 0
3599 0
3600 0
3601 0
3602 0
3603 0
3604 0
3605 0
3606 0
3607 0
3608 0
3609 0
3610 0
3611 0
3612 0
3613 0
3614 0
3615 0
3616 0
3617 0
3618 0
3619 0
3620 0
3621 0
3622 0
3623 0
3624 0
3625 0
3626 0
3627 0
3628 2
3629 0
3630 0
3631 0
3632 0
3633 0
3634 0
3635 0
3636 0
3637 0
3638 0
3639 0
3640 0
3641 0
3642 0
3643 0
3644 0
3645 0
3646 0
3647 0
3648 0
3649 0
3650 0
3651 0
3652 0
3653 0
3654 0
3655 0
3656 0
3657 0
3658 0
3659 0
3660 0
3661 0
3662 0
3663 0
3664 0
3665 0
3666 0
3667 0
3668 0
3669 0
3670 0
3671 0
3672 0
3673 0
3674 0
3675 0
3676 0
3677 0
3678 0
3679 0
3680 0
3681 1
3682 0
3683 0
3684 0
3685 0
3686 0
3687 0
3688 0
3689 0
3690 0
3691 0
3692 0
3693 0
3694 0
3695 0
3696 0
3697 0
3698 0
3699 0
3700 0
3701 0
3702 0
3703 0
3704 0
3705 0
3706 0
3707 0
3708 0
3709 0
3710 0
3711 0
3712 0
3713 0
3714 0
3715 0
3716 0
3717 0
3718 0
3719 0
3720 0
3721 0
3722 0
3723 0
3724 0
3725 0
3726 0
3727 0
3728 0
3729 0
3730 0
3731 0
3732 0
3733 0
3734 0
3735 0
3736 0
3737 0
3738 0
3739 0
3740 0
3741 0
3742 0
3743 0
3744 0
3745 0
3746 0
3747 0
3748 0
3749 0
3750 0
3751 0
3752 0
3753 0
3754 0
3755 0
3756 0
3757 0
3758 0
3759 0
3760 0
3761 0
3762 0
3763 0
3764 0
3765 0
3766 0
3767 0
3768 0
3769 0
3770 0
3771 0
3772 0
3773 0
3774 0
3775 0
3776 0
3777 0
3778 0
3779 0
3780 0
3781 0
3782 0
3783 0
3784 0
3785 0
3786 0
3787 0
3788 0
3789 0
3790 0
3791 0
3792 0
3793 0
3794 0
3795 0
3796 0
3797 0
3798 0
3799 0
3800 0
3801 0
3802 0
3803 0
3804 0
3805 0
3806 0
3807 0
3808 0
3809 0
3810 0
3811 0
3812 0
3813 0
3814 0
3815 0
3816 0
3817 0
3818 0
3819 0
3820 0
3821 0
3822 0
3823 0
3824 0
3825 0
3826 0
3827 0
3828 0
3829 0
3830 0
3831 0
3832 0
3833 0
3834 1
3835 0
3836 0
3837 0
3838 0
3839 0
3840 0
3841 0
3842 0
3843 0
3844 0
3845 0
3846 0
3847 0
3848 0
3849 0
3850 0
3851 0
3852 0
3853 0
3854 1
3855 0
3856 0
3857 0
3858 0
3859 0
3860 0
3861 0
3862 0
3863 0
3864 0
3865 0
3866 0
3867 0
3868 0
3869 0
3870 0
3871 0
3872 0
3873 0
3874 0
3875 0
3876 0
3877 0
3878 0
3879 0
3880 0
3881 0
3882 0
3883 0
3884 0
3885 0
3886 0
3887 0
3888 0
3889 0
3890 0
3891 0
3892 0
3893 0
3894 0
3895 0
3896 0
3897 0
3898 0
3899 0
3900 0
3901 0
3902 0
3903 0
3904 0
3905 0
3906 0
3907 0
3908 0
3909 0
3910 0
3911 0
3912 0
3913 0
3914 0
3915 0
3916 0
3917 0
3918 0
3919 0
3920 0
3921 0
3922 0
3923 0
3924 0
3925 0
3926 0
3927 0
3928 0
3929 0
3930 0
3931 0
3932 0
3933 0
3934 0
3935 0
3936 0
3937 0
3938 0
3939 0
3940 0
3941 0
3942 0
3943 0
3944 0
3945 0
3946 0
3947 0
3948 0
3949 0
3950 0
3951 0
3952 0
3953 0
3954 0
3955 0
3956 0
3957 0
3958 0
3959 0
3960 0
3961 0
3962 0
3963 0
3964 0
3965 0
3966 0
3967 0
3968 0
3969 0
3970 0
3971 0
3972 0
3973 0
3974 0
3975 0
3976 0
3977 0
3978 0
3979 0
3980 0
3981 0
3982 0
3983 0
3984 0
3985 0
3986 0
3987 0
3988 0
3989 0
3990 0
3991 0
3992 0
3993 0
3994 1
3995 0
3996 0
3997 0
3998 0
3999 0
4000 0
