0 0
1 0
2 0
3 0
4 0
5 0
6 0
7 0
8 0
9 0
10 0
11 0
12 0
13 0
14 0
15 0
16 0
17 0
18 0
19 0
20 0
21 0
22 0
23 0
24 0
25 0
26 0
27 0
28 0
29 0
30 0
31 0
32 0
33 0
34 0
35 0
36 0
37 0
38 0
39 0
40 0
41 0
42 0
43 0
44 0
45 0
46 0
47 0
48 0
49 0
50 0
51 0
52 0
53 0
54 0
55 0
56 0
57 0
58 0
59 0
60 0
61 0
62 0
63 0
64 0
65 0
66 0
67 0
68 0
69 0
70 0
71 0
72 0
73 0
74 0
75 0
76 0
77 0
78 0
79 0
80 0
81 0
82 0
83 0
84 0
85 1
86 13
87 17
88 18
89 16
90 20
91 15
92 17
93 19
94 21
95 25
96 29
97 25
98 13
99 20
100 28
101 10
102 14
103 14
104 10
105 17
106 2
107 10
108 11
109 10
110 36
111 158
112 787
113 2237
114 4877
115 7206
116 8863
117 9985
118 10217
119 10058
120 9487
121 8680
122 7752
123 6716
124 5837
125 5255
126 4491
127 3766
128 3282
129 2788
130 2424
131 2039
132 1796
133 1572
134 1418
135 1287
136 1206
137 1186
138 1183
139 1044
140 1030
141 984
142 1079
143 997
144 1043
145 1019
146 1002
147 1079
148 1075
149 1006
150 1035
151 1012
152 1051
153 981
154 989
155 993
156 1040
157 916
158 986
159 1022
160 998
161 1025
162 1053
163 1031
164 998
165 1026
166 1021
167 1009
168 987
169 1050
170 1035
171 1017
172 1028
173 1049
174 1071
175 1080
176 1002
177 1113
178 1119
179 1093
180 1048
181 1101
182 1121
183 1078
184 1063
185 1052
186 1156
187 1137
188 1091
189 1037
190 1117
191 1120
192 1098
193 1063
194 1104
195 1110
196 1061
197 1119
198 1105
199 1041
200 1098
201 1111
202 1065
203 1129
204 1168
205 1155
206 1105
207 1157
208 1113
209 1049
210 1111
211 1137
212 1094
213 1122
214 1156
215 1085
216 1100
217 1112
218 1120
219 1093
220 1162
221 1147
222 1086
223 1117
224 1076
225 1172
226 1150
227 1147
228 1150
229 1136
230 1117
231 1193
232 1086
233 1152
234 1204
235 1144
236 1112
237 1064
238 1182
239 1223
240 1165
241 1202
242 1205
243 1141
244 1108
245 1170
246 1155
247 1150
248 1140
249 1138
250 1233
251 1244
252 1156
253 1180
254 1119
255 1142
256 1190
257 1167
258 1187
259 1204
260 1172
261 1178
262 1206
263 1222
264 1200
265 1197
266 1146
267 1176
268 1239
269 1139
270 1230
271 1251
272 1159
273 1197
274 1202
275 1181
276 1229
277 1249
278 1181
279 1247
280 1240
281 1291
282 1241
283 1277
284 1215
285 1296
286 1213
287 1216
288 1245
289 1229
290 1249
291 1224
292 1247
293 1258
294 1307
295 1268
296 1314
297 1287
298 1340
299 1358
300 1298
301 1243
302 1245
303 1356
304 1416
305 1325
306 1350
307 1362
308 1360
309 1354
310 1379
311 1356
312 1318
313 1340
314 1355
315 1360
316 1404
317 1391
318 1343
319 1455
320 1364
321 1355
322 1404
323 1393
324 1351
325 1474
326 1394
327 1464
328 1528
329 1473
330 1424
331 1407
332 1415
333 1467
334 1462
335 1574
336 1475
337 1475
338 1511
339 1512
340 1528
341 1511
342 1527
343 1514
344 1589
345 1584
346 1672
347 1559
348 1549
349 1582
350 1637
351 1642
352 1588
353 1658
354 1580
355 1592
356 1651
357 1602
358 1631
359 1640
360 1648
361 1673
362 1722
363 1711
364 1723
365 1661
366 1743
367 1655
368 1757
369 1792
370 1705
371 1759
372 1817
373 1729
374 1739
375 1754
376 1787
377 1856
378 1724
379 1819
380 1768
381 1765
382 1767
383 1822
384 1788
385 1866
386 1826
387 1851
388 1899
389 1844
390 1937
391 1840
392 1845
393 1855
394 1882
395 1908
396 1857
397 1906
398 1896
399 1871
400 1932
401 1933
402 1923
403 1928
404 1997
405 1925
406 1930
407 1961
408 1963
409 1968
410 1946
411 1946
412 1936
413 2002
414 1988
415 1989
416 2015
417 2003
418 1931
419 1975
420 1972
421 1962
422 1998
423 1993
424 1922
425 2027
426 2125
427 2001
428 1986
429 2017
430 1920
431 2030
432 2115
433 2049
434 1982
435 1963
436 2019
437 1969
438 2081
439 2043
440 2071
441 1980
442 1953
443 2041
444 2082
445 2029
446 2015
447 1930
448 2009
449 2054
450 1978
451 2031
452 2053
453 1996
454 2000
455 2109
456 2027
457 2000
458 2012
459 2010
460 2011
461 1988
462 1968
463 2118
464 2040
465 2031
466 1963
467 1987
468 2036
469 1951
470 2036
471 1999
472 2066
473 2034
474 2022
475 1933
476 1978
477 1944
478 1967
479 1958
480 2066
481 2066
482 1981
483 1976
484 1954
485 1934
486 1952
487 1938
488 1903
489 1850
490 1935
491 1947
492 1865
493 1915
494 1894
495 1908
496 1967
497 1955
498 1816
499 1810
500 1957
501 1863
502 1891
503 1877
504 1922
505 1902
506 1800
507 1883
508 1852
509 1820
510 1743
511 1761
512 1715
513 1792
514 1824
515 1769
516 1763
517 1751
518 1770
519 1740
520 1687
521 1759
522 1719
523 1655
524 1676
525 1627
526 1723
527 1634
528 1638
529 1691
530 1649
531 1612
532 1638
533 1652
534 1598
535 1616
536 1551
537 1565
538 1562
539 1598
540 1562
541 1504
542 1537
543 1542
544 1552
545 1528
546 1558
547 1457
548 1479
549 1496
550 1436
551 1543
552 1431
553 1438
554 1431
555 1449
556 1447
557 1422
558 1444
559 1399
560 1415
561 1405
562 1363
563 1368
564 1343
565 1328
566 1314
567 1348
568 1304
569 1312
570 1234
571 1282
572 1275
573 1300
574 1271
575 1254
576 1230
577 1217
578 1224
579 1180
580 1215
581 1251
582 1249
583 1173
584 1171
585 1178
586 1112
587 1175
588 1105
589 1150
590 1123
591 1161
592 1102
593 1053
594 1084
595 1097
596 1130
597 1083
598 1018
599 1025
600 1043
601 1004
602 1048
603 1045
604 990
605 975
606 990
607 1004
608 999
609 1016
610 951
611 959
612 885
613 1013
614 889
615 947
616 896
617 902
618 906
619 919
620 884
621 844
622 826
623 828
624 831
625 789
626 822
627 824
628 881
629 789
630 826
631 811
632 773
633 785
634 748
635 766
636 835
637 713
638 722
639 738
640 718
641 722
642 691
643 744
644 721
645 705
646 733
647 725
648 660
649 697
650 673
651 679
652 663
653 637
654 610
655 659
656 663
657 648
658 622
659 630
660 590
661 635
662 586
663 599
664 580
665 592
666 560
667 543
668 578
669 550
670 587
671 539
672 563
673 556
674 569
675 537
676 552
677 480
678 539
679 528
680 534
681 547
682 511
683 504
684 498
685 522
686 497
687 538
688 465
689 510
690 458
691 435
692 486
693 481
694 481
695 449
696 487
697 458
698 454
699 433
700 464
701 419
702 437
703 420
704 431
705 417
706 440
707 415
708 404
709 405
710 386
711 377
712 406
713 381
714 372
715 412
716 407
717 423
718 349
719 384
720 378
721 400
722 386
723 344
724 358
725 347
726 355
727 359
728 378
729 327
730 334
731 365
732 341
733 345
734 345
735 326
736 321
737 351
738 322
739 297
740 352
741 310
742 316
743 352
744 325
745 308
746 337
747 300
748 347
749 314
750 321
751 279
752 302
753 305
754 299
755 291
756 292
757 268
758 321
759 251
760 278
761 280
762 298
763 274
764 276
765 287
766 279
767 262
768 275
769 284
770 267
771 295
772 302
773 270
774 259
775 265
776 248
777 252
778 281
779 236
780 255
781 237
782 260
783 256
784 270
785 287
786 273
787 244
788 239
789 251
790 245
791 256
792 248
793 259
794 239
795 249
796 274
797 248
798 225
799 245
800 253
801 213
802 241
803 231
804 260
805 247
806 238
807 248
808 245
809 258
810 235
811 242
812 259
813 253
814 227
815 233
816 234
817 234
818 211
819 213
820 238
821 228
822 221
823 220
824 236
825 244
826 215
827 246
828 235
829 209
830 270
831 207
832 227
833 243
834 217
835 265
836 217
837 250
838 235
839 218
840 209
841 206
842 205
843 207
844 231
845 218
846 214
847 240
848 251
849 232
850 228
851 220
852 218
853 212
854 226
855 220
856 229
857 227
858 215
859 205
860 217
861 223
862 221
863 215
864 235
865 214
866 239
867 219
868 219
869 238
870 240
871 189
872 212
873 202
874 207
875 217
876 210
877 222
878 205
879 228
880 213
881 220
882 217
883 209
884 217
885 221
886 236
887 216
888 185
889 201
890 203
891 214
892 207
893 208
894 216
895 196
896 239
897 224
898 211
899 206
900 213
901 196
902 200
903 216
904 224
905 173
906 219
907 193
908 225
909 208
910 188
911 207
912 226
913 197
914 189
915 216
916 239
917 206
918 224
919 205
920 213
921 234
922 235
923 207
924 211
925 211
926 216
927 179
928 205
929 220
930 226
931 207
932 216
933 198
934 211
935 229
936 226
937 200
938 203
939 211
940 213
941 190
942 210
943 218
944 224
945 199
946 208
947 213
948 190
949 222
950 234
951 210
952 207
953 224
954 224
955 209
956 199
957 215
958 199
959 201
960 214
961 219
962 215
963 214
964 239
965 195
966 234
967 230
968 216
969 194
970 197
971 213
972 224
973 198
974 230
975 204
976 202
977 203
978 224
979 213
980 177
981 211
982 226
983 196
984 204
985 223
986 200
987 180
988 227
989 258
990 220
991 209
992 198
993 223
994 204
995 215
996 202
997 225
998 214
999 219
1000 208
1001 210
1002 209
1003 215
1004 186
1005 196
1006 202
1007 208
1008 209
1009 204
1010 194
1011 188
1012 210
1013 204
1014 201
1015 215
1016 203
1017 202
1018 208
1019 209
1020 202
1021 181
1022 221
1023 206
1024 202
1025 211
1026 214
1027 193
1028 227
1029 219
1030 190
1031 185
1032 210
1033 209
1034 184
1035 184
1036 212
1037 216
1038 176
1039 204
1040 212
1041 187
1042 192
1043 218
1044 163
1045 199
1046 193
1047 197
1048 189
1049 213
1050 189
1051 210
1052 218
1053 193
1054 222
1055 218
1056 194
1057 204
1058 192
1059 216
1060 205
1061 180
1062 208
1063 208
1064 201
1065 223
1066 213
1067 207
1068 214
1069 211
1070 209
1071 194
1072 185
1073 208
1074 216
1075 198
1076 177
1077 212
1078 187
1079 194
1080 227
1081 217
1082 208
1083 221
1084 228
1085 193
1086 219
1087 230
1088 199
1089 209
1090 211
1091 205
1092 174
1093 181
1094 212
1095 189
1096 216
1097 213
1098 230
1099 178
1100 188
1101 204
1102 248
1103 187
1104 222
1105 198
1106 209
1107 206
1108 168
1109 206
1110 225
1111 176
1112 175
1113 189
1114 201
1115 191
1116 206
1117 221
1118 212
1119 203
1120 195
1121 191
1122 200
1123 194
1124 211
1125 228
1126 173
1127 187
1128 180
1129 185
1130 209
1131 170
1132 208
1133 178
1134 203
1135 207
1136 209
1137 196
1138 204
1139 203
1140 206
1141 203
1142 194
1143 196
1144 174
1145 193
1146 204
1147 194
1148 186
1149 200
1150 224
1151 178
1152 209
1153 208
1154 208
1155 202
1156 196
1157 172
1158 201
1159 190
1160 193
1161 187
1162 197
1163 197
1164 227
1165 165
1166 159
1167 190
1168 209
1169 149
1170 162
1171 170
1172 210
1173 177
1174 216
1175 156
1176 168
1177 197
1178 208
1179 188
1180 171
1181 204
1182 195
1183 186
1184 196
1185 179
1186 185
1187 168
1188 172
1189 166
1190 180
1191 188
1192 199
1193 186
1194 168
1195 174
1196 176
1197 163
1198 164
1199 169
1200 201
1201 179
1202 173
1203 144
1204 182
1205 158
1206 166
1207 167
1208 157
1209 186
1210 156
1211 188
1212 176
1213 168
1214 174
1215 187
1216 177
1217 184
1218 184
1219 164
1220 175
1221 166
1222 162
1223 153
1224 152
1225 163
1226 182
1227 163
1228 176
1229 146
1230 154
1231 163
1232 162
1233 153
1234 142
1235 142
1236 152
1237 169
1238 166
1239 144
1240 166
1241 163
1242 161
1243 164
1244 165
1245 164
1246 160
1247 156
1248 165
1249 151
1250 155
1251 191
1252 157
1253 145
1254 146
1255 138
1256 142
1257 130
1258 155
1259 141
1260 154
1261 190
1262 159
1263 152
1264 153
1265 138
1266 135
1267 143
1268 149
1269 131
1270 144
1271 148
1272 151
1273 157
1274 125
1275 151
1276 146
1277 126
1278 164
1279 152
1280 137
1281 140
1282 152
1283 159
1284 147
1285 156
1286 143
1287 124
1288 134
1289 138
1290 127
1291 134
1292 128
1293 125
1294 143
1295 162
1296 136
1297 147
1298 116
1299 140
1300 138
1301 143
1302 117
1303 132
1304 166
1305 145
1306 142
1307 141
1308 143
1309 119
1310 120
1311 125
1312 150
1313 142
1314 119
1315 115
1316 137
1317 125
1318 125
1319 134
1320 121
1321 133
1322 109
1323 104
1324 127
1325 113
1326 111
1327 106
1328 146
1329 116
1330 130
1331 137
1332 118
1333 126
1334 111
1335 100
1336 109
1337 103
1338 115
1339 122
1340 112
1341 93
1342 127
1343 130
1344 105
1345 125
1346 95
1347 131
1348 115
1349 111
1350 132
1351 106
1352 111
1353 114
1354 107
1355 115
1356 103
1357 109
1358 120
1359 98
1360 112
1361 106
1362 117
1363 110
1364 107
1365 111
1366 105
1367 108
1368 101
1369 105
1370 96
1371 105
1372 115
1373 100
1374 109
1375 91
1376 80
1377 96
1378 90
1379 109
1380 114
1381 83
1382 101
1383 105
1384 85
1385 90
1386 93
1387 83
1388 92
1389 100
1390 93
1391 101
1392 96
1393 77
1394 95
1395 86
1396 98
1397 84
1398 94
1399 80
1400 95
1401 92
1402 113
1403 98
1404 113
1405 95
1406 85
1407 101
1408 107
1409 92
1410 87
1411 108
1412 96
1413 102
1414 87
1415 77
1416 78
1417 75
1418 95
1419 76
1420 98
1421 89
1422 84
1423 84
1424 89
1425 97
1426 85
1427 76
1428 85
1429 88
1430 83
1431 80
1432 77
1433 77
1434 84
1435 88
1436 69
1437 73
1438 88
1439 69
1440 85
1441 73
1442 84
1443 74
1444 82
1445 65
1446 75
1447 81
1448 74
1449 79
1450 80
1451 80
1452 57
1453 78
1454 78
1455 73
1456 68
1457 64
1458 85
1459 80
1460 83
1461 67
1462 78
1463 88
1464 76
1465 62
1466 75
1467 60
1468 75
1469 75
1470 73
1471 57
1472 89
1473 67
1474 78
1475 69
1476 57
1477 70
1478 63
1479 62
1480 74
1481 67
1482 68
1483 68
1484 76
1485 67
1486 56
1487 62
1488 63
1489 74
1490 73
1491 57
1492 60
1493 50
1494 61
1495 65
1496 71
1497 53
1498 59
1499 57
1500 57
1501 54
1502 56
1503 63
1504 58
1505 65
1506 70
1507 61
1508 58
1509 57
1510 74
1511 57
1512 59
1513 76
1514 64
1515 59
1516 74
1517 57
1518 72
1519 52
1520 52
1521 57
1522 68
1523 61
1524 68
1525 65
1526 51
1527 47
1528 49
1529 41
1530 46
1531 68
1532 55
1533 55
1534 44
1535 55
1536 55
1537 52
1538 58
1539 60
1540 46
1541 46
1542 49
1543 49
1544 60
1545 55
1546 53
1547 40
1548 49
1549 59
1550 41
1551 60
1552 55
1553 49
1554 46
1555 46
1556 40
1557 46
1558 41
1559 46
1560 53
1561 44
1562 45
1563 50
1564 55
1565 40
1566 48
1567 45
1568 38
1569 44
1570 42
1571 47
1572 47
1573 51
1574 43
1575 30
1576 46
1577 47
1578 42
1579 40
1580 40
1581 42
1582 44
1583 52
1584 47
1585 48
1586 47
1587 51
1588 28
1589 37
1590 42
1591 35
1592 46
1593 32
1594 46
1595 34
1596 45
1597 47
1598 57
1599 43
1600 43
1601 46
1602 37
1603 38
1604 31
1605 45
1606 30
1607 41
1608 31
1609 41
1610 33
1611 35
1612 40
1613 39
1614 26
1615 44
1616 36
1617 43
1618 50
1619 46
1620 36
1621 49
1622 42
1623 40
1624 32
1625 33
1626 38
1627 37
1628 22
1629 40
1630 39
1631 41
1632 32
1633 44
1634 33
1635 33
1636 33
1637 40
1638 29
1639 31
1640 29
1641 41
1642 36
1643 31
1644 35
1645 28
1646 47
1647 36
1648 23
1649 31
1650 39
1651 40
1652 30
1653 23
1654 31
1655 32
1656 20
1657 33
1658 29
1659 31
1660 34
1661 27
1662 38
1663 32
1664 31
1665 29
1666 26
1667 25
1668 28
1669 25
1670 25
1671 25
1672 32
1673 29
1674 31
1675 25
1676 24
1677 31
1678 28
1679 24
1680 36
1681 33
1682 26
1683 26
1684 29
1685 31
1686 29
1687 24
1688 28
1689 29
1690 28
1691 25
1692 33
1693 19
1694 13
1695 30
1696 27
1697 29
1698 21
1699 22
1700 20
1701 30
1702 27
1703 24
1704 25
1705 20
1706 32
1707 28
1708 24
1709 28
1710 23
1711 16
1712 31
1713 20
1714 15
1715 32
1716 24
1717 20
1718 16
1719 18
1720 25
1721 22
1722 18
1723 23
1724 21
1725 26
1726 19
1727 14
1728 27
1729 17
1730 21
1731 25
1732 23
1733 19
1734 21
1735 20
1736 25
1737 24
1738 15
1739 24
1740 15
1741 19
1742 29
1743 16
1744 13
1745 23
1746 20
1747 20
1748 16
1749 15
1750 15
1751 15
1752 19
1753 18
1754 18
1755 12
1756 17
1757 15
1758 19
1759 18
1760 15
1761 23
1762 19
1763 19
1764 15
1765 16
1766 14
1767 16
1768 15
1769 21
1770 14
1771 21
1772 12
1773 14
1774 17
1775 17
1776 17
1777 14
1778 9
1779 11
1780 21
1781 11
1782 12
1783 20
1784 15
1785 13
1786 19
1787 13
1788 17
1789 19
1790 13
1791 11
1792 14
1793 7
1794 12
1795 20
1796 18
1797 20
1798 13
1799 9
1800 20
1801 18
1802 18
1803 10
1804 8
1805 8
1806 15
1807 13
1808 12
1809 15
1810 18
1811 14
1812 15
1813 11
1814 18
1815 16
1816 15
1817 19
1818 10
1819 5
1820 11
1821 18
1822 12
1823 12
1824 15
1825 10
1826 17
1827 14
1828 9
1829 10
1830 13
1831 11
1832 7
1833 6
1834 15
1835 8
1836 11
1837 7
1838 7
1839 8
1840 16
1841 18
1842 7
1843 7
1844 7
1845 9
1846 9
1847 4
1848 7
1849 2
1850 9
1851 14
1852 5
1853 9
1854 4
1855 13
1856 13
1857 9
1858 10
1859 7
1860 13
1861 10
1862 3
1863 8
1864 13
1865 10
1866 12
1867 5
1868 6
1869 4
1870 6
1871 7
1872 6
1873 11
1874 8
1875 7
1876 10
1877 10
1878 11
1879 4
1880 8
1881 10
1882 11
1883 9
1884 7
1885 7
1886 9
1887 9
1888 8
1889 5
1890 4
1891 3
1892 10
1893 12
1894 7
1895 5
1896 3
1897 7
1898 8
1899 7
1900 4
1901 7
1902 10
1903 10
1904 11
1905 6
1906 6
1907 5
1908 7
1909 5
1910 5
1911 8
1912 7
1913 8
1914 5
1915 7
1916 5
1917 8
1918 5
1919 7
1920 6
1921 6
1922 3
1923 9
1924 4
1925 2
1926 5
1927 5
1928 8
1929 5
1930 7
1931 7
1932 8
1933 6
1934 8
1935 6
1936 10
1937 7
1938 7
1939 4
1940 4
1941 6
1942 5
1943 4
1944 6
1945 2
1946 7
1947 6
1948 4
1949 2
1950 4
1951 2
1952 2
1953 3
1954 9
1955 3
1956 0
1957 4
1958 4
1959 5
1960 3
1961 4
1962 3
1963 3
1964 2
1965 6
1966 6
1967 3
1968 3
1969 6
1970 4
1971 3
1972 3
1973 2
1974 4
1975 7
1976 1
1977 6
1978 4
1979 1
1980 6
1981 0
1982 3
1983 2
1984 2
1985 3
1986 2
1987 3
1988 3
1989 6
1990 5
1991 4
1992 9
1993 2
1994 4
1995 2
1996 0
1997 2
1998 3
1999 1
2000 4
2001 5
2002 2
2003 7
2004 2
2005 3
2006 2
2007 1
2008 3
2009 2
2010 2
2011 1
2012 1
2013 1
2014 2
2015 1
2016 3
2017 0
2018 2
2019 4
2020 1
2021 3
2022 4
2023 1
2024 2
2025 1
2026 5
2027 7
2028 2
2029 3
2030 1
2031 0
2032 1
2033 4
2034 3
2035 0
2036 1
2037 2
2038 5
2039 3
2040 2
2041 3
2042 1
2043 3
2044 2
2045 0
2046 1
2047 1
2048 2
2049 5
2050 2
2051 3
2052 3
2053 2
2054 1
2055 0
2056 0
2057 4
2058 3
2059 1
2060 1
2061 2
2062 1
2063 2
2064 2
2065 4
2066 1
2067 1
2068 2
2069 4
2070 3
2071 1
2072 0
2073 0
2074 2
2075 2
2076 1
2077 4
2078 0
2079 1
2080 3
2081 3
2082 1
2083 0
2084 0
2085 1
2086 3
2087 2
2088 1
2089 1
2090 1
2091 1
2092 1
2093 2
2094 1
2095 3
2096 2
2097 1
2098 2
2099 0
2100 1
2101 2
2102 0
2103 4
2104 0
2105 3
2106 2
2107 2
2108 0
2109 1
2110 1
2111 1
2112 3
2113 0
2114 0
2115 0
2116 3
2117 1
2118 3
2119 0
2120 0
2121 0
2122 0
2123 2
2124 1
2125 2
2126 2
2127 0
2128 4
2129 1
2130 1
2131 2
2132 1
2133 0
2134 1
2135 2
2136 2
2137 0
2138 0
2139 0
2140 1
2141 2
2142 0
2143 1
2144 2
2145 1
2146 0
2147 2
2148 1
2149 0
2150 1
2151 2
2152 0
2153 0
2154 2
2155 0
2156 1
2157 0
2158 1
2159 1
2160 1
2161 2
2162 0
2163 1
2164 1
2165 0
2166 0
2167 1
2168 0
2169 0
2170 2
2171 1
2172 0
2173 0
2174 1
2175 1
2176 1
2177 0
2178 0
2179 0
2180 0
2181 0
2182 1
2183 1
2184 0
2185 0
2186 1
2187 1
2188 0
2189 0
2190 0
2191 0
2192 0
2193 0
2194 2
2195 1
2196 0
2197 1
2198 2
2199 0
2200 1
2201 0
2202 1
2203 0
2204 0
2205 0
2206 0
2207 0
2208 0
2209 0
2210 2
2211 1
2212 2
2213 0
2214 1
2215 0
2216 0
2217 1
2218 0
2219 0
2220 0
2221 0
2222 0
2223 0
2224 0
2225 2
2226 0
2227 0
2228 0
2229 0
2230 0
2231 0
2232 0
2233 0
2234 0
2235 0
2236 0
2237 0
2238 0
2239 0
2240 1
2241 0
2242 0
2243 0
2244 0
2245 0
2246 0
2247 0
2248 0
2249 0
2250 1
2251 0
2252 0
2253 0
2254 0
2255 0
2256 0
2257 0
2258 1
2259 0
2260 0
2261 1
2262 0
2263 1
2264 0
2265 0
2266 0
2267 0
2268 0
2269 0
2270 0
2271 1
2272 0
2273 0
2274 0
2275 0
2276 0
2277 1
2278 0
2279 1
2280 0
2281 0
2282 0
2283 1
2284 0
2285 0
2286 0
2287 1
2288 0
2289 0
2290 0
2291 0
2292 0
2293 0
2294 0
2295 0
2296 0
2297 0
2298 0
2299 1
2300 0
2301 0
2302 0
2303 0
2304 0
2305 0
2306 0
2307 1
2308 0
2309 0
2310 0
2311 1
2312 0
2313 0
2314 0
2315 0
2316 0
2317 0
2318 0
2319 1
2320 0
2321 0
2322 0
2323 0
2324 0
2325 0
2326 0
2327 0
2328 0
2329 0
2330 0
2331 0
2332 0
2333 0
2334 0
2335 0
2336 0
2337 0
2338 0
2339 0
2340 1
2341 0
2342 1
2343 0
2344 0
2345 0
2346 0
2347 0
2348 0
2349 0
2350 0
2351 0
2352 0
2353 0
2354 0
2355 0
2356 1
2357 0
2358 0
2359 0
2360 0
2361 0
2362 0
2363 0
2364 0
2365 0
2366 0
2367 0
2368 0
2369 1
2370 0
2371 0
2372 0
2373 0
2374 0
2375 0
2376 0
2377 0
2378 0
2379 0
2380 0
2381 0
2382 0
2383 0
2384 0
2385 0
2386 0
2387 0
2388 0
2389 0
2390 0
2391 0
2392 0
2393 0
2394 0
2395 0
2396 0
2397 0
2398 0
2399 0
2400 0
2401 0
2402 0
2403 0
2404 0
2405 0
2406 0
2407 0
2408 0
2409 0
2410 0
2411 0
2412 1
2413 0
2414 0
2415 0
2416 0
2417 0
2418 0
2419 0
2420 0
2421 0
2422 0
2423 0
2424 0
2425 0
2426 0
2427 0
2428 0
2429 0
2430 0
2431 0
2432 0
2433 0
2434 0
2435 0
2436 0
2437 0
2438 0
2439 0
2440 0
2441 0
2442 0
2443 0
2444 0
2445 0
2446 0
2447 0
2448 0
2449 0
2450 0
2451 0
2452 0
2453 0
2454 0
2455 0
2456 0
2457 0
2458 0
2459 0
2460 0
2461 0
2462 0
2463 0
2464 0
2465 0
2466 0
2467 0
2468 0
2469 0
2470 0
2471 0
2472 0
2473 0
2474 0
2475 0
2476 0
2477 0
2478 0
2479 0
2480 0
2481 0
2482 0
2483 0
2484 0
2485 0
2486 0
2487 0
2488 0
2489 0
2490 0
2491 0
2492 0
2493 0
2494 1
2495 0
2496 0
2497 0
2498 0
2499 0
2500 0
2501 0
2502 0
2503 0
2504 0
2505 0
2506 1
2507 0
2508 0
2509 0
2510 0
2511 0
2512 0
2513 0
2514 0
2515 1
2516 0
2517 0
2518 0
2519 0
2520 0
2521 0
2522 0
2523 0
2524 0
2525 0
2526 0
2527 0
2528 0
2529 0
2530 0
2531 0
2532 0
2533 1
2534 0
2535 0
2536 0
2537 0
2538 0
2539 0
2540 0
2541 0
2542 0
2543 0
2544 0
2545 0
2546 0
2547 0
2548 0
2549 0
2550 0
2551 0
2552 0
2553 0
2554 0
2555 0
2556 0
2557 0
2558 0
2559 0
2560 0
2561 0
2562 0
2563 0
2564 0
2565 0
2566 0
2567 0
2568 0
2569 0
2570 0
2571 0
2572 0
2573 0
2574 0
2575 0
2576 0
2577 0
2578 0
2579 0
2580 0
2581 0
2582 0
2583 0
2584 0
2585 0
2586 0
2587 0
2588 0
2589 0
2590 0
2591 0
2592 0
2593 0
2594 0
2595 0
2596 0
2597 0
2598 0
2599 0
2600 0
2601 0
2602 0
2603 0
2604 0
2605 0
2606 0
2607 0
2608 0
2609 0
2610 0
2611 0
2612 0
2613 0
2614 0
2615 0
2616 0
2617 0
2618 0
2619 0
2620 0
2621 0
2622 0
2623 1
2624 0
2625 0
2626 0
2627 0
2628 0
2629 0
2630 0
2631 0
2632 0
2633 0
2634 0
2635 0
2636 0
2637 0
2638 1
2639 0
2640 0
2641 1
2642 0
2643 0
2644 0
2645 0
2646 0
2647 0
2648 0
2649 0
2650 0
2651 0
2652 0
2653 0
2654 0
2655 0
2656 0
2657 0
2658 0
2659 0
2660 0
2661 0
2662 0
2663 0
2664 0
2665 0
2666 0
2667 0
2668 0
2669 0
2670 0
2671 1
2672 0
2673 0
2674 0
2675 0
2676 0
2677 0
2678 0
2679 0
2680 0
2681 0
2682 0
2683 0
2684 0
2685 0
2686 0
2687 0
2688 0
2689 0
2690 0
2691 0
2692 0
2693 0
2694 0
2695 0
2696 0
2697 0
2698 0
2699 0
2700 0
2701 0
2702 0
2703 0
2704 1
2705 0
2706 0
2707 0
2708 0
2709 0
2710 0
2711 0
2712 0
2713 0
2714 0
2715 0
2716 0
2717 0
2718 0
2719 0
2720 0
2721 0
2722 0
2723 0
2724 0
2725 0
2726 0
2727 0
2728 0
2729 0
2730 0
2731 0
2732 0
2733 0
2734 0
2735 0
2736 0
2737 0
2738 0
2739 0
2740 0
2741 0
2742 0
2743 0
2744 0
2745 0
2746 0
2747 0
2748 0
2749 0
2750 0
2751 0
2752 0
2753 1
2754 0
2755 0
2756 0
2757 1
2758 0
2759 0
2760 0
2761 0
2762 0
2763 0
2764 0
2765 0
2766 0
2767 0
2768 0
2769 0
2770 0
2771 1
2772 0
2773 0
2774 0
2775 0
2776 0
2777 0
2778 0
2779 0
2780 0
2781 0
2782 0
2783 0
2784 0
2785 0
2786 0
2787 0
2788 0
2789 0
2790 0
2791 0
2792 0
2793 0
2794 0
2795 0
2796 0
2797 0
2798 0
2799 0
2800 0
2801 0
2802 0
2803 0
2804 0
2805 0
2806 0
2807 0
2808 0
2809 0
2810 0
2811 0
2812 0
2813 0
2814 1
2815 0
2816 0
2817 0
2818 0
2819 0
2820 0
2821 0
2822 0
2823 0
2824 0
2825 0
2826 0
2827 0
2828 0
2829 0
2830 0
2831 0
2832 0
2833 0
2834 0
2835 0
2836 0
2837 0
2838 0
2839 0
2840 0
2841 0
2842 0
2843 0
2844 0
2845 0
2846 0
2847 0
2848 0
2849 0
2850 0
2851 0
2852 0
2853 0
2854 0
2855 0
2856 0
2857 0
2858 0
2859 0
2860 0
2861 0
2862 0
2863 0
2864 0
2865 0
2866 0
2867 0
2868 0
2869 0
2870 0
2871 0
2872 0
2873 0
2874 0
2875 0
2876 0
2877 0
2878 0
2879 0
2880 0
2881 0
2882 0
2883 0
2884 0
2885 0
2886 0
2887 0
2888 1
2889 0
2890 0
2891 0
2892 0
2893 0
2894 0
2895 0
2896 0
2897 0
2898 0
2899 0
2900 0
2901 0
2902 1
2903 0
2904 0
2905 0
2906 0
2907 0
2908 0
2909 0
2910 0
2911 0
2912 0
2913 0
2914 0
2915 0
2916 0
2917 0
2918 0
2919 0
2920 0
2921 0
2922 0
2923 0
2924 0
2925 0
2926 0
2927 0
2928 0
2929 0
2930 0
2931 0
2932 0
2933 0
2934 0
2935 1
2936 0
2937 0
2938 0
2939 0
2940 0
2941 0
2942 0
2943 0
2944 0
2945 0
2946 0
2947 0
2948 0
2949 0
2950 0
2951 0
2952 0
2953 0
2954 0
2955 0
2956 0
2957 0
2958 0
2959 0
2960 0
2961 0
2962 0
2963 0
2964 0
2965 0
2966 0
2967 0
2968 0
2969 0
2970 0
2971 0
2972 0
2973 0
2974 0
2975 0
2976 0
2977 0
2978 0
2979 0
2980 0
2981 0
2982 0
2983 0
2984 0
2985 0
2986 0
2987 0
2988 0
2989 0
2990 0
2991 0
2992 0
2993 0
2994 0
2995 0
2996 0
2997 0
2998 0
2999 0
3000 0
3001 0
3002 0
3003 0
3004 0
3005 0
3006 0
3007 0
3008 0
3009 0
3010 0
3011 0
3012 0
3013 0
3014 0
3015 0
3016 0
3017 0
3018 0
3019 0
3020 0
3021 0
3022 0
3023 0
3024 0
3025 0
3026 0
3027 0
3028 0
3029 0
3030 0
3031 0
3032 0
3033 0
3034 0
3035 0
3036 0
3037 0
3038 0
3039 0
3040 0
3041 0
3042 0
3043 0
3044 0
3045 0
3046 0
3047 0
3048 0
3049 0
3050 0
3051 0
3052 0
3053 0
3054 0
3055 0
3056 0
3057 0
3058 0
3059 0
3060 0
3061 0
3062 0
3063 0
3064 0
3065 0
3066 0
3067 0
3068 0
3069 0
3070 0
3071 0
3072 0
3073 0
3074 0
3075 0
3076 0
3077 0
3078 0
3079 0
3080 0
3081 0
3082 0
3083 0
3084 0
3085 0
3086 0
3087 0
3088 0
3089 0
3090 0
3091 0
3092 0
3093 0
3094 0
3095 0
3096 0
3097 0
3098 0
3099 0
3100 0
3101 0
3102 1
3103 0
3104 0
3105 0
3106 0
3107 0
3108 0
3109 0
3110 0
3111 0
3112 0
3113 0
3114 0
3115 0
3116 0
3117 0
3118 0
3119 0
3120 0
3121 1
3122 0
3123 0
3124 0
3125 0
3126 0
3127 0
3128 0
3129 0
3130 0
3131 0
3132 0
3133 1
3134 0
3135 0
3136 0
3137 0
3138 0
3139 0
3140 0
3141 0
3142 0
3143 0
3144 0
3145 0
3146 0
3147 0
3148 0
3149 0
3150 0
3151 0
3152 0
3153 0
3154 0
3155 0
3156 0
3157 0
3158 0
3159 0
3160 0
3161 0
3162 0
3163 0
3164 0
3165 0
3166 0
3167 0
3168 0
3169 0
3170 0
3171 0
3172 0
3173 0
3174 0
3175 0
3176 0
3177 0
3178 0
3179 0
3180 0
3181 0
3182 0
3183 0
3184 0
3185 0
3186 0
3187 0
3188 0
3189 0
3190 0
3191 0
3192 0
3193 0
3194 0
3195 0
3196 0
3197 0
3198 0
3199 0
3200 0
3201 0
3202 0
3203 0
3204 0
3205 0
3206 0
3207 0
3208 0
3209 0
3210 0
3211 0
3212 0
3213 0
3214 0
3215 0
3216 0
3217 0
3218 0
3219 0
3220 0
3221 0
3222 0
3223 0
3224 0
3225 0
3226 0
3227 0
3228 0
3229 0
3230 0
3231 0
3232 0
3233 0
3234 0
3235 0
3236 0
3237 0
3238 0
3239 0
3240 0
3241 0
3242 0
3243 0
3244 0
3245 0
3246 0
3247 0
3248 1
3249 0
3250 0
3251 0
3252 0
3253 0
3254 0
3255 0
3256 0
3257 0
3258 0
3259 0
3260 0
3261 0
3262 0
3263 0
3264 0
3265 0
3266 0
3267 0
3268 0
3269 0
3270 0
3271 0
3272 0
3273 0
3274 0
3275 0
3276 0
3277 0
3278 0
3279 0
3280 0
3281 0
3282 0
3283 0
3284 0
3285 0
3286 0
3287 0
3288 0
3289 0
3290 0
3291 0
3292 0
3293 0
3294 0
3295 0
3296 0
3297 0
3298 0
3299 0
3300 0
3301 0
3302 0
3303 0
3304 0
3305 0
3306 0
3307 0
3308 0
3309 0
3310 0
3311 0
3312 0
3313 0
3314 0
3315 0
3316 0
3317 0
3318 0
3319 0
3320 0
3321 0
3322 0
3323 0
3324 0
3325 0
3326 0
3327 0
3328 0
3329 0
3330 0
3331 0
3332 0
3333 0
3334 0
3335 0
3336 0
3337 0
3338 0
3339 0
3340 0
3341 0
3342 0
3343 0
3344 0
3345 0
3346 0
3347 0
3348 0
3349 0
3350 0
3351 0
3352 0
3353 0
3354 0
3355 0
3356 0
3357 0
3358 0
3359 0
3360 0
3361 0
3362 0
3363 0
3364 0
3365 0
3366 0
3367 0
3368 0
3369 0
3370 0
3371 0
3372 0
3373 0
3374 0
3375 0
3376 0
3377 0
3378 0
3379 0
3380 0
3381 0
3382 0
3383 0
3384 0
3385 0
3386 0
3387 0
3388 0
3389 0
3390 0
3391 0
3392 0
3393 0
3394 0
3395 0
3396 0
3397 0
3398 0
3399 0
3400 0
3401 0
3402 0
3403 0
3404 0
3405 0
3406 0
3407 0
3408 0
3409 0
3410 0
3411 0
3412 0
3413 0
3414 0
3415 0
3416 0
3417 0
3418 0
3419 0
3420 0
3421 0
3422 0
3423 0
3424 0
3425 0
3426 0
3427 0
3428 0
3429 0
3430 0
3431 0
3432 0
3433 0
3434 0
3435 0
3436 0
3437 0
3438 0
3439 0
3440 0
3441 0
3442 0
3443 0
3444 0
3445 0
3446 0
3447 0
3448 0
3449 0
3450 0
3451 0
3452 0
3453 0
3454 0
3455 0
3456 0
3457 0
3458 0
3459 0
3460 0
3461 0
3462 0
3463 0
3464 0
3465 0
3466 0
3467 0
3468 0
3469 0
3470 0
3471 0
3472 0
3473 0
3474 0
3475 0
3476 0
3477 0
3478 0
3479 0
3480 0
3481 0
3482 0
3483 0
3484 0
3485 0
3486 0
3487 0
3488 0
3489 0
3490 0
3491 0
3492 0
3493 0
3494 0
3495 0
3496 0
3497 0
3498 0
3499 0
3500 0
3501 0
3502 0
3503 0
3504 0
3505 0
3506 0
3507 0
3508 0
3509 0
3510 0
3511 0
3512 0
3513 0
3514 0
3515 0
3516 0
3517 0
3518 0
3519 0
3520 0
3521 0
3522 0
3523 0
3524 0
3525 0
3526 0
3527 0
3528 0
3529 0
3530 0
3531 0
3532 0
3533 0
3534 0
3535 0
3536 0
3537 0
3538 1
3539 0
3540 0
3541 0
3542 0
3543 0
3544 0
3545 0
3546 0
3547 0
3548 0
3549 0
3550 0
3551 0
3552 0
3553 0
3554 0
3555 0
3556 0
3557 0
3558 0
3559 0
3560 0
3561 0
3562 0
3563 0
3564 0
3565 0
3566 0
3567 0
3568 0
3569 0
3570 0
3571 0
3572 0
3573 0
3574 0
3575 0
3576 0
3577 0
3578 0
3579 0
3580 0
3581 0
3582 0
3583 0
3584 0
3585 0
3586 0
3587 0
3588 0
3589 0
3590 0
3591 0
3592 0
3593 0
3594 0
3595 0
3596 0
3597 0
3598 1
3599 1
3600 0
3601 0
3602 0
3603 0
3604 0
3605 0
3606 0
3607 0
3608 0
3609 0
3610 0
3611 0
3612 0
3613 0
3614 0
3615 0
3616 0
3617 0
3618 0
3619 0
3620 0
3621 0
3622 0
3623 0
3624 0
3625 0
3626 0
3627 0
3628 0
3629 0
3630 0
3631 0
3632 0
3633 0
3634 0
3635 0
3636 0
3637 0
3638 0
3639 0
3640 0
3641 0
3642 0
3643 0
3644 0
3645 0
3646 0
3647 0
3648 0
3649 0
3650 0
3651 0
3652 0
3653 0
3654 0
3655 0
3656 0
3657 0
3658 0
3659 0
3660 0
3661 0
3662 0
3663 0
3664 0
3665 0
3666 0
3667 1
3668 0
3669 0
3670 0
3671 0
3672 0
3673 0
3674 0
3675 0
3676 0
3677 0
3678 0
3679 0
3680 0
3681 0
3682 0
3683 0
3684 0
3685 0
3686 0
3687 0
3688 0
3689 0
3690 0
3691 0
3692 0
3693 0
3694 0
3695 0
3696 0
3697 0
3698 0
3699 0
3700 0
3701 0
3702 0
3703 0
3704 0
3705 0
3706 0
3707 0
3708 0
3709 0
3710 0
3711 0
3712 0
3713 0
3714 0
3715 0
3716 0
3717 0
3718 0
3719 0
3720 0
3721 0
3722 0
3723 0
3724 0
3725 0
3726 0
3727 0
3728 0
3729 0
3730 0
3731 0
3732 0
3733 0
3734 0
3735 0
3736 0
3737 0
3738 0
3739 0
3740 0
3741 0
3742 0
3743 0
3744 0
3745 0
3746 0
3747 0
3748 0
3749 0
3750 0
3751 0
3752 0
3753 0
3754 0
3755 0
3756 0
3757 0
3758 0
3759 0
3760 0
3761 0
3762 0
3763 0
3764 0
3765 0
3766 0
3767 0
3768 0
3769 0
3770 0
3771 0
3772 0
3773 0
3774 0
3775 0
3776 0
3777 0
3778 0
3779 0
3780 0
3781 0
3782 0
3783 0
3784 0
3785 0
3786 0
3787 0
3788 0
3789 0
3790 0
3791 0
3792 0
3793 0
3794 0
3795 0
3796 0
3797 0
3798 0
3799 0
3800 0
3801 0
3802 0
3803 0
3804 0
3805 0
3806 0
3807 0
3808 0
3809 0
3810 0
3811 0
3812 0
3813 0
3814 0
3815 1
3816 0
3817 0
3818 0
3819 0
3820 0
3821 0
3822 0
3823 0
3824 0
3825 0
3826 0
3827 0
3828 0
3829 0
3830 0
3831 0
3832 0
3833 0
3834 0
3835 0
3836 0
3837 0
3838 0
3839 0
3840 0
3841 0
3842 0
3843 0
3844 0
3845 0
3846 0
3847 0
3848 0
3849 0
3850 0
3851 0
3852 0
3853 0
3854 0
3855 0
3856 0
3857 0
3858 0
3859 0
3860 0
3861 0
3862 0
3863 0
3864 0
3865 0
3866 0
3867 0
3868 0
3869 0
3870 0
3871 0
3872 0
3873 0
3874 1
3875 0
3876 0
3877 0
3878 0
3879 0
3880 0
3881 0
3882 0
3883 0
3884 0
3885 0
3886 0
3887 0
3888 0
3889 0
3890 0
3891 0
3892 0
3893 0
3894 0
3895 0
3896 0
3897 0
3898 0
3899 0
3900 0
3901 0
3902 0
3903 0
3904 0
3905 0
3906 0
3907 0
3908 0
3909 0
3910 0
3911 0
3912 0
3913 0
3914 0
3915 0
3916 0
3917 0
3918 0
3919 1
3920 0
3921 0
3922 0
3923 0
3924 0
3925 0
3926 0
3927 0
3928 0
3929 0
3930 0
3931 0
3932 0
3933 0
3934 0
3935 0
3936 0
3937 0
3938 0
3939 0
3940 0
3941 0
3942 0
3943 0
3944 1
3945 0
3946 0
3947 0
3948 0
3949 0
3950 0
3951 0
3952 0
3953 0
3954 0
3955 0
3956 0
3957 0
3958 0
3959 0
3960 0
3961 0
3962 0
3963 0
3964 0
3965 0
3966 0
3967 0
3968 0
3969 0
3970 0
3971 0
3972 0
3973 0
3974 0
3975 0
3976 0
3977 0
3978 0
3979 0
3980 0
3981 0
3982 0
3983 0
3984 0
3985 0
3986 0
3987 0
3988 0
3989 0
3990 0
3991 0
3992 0
3993 0
3994 0
3995 0
3996 0
3997 0
3998 0
3999 0
4000 0
