0 0
1 0
2 0
3 0
4 0
5 0
6 0
7 0
8 0
9 0
10 0
11 0
12 0
13 0
14 0
15 0
16 0
17 0
18 0
19 0
20 0
21 0
22 0
23 0
24 0
25 0
26 0
27 0
28 0
29 0
30 0
31 0
32 0
33 0
34 0
35 0
36 0
37 0
38 0
39 0
40 0
41 0
42 0
43 0
44 0
45 0
46 0
47 0
48 0
49 0
50 0
51 0
52 0
53 0
54 0
55 0
56 0
57 0
58 0
59 0
60 0
61 0
62 0
63 0
64 0
65 0
66 0
67 0
68 0
69 0
70 0
71 0
72 0
73 0
74 0
75 0
76 0
77 0
78 0
79 0
80 0
81 0
82 0
83 0
84 0
85 1
86 5
87 14
88 23
89 17
90 8
91 14
92 10
93 28
94 17
95 22
96 20
97 14
98 10
99 18
100 9
101 11
102 13
103 9
104 10
105 10
106 8
107 5
108 3
109 10
110 20
111 131
112 632
113 2168
114 4485
115 6784
116 8521
117 9218
118 9681
119 9658
120 8994
121 8352
122 7470
123 6474
124 5632
125 5087
126 4248
127 3708
128 3253
129 2782
130 2468
131 2145
132 1778
133 1762
134 1705
135 1461
136 1427
137 1303
138 1335
139 1331
140 1255
141 1270
142 1231
143 1157
144 1187
145 1292
146 1320
147 1314
148 1201
149 1274
150 1182
151 1252
152 1192
153 1267
154 1189
155 1216
156 1184
157 1241
158 1223
159 1262
160 1220
161 1237
162 1248
163 1219
164 1213
165 1221
166 1335
167 1247
168 1243
169 1275
170 1271
171 1305
172 1221
173 1301
174 1279
175 1263
176 1242
177 1303
178 1321
179 1267
180 1295
181 1351
182 1260
183 1241
184 1239
185 1306
186 1304
187 1274
188 1313
189 1264
190 1272
191 1258
192 1267
193 1288
194 1307
195 1324
196 1311
197 1340
198 1261
199 1383
200 1309
201 1302
202 1305
203 1369
204 1293
205 1304
206 1388
207 1270
208 1342
209 1302
210 1339
211 1309
212 1310
213 1304
214 1379
215 1343
216 1355
217 1403
218 1307
219 1347
220 1304
221 1360
222 1289
223 1325
224 1313
225 1271
226 1361
227 1379
228 1332
229 1349
230 1414
231 1301
232 1390
233 1373
234 1314
235 1373
236 1385
237 1326
238 1379
239 1361
240 1305
241 1343
242 1359
243 1343
244 1365
245 1396
246 1430
247 1377
248 1389
249 1391
250 1423
251 1437
252 1421
253 1418
254 1393
255 1417
256 1348
257 1328
258 1424
259 1340
260 1460
261 1396
262 1440
263 1484
264 1379
265 1413
266 1373
267 1424
268 1454
269 1397
270 1425
271 1409
272 1449
273 1454
274 1419
275 1443
276 1388
277 1522
278 1484
279 1445
280 1493
281 1513
282 1446
283 1400
284 1564
285 1433
286 1444
287 1536
288 1501
289 1498
290 1504
291 1526
292 1483
293 1498
294 1571
295 1572
296 1551
297 1563
298 1551
299 1532
300 1501
301 1517
302 1575
303 1652
304 1542
305 1673
306 1648
307 1630
308 1559
309 1579
310 1666
311 1583
312 1660
313 1584
314 1627
315 1582
316 1635
317 1596
318 1609
319 1696
320 1711
321 1622
322 1673
323 1679
324 1708
325 1603
326 1656
327 1719
328 1714
329 1740
330 1741
331 1703
332 1779
333 1726
334 1678
335 1688
336 1728
337 1735
338 1772
339 1759
340 1688
341 1703
342 1699
343 1742
344 1802
345 1760
346 1830
347 1833
348 1750
349 1766
350 1792
351 1758
352 1662
353 1792
354 1801
355 1770
356 1812
357 1760
358 1771
359 1793
360 1847
361 1790
362 1779
363 1752
364 1810
365 1740
366 1841
367 1816
368 1852
369 1762
370 1861
371 1857
372 1814
373 1833
374 1861
375 1748
376 1830
377 1840
378 1770
379 1868
380 1877
381 1922
382 1842
383 1775
384 1771
385 1841
386 1827
387 1836
388 1846
389 1805
390 1820
391 1829
392 1850
393 1846
394 1746
395 1878
396 1852
397 1888
398 1832
399 1780
400 1831
401 1876
402 1766
403 1856
404 1786
405 1798
406 1844
407 1840
408 1803
409 1736
410 1825
411 1726
412 1802
413 1882
414 1733
415 1721
416 1871
417 1806
418 1830
419 1750
420 1718
421 1813
422 1718
423 1772
424 1701
425 1720
426 1826
427 1752
428 1760
429 1702
430 1763
431 1713
432 1744
433 1727
434 1673
435 1757
436 1701
437 1738
438 1711
439 1678
440 1691
441 1733
442 1686
443 1614
444 1694
445 1668
446 1601
447 1600
448 1675
449 1649
450 1625
451 1565
452 1649
453 1575
454 1550
455 1563
456 1557
457 1557
458 1514
459 1529
460 1500
461 1543
462 1564
463 1579
464 1589
465 1543
466 1513
467 1480
468 1474
469 1491
470 1465
471 1514
472 1456
473 1463
474 1455
475 1425
476 1474
477 1398
478 1412
479 1381
480 1366
481 1393
482 1383
483 1420
484 1394
485 1374
486 1370
487 1279
488 1323
489 1346
490 1344
491 1399
492 1264
493 1336
494 1223
495 1297
496 1279
497 1256
498 1197
499 1216
500 1250
501 1256
502 1207
503 1168
504 1150
505 1157
506 1164
507 1182
508 1175
509 1179
510 1187
511 1151
512 1132
513 1141
514 1117
515 1152
516 1119
517 1094
518 1047
519 1074
520 1049
521 1065
522 1061
523 1031
524 1016
525 1052
526 1055
527 1015
528 989
529 987
530 927
531 992
532 960
533 1018
534 1024
535 869
536 960
537 890
538 924
539 902
540 919
541 932
542 926
543 848
544 900
545 859
546 854
547 841
548 857
549 862
550 859
551 815
552 855
553 798
554 820
555 798
556 817
557 874
558 786
559 773
560 811
561 806
562 787
563 773
564 717
565 731
566 766
567 771
568 729
569 683
570 753
571 678
572 659
573 712
574 656
575 666
576 657
577 663
578 686
579 657
580 608
581 663
582 616
583 657
584 596
585 624
586 626
587 620
588 614
589 570
590 598
591 624
592 536
593 572
594 588
595 561
596 563
597 581
598 534
599 549
600 557
601 547
602 521
603 547
604 512
605 486
606 532
607 536
608 463
609 543
610 468
611 479
612 482
613 490
614 485
615 480
616 475
617 455
618 487
619 463
620 442
621 416
622 416
623 455
624 466
625 445
626 441
627 445
628 457
629 421
630 398
631 439
632 410
633 397
634 413
635 414
636 422
637 407
638 391
639 401
640 392
641 384
642 362
643 355
644 335
645 388
646 364
647 347
648 400
649 360
650 372
651 364
652 373
653 369
654 371
655 345
656 381
657 351
658 357
659 325
660 350
661 337
662 359
663 322
664 319
665 337
666 310
667 354
668 313
669 293
670 335
671 321
672 313
673 311
674 285
675 282
676 315
677 296
678 315
679 275
680 320
681 308
682 304
683 309
684 316
685 299
686 311
687 274
688 286
689 303
690 314
691 308
692 290
693 250
694 283
695 270
696 260
697 302
698 285
699 272
700 263
701 282
702 264
703 255
704 233
705 264
706 264
707 293
708 244
709 256
710 261
711 265
712 256
713 237
714 234
715 243
716 245
717 243
718 255
719 236
720 276
721 252
722 237
723 240
724 258
725 232
726 238
727 219
728 246
729 243
730 232
731 265
732 252
733 267
734 259
735 217
736 243
737 240
738 236
739 221
740 257
741 220
742 235
743 224
744 227
745 203
746 229
747 230
748 235
749 240
750 218
751 209
752 248
753 240
754 238
755 188
756 242
757 214
758 203
759 234
760 190
761 251
762 232
763 221
764 205
765 229
766 234
767 216
768 187
769 203
770 230
771 234
772 203
773 210
774 209
775 227
776 229
777 212
778 214
779 200
780 241
781 202
782 215
783 214
784 194
785 217
786 200
787 205
788 202
789 232
790 205
791 212
792 201
793 206
794 251
795 230
796 244
797 191
798 222
799 211
800 200
801 208
802 208
803 217
804 188
805 210
806 220
807 202
808 235
809 201
810 201
811 213
812 218
813 192
814 184
815 213
816 198
817 220
818 218
819 192
820 241
821 213
822 191
823 239
824 184
825 196
826 240
827 212
828 199
829 207
830 227
831 217
832 222
833 234
834 180
835 199
836 204
837 231
838 214
839 191
840 224
841 203
842 226
843 210
844 181
845 183
846 211
847 205
848 213
849 176
850 198
851 207
852 195
853 201
854 175
855 195
856 184
857 200
858 191
859 194
860 179
861 178
862 228
863 201
864 199
865 206
866 206
867 189
868 235
869 221
870 215
871 197
872 194
873 207
874 213
875 174
876 229
877 223
878 214
879 197
880 185
881 208
882 204
883 210
884 184
885 199
886 184
887 195
888 186
889 207
890 189
891 182
892 218
893 191
894 216
895 213
896 188
897 213
898 177
899 201
900 226
901 188
902 193
903 183
904 214
905 190
906 180
907 203
908 168
909 189
910 181
911 172
912 203
913 189
914 185
915 196
916 186
917 176
918 189
919 193
920 163
921 174
922 192
923 169
924 180
925 187
926 218
927 180
928 182
929 195
930 163
931 198
932 196
933 196
934 197
935 186
936 168
937 170
938 169
939 182
940 182
941 182
942 169
943 172
944 196
945 181
946 183
947 183
948 198
949 169
950 175
951 170
952 163
953 196
954 188
955 186
956 176
957 188
958 180
959 168
960 190
961 168
962 178
963 156
964 205
965 182
966 208
967 191
968 171
969 155
970 167
971 167
972 186
973 159
974 156
975 193
976 188
977 180
978 164
979 166
980 182
981 160
982 155
983 150
984 157
985 161
986 162
987 176
988 169
989 153
990 172
991 142
992 179
993 179
994 166
995 180
996 168
997 180
998 172
999 166
1000 171
1001 176
1002 152
1003 161
1004 160
1005 172
1006 167
1007 159
1008 171
1009 175
1010 174
1011 162
1012 171
1013 155
1014 166
1015 157
1016 165
1017 164
1018 169
1019 157
1020 165
1021 170
1022 136
1023 174
1024 167
1025 174
1026 158
1027 181
1028 151
1029 150
1030 161
1031 161
1032 156
1033 183
1034 152
1035 145
1036 144
1037 138
1038 145
1039 131
1040 169
1041 140
1042 159
1043 154
1044 143
1045 130
1046 176
1047 145
1048 172
1049 172
1050 140
1051 129
1052 147
1053 161
1054 138
1055 141
1056 158
1057 165
1058 134
1059 141
1060 169
1061 137
1062 143
1063 134
1064 148
1065 155
1066 138
1067 125
1068 127
1069 147
1070 138
1071 140
1072 146
1073 141
1074 154
1075 147
1076 124
1077 157
1078 149
1079 152
1080 130
1081 126
1082 143
1083 124
1084 145
1085 146
1086 113
1087 124
1088 118
1089 113
1090 125
1091 129
1092 127
1093 131
1094 129
1095 141
1096 121
1097 125
1098 127
1099 136
1100 126
1101 125
1102 120
1103 124
1104 130
1105 111
1106 138
1107 132
1108 128
1109 115
1110 122
1111 118
1112 126
1113 131
1114 114
1115 122
1116 118
1117 108
1118 154
1119 118
1120 139
1121 122
1122 121
1123 104
1124 115
1125 116
1126 130
1127 117
1128 112
1129 113
1130 121
1131 105
1132 105
1133 103
1134 129
1135 97
1136 114
1137 129
1138 109
1139 120
1140 115
1141 97
1142 96
1143 99
1144 112
1145 117
1146 112
1147 110
1148 103
1149 105
1150 100
1151 94
1152 102
1153 108
1154 106
1155 111
1156 97
1157 107
1158 101
1159 108
1160 101
1161 104
1162 102
1163 77
1164 98
1165 106
1166 87
1167 95
1168 100
1169 107
1170 83
1171 87
1172 86
1173 106
1174 104
1175 119
1176 111
1177 113
1178 79
1179 91
1180 95
1181 89
1182 96
1183 93
1184 85
1185 86
1186 89
1187 97
1188 97
1189 88
1190 97
1191 96
1192 88
1193 75
1194 85
1195 96
1196 89
1197 77
1198 107
1199 75
1200 86
1201 93
1202 90
1203 93
1204 92
1205 63
1206 72
1207 77
1208 93
1209 68
1210 93
1211 77
1212 86
1213 82
1214 74
1215 73
1216 93
1217 90
1218 79
1219 72
1220 75
1221 80
1222 68
1223 84
1224 63
1225 72
1226 73
1227 86
1228 68
1229 73
1230 64
1231 79
1232 79
1233 85
1234 71
1235 77
1236 77
1237 69
1238 69
1239 72
1240 84
1241 84
1242 78
1243 80
1244 67
1245 61
1246 75
1247 67
1248 70
1249 64
1250 55
1251 53
1252 65
1253 72
1254 71
1255 67
1256 71
1257 71
1258 65
1259 60
1260 80
1261 71
1262 52
1263 60
1264 64
1265 66
1266 72
1267 67
1268 67
1269 65
1270 56
1271 58
1272 72
1273 58
1274 66
1275 50
1276 63
1277 70
1278 56
1279 73
1280 48
1281 66
1282 59
1283 62
1284 63
1285 47
1286 56
1287 67
1288 60
1289 65
1290 52
1291 58
1292 42
1293 49
1294 57
1295 57
1296 51
1297 49
1298 53
1299 40
1300 62
1301 50
1302 46
1303 54
1304 39
1305 44
1306 58
1307 53
1308 49
1309 45
1310 44
1311 56
1312 38
1313 45
1314 50
1315 53
1316 24
1317 50
1318 53
1319 61
1320 36
1321 46
1322 41
1323 45
1324 49
1325 57
1326 47
1327 46
1328 45
1329 41
1330 43
1331 42
1332 34
1333 50
1334 40
1335 42
1336 45
1337 49
1338 45
1339 48
1340 41
1341 49
1342 59
1343 49
1344 36
1345 35
1346 34
1347 31
1348 36
1349 37
1350 39
1351 45
1352 32
1353 41
1354 37
1355 35
1356 38
1357 37
1358 31
1359 37
1360 45
1361 36
1362 47
1363 28
1364 31
1365 32
1366 32
1367 36
1368 31
1369 39
1370 47
1371 37
1372 42
1373 28
1374 27
1375 35
1376 27
1377 32
1378 37
1379 30
1380 40
1381 32
1382 30
1383 37
1384 27
1385 26
1386 23
1387 38
1388 21
1389 40
1390 28
1391 39
1392 30
1393 28
1394 33
1395 28
1396 33
1397 36
1398 33
1399 25
1400 36
1401 36
1402 22
1403 35
1404 28
1405 22
1406 17
1407 28
1408 28
1409 29
1410 29
1411 25
1412 28
1413 25
1414 41
1415 26
1416 20
1417 27
1418 30
1419 30
1420 37
1421 17
1422 34
1423 25
1424 33
1425 26
1426 16
1427 15
1428 24
1429 26
1430 24
1431 31
1432 31
1433 20
1434 19
1435 23
1436 21
1437 25
1438 16
1439 35
1440 18
1441 23
1442 27
1443 28
1444 33
1445 26
1446 30
1447 25
1448 21
1449 18
1450 24
1451 11
1452 26
1453 20
1454 18
1455 20
1456 26
1457 27
1458 20
1459 24
1460 16
1461 16
1462 22
1463 17
1464 20
1465 21
1466 18
1467 18
1468 15
1469 21
1470 14
1471 22
1472 15
1473 22
1474 21
1475 19
1476 19
1477 21
1478 22
1479 24
1480 18
1481 25
1482 24
1483 14
1484 15
1485 15
1486 22
1487 15
1488 12
1489 15
1490 12
1491 13
1492 9
1493 17
1494 24
1495 10
1496 12
1497 19
1498 14
1499 14
1500 22
1501 23
1502 13
1503 14
1504 16
1505 11
1506 15
1507 19
1508 16
1509 13
1510 22
1511 14
1512 20
1513 18
1514 12
1515 13
1516 9
1517 10
1518 17
1519 12
1520 6
1521 12
1522 12
1523 13
1524 15
1525 13
1526 9
1527 14
1528 18
1529 11
1530 8
1531 13
1532 12
1533 18
1534 12
1535 12
1536 13
1537 8
1538 12
1539 11
1540 13
1541 8
1542 8
1543 14
1544 12
1545 9
1546 3
1547 13
1548 16
1549 8
1550 11
1551 17
1552 14
1553 13
1554 12
1555 14
1556 8
1557 8
1558 13
1559 10
1560 9
1561 13
1562 14
1563 5
1564 14
1565 12
1566 7
1567 5
1568 12
1569 13
1570 7
1571 9
1572 11
1573 10
1574 13
1575 7
1576 9
1577 12
1578 5
1579 7
1580 10
1581 9
1582 9
1583 13
1584 11
1585 10
1586 9
1587 6
1588 11
1589 4
1590 7
1591 5
1592 6
1593 9
1594 8
1595 6
1596 9
1597 7
1598 10
1599 9
1600 9
1601 9
1602 8
1603 10
1604 7
1605 8
1606 4
1607 9
1608 12
1609 7
1610 10
1611 13
1612 10
1613 9
1614 3
1615 14
1616 9
1617 4
1618 8
1619 11
1620 9
1621 10
1622 6
1623 8
1624 6
1625 8
1626 8
1627 7
1628 4
1629 6
1630 3
1631 8
1632 4
1633 6
1634 6
1635 7
1636 6
1637 4
1638 6
1639 6
1640 5
1641 5
1642 4
1643 3
1644 10
1645 8
1646 7
1647 4
1648 4
1649 8
1650 6
1651 5
1652 7
1653 5
1654 4
1655 6
1656 2
1657 2
1658 4
1659 4
1660 4
1661 3
1662 6
1663 7
1664 5
1665 3
1666 6
1667 6
1668 6
1669 6
1670 9
1671 5
1672 6
1673 3
1674 2
1675 5
1676 4
1677 6
1678 3
1679 5
1680 6
1681 3
1682 4
1683 2
1684 1
1685 6
1686 2
1687 3
1688 2
1689 4
1690 9
1691 4
1692 4
1693 5
1694 3
1695 5
1696 4
1697 6
1698 2
1699 5
1700 0
1701 6
1702 7
1703 2
1704 3
1705 1
1706 8
1707 3
1708 5
1709 2
1710 3
1711 4
1712 4
1713 2
1714 7
1715 2
1716 4
1717 3
1718 2
1719 4
1720 8
1721 2
1722 5
1723 1
1724 2
1725 4
1726 1
1727 5
1728 5
1729 2
1730 1
1731 4
1732 1
1733 2
1734 1
1735 5
1736 1
1737 3
1738 3
1739 1
1740 4
1741 2
1742 4
1743 2
1744 3
1745 2
1746 1
1747 2
1748 1
1749 3
1750 3
1751 1
1752 2
1753 3
1754 3
1755 3
1756 2
1757 4
1758 2
1759 1
1760 2
1761 2
1762 1
1763 3
1764 1
1765 3
1766 1
1767 1
1768 4
1769 1
1770 0
1771 1
1772 2
1773 2
1774 2
1775 0
1776 1
1777 2
1778 4
1779 0
1780 2
1781 1
1782 5
1783 2
1784 2
1785 3
1786 1
1787 2
1788 4
1789 3
1790 1
1791 0
1792 3
1793 3
1794 2
1795 1
1796 1
1797 0
1798 0
1799 2
1800 1
1801 3
1802 4
1803 3
1804 1
1805 1
1806 1
1807 1
1808 2
1809 0
1810 1
1811 1
1812 0
1813 1
1814 0
1815 4
1816 2
1817 4
1818 0
1819 2
1820 4
1821 2
1822 1
1823 0
1824 0
1825 0
1826 3
1827 0
1828 1
1829 0
1830 3
1831 4
1832 4
1833 1
1834 2
1835 0
1836 3
1837 2
1838 1
1839 0
1840 4
1841 2
1842 0
1843 2
1844 2
1845 3
1846 2
1847 1
1848 2
1849 0
1850 0
1851 0
1852 1
1853 0
1854 2
1855 0
1856 1
1857 1
1858 1
1859 0
1860 2
1861 0
1862 0
1863 1
1864 1
1865 1
1866 0
1867 2
1868 1
1869 0
1870 4
1871 0
1872 0
1873 0
1874 0
1875 0
1876 0
1877 0
1878 0
1879 2
1880 0
1881 0
1882 1
1883 1
1884 1
1885 0
1886 2
1887 1
1888 1
1889 0
1890 0
1891 0
1892 1
1893 0
1894 0
1895 1
1896 2
1897 1
1898 2
1899 1
1900 2
1901 0
1902 0
1903 1
1904 0
1905 0
1906 0
1907 0
1908 1
1909 1
1910 0
1911 0
1912 0
1913 0
1914 1
1915 0
1916 0
1917 0
1918 0
1919 1
1920 1
1921 2
1922 0
1923 0
1924 0
1925 1
1926 0
1927 0
1928 0
1929 0
1930 2
1931 1
1932 0
1933 0
1934 1
1935 0
1936 0
1937 1
1938 2
1939 0
1940 2
1941 0
1942 0
1943 1
1944 0
1945 1
1946 0
1947 1
1948 0
1949 0
1950 0
1951 0
1952 0
1953 0
1954 1
1955 0
1956 1
1957 0
1958 2
1959 0
1960 1
1961 0
1962 0
1963 0
1964 2
1965 0
1966 1
1967 0
1968 0
1969 0
1970 0
1971 1
1972 0
1973 1
1974 0
1975 0
1976 0
1977 3
1978 0
1979 0
1980 0
1981 0
1982 0
1983 0
1984 0
1985 1
1986 1
1987 0
1988 0
1989 0
1990 0
1991 0
1992 0
1993 1
1994 0
1995 0
1996 0
1997 0
1998 1
1999 0
2000 0
2001 0
2002 0
2003 0
2004 0
2005 0
2006 2
2007 0
2008 1
2009 0
2010 0
2011 0
2012 1
2013 0
2014 0
2015 0
2016 0
2017 0
2018 2
2019 0
2020 1
2021 0
2022 0
2023 0
2024 0
2025 0
2026 0
2027 0
2028 0
2029 0
2030 0
2031 2
2032 0
2033 0
2034 0
2035 0
2036 0
2037 0
2038 0
2039 0
2040 0
2041 0
2042 0
2043 0
2044 1
2045 1
2046 0
2047 0
2048 0
2049 0
2050 0
2051 0
2052 0
2053 0
2054 0
2055 0
2056 0
2057 0
2058 0
2059 0
2060 0
2061 0
2062 0
2063 0
2064 0
2065 0
2066 0
2067 0
2068 0
2069 1
2070 0
2071 0
2072 0
2073 0
2074 0
2075 0
2076 1
2077 0
2078 0
2079 0
2080 0
2081 0
2082 0
2083 0
2084 0
2085 0
2086 0
2087 0
2088 0
2089 0
2090 0
2091 0
2092 0
2093 0
2094 0
2095 0
2096 1
2097 0
2098 1
2099 0
2100 0
2101 0
2102 0
2103 0
2104 0
2105 0
2106 0
2107 0
2108 1
2109 0
2110 1
2111 0
2112 0
2113 0
2114 0
2115 0
2116 0
2117 0
2118 1
2119 0
2120 0
2121 0
2122 0
2123 1
2124 0
2125 0
2126 0
2127 0
2128 1
2129 0
2130 0
2131 0
2132 0
2133 1
2134 0
2135 0
2136 0
2137 0
2138 0
2139 0
2140 0
2141 0
2142 0
2143 0
2144 0
2145 1
2146 0
2147 0
2148 0
2149 0
2150 0
2151 0
2152 0
2153 0
2154 1
2155 0
2156 0
2157 0
2158 0
2159 0
2160 0
2161 0
2162 0
2163 0
2164 0
2165 0
2166 0
2167 0
2168 0
2169 0
2170 0
2171 0
2172 0
2173 0
2174 0
2175 1
2176 0
2177 0
2178 0
2179 0
2180 0
2181 0
2182 0
2183 0
2184 0
2185 0
2186 0
2187 0
2188 0
2189 0
2190 0
2191 0
2192 0
2193 0
2194 0
2195 0
2196 0
2197 0
2198 0
2199 0
2200 0
2201 0
2202 0
2203 0
2204 0
2205 0
2206 0
2207 0
2208 0
2209 1
2210 0
2211 0
2212 0
2213 0
2214 0
2215 0
2216 0
2217 1
2218 0
2219 1
2220 0
2221 1
2222 0
2223 0
2224 0
2225 0
2226 0
2227 0
2228 0
2229 0
2230 0
2231 0
2232 0
2233 0
2234 0
2235 0
2236 0
2237 0
2238 0
2239 0
2240 0
2241 0
2242 0
2243 0
2244 0
2245 0
2246 0
2247 0
2248 0
2249 0
2250 0
2251 0
2252 0
2253 0
2254 0
2255 0
2256 0
2257 0
2258 0
2259 0
2260 0
2261 0
2262 0
2263 0
2264 0
2265 0
2266 0
2267 0
2268 0
2269 0
2270 0
2271 0
2272 0
2273 0
2274 1
2275 0
2276 0
2277 0
2278 0
2279 0
2280 0
2281 0
2282 0
2283 0
2284 0
2285 0
2286 0
2287 0
2288 0
2289 0
2290 0
2291 0
2292 0
2293 0
2294 0
2295 0
2296 0
2297 0
2298 0
2299 0
2300 0
2301 0
2302 0
2303 0
2304 0
2305 0
2306 0
2307 0
2308 0
2309 0
2310 0
2311 0
2312 0
2313 0
2314 0
2315 0
2316 0
2317 0
2318 0
2319 0
2320 0
2321 0
2322 0
2323 0
2324 0
2325 0
2326 0
2327 0
2328 0
2329 0
2330 0
2331 0
2332 0
2333 0
2334 0
2335 0
2336 0
2337 0
2338 0
2339 0
2340 0
2341 0
2342 0
2343 0
2344 0
2345 0
2346 0
2347 0
2348 0
2349 0
2350 0
2351 0
2352 0
2353 0
2354 0
2355 0
2356 0
2357 0
2358 0
2359 0
2360 0
2361 0
2362 0
2363 0
2364 0
2365 0
2366 1
2367 0
2368 0
2369 0
2370 0
2371 0
2372 0
2373 0
2374 0
2375 0
2376 0
2377 0
2378 0
2379 0
2380 0
2381 1
2382 0
2383 1
2384 0
2385 0
2386 0
2387 0
2388 0
2389 0
2390 0
2391 0
2392 1
2393 0
2394 0
2395 0
2396 0
2397 0
2398 0
2399 0
2400 0
2401 0
2402 0
2403 0
2404 0
2405 0
2406 0
2407 0
2408 0
2409 0
2410 0
2411 0
2412 0
2413 0
2414 0
2415 0
2416 0
2417 0
2418 0
2419 0
2420 0
2421 0
2422 0
2423 1
2424 0
2425 0
2426 0
2427 0
2428 0
2429 0
2430 0
2431 0
2432 0
2433 0
2434 0
2435 0
2436 0
2437 0
2438 0
2439 0
2440 0
2441 0
2442 0
2443 0
2444 0
2445 0
2446 0
2447 0
2448 0
2449 0
2450 0
2451 0
2452 0
2453 0
2454 0
2455 0
2456 0
2457 0
2458 0
2459 0
2460 0
2461 0
2462 0
2463 0
2464 0
2465 0
2466 0
2467 0
2468 0
2469 0
2470 0
2471 0
2472 0
2473 1
2474 0
2475 0
2476 0
2477 0
2478 0
2479 0
2480 0
2481 0
2482 0
2483 0
2484 0
2485 0
2486 0
2487 0
2488 0
2489 0
2490 0
2491 0
2492 0
2493 0
2494 0
2495 0
2496 0
2497 0
2498 0
2499 0
2500 0
2501 0
2502 0
2503 0
2504 0
2505 0
2506 0
2507 0
2508 0
2509 1
2510 0
2511 0
2512 0
2513 0
2514 0
2515 0
2516 0
2517 0
2518 0
2519 0
2520 0
2521 0
2522 0
2523 0
2524 0
2525 0
2526 0
2527 0
2528 0
2529 0
2530 0
2531 0
2532 0
2533 0
2534 0
2535 0
2536 0
2537 0
2538 0
2539 0
2540 0
2541 0
2542 0
2543 0
2544 0
2545 0
2546 0
2547 0
2548 0
2549 0
2550 0
2551 0
2552 0
2553 0
2554 0
2555 0
2556 0
2557 0
2558 0
2559 0
2560 0
2561 0
2562 0
2563 0
2564 0
2565 1
2566 0
2567 0
2568 0
2569 0
2570 0
2571 0
2572 0
2573 0
2574 0
2575 0
2576 0
2577 0
2578 0
2579 0
2580 0
2581 0
2582 0
2583 0
2584 0
2585 0
2586 0
2587 0
2588 0
2589 0
2590 0
2591 0
2592 0
2593 0
2594 0
2595 0
2596 0
2597 0
2598 0
2599 0
2600 0
2601 0
2602 0
2603 0
2604 0
2605 0
2606 0
2607 0
2608 0
2609 0
2610 0
2611 0
2612 0
2613 0
2614 0
2615 0
2616 0
2617 0
2618 0
2619 0
2620 0
2621 0
2622 0
2623 0
2624 0
2625 0
2626 0
2627 0
2628 0
2629 0
2630 0
2631 0
2632 0
2633 0
2634 0
2635 0
2636 0
2637 0
2638 0
2639 0
2640 0
2641 0
2642 0
2643 0
2644 0
2645 0
2646 0
2647 0
2648 0
2649 0
2650 0
2651 0
2652 0
2653 0
2654 0
2655 0
2656 0
2657 0
2658 0
2659 0
2660 0
2661 0
2662 0
2663 0
2664 0
2665 0
2666 0
2667 0
2668 0
2669 0
2670 0
2671 0
2672 0
2673 0
2674 0
2675 0
2676 0
2677 0
2678 0
2679 0
2680 0
2681 0
2682 0
2683 0
2684 0
2685 0
2686 0
2687 0
2688 0
2689 0
2690 1
2691 0
2692 0
2693 0
2694 0
2695 0
2696 0
2697 0
2698 0
2699 0
2700 0
2701 0
2702 0
2703 0
2704 0
2705 0
2706 0
2707 0
2708 0
2709 0
2710 0
2711 0
2712 0
2713 0
2714 0
2715 0
2716 0
2717 0
2718 0
2719 0
2720 0
2721 0
2722 0
2723 0
2724 0
2725 0
2726 0
2727 0
2728 0
2729 0
2730 0
2731 0
2732 0
2733 0
2734 0
2735 0
2736 0
2737 0
2738 0
2739 0
2740 0
2741 0
2742 0
2743 0
2744 0
2745 0
2746 0
2747 0
2748 0
2749 0
2750 0
2751 0
2752 0
2753 0
2754 0
2755 0
2756 0
2757 0
2758 0
2759 0
2760 0
2761 0
2762 0
2763 0
2764 0
2765 0
2766 0
2767 0
2768 0
2769 0
2770 0
2771 0
2772 0
2773 0
2774 0
2775 0
2776 0
2777 0
2778 0
2779 0
2780 0
2781 0
2782 1
2783 0
2784 0
2785 1
2786 0
2787 0
2788 0
2789 0
2790 0
2791 0
2792 0
2793 0
2794 0
2795 0
2796 0
2797 0
2798 0
2799 0
2800 0
2801 0
2802 0
2803 0
2804 0
2805 0
2806 0
2807 0
2808 0
2809 0
2810 0
2811 0
2812 0
2813 0
2814 0
2815 0
2816 0
2817 0
2818 0
2819 0
2820 0
2821 0
2822 0
2823 0
2824 0
2825 0
2826 0
2827 0
2828 0
2829 0
2830 0
2831 0
2832 0
2833 0
2834 0
2835 0
2836 0
2837 0
2838 0
2839 0
2840 0
2841 0
2842 0
2843 0
2844 0
2845 0
2846 0
2847 0
2848 0
2849 0
2850 0
2851 0
2852 0
2853 0
2854 0
2855 0
2856 0
2857 0
2858 0
2859 0
2860 0
2861 0
2862 0
2863 0
2864 0
2865 0
2866 0
2867 0
2868 0
2869 0
2870 0
2871 0
2872 0
2873 0
2874 0
2875 0
2876 0
2877 0
2878 0
2879 0
2880 0
2881 0
2882 0
2883 0
2884 0
2885 0
2886 0
2887 0
2888 0
2889 0
2890 0
2891 0
2892 0
2893 0
2894 0
2895 0
2896 0
2897 0
2898 0
2899 0
2900 0
2901 0
2902 0
2903 0
2904 0
2905 0
2906 0
2907 0
2908 0
2909 0
2910 0
2911 1
2912 0
2913 0
2914 0
2915 0
2916 0
2917 0
2918 0
2919 0
2920 0
2921 0
2922 0
2923 0
2924 0
2925 0
2926 0
2927 0
2928 0
2929 0
2930 0
2931 0
2932 0
2933 0
2934 0
2935 0
2936 0
2937 0
2938 0
2939 0
2940 0
2941 0
2942 0
2943 0
2944 0
2945 0
2946 0
2947 0
2948 0
2949 0
2950 0
2951 0
2952 0
2953 0
2954 1
2955 0
2956 0
2957 0
2958 0
2959 0
2960 0
2961 0
2962 0
2963 0
2964 0
2965 0
2966 0
2967 0
2968 0
2969 0
2970 0
2971 0
2972 0
2973 0
2974 0
2975 0
2976 0
2977 0
2978 0
2979 0
2980 0
2981 0
2982 0
2983 0
2984 0
2985 0
2986 0
2987 0
2988 0
2989 0
2990 0
2991 0
2992 0
2993 0
2994 0
2995 1
2996 0
2997 0
2998 0
2999 0
3000 0
3001 0
3002 0
3003 0
3004 0
3005 1
3006 0
3007 0
3008 0
3009 0
3010 0
3011 0
3012 0
3013 0
3014 0
3015 0
3016 0
3017 0
3018 0
3019 0
3020 0
3021 0
3022 0
3023 0
3024 0
3025 0
3026 0
3027 0
3028 0
3029 0
3030 0
3031 0
3032 0
3033 0
3034 1
3035 0
3036 0
3037 0
3038 0
3039 0
3040 0
3041 0
3042 1
3043 0
3044 0
3045 0
3046 0
3047 0
3048 0
3049 0
3050 0
3051 0
3052 0
3053 0
3054 0
3055 0
3056 0
3057 0
3058 0
3059 0
3060 0
3061 0
3062 0
3063 0
3064 0
3065 0
3066 0
3067 0
3068 0
3069 0
3070 0
3071 0
3072 0
3073 0
3074 0
3075 0
3076 1
3077 1
3078 0
3079 0
3080 0
3081 0
3082 0
3083 0
3084 0
3085 0
3086 0
3087 0
3088 0
3089 0
3090 0
3091 0
3092 0
3093 0
3094 0
3095 0
3096 0
3097 0
3098 0
3099 0
3100 0
3101 0
3102 0
3103 0
3104 0
3105 0
3106 0
3107 0
3108 0
3109 0
3110 0
3111 0
3112 0
3113 0
3114 0
3115 0
3116 0
3117 0
3118 0
3119 0
3120 0
3121 0
3122 0
3123 0
3124 0
3125 0
3126 0
3127 0
3128 0
3129 0
3130 0
3131 0
3132 0
3133 0
3134 0
3135 0
3136 0
3137 0
3138 0
3139 0
3140 0
3141 0
3142 0
3143 0
3144 0
3145 0
3146 0
3147 0
3148 0
3149 0
3150 0
3151 0
3152 0
3153 1
3154 0
3155 0
3156 0
3157 0
3158 0
3159 0
3160 0
3161 0
3162 0
3163 0
3164 0
3165 0
3166 0
3167 0
3168 0
3169 0
3170 0
3171 0
3172 0
3173 0
3174 0
3175 0
3176 0
3177 0
3178 0
3179 0
3180 0
3181 0
3182 0
3183 0
3184 0
3185 0
3186 0
3187 0
3188 0
3189 0
3190 0
3191 0
3192 0
3193 0
3194 0
3195 0
3196 0
3197 0
3198 0
3199 0
3200 0
3201 0
3202 0
3203 0
3204 0
3205 0
3206 0
3207 0
3208 0
3209 0
3210 0
3211 0
3212 0
3213 0
3214 0
3215 0
3216 0
3217 0
3218 0
3219 0
3220 0
3221 0
3222 0
3223 0
3224 0
3225 0
3226 1
3227 0
3228 0
3229 0
3230 0
3231 0
3232 0
3233 0
3234 0
3235 0
3236 0
3237 0
3238 0
3239 0
3240 0
3241 1
3242 0
3243 0
3244 0
3245 0
3246 0
3247 0
3248 0
3249 0
3250 0
3251 0
3252 0
3253 0
3254 0
3255 0
3256 0
3257 0
3258 0
3259 0
3260 0
3261 0
3262 0
3263 0
3264 0
3265 0
3266 0
3267 0
3268 0
3269 0
3270 0
3271 0
3272 0
3273 0
3274 0
3275 0
3276 0
3277 0
3278 0
3279 0
3280 0
3281 0
3282 0
3283 0
3284 0
3285 0
3286 0
3287 0
3288 0
3289 0
3290 0
3291 0
3292 0
3293 0
3294 0
3295 0
3296 0
3297 0
3298 0
3299 0
3300 0
3301 0
3302 0
3303 0
3304 0
3305 0
3306 0
3307 0
3308 0
3309 0
3310 0
3311 0
3312 0
3313 0
3314 0
3315 1
3316 0
3317 0
3318 0
3319 0
3320 0
3321 0
3322 0
3323 0
3324 0
3325 0
3326 0
3327 0
3328 0
3329 0
3330 0
3331 0
3332 0
3333 0
3334 0
3335 0
3336 0
3337 0
3338 0
3339 0
3340 0
3341 0
3342 0
3343 0
3344 0
3345 0
3346 0
3347 0
3348 0
3349 0
3350 0
3351 0
3352 0
3353 0
3354 0
3355 0
3356 0
3357 0
3358 0
3359 0
3360 0
3361 0
3362 0
3363 0
3364 0
3365 0
3366 0
3367 0
3368 0
3369 0
3370 0
3371 0
3372 0
3373 0
3374 0
3375 0
3376 0
3377 0
3378 0
3379 0
3380 0
3381 0
3382 0
3383 0
3384 0
3385 0
3386 0
3387 0
3388 0
3389 0
3390 0
3391 0
3392 0
3393 0
3394 0
3395 0
3396 0
3397 0
3398 0
3399 0
3400 0
3401 0
3402 0
3403 1
3404 0
3405 0
3406 0
3407 0
3408 0
3409 0
3410 0
3411 0
3412 0
3413 0
3414 0
3415 0
3416 0
3417 0
3418 0
3419 0
3420 0
3421 0
3422 0
3423 0
3424 0
3425 0
3426 0
3427 0
3428 0
3429 0
3430 0
3431 0
3432 0
3433 0
3434 0
3435 0
3436 0
3437 0
3438 1
3439 0
3440 0
3441 0
3442 0
3443 0
3444 0
3445 0
3446 0
3447 0
3448 0
3449 0
3450 1
3451 0
3452 0
3453 0
3454 0
3455 0
3456 0
3457 0
3458 0
3459 0
3460 0
3461 0
3462 0
3463 0
3464 0
3465 0
3466 0
3467 0
3468 0
3469 0
3470 0
3471 0
3472 0
3473 0
3474 0
3475 0
3476 0
3477 0
3478 0
3479 0
3480 0
3481 0
3482 0
3483 0
3484 0
3485 0
3486 0
3487 0
3488 0
3489 0
3490 0
3491 0
3492 0
3493 0
3494 0
3495 0
3496 0
3497 0
3498 0
3499 0
3500 0
3501 0
3502 0
3503 0
3504 0
3505 0
3506 0
3507 0
3508 0
3509 0
3510 0
3511 0
3512 0
3513 0
3514 0
3515 0
3516 0
3517 0
3518 0
3519 0
3520 0
3521 0
3522 0
3523 0
3524 0
3525 0
3526 0
3527 0
3528 0
3529 0
3530 0
3531 0
3532 0
3533 0
3534 0
3535 0
3536 0
3537 0
3538 0
3539 0
3540 0
3541 0
3542 0
3543 0
3544 0
3545 0
3546 0
3547 0
3548 0
3549 0
3550 0
3551 0
3552 0
3553 0
3554 0
3555 0
3556 0
3557 0
3558 0
3559 0
3560 0
3561 0
3562 0
3563 0
3564 0
3565 0
3566 0
3567 0
3568 0
3569 0
3570 0
3571 0
3572 0
3573 0
3574 0
3575 0
3576 0
3577 0
3578 0
3579 0
3580 0
3581 0
3582 0
3583 0
3584 0
3585 0
3586 0
3587 0
3588 0
3589 0
3590 0
3591 0
3592 0
3593 0
3594 0
3595 0
3596 0
3597 0
3598 0
3599 0
3600 0
3601 0
3602 0
3603 0
3604 0
3605 0
3606 0
3607 0
3608 0
3609 0
3610 0
3611 0
3612 0
3613 0
3614 0
3615 0
3616 0
3617 0
3618 0
3619 0
3620 0
3621 0
3622 0
3623 0
3624 0
3625 0
3626 0
3627 0
3628 0
3629 0
3630 0
3631 0
3632 0
3633 0
3634 0
3635 0
3636 0
3637 0
3638 0
3639 0
3640 0
3641 0
3642 0
3643 0
3644 0
3645 0
3646 0
3647 1
3648 0
3649 0
3650 0
3651 0
3652 0
3653 1
3654 0
3655 0
3656 0
3657 0
3658 0
3659 0
3660 0
3661 0
3662 0
3663 0
3664 0
3665 0
3666 0
3667 0
3668 0
3669 0
3670 0
3671 0
3672 0
3673 0
3674 0
3675 1
3676 0
3677 0
3678 1
3679 0
3680 0
3681 0
3682 0
3683 0
3684 0
3685 0
3686 0
3687 0
3688 0
3689 0
3690 0
3691 0
3692 0
3693 0
3694 0
3695 0
3696 0
3697 0
3698 0
3699 0
3700 0
3701 1
3702 0
3703 0
3704 0
3705 0
3706 0
3707 0
3708 0
3709 0
3710 0
3711 1
3712 1
3713 0
3714 0
3715 0
3716 0
3717 0
3718 0
3719 0
3720 0
3721 0
3722 0
3723 0
3724 0
3725 0
3726 0
3727 0
3728 0
3729 0
3730 0
3731 0
3732 0
3733 0
3734 0
3735 0
3736 0
3737 0
3738 0
3739 0
3740 0
3741 0
3742 0
3743 0
3744 0
3745 0
3746 0
3747 0
3748 0
3749 0
3750 0
3751 0
3752 0
3753 0
3754 0
3755 0
3756 0
3757 0
3758 0
3759 0
3760 0
3761 0
3762 0
3763 0
3764 0
3765 0
3766 0
3767 0
3768 0
3769 0
3770 0
3771 0
3772 0
3773 0
3774 0
3775 0
3776 0
3777 0
3778 0
3779 0
3780 0
3781 0
3782 0
3783 0
3784 0
3785 0
3786 1
3787 0
3788 0
3789 0
3790 0
3791 0
3792 0
3793 0
3794 0
3795 0
3796 0
3797 0
3798 0
3799 0
3800 0
3801 0
3802 0
3803 1
3804 0
3805 0
3806 0
3807 0
3808 0
3809 0
3810 0
3811 0
3812 0
3813 0
3814 0
3815 0
3816 0
3817 0
3818 1
3819 0
3820 0
3821 0
3822 0
3823 0
3824 0
3825 0
3826 0
3827 0
3828 0
3829 0
3830 0
3831 0
3832 0
3833 0
3834 0
3835 0
3836 0
3837 0
3838 0
3839 0
3840 0
3841 0
3842 0
3843 0
3844 0
3845 0
3846 0
3847 0
3848 0
3849 0
3850 0
3851 0
3852 0
3853 0
3854 0
3855 0
3856 0
3857 0
3858 0
3859 0
3860 0
3861 0
3862 0
3863 1
3864 0
3865 0
3866 0
3867 0
3868 0
3869 0
3870 0
3871 0
3872 0
3873 0
3874 0
3875 0
3876 0
3877 0
3878 0
3879 0
3880 0
3881 0
3882 0
3883 0
3884 0
3885 0
3886 0
3887 0
3888 0
3889 0
3890 0
3891 0
3892 0
3893 0
3894 0
3895 0
3896 0
3897 0
3898 0
3899 0
3900 0
3901 0
3902 0
3903 0
3904 0
3905 0
3906 0
3907 0
3908 0
3909 0
3910 0
3911 0
3912 0
3913 0
3914 0
3915 0
3916 0
3917 0
3918 0
3919 0
3920 0
3921 0
3922 0
3923 1
3924 0
3925 0
3926 0
3927 0
3928 0
3929 0
3930 0
3931 0
3932 0
3933 0
3934 0
3935 0
3936 0
3937 0
3938 0
3939 0
3940 0
3941 0
3942 0
3943 0
3944 0
3945 0
3946 0
3947 0
3948 0
3949 0
3950 0
3951 0
3952 0
3953 0
3954 0
3955 0
3956 0
3957 0
3958 0
3959 0
3960 0
3961 0
3962 0
3963 0
3964 0
3965 0
3966 0
3967 0
3968 0
3969 0
3970 0
3971 0
3972 0
3973 0
3974 0
3975 0
3976 0
3977 0
3978 0
3979 0
3980 0
3981 0
3982 0
3983 0
3984 0
3985 0
3986 0
3987 0
3988 0
3989 0
3990 0
3991 0
3992 0
3993 0
3994 0
3995 0
3996 0
3997 0
3998 0
3999 0
4000 0
