0 0
1 0
2 0
3 0
4 0
5 0
6 0
7 0
8 0
9 0
10 0
11 0
12 0
13 0
14 0
15 0
16 0
17 0
18 0
19 0
20 0
21 0
22 0
23 0
24 0
25 0
26 0
27 0
28 0
29 0
30 0
31 0
32 0
33 0
34 0
35 0
36 0
37 0
38 0
39 0
40 0
41 0
42 0
43 0
44 0
45 0
46 0
47 0
48 0
49 0
50 0
51 0
52 0
53 0
54 0
55 0
56 0
57 0
58 0
59 0
60 0
61 0
62 0
63 0
64 0
65 0
66 0
67 0
68 0
69 0
70 0
71 0
72 0
73 0
74 0
75 0
76 0
77 0
78 0
79 0
80 0
81 0
82 0
83 0
84 0
85 0
86 11
87 24
88 20
89 19
90 23
91 22
92 23
93 17
94 20
95 18
96 14
97 16
98 13
99 14
100 18
101 10
102 8
103 7
104 10
105 9
106 6
107 10
108 6
109 6
110 28
111 149
112 781
113 2512
114 5082
115 7310
116 9217
117 9892
118 10216
119 10161
120 9289
121 8767
122 7815
123 6804
124 5926
125 5243
126 4543
127 3896
128 3445
129 2931
130 2570
131 2267
132 2025
133 1860
134 1724
135 1549
136 1530
137 1419
138 1487
139 1354
140 1368
141 1325
142 1371
143 1390
144 1324
145 1372
146 1362
147 1281
148 1318
149 1335
150 1295
151 1389
152 1392
153 1321
154 1346
155 1333
156 1316
157 1350
158 1344
159 1319
160 1302
161 1333
162 1342
163 1353
164 1388
165 1406
166 1326
167 1381
168 1373
169 1403
170 1405
171 1381
172 1369
173 1372
174 1441
175 1416
176 1349
177 1361
178 1373
179 1393
180 1454
181 1408
182 1390
183 1371
184 1403
185 1386
186 1403
187 1369
188 1370
189 1487
190 1410
191 1416
192 1404
193 1378
194 1361
195 1468
196 1410
197 1444
198 1408
199 1430
200 1376
201 1472
202 1502
203 1449
204 1468
205 1445
206 1436
207 1371
208 1470
209 1474
210 1488
211 1400
212 1492
213 1517
214 1516
215 1504
216 1513
217 1420
218 1478
219 1492
220 1444
221 1491
222 1497
223 1491
224 1476
225 1445
226 1465
227 1505
228 1444
229 1488
230 1463
231 1527
232 1542
233 1516
234 1528
235 1530
236 1557
237 1545
238 1522
239 1554
240 1572
241 1483
242 1536
243 1590
244 1541
245 1608
246 1543
247 1541
248 1566
249 1625
250 1602
251 1513
252 1557
253 1565
254 1541
255 1565
256 1642
257 1645
258 1662
259 1616
260 1654
261 1705
262 1610
263 1578
264 1559
265 1605
266 1658
267 1634
268 1684
269 1665
270 1657
271 1630
272 1667
273 1665
274 1645
275 1617
276 1721
277 1657
278 1692
279 1717
280 1742
281 1722
282 1761
283 1744
284 1783
285 1680
286 1728
287 1699
288 1720
289 1772
290 1807
291 1704
292 1735
293 1786
294 1707
295 1862
296 1772
297 1852
298 1823
299 1716
300 1739
301 1814
302 1910
303 1841
304 1888
305 1820
306 1846
307 1828
308 1774
309 1848
310 1845
311 1845
312 1824
313 1846
314 1910
315 1890
316 1922
317 1936
318 1886
319 1889
320 1831
321 1792
322 1915
323 1971
324 1915
325 1894
326 1898
327 1922
328 1946
329 1940
330 1934
331 1911
332 1912
333 1970
334 1908
335 1969
336 2005
337 1969
338 1964
339 1952
340 1877
341 1927
342 1927
343 1987
344 1953
345 1927
346 2025
347 2012
348 1933
349 1988
350 1936
351 2048
352 1993
353 1958
354 1925
355 1977
356 2037
357 1883
358 1916
359 1935
360 1993
361 2057
362 1987
363 1926
364 1883
365 1992
366 1962
367 1858
368 1925
369 1905
370 1912
371 2007
372 1972
373 2009
374 1912
375 1929
376 2005
377 1946
378 1922
379 1998
380 1896
381 1844
382 1954
383 1898
384 1882
385 1941
386 1944
387 1847
388 1877
389 1839
390 1927
391 1953
392 1879
393 1934
394 1984
395 1892
396 1880
397 1919
398 1865
399 1931
400 1853
401 1851
402 1847
403 1839
404 1838
405 1795
406 1781
407 1761
408 1835
409 1832
410 1848
411 1863
412 1886
413 1687
414 1789
415 1664
416 1796
417 1802
418 1717
419 1710
420 1721
421 1744
422 1761
423 1775
424 1701
425 1636
426 1708
427 1683
428 1704
429 1621
430 1617
431 1588
432 1652
433 1645
434 1639
435 1559
436 1608
437 1571
438 1528
439 1640
440 1632
441 1545
442 1528
443 1521
444 1593
445 1503
446 1512
447 1493
448 1525
449 1494
450 1470
451 1460
452 1441
453 1477
454 1420
455 1445
456 1461
457 1401
458 1463
459 1386
460 1399
461 1452
462 1336
463 1380
464 1301
465 1323
466 1370
467 1324
468 1310
469 1359
470 1309
471 1305
472 1281
473 1231
474 1263
475 1277
476 1271
477 1203
478 1266
479 1246
480 1222
481 1162
482 1226
483 1197
484 1146
485 1133
486 1204
487 1171
488 1089
489 1114
490 1098
491 1109
492 1126
493 1075
494 1087
495 1079
496 1056
497 1052
498 989
499 1049
500 1018
501 1007
502 1059
503 1038
504 984
505 960
506 1013
507 958
508 938
509 1037
510 886
511 954
512 904
513 914
514 956
515 989
516 973
517 895
518 914
519 947
520 884
521 879
522 925
523 816
524 841
525 885
526 788
527 814
528 800
529 817
530 753
531 756
532 807
533 758
534 747
535 742
536 719
537 770
538 705
539 704
540 712
541 758
542 736
543 750
544 668
545 707
546 705
547 674
548 639
549 662
550 629
551 682
552 634
553 647
554 665
555 623
556 659
557 598
558 595
559 582
560 614
561 610
562 587
563 600
564 616
565 555
566 581
567 563
568 578
569 605
570 534
571 487
572 502
573 514
574 525
575 560
576 526
577 545
578 514
579 516
580 525
581 536
582 460
583 529
584 510
585 471
586 484
587 468
588 493
589 472
590 487
591 500
592 490
593 480
594 461
595 418
596 430
597 452
598 452
599 430
600 447
601 421
602 434
603 401
604 379
605 395
606 404
607 404
608 416
609 401
610 396
611 395
612 362
613 377
614 394
615 413
616 368
617 372
618 353
619 376
620 370
621 360
622 366
623 372
624 385
625 373
626 390
627 357
628 324
629 350
630 328
631 326
632 355
633 340
634 363
635 375
636 364
637 328
638 328
639 330
640 340
641 293
642 316
643 312
644 303
645 322
646 303
647 341
648 355
649 315
650 299
651 340
652 303
653 300
654 278
655 322
656 294
657 291
658 301
659 293
660 316
661 314
662 307
663 309
664 309
665 303
666 269
667 260
668 282
669 286
670 297
671 298
672 305
673 267
674 274
675 279
676 288
677 265
678 275
679 271
680 282
681 268
682 245
683 279
684 241
685 269
686 269
687 269
688 299
689 259
690 270
691 257
692 266
693 254
694 237
695 283
696 261
697 259
698 258
699 248
700 250
701 217
702 260
703 250
704 241
705 253
706 242
707 293
708 224
709 254
710 225
711 255
712 236
713 218
714 229
715 239
716 231
717 239
718 243
719 232
720 267
721 227
722 260
723 277
724 249
725 266
726 238
727 240
728 230
729 220
730 255
731 229
732 244
733 242
734 217
735 238
736 223
737 228
738 216
739 242
740 217
741 226
742 221
743 247
744 245
745 202
746 243
747 235
748 233
749 216
750 231
751 236
752 251
753 261
754 243
755 238
756 239
757 214
758 225
759 217
760 227
761 241
762 243
763 250
764 225
765 223
766 253
767 249
768 261
769 212
770 214
771 241
772 221
773 218
774 228
775 220
776 240
777 236
778 235
779 242
780 239
781 218
782 223
783 234
784 209
785 233
786 208
787 226
788 210
789 241
790 219
791 181
792 218
793 237
794 207
795 211
796 236
797 210
798 225
799 234
800 242
801 187
802 211
803 242
804 225
805 225
806 203
807 211
808 244
809 203
810 219
811 256
812 205
813 226
814 215
815 223
816 209
817 232
818 216
819 209
820 217
821 225
822 177
823 217
824 199
825 228
826 196
827 207
828 214
829 205
830 214
831 232
832 192
833 235
834 217
835 210
836 229
837 179
838 230
839 207
840 191
841 193
842 234
843 222
844 199
845 232
846 227
847 211
848 186
849 220
850 205
851 238
852 205
853 209
854 226
855 177
856 221
857 191
858 192
859 211
860 229
861 201
862 222
863 228
864 231
865 202
866 209
867 197
868 206
869 198
870 206
871 175
872 208
873 201
874 200
875 216
876 201
877 192
878 186
879 191
880 208
881 186
882 191
883 165
884 202
885 214
886 209
887 190
888 196
889 193
890 190
891 212
892 219
893 198
894 187
895 202
896 183
897 199
898 189
899 203
900 182
901 193
902 216
903 206
904 211
905 197
906 204
907 222
908 197
909 177
910 229
911 195
912 200
913 184
914 190
915 172
916 188
917 174
918 191
919 199
920 218
921 197
922 185
923 197
924 185
925 175
926 174
927 160
928 210
929 169
930 168
931 195
932 191
933 209
934 181
935 151
936 206
937 178
938 162
939 166
940 170
941 187
942 164
943 178
944 187
945 180
946 197
947 184
948 173
949 174
950 190
951 172
952 165
953 184
954 195
955 186
956 191
957 177
958 166
959 173
960 166
961 176
962 172
963 178
964 166
965 173
966 155
967 163
968 155
969 167
970 171
971 174
972 177
973 162
974 165
975 170
976 174
977 184
978 170
979 170
980 159
981 158
982 152
983 149
984 158
985 187
986 184
987 169
988 170
989 151
990 144
991 147
992 167
993 172
994 155
995 139
996 158
997 138
998 147
999 157
1000 144
1001 158
1002 151
1003 173
1004 150
1005 144
1006 141
1007 130
1008 146
1009 141
1010 155
1011 134
1012 150
1013 141
1014 148
1015 140
1016 131
1017 140
1018 148
1019 159
1020 120
1021 139
1022 113
1023 145
1024 145
1025 123
1026 154
1027 146
1028 133
1029 118
1030 136
1031 142
1032 126
1033 168
1034 123
1035 127
1036 149
1037 146
1038 140
1039 135
1040 129
1041 139
1042 150
1043 122
1044 127
1045 117
1046 130
1047 118
1048 119
1049 129
1050 119
1051 130
1052 137
1053 127
1054 136
1055 126
1056 115
1057 135
1058 118
1059 125
1060 129
1061 129
1062 129
1063 125
1064 112
1065 136
1066 106
1067 121
1068 131
1069 135
1070 117
1071 120
1072 98
1073 89
1074 120
1075 124
1076 101
1077 101
1078 111
1079 90
1080 97
1081 110
1082 124
1083 101
1084 111
1085 123
1086 112
1087 112
1088 92
1089 108
1090 103
1091 102
1092 100
1093 107
1094 109
1095 105
1096 108
1097 108
1098 102
1099 103
1100 110
1101 97
1102 94
1103 85
1104 103
1105 98
1106 101
1107 99
1108 89
1109 92
1110 113
1111 111
1112 102
1113 105
1114 95
1115 103
1116 83
1117 92
1118 85
1119 83
1120 110
1121 89
1122 82
1123 93
1124 86
1125 87
1126 86
1127 93
1128 93
1129 90
1130 87
1131 92
1132 88
1133 83
1134 84
1135 85
1136 82
1137 71
1138 96
1139 113
1140 73
1141 73
1142 88
1143 100
1144 92
1145 77
1146 83
1147 70
1148 76
1149 76
1150 87
1151 84
1152 72
1153 68
1154 70
1155 75
1156 78
1157 77
1158 87
1159 70
1160 82
1161 70
1162 75
1163 67
1164 68
1165 67
1166 76
1167 68
1168 77
1169 64
1170 80
1171 60
1172 70
1173 71
1174 83
1175 76
1176 69
1177 67
1178 58
1179 78
1180 63
1181 66
1182 70
1183 71
1184 80
1185 63
1186 62
1187 60
1188 62
1189 71
1190 91
1191 64
1192 77
1193 56
1194 78
1195 68
1196 54
1197 67
1198 65
1199 54
1200 55
1201 52
1202 64
1203 66
1204 60
1205 60
1206 61
1207 60
1208 44
1209 64
1210 51
1211 65
1212 55
1213 51
1214 64
1215 57
1216 44
1217 55
1218 42
1219 54
1220 56
1221 54
1222 52
1223 51
1224 48
1225 42
1226 46
1227 48
1228 52
1229 58
1230 52
1231 36
1232 40
1233 40
1234 40
1235 64
1236 40
1237 69
1238 58
1239 37
1240 40
1241 51
1242 44
1243 50
1244 48
1245 45
1246 61
1247 58
1248 45
1249 42
1250 38
1251 55
1252 47
1253 43
1254 54
1255 53
1256 47
1257 46
1258 50
1259 35
1260 42
1261 43
1262 47
1263 31
1264 35
1265 45
1266 54
1267 50
1268 37
1269 30
1270 33
1271 43
1272 40
1273 43
1274 45
1275 40
1276 53
1277 28
1278 49
1279 35
1280 39
1281 39
1282 41
1283 40
1284 51
1285 44
1286 41
1287 43
1288 25
1289 42
1290 43
1291 31
1292 39
1293 37
1294 44
1295 36
1296 38
1297 48
1298 30
1299 37
1300 35
1301 30
1302 40
1303 33
1304 35
1305 35
1306 27
1307 36
1308 30
1309 42
1310 34
1311 23
1312 37
1313 36
1314 35
1315 28
1316 39
1317 29
1318 12
1319 21
1320 30
1321 26
1322 29
1323 27
1324 23
1325 29
1326 21
1327 34
1328 26
1329 29
1330 37
1331 27
1332 37
1333 39
1334 28
1335 29
1336 27
1337 25
1338 17
1339 32
1340 29
1341 23
1342 20
1343 32
1344 31
1345 22
1346 30
1347 27
1348 29
1349 30
1350 25
1351 20
1352 36
1353 21
1354 24
1355 21
1356 21
1357 35
1358 22
1359 31
1360 33
1361 25
1362 19
1363 22
1364 24
1365 18
1366 33
1367 21
1368 20
1369 25
1370 22
1371 21
1372 27
1373 20
1374 21
1375 21
1376 15
1377 27
1378 20
1379 13
1380 29
1381 29
1382 11
1383 22
1384 18
1385 25
1386 21
1387 16
1388 31
1389 21
1390 14
1391 20
1392 21
1393 19
1394 21
1395 19
1396 25
1397 20
1398 24
1399 16
1400 14
1401 21
1402 16
1403 12
1404 11
1405 14
1406 22
1407 17
1408 22
1409 22
1410 19
1411 17
1412 10
1413 16
1414 21
1415 13
1416 17
1417 16
1418 17
1419 18
1420 15
1421 12
1422 17
1423 13
1424 14
1425 12
1426 24
1427 12
1428 17
1429 8
1430 9
1431 16
1432 20
1433 9
1434 13
1435 15
1436 10
1437 19
1438 11
1439 16
1440 13
1441 11
1442 6
1443 18
1444 10
1445 13
1446 12
1447 10
1448 13
1449 17
1450 15
1451 14
1452 6
1453 8
1454 13
1455 16
1456 17
1457 13
1458 22
1459 15
1460 10
1461 10
1462 17
1463 15
1464 8
1465 8
1466 15
1467 10
1468 10
1469 9
1470 9
1471 8
1472 16
1473 7
1474 10
1475 8
1476 12
1477 11
1478 11
1479 9
1480 14
1481 9
1482 9
1483 8
1484 13
1485 6
1486 13
1487 11
1488 10
1489 11
1490 9
1491 9
1492 10
1493 7
1494 9
1495 12
1496 9
1497 9
1498 10
1499 7
1500 6
1501 11
1502 6
1503 6
1504 9
1505 9
1506 6
1507 8
1508 7
1509 8
1510 9
1511 9
1512 10
1513 4
1514 10
1515 7
1516 10
1517 7
1518 11
1519 11
1520 8
1521 11
1522 5
1523 5
1524 10
1525 12
1526 8
1527 11
1528 7
1529 4
1530 6
1531 9
1532 6
1533 10
1534 2
1535 6
1536 7
1537 7
1538 6
1539 11
1540 4
1541 6
1542 0
1543 3
1544 10
1545 4
1546 9
1547 6
1548 9
1549 6
1550 6
1551 6
1552 3
1553 5
1554 11
1555 6
1556 6
1557 3
1558 2
1559 5
1560 5
1561 8
1562 3
1563 5
1564 8
1565 5
1566 7
1567 4
1568 8
1569 9
1570 8
1571 3
1572 3
1573 8
1574 5
1575 2
1576 2
1577 5
1578 3
1579 2
1580 5
1581 5
1582 2
1583 4
1584 4
1585 11
1586 5
1587 3
1588 5
1589 4
1590 7
1591 5
1592 4
1593 6
1594 5
1595 1
1596 2
1597 2
1598 4
1599 3
1600 7
1601 3
1602 3
1603 2
1604 3
1605 5
1606 3
1607 6
1608 2
1609 2
1610 5
1611 2
1612 2
1613 5
1614 4
1615 2
1616 3
1617 2
1618 4
1619 6
1620 5
1621 2
1622 3
1623 5
1624 4
1625 3
1626 1
1627 5
1628 5
1629 5
1630 4
1631 4
1632 4
1633 3
1634 6
1635 6
1636 0
1637 1
1638 4
1639 0
1640 4
1641 2
1642 2
1643 7
1644 3
1645 1
1646 2
1647 1
1648 4
1649 3
1650 3
1651 4
1652 5
1653 3
1654 1
1655 4
1656 2
1657 2
1658 3
1659 4
1660 4
1661 2
1662 2
1663 2
1664 2
1665 2
1666 4
1667 2
1668 1
1669 0
1670 0
1671 1
1672 7
1673 1
1674 1
1675 3
1676 4
1677 2
1678 1
1679 1
1680 2
1681 4
1682 4
1683 2
1684 3
1685 2
1686 1
1687 4
1688 2
1689 0
1690 3
1691 1
1692 1
1693 1
1694 2
1695 1
1696 0
1697 3
1698 2
1699 4
1700 0
1701 2
1702 2
1703 1
1704 2
1705 3
1706 2
1707 3
1708 1
1709 0
1710 1
1711 2
1712 5
1713 0
1714 2
1715 0
1716 3
1717 0
1718 1
1719 1
1720 1
1721 2
1722 2
1723 1
1724 4
1725 1
1726 3
1727 1
1728 2
1729 2
1730 5
1731 2
1732 3
1733 2
1734 1
1735 0
1736 4
1737 1
1738 1
1739 0
1740 3
1741 3
1742 0
1743 0
1744 0
1745 0
1746 0
1747 2
1748 2
1749 0
1750 1
1751 1
1752 2
1753 3
1754 2
1755 2
1756 0
1757 3
1758 2
1759 0
1760 1
1761 0
1762 1
1763 0
1764 0
1765 5
1766 1
1767 0
1768 1
1769 1
1770 0
1771 2
1772 0
1773 1
1774 1
1775 0
1776 2
1777 1
1778 1
1779 0
1780 1
1781 1
1782 0
1783 0
1784 1
1785 0
1786 3
1787 0
1788 0
1789 2
1790 0
1791 1
1792 3
1793 0
1794 1
1795 1
1796 0
1797 0
1798 0
1799 0
1800 1
1801 2
1802 1
1803 1
1804 1
1805 0
1806 1
1807 1
1808 0
1809 1
1810 0
1811 0
1812 1
1813 1
1814 1
1815 1
1816 0
1817 0
1818 0
1819 1
1820 2
1821 1
1822 1
1823 0
1824 0
1825 1
1826 1
1827 2
1828 0
1829 1
1830 1
1831 0
1832 0
1833 0
1834 1
1835 1
1836 1
1837 0
1838 0
1839 0
1840 0
1841 1
1842 2
1843 0
1844 1
1845 0
1846 3
1847 1
1848 1
1849 0
1850 1
1851 1
1852 0
1853 1
1854 1
1855 1
1856 0
1857 0
1858 2
1859 0
1860 2
1861 0
1862 0
1863 1
1864 1
1865 1
1866 1
1867 0
1868 0
1869 0
1870 0
1871 0
1872 0
1873 0
1874 0
1875 0
1876 1
1877 0
1878 1
1879 0
1880 0
1881 0
1882 0
1883 0
1884 1
1885 0
1886 0
1887 1
1888 0
1889 0
1890 0
1891 1
1892 0
1893 0
1894 1
1895 0
1896 0
1897 1
1898 0
1899 0
1900 0
1901 1
1902 0
1903 0
1904 0
1905 1
1906 0
1907 0
1908 2
1909 0
1910 1
1911 0
1912 0
1913 0
1914 0
1915 1
1916 0
1917 0
1918 0
1919 0
1920 0
1921 0
1922 0
1923 1
1924 0
1925 0
1926 0
1927 0
1928 0
1929 0
1930 0
1931 1
1932 0
1933 0
1934 1
1935 0
1936 0
1937 0
1938 0
1939 0
1940 0
1941 0
1942 1
1943 0
1944 0
1945 1
1946 1
1947 0
1948 0
1949 0
1950 0
1951 0
1952 0
1953 0
1954 0
1955 0
1956 0
1957 0
1958 0
1959 0
1960 0
1961 0
1962 0
1963 0
1964 0
1965 0
1966 0
1967 0
1968 0
1969 0
1970 0
1971 0
1972 0
1973 0
1974 1
1975 1
1976 0
1977 0
1978 0
1979 0
1980 0
1981 0
1982 0
1983 0
1984 0
1985 0
1986 0
1987 0
1988 0
1989 0
1990 0
1991 1
1992 0
1993 0
1994 1
1995 0
1996 0
1997 1
1998 0
1999 0
2000 0
2001 0
2002 1
2003 0
2004 0
2005 0
2006 1
2007 0
2008 1
2009 0
2010 0
2011 0
2012 0
2013 0
2014 0
2015 0
2016 0
2017 0
2018 0
2019 0
2020 0
2021 0
2022 0
2023 0
2024 0
2025 0
2026 0
2027 0
2028 0
2029 0
2030 0
2031 0
2032 0
2033 0
2034 0
2035 0
2036 0
2037 0
2038 0
2039 0
2040 0
2041 0
2042 1
2043 1
2044 0
2045 0
2046 0
2047 0
2048 0
2049 1
2050 0
2051 0
2052 0
2053 0
2054 0
2055 0
2056 1
2057 0
2058 0
2059 0
2060 0
2061 1
2062 0
2063 0
2064 0
2065 0
2066 0
2067 0
2068 0
2069 0
2070 0
2071 0
2072 0
2073 0
2074 1
2075 0
2076 0
2077 0
2078 0
2079 0
2080 0
2081 0
2082 0
2083 0
2084 0
2085 0
2086 0
2087 0
2088 1
2089 1
2090 0
2091 0
2092 0
2093 0
2094 0
2095 0
2096 0
2097 0
2098 0
2099 0
2100 0
2101 0
2102 0
2103 0
2104 0
2105 0
2106 0
2107 0
2108 0
2109 0
2110 0
2111 0
2112 1
2113 0
2114 0
2115 0
2116 0
2117 0
2118 0
2119 0
2120 0
2121 0
2122 0
2123 0
2124 0
2125 0
2126 0
2127 0
2128 0
2129 0
2130 1
2131 0
2132 0
2133 0
2134 0
2135 0
2136 0
2137 0
2138 0
2139 0
2140 0
2141 0
2142 0
2143 0
2144 0
2145 0
2146 0
2147 0
2148 0
2149 0
2150 0
2151 0
2152 0
2153 0
2154 0
2155 0
2156 1
2157 0
2158 0
2159 0
2160 0
2161 0
2162 0
2163 1
2164 0
2165 0
2166 0
2167 0
2168 0
2169 0
2170 0
2171 0
2172 0
2173 0
2174 0
2175 0
2176 0
2177 0
2178 0
2179 0
2180 0
2181 0
2182 0
2183 0
2184 0
2185 0
2186 0
2187 0
2188 0
2189 0
2190 0
2191 0
2192 0
2193 0
2194 0
2195 0
2196 0
2197 0
2198 0
2199 0
2200 0
2201 0
2202 0
2203 0
2204 0
2205 0
2206 0
2207 0
2208 0
2209 0
2210 0
2211 0
2212 0
2213 0
2214 0
2215 0
2216 0
2217 0
2218 0
2219 1
2220 0
2221 0
2222 0
2223 0
2224 0
2225 0
2226 0
2227 0
2228 0
2229 0
2230 0
2231 0
2232 0
2233 0
2234 0
2235 0
2236 0
2237 0
2238 0
2239 0
2240 0
2241 0
2242 0
2243 1
2244 0
2245 0
2246 0
2247 0
2248 0
2249 1
2250 0
2251 0
2252 0
2253 0
2254 0
2255 0
2256 0
2257 0
2258 0
2259 1
2260 0
2261 0
2262 0
2263 0
2264 0
2265 0
2266 0
2267 0
2268 0
2269 0
2270 0
2271 0
2272 0
2273 0
2274 0
2275 0
2276 0
2277 0
2278 0
2279 0
2280 1
2281 0
2282 0
2283 0
2284 0
2285 0
2286 0
2287 0
2288 1
2289 0
2290 0
2291 0
2292 0
2293 0
2294 0
2295 0
2296 0
2297 0
2298 0
2299 0
2300 0
2301 0
2302 0
2303 0
2304 0
2305 0
2306 0
2307 0
2308 0
2309 0
2310 0
2311 0
2312 0
2313 0
2314 0
2315 0
2316 0
2317 0
2318 0
2319 0
2320 0
2321 0
2322 0
2323 0
2324 0
2325 0
2326 0
2327 0
2328 0
2329 0
2330 0
2331 0
2332 0
2333 0
2334 0
2335 0
2336 0
2337 0
2338 0
2339 0
2340 0
2341 0
2342 0
2343 0
2344 0
2345 0
2346 0
2347 0
2348 1
2349 0
2350 0
2351 0
2352 0
2353 0
2354 0
2355 0
2356 0
2357 0
2358 0
2359 0
2360 0
2361 0
2362 0
2363 0
2364 0
2365 0
2366 0
2367 0
2368 0
2369 0
2370 0
2371 0
2372 0
2373 0
2374 0
2375 0
2376 0
2377 0
2378 1
2379 0
2380 0
2381 0
2382 0
2383 0
2384 0
2385 0
2386 0
2387 0
2388 0
2389 0
2390 0
2391 0
2392 0
2393 0
2394 0
2395 0
2396 0
2397 0
2398 0
2399 1
2400 0
2401 0
2402 0
2403 0
2404 0
2405 1
2406 0
2407 0
2408 0
2409 0
2410 0
2411 0
2412 0
2413 0
2414 0
2415 0
2416 0
2417 0
2418 0
2419 0
2420 0
2421 0
2422 0
2423 0
2424 0
2425 0
2426 0
2427 0
2428 0
2429 0
2430 0
2431 0
2432 0
2433 0
2434 0
2435 0
2436 0
2437 0
2438 0
2439 0
2440 0
2441 0
2442 0
2443 0
2444 0
2445 0
2446 0
2447 0
2448 0
2449 0
2450 0
2451 0
2452 0
2453 0
2454 0
2455 0
2456 0
2457 0
2458 0
2459 0
2460 0
2461 0
2462 0
2463 0
2464 0
2465 0
2466 0
2467 0
2468 0
2469 0
2470 0
2471 0
2472 0
2473 0
2474 0
2475 0
2476 0
2477 0
2478 0
2479 0
2480 0
2481 0
2482 0
2483 0
2484 0
2485 0
2486 0
2487 0
2488 0
2489 0
2490 0
2491 0
2492 0
2493 0
2494 0
2495 0
2496 0
2497 0
2498 0
2499 0
2500 0
2501 0
2502 1
2503 0
2504 0
2505 0
2506 0
2507 0
2508 0
2509 0
2510 0
2511 0
2512 0
2513 0
2514 0
2515 0
2516 0
2517 0
2518 0
2519 0
2520 0
2521 0
2522 0
2523 0
2524 0
2525 0
2526 0
2527 0
2528 0
2529 0
2530 0
2531 0
2532 0
2533 0
2534 0
2535 0
2536 0
2537 1
2538 0
2539 0
2540 0
2541 0
2542 0
2543 0
2544 0
2545 0
2546 0
2547 0
2548 0
2549 0
2550 0
2551 0
2552 0
2553 0
2554 0
2555 0
2556 0
2557 0
2558 0
2559 0
2560 0
2561 0
2562 0
2563 0
2564 0
2565 0
2566 0
2567 0
2568 0
2569 0
2570 0
2571 0
2572 0
2573 0
2574 0
2575 0
2576 0
2577 0
2578 0
2579 0
2580 0
2581 0
2582 0
2583 0
2584 1
2585 0
2586 0
2587 0
2588 0
2589 0
2590 0
2591 0
2592 0
2593 0
2594 0
2595 0
2596 0
2597 0
2598 0
2599 0
2600 0
2601 0
2602 0
2603 0
2604 0
2605 0
2606 0
2607 0
2608 0
2609 0
2610 0
2611 0
2612 0
2613 0
2614 0
2615 0
2616 0
2617 0
2618 0
2619 0
2620 0
2621 0
2622 0
2623 1
2624 0
2625 0
2626 0
2627 0
2628 0
2629 0
2630 0
2631 0
2632 0
2633 0
2634 0
2635 0
2636 0
2637 0
2638 0
2639 0
2640 0
2641 0
2642 0
2643 0
2644 0
2645 0
2646 0
2647 0
2648 0
2649 0
2650 0
2651 0
2652 0
2653 0
2654 0
2655 0
2656 0
2657 0
2658 0
2659 0
2660 0
2661 0
2662 0
2663 0
2664 0
2665 0
2666 0
2667 0
2668 0
2669 0
2670 0
2671 0
2672 0
2673 0
2674 0
2675 0
2676 0
2677 0
2678 0
2679 0
2680 0
2681 0
2682 0
2683 0
2684 0
2685 0
2686 1
2687 0
2688 0
2689 1
2690 0
2691 0
2692 0
2693 0
2694 0
2695 0
2696 0
2697 0
2698 0
2699 0
2700 0
2701 0
2702 0
2703 0
2704 0
2705 0
2706 0
2707 0
2708 0
2709 0
2710 0
2711 0
2712 0
2713 0
2714 0
2715 0
2716 0
2717 0
2718 0
2719 0
2720 0
2721 0
2722 0
2723 0
2724 0
2725 0
2726 0
2727 0
2728 0
2729 0
2730 0
2731 0
2732 0
2733 0
2734 0
2735 0
2736 0
2737 0
2738 0
2739 1
2740 0
2741 0
2742 0
2743 0
2744 0
2745 0
2746 0
2747 0
2748 0
2749 0
2750 0
2751 0
2752 0
2753 0
2754 0
2755 0
2756 0
2757 0
2758 0
2759 0
2760 0
2761 0
2762 0
2763 0
2764 0
2765 0
2766 0
2767 0
2768 0
2769 0
2770 0
2771 0
2772 0
2773 0
2774 0
2775 0
2776 0
2777 0
2778 0
2779 0
2780 0
2781 0
2782 0
2783 0
2784 0
2785 0
2786 0
2787 0
2788 0
2789 0
2790 1
2791 0
2792 1
2793 0
2794 0
2795 0
2796 0
2797 0
2798 0
2799 0
2800 0
2801 0
2802 0
2803 0
2804 0
2805 0
2806 0
2807 0
2808 0
2809 0
2810 0
2811 0
2812 0
2813 0
2814 0
2815 0
2816 0
2817 0
2818 0
2819 0
2820 0
2821 0
2822 0
2823 0
2824 0
2825 0
2826 1
2827 0
2828 0
2829 0
2830 0
2831 0
2832 0
2833 0
2834 0
2835 0
2836 0
2837 0
2838 0
2839 0
2840 0
2841 0
2842 0
2843 0
2844 1
2845 0
2846 0
2847 0
2848 0
2849 0
2850 0
2851 0
2852 0
2853 0
2854 1
2855 0
2856 0
2857 0
2858 0
2859 0
2860 0
2861 0
2862 0
2863 0
2864 0
2865 0
2866 0
2867 0
2868 0
2869 0
2870 0
2871 0
2872 0
2873 0
2874 0
2875 0
2876 0
2877 0
2878 1
2879 0
2880 1
2881 0
2882 0
2883 0
2884 0
2885 0
2886 0
2887 0
2888 0
2889 0
2890 0
2891 0
2892 0
2893 0
2894 0
2895 0
2896 0
2897 0
2898 0
2899 0
2900 0
2901 0
2902 1
2903 0
2904 0
2905 0
2906 0
2907 0
2908 0
2909 0
2910 0
2911 0
2912 0
2913 0
2914 0
2915 0
2916 0
2917 0
2918 0
2919 0
2920 0
2921 0
2922 0
2923 0
2924 0
2925 0
2926 0
2927 0
2928 0
2929 0
2930 0
2931 0
2932 0
2933 0
2934 0
2935 0
2936 0
2937 0
2938 0
2939 0
2940 0
2941 1
2942 0
2943 0
2944 0
2945 0
2946 0
2947 0
2948 0
2949 0
2950 0
2951 0
2952 0
2953 0
2954 0
2955 0
2956 0
2957 0
2958 0
2959 0
2960 0
2961 0
2962 0
2963 0
2964 0
2965 0
2966 0
2967 0
2968 0
2969 0
2970 0
2971 0
2972 0
2973 1
2974 0
2975 0
2976 0
2977 0
2978 0
2979 0
2980 0
2981 0
2982 0
2983 1
2984 0
2985 0
2986 0
2987 0
2988 0
2989 0
2990 0
2991 0
2992 0
2993 0
2994 0
2995 0
2996 0
2997 0
2998 0
2999 0
3000 0
3001 0
3002 0
3003 0
3004 0
3005 0
3006 0
3007 0
3008 0
3009 0
3010 0
3011 0
3012 0
3013 0
3014 0
3015 0
3016 0
3017 0
3018 0
3019 0
3020 0
3021 0
3022 0
3023 0
3024 0
3025 0
3026 0
3027 1
3028 0
3029 0
3030 0
3031 0
3032 0
3033 0
3034 0
3035 0
3036 0
3037 0
3038 0
3039 0
3040 0
3041 0
3042 0
3043 0
3044 0
3045 0
3046 0
3047 0
3048 0
3049 0
3050 1
3051 0
3052 0
3053 0
3054 0
3055 0
3056 0
3057 0
3058 0
3059 0
3060 0
3061 0
3062 0
3063 0
3064 0
3065 0
3066 0
3067 0
3068 0
3069 0
3070 0
3071 0
3072 0
3073 0
3074 0
3075 0
3076 0
3077 0
3078 0
3079 0
3080 0
3081 0
3082 0
3083 0
3084 0
3085 0
3086 0
3087 0
3088 0
3089 0
3090 0
3091 0
3092 0
3093 0
3094 0
3095 0
3096 0
3097 0
3098 0
3099 0
3100 0
3101 0
3102 0
3103 0
3104 0
3105 0
3106 0
3107 0
3108 0
3109 0
3110 0
3111 0
3112 0
3113 0
3114 0
3115 0
3116 1
3117 0
3118 0
3119 0
3120 0
3121 1
3122 1
3123 0
3124 0
3125 0
3126 0
3127 0
3128 0
3129 0
3130 0
3131 0
3132 0
3133 0
3134 0
3135 0
3136 0
3137 0
3138 0
3139 0
3140 0
3141 0
3142 1
3143 0
3144 0
3145 0
3146 1
3147 0
3148 0
3149 0
3150 0
3151 0
3152 0
3153 0
3154 0
3155 0
3156 0
3157 0
3158 0
3159 0
3160 0
3161 0
3162 0
3163 0
3164 0
3165 0
3166 0
3167 0
3168 0
3169 0
3170 0
3171 0
3172 0
3173 0
3174 0
3175 0
3176 0
3177 0
3178 0
3179 0
3180 0
3181 0
3182 0
3183 0
3184 0
3185 0
3186 0
3187 0
3188 1
3189 0
3190 0
3191 0
3192 0
3193 0
3194 0
3195 0
3196 0
3197 1
3198 0
3199 0
3200 0
3201 0
3202 0
3203 0
3204 0
3205 0
3206 0
3207 0
3208 0
3209 0
3210 0
3211 0
3212 0
3213 0
3214 0
3215 0
3216 0
3217 0
3218 0
3219 0
3220 0
3221 0
3222 0
3223 0
3224 0
3225 0
3226 0
3227 0
3228 0
3229 0
3230 0
3231 0
3232 0
3233 0
3234 0
3235 0
3236 0
3237 0
3238 0
3239 0
3240 0
3241 0
3242 0
3243 0
3244 0
3245 0
3246 0
3247 0
3248 0
3249 0
3250 0
3251 0
3252 0
3253 0
3254 0
3255 0
3256 0
3257 0
3258 0
3259 0
3260 0
3261 0
3262 0
3263 0
3264 0
3265 0
3266 0
3267 0
3268 0
3269 0
3270 0
3271 0
3272 0
3273 0
3274 0
3275 0
3276 0
3277 0
3278 0
3279 0
3280 0
3281 0
3282 1
3283 0
3284 1
3285 0
3286 0
3287 0
3288 0
3289 0
3290 0
3291 0
3292 0
3293 0
3294 0
3295 0
3296 0
3297 0
3298 0
3299 0
3300 0
3301 0
3302 0
3303 0
3304 0
3305 0
3306 0
3307 0
3308 0
3309 0
3310 0
3311 1
3312 0
3313 0
3314 0
3315 0
3316 0
3317 0
3318 0
3319 0
3320 0
3321 0
3322 0
3323 0
3324 0
3325 0
3326 0
3327 0
3328 0
3329 1
3330 2
3331 0
3332 0
3333 0
3334 0
3335 0
3336 0
3337 0
3338 0
3339 0
3340 0
3341 0
3342 0
3343 0
3344 0
3345 0
3346 0
3347 0
3348 0
3349 0
3350 0
3351 0
3352 0
3353 0
3354 0
3355 0
3356 0
3357 0
3358 0
3359 0
3360 0
3361 0
3362 0
3363 0
3364 0
3365 0
3366 0
3367 0
3368 0
3369 0
3370 0
3371 0
3372 0
3373 0
3374 0
3375 0
3376 0
3377 1
3378 0
3379 0
3380 0
3381 0
3382 0
3383 0
3384 0
3385 0
3386 0
3387 0
3388 0
3389 0
3390 0
3391 0
3392 0
3393 0
3394 1
3395 0
3396 0
3397 0
3398 0
3399 0
3400 1
3401 0
3402 0
3403 0
3404 0
3405 0
3406 0
3407 0
3408 0
3409 0
3410 0
3411 0
3412 0
3413 0
3414 1
3415 0
3416 0
3417 0
3418 0
3419 0
3420 0
3421 0
3422 0
3423 0
3424 0
3425 0
3426 0
3427 0
3428 0
3429 0
3430 0
3431 0
3432 0
3433 0
3434 0
3435 0
3436 0
3437 0
3438 0
3439 0
3440 0
3441 0
3442 0
3443 0
3444 0
3445 0
3446 1
3447 0
3448 0
3449 0
3450 0
3451 0
3452 0
3453 0
3454 0
3455 0
3456 0
3457 0
3458 0
3459 0
3460 0
3461 0
3462 0
3463 0
3464 0
3465 0
3466 0
3467 0
3468 0
3469 0
3470 0
3471 0
3472 0
3473 0
3474 0
3475 0
3476 0
3477 0
3478 0
3479 0
3480 0
3481 0
3482 0
3483 0
3484 0
3485 0
3486 0
3487 0
3488 0
3489 0
3490 0
3491 0
3492 0
3493 0
3494 0
3495 0
3496 0
3497 0
3498 0
3499 0
3500 0
3501 0
3502 0
3503 0
3504 0
3505 0
3506 0
3507 0
3508 0
3509 0
3510 0
3511 0
3512 0
3513 0
3514 0
3515 0
3516 0
3517 0
3518 0
3519 0
3520 0
3521 0
3522 0
3523 0
3524 0
3525 0
3526 0
3527 0
3528 0
3529 0
3530 0
3531 0
3532 0
3533 0
3534 0
3535 0
3536 0
3537 0
3538 0
3539 0
3540 0
3541 0
3542 0
3543 0
3544 0
3545 0
3546 0
3547 0
3548 0
3549 0
3550 0
3551 0
3552 0
3553 0
3554 0
3555 0
3556 0
3557 0
3558 0
3559 0
3560 0
3561 0
3562 0
3563 0
3564 0
3565 0
3566 0
3567 0
3568 0
3569 0
3570 0
3571 0
3572 0
3573 0
3574 0
3575 0
3576 0
3577 0
3578 0
3579 0
3580 0
3581 0
3582 0
3583 0
3584 0
3585 0
3586 0
3587 0
3588 0
3589 0
3590 0
3591 0
3592 0
3593 0
3594 0
3595 0
3596 0
3597 0
3598 1
3599 1
3600 0
3601 0
3602 0
3603 0
3604 0
3605 0
3606 0
3607 0
3608 0
3609 0
3610 0
3611 0
3612 0
3613 0
3614 0
3615 0
3616 0
3617 0
3618 0
3619 0
3620 0
3621 0
3622 0
3623 0
3624 0
3625 0
3626 0
3627 0
3628 0
3629 0
3630 0
3631 0
3632 0
3633 0
3634 0
3635 0
3636 0
3637 0
3638 0
3639 0
3640 0
3641 0
3642 0
3643 0
3644 0
3645 0
3646 0
3647 0
3648 0
3649 0
3650 0
3651 0
3652 0
3653 0
3654 0
3655 0
3656 0
3657 0
3658 0
3659 0
3660 0
3661 0
3662 0
3663 0
3664 0
3665 0
3666 0
3667 0
3668 0
3669 0
3670 0
3671 0
3672 0
3673 0
3674 0
3675 0
3676 0
3677 0
3678 0
3679 0
3680 0
3681 0
3682 0
3683 0
3684 0
3685 0
3686 0
3687 0
3688 0
3689 0
3690 0
3691 0
3692 0
3693 0
3694 0
3695 0
3696 0
3697 0
3698 0
3699 0
3700 0
3701 0
3702 0
3703 0
3704 0
3705 0
3706 0
3707 0
3708 0
3709 0
3710 0
3711 0
3712 0
3713 0
3714 0
3715 0
3716 0
3717 0
3718 0
3719 0
3720 1
3721 0
3722 0
3723 0
3724 0
3725 0
3726 0
3727 0
3728 0
3729 0
3730 0
3731 0
3732 0
3733 0
3734 0
3735 0
3736 0
3737 0
3738 0
3739 0
3740 0
3741 0
3742 0
3743 0
3744 0
3745 0
3746 0
3747 0
3748 0
3749 0
3750 0
3751 0
3752 0
3753 0
3754 0
3755 0
3756 0
3757 0
3758 0
3759 0
3760 0
3761 0
3762 0
3763 0
3764 0
3765 0
3766 0
3767 0
3768 0
3769 0
3770 0
3771 0
3772 0
3773 0
3774 0
3775 0
3776 0
3777 0
3778 0
3779 0
3780 0
3781 0
3782 0
3783 0
3784 0
3785 0
3786 0
3787 0
3788 0
3789 0
3790 0
3791 0
3792 0
3793 0
3794 0
3795 0
3796 0
3797 0
3798 0
3799 0
3800 1
3801 0
3802 0
3803 0
3804 0
3805 0
3806 0
3807 0
3808 0
3809 0
3810 0
3811 0
3812 0
3813 0
3814 0
3815 0
3816 0
3817 0
3818 0
3819 0
3820 0
3821 0
3822 0
3823 0
3824 0
3825 0
3826 0
3827 0
3828 0
3829 0
3830 0
3831 0
3832 0
3833 0
3834 0
3835 0
3836 0
3837 0
3838 0
3839 0
3840 0
3841 0
3842 0
3843 0
3844 1
3845 0
3846 0
3847 0
3848 0
3849 0
3850 0
3851 0
3852 0
3853 0
3854 0
3855 0
3856 0
3857 0
3858 0
3859 0
3860 0
3861 0
3862 0
3863 0
3864 0
3865 0
3866 0
3867 0
3868 0
3869 0
3870 0
3871 0
3872 0
3873 0
3874 0
3875 0
3876 0
3877 0
3878 0
3879 0
3880 0
3881 0
3882 0
3883 0
3884 0
3885 0
3886 0
3887 0
3888 0
3889 0
3890 0
3891 0
3892 0
3893 0
3894 0
3895 0
3896 0
3897 0
3898 0
3899 0
3900 0
3901 0
3902 0
3903 0
3904 0
3905 0
3906 0
3907 0
3908 0
3909 0
3910 0
3911 0
3912 0
3913 0
3914 0
3915 0
3916 0
3917 0
3918 0
3919 0
3920 0
3921 0
3922 0
3923 0
3924 0
3925 0
3926 0
3927 0
3928 0
3929 0
3930 0
3931 0
3932 0
3933 0
3934 0
3935 0
3936 0
3937 0
3938 0
3939 0
3940 0
3941 0
3942 0
3943 0
3944 0
3945 0
3946 0
3947 0
3948 0
3949 0
3950 0
3951 0
3952 0
3953 0
3954 0
3955 0
3956 0
3957 0
3958 0
3959 0
3960 0
3961 0
3962 1
3963 0
3964 0
3965 0
3966 0
3967 0
3968 0
3969 0
3970 0
3971 0
3972 0
3973 0
3974 0
3975 0
3976 0
3977 0
3978 0
3979 1
3980 0
3981 0
3982 0
3983 0
3984 0
3985 0
3986 0
3987 0
3988 0
3989 0
3990 0
3991 0
3992 0
3993 0
3994 0
3995 0
3996 0
3997 0
3998 0
3999 0
4000 0
