0 0
1 0
2 0
3 0
4 0
5 0
6 0
7 0
8 0
9 0
10 0
11 0
12 0
13 0
14 0
15 0
16 0
17 0
18 0
19 0
20 0
21 0
22 0
23 0
24 0
25 0
26 0
27 0
28 0
29 0
30 0
31 0
32 0
33 0
34 0
35 0
36 0
37 0
38 0
39 0
40 0
41 0
42 0
43 0
44 0
45 0
46 0
47 0
48 0
49 0
50 0
51 0
52 0
53 0
54 0
55 0
56 0
57 0
58 0
59 0
60 0
61 0
62 0
63 0
64 0
65 0
66 0
67 0
68 0
69 0
70 0
71 0
72 0
73 0
74 0
75 0
76 0
77 0
78 0
79 0
80 0
81 0
82 0
83 0
84 0
85 0
86 10
87 26
88 20
89 19
90 19
91 24
92 23
93 21
94 33
95 20
96 16
97 12
98 14
99 12
100 6
101 13
102 5
103 4
104 4
105 10
106 7
107 3
108 5
109 7
110 19
111 126
112 653
113 2167
114 4343
115 6533
116 8074
117 9022
118 9400
119 9045
120 8537
121 7935
122 7145
123 6223
124 5396
125 4780
126 4201
127 3545
128 3166
129 2848
130 2452
131 2144
132 2023
133 1779
134 1712
135 1623
136 1570
137 1603
138 1559
139 1430
140 1435
141 1437
142 1410
143 1460
144 1423
145 1456
146 1453
147 1389
148 1384
149 1388
150 1406
151 1437
152 1443
153 1414
154 1378
155 1400
156 1394
157 1415
158 1421
159 1378
160 1440
161 1423
162 1397
163 1410
164 1457
165 1446
166 1446
167 1539
168 1440
169 1451
170 1499
171 1557
172 1505
173 1490
174 1503
175 1461
176 1437
177 1564
178 1502
179 1446
180 1445
181 1514
182 1441
183 1490
184 1450
185 1499
186 1559
187 1467
188 1439
189 1559
190 1543
191 1541
192 1520
193 1505
194 1555
195 1533
196 1530
197 1453
198 1517
199 1519
200 1553
201 1566
202 1507
203 1508
204 1683
205 1519
206 1553
207 1491
208 1560
209 1532
210 1598
211 1462
212 1524
213 1511
214 1530
215 1568
216 1557
217 1620
218 1586
219 1608
220 1545
221 1675
222 1616
223 1603
224 1609
225 1557
226 1652
227 1593
228 1574
229 1646
230 1568
231 1522
232 1575
233 1636
234 1669
235 1674
236 1691
237 1595
238 1604
239 1604
240 1614
241 1657
242 1680
243 1668
244 1648
245 1627
246 1673
247 1711
248 1730
249 1691
250 1621
251 1697
252 1700
253 1661
254 1782
255 1750
256 1701
257 1682
258 1710
259 1755
260 1788
261 1717
262 1732
263 1733
264 1776
265 1717
266 1783
267 1785
268 1838
269 1733
270 1807
271 1695
272 1864
273 1754
274 1794
275 1826
276 1878
277 1857
278 1839
279 1874
280 1887
281 1889
282 1842
283 1861
284 1889
285 1886
286 1937
287 1909
288 1851
289 1857
290 1961
291 1974
292 1900
293 1866
294 1928
295 1888
296 1912
297 1884
298 1949
299 1908
300 1905
301 1896
302 1909
303 1955
304 1890
305 1946
306 1910
307 1985
308 2013
309 1955
310 1901
311 2008
312 2002
313 1945
314 2014
315 2019
316 1998
317 1984
318 2080
319 1978
320 1975
321 1999
322 2019
323 2011
324 2034
325 1983
326 2017
327 2038
328 2008
329 2043
330 1955
331 1958
332 1971
333 1967
334 1979
335 1980
336 2046
337 2054
338 1969
339 1938
340 2003
341 1942
342 2040
343 2074
344 1973
345 2003
346 2051
347 2034
348 1992
349 1998
350 1937
351 1967
352 1972
353 2010
354 2005
355 1957
356 1955
357 1978
358 2035
359 1895
360 1973
361 1952
362 2015
363 2016
364 1961
365 1996
366 1982
367 1964
368 1846
369 2013
370 1922
371 1937
372 1891
373 1965
374 1923
375 1926
376 1951
377 1959
378 1894
379 1902
380 1956
381 1856
382 1977
383 1824
384 1826
385 1847
386 1905
387 1838
388 1761
389 1757
390 1787
391 1853
392 1820
393 1797
394 1763
395 1784
396 1661
397 1721
398 1851
399 1735
400 1689
401 1801
402 1681
403 1748
404 1656
405 1679
406 1664
407 1607
408 1688
409 1641
410 1658
411 1624
412 1640
413 1637
414 1701
415 1676
416 1643
417 1562
418 1577
419 1671
420 1508
421 1538
422 1540
423 1550
424 1578
425 1511
426 1637
427 1564
428 1481
429 1419
430 1532
431 1488
432 1501
433 1440
434 1437
435 1479
436 1450
437 1397
438 1414
439 1359
440 1388
441 1344
442 1341
443 1373
444 1333
445 1396
446 1311
447 1319
448 1338
449 1321
450 1266
451 1314
452 1283
453 1302
454 1264
455 1256
456 1222
457 1221
458 1189
459 1178
460 1206
461 1205
462 1173
463 1188
464 1149
465 1198
466 1178
467 1124
468 1151
469 1115
470 1147
471 1112
472 1164
473 1072
474 1092
475 1110
476 1094
477 1043
478 1033
479 1025
480 1026
481 959
482 916
483 971
484 965
485 998
486 923
487 954
488 966
489 928
490 934
491 1017
492 933
493 916
494 926
495 937
496 918
497 823
498 930
499 891
500 903
501 845
502 880
503 838
504 786
505 819
506 753
507 790
508 800
509 743
510 792
511 772
512 801
513 740
514 722
515 781
516 744
517 747
518 723
519 700
520 715
521 750
522 723
523 635
524 699
525 695
526 665
527 662
528 664
529 622
530 665
531 700
532 676
533 615
534 617
535 631
536 639
537 621
538 573
539 575
540 633
541 651
542 580
543 570
544 581
545 534
546 555
547 527
548 523
549 511
550 543
551 526
552 544
553 562
554 526
555 507
556 529
557 481
558 497
559 496
560 474
561 477
562 490
563 509
564 460
565 458
566 451
567 444
568 455
569 436
570 493
571 479
572 450
573 444
574 446
575 426
576 446
577 453
578 423
579 412
580 461
581 428
582 450
583 431
584 415
585 379
586 407
587 403
588 367
589 408
590 436
591 417
592 393
593 390
594 345
595 392
596 371
597 342
598 384
599 389
600 381
601 395
602 349
603 331
604 352
605 364
606 369
607 364
608 356
609 367
610 304
611 351
612 348
613 350
614 331
615 316
616 348
617 362
618 328
619 325
620 370
621 341
622 303
623 303
624 339
625 339
626 297
627 329
628 324
629 328
630 324
631 318
632 311
633 291
634 312
635 309
636 311
637 316
638 307
639 300
640 300
641 287
642 303
643 283
644 294
645 266
646 282
647 311
648 312
649 275
650 285
651 247
652 292
653 250
654 280
655 252
656 254
657 285
658 278
659 302
660 285
661 294
662 253
663 270
664 261
665 247
666 269
667 252
668 282
669 274
670 282
671 324
672 277
673 250
674 259
675 253
676 252
677 286
678 262
679 280
680 281
681 274
682 254
683 265
684 269
685 254
686 271
687 282
688 264
689 239
690 235
691 258
692 263
693 258
694 239
695 272
696 257
697 244
698 241
699 265
700 241
701 242
702 235
703 231
704 246
705 242
706 246
707 270
708 255
709 255
710 229
711 230
712 243
713 247
714 278
715 218
716 255
717 250
718 267
719 263
720 250
721 246
722 223
723 243
724 253
725 230
726 236
727 248
728 240
729 230
730 256
731 246
732 226
733 228
734 256
735 254
736 209
737 235
738 248
739 236
740 225
741 251
742 243
743 227
744 239
745 245
746 250
747 222
748 248
749 235
750 244
751 246
752 241
753 247
754 235
755 238
756 245
757 237
758 241
759 205
760 225
761 247
762 235
763 234
764 252
765 242
766 235
767 208
768 230
769 249
770 207
771 242
772 226
773 213
774 221
775 248
776 229
777 231
778 220
779 235
780 224
781 242
782 206
783 217
784 231
785 222
786 229
787 209
788 203
789 208
790 208
791 226
792 226
793 235
794 217
795 208
796 183
797 219
798 214
799 209
800 200
801 213
802 221
803 235
804 233
805 201
806 212
807 234
808 219
809 219
810 205
811 216
812 212
813 231
814 221
815 215
816 220
817 243
818 208
819 207
820 200
821 231
822 219
823 218
824 233
825 203
826 203
827 220
828 203
829 204
830 221
831 202
832 184
833 196
834 202
835 199
836 192
837 185
838 191
839 212
840 214
841 211
842 212
843 224
844 203
845 197
846 208
847 197
848 200
849 194
850 205
851 216
852 210
853 200
854 214
855 206
856 214
857 201
858 205
859 225
860 203
861 213
862 198
863 194
864 191
865 183
866 179
867 218
868 195
869 187
870 224
871 185
872 199
873 201
874 203
875 177
876 195
877 180
878 191
879 167
880 196
881 196
882 184
883 183
884 177
885 191
886 209
887 189
888 163
889 205
890 172
891 166
892 177
893 177
894 179
895 180
896 164
897 191
898 176
899 175
900 167
901 203
902 167
903 158
904 199
905 160
906 186
907 198
908 194
909 157
910 177
911 184
912 165
913 173
914 160
915 165
916 164
917 160
918 178
919 192
920 166
921 168
922 166
923 163
924 188
925 154
926 166
927 156
928 154
929 155
930 164
931 167
932 184
933 163
934 155
935 166
936 160
937 180
938 160
939 161
940 144
941 159
942 163
943 163
944 170
945 178
946 171
947 152
948 145
949 165
950 146
951 140
952 133
953 167
954 162
955 160
956 168
957 166
958 136
959 153
960 165
961 161
962 147
963 166
964 154
965 143
966 143
967 145
968 148
969 150
970 134
971 149
972 137
973 124
974 160
975 151
976 156
977 137
978 125
979 133
980 137
981 136
982 118
983 140
984 133
985 132
986 134
987 148
988 121
989 142
990 135
991 149
992 120
993 130
994 127
995 115
996 136
997 129
998 127
999 142
1000 124
1001 120
1002 139
1003 111
1004 135
1005 105
1006 129
1007 106
1008 137
1009 111
1010 128
1011 99
1012 128
1013 124
1014 130
1015 110
1016 113
1017 126
1018 112
1019 131
1020 143
1021 122
1022 129
1023 135
1024 130
1025 108
1026 102
1027 100
1028 101
1029 96
1030 120
1031 133
1032 115
1033 97
1034 117
1035 133
1036 93
1037 121
1038 98
1039 105
1040 112
1041 112
1042 116
1043 107
1044 98
1045 115
1046 98
1047 115
1048 94
1049 107
1050 97
1051 97
1052 100
1053 108
1054 97
1055 88
1056 83
1057 103
1058 111
1059 111
1060 95
1061 99
1062 83
1063 86
1064 100
1065 106
1066 93
1067 88
1068 84
1069 87
1070 95
1071 105
1072 121
1073 75
1074 97
1075 76
1076 90
1077 104
1078 98
1079 103
1080 79
1081 84
1082 102
1083 66
1084 80
1085 80
1086 66
1087 66
1088 92
1089 76
1090 80
1091 81
1092 92
1093 91
1094 95
1095 75
1096 81
1097 75
1098 87
1099 86
1100 87
1101 63
1102 73
1103 75
1104 68
1105 70
1106 66
1107 72
1108 85
1109 76
1110 72
1111 59
1112 94
1113 79
1114 61
1115 75
1116 68
1117 88
1118 61
1119 68
1120 64
1121 70
1122 83
1123 61
1124 63
1125 70
1126 64
1127 60
1128 66
1129 77
1130 70
1131 73
1132 50
1133 78
1134 59
1135 63
1136 54
1137 77
1138 51
1139 70
1140 68
1141 61
1142 71
1143 60
1144 58
1145 58
1146 51
1147 60
1148 69
1149 50
1150 61
1151 65
1152 75
1153 63
1154 55
1155 60
1156 57
1157 54
1158 53
1159 51
1160 52
1161 58
1162 65
1163 53
1164 55
1165 61
1166 44
1167 59
1168 52
1169 48
1170 56
1171 56
1172 50
1173 54
1174 62
1175 72
1176 36
1177 57
1178 45
1179 60
1180 50
1181 46
1182 41
1183 54
1184 43
1185 54
1186 51
1187 50
1188 60
1189 50
1190 54
1191 44
1192 47
1193 44
1194 32
1195 39
1196 52
1197 53
1198 52
1199 54
1200 42
1201 37
1202 26
1203 50
1204 37
1205 40
1206 37
1207 40
1208 43
1209 39
1210 51
1211 37
1212 51
1213 38
1214 40
1215 38
1216 43
1217 29
1218 47
1219 38
1220 39
1221 34
1222 36
1223 35
1224 37
1225 27
1226 35
1227 46
1228 38
1229 33
1230 38
1231 34
1232 42
1233 39
1234 33
1235 36
1236 34
1237 39
1238 35
1239 26
1240 28
1241 29
1242 26
1243 31
1244 34
1245 31
1246 32
1247 42
1248 31
1249 20
1250 24
1251 39
1252 28
1253 31
1254 19
1255 35
1256 22
1257 26
1258 33
1259 27
1260 33
1261 34
1262 28
1263 32
1264 27
1265 29
1266 23
1267 28
1268 33
1269 31
1270 32
1271 32
1272 27
1273 24
1274 26
1275 20
1276 26
1277 25
1278 20
1279 17
1280 19
1281 21
1282 44
1283 26
1284 22
1285 32
1286 21
1287 27
1288 33
1289 22
1290 24
1291 16
1292 27
1293 24
1294 14
1295 30
1296 24
1297 18
1298 23
1299 21
1300 26
1301 18
1302 25
1303 17
1304 26
1305 19
1306 22
1307 20
1308 18
1309 19
1310 15
1311 19
1312 13
1313 19
1314 28
1315 27
1316 10
1317 19
1318 15
1319 31
1320 19
1321 18
1322 15
1323 23
1324 13
1325 14
1326 23
1327 28
1328 16
1329 20
1330 15
1331 20
1332 23
1333 19
1334 15
1335 13
1336 27
1337 14
1338 18
1339 20
1340 14
1341 21
1342 11
1343 21
1344 19
1345 18
1346 9
1347 21
1348 10
1349 13
1350 16
1351 18
1352 13
1353 11
1354 18
1355 18
1356 19
1357 10
1358 13
1359 15
1360 11
1361 10
1362 14
1363 10
1364 18
1365 16
1366 14
1367 16
1368 16
1369 14
1370 15
1371 17
1372 13
1373 12
1374 15
1375 18
1376 10
1377 16
1378 13
1379 15
1380 15
1381 11
1382 7
1383 7
1384 11
1385 11
1386 15
1387 17
1388 9
1389 15
1390 19
1391 14
1392 11
1393 12
1394 17
1395 20
1396 13
1397 8
1398 11
1399 13
1400 13
1401 9
1402 11
1403 8
1404 8
1405 13
1406 9
1407 9
1408 11
1409 11
1410 16
1411 14
1412 10
1413 12
1414 7
1415 15
1416 10
1417 12
1418 12
1419 7
1420 7
1421 6
1422 7
1423 11
1424 11
1425 15
1426 9
1427 8
1428 13
1429 12
1430 6
1431 8
1432 5
1433 5
1434 11
1435 9
1436 9
1437 12
1438 10
1439 13
1440 8
1441 7
1442 7
1443 11
1444 6
1445 10
1446 10
1447 7
1448 10
1449 9
1450 5
1451 12
1452 8
1453 8
1454 7
1455 5
1456 4
1457 7
1458 10
1459 9
1460 16
1461 9
1462 8
1463 8
1464 3
1465 7
1466 3
1467 7
1468 8
1469 7
1470 5
1471 4
1472 5
1473 7
1474 9
1475 3
1476 6
1477 9
1478 5
1479 6
1480 6
1481 5
1482 4
1483 6
1484 9
1485 6
1486 5
1487 3
1488 5
1489 4
1490 2
1491 5
1492 3
1493 2
1494 6
1495 5
1496 9
1497 8
1498 6
1499 10
1500 9
1501 3
1502 6
1503 4
1504 6
1505 7
1506 5
1507 1
1508 2
1509 6
1510 4
1511 9
1512 7
1513 3
1514 7
1515 1
1516 5
1517 3
1518 4
1519 3
1520 6
1521 4
1522 3
1523 1
1524 3
1525 8
1526 7
1527 6
1528 6
1529 6
1530 3
1531 6
1532 8
1533 4
1534 4
1535 4
1536 1
1537 2
1538 3
1539 7
1540 4
1541 1
1542 3
1543 2
1544 2
1545 2
1546 5
1547 3
1548 5
1549 4
1550 5
1551 7
1552 1
1553 6
1554 2
1555 5
1556 3
1557 3
1558 6
1559 2
1560 4
1561 2
1562 4
1563 1
1564 5
1565 3
1566 1
1567 3
1568 6
1569 2
1570 4
1571 4
1572 2
1573 4
1574 5
1575 3
1576 4
1577 1
1578 2
1579 4
1580 1
1581 2
1582 0
1583 3
1584 2
1585 3
1586 3
1587 1
1588 3
1589 3
1590 4
1591 1
1592 6
1593 3
1594 5
1595 3
1596 0
1597 1
1598 3
1599 1
1600 4
1601 1
1602 2
1603 2
1604 2
1605 2
1606 1
1607 0
1608 2
1609 3
1610 2
1611 4
1612 3
1613 6
1614 0
1615 0
1616 3
1617 0
1618 2
1619 3
1620 1
1621 1
1622 2
1623 1
1624 3
1625 2
1626 2
1627 1
1628 0
1629 3
1630 0
1631 2
1632 2
1633 1
1634 1
1635 5
1636 1
1637 2
1638 2
1639 1
1640 2
1641 1
1642 0
1643 2
1644 2
1645 0
1646 3
1647 3
1648 0
1649 1
1650 1
1651 1
1652 0
1653 0
1654 0
1655 0
1656 1
1657 3
1658 0
1659 3
1660 0
1661 1
1662 2
1663 0
1664 0
1665 1
1666 3
1667 1
1668 2
1669 0
1670 2
1671 0
1672 2
1673 1
1674 2
1675 2
1676 2
1677 2
1678 1
1679 2
1680 1
1681 2
1682 0
1683 2
1684 0
1685 1
1686 2
1687 1
1688 0
1689 2
1690 0
1691 3
1692 0
1693 1
1694 2
1695 0
1696 1
1697 1
1698 0
1699 3
1700 1
1701 0
1702 2
1703 3
1704 0
1705 0
1706 2
1707 0
1708 1
1709 2
1710 0
1711 2
1712 2
1713 1
1714 1
1715 2
1716 1
1717 0
1718 1
1719 1
1720 1
1721 1
1722 0
1723 0
1724 0
1725 1
1726 1
1727 2
1728 0
1729 0
1730 0
1731 1
1732 0
1733 0
1734 1
1735 0
1736 1
1737 1
1738 1
1739 1
1740 0
1741 0
1742 0
1743 0
1744 1
1745 1
1746 0
1747 0
1748 0
1749 1
1750 0
1751 0
1752 1
1753 0
1754 1
1755 1
1756 0
1757 0
1758 0
1759 0
1760 0
1761 0
1762 0
1763 0
1764 0
1765 0
1766 0
1767 0
1768 1
1769 1
1770 1
1771 1
1772 1
1773 1
1774 1
1775 1
1776 1
1777 1
1778 0
1779 0
1780 0
1781 0
1782 0
1783 1
1784 0
1785 1
1786 0
1787 2
1788 1
1789 0
1790 1
1791 2
1792 0
1793 0
1794 0
1795 1
1796 0
1797 0
1798 0
1799 1
1800 0
1801 1
1802 0
1803 0
1804 0
1805 0
1806 1
1807 1
1808 1
1809 0
1810 0
1811 1
1812 2
1813 0
1814 1
1815 1
1816 0
1817 0
1818 0
1819 0
1820 0
1821 0
1822 0
1823 1
1824 1
1825 0
1826 0
1827 1
1828 0
1829 0
1830 0
1831 0
1832 0
1833 0
1834 0
1835 0
1836 1
1837 0
1838 3
1839 1
1840 1
1841 0
1842 0
1843 0
1844 0
1845 0
1846 0
1847 0
1848 0
1849 0
1850 0
1851 0
1852 1
1853 3
1854 0
1855 0
1856 1
1857 0
1858 0
1859 0
1860 0
1861 0
1862 0
1863 1
1864 0
1865 0
1866 1
1867 0
1868 0
1869 0
1870 0
1871 0
1872 1
1873 0
1874 0
1875 2
1876 2
1877 0
1878 0
1879 0
1880 0
1881 1
1882 0
1883 1
1884 0
1885 0
1886 1
1887 0
1888 0
1889 0
1890 1
1891 0
1892 0
1893 0
1894 0
1895 0
1896 0
1897 0
1898 0
1899 0
1900 0
1901 1
1902 0
1903 0
1904 0
1905 0
1906 0
1907 0
1908 1
1909 0
1910 0
1911 0
1912 0
1913 0
1914 0
1915 0
1916 0
1917 0
1918 0
1919 0
1920 0
1921 0
1922 0
1923 0
1924 1
1925 0
1926 1
1927 0
1928 0
1929 0
1930 1
1931 0
1932 0
1933 0
1934 0
1935 0
1936 0
1937 1
1938 0
1939 0
1940 0
1941 0
1942 0
1943 0
1944 0
1945 0
1946 0
1947 0
1948 0
1949 0
1950 0
1951 0
1952 0
1953 0
1954 0
1955 0
1956 0
1957 0
1958 0
1959 0
1960 0
1961 0
1962 0
1963 0
1964 0
1965 0
1966 0
1967 0
1968 0
1969 0
1970 0
1971 0
1972 1
1973 0
1974 0
1975 0
1976 0
1977 0
1978 0
1979 0
1980 0
1981 0
1982 0
1983 0
1984 1
1985 2
1986 0
1987 0
1988 0
1989 0
1990 0
1991 0
1992 0
1993 0
1994 0
1995 0
1996 0
1997 0
1998 0
1999 0
2000 0
2001 0
2002 0
2003 0
2004 0
2005 0
2006 0
2007 1
2008 0
2009 1
2010 0
2011 0
2012 0
2013 0
2014 0
2015 0
2016 0
2017 0
2018 0
2019 0
2020 0
2021 1
2022 0
2023 0
2024 0
2025 0
2026 0
2027 0
2028 0
2029 0
2030 0
2031 0
2032 0
2033 1
2034 0
2035 0
2036 0
2037 0
2038 0
2039 0
2040 0
2041 0
2042 0
2043 2
2044 0
2045 0
2046 0
2047 0
2048 0
2049 0
2050 0
2051 0
2052 0
2053 0
2054 0
2055 0
2056 0
2057 0
2058 0
2059 0
2060 0
2061 0
2062 0
2063 0
2064 0
2065 0
2066 0
2067 0
2068 0
2069 0
2070 0
2071 0
2072 0
2073 0
2074 0
2075 0
2076 0
2077 0
2078 0
2079 0
2080 0
2081 0
2082 0
2083 0
2084 0
2085 0
2086 0
2087 1
2088 0
2089 0
2090 0
2091 0
2092 0
2093 0
2094 0
2095 0
2096 0
2097 0
2098 0
2099 0
2100 0
2101 0
2102 1
2103 0
2104 0
2105 0
2106 0
2107 0
2108 0
2109 0
2110 0
2111 0
2112 1
2113 0
2114 0
2115 0
2116 0
2117 0
2118 0
2119 0
2120 0
2121 0
2122 0
2123 0
2124 0
2125 0
2126 0
2127 0
2128 0
2129 0
2130 0
2131 0
2132 0
2133 0
2134 0
2135 0
2136 0
2137 0
2138 0
2139 0
2140 0
2141 0
2142 1
2143 0
2144 1
2145 0
2146 0
2147 0
2148 0
2149 0
2150 0
2151 0
2152 0
2153 0
2154 0
2155 0
2156 0
2157 0
2158 0
2159 0
2160 0
2161 0
2162 0
2163 0
2164 0
2165 0
2166 0
2167 0
2168 0
2169 0
2170 0
2171 0
2172 0
2173 0
2174 0
2175 0
2176 0
2177 0
2178 0
2179 0
2180 0
2181 0
2182 0
2183 0
2184 0
2185 0
2186 0
2187 0
2188 0
2189 0
2190 0
2191 0
2192 0
2193 0
2194 0
2195 0
2196 0
2197 0
2198 0
2199 0
2200 0
2201 0
2202 0
2203 0
2204 1
2205 0
2206 0
2207 0
2208 0
2209 0
2210 0
2211 0
2212 0
2213 0
2214 0
2215 0
2216 0
2217 0
2218 0
2219 0
2220 0
2221 0
2222 0
2223 0
2224 0
2225 0
2226 0
2227 0
2228 0
2229 0
2230 0
2231 0
2232 0
2233 0
2234 0
2235 0
2236 0
2237 0
2238 0
2239 0
2240 0
2241 0
2242 0
2243 0
2244 0
2245 0
2246 0
2247 0
2248 0
2249 0
2250 0
2251 0
2252 0
2253 0
2254 0
2255 0
2256 0
2257 0
2258 0
2259 0
2260 0
2261 0
2262 0
2263 0
2264 0
2265 0
2266 0
2267 0
2268 0
2269 0
2270 0
2271 0
2272 0
2273 0
2274 0
2275 0
2276 0
2277 0
2278 0
2279 0
2280 0
2281 0
2282 0
2283 0
2284 0
2285 0
2286 0
2287 0
2288 0
2289 0
2290 0
2291 1
2292 0
2293 0
2294 0
2295 0
2296 0
2297 0
2298 0
2299 0
2300 0
2301 0
2302 0
2303 0
2304 0
2305 0
2306 1
2307 0
2308 0
2309 0
2310 0
2311 0
2312 0
2313 0
2314 0
2315 0
2316 0
2317 0
2318 0
2319 0
2320 0
2321 0
2322 0
2323 0
2324 0
2325 0
2326 0
2327 0
2328 0
2329 0
2330 0
2331 0
2332 1
2333 0
2334 0
2335 0
2336 0
2337 0
2338 0
2339 0
2340 0
2341 0
2342 0
2343 0
2344 0
2345 0
2346 0
2347 0
2348 0
2349 0
2350 0
2351 0
2352 0
2353 0
2354 0
2355 0
2356 0
2357 0
2358 0
2359 0
2360 0
2361 0
2362 0
2363 0
2364 0
2365 0
2366 0
2367 0
2368 0
2369 0
2370 0
2371 0
2372 0
2373 0
2374 0
2375 0
2376 0
2377 0
2378 0
2379 0
2380 0
2381 0
2382 0
2383 0
2384 0
2385 0
2386 0
2387 0
2388 0
2389 0
2390 0
2391 0
2392 0
2393 0
2394 0
2395 0
2396 0
2397 0
2398 0
2399 0
2400 0
2401 0
2402 0
2403 0
2404 0
2405 0
2406 0
2407 0
2408 0
2409 0
2410 0
2411 0
2412 0
2413 0
2414 0
2415 0
2416 0
2417 0
2418 0
2419 0
2420 0
2421 0
2422 0
2423 0
2424 0
2425 0
2426 0
2427 0
2428 0
2429 0
2430 0
2431 0
2432 0
2433 0
2434 0
2435 0
2436 0
2437 0
2438 0
2439 1
2440 0
2441 0
2442 0
2443 0
2444 0
2445 0
2446 0
2447 0
2448 0
2449 0
2450 0
2451 0
2452 0
2453 0
2454 0
2455 0
2456 0
2457 0
2458 0
2459 0
2460 0
2461 0
2462 0
2463 0
2464 0
2465 0
2466 0
2467 0
2468 0
2469 0
2470 0
2471 0
2472 0
2473 0
2474 0
2475 0
2476 0
2477 0
2478 0
2479 0
2480 0
2481 0
2482 0
2483 0
2484 0
2485 1
2486 0
2487 0
2488 0
2489 0
2490 0
2491 0
2492 0
2493 0
2494 0
2495 0
2496 0
2497 1
2498 0
2499 0
2500 0
2501 0
2502 0
2503 0
2504 1
2505 0
2506 0
2507 0
2508 0
2509 0
2510 0
2511 0
2512 0
2513 0
2514 0
2515 0
2516 0
2517 0
2518 0
2519 0
2520 0
2521 0
2522 0
2523 0
2524 0
2525 0
2526 0
2527 0
2528 0
2529 0
2530 0
2531 0
2532 0
2533 0
2534 0
2535 0
2536 0
2537 0
2538 0
2539 0
2540 0
2541 0
2542 0
2543 0
2544 1
2545 0
2546 0
2547 0
2548 0
2549 0
2550 0
2551 0
2552 0
2553 0
2554 0
2555 0
2556 0
2557 0
2558 0
2559 0
2560 0
2561 0
2562 0
2563 0
2564 0
2565 0
2566 0
2567 0
2568 0
2569 0
2570 0
2571 0
2572 0
2573 0
2574 0
2575 0
2576 0
2577 0
2578 0
2579 0
2580 0
2581 0
2582 0
2583 0
2584 0
2585 0
2586 0
2587 0
2588 0
2589 0
2590 1
2591 0
2592 0
2593 0
2594 0
2595 0
2596 0
2597 0
2598 0
2599 0
2600 0
2601 0
2602 0
2603 0
2604 0
2605 0
2606 0
2607 0
2608 0
2609 0
2610 0
2611 0
2612 0
2613 0
2614 0
2615 0
2616 0
2617 0
2618 0
2619 0
2620 0
2621 0
2622 0
2623 0
2624 0
2625 0
2626 0
2627 0
2628 0
2629 0
2630 0
2631 0
2632 0
2633 0
2634 0
2635 0
2636 0
2637 0
2638 0
2639 0
2640 0
2641 0
2642 0
2643 0
2644 0
2645 0
2646 0
2647 0
2648 0
2649 0
2650 0
2651 0
2652 0
2653 0
2654 0
2655 0
2656 0
2657 0
2658 0
2659 0
2660 0
2661 0
2662 0
2663 0
2664 0
2665 0
2666 0
2667 0
2668 0
2669 0
2670 0
2671 0
2672 0
2673 0
2674 0
2675 0
2676 0
2677 0
2678 0
2679 0
2680 0
2681 0
2682 0
2683 0
2684 0
2685 0
2686 0
2687 0
2688 0
2689 0
2690 0
2691 0
2692 0
2693 0
2694 0
2695 0
2696 0
2697 0
2698 0
2699 0
2700 0
2701 0
2702 0
2703 0
2704 0
2705 0
2706 0
2707 0
2708 0
2709 0
2710 0
2711 0
2712 0
2713 0
2714 0
2715 0
2716 0
2717 0
2718 1
2719 0
2720 0
2721 0
2722 0
2723 0
2724 0
2725 0
2726 0
2727 0
2728 0
2729 0
2730 0
2731 0
2732 0
2733 0
2734 0
2735 0
2736 0
2737 0
2738 0
2739 0
2740 0
2741 0
2742 0
2743 0
2744 0
2745 0
2746 0
2747 0
2748 0
2749 0
2750 0
2751 0
2752 0
2753 0
2754 0
2755 0
2756 0
2757 0
2758 0
2759 0
2760 0
2761 0
2762 0
2763 0
2764 0
2765 0
2766 0
2767 0
2768 0
2769 0
2770 0
2771 0
2772 0
2773 0
2774 0
2775 0
2776 0
2777 0
2778 0
2779 0
2780 0
2781 0
2782 0
2783 0
2784 0
2785 0
2786 1
2787 0
2788 0
2789 0
2790 0
2791 0
2792 0
2793 0
2794 0
2795 0
2796 0
2797 0
2798 0
2799 0
2800 0
2801 0
2802 0
2803 1
2804 0
2805 0
2806 0
2807 0
2808 0
2809 0
2810 0
2811 0
2812 1
2813 0
2814 0
2815 0
2816 0
2817 0
2818 0
2819 0
2820 0
2821 0
2822 0
2823 0
2824 0
2825 0
2826 0
2827 0
2828 0
2829 0
2830 0
2831 0
2832 0
2833 0
2834 0
2835 0
2836 0
2837 0
2838 0
2839 0
2840 0
2841 0
2842 0
2843 0
2844 0
2845 0
2846 0
2847 0
2848 0
2849 0
2850 0
2851 0
2852 0
2853 0
2854 1
2855 0
2856 0
2857 0
2858 0
2859 0
2860 0
2861 0
2862 0
2863 0
2864 0
2865 0
2866 0
2867 0
2868 0
2869 0
2870 0
2871 0
2872 0
2873 0
2874 0
2875 0
2876 0
2877 0
2878 0
2879 0
2880 0
2881 0
2882 0
2883 0
2884 0
2885 0
2886 0
2887 0
2888 0
2889 0
2890 0
2891 0
2892 0
2893 0
2894 0
2895 0
2896 0
2897 0
2898 0
2899 0
2900 0
2901 0
2902 0
2903 0
2904 0
2905 0
2906 0
2907 0
2908 0
2909 0
2910 0
2911 0
2912 0
2913 1
2914 0
2915 1
2916 1
2917 0
2918 0
2919 0
2920 0
2921 0
2922 0
2923 0
2924 0
2925 0
2926 0
2927 0
2928 0
2929 0
2930 0
2931 0
2932 0
2933 0
2934 0
2935 0
2936 0
2937 0
2938 0
2939 0
2940 0
2941 0
2942 0
2943 0
2944 0
2945 0
2946 0
2947 0
2948 0
2949 0
2950 0
2951 1
2952 0
2953 0
2954 0
2955 0
2956 0
2957 0
2958 0
2959 0
2960 0
2961 0
2962 0
2963 0
2964 0
2965 0
2966 0
2967 0
2968 0
2969 0
2970 0
2971 0
2972 0
2973 0
2974 0
2975 0
2976 0
2977 0
2978 0
2979 0
2980 0
2981 0
2982 0
2983 0
2984 0
2985 0
2986 0
2987 0
2988 0
2989 0
2990 0
2991 0
2992 0
2993 0
2994 0
2995 0
2996 0
2997 0
2998 0
2999 0
3000 0
3001 0
3002 0
3003 0
3004 0
3005 0
3006 0
3007 0
3008 0
3009 0
3010 0
3011 0
3012 0
3013 0
3014 0
3015 0
3016 0
3017 0
3018 0
3019 0
3020 0
3021 0
3022 0
3023 0
3024 0
3025 0
3026 0
3027 0
3028 0
3029 0
3030 0
3031 0
3032 0
3033 0
3034 0
3035 0
3036 0
3037 0
3038 0
3039 0
3040 0
3041 0
3042 0
3043 1
3044 0
3045 0
3046 0
3047 0
3048 0
3049 0
3050 0
3051 0
3052 0
3053 0
3054 0
3055 0
3056 0
3057 0
3058 0
3059 0
3060 0
3061 0
3062 0
3063 0
3064 0
3065 0
3066 0
3067 0
3068 0
3069 0
3070 0
3071 0
3072 0
3073 0
3074 0
3075 0
3076 0
3077 0
3078 0
3079 1
3080 0
3081 0
3082 0
3083 0
3084 0
3085 0
3086 0
3087 0
3088 0
3089 0
3090 0
3091 0
3092 0
3093 1
3094 0
3095 0
3096 0
3097 0
3098 0
3099 0
3100 0
3101 0
3102 0
3103 0
3104 0
3105 0
3106 0
3107 0
3108 0
3109 0
3110 0
3111 0
3112 0
3113 0
3114 0
3115 0
3116 0
3117 0
3118 0
3119 0
3120 0
3121 0
3122 0
3123 0
3124 0
3125 0
3126 0
3127 0
3128 0
3129 1
3130 0
3131 0
3132 0
3133 0
3134 0
3135 0
3136 0
3137 0
3138 0
3139 0
3140 0
3141 0
3142 1
3143 0
3144 0
3145 0
3146 0
3147 0
3148 0
3149 0
3150 0
3151 0
3152 0
3153 0
3154 0
3155 0
3156 0
3157 0
3158 0
3159 0
3160 0
3161 0
3162 0
3163 0
3164 0
3165 0
3166 0
3167 0
3168 0
3169 0
3170 0
3171 0
3172 0
3173 0
3174 0
3175 0
3176 0
3177 0
3178 0
3179 0
3180 0
3181 0
3182 0
3183 0
3184 0
3185 0
3186 0
3187 0
3188 0
3189 0
3190 0
3191 0
3192 0
3193 0
3194 0
3195 0
3196 0
3197 0
3198 0
3199 0
3200 0
3201 0
3202 0
3203 0
3204 0
3205 0
3206 0
3207 0
3208 0
3209 0
3210 0
3211 0
3212 0
3213 0
3214 0
3215 0
3216 0
3217 0
3218 0
3219 0
3220 0
3221 0
3222 0
3223 0
3224 0
3225 0
3226 0
3227 0
3228 0
3229 0
3230 0
3231 0
3232 0
3233 0
3234 0
3235 0
3236 0
3237 0
3238 0
3239 0
3240 0
3241 0
3242 0
3243 0
3244 0
3245 0
3246 0
3247 0
3248 0
3249 0
3250 0
3251 0
3252 0
3253 0
3254 0
3255 0
3256 0
3257 2
3258 0
3259 0
3260 0
3261 0
3262 0
3263 0
3264 1
3265 0
3266 0
3267 0
3268 0
3269 1
3270 0
3271 0
3272 0
3273 0
3274 0
3275 0
3276 0
3277 0
3278 1
3279 0
3280 0
3281 0
3282 0
3283 0
3284 0
3285 0
3286 0
3287 0
3288 0
3289 0
3290 0
3291 0
3292 0
3293 0
3294 0
3295 0
3296 0
3297 0
3298 0
3299 0
3300 0
3301 0
3302 0
3303 0
3304 0
3305 0
3306 0
3307 0
3308 0
3309 0
3310 0
3311 0
3312 0
3313 0
3314 0
3315 0
3316 0
3317 0
3318 0
3319 0
3320 0
3321 0
3322 0
3323 0
3324 0
3325 0
3326 0
3327 0
3328 0
3329 0
3330 0
3331 0
3332 0
3333 0
3334 0
3335 0
3336 0
3337 0
3338 0
3339 0
3340 0
3341 0
3342 0
3343 0
3344 0
3345 0
3346 0
3347 0
3348 0
3349 0
3350 0
3351 0
3352 0
3353 0
3354 1
3355 0
3356 0
3357 0
3358 0
3359 0
3360 0
3361 0
3362 0
3363 0
3364 0
3365 0
3366 0
3367 0
3368 0
3369 0
3370 0
3371 0
3372 0
3373 0
3374 0
3375 0
3376 0
3377 0
3378 0
3379 0
3380 0
3381 0
3382 0
3383 0
3384 0
3385 0
3386 0
3387 0
3388 0
3389 0
3390 0
3391 0
3392 0
3393 0
3394 0
3395 0
3396 0
3397 0
3398 0
3399 0
3400 0
3401 0
3402 0
3403 0
3404 0
3405 0
3406 0
3407 0
3408 0
3409 0
3410 1
3411 0
3412 0
3413 0
3414 0
3415 0
3416 0
3417 0
3418 0
3419 0
3420 1
3421 0
3422 0
3423 0
3424 1
3425 0
3426 0
3427 0
3428 0
3429 0
3430 0
3431 0
3432 0
3433 0
3434 0
3435 0
3436 0
3437 0
3438 0
3439 0
3440 0
3441 0
3442 0
3443 0
3444 0
3445 0
3446 0
3447 0
3448 0
3449 0
3450 0
3451 0
3452 0
3453 0
3454 0
3455 0
3456 0
3457 0
3458 0
3459 1
3460 0
3461 1
3462 0
3463 0
3464 0
3465 0
3466 0
3467 0
3468 0
3469 0
3470 0
3471 0
3472 0
3473 0
3474 0
3475 0
3476 0
3477 0
3478 0
3479 0
3480 0
3481 0
3482 0
3483 0
3484 0
3485 0
3486 0
3487 1
3488 0
3489 0
3490 0
3491 0
3492 0
3493 0
3494 0
3495 0
3496 0
3497 0
3498 0
3499 0
3500 0
3501 0
3502 0
3503 0
3504 0
3505 0
3506 0
3507 0
3508 0
3509 0
3510 0
3511 0
3512 0
3513 0
3514 0
3515 0
3516 0
3517 0
3518 0
3519 0
3520 0
3521 0
3522 0
3523 0
3524 0
3525 0
3526 0
3527 0
3528 0
3529 0
3530 0
3531 0
3532 0
3533 0
3534 0
3535 0
3536 0
3537 0
3538 0
3539 0
3540 0
3541 0
3542 0
3543 0
3544 0
3545 0
3546 1
3547 0
3548 0
3549 0
3550 0
3551 0
3552 0
3553 0
3554 0
3555 0
3556 0
3557 0
3558 0
3559 0
3560 0
3561 0
3562 0
3563 0
3564 0
3565 0
3566 0
3567 0
3568 0
3569 0
3570 0
3571 0
3572 0
3573 0
3574 0
3575 0
3576 0
3577 0
3578 0
3579 0
3580 0
3581 0
3582 0
3583 0
3584 0
3585 0
3586 0
3587 0
3588 0
3589 0
3590 0
3591 0
3592 0
3593 0
3594 0
3595 0
3596 0
3597 0
3598 0
3599 0
3600 0
3601 0
3602 0
3603 0
3604 0
3605 0
3606 0
3607 0
3608 0
3609 0
3610 0
3611 0
3612 0
3613 0
3614 0
3615 0
3616 0
3617 0
3618 0
3619 0
3620 0
3621 0
3622 1
3623 0
3624 0
3625 0
3626 0
3627 0
3628 0
3629 0
3630 0
3631 0
3632 0
3633 0
3634 0
3635 0
3636 0
3637 0
3638 0
3639 0
3640 0
3641 0
3642 0
3643 0
3644 0
3645 0
3646 0
3647 0
3648 0
3649 0
3650 0
3651 0
3652 0
3653 0
3654 0
3655 0
3656 0
3657 0
3658 0
3659 0
3660 0
3661 0
3662 0
3663 0
3664 0
3665 0
3666 2
3667 0
3668 0
3669 0
3670 0
3671 1
3672 0
3673 0
3674 0
3675 0
3676 0
3677 0
3678 0
3679 0
3680 0
3681 0
3682 0
3683 0
3684 0
3685 1
3686 0
3687 0
3688 0
3689 0
3690 0
3691 0
3692 0
3693 0
3694 0
3695 0
3696 0
3697 0
3698 0
3699 0
3700 0
3701 0
3702 0
3703 0
3704 0
3705 0
3706 0
3707 0
3708 0
3709 0
3710 0
3711 0
3712 0
3713 0
3714 0
3715 0
3716 0
3717 0
3718 0
3719 0
3720 0
3721 0
3722 0
3723 0
3724 0
3725 0
3726 0
3727 0
3728 0
3729 0
3730 0
3731 0
3732 1
3733 0
3734 0
3735 0
3736 0
3737 0
3738 0
3739 0
3740 0
3741 0
3742 0
3743 0
3744 0
3745 0
3746 0
3747 0
3748 0
3749 0
3750 0
3751 0
3752 0
3753 0
3754 0
3755 0
3756 0
3757 0
3758 0
3759 0
3760 0
3761 0
3762 0
3763 0
3764 0
3765 0
3766 0
3767 0
3768 0
3769 0
3770 0
3771 0
3772 0
3773 0
3774 0
3775 0
3776 0
3777 0
3778 0
3779 0
3780 0
3781 0
3782 0
3783 0
3784 0
3785 0
3786 0
3787 0
3788 0
3789 0
3790 0
3791 0
3792 0
3793 0
3794 0
3795 0
3796 0
3797 0
3798 0
3799 0
3800 0
3801 0
3802 0
3803 0
3804 0
3805 0
3806 0
3807 0
3808 0
3809 0
3810 0
3811 0
3812 0
3813 0
3814 0
3815 0
3816 0
3817 0
3818 0
3819 0
3820 0
3821 0
3822 0
3823 0
3824 0
3825 0
3826 0
3827 0
3828 0
3829 0
3830 0
3831 0
3832 0
3833 0
3834 0
3835 0
3836 0
3837 0
3838 0
3839 0
3840 0
3841 0
3842 0
3843 0
3844 0
3845 0
3846 0
3847 0
3848 0
3849 0
3850 0
3851 0
3852 0
3853 0
3854 0
3855 0
3856 0
3857 0
3858 0
3859 0
3860 0
3861 0
3862 0
3863 0
3864 0
3865 0
3866 0
3867 0
3868 0
3869 0
3870 0
3871 0
3872 0
3873 0
3874 0
3875 0
3876 0
3877 0
3878 0
3879 0
3880 0
3881 0
3882 0
3883 0
3884 0
3885 0
3886 0
3887 0
3888 0
3889 0
3890 0
3891 0
3892 0
3893 0
3894 0
3895 0
3896 0
3897 0
3898 0
3899 0
3900 0
3901 0
3902 0
3903 0
3904 0
3905 0
3906 0
3907 0
3908 0
3909 0
3910 0
3911 0
3912 0
3913 0
3914 0
3915 0
3916 0
3917 0
3918 0
3919 0
3920 0
3921 0
3922 0
3923 0
3924 0
3925 0
3926 0
3927 0
3928 0
3929 0
3930 0
3931 0
3932 0
3933 0
3934 0
3935 0
3936 0
3937 0
3938 0
3939 0
3940 0
3941 0
3942 0
3943 0
3944 0
3945 0
3946 0
3947 0
3948 0
3949 0
3950 0
3951 0
3952 0
3953 0
3954 0
3955 0
3956 0
3957 0
3958 0
3959 0
3960 0
3961 0
3962 0
3963 0
3964 0
3965 0
3966 0
3967 0
3968 0
3969 0
3970 0
3971 0
3972 0
3973 0
3974 0
3975 0
3976 0
3977 0
3978 0
3979 0
3980 0
3981 0
3982 0
3983 0
3984 0
3985 0
3986 0
3987 0
3988 0
3989 0
3990 0
3991 0
3992 0
3993 0
3994 0
3995 0
3996 0
3997 0
3998 0
3999 0
4000 0
