0 0
1 0
2 0
3 0
4 0
5 0
6 0
7 0
8 0
9 0
10 0
11 0
12 0
13 0
14 0
15 0
16 0
17 0
18 0
19 0
20 0
21 0
22 0
23 0
24 0
25 0
26 0
27 0
28 0
29 0
30 0
31 0
32 0
33 0
34 0
35 0
36 0
37 0
38 0
39 0
40 0
41 0
42 0
43 0
44 0
45 0
46 0
47 0
48 0
49 0
50 0
51 0
52 0
53 0
54 0
55 0
56 0
57 0
58 0
59 0
60 0
61 0
62 0
63 0
64 0
65 0
66 0
67 0
68 0
69 0
70 0
71 0
72 0
73 0
74 0
75 0
76 0
77 0
78 0
79 0
80 0
81 0
82 0
83 0
84 0
85 2
86 9
87 23
88 19
89 18
90 18
91 14
92 27
93 28
94 20
95 10
96 11
97 11
98 14
99 12
100 8
101 9
102 7
103 7
104 4
105 4
106 5
107 4
108 4
109 3
110 22
111 146
112 671
113 2386
114 4802
115 7269
116 9130
117 10008
118 10489
119 10079
120 9505
121 8717
122 7733
123 6935
124 6078
125 5240
126 4637
127 3994
128 3478
129 3133
130 2673
131 2471
132 2097
133 2068
134 1857
135 1803
136 1669
137 1555
138 1621
139 1560
140 1541
141 1634
142 1549
143 1523
144 1525
145 1549
146 1594
147 1543
148 1547
149 1605
150 1538
151 1491
152 1565
153 1550
154 1526
155 1515
156 1537
157 1542
158 1605
159 1524
160 1589
161 1531
162 1521
163 1593
164 1533
165 1530
166 1599
167 1598
168 1620
169 1582
170 1637
171 1640
172 1593
173 1657
174 1663
175 1622
176 1701
177 1596
178 1681
179 1713
180 1776
181 1672
182 1647
183 1695
184 1752
185 1757
186 1657
187 1718
188 1665
189 1672
190 1684
191 1666
192 1762
193 1683
194 1717
195 1660
196 1702
197 1670
198 1748
199 1715
200 1714
201 1834
202 1732
203 1788
204 1807
205 1715
206 1827
207 1801
208 1760
209 1733
210 1746
211 1814
212 1740
213 1729
214 1797
215 1811
216 1826
217 1743
218 1839
219 1864
220 1798
221 1857
222 1800
223 1848
224 1930
225 1857
226 1904
227 1862
228 1888
229 1914
230 1791
231 1939
232 1801
233 1962
234 1852
235 1897
236 1886
237 1984
238 1933
239 1935
240 1953
241 1925
242 1908
243 1877
244 1923
245 1940
246 1958
247 1971
248 1927
249 2016
250 1986
251 1953
252 1859
253 2026
254 2005
255 2059
256 2040
257 2023
258 2022
259 1980
260 2012
261 2035
262 2029
263 1964
264 2051
265 2102
266 2056
267 2051
268 2080
269 2038
270 2064
271 2050
272 2170
273 2189
274 2099
275 2114
276 2099
277 2160
278 2053
279 2128
280 2191
281 2047
282 2051
283 2110
284 2127
285 2123
286 2050
287 2088
288 2128
289 2109
290 2102
291 2058
292 2122
293 2129
294 2001
295 2081
296 2152
297 2116
298 2161
299 2162
300 2154
301 2061
302 2094
303 2160
304 2073
305 2066
306 2154
307 1999
308 2048
309 2114
310 2100
311 1966
312 2147
313 2126
314 2097
315 2168
316 2124
317 2156
318 2156
319 2086
320 2139
321 2068
322 2073
323 2143
324 2113
325 2099
326 2115
327 2142
328 2038
329 2100
330 2052
331 2054
332 2001
333 2009
334 2059
335 2080
336 1972
337 2055
338 1980
339 2027
340 2005
341 2119
342 1992
343 1977
344 1938
345 1917
346 1977
347 1964
348 1888
349 1955
350 1932
351 1993
352 1938
353 1949
354 1955
355 1910
356 1913
357 1943
358 1948
359 1801
360 1855
361 1909
362 1919
363 1810
364 1769
365 1805
366 1817
367 1823
368 1855
369 1819
370 1732
371 1785
372 1769
373 1727
374 1748
375 1752
376 1756
377 1658
378 1715
379 1741
380 1714
381 1648
382 1676
383 1622
384 1654
385 1621
386 1640
387 1602
388 1667
389 1587
390 1587
391 1596
392 1551
393 1544
394 1546
395 1566
396 1557
397 1504
398 1384
399 1510
400 1468
401 1488
402 1457
403 1354
404 1457
405 1436
406 1490
407 1438
408 1355
409 1404
410 1379
411 1318
412 1394
413 1359
414 1438
415 1351
416 1347
417 1299
418 1344
419 1263
420 1258
421 1314
422 1205
423 1250
424 1221
425 1212
426 1182
427 1203
428 1182
429 1206
430 1229
431 1204
432 1100
433 1196
434 1108
435 1103
436 1126
437 1104
438 1120
439 1046
440 1088
441 1070
442 1039
443 1041
444 1043
445 972
446 1008
447 915
448 1084
449 1011
450 996
451 977
452 943
453 980
454 1018
455 1013
456 911
457 939
458 930
459 945
460 893
461 906
462 884
463 841
464 866
465 828
466 863
467 796
468 826
469 821
470 879
471 810
472 838
473 816
474 823
475 778
476 765
477 789
478 741
479 723
480 764
481 688
482 767
483 738
484 697
485 729
486 685
487 654
488 688
489 682
490 693
491 699
492 686
493 633
494 680
495 608
496 624
497 641
498 653
499 609
500 623
501 576
502 649
503 594
504 615
505 615
506 620
507 556
508 547
509 594
510 541
511 522
512 556
513 553
514 558
515 547
516 583
517 514
518 512
519 543
520 486
521 470
522 491
523 504
524 435
525 482
526 459
527 492
528 479
529 445
530 485
531 494
532 496
533 457
534 471
535 460
536 454
537 427
538 456
539 464
540 443
541 444
542 428
543 422
544 455
545 389
546 430
547 433
548 416
549 411
550 368
551 416
552 424
553 396
554 413
555 437
556 400
557 382
558 368
559 390
560 383
561 360
562 365
563 409
564 364
565 353
566 364
567 386
568 386
569 354
570 385
571 370
572 345
573 312
574 355
575 337
576 351
577 327
578 358
579 351
580 334
581 342
582 319
583 323
584 333
585 339
586 332
587 344
588 305
589 325
590 334
591 308
592 344
593 330
594 273
595 324
596 312
597 317
598 359
599 300
600 308
601 316
602 329
603 280
604 304
605 353
606 299
607 278
608 301
609 320
610 333
611 286
612 296
613 328
614 317
615 280
616 276
617 273
618 280
619 286
620 255
621 302
622 285
623 286
624 261
625 297
626 316
627 250
628 261
629 262
630 320
631 320
632 296
633 286
634 249
635 268
636 292
637 286
638 294
639 266
640 301
641 276
642 274
643 250
644 271
645 257
646 254
647 255
648 276
649 267
650 277
651 285
652 268
653 280
654 251
655 272
656 263
657 244
658 236
659 271
660 278
661 267
662 253
663 255
664 250
665 276
666 236
667 259
668 259
669 268
670 254
671 253
672 249
673 285
674 252
675 286
676 240
677 289
678 240
679 291
680 236
681 243
682 252
683 255
684 264
685 250
686 270
687 251
688 235
689 267
690 254
691 247
692 225
693 237
694 263
695 252
696 230
697 261
698 228
699 255
700 242
701 247
702 238
703 256
704 204
705 253
706 250
707 254
708 276
709 240
710 246
711 232
712 225
713 257
714 238
715 242
716 245
717 229
718 229
719 248
720 240
721 262
722 212
723 232
724 241
725 240
726 231
727 250
728 218
729 225
730 236
731 239
732 235
733 218
734 249
735 248
736 242
737 262
738 200
739 239
740 221
741 250
742 227
743 218
744 224
745 232
746 218
747 221
748 270
749 198
750 251
751 227
752 216
753 261
754 237
755 203
756 212
757 226
758 258
759 236
760 212
761 222
762 213
763 206
764 223
765 227
766 210
767 228
768 211
769 222
770 214
771 240
772 190
773 190
774 185
775 226
776 217
777 202
778 202
779 224
780 204
781 200
782 211
783 220
784 207
785 217
786 217
787 217
788 206
789 201
790 216
791 206
792 215
793 166
794 199
795 199
796 208
797 198
798 206
799 216
800 208
801 200
802 202
803 187
804 213
805 197
806 210
807 194
808 195
809 197
810 185
811 206
812 192
813 208
814 197
815 172
816 218
817 208
818 198
819 183
820 198
821 175
822 161
823 181
824 191
825 193
826 165
827 181
828 179
829 185
830 203
831 163
832 192
833 211
834 210
835 189
836 159
837 191
838 165
839 201
840 183
841 199
842 187
843 200
844 167
845 181
846 178
847 199
848 167
849 182
850 188
851 176
852 165
853 178
854 171
855 167
856 171
857 149
858 176
859 171
860 146
861 168
862 129
863 167
864 159
865 177
866 178
867 149
868 164
869 171
870 166
871 171
872 161
873 164
874 150
875 156
876 156
877 137
878 171
879 160
880 154
881 153
882 138
883 154
884 133
885 148
886 147
887 152
888 152
889 141
890 154
891 162
892 152
893 130
894 134
895 139
896 140
897 156
898 144
899 133
900 155
901 145
902 156
903 130
904 151
905 123
906 144
907 127
908 153
909 147
910 153
911 118
912 141
913 153
914 116
915 110
916 149
917 139
918 140
919 131
920 142
921 149
922 112
923 127
924 146
925 157
926 130
927 151
928 123
929 142
930 133
931 117
932 129
933 131
934 105
935 112
936 103
937 121
938 123
939 131
940 131
941 133
942 103
943 98
944 119
945 121
946 96
947 126
948 121
949 103
950 106
951 121
952 99
953 117
954 100
955 116
956 128
957 111
958 85
959 99
960 114
961 89
962 118
963 107
964 111
965 112
966 109
967 107
968 113
969 88
970 103
971 103
972 107
973 99
974 100
975 106
976 80
977 86
978 95
979 114
980 101
981 99
982 84
983 81
984 83
985 75
986 96
987 104
988 94
989 86
990 97
991 78
992 82
993 91
994 81
995 87
996 86
997 88
998 73
999 87
1000 83
1001 86
1002 81
1003 91
1004 80
1005 83
1006 74
1007 68
1008 92
1009 87
1010 86
1011 84
1012 68
1013 57
1014 78
1015 66
1016 89
1017 81
1018 71
1019 75
1020 83
1021 94
1022 62
1023 74
1024 75
1025 70
1026 67
1027 80
1028 79
1029 68
1030 67
1031 77
1032 72
1033 58
1034 83
1035 65
1036 73
1037 65
1038 82
1039 81
1040 60
1041 65
1042 68
1043 60
1044 69
1045 72
1046 58
1047 65
1048 70
1049 62
1050 53
1051 66
1052 67
1053 72
1054 54
1055 55
1056 70
1057 55
1058 68
1059 59
1060 58
1061 45
1062 58
1063 54
1064 46
1065 45
1066 54
1067 62
1068 56
1069 63
1070 54
1071 55
1072 61
1073 55
1074 56
1075 57
1076 46
1077 56
1078 57
1079 53
1080 53
1081 39
1082 49
1083 54
1084 42
1085 55
1086 35
1087 63
1088 54
1089 46
1090 52
1091 52
1092 42
1093 49
1094 49
1095 53
1096 42
1097 42
1098 49
1099 41
1100 50
1101 45
1102 51
1103 52
1104 42
1105 48
1106 39
1107 52
1108 43
1109 48
1110 38
1111 45
1112 41
1113 40
1114 34
1115 50
1116 38
1117 36
1118 35
1119 32
1120 45
1121 48
1122 43
1123 39
1124 38
1125 46
1126 27
1127 43
1128 31
1129 38
1130 38
1131 47
1132 34
1133 42
1134 42
1135 42
1136 40
1137 38
1138 38
1139 43
1140 36
1141 48
1142 35
1143 29
1144 26
1145 35
1146 34
1147 32
1148 30
1149 30
1150 27
1151 39
1152 41
1153 37
1154 35
1155 29
1156 32
1157 40
1158 26
1159 32
1160 25
1161 39
1162 38
1163 21
1164 40
1165 36
1166 37
1167 25
1168 24
1169 24
1170 22
1171 27
1172 40
1173 23
1174 43
1175 31
1176 21
1177 35
1178 37
1179 29
1180 23
1181 23
1182 25
1183 23
1184 20
1185 23
1186 28
1187 21
1188 25
1189 23
1190 29
1191 29
1192 24
1193 31
1194 24
1195 18
1196 24
1197 28
1198 30
1199 24
1200 20
1201 30
1202 22
1203 26
1204 25
1205 28
1206 24
1207 24
1208 32
1209 28
1210 17
1211 26
1212 16
1213 15
1214 27
1215 21
1216 24
1217 19
1218 22
1219 17
1220 22
1221 18
1222 21
1223 18
1224 15
1225 21
1226 15
1227 22
1228 22
1229 27
1230 16
1231 15
1232 10
1233 20
1234 24
1235 23
1236 14
1237 14
1238 17
1239 14
1240 20
1241 17
1242 14
1243 20
1244 16
1245 10
1246 16
1247 11
1248 18
1249 16
1250 18
1251 12
1252 6
1253 13
1254 15
1255 18
1256 18
1257 14
1258 13
1259 10
1260 19
1261 11
1262 19
1263 9
1264 10
1265 10
1266 17
1267 14
1268 20
1269 18
1270 7
1271 17
1272 14
1273 12
1274 23
1275 11
1276 17
1277 12
1278 8
1279 12
1280 13
1281 7
1282 14
1283 14
1284 17
1285 9
1286 14
1287 16
1288 15
1289 11
1290 13
1291 12
1292 17
1293 5
1294 9
1295 11
1296 8
1297 10
1298 11
1299 7
1300 5
1301 12
1302 7
1303 6
1304 9
1305 12
1306 11
1307 16
1308 20
1309 11
1310 9
1311 13
1312 11
1313 12
1314 9
1315 12
1316 5
1317 7
1318 9
1319 9
1320 11
1321 8
1322 9
1323 14
1324 10
1325 15
1326 3
1327 9
1328 10
1329 7
1330 10
1331 10
1332 10
1333 5
1334 5
1335 9
1336 8
1337 5
1338 10
1339 5
1340 9
1341 8
1342 6
1343 7
1344 9
1345 6
1346 9
1347 8
1348 5
1349 9
1350 8
1351 11
1352 3
1353 5
1354 5
1355 11
1356 8
1357 10
1358 5
1359 6
1360 8
1361 7
1362 6
1363 8
1364 6
1365 9
1366 4
1367 9
1368 4
1369 8
1370 4
1371 6
1372 7
1373 5
1374 7
1375 5
1376 5
1377 9
1378 2
1379 5
1380 6
1381 3
1382 10
1383 5
1384 1
1385 6
1386 6
1387 8
1388 6
1389 4
1390 10
1391 3
1392 4
1393 4
1394 8
1395 4
1396 7
1397 3
1398 5
1399 1
1400 2
1401 2
1402 4
1403 3
1404 8
1405 7
1406 4
1407 2
1408 7
1409 4
1410 6
1411 2
1412 0
1413 3
1414 6
1415 7
1416 5
1417 6
1418 5
1419 4
1420 3
1421 6
1422 5
1423 2
1424 8
1425 4
1426 3
1427 4
1428 3
1429 3
1430 6
1431 2
1432 3
1433 2
1434 2
1435 5
1436 1
1437 7
1438 4
1439 6
1440 5
1441 3
1442 4
1443 5
1444 5
1445 5
1446 2
1447 5
1448 4
1449 3
1450 2
1451 3
1452 4
1453 5
1454 1
1455 3
1456 3
1457 5
1458 0
1459 5
1460 2
1461 0
1462 2
1463 3
1464 1
1465 1
1466 1
1467 3
1468 4
1469 3
1470 2
1471 1
1472 5
1473 4
1474 1
1475 2
1476 0
1477 3
1478 3
1479 1
1480 0
1481 2
1482 2
1483 3
1484 6
1485 1
1486 1
1487 2
1488 3
1489 2
1490 3
1491 2
1492 2
1493 3
1494 3
1495 2
1496 2
1497 3
1498 0
1499 4
1500 4
1501 2
1502 2
1503 3
1504 4
1505 2
1506 2
1507 2
1508 1
1509 3
1510 2
1511 3
1512 2
1513 4
1514 2
1515 2
1516 2
1517 1
1518 1
1519 0
1520 3
1521 2
1522 3
1523 1
1524 2
1525 1
1526 1
1527 1
1528 2
1529 1
1530 2
1531 3
1532 2
1533 1
1534 0
1535 1
1536 0
1537 1
1538 0
1539 1
1540 5
1541 0
1542 1
1543 0
1544 2
1545 0
1546 2
1547 1
1548 2
1549 0
1550 2
1551 2
1552 1
1553 2
1554 1
1555 2
1556 2
1557 1
1558 1
1559 0
1560 1
1561 0
1562 1
1563 3
1564 0
1565 2
1566 1
1567 1
1568 2
1569 1
1570 1
1571 0
1572 1
1573 2
1574 0
1575 1
1576 0
1577 2
1578 1
1579 2
1580 3
1581 3
1582 2
1583 1
1584 2
1585 2
1586 0
1587 0
1588 1
1589 0
1590 0
1591 1
1592 1
1593 0
1594 2
1595 1
1596 0
1597 1
1598 1
1599 0
1600 1
1601 3
1602 1
1603 1
1604 2
1605 0
1606 1
1607 1
1608 3
1609 1
1610 0
1611 1
1612 0
1613 1
1614 3
1615 2
1616 0
1617 0
1618 2
1619 1
1620 0
1621 1
1622 1
1623 0
1624 0
1625 0
1626 1
1627 1
1628 0
1629 2
1630 1
1631 0
1632 1
1633 1
1634 2
1635 0
1636 0
1637 0
1638 1
1639 1
1640 1
1641 0
1642 0
1643 1
1644 0
1645 1
1646 1
1647 0
1648 3
1649 0
1650 1
1651 1
1652 0
1653 0
1654 1
1655 1
1656 0
1657 0
1658 0
1659 0
1660 0
1661 0
1662 1
1663 0
1664 1
1665 0
1666 0
1667 0
1668 0
1669 0
1670 0
1671 0
1672 1
1673 1
1674 2
1675 0
1676 2
1677 0
1678 0
1679 0
1680 0
1681 0
1682 0
1683 1
1684 0
1685 1
1686 1
1687 1
1688 0
1689 0
1690 1
1691 0
1692 0
1693 0
1694 0
1695 1
1696 3
1697 1
1698 0
1699 0
1700 1
1701 0
1702 0
1703 0
1704 0
1705 0
1706 0
1707 1
1708 2
1709 0
1710 1
1711 0
1712 1
1713 0
1714 0
1715 0
1716 2
1717 1
1718 0
1719 0
1720 0
1721 2
1722 0
1723 0
1724 0
1725 1
1726 0
1727 0
1728 1
1729 0
1730 2
1731 0
1732 2
1733 0
1734 1
1735 1
1736 0
1737 0
1738 0
1739 0
1740 0
1741 0
1742 0
1743 0
1744 0
1745 0
1746 0
1747 0
1748 0
1749 1
1750 1
1751 0
1752 0
1753 0
1754 0
1755 0
1756 0
1757 0
1758 0
1759 0
1760 0
1761 0
1762 0
1763 0
1764 1
1765 0
1766 0
1767 1
1768 0
1769 0
1770 0
1771 0
1772 0
1773 0
1774 0
1775 0
1776 0
1777 0
1778 0
1779 0
1780 0
1781 0
1782 0
1783 0
1784 0
1785 1
1786 0
1787 0
1788 1
1789 0
1790 1
1791 0
1792 1
1793 0
1794 2
1795 0
1796 0
1797 0
1798 0
1799 0
1800 1
1801 2
1802 0
1803 2
1804 1
1805 1
1806 0
1807 0
1808 0
1809 0
1810 0
1811 1
1812 0
1813 0
1814 0
1815 0
1816 0
1817 1
1818 0
1819 0
1820 0
1821 0
1822 1
1823 0
1824 0
1825 0
1826 0
1827 0
1828 0
1829 0
1830 0
1831 1
1832 0
1833 0
1834 0
1835 0
1836 0
1837 0
1838 0
1839 0
1840 0
1841 0
1842 0
1843 0
1844 0
1845 2
1846 0
1847 0
1848 0
1849 0
1850 0
1851 0
1852 0
1853 0
1854 0
1855 0
1856 0
1857 0
1858 0
1859 0
1860 1
1861 0
1862 0
1863 0
1864 0
1865 1
1866 0
1867 0
1868 0
1869 0
1870 1
1871 0
1872 0
1873 1
1874 0
1875 0
1876 0
1877 0
1878 0
1879 0
1880 0
1881 0
1882 0
1883 1
1884 0
1885 0
1886 0
1887 0
1888 0
1889 1
1890 0
1891 0
1892 0
1893 0
1894 0
1895 0
1896 0
1897 0
1898 1
1899 0
1900 0
1901 0
1902 0
1903 0
1904 0
1905 0
1906 0
1907 1
1908 0
1909 0
1910 1
1911 0
1912 0
1913 0
1914 0
1915 0
1916 0
1917 0
1918 0
1919 0
1920 0
1921 0
1922 1
1923 0
1924 1
1925 0
1926 1
1927 0
1928 0
1929 0
1930 0
1931 0
1932 1
1933 0
1934 0
1935 0
1936 0
1937 0
1938 0
1939 0
1940 1
1941 0
1942 0
1943 0
1944 0
1945 1
1946 0
1947 0
1948 0
1949 0
1950 0
1951 0
1952 0
1953 0
1954 0
1955 0
1956 0
1957 0
1958 0
1959 0
1960 0
1961 0
1962 0
1963 0
1964 0
1965 0
1966 0
1967 0
1968 0
1969 0
1970 0
1971 1
1972 0
1973 0
1974 1
1975 0
1976 1
1977 0
1978 0
1979 1
1980 0
1981 1
1982 0
1983 0
1984 0
1985 0
1986 0
1987 0
1988 0
1989 0
1990 0
1991 0
1992 0
1993 0
1994 0
1995 0
1996 0
1997 0
1998 0
1999 0
2000 0
2001 0
2002 1
2003 0
2004 0
2005 0
2006 0
2007 0
2008 0
2009 0
2010 0
2011 0
2012 0
2013 0
2014 0
2015 0
2016 0
2017 0
2018 0
2019 0
2020 0
2021 0
2022 0
2023 0
2024 0
2025 0
2026 0
2027 0
2028 0
2029 0
2030 0
2031 0
2032 0
2033 0
2034 0
2035 0
2036 0
2037 0
2038 0
2039 0
2040 0
2041 0
2042 0
2043 0
2044 0
2045 0
2046 0
2047 0
2048 0
2049 1
2050 0
2051 0
2052 0
2053 1
2054 0
2055 0
2056 0
2057 0
2058 0
2059 0
2060 0
2061 0
2062 0
2063 0
2064 0
2065 0
2066 0
2067 0
2068 0
2069 0
2070 1
2071 0
2072 0
2073 0
2074 0
2075 0
2076 0
2077 0
2078 0
2079 0
2080 0
2081 0
2082 0
2083 0
2084 0
2085 0
2086 0
2087 0
2088 0
2089 0
2090 0
2091 0
2092 0
2093 0
2094 0
2095 0
2096 0
2097 0
2098 0
2099 0
2100 0
2101 0
2102 0
2103 0
2104 0
2105 0
2106 0
2107 0
2108 0
2109 0
2110 0
2111 0
2112 0
2113 0
2114 0
2115 0
2116 0
2117 0
2118 0
2119 0
2120 0
2121 0
2122 0
2123 0
2124 0
2125 0
2126 0
2127 0
2128 0
2129 0
2130 0
2131 0
2132 0
2133 0
2134 0
2135 0
2136 0
2137 0
2138 0
2139 0
2140 0
2141 0
2142 0
2143 0
2144 0
2145 0
2146 0
2147 0
2148 0
2149 0
2150 0
2151 0
2152 0
2153 0
2154 0
2155 0
2156 0
2157 0
2158 0
2159 0
2160 0
2161 0
2162 0
2163 0
2164 0
2165 0
2166 0
2167 0
2168 0
2169 0
2170 0
2171 0
2172 0
2173 0
2174 0
2175 0
2176 2
2177 0
2178 0
2179 0
2180 0
2181 0
2182 0
2183 0
2184 0
2185 0
2186 0
2187 0
2188 0
2189 0
2190 0
2191 0
2192 0
2193 0
2194 0
2195 0
2196 0
2197 0
2198 0
2199 0
2200 0
2201 0
2202 0
2203 0
2204 0
2205 0
2206 0
2207 0
2208 0
2209 0
2210 0
2211 0
2212 0
2213 0
2214 0
2215 0
2216 0
2217 1
2218 0
2219 0
2220 0
2221 0
2222 0
2223 0
2224 0
2225 0
2226 0
2227 0
2228 0
2229 0
2230 0
2231 0
2232 0
2233 0
2234 0
2235 0
2236 0
2237 0
2238 0
2239 0
2240 0
2241 0
2242 0
2243 0
2244 0
2245 0
2246 0
2247 0
2248 0
2249 0
2250 0
2251 0
2252 0
2253 0
2254 0
2255 0
2256 0
2257 0
2258 0
2259 0
2260 0
2261 0
2262 0
2263 0
2264 0
2265 0
2266 0
2267 0
2268 0
2269 0
2270 1
2271 0
2272 0
2273 0
2274 0
2275 0
2276 0
2277 0
2278 0
2279 0
2280 0
2281 0
2282 0
2283 0
2284 0
2285 0
2286 0
2287 0
2288 0
2289 0
2290 0
2291 0
2292 0
2293 0
2294 0
2295 0
2296 0
2297 0
2298 0
2299 0
2300 0
2301 0
2302 0
2303 0
2304 0
2305 0
2306 0
2307 0
2308 0
2309 0
2310 0
2311 0
2312 0
2313 1
2314 0
2315 0
2316 0
2317 0
2318 0
2319 0
2320 0
2321 1
2322 0
2323 0
2324 0
2325 0
2326 0
2327 0
2328 0
2329 0
2330 0
2331 0
2332 0
2333 0
2334 0
2335 0
2336 0
2337 0
2338 0
2339 0
2340 0
2341 0
2342 0
2343 0
2344 0
2345 0
2346 0
2347 0
2348 0
2349 0
2350 0
2351 0
2352 0
2353 0
2354 0
2355 0
2356 0
2357 0
2358 0
2359 0
2360 0
2361 0
2362 0
2363 0
2364 0
2365 0
2366 0
2367 0
2368 0
2369 0
2370 0
2371 0
2372 0
2373 0
2374 0
2375 0
2376 0
2377 0
2378 0
2379 0
2380 0
2381 0
2382 0
2383 0
2384 0
2385 0
2386 0
2387 0
2388 0
2389 0
2390 0
2391 0
2392 0
2393 0
2394 0
2395 0
2396 0
2397 0
2398 0
2399 0
2400 0
2401 0
2402 0
2403 0
2404 0
2405 0
2406 0
2407 0
2408 0
2409 0
2410 0
2411 0
2412 0
2413 0
2414 0
2415 0
2416 0
2417 0
2418 0
2419 0
2420 0
2421 0
2422 0
2423 0
2424 0
2425 0
2426 0
2427 0
2428 0
2429 0
2430 0
2431 0
2432 0
2433 0
2434 0
2435 0
2436 0
2437 0
2438 0
2439 0
2440 0
2441 0
2442 0
2443 0
2444 0
2445 0
2446 0
2447 0
2448 0
2449 0
2450 0
2451 0
2452 0
2453 0
2454 0
2455 0
2456 0
2457 0
2458 0
2459 0
2460 0
2461 0
2462 0
2463 0
2464 0
2465 0
2466 0
2467 1
2468 0
2469 0
2470 0
2471 0
2472 0
2473 0
2474 0
2475 0
2476 0
2477 0
2478 0
2479 0
2480 0
2481 0
2482 0
2483 0
2484 0
2485 0
2486 0
2487 0
2488 0
2489 0
2490 0
2491 0
2492 0
2493 0
2494 0
2495 0
2496 0
2497 1
2498 0
2499 0
2500 0
2501 0
2502 0
2503 0
2504 0
2505 0
2506 0
2507 0
2508 0
2509 0
2510 0
2511 0
2512 0
2513 0
2514 0
2515 0
2516 0
2517 0
2518 0
2519 0
2520 0
2521 0
2522 0
2523 0
2524 0
2525 0
2526 0
2527 0
2528 0
2529 0
2530 0
2531 0
2532 0
2533 2
2534 0
2535 0
2536 0
2537 0
2538 0
2539 0
2540 0
2541 0
2542 0
2543 0
2544 0
2545 0
2546 0
2547 0
2548 0
2549 0
2550 0
2551 0
2552 0
2553 0
2554 0
2555 0
2556 0
2557 0
2558 0
2559 0
2560 0
2561 0
2562 0
2563 0
2564 0
2565 0
2566 0
2567 0
2568 0
2569 0
2570 0
2571 0
2572 2
2573 0
2574 0
2575 0
2576 0
2577 0
2578 0
2579 0
2580 0
2581 0
2582 0
2583 0
2584 0
2585 0
2586 0
2587 0
2588 0
2589 0
2590 0
2591 0
2592 0
2593 0
2594 0
2595 0
2596 0
2597 0
2598 0
2599 0
2600 0
2601 0
2602 0
2603 0
2604 0
2605 0
2606 0
2607 0
2608 0
2609 0
2610 0
2611 0
2612 0
2613 0
2614 0
2615 0
2616 0
2617 0
2618 0
2619 1
2620 0
2621 0
2622 0
2623 0
2624 0
2625 0
2626 0
2627 0
2628 0
2629 0
2630 0
2631 0
2632 0
2633 1
2634 0
2635 0
2636 0
2637 0
2638 0
2639 0
2640 0
2641 0
2642 0
2643 0
2644 0
2645 0
2646 0
2647 0
2648 0
2649 0
2650 0
2651 0
2652 0
2653 0
2654 0
2655 0
2656 0
2657 0
2658 0
2659 0
2660 0
2661 0
2662 0
2663 0
2664 0
2665 0
2666 0
2667 0
2668 0
2669 0
2670 0
2671 0
2672 0
2673 0
2674 0
2675 0
2676 0
2677 0
2678 0
2679 0
2680 0
2681 0
2682 0
2683 0
2684 0
2685 0
2686 0
2687 0
2688 0
2689 0
2690 0
2691 0
2692 0
2693 0
2694 0
2695 0
2696 0
2697 0
2698 0
2699 0
2700 0
2701 0
2702 0
2703 0
2704 0
2705 0
2706 0
2707 0
2708 0
2709 0
2710 0
2711 0
2712 0
2713 0
2714 0
2715 0
2716 0
2717 0
2718 0
2719 0
2720 0
2721 0
2722 0
2723 0
2724 0
2725 0
2726 0
2727 0
2728 0
2729 0
2730 0
2731 0
2732 0
2733 0
2734 0
2735 0
2736 0
2737 0
2738 0
2739 0
2740 0
2741 0
2742 0
2743 0
2744 0
2745 0
2746 0
2747 0
2748 0
2749 0
2750 0
2751 0
2752 0
2753 0
2754 0
2755 0
2756 0
2757 0
2758 0
2759 0
2760 0
2761 0
2762 0
2763 0
2764 0
2765 0
2766 0
2767 0
2768 0
2769 0
2770 0
2771 0
2772 0
2773 0
2774 0
2775 0
2776 0
2777 0
2778 0
2779 0
2780 0
2781 0
2782 0
2783 0
2784 0
2785 0
2786 0
2787 0
2788 0
2789 0
2790 0
2791 0
2792 0
2793 0
2794 0
2795 0
2796 0
2797 0
2798 0
2799 0
2800 0
2801 0
2802 0
2803 0
2804 0
2805 0
2806 0
2807 0
2808 0
2809 0
2810 0
2811 0
2812 0
2813 0
2814 0
2815 0
2816 0
2817 0
2818 0
2819 0
2820 0
2821 0
2822 0
2823 0
2824 0
2825 0
2826 0
2827 0
2828 0
2829 0
2830 0
2831 0
2832 0
2833 0
2834 0
2835 0
2836 0
2837 0
2838 0
2839 0
2840 0
2841 0
2842 0
2843 0
2844 0
2845 0
2846 0
2847 0
2848 0
2849 0
2850 0
2851 0
2852 0
2853 0
2854 0
2855 0
2856 0
2857 0
2858 0
2859 0
2860 0
2861 0
2862 0
2863 0
2864 0
2865 0
2866 0
2867 0
2868 0
2869 0
2870 0
2871 0
2872 0
2873 0
2874 0
2875 0
2876 0
2877 0
2878 0
2879 0
2880 0
2881 0
2882 0
2883 0
2884 0
2885 0
2886 0
2887 0
2888 0
2889 0
2890 0
2891 0
2892 0
2893 0
2894 0
2895 0
2896 0
2897 0
2898 0
2899 0
2900 0
2901 0
2902 0
2903 0
2904 0
2905 0
2906 0
2907 0
2908 0
2909 0
2910 0
2911 0
2912 0
2913 0
2914 0
2915 0
2916 0
2917 0
2918 0
2919 0
2920 0
2921 0
2922 0
2923 0
2924 0
2925 0
2926 0
2927 0
2928 0
2929 0
2930 0
2931 0
2932 0
2933 0
2934 0
2935 0
2936 0
2937 0
2938 0
2939 0
2940 0
2941 0
2942 0
2943 0
2944 0
2945 0
2946 0
2947 0
2948 0
2949 0
2950 0
2951 0
2952 0
2953 0
2954 0
2955 0
2956 0
2957 0
2958 0
2959 0
2960 0
2961 0
2962 0
2963 0
2964 0
2965 0
2966 0
2967 0
2968 0
2969 0
2970 0
2971 0
2972 0
2973 0
2974 0
2975 0
2976 0
2977 0
2978 0
2979 0
2980 0
2981 1
2982 0
2983 0
2984 1
2985 0
2986 0
2987 0
2988 0
2989 0
2990 0
2991 0
2992 1
2993 0
2994 0
2995 0
2996 0
2997 0
2998 0
2999 0
3000 0
3001 0
3002 0
3003 0
3004 0
3005 0
3006 0
3007 0
3008 0
3009 0
3010 0
3011 1
3012 0
3013 0
3014 0
3015 0
3016 0
3017 0
3018 0
3019 0
3020 0
3021 0
3022 0
3023 0
3024 0
3025 0
3026 0
3027 0
3028 0
3029 0
3030 0
3031 0
3032 0
3033 0
3034 0
3035 0
3036 0
3037 0
3038 0
3039 0
3040 0
3041 0
3042 0
3043 0
3044 0
3045 0
3046 0
3047 0
3048 0
3049 0
3050 0
3051 0
3052 0
3053 0
3054 0
3055 0
3056 0
3057 0
3058 0
3059 0
3060 0
3061 0
3062 0
3063 0
3064 0
3065 0
3066 0
3067 0
3068 0
3069 0
3070 0
3071 0
3072 0
3073 0
3074 0
3075 0
3076 0
3077 0
3078 0
3079 0
3080 1
3081 0
3082 0
3083 0
3084 0
3085 0
3086 0
3087 0
3088 0
3089 0
3090 0
3091 0
3092 0
3093 0
3094 0
3095 0
3096 0
3097 0
3098 0
3099 0
3100 0
3101 0
3102 0
3103 0
3104 0
3105 0
3106 0
3107 0
3108 0
3109 0
3110 0
3111 0
3112 0
3113 0
3114 0
3115 0
3116 0
3117 0
3118 0
3119 0
3120 0
3121 0
3122 1
3123 0
3124 0
3125 0
3126 0
3127 0
3128 0
3129 0
3130 0
3131 0
3132 0
3133 0
3134 0
3135 0
3136 0
3137 0
3138 0
3139 0
3140 0
3141 0
3142 0
3143 0
3144 0
3145 0
3146 0
3147 0
3148 0
3149 0
3150 0
3151 0
3152 0
3153 0
3154 0
3155 0
3156 0
3157 0
3158 0
3159 0
3160 0
3161 0
3162 0
3163 0
3164 0
3165 0
3166 0
3167 0
3168 0
3169 0
3170 1
3171 0
3172 0
3173 0
3174 0
3175 0
3176 0
3177 0
3178 0
3179 0
3180 0
3181 0
3182 0
3183 0
3184 0
3185 0
3186 0
3187 0
3188 0
3189 0
3190 0
3191 0
3192 0
3193 0
3194 0
3195 0
3196 0
3197 0
3198 0
3199 0
3200 0
3201 0
3202 0
3203 0
3204 0
3205 0
3206 0
3207 0
3208 0
3209 0
3210 0
3211 0
3212 0
3213 0
3214 0
3215 0
3216 0
3217 0
3218 0
3219 0
3220 0
3221 0
3222 0
3223 0
3224 0
3225 0
3226 0
3227 0
3228 0
3229 0
3230 0
3231 0
3232 0
3233 0
3234 0
3235 0
3236 0
3237 0
3238 0
3239 0
3240 0
3241 0
3242 0
3243 0
3244 0
3245 0
3246 0
3247 0
3248 1
3249 0
3250 0
3251 0
3252 0
3253 0
3254 0
3255 0
3256 0
3257 0
3258 0
3259 0
3260 0
3261 0
3262 0
3263 0
3264 0
3265 0
3266 0
3267 1
3268 0
3269 0
3270 0
3271 0
3272 0
3273 0
3274 0
3275 0
3276 0
3277 0
3278 0
3279 0
3280 0
3281 0
3282 0
3283 0
3284 0
3285 0
3286 0
3287 0
3288 0
3289 0
3290 0
3291 0
3292 0
3293 0
3294 0
3295 0
3296 0
3297 0
3298 0
3299 0
3300 0
3301 0
3302 0
3303 0
3304 0
3305 0
3306 0
3307 0
3308 0
3309 0
3310 0
3311 0
3312 0
3313 0
3314 0
3315 0
3316 0
3317 0
3318 0
3319 0
3320 0
3321 0
3322 1
3323 0
3324 0
3325 0
3326 0
3327 0
3328 0
3329 0
3330 0
3331 0
3332 0
3333 0
3334 0
3335 0
3336 0
3337 0
3338 0
3339 0
3340 1
3341 0
3342 0
3343 0
3344 0
3345 0
3346 0
3347 0
3348 0
3349 0
3350 0
3351 0
3352 0
3353 0
3354 0
3355 0
3356 0
3357 0
3358 0
3359 0
3360 0
3361 0
3362 0
3363 0
3364 0
3365 0
3366 0
3367 0
3368 0
3369 0
3370 0
3371 0
3372 0
3373 0
3374 0
3375 0
3376 0
3377 0
3378 0
3379 0
3380 0
3381 0
3382 0
3383 0
3384 0
3385 0
3386 0
3387 0
3388 0
3389 0
3390 0
3391 0
3392 0
3393 0
3394 0
3395 0
3396 0
3397 0
3398 0
3399 0
3400 0
3401 0
3402 0
3403 0
3404 0
3405 0
3406 0
3407 0
3408 1
3409 0
3410 0
3411 0
3412 0
3413 0
3414 0
3415 0
3416 0
3417 0
3418 0
3419 0
3420 0
3421 0
3422 0
3423 0
3424 0
3425 0
3426 0
3427 0
3428 0
3429 0
3430 0
3431 0
3432 0
3433 0
3434 0
3435 0
3436 0
3437 0
3438 0
3439 0
3440 0
3441 0
3442 0
3443 1
3444 0
3445 0
3446 0
3447 0
3448 0
3449 0
3450 0
3451 0
3452 0
3453 0
3454 0
3455 0
3456 0
3457 0
3458 0
3459 0
3460 0
3461 0
3462 0
3463 0
3464 0
3465 0
3466 0
3467 0
3468 0
3469 0
3470 0
3471 0
3472 0
3473 0
3474 0
3475 0
3476 0
3477 0
3478 0
3479 0
3480 0
3481 0
3482 0
3483 0
3484 0
3485 0
3486 0
3487 0
3488 0
3489 0
3490 0
3491 0
3492 0
3493 0
3494 0
3495 0
3496 0
3497 0
3498 0
3499 0
3500 0
3501 0
3502 0
3503 0
3504 0
3505 0
3506 0
3507 0
3508 0
3509 0
3510 0
3511 0
3512 0
3513 0
3514 0
3515 0
3516 0
3517 0
3518 0
3519 0
3520 0
3521 0
3522 0
3523 0
3524 0
3525 0
3526 0
3527 0
3528 0
3529 0
3530 0
3531 0
3532 0
3533 0
3534 0
3535 0
3536 0
3537 0
3538 0
3539 0
3540 0
3541 0
3542 0
3543 0
3544 1
3545 0
3546 0
3547 0
3548 0
3549 0
3550 0
3551 0
3552 0
3553 0
3554 0
3555 0
3556 0
3557 0
3558 0
3559 0
3560 0
3561 0
3562 0
3563 0
3564 0
3565 0
3566 0
3567 0
3568 0
3569 0
3570 0
3571 0
3572 0
3573 0
3574 0
3575 0
3576 0
3577 0
3578 0
3579 0
3580 0
3581 0
3582 0
3583 0
3584 0
3585 0
3586 0
3587 0
3588 0
3589 0
3590 0
3591 0
3592 0
3593 0
3594 0
3595 0
3596 0
3597 0
3598 0
3599 0
3600 0
3601 0
3602 0
3603 0
3604 0
3605 0
3606 0
3607 0
3608 0
3609 0
3610 0
3611 0
3612 0
3613 0
3614 0
3615 0
3616 0
3617 0
3618 0
3619 0
3620 0
3621 0
3622 0
3623 0
3624 0
3625 0
3626 0
3627 0
3628 0
3629 0
3630 0
3631 0
3632 0
3633 0
3634 0
3635 0
3636 0
3637 0
3638 0
3639 0
3640 0
3641 0
3642 0
3643 0
3644 0
3645 0
3646 0
3647 0
3648 0
3649 0
3650 0
3651 0
3652 0
3653 0
3654 0
3655 0
3656 0
3657 0
3658 0
3659 0
3660 0
3661 0
3662 0
3663 0
3664 0
3665 0
3666 0
3667 0
3668 0
3669 0
3670 0
3671 0
3672 0
3673 0
3674 0
3675 0
3676 0
3677 0
3678 0
3679 0
3680 0
3681 0
3682 0
3683 0
3684 0
3685 0
3686 0
3687 0
3688 0
3689 0
3690 0
3691 0
3692 0
3693 0
3694 0
3695 0
3696 0
3697 0
3698 0
3699 0
3700 0
3701 0
3702 0
3703 0
3704 1
3705 0
3706 0
3707 0
3708 0
3709 0
3710 0
3711 0
3712 0
3713 0
3714 0
3715 0
3716 0
3717 0
3718 0
3719 0
3720 0
3721 0
3722 0
3723 0
3724 0
3725 0
3726 0
3727 0
3728 0
3729 0
3730 0
3731 0
3732 0
3733 0
3734 0
3735 0
3736 0
3737 0
3738 0
3739 0
3740 0
3741 0
3742 0
3743 0
3744 0
3745 0
3746 0
3747 0
3748 0
3749 0
3750 0
3751 0
3752 0
3753 0
3754 0
3755 0
3756 0
3757 0
3758 0
3759 0
3760 0
3761 0
3762 0
3763 0
3764 0
3765 0
3766 0
3767 0
3768 0
3769 0
3770 0
3771 0
3772 0
3773 0
3774 1
3775 0
3776 0
3777 0
3778 0
3779 0
3780 0
3781 0
3782 0
3783 0
3784 0
3785 0
3786 0
3787 0
3788 0
3789 0
3790 0
3791 0
3792 0
3793 1
3794 0
3795 0
3796 0
3797 0
3798 0
3799 0
3800 0
3801 0
3802 0
3803 0
3804 0
3805 0
3806 0
3807 0
3808 0
3809 0
3810 0
3811 0
3812 0
3813 0
3814 0
3815 0
3816 0
3817 0
3818 0
3819 0
3820 0
3821 0
3822 0
3823 0
3824 0
3825 0
3826 0
3827 0
3828 0
3829 0
3830 0
3831 0
3832 0
3833 0
3834 0
3835 0
3836 0
3837 0
3838 0
3839 0
3840 0
3841 0
3842 0
3843 0
3844 0
3845 0
3846 0
3847 0
3848 0
3849 0
3850 0
3851 0
3852 0
3853 0
3854 0
3855 0
3856 0
3857 0
3858 0
3859 0
3860 0
3861 0
3862 0
3863 0
3864 0
3865 0
3866 0
3867 0
3868 0
3869 0
3870 0
3871 0
3872 0
3873 0
3874 0
3875 0
3876 0
3877 0
3878 0
3879 0
3880 0
3881 0
3882 0
3883 0
3884 0
3885 0
3886 0
3887 0
3888 0
3889 0
3890 0
3891 0
3892 0
3893 0
3894 0
3895 0
3896 0
3897 0
3898 0
3899 0
3900 0
3901 0
3902 0
3903 0
3904 0
3905 0
3906 0
3907 0
3908 0
3909 0
3910 0
3911 0
3912 0
3913 0
3914 0
3915 0
3916 0
3917 0
3918 0
3919 0
3920 0
3921 0
3922 0
3923 0
3924 0
3925 0
3926 0
3927 0
3928 0
3929 0
3930 0
3931 0
3932 0
3933 0
3934 0
3935 0
3936 0
3937 0
3938 0
3939 0
3940 0
3941 0
3942 0
3943 0
3944 0
3945 0
3946 0
3947 0
3948 0
3949 0
3950 0
3951 0
3952 0
3953 0
3954 0
3955 0
3956 0
3957 0
3958 0
3959 0
3960 0
3961 0
3962 0
3963 0
3964 0
3965 0
3966 0
3967 0
3968 0
3969 1
3970 0
3971 0
3972 0
3973 0
3974 0
3975 0
3976 0
3977 0
3978 0
3979 0
3980 0
3981 0
3982 0
3983 0
3984 0
3985 0
3986 0
3987 0
3988 0
3989 0
3990 0
3991 0
3992 0
3993 1
3994 0
3995 0
3996 0
3997 0
3998 0
3999 0
4000 0
