0 0
1 0
2 0
3 0
4 0
5 0
6 0
7 0
8 0
9 0
10 0
11 0
12 0
13 0
14 0
15 0
16 0
17 0
18 0
19 0
20 0
21 0
22 0
23 0
24 0
25 0
26 0
27 0
28 0
29 0
30 0
31 0
32 0
33 0
34 0
35 0
36 0
37 0
38 0
39 0
40 0
41 0
42 0
43 0
44 0
45 0
46 0
47 0
48 0
49 0
50 0
51 0
52 0
53 0
54 0
55 0
56 0
57 0
58 0
59 0
60 0
61 0
62 0
63 0
64 0
65 0
66 0
67 0
68 0
69 0
70 0
71 0
72 0
73 0
74 0
75 0
76 0
77 0
78 0
79 0
80 0
81 0
82 0
83 0
84 0
85 1
86 8
87 40
88 18
89 11
90 23
91 24
92 21
93 22
94 22
95 18
96 25
97 18
98 19
99 16
100 23
101 10
102 13
103 11
104 11
105 10
106 7
107 6
108 9
109 4
110 31
111 201
112 903
113 3034
114 6023
115 9047
116 11026
117 12359
118 12551
119 12313
120 11400
121 10553
122 9260
123 8229
124 7268
125 6282
126 5223
127 4313
128 3829
129 3282
130 2709
131 2299
132 1969
133 1747
134 1530
135 1372
136 1282
137 1280
138 1120
139 1131
140 1094
141 1058
142 1097
143 1032
144 1005
145 1048
146 1012
147 1111
148 1016
149 995
150 1043
151 1012
152 1016
153 1020
154 1040
155 998
156 999
157 1039
158 1001
159 1048
160 998
161 961
162 1061
163 992
164 983
165 943
166 1038
167 1030
168 995
169 1043
170 1056
171 1021
172 1034
173 1020
174 1121
175 1078
176 1061
177 1011
178 1025
179 1043
180 1050
181 1054
182 1080
183 1087
184 1161
185 1070
186 1062
187 1047
188 1024
189 1093
190 1106
191 1130
192 1074
193 1081
194 1075
195 1051
196 1102
197 1090
198 1077
199 1114
200 1125
201 1106
202 1109
203 1051
204 1162
205 1106
206 1061
207 1059
208 1129
209 1139
210 1054
211 1168
212 1118
213 1107
214 1187
215 1132
216 1137
217 1169
218 1115
219 1098
220 1075
221 1029
222 1069
223 1104
224 1084
225 1134
226 1071
227 1100
228 1160
229 1176
230 1121
231 1073
232 1153
233 1108
234 1178
235 1086
236 1178
237 1124
238 1086
239 1135
240 1193
241 1139
242 1116
243 1203
244 1150
245 1157
246 1118
247 1126
248 1144
249 1097
250 1160
251 1061
252 1136
253 1195
254 1145
255 1168
256 1111
257 1138
258 1153
259 1089
260 1139
261 1167
262 1175
263 1192
264 1145
265 1137
266 1178
267 1170
268 1179
269 1166
270 1152
271 1208
272 1225
273 1180
274 1227
275 1196
276 1223
277 1229
278 1169
279 1244
280 1173
281 1290
282 1180
283 1255
284 1290
285 1226
286 1212
287 1279
288 1283
289 1336
290 1301
291 1225
292 1223
293 1277
294 1220
295 1266
296 1314
297 1292
298 1306
299 1286
300 1283
301 1344
302 1338
303 1273
304 1341
305 1316
306 1350
307 1337
308 1317
309 1246
310 1340
311 1303
312 1431
313 1394
314 1437
315 1436
316 1350
317 1390
318 1396
319 1465
320 1397
321 1437
322 1431
323 1428
324 1400
325 1449
326 1501
327 1418
328 1477
329 1406
330 1515
331 1476
332 1437
333 1520
334 1509
335 1502
336 1505
337 1490
338 1512
339 1527
340 1465
341 1550
342 1541
343 1525
344 1614
345 1530
346 1625
347 1480
348 1566
349 1569
350 1605
351 1618
352 1601
353 1563
354 1659
355 1606
356 1639
357 1641
358 1666
359 1680
360 1635
361 1666
362 1643
363 1738
364 1642
365 1741
366 1627
367 1634
368 1750
369 1725
370 1650
371 1743
372 1687
373 1812
374 1770
375 1805
376 1737
377 1833
378 1748
379 1849
380 1778
381 1773
382 1823
383 1838
384 1850
385 1775
386 1816
387 1824
388 1863
389 1772
390 1886
391 1765
392 1869
393 1860
394 1910
395 1866
396 1919
397 1845
398 1893
399 1873
400 1898
401 1896
402 1915
403 1844
404 1915
405 1896
406 1912
407 1961
408 1909
409 1948
410 1934
411 1970
412 1899
413 1944
414 1908
415 2010
416 1986
417 2042
418 1982
419 2005
420 1982
421 1941
422 2001
423 1976
424 2025
425 2026
426 1993
427 2023
428 2001
429 1971
430 1999
431 1944
432 1941
433 1982
434 1939
435 1980
436 2063
437 1991
438 1981
439 1972
440 1968
441 1982
442 1980
443 1946
444 1930
445 1927
446 2049
447 1977
448 1934
449 1948
450 1921
451 1996
452 2036
453 2036
454 1934
455 1942
456 1976
457 1901
458 2026
459 2018
460 1943
461 1976
462 1945
463 1908
464 1899
465 1977
466 1927
467 1906
468 1960
469 1921
470 1929
471 1960
472 1962
473 1927
474 1898
475 1879
476 1902
477 1889
478 1781
479 1897
480 1858
481 1928
482 1925
483 1846
484 1906
485 1897
486 1864
487 1752
488 1858
489 1812
490 1826
491 1898
492 1866
493 1872
494 1763
495 1839
496 1763
497 1815
498 1706
499 1788
500 1765
501 1795
502 1836
503 1724
504 1729
505 1718
506 1712
507 1745
508 1781
509 1710
510 1659
511 1710
512 1635
513 1647
514 1627
515 1741
516 1614
517 1670
518 1580
519 1557
520 1635
521 1594
522 1675
523 1605
524 1637
525 1533
526 1559
527 1629
528 1565
529 1543
530 1544
531 1517
532 1594
533 1494
534 1506
535 1532
536 1453
537 1462
538 1512
539 1478
540 1433
541 1467
542 1489
543 1493
544 1430
545 1463
546 1426
547 1406
548 1366
549 1372
550 1389
551 1386
552 1320
553 1357
554 1368
555 1303
556 1326
557 1304
558 1293
559 1269
560 1263
561 1235
562 1252
563 1252
564 1247
565 1259
566 1272
567 1243
568 1188
569 1180
570 1160
571 1208
572 1169
573 1174
574 1195
575 1053
576 1178
577 1150
578 1133
579 1143
580 1078
581 1109
582 1046
583 1088
584 1148
585 1041
586 1024
587 1029
588 1075
589 1064
590 1036
591 1026
592 979
593 1050
594 979
595 967
596 941
597 967
598 1002
599 996
600 970
601 928
602 927
603 866
604 853
605 872
606 898
607 900
608 858
609 857
610 796
611 856
612 833
613 849
614 826
615 833
616 845
617 822
618 762
619 787
620 817
621 824
622 791
623 793
624 780
625 796
626 760
627 774
628 769
629 791
630 719
631 693
632 693
633 744
634 729
635 691
636 696
637 725
638 697
639 624
640 687
641 625
642 627
643 660
644 712
645 626
646 641
647 629
648 641
649 566
650 591
651 626
652 616
653 589
654 620
655 614
656 568
657 600
658 625
659 557
660 528
661 513
662 595
663 552
664 533
665 541
666 527
667 551
668 474
669 515
670 506
671 491
672 509
673 493
674 482
675 473
676 458
677 463
678 472
679 440
680 436
681 474
682 446
683 467
684 431
685 424
686 456
687 480
688 467
689 452
690 438
691 412
692 416
693 459
694 428
695 401
696 416
697 413
698 391
699 396
700 374
701 359
702 416
703 352
704 408
705 406
706 398
707 362
708 387
709 364
710 356
711 358
712 351
713 371
714 321
715 348
716 332
717 346
718 375
719 361
720 358
721 338
722 338
723 337
724 337
725 324
726 358
727 339
728 347
729 327
730 309
731 336
732 322
733 345
734 304
735 292
736 333
737 309
738 303
739 292
740 331
741 313
742 304
743 300
744 297
745 294
746 291
747 300
748 299
749 276
750 298
751 305
752 289
753 283
754 301
755 251
756 294
757 297
758 283
759 264
760 260
761 273
762 247
763 248
764 236
765 276
766 273
767 278
768 294
769 263
770 239
771 229
772 294
773 258
774 274
775 252
776 235
777 247
778 246
779 252
780 257
781 256
782 250
783 258
784 242
785 246
786 267
787 224
788 239
789 246
790 213
791 253
792 209
793 265
794 239
795 195
796 213
797 227
798 228
799 267
800 239
801 233
802 233
803 220
804 254
805 211
806 242
807 221
808 225
809 219
810 213
811 239
812 205
813 231
814 252
815 225
816 227
817 253
818 218
819 250
820 207
821 207
822 211
823 212
824 229
825 220
826 225
827 231
828 228
829 185
830 222
831 222
832 209
833 241
834 234
835 205
836 212
837 205
838 222
839 215
840 199
841 215
842 205
843 205
844 199
845 226
846 214
847 201
848 199
849 207
850 235
851 204
852 203
853 204
854 200
855 197
856 218
857 208
858 214
859 195
860 206
861 205
862 239
863 214
864 202
865 205
866 221
867 237
868 209
869 198
870 220
871 193
872 205
873 214
874 222
875 203
876 209
877 218
878 194
879 235
880 195
881 218
882 215
883 226
884 220
885 210
886 206
887 204
888 203
889 212
890 213
891 224
892 202
893 219
894 209
895 212
896 208
897 203
898 210
899 204
900 220
901 207
902 195
903 215
904 217
905 181
906 215
907 210
908 204
909 229
910 193
911 217
912 212
913 206
914 223
915 224
916 192
917 209
918 204
919 190
920 216
921 188
922 216
923 210
924 229
925 196
926 208
927 223
928 202
929 207
930 213
931 172
932 222
933 198
934 193
935 219
936 205
937 199
938 213
939 212
940 246
941 196
942 217
943 198
944 218
945 212
946 208
947 227
948 205
949 201
950 210
951 182
952 177
953 188
954 199
955 215
956 178
957 173
958 220
959 198
960 214
961 212
962 198
963 233
964 219
965 208
966 194
967 206
968 221
969 204
970 175
971 232
972 201
973 220
974 212
975 215
976 174
977 216
978 185
979 215
980 193
981 198
982 227
983 211
984 198
985 181
986 209
987 179
988 212
989 232
990 186
991 214
992 206
993 227
994 223
995 172
996 216
997 212
998 207
999 222
1000 224
1001 184
1002 214
1003 205
1004 212
1005 172
1006 200
1007 212
1008 195
1009 208
1010 203
1011 220
1012 205
1013 228
1014 208
1015 203
1016 194
1017 173
1018 191
1019 198
1020 217
1021 199
1022 206
1023 206
1024 210
1025 195
1026 220
1027 208
1028 202
1029 211
1030 200
1031 196
1032 198
1033 187
1034 178
1035 169
1036 175
1037 187
1038 201
1039 180
1040 177
1041 216
1042 203
1043 218
1044 237
1045 219
1046 208
1047 206
1048 198
1049 201
1050 208
1051 208
1052 185
1053 187
1054 195
1055 196
1056 213
1057 201
1058 188
1059 178
1060 216
1061 224
1062 217
1063 205
1064 203
1065 195
1066 197
1067 224
1068 179
1069 181
1070 218
1071 208
1072 218
1073 199
1074 196
1075 208
1076 215
1077 180
1078 195
1079 206
1080 208
1081 184
1082 204
1083 217
1084 181
1085 212
1086 176
1087 179
1088 212
1089 209
1090 184
1091 200
1092 209
1093 191
1094 193
1095 205
1096 177
1097 180
1098 177
1099 191
1100 189
1101 189
1102 186
1103 178
1104 195
1105 208
1106 199
1107 214
1108 193
1109 181
1110 188
1111 195
1112 185
1113 183
1114 196
1115 190
1116 207
1117 186
1118 185
1119 197
1120 179
1121 204
1122 212
1123 206
1124 198
1125 190
1126 186
1127 168
1128 185
1129 188
1130 194
1131 200
1132 188
1133 181
1134 180
1135 176
1136 202
1137 209
1138 196
1139 202
1140 162
1141 173
1142 194
1143 178
1144 202
1145 194
1146 193
1147 166
1148 174
1149 186
1150 191
1151 153
1152 191
1153 165
1154 193
1155 191
1156 176
1157 180
1158 179
1159 174
1160 181
1161 178
1162 164
1163 185
1164 180
1165 178
1166 171
1167 178
1168 159
1169 154
1170 169
1171 157
1172 180
1173 197
1174 162
1175 176
1176 177
1177 158
1178 167
1179 205
1180 185
1181 213
1182 146
1183 163
1184 173
1185 189
1186 174
1187 179
1188 190
1189 167
1190 167
1191 152
1192 188
1193 169
1194 174
1195 177
1196 167
1197 144
1198 151
1199 132
1200 167
1201 192
1202 188
1203 173
1204 173
1205 160
1206 155
1207 140
1208 144
1209 176
1210 175
1211 148
1212 125
1213 174
1214 153
1215 155
1216 167
1217 146
1218 155
1219 165
1220 146
1221 149
1222 143
1223 154
1224 161
1225 133
1226 145
1227 166
1228 163
1229 141
1230 170
1231 150
1232 121
1233 158
1234 163
1235 139
1236 148
1237 133
1238 140
1239 129
1240 146
1241 150
1242 140
1243 139
1244 141
1245 140
1246 143
1247 142
1248 157
1249 151
1250 143
1251 126
1252 110
1253 159
1254 130
1255 131
1256 167
1257 161
1258 156
1259 124
1260 138
1261 167
1262 143
1263 146
1264 167
1265 151
1266 135
1267 119
1268 126
1269 148
1270 134
1271 157
1272 145
1273 154
1274 130
1275 129
1276 141
1277 116
1278 136
1279 122
1280 142
1281 133
1282 121
1283 139
1284 110
1285 138
1286 116
1287 138
1288 134
1289 127
1290 140
1291 127
1292 107
1293 137
1294 114
1295 126
1296 103
1297 138
1298 131
1299 140
1300 121
1301 148
1302 117
1303 125
1304 121
1305 118
1306 107
1307 105
1308 118
1309 111
1310 134
1311 123
1312 119
1313 87
1314 110
1315 130
1316 117
1317 105
1318 108
1319 117
1320 116
1321 112
1322 102
1323 112
1324 105
1325 118
1326 128
1327 131
1328 124
1329 104
1330 112
1331 135
1332 115
1333 109
1334 108
1335 111
1336 122
1337 122
1338 106
1339 109
1340 108
1341 91
1342 117
1343 95
1344 125
1345 99
1346 94
1347 121
1348 104
1349 95
1350 100
1351 104
1352 94
1353 96
1354 93
1355 106
1356 78
1357 107
1358 114
1359 85
1360 111
1361 109
1362 81
1363 89
1364 105
1365 107
1366 93
1367 104
1368 91
1369 98
1370 99
1371 99
1372 90
1373 101
1374 98
1375 113
1376 83
1377 88
1378 87
1379 102
1380 95
1381 110
1382 110
1383 90
1384 86
1385 87
1386 86
1387 86
1388 94
1389 72
1390 97
1391 90
1392 82
1393 81
1394 93
1395 74
1396 82
1397 87
1398 85
1399 91
1400 81
1401 103
1402 83
1403 74
1404 77
1405 81
1406 94
1407 62
1408 70
1409 80
1410 80
1411 80
1412 85
1413 81
1414 85
1415 87
1416 77
1417 72
1418 75
1419 72
1420 83
1421 68
1422 70
1423 76
1424 81
1425 78
1426 89
1427 87
1428 84
1429 71
1430 63
1431 85
1432 73
1433 76
1434 60
1435 75
1436 63
1437 80
1438 76
1439 73
1440 70
1441 71
1442 65
1443 80
1444 72
1445 65
1446 66
1447 79
1448 75
1449 76
1450 67
1451 79
1452 71
1453 68
1454 50
1455 56
1456 77
1457 90
1458 76
1459 60
1460 68
1461 61
1462 79
1463 63
1464 73
1465 60
1466 54
1467 76
1468 57
1469 75
1470 64
1471 71
1472 69
1473 59
1474 52
1475 58
1476 59
1477 61
1478 61
1479 62
1480 51
1481 63
1482 60
1483 59
1484 40
1485 58
1486 62
1487 67
1488 42
1489 49
1490 59
1491 68
1492 56
1493 52
1494 45
1495 67
1496 60
1497 71
1498 51
1499 38
1500 47
1501 70
1502 50
1503 43
1504 52
1505 54
1506 52
1507 52
1508 50
1509 46
1510 60
1511 69
1512 51
1513 55
1514 48
1515 45
1516 52
1517 44
1518 39
1519 54
1520 64
1521 52
1522 54
1523 47
1524 49
1525 43
1526 37
1527 44
1528 63
1529 49
1530 51
1531 48
1532 40
1533 46
1534 47
1535 60
1536 40
1537 52
1538 44
1539 42
1540 54
1541 43
1542 50
1543 50
1544 46
1545 43
1546 50
1547 46
1548 62
1549 34
1550 46
1551 43
1552 38
1553 46
1554 37
1555 40
1556 47
1557 28
1558 39
1559 43
1560 55
1561 41
1562 35
1563 38
1564 43
1565 45
1566 35
1567 35
1568 32
1569 37
1570 47
1571 42
1572 43
1573 44
1574 39
1575 43
1576 37
1577 32
1578 32
1579 41
1580 30
1581 39
1582 32
1583 26
1584 50
1585 47
1586 42
1587 25
1588 35
1589 40
1590 55
1591 26
1592 32
1593 39
1594 33
1595 43
1596 31
1597 22
1598 36
1599 38
1600 26
1601 41
1602 42
1603 41
1604 30
1605 29
1606 26
1607 27
1608 44
1609 36
1610 51
1611 28
1612 42
1613 30
1614 28
1615 35
1616 41
1617 30
1618 35
1619 28
1620 33
1621 26
1622 36
1623 20
1624 24
1625 26
1626 24
1627 38
1628 20
1629 24
1630 36
1631 34
1632 40
1633 25
1634 34
1635 15
1636 23
1637 27
1638 35
1639 27
1640 26
1641 26
1642 36
1643 28
1644 28
1645 19
1646 30
1647 42
1648 27
1649 29
1650 22
1651 25
1652 32
1653 31
1654 24
1655 28
1656 34
1657 23
1658 31
1659 23
1660 26
1661 22
1662 24
1663 26
1664 21
1665 38
1666 18
1667 25
1668 18
1669 27
1670 23
1671 24
1672 34
1673 28
1674 32
1675 25
1676 19
1677 21
1678 30
1679 27
1680 30
1681 28
1682 19
1683 21
1684 22
1685 29
1686 24
1687 18
1688 26
1689 24
1690 19
1691 19
1692 11
1693 20
1694 27
1695 23
1696 19
1697 16
1698 16
1699 21
1700 19
1701 30
1702 11
1703 26
1704 22
1705 16
1706 19
1707 19
1708 21
1709 14
1710 17
1711 22
1712 12
1713 19
1714 25
1715 33
1716 11
1717 13
1718 24
1719 18
1720 26
1721 24
1722 15
1723 16
1724 22
1725 13
1726 23
1727 16
1728 20
1729 27
1730 25
1731 20
1732 15
1733 15
1734 20
1735 12
1736 19
1737 19
1738 17
1739 16
1740 24
1741 23
1742 18
1743 14
1744 16
1745 19
1746 16
1747 23
1748 14
1749 17
1750 19
1751 16
1752 17
1753 6
1754 11
1755 23
1756 20
1757 9
1758 14
1759 10
1760 12
1761 7
1762 15
1763 13
1764 14
1765 12
1766 15
1767 17
1768 11
1769 15
1770 19
1771 8
1772 10
1773 17
1774 12
1775 15
1776 12
1777 10
1778 8
1779 17
1780 11
1781 11
1782 6
1783 10
1784 14
1785 15
1786 9
1787 14
1788 14
1789 13
1790 11
1791 10
1792 5
1793 15
1794 9
1795 16
1796 9
1797 12
1798 12
1799 13
1800 12
1801 10
1802 9
1803 12
1804 13
1805 15
1806 15
1807 12
1808 7
1809 16
1810 13
1811 14
1812 12
1813 15
1814 10
1815 10
1816 11
1817 7
1818 5
1819 10
1820 9
1821 9
1822 10
1823 7
1824 12
1825 5
1826 9
1827 6
1828 12
1829 9
1830 12
1831 12
1832 11
1833 11
1834 8
1835 7
1836 10
1837 5
1838 15
1839 11
1840 8
1841 4
1842 7
1843 11
1844 16
1845 8
1846 7
1847 6
1848 8
1849 10
1850 4
1851 8
1852 10
1853 8
1854 11
1855 6
1856 7
1857 5
1858 11
1859 6
1860 10
1861 3
1862 3
1863 8
1864 7
1865 3
1866 6
1867 6
1868 12
1869 6
1870 2
1871 9
1872 9
1873 7
1874 7
1875 5
1876 10
1877 8
1878 5
1879 5
1880 7
1881 9
1882 3
1883 6
1884 8
1885 10
1886 5
1887 11
1888 8
1889 5
1890 1
1891 4
1892 5
1893 4
1894 7
1895 4
1896 9
1897 2
1898 7
1899 4
1900 2
1901 1
1902 6
1903 5
1904 9
1905 3
1906 9
1907 3
1908 0
1909 3
1910 4
1911 4
1912 6
1913 5
1914 6
1915 4
1916 5
1917 5
1918 7
1919 5
1920 6
1921 3
1922 2
1923 2
1924 7
1925 5
1926 3
1927 5
1928 2
1929 2
1930 5
1931 4
1932 4
1933 3
1934 3
1935 6
1936 4
1937 3
1938 3
1939 3
1940 3
1941 2
1942 2
1943 5
1944 6
1945 2
1946 2
1947 4
1948 4
1949 4
1950 3
1951 4
1952 1
1953 3
1954 1
1955 8
1956 4
1957 4
1958 1
1959 1
1960 2
1961 3
1962 4
1963 3
1964 2
1965 3
1966 2
1967 2
1968 1
1969 5
1970 2
1971 3
1972 2
1973 8
1974 3
1975 4
1976 2
1977 3
1978 1
1979 0
1980 2
1981 1
1982 1
1983 2
1984 3
1985 5
1986 4
1987 3
1988 0
1989 0
1990 3
1991 1
1992 4
1993 4
1994 0
1995 4
1996 1
1997 1
1998 4
1999 1
2000 1
2001 2
2002 2
2003 0
2004 2
2005 1
2006 3
2007 2
2008 2
2009 1
2010 3
2011 4
2012 3
2013 2
2014 2
2015 5
2016 2
2017 4
2018 1
2019 1
2020 2
2021 1
2022 2
2023 3
2024 3
2025 2
2026 0
2027 2
2028 1
2029 2
2030 2
2031 1
2032 0
2033 0
2034 3
2035 0
2036 1
2037 1
2038 1
2039 4
2040 3
2041 0
2042 2
2043 0
2044 1
2045 0
2046 0
2047 3
2048 2
2049 0
2050 2
2051 0
2052 0
2053 1
2054 0
2055 0
2056 0
2057 0
2058 0
2059 5
2060 0
2061 0
2062 1
2063 1
2064 5
2065 1
2066 1
2067 0
2068 0
2069 0
2070 1
2071 1
2072 1
2073 5
2074 1
2075 0
2076 1
2077 0
2078 0
2079 1
2080 2
2081 1
2082 1
2083 1
2084 2
2085 0
2086 2
2087 3
2088 0
2089 1
2090 0
2091 0
2092 1
2093 1
2094 0
2095 0
2096 3
2097 3
2098 2
2099 1
2100 2
2101 0
2102 2
2103 1
2104 0
2105 0
2106 0
2107 0
2108 1
2109 2
2110 2
2111 2
2112 1
2113 1
2114 1
2115 1
2116 0
2117 2
2118 2
2119 0
2120 3
2121 1
2122 0
2123 0
2124 0
2125 0
2126 0
2127 2
2128 1
2129 0
2130 1
2131 1
2132 1
2133 1
2134 0
2135 0
2136 1
2137 0
2138 0
2139 0
2140 0
2141 2
2142 0
2143 0
2144 0
2145 1
2146 0
2147 0
2148 1
2149 0
2150 1
2151 1
2152 0
2153 1
2154 0
2155 1
2156 1
2157 0
2158 0
2159 2
2160 1
2161 1
2162 0
2163 0
2164 0
2165 0
2166 3
2167 0
2168 2
2169 0
2170 0
2171 1
2172 0
2173 0
2174 0
2175 0
2176 0
2177 1
2178 0
2179 0
2180 0
2181 0
2182 0
2183 0
2184 1
2185 0
2186 1
2187 0
2188 0
2189 0
2190 0
2191 0
2192 0
2193 1
2194 1
2195 1
2196 0
2197 0
2198 1
2199 1
2200 1
2201 0
2202 1
2203 0
2204 0
2205 1
2206 0
2207 0
2208 0
2209 1
2210 0
2211 0
2212 0
2213 0
2214 1
2215 0
2216 0
2217 0
2218 0
2219 0
2220 2
2221 0
2222 0
2223 0
2224 0
2225 0
2226 0
2227 0
2228 0
2229 0
2230 0
2231 0
2232 0
2233 0
2234 0
2235 0
2236 0
2237 1
2238 1
2239 0
2240 0
2241 0
2242 1
2243 0
2244 0
2245 1
2246 0
2247 0
2248 0
2249 0
2250 0
2251 0
2252 0
2253 0
2254 1
2255 0
2256 0
2257 0
2258 1
2259 1
2260 0
2261 0
2262 0
2263 0
2264 0
2265 0
2266 0
2267 0
2268 2
2269 1
2270 0
2271 0
2272 0
2273 1
2274 0
2275 0
2276 0
2277 0
2278 0
2279 0
2280 0
2281 0
2282 0
2283 0
2284 0
2285 0
2286 0
2287 0
2288 0
2289 1
2290 0
2291 0
2292 0
2293 1
2294 0
2295 0
2296 0
2297 1
2298 0
2299 0
2300 0
2301 0
2302 0
2303 0
2304 0
2305 0
2306 0
2307 0
2308 0
2309 0
2310 0
2311 0
2312 0
2313 0
2314 0
2315 0
2316 0
2317 0
2318 0
2319 0
2320 0
2321 0
2322 0
2323 0
2324 0
2325 0
2326 0
2327 0
2328 1
2329 2
2330 0
2331 0
2332 0
2333 0
2334 0
2335 0
2336 0
2337 1
2338 0
2339 0
2340 0
2341 0
2342 0
2343 0
2344 0
2345 0
2346 0
2347 0
2348 0
2349 0
2350 0
2351 1
2352 0
2353 0
2354 0
2355 0
2356 0
2357 0
2358 0
2359 0
2360 0
2361 0
2362 0
2363 0
2364 1
2365 0
2366 0
2367 0
2368 1
2369 0
2370 0
2371 0
2372 0
2373 0
2374 0
2375 0
2376 0
2377 0
2378 0
2379 0
2380 0
2381 0
2382 0
2383 0
2384 0
2385 0
2386 0
2387 0
2388 0
2389 0
2390 0
2391 0
2392 0
2393 0
2394 0
2395 0
2396 0
2397 0
2398 0
2399 1
2400 0
2401 0
2402 0
2403 0
2404 0
2405 0
2406 0
2407 0
2408 0
2409 0
2410 0
2411 0
2412 0
2413 0
2414 0
2415 0
2416 0
2417 0
2418 1
2419 0
2420 0
2421 0
2422 0
2423 0
2424 0
2425 0
2426 0
2427 0
2428 0
2429 0
2430 1
2431 0
2432 0
2433 0
2434 0
2435 0
2436 0
2437 0
2438 0
2439 0
2440 0
2441 0
2442 0
2443 0
2444 0
2445 0
2446 0
2447 0
2448 0
2449 0
2450 1
2451 0
2452 0
2453 0
2454 0
2455 0
2456 0
2457 0
2458 0
2459 0
2460 0
2461 0
2462 0
2463 0
2464 0
2465 0
2466 0
2467 0
2468 0
2469 0
2470 0
2471 0
2472 0
2473 0
2474 0
2475 0
2476 0
2477 0
2478 0
2479 0
2480 0
2481 0
2482 0
2483 0
2484 0
2485 0
2486 0
2487 0
2488 0
2489 0
2490 0
2491 1
2492 0
2493 0
2494 0
2495 0
2496 0
2497 0
2498 0
2499 0
2500 0
2501 0
2502 0
2503 0
2504 0
2505 0
2506 1
2507 0
2508 0
2509 0
2510 0
2511 0
2512 0
2513 0
2514 0
2515 0
2516 0
2517 0
2518 0
2519 0
2520 0
2521 0
2522 0
2523 0
2524 0
2525 1
2526 0
2527 0
2528 0
2529 0
2530 0
2531 0
2532 0
2533 0
2534 0
2535 0
2536 0
2537 0
2538 0
2539 0
2540 0
2541 0
2542 0
2543 0
2544 0
2545 0
2546 0
2547 0
2548 0
2549 0
2550 0
2551 0
2552 0
2553 0
2554 0
2555 1
2556 0
2557 0
2558 0
2559 1
2560 0
2561 0
2562 0
2563 0
2564 0
2565 0
2566 0
2567 0
2568 0
2569 0
2570 0
2571 0
2572 0
2573 0
2574 0
2575 0
2576 0
2577 0
2578 0
2579 0
2580 0
2581 0
2582 1
2583 0
2584 0
2585 0
2586 0
2587 0
2588 0
2589 0
2590 0
2591 0
2592 0
2593 0
2594 0
2595 0
2596 0
2597 0
2598 0
2599 0
2600 0
2601 0
2602 0
2603 0
2604 0
2605 0
2606 0
2607 0
2608 0
2609 0
2610 0
2611 0
2612 0
2613 0
2614 0
2615 0
2616 0
2617 0
2618 0
2619 0
2620 0
2621 0
2622 0
2623 1
2624 0
2625 0
2626 0
2627 0
2628 0
2629 0
2630 0
2631 0
2632 0
2633 0
2634 0
2635 0
2636 0
2637 0
2638 0
2639 0
2640 0
2641 1
2642 0
2643 0
2644 0
2645 0
2646 0
2647 0
2648 0
2649 0
2650 0
2651 0
2652 0
2653 0
2654 0
2655 0
2656 0
2657 0
2658 0
2659 0
2660 0
2661 0
2662 0
2663 0
2664 0
2665 0
2666 0
2667 0
2668 0
2669 0
2670 0
2671 0
2672 0
2673 0
2674 0
2675 0
2676 0
2677 0
2678 0
2679 0
2680 0
2681 0
2682 0
2683 0
2684 0
2685 0
2686 0
2687 0
2688 0
2689 0
2690 0
2691 0
2692 0
2693 0
2694 0
2695 0
2696 0
2697 0
2698 0
2699 0
2700 0
2701 0
2702 0
2703 0
2704 0
2705 0
2706 0
2707 0
2708 0
2709 0
2710 0
2711 0
2712 0
2713 0
2714 0
2715 0
2716 0
2717 0
2718 0
2719 0
2720 0
2721 0
2722 0
2723 0
2724 0
2725 0
2726 0
2727 0
2728 0
2729 0
2730 0
2731 0
2732 0
2733 0
2734 0
2735 0
2736 0
2737 0
2738 0
2739 0
2740 0
2741 0
2742 0
2743 0
2744 0
2745 0
2746 0
2747 0
2748 0
2749 0
2750 0
2751 0
2752 0
2753 0
2754 0
2755 0
2756 0
2757 0
2758 0
2759 0
2760 0
2761 0
2762 0
2763 0
2764 0
2765 0
2766 0
2767 0
2768 0
2769 0
2770 0
2771 0
2772 0
2773 0
2774 0
2775 0
2776 0
2777 0
2778 0
2779 0
2780 0
2781 0
2782 0
2783 0
2784 0
2785 0
2786 0
2787 0
2788 0
2789 0
2790 0
2791 0
2792 0
2793 0
2794 0
2795 0
2796 0
2797 0
2798 0
2799 0
2800 0
2801 0
2802 0
2803 0
2804 0
2805 0
2806 0
2807 0
2808 0
2809 0
2810 0
2811 0
2812 0
2813 0
2814 0
2815 0
2816 0
2817 0
2818 0
2819 0
2820 0
2821 0
2822 0
2823 0
2824 0
2825 0
2826 0
2827 1
2828 0
2829 0
2830 0
2831 0
2832 0
2833 0
2834 0
2835 0
2836 0
2837 0
2838 0
2839 0
2840 0
2841 0
2842 0
2843 0
2844 0
2845 0
2846 0
2847 0
2848 0
2849 0
2850 0
2851 0
2852 0
2853 0
2854 0
2855 0
2856 0
2857 0
2858 0
2859 0
2860 0
2861 0
2862 0
2863 0
2864 0
2865 0
2866 0
2867 0
2868 0
2869 0
2870 0
2871 0
2872 0
2873 0
2874 0
2875 0
2876 0
2877 0
2878 0
2879 0
2880 0
2881 0
2882 0
2883 0
2884 0
2885 0
2886 0
2887 0
2888 0
2889 0
2890 0
2891 0
2892 0
2893 0
2894 0
2895 0
2896 0
2897 0
2898 0
2899 0
2900 0
2901 0
2902 0
2903 0
2904 0
2905 0
2906 0
2907 0
2908 0
2909 0
2910 0
2911 0
2912 0
2913 0
2914 0
2915 0
2916 0
2917 0
2918 0
2919 0
2920 0
2921 0
2922 0
2923 0
2924 0
2925 0
2926 0
2927 0
2928 0
2929 0
2930 0
2931 0
2932 0
2933 0
2934 0
2935 0
2936 0
2937 0
2938 0
2939 0
2940 0
2941 0
2942 0
2943 0
2944 0
2945 0
2946 0
2947 0
2948 0
2949 0
2950 0
2951 0
2952 0
2953 0
2954 0
2955 0
2956 0
2957 0
2958 0
2959 0
2960 0
2961 0
2962 0
2963 0
2964 0
2965 0
2966 0
2967 0
2968 0
2969 0
2970 0
2971 0
2972 1
2973 0
2974 0
2975 0
2976 0
2977 0
2978 0
2979 0
2980 0
2981 0
2982 0
2983 0
2984 0
2985 0
2986 0
2987 0
2988 0
2989 0
2990 0
2991 0
2992 0
2993 0
2994 0
2995 0
2996 0
2997 0
2998 0
2999 0
3000 0
3001 0
3002 0
3003 0
3004 0
3005 0
3006 0
3007 0
3008 0
3009 0
3010 0
3011 0
3012 0
3013 0
3014 0
3015 0
3016 0
3017 0
3018 0
3019 0
3020 0
3021 0
3022 0
3023 0
3024 0
3025 0
3026 0
3027 0
3028 0
3029 0
3030 0
3031 0
3032 0
3033 0
3034 0
3035 0
3036 0
3037 0
3038 0
3039 0
3040 0
3041 0
3042 0
3043 0
3044 0
3045 0
3046 0
3047 0
3048 0
3049 0
3050 0
3051 0
3052 0
3053 0
3054 0
3055 0
3056 0
3057 0
3058 0
3059 0
3060 0
3061 0
3062 0
3063 0
3064 1
3065 0
3066 0
3067 0
3068 0
3069 0
3070 0
3071 0
3072 0
3073 0
3074 0
3075 0
3076 0
3077 0
3078 0
3079 0
3080 0
3081 0
3082 0
3083 0
3084 0
3085 0
3086 0
3087 1
3088 1
3089 0
3090 0
3091 0
3092 0
3093 0
3094 0
3095 0
3096 0
3097 0
3098 0
3099 0
3100 0
3101 0
3102 0
3103 0
3104 1
3105 0
3106 0
3107 0
3108 0
3109 0
3110 0
3111 0
3112 0
3113 0
3114 0
3115 0
3116 0
3117 0
3118 0
3119 0
3120 0
3121 0
3122 0
3123 0
3124 0
3125 0
3126 0
3127 0
3128 0
3129 0
3130 0
3131 0
3132 0
3133 0
3134 0
3135 0
3136 0
3137 0
3138 0
3139 0
3140 0
3141 0
3142 0
3143 0
3144 0
3145 0
3146 0
3147 0
3148 0
3149 0
3150 0
3151 0
3152 0
3153 0
3154 0
3155 0
3156 0
3157 0
3158 0
3159 0
3160 0
3161 0
3162 0
3163 0
3164 0
3165 0
3166 0
3167 0
3168 0
3169 0
3170 0
3171 0
3172 0
3173 0
3174 0
3175 0
3176 0
3177 0
3178 0
3179 0
3180 0
3181 0
3182 0
3183 0
3184 0
3185 0
3186 0
3187 0
3188 0
3189 0
3190 0
3191 0
3192 0
3193 0
3194 0
3195 0
3196 0
3197 0
3198 0
3199 0
3200 0
3201 0
3202 0
3203 0
3204 0
3205 0
3206 0
3207 0
3208 0
3209 0
3210 0
3211 0
3212 0
3213 0
3214 0
3215 1
3216 0
3217 0
3218 0
3219 0
3220 0
3221 0
3222 0
3223 0
3224 0
3225 0
3226 0
3227 0
3228 0
3229 1
3230 0
3231 0
3232 0
3233 0
3234 0
3235 0
3236 0
3237 0
3238 0
3239 0
3240 0
3241 0
3242 0
3243 0
3244 0
3245 0
3246 0
3247 0
3248 0
3249 0
3250 0
3251 0
3252 0
3253 0
3254 0
3255 0
3256 0
3257 0
3258 0
3259 1
3260 0
3261 0
3262 0
3263 0
3264 0
3265 0
3266 0
3267 0
3268 0
3269 0
3270 0
3271 0
3272 0
3273 0
3274 0
3275 0
3276 0
3277 0
3278 0
3279 0
3280 0
3281 0
3282 0
3283 0
3284 0
3285 0
3286 0
3287 0
3288 0
3289 0
3290 0
3291 0
3292 0
3293 0
3294 0
3295 0
3296 0
3297 0
3298 0
3299 0
3300 0
3301 0
3302 0
3303 0
3304 0
3305 0
3306 1
3307 0
3308 0
3309 0
3310 0
3311 0
3312 0
3313 0
3314 0
3315 0
3316 0
3317 0
3318 0
3319 0
3320 0
3321 0
3322 0
3323 0
3324 0
3325 0
3326 0
3327 0
3328 0
3329 0
3330 0
3331 0
3332 0
3333 0
3334 0
3335 0
3336 0
3337 0
3338 0
3339 0
3340 0
3341 0
3342 0
3343 0
3344 0
3345 0
3346 0
3347 0
3348 0
3349 0
3350 0
3351 0
3352 0
3353 1
3354 0
3355 0
3356 0
3357 0
3358 1
3359 0
3360 0
3361 0
3362 0
3363 0
3364 0
3365 0
3366 0
3367 0
3368 0
3369 0
3370 0
3371 0
3372 0
3373 0
3374 0
3375 0
3376 0
3377 0
3378 0
3379 0
3380 0
3381 0
3382 0
3383 0
3384 0
3385 0
3386 0
3387 0
3388 0
3389 0
3390 0
3391 0
3392 0
3393 0
3394 0
3395 0
3396 0
3397 0
3398 0
3399 0
3400 1
3401 0
3402 0
3403 0
3404 0
3405 0
3406 0
3407 0
3408 0
3409 0
3410 0
3411 0
3412 0
3413 0
3414 0
3415 0
3416 0
3417 0
3418 0
3419 0
3420 0
3421 0
3422 0
3423 0
3424 0
3425 0
3426 0
3427 0
3428 0
3429 0
3430 0
3431 0
3432 0
3433 0
3434 0
3435 1
3436 0
3437 0
3438 0
3439 0
3440 0
3441 0
3442 0
3443 0
3444 0
3445 0
3446 0
3447 0
3448 0
3449 0
3450 0
3451 0
3452 0
3453 0
3454 0
3455 0
3456 0
3457 0
3458 0
3459 0
3460 0
3461 0
3462 0
3463 0
3464 0
3465 0
3466 0
3467 0
3468 0
3469 0
3470 0
3471 0
3472 0
3473 0
3474 0
3475 0
3476 0
3477 0
3478 0
3479 0
3480 0
3481 0
3482 0
3483 0
3484 0
3485 0
3486 0
3487 0
3488 0
3489 0
3490 0
3491 0
3492 0
3493 0
3494 0
3495 0
3496 0
3497 0
3498 0
3499 0
3500 0
3501 0
3502 0
3503 0
3504 0
3505 0
3506 0
3507 0
3508 0
3509 0
3510 0
3511 0
3512 0
3513 0
3514 0
3515 0
3516 0
3517 0
3518 0
3519 0
3520 0
3521 0
3522 0
3523 0
3524 0
3525 0
3526 0
3527 0
3528 0
3529 0
3530 0
3531 0
3532 0
3533 0
3534 0
3535 0
3536 0
3537 0
3538 0
3539 0
3540 0
3541 0
3542 0
3543 0
3544 0
3545 0
3546 0
3547 0
3548 0
3549 0
3550 0
3551 0
3552 0
3553 0
3554 0
3555 0
3556 0
3557 0
3558 0
3559 0
3560 0
3561 0
3562 0
3563 0
3564 0
3565 0
3566 0
3567 0
3568 1
3569 0
3570 0
3571 0
3572 0
3573 0
3574 0
3575 0
3576 0
3577 0
3578 0
3579 0
3580 0
3581 0
3582 0
3583 0
3584 0
3585 0
3586 0
3587 0
3588 0
3589 0
3590 0
3591 0
3592 0
3593 0
3594 0
3595 0
3596 0
3597 0
3598 0
3599 0
3600 0
3601 0
3602 0
3603 0
3604 0
3605 0
3606 0
3607 0
3608 0
3609 0
3610 0
3611 0
3612 0
3613 0
3614 0
3615 0
3616 0
3617 0
3618 0
3619 0
3620 0
3621 0
3622 0
3623 0
3624 0
3625 0
3626 0
3627 0
3628 0
3629 0
3630 0
3631 0
3632 0
3633 0
3634 0
3635 0
3636 0
3637 0
3638 0
3639 0
3640 0
3641 0
3642 0
3643 0
3644 0
3645 0
3646 0
3647 0
3648 0
3649 0
3650 0
3651 0
3652 0
3653 0
3654 0
3655 0
3656 0
3657 0
3658 0
3659 0
3660 0
3661 0
3662 0
3663 0
3664 0
3665 0
3666 0
3667 0
3668 0
3669 0
3670 0
3671 0
3672 0
3673 0
3674 0
3675 0
3676 0
3677 0
3678 0
3679 0
3680 0
3681 0
3682 0
3683 0
3684 0
3685 0
3686 0
3687 0
3688 0
3689 0
3690 0
3691 0
3692 0
3693 0
3694 0
3695 0
3696 0
3697 0
3698 0
3699 0
3700 0
3701 0
3702 0
3703 0
3704 0
3705 0
3706 0
3707 0
3708 0
3709 0
3710 0
3711 0
3712 0
3713 0
3714 0
3715 0
3716 0
3717 0
3718 0
3719 0
3720 0
3721 0
3722 0
3723 0
3724 1
3725 0
3726 0
3727 0
3728 0
3729 0
3730 0
3731 0
3732 0
3733 0
3734 0
3735 0
3736 0
3737 0
3738 0
3739 0
3740 0
3741 0
3742 0
3743 0
3744 0
3745 0
3746 0
3747 0
3748 0
3749 0
3750 0
3751 0
3752 0
3753 0
3754 0
3755 0
3756 0
3757 0
3758 0
3759 0
3760 0
3761 0
3762 0
3763 0
3764 0
3765 0
3766 0
3767 0
3768 0
3769 0
3770 0
3771 0
3772 0
3773 0
3774 0
3775 0
3776 0
3777 0
3778 0
3779 0
3780 0
3781 0
3782 0
3783 0
3784 0
3785 0
3786 0
3787 0
3788 0
3789 0
3790 0
3791 0
3792 0
3793 0
3794 0
3795 0
3796 0
3797 0
3798 0
3799 0
3800 0
3801 0
3802 0
3803 0
3804 0
3805 0
3806 0
3807 0
3808 0
3809 0
3810 0
3811 0
3812 0
3813 0
3814 0
3815 0
3816 0
3817 0
3818 0
3819 0
3820 0
3821 0
3822 0
3823 0
3824 0
3825 0
3826 0
3827 0
3828 0
3829 0
3830 0
3831 0
3832 0
3833 0
3834 0
3835 0
3836 0
3837 0
3838 0
3839 0
3840 0
3841 0
3842 0
3843 0
3844 0
3845 0
3846 0
3847 0
3848 0
3849 0
3850 0
3851 0
3852 0
3853 0
3854 0
3855 0
3856 0
3857 0
3858 0
3859 0
3860 0
3861 0
3862 0
3863 0
3864 0
3865 0
3866 0
3867 0
3868 0
3869 0
3870 0
3871 0
3872 0
3873 0
3874 0
3875 0
3876 0
3877 0
3878 0
3879 0
3880 0
3881 0
3882 0
3883 0
3884 0
3885 0
3886 0
3887 0
3888 0
3889 0
3890 0
3891 0
3892 0
3893 0
3894 0
3895 0
3896 0
3897 0
3898 0
3899 0
3900 0
3901 0
3902 0
3903 0
3904 0
3905 0
3906 0
3907 0
3908 0
3909 0
3910 0
3911 0
3912 0
3913 0
3914 0
3915 0
3916 0
3917 0
3918 0
3919 0
3920 0
3921 0
3922 0
3923 0
3924 0
3925 0
3926 0
3927 0
3928 0
3929 0
3930 0
3931 0
3932 0
3933 0
3934 0
3935 0
3936 0
3937 0
3938 0
3939 0
3940 0
3941 0
3942 0
3943 0
3944 0
3945 0
3946 0
3947 0
3948 0
3949 0
3950 0
3951 0
3952 0
3953 0
3954 1
3955 0
3956 0
3957 0
3958 0
3959 0
3960 0
3961 0
3962 0
3963 0
3964 0
3965 0
3966 0
3967 0
3968 0
3969 0
3970 0
3971 0
3972 0
3973 0
3974 0
3975 0
3976 0
3977 0
3978 0
3979 0
3980 0
3981 0
3982 0
3983 0
3984 0
3985 0
3986 0
3987 0
3988 0
3989 0
3990 0
3991 0
3992 0
3993 0
3994 0
3995 0
3996 0
3997 0
3998 0
3999 0
4000 0
