0 0
1 0
2 0
3 0
4 0
5 0
6 0
7 0
8 0
9 0
10 0
11 0
12 0
13 0
14 0
15 0
16 0
17 0
18 0
19 0
20 0
21 0
22 0
23 0
24 0
25 0
26 0
27 0
28 0
29 0
30 0
31 0
32 0
33 0
34 0
35 0
36 0
37 0
38 0
39 0
40 0
41 0
42 0
43 0
44 0
45 0
46 0
47 0
48 0
49 0
50 0
51 0
52 0
53 0
54 0
55 0
56 0
57 0
58 0
59 0
60 0
61 0
62 0
63 0
64 0
65 0
66 0
67 0
68 0
69 0
70 0
71 0
72 0
73 0
74 0
75 0
76 0
77 0
78 0
79 0
80 0
81 0
82 0
83 0
84 0
85 1
86 11
87 16
88 13
89 19
90 20
91 23
92 22
93 20
94 26
95 19
96 18
97 10
98 12
99 18
100 16
101 5
102 9
103 11
104 6
105 10
106 7
107 7
108 5
109 5
110 16
111 98
112 487
113 1294
114 2497
115 3758
116 4613
117 4993
118 5105
119 4999
120 4746
121 4417
122 4044
123 3762
124 3407
125 2976
126 2742
127 2352
128 2188
129 1961
130 1847
131 1735
132 1695
133 1559
134 1517
135 1508
136 1461
137 1526
138 1498
139 1577
140 1602
141 1509
142 1576
143 1583
144 1528
145 1651
146 1609
147 1562
148 1676
149 1621
150 1602
151 1650
152 1608
153 1614
154 1568
155 1533
156 1612
157 1616
158 1598
159 1616
160 1558
161 1604
162 1677
163 1620
164 1710
165 1572
166 1691
167 1642
168 1734
169 1700
170 1598
171 1701
172 1714
173 1729
174 1711
175 1725
176 1750
177 1720
178 1761
179 1679
180 1725
181 1761
182 1803
183 1705
184 1742
185 1733
186 1673
187 1742
188 1726
189 1804
190 1719
191 1786
192 1709
193 1767
194 1817
195 1746
196 1755
197 1770
198 1855
199 1803
200 1783
201 1750
202 1861
203 1853
204 1814
205 1793
206 1809
207 1826
208 1832
209 1830
210 1834
211 1862
212 1899
213 1879
214 1941
215 1926
216 1900
217 1905
218 1794
219 1862
220 1912
221 1885
222 1898
223 1897
224 1871
225 1927
226 1960
227 1871
228 1915
229 1894
230 2004
231 1954
232 1961
233 1939
234 1904
235 1920
236 1988
237 1995
238 2020
239 1977
240 1932
241 1977
242 1976
243 1949
244 2020
245 2042
246 2028
247 2035
248 2120
249 2042
250 2059
251 2074
252 2090
253 2106
254 2076
255 2150
256 2121
257 2061
258 2060
259 2133
260 2048
261 2093
262 2097
263 2146
264 2140
265 2170
266 2112
267 2219
268 2143
269 2259
270 2088
271 2165
272 2133
273 2198
274 2203
275 2111
276 2154
277 2183
278 2320
279 2128
280 2181
281 2218
282 2237
283 2274
284 2237
285 2178
286 2123
287 2197
288 2206
289 2230
290 2276
291 2235
292 2247
293 2304
294 2272
295 2258
296 2228
297 2248
298 2282
299 2223
300 2277
301 2273
302 2245
303 2238
304 2207
305 2229
306 2236
307 2281
308 2273
309 2256
310 2320
311 2222
312 2322
313 2168
314 2337
315 2270
316 2220
317 2280
318 2227
319 2188
320 2256
321 2235
322 2269
323 2208
324 2259
325 2177
326 2331
327 2114
328 2213
329 2286
330 2242
331 2224
332 2177
333 2204
334 2167
335 2160
336 2213
337 2289
338 2178
339 2133
340 2075
341 2128
342 2136
343 2195
344 2179
345 2158
346 2124
347 2235
348 2130
349 2131
350 2187
351 2153
352 2124
353 2080
354 2089
355 2090
356 2072
357 2083
358 2079
359 2091
360 2036
361 2133
362 2086
363 2041
364 1994
365 2037
366 1987
367 1999
368 2049
369 1940
370 2086
371 2046
372 1995
373 1967
374 1993
375 1838
376 2006
377 1984
378 1883
379 1987
380 1872
381 1865
382 1794
383 1832
384 1870
385 1885
386 1818
387 1884
388 1845
389 1778
390 1809
391 1862
392 1805
393 1798
394 1746
395 1659
396 1763
397 1735
398 1748
399 1663
400 1746
401 1686
402 1688
403 1634
404 1648
405 1651
406 1593
407 1615
408 1581
409 1661
410 1571
411 1559
412 1592
413 1585
414 1577
415 1561
416 1561
417 1548
418 1564
419 1452
420 1483
421 1480
422 1419
423 1363
424 1401
425 1437
426 1320
427 1350
428 1489
429 1356
430 1386
431 1404
432 1288
433 1381
434 1299
435 1298
436 1290
437 1291
438 1257
439 1256
440 1250
441 1301
442 1274
443 1224
444 1218
445 1212
446 1117
447 1178
448 1215
449 1165
450 1193
451 1135
452 1132
453 1086
454 1150
455 1107
456 1155
457 1060
458 1127
459 1075
460 1068
461 1066
462 1054
463 994
464 1040
465 1007
466 1109
467 1021
468 992
469 980
470 910
471 997
472 956
473 906
474 916
475 906
476 904
477 902
478 896
479 901
480 921
481 885
482 890
483 918
484 832
485 840
486 776
487 817
488 843
489 826
490 795
491 771
492 776
493 768
494 780
495 711
496 744
497 732
498 739
499 774
500 723
501 710
502 689
503 709
504 684
505 674
506 714
507 639
508 688
509 672
510 622
511 626
512 672
513 681
514 652
515 616
516 676
517 617
518 614
519 607
520 608
521 583
522 547
523 563
524 588
525 595
526 562
527 568
528 594
529 553
530 558
531 562
532 574
533 558
534 529
535 512
536 513
537 519
538 507
539 520
540 524
541 517
542 500
543 515
544 482
545 477
546 470
547 485
548 476
549 503
550 455
551 445
552 463
553 468
554 474
555 495
556 429
557 428
558 448
559 432
560 410
561 389
562 406
563 427
564 454
565 400
566 434
567 404
568 432
569 402
570 434
571 398
572 422
573 391
574 419
575 393
576 388
577 426
578 420
579 413
580 379
581 397
582 372
583 385
584 389
585 361
586 371
587 367
588 363
589 372
590 361
591 371
592 386
593 339
594 380
595 341
596 365
597 323
598 359
599 364
600 358
601 356
602 360
603 344
604 387
605 340
606 350
607 345
608 362
609 348
610 342
611 342
612 329
613 338
614 305
615 338
616 299
617 320
618 317
619 336
620 314
621 332
622 313
623 336
624 332
625 302
626 317
627 338
628 292
629 316
630 344
631 315
632 301
633 298
634 318
635 287
636 324
637 337
638 298
639 308
640 327
641 284
642 276
643 292
644 272
645 276
646 325
647 305
648 273
649 289
650 301
651 293
652 322
653 286
654 292
655 283
656 305
657 262
658 315
659 287
660 290
661 267
662 280
663 280
664 310
665 312
666 291
667 273
668 287
669 300
670 324
671 313
672 298
673 304
674 276
675 252
676 282
677 271
678 282
679 296
680 313
681 264
682 307
683 261
684 276
685 277
686 259
687 304
688 283
689 288
690 246
691 261
692 286
693 258
694 266
695 289
696 265
697 268
698 266
699 260
700 266
701 254
702 278
703 282
704 243
705 266
706 265
707 260
708 283
709 278
710 265
711 270
712 256
713 269
714 251
715 262
716 246
717 264
718 252
719 256
720 242
721 278
722 285
723 268
724 258
725 265
726 258
727 283
728 276
729 287
730 251
731 263
732 242
733 235
734 262
735 264
736 294
737 257
738 283
739 249
740 254
741 265
742 257
743 243
744 243
745 279
746 260
747 236
748 274
749 221
750 225
751 248
752 232
753 256
754 252
755 248
756 239
757 253
758 251
759 260
760 270
761 236
762 256
763 239
764 242
765 250
766 264
767 224
768 240
769 279
770 226
771 225
772 215
773 223
774 216
775 249
776 254
777 237
778 249
779 221
780 244
781 242
782 239
783 224
784 234
785 215
786 230
787 246
788 230
789 230
790 249
791 240
792 225
793 230
794 232
795 241
796 245
797 238
798 236
799 217
800 219
801 197
802 234
803 196
804 212
805 231
806 252
807 229
808 232
809 237
810 232
811 203
812 231
813 263
814 235
815 206
816 221
817 214
818 222
819 184
820 238
821 215
822 213
823 224
824 246
825 224
826 227
827 196
828 229
829 222
830 230
831 199
832 227
833 209
834 224
835 226
836 208
837 211
838 208
839 174
840 182
841 209
842 199
843 247
844 206
845 201
846 207
847 188
848 211
849 207
850 189
851 216
852 211
853 182
854 187
855 205
856 203
857 179
858 182
859 201
860 180
861 199
862 167
863 189
864 174
865 167
866 198
867 208
868 187
869 191
870 199
871 156
872 187
873 190
874 190
875 197
876 167
877 200
878 199
879 175
880 191
881 193
882 207
883 154
884 174
885 171
886 187
887 204
888 168
889 200
890 190
891 192
892 190
893 168
894 168
895 177
896 164
897 177
898 182
899 147
900 162
901 144
902 175
903 177
904 167
905 176
906 157
907 173
908 182
909 170
910 153
911 173
912 141
913 177
914 163
915 184
916 170
917 142
918 156
919 164
920 174
921 141
922 146
923 145
924 152
925 149
926 153
927 175
928 153
929 121
930 150
931 135
932 171
933 164
934 146
935 141
936 157
937 143
938 141
939 137
940 156
941 161
942 145
943 158
944 138
945 154
946 123
947 121
948 126
949 140
950 139
951 136
952 123
953 133
954 161
955 134
956 138
957 142
958 137
959 140
960 121
961 120
962 136
963 116
964 133
965 147
966 146
967 124
968 126
969 114
970 133
971 119
972 132
973 133
974 130
975 113
976 129
977 121
978 138
979 124
980 121
981 120
982 115
983 115
984 120
985 126
986 111
987 118
988 113
989 118
990 103
991 114
992 130
993 106
994 113
995 111
996 89
997 130
998 86
999 104
1000 102
1001 114
1002 94
1003 117
1004 101
1005 81
1006 100
1007 100
1008 97
1009 122
1010 126
1011 106
1012 100
1013 117
1014 110
1015 98
1016 85
1017 115
1018 88
1019 117
1020 127
1021 86
1022 90
1023 96
1024 90
1025 102
1026 82
1027 108
1028 102
1029 108
1030 95
1031 81
1032 88
1033 74
1034 86
1035 91
1036 86
1037 67
1038 113
1039 94
1040 81
1041 95
1042 72
1043 88
1044 70
1045 77
1046 100
1047 85
1048 78
1049 85
1050 79
1051 93
1052 89
1053 89
1054 74
1055 93
1056 76
1057 60
1058 76
1059 83
1060 77
1061 70
1062 70
1063 75
1064 87
1065 75
1066 76
1067 85
1068 82
1069 79
1070 59
1071 58
1072 65
1073 82
1074 60
1075 56
1076 82
1077 60
1078 81
1079 77
1080 57
1081 65
1082 67
1083 70
1084 76
1085 64
1086 73
1087 74
1088 78
1089 59
1090 63
1091 59
1092 52
1093 64
1094 67
1095 76
1096 72
1097 57
1098 57
1099 63
1100 72
1101 73
1102 65
1103 57
1104 63
1105 56
1106 65
1107 58
1108 61
1109 66
1110 54
1111 56
1112 47
1113 55
1114 65
1115 64
1116 60
1117 48
1118 59
1119 62
1120 61
1121 45
1122 48
1123 52
1124 51
1125 42
1126 53
1127 50
1128 60
1129 46
1130 52
1131 42
1132 50
1133 52
1134 57
1135 40
1136 52
1137 53
1138 55
1139 39
1140 53
1141 47
1142 57
1143 43
1144 43
1145 45
1146 41
1147 43
1148 42
1149 42
1150 56
1151 39
1152 47
1153 44
1154 47
1155 44
1156 36
1157 42
1158 45
1159 48
1160 42
1161 44
1162 36
1163 52
1164 50
1165 41
1166 40
1167 45
1168 36
1169 40
1170 37
1171 30
1172 42
1173 38
1174 41
1175 40
1176 42
1177 33
1178 38
1179 26
1180 41
1181 48
1182 40
1183 36
1184 35
1185 35
1186 44
1187 35
1188 41
1189 36
1190 35
1191 32
1192 32
1193 27
1194 37
1195 36
1196 33
1197 30
1198 22
1199 32
1200 32
1201 33
1202 35
1203 32
1204 19
1205 24
1206 45
1207 43
1208 31
1209 36
1210 28
1211 34
1212 23
1213 25
1214 28
1215 28
1216 24
1217 34
1218 25
1219 37
1220 25
1221 32
1222 34
1223 17
1224 26
1225 27
1226 26
1227 27
1228 36
1229 13
1230 28
1231 23
1232 20
1233 25
1234 34
1235 27
1236 29
1237 19
1238 30
1239 23
1240 22
1241 24
1242 28
1243 30
1244 33
1245 28
1246 22
1247 33
1248 32
1249 24
1250 25
1251 15
1252 19
1253 21
1254 22
1255 21
1256 25
1257 25
1258 21
1259 23
1260 26
1261 19
1262 17
1263 19
1264 25
1265 20
1266 17
1267 27
1268 25
1269 26
1270 26
1271 22
1272 22
1273 18
1274 12
1275 32
1276 14
1277 17
1278 16
1279 21
1280 18
1281 29
1282 20
1283 26
1284 15
1285 16
1286 12
1287 14
1288 23
1289 14
1290 22
1291 18
1292 24
1293 16
1294 8
1295 16
1296 23
1297 21
1298 17
1299 24
1300 22
1301 11
1302 18
1303 13
1304 16
1305 12
1306 20
1307 14
1308 17
1309 20
1310 21
1311 17
1312 10
1313 15
1314 11
1315 16
1316 19
1317 16
1318 10
1319 8
1320 14
1321 23
1322 14
1323 16
1324 13
1325 18
1326 19
1327 10
1328 13
1329 6
1330 16
1331 7
1332 16
1333 6
1334 11
1335 18
1336 15
1337 13
1338 7
1339 12
1340 7
1341 15
1342 13
1343 16
1344 10
1345 8
1346 9
1347 13
1348 9
1349 4
1350 10
1351 11
1352 17
1353 13
1354 13
1355 15
1356 6
1357 7
1358 5
1359 9
1360 11
1361 12
1362 13
1363 13
1364 17
1365 10
1366 13
1367 14
1368 7
1369 12
1370 8
1371 12
1372 11
1373 14
1374 7
1375 5
1376 8
1377 10
1378 11
1379 6
1380 8
1381 8
1382 9
1383 4
1384 8
1385 6
1386 7
1387 7
1388 13
1389 10
1390 5
1391 11
1392 2
1393 8
1394 7
1395 11
1396 6
1397 8
1398 5
1399 12
1400 11
1401 2
1402 3
1403 6
1404 7
1405 8
1406 4
1407 7
1408 7
1409 6
1410 10
1411 7
1412 6
1413 3
1414 5
1415 6
1416 6
1417 2
1418 5
1419 6
1420 6
1421 7
1422 4
1423 2
1424 7
1425 6
1426 11
1427 3
1428 9
1429 7
1430 5
1431 4
1432 6
1433 4
1434 5
1435 6
1436 4
1437 5
1438 10
1439 14
1440 4
1441 10
1442 4
1443 5
1444 2
1445 3
1446 6
1447 8
1448 3
1449 4
1450 4
1451 5
1452 5
1453 4
1454 9
1455 2
1456 5
1457 4
1458 2
1459 10
1460 6
1461 13
1462 3
1463 0
1464 7
1465 2
1466 5
1467 6
1468 4
1469 5
1470 10
1471 9
1472 7
1473 5
1474 9
1475 3
1476 3
1477 5
1478 3
1479 5
1480 3
1481 2
1482 6
1483 6
1484 4
1485 3
1486 4
1487 4
1488 4
1489 4
1490 4
1491 2
1492 5
1493 3
1494 5
1495 2
1496 3
1497 3
1498 3
1499 3
1500 4
1501 7
1502 1
1503 4
1504 2
1505 3
1506 1
1507 1
1508 2
1509 3
1510 1
1511 4
1512 2
1513 2
1514 6
1515 4
1516 4
1517 4
1518 2
1519 1
1520 3
1521 3
1522 3
1523 2
1524 5
1525 4
1526 3
1527 3
1528 4
1529 6
1530 3
1531 0
1532 5
1533 2
1534 4
1535 1
1536 2
1537 2
1538 2
1539 0
1540 2
1541 2
1542 0
1543 3
1544 4
1545 7
1546 3
1547 2
1548 1
1549 1
1550 4
1551 0
1552 4
1553 2
1554 1
1555 2
1556 2
1557 2
1558 2
1559 4
1560 2
1561 2
1562 2
1563 2
1564 0
1565 1
1566 0
1567 2
1568 1
1569 1
1570 0
1571 3
1572 3
1573 2
1574 1
1575 2
1576 0
1577 1
1578 4
1579 1
1580 0
1581 2
1582 5
1583 3
1584 5
1585 0
1586 1
1587 3
1588 2
1589 0
1590 2
1591 1
1592 2
1593 4
1594 3
1595 2
1596 3
1597 3
1598 2
1599 1
1600 3
1601 2
1602 0
1603 6
1604 0
1605 2
1606 1
1607 3
1608 1
1609 4
1610 2
1611 0
1612 0
1613 0
1614 1
1615 2
1616 2
1617 0
1618 1
1619 5
1620 1
1621 2
1622 1
1623 2
1624 0
1625 1
1626 2
1627 1
1628 0
1629 1
1630 1
1631 0
1632 0
1633 0
1634 4
1635 1
1636 0
1637 1
1638 3
1639 0
1640 0
1641 2
1642 1
1643 1
1644 0
1645 1
1646 1
1647 2
1648 1
1649 0
1650 1
1651 1
1652 3
1653 0
1654 4
1655 0
1656 0
1657 0
1658 1
1659 1
1660 0
1661 2
1662 0
1663 1
1664 4
1665 0
1666 4
1667 1
1668 3
1669 1
1670 3
1671 1
1672 0
1673 0
1674 0
1675 1
1676 0
1677 2
1678 0
1679 0
1680 0
1681 1
1682 1
1683 1
1684 1
1685 1
1686 1
1687 1
1688 2
1689 0
1690 2
1691 0
1692 1
1693 1
1694 2
1695 1
1696 0
1697 0
1698 2
1699 2
1700 2
1701 2
1702 0
1703 0
1704 1
1705 0
1706 1
1707 0
1708 1
1709 1
1710 2
1711 1
1712 1
1713 1
1714 1
1715 1
1716 1
1717 0
1718 1
1719 2
1720 2
1721 0
1722 0
1723 1
1724 0
1725 1
1726 4
1727 0
1728 1
1729 1
1730 4
1731 0
1732 2
1733 0
1734 2
1735 0
1736 1
1737 3
1738 0
1739 0
1740 0
1741 1
1742 0
1743 0
1744 2
1745 1
1746 0
1747 0
1748 1
1749 0
1750 0
1751 0
1752 0
1753 1
1754 1
1755 1
1756 0
1757 0
1758 2
1759 0
1760 1
1761 1
1762 0
1763 0
1764 0
1765 1
1766 1
1767 1
1768 0
1769 1
1770 1
1771 1
1772 1
1773 1
1774 0
1775 0
1776 0
1777 2
1778 0
1779 0
1780 0
1781 0
1782 0
1783 0
1784 0
1785 0
1786 0
1787 0
1788 0
1789 0
1790 0
1791 0
1792 0
1793 1
1794 0
1795 1
1796 0
1797 0
1798 0
1799 0
1800 0
1801 1
1802 0
1803 0
1804 1
1805 0
1806 1
1807 0
1808 0
1809 0
1810 0
1811 0
1812 1
1813 0
1814 1
1815 0
1816 1
1817 0
1818 0
1819 0
1820 0
1821 0
1822 1
1823 0
1824 0
1825 1
1826 0
1827 0
1828 2
1829 1
1830 0
1831 1
1832 0
1833 0
1834 0
1835 0
1836 0
1837 0
1838 0
1839 0
1840 0
1841 1
1842 0
1843 0
1844 1
1845 1
1846 0
1847 0
1848 0
1849 0
1850 0
1851 0
1852 0
1853 0
1854 0
1855 0
1856 0
1857 0
1858 1
1859 1
1860 0
1861 1
1862 0
1863 0
1864 0
1865 0
1866 0
1867 0
1868 0
1869 0
1870 0
1871 0
1872 1
1873 1
1874 1
1875 0
1876 1
1877 0
1878 1
1879 1
1880 0
1881 0
1882 0
1883 1
1884 0
1885 1
1886 1
1887 0
1888 1
1889 0
1890 0
1891 1
1892 0
1893 0
1894 1
1895 0
1896 0
1897 0
1898 0
1899 0
1900 0
1901 0
1902 0
1903 0
1904 0
1905 0
1906 0
1907 0
1908 0
1909 0
1910 0
1911 1
1912 0
1913 0
1914 0
1915 0
1916 0
1917 1
1918 0
1919 0
1920 0
1921 0
1922 1
1923 0
1924 0
1925 0
1926 0
1927 0
1928 0
1929 0
1930 0
1931 0
1932 0
1933 0
1934 0
1935 0
1936 0
1937 0
1938 0
1939 0
1940 0
1941 0
1942 0
1943 0
1944 1
1945 0
1946 0
1947 0
1948 0
1949 0
1950 0
1951 1
1952 0
1953 1
1954 0
1955 0
1956 0
1957 0
1958 0
1959 0
1960 0
1961 0
1962 0
1963 0
1964 0
1965 0
1966 0
1967 0
1968 0
1969 0
1970 0
1971 0
1972 0
1973 0
1974 0
1975 0
1976 0
1977 1
1978 0
1979 0
1980 0
1981 0
1982 0
1983 1
1984 0
1985 0
1986 0
1987 0
1988 0
1989 0
1990 0
1991 0
1992 0
1993 0
1994 1
1995 0
1996 0
1997 0
1998 0
1999 0
2000 0
2001 1
2002 0
2003 0
2004 1
2005 0
2006 0
2007 0
2008 0
2009 0
2010 0
2011 0
2012 0
2013 0
2014 0
2015 0
2016 1
2017 0
2018 1
2019 0
2020 0
2021 0
2022 1
2023 0
2024 0
2025 0
2026 0
2027 0
2028 0
2029 0
2030 0
2031 0
2032 0
2033 0
2034 0
2035 0
2036 1
2037 1
2038 0
2039 0
2040 0
2041 0
2042 0
2043 0
2044 0
2045 0
2046 0
2047 0
2048 0
2049 0
2050 1
2051 0
2052 0
2053 0
2054 0
2055 0
2056 0
2057 0
2058 0
2059 0
2060 0
2061 0
2062 0
2063 0
2064 0
2065 0
2066 0
2067 0
2068 0
2069 0
2070 0
2071 0
2072 0
2073 0
2074 0
2075 0
2076 0
2077 0
2078 0
2079 0
2080 0
2081 0
2082 0
2083 0
2084 0
2085 0
2086 0
2087 0
2088 0
2089 0
2090 0
2091 0
2092 0
2093 0
2094 0
2095 0
2096 0
2097 0
2098 0
2099 0
2100 0
2101 0
2102 0
2103 0
2104 0
2105 0
2106 0
2107 0
2108 0
2109 0
2110 0
2111 0
2112 1
2113 0
2114 0
2115 0
2116 0
2117 0
2118 0
2119 0
2120 0
2121 0
2122 0
2123 0
2124 0
2125 0
2126 0
2127 0
2128 0
2129 0
2130 0
2131 0
2132 0
2133 0
2134 0
2135 0
2136 0
2137 0
2138 0
2139 0
2140 0
2141 0
2142 0
2143 0
2144 0
2145 0
2146 0
2147 0
2148 0
2149 0
2150 0
2151 0
2152 0
2153 0
2154 0
2155 0
2156 0
2157 0
2158 0
2159 0
2160 0
2161 0
2162 0
2163 0
2164 0
2165 0
2166 0
2167 0
2168 1
2169 0
2170 0
2171 0
2172 0
2173 0
2174 0
2175 0
2176 0
2177 0
2178 0
2179 0
2180 0
2181 0
2182 0
2183 0
2184 0
2185 0
2186 0
2187 0
2188 0
2189 0
2190 1
2191 0
2192 0
2193 0
2194 0
2195 1
2196 0
2197 0
2198 0
2199 0
2200 0
2201 0
2202 0
2203 0
2204 0
2205 0
2206 0
2207 0
2208 0
2209 0
2210 0
2211 0
2212 0
2213 0
2214 0
2215 0
2216 0
2217 0
2218 0
2219 0
2220 0
2221 0
2222 0
2223 0
2224 0
2225 0
2226 0
2227 0
2228 0
2229 0
2230 0
2231 0
2232 0
2233 0
2234 0
2235 0
2236 0
2237 0
2238 0
2239 0
2240 0
2241 0
2242 0
2243 0
2244 1
2245 0
2246 0
2247 0
2248 0
2249 0
2250 0
2251 0
2252 0
2253 0
2254 0
2255 0
2256 0
2257 0
2258 0
2259 0
2260 0
2261 0
2262 0
2263 0
2264 0
2265 0
2266 0
2267 0
2268 0
2269 0
2270 0
2271 0
2272 0
2273 0
2274 0
2275 0
2276 0
2277 0
2278 0
2279 0
2280 0
2281 0
2282 0
2283 0
2284 0
2285 0
2286 0
2287 0
2288 0
2289 1
2290 0
2291 0
2292 0
2293 0
2294 1
2295 0
2296 0
2297 0
2298 0
2299 1
2300 0
2301 0
2302 0
2303 0
2304 0
2305 0
2306 0
2307 0
2308 0
2309 1
2310 0
2311 0
2312 0
2313 0
2314 0
2315 1
2316 0
2317 0
2318 0
2319 0
2320 0
2321 0
2322 0
2323 0
2324 0
2325 0
2326 0
2327 0
2328 0
2329 0
2330 0
2331 0
2332 0
2333 0
2334 0
2335 0
2336 0
2337 0
2338 0
2339 0
2340 1
2341 0
2342 0
2343 0
2344 0
2345 0
2346 0
2347 0
2348 0
2349 0
2350 0
2351 0
2352 0
2353 0
2354 0
2355 0
2356 0
2357 0
2358 0
2359 0
2360 0
2361 0
2362 0
2363 0
2364 0
2365 0
2366 1
2367 0
2368 0
2369 0
2370 0
2371 0
2372 0
2373 0
2374 0
2375 0
2376 0
2377 0
2378 0
2379 0
2380 0
2381 1
2382 0
2383 0
2384 0
2385 0
2386 0
2387 0
2388 1
2389 0
2390 0
2391 0
2392 0
2393 0
2394 0
2395 0
2396 0
2397 0
2398 0
2399 0
2400 0
2401 0
2402 0
2403 0
2404 0
2405 0
2406 0
2407 0
2408 0
2409 0
2410 0
2411 0
2412 0
2413 0
2414 0
2415 0
2416 0
2417 0
2418 0
2419 0
2420 0
2421 0
2422 0
2423 0
2424 0
2425 0
2426 0
2427 0
2428 0
2429 0
2430 0
2431 0
2432 0
2433 0
2434 0
2435 0
2436 0
2437 0
2438 0
2439 0
2440 0
2441 0
2442 0
2443 0
2444 0
2445 0
2446 0
2447 0
2448 0
2449 0
2450 0
2451 0
2452 0
2453 0
2454 0
2455 2
2456 0
2457 0
2458 0
2459 0
2460 0
2461 0
2462 0
2463 0
2464 0
2465 0
2466 0
2467 0
2468 0
2469 0
2470 0
2471 0
2472 0
2473 0
2474 0
2475 0
2476 1
2477 0
2478 0
2479 0
2480 0
2481 0
2482 0
2483 0
2484 0
2485 0
2486 0
2487 0
2488 0
2489 0
2490 0
2491 0
2492 0
2493 0
2494 1
2495 0
2496 0
2497 0
2498 0
2499 0
2500 0
2501 0
2502 0
2503 0
2504 0
2505 0
2506 0
2507 0
2508 0
2509 0
2510 0
2511 0
2512 0
2513 0
2514 0
2515 0
2516 0
2517 0
2518 0
2519 0
2520 0
2521 0
2522 0
2523 0
2524 0
2525 0
2526 0
2527 0
2528 0
2529 0
2530 0
2531 0
2532 0
2533 0
2534 0
2535 0
2536 0
2537 0
2538 0
2539 0
2540 0
2541 0
2542 0
2543 0
2544 0
2545 0
2546 0
2547 0
2548 0
2549 0
2550 0
2551 0
2552 0
2553 0
2554 0
2555 0
2556 0
2557 0
2558 0
2559 0
2560 1
2561 0
2562 0
2563 0
2564 0
2565 0
2566 0
2567 0
2568 0
2569 0
2570 0
2571 0
2572 0
2573 0
2574 0
2575 0
2576 0
2577 0
2578 0
2579 0
2580 0
2581 0
2582 0
2583 0
2584 0
2585 0
2586 0
2587 0
2588 0
2589 0
2590 0
2591 1
2592 0
2593 0
2594 0
2595 0
2596 0
2597 0
2598 0
2599 0
2600 0
2601 0
2602 0
2603 0
2604 0
2605 0
2606 0
2607 0
2608 0
2609 0
2610 0
2611 0
2612 0
2613 0
2614 0
2615 0
2616 0
2617 0
2618 0
2619 0
2620 0
2621 0
2622 0
2623 0
2624 0
2625 0
2626 0
2627 0
2628 0
2629 0
2630 0
2631 0
2632 0
2633 0
2634 0
2635 0
2636 0
2637 0
2638 0
2639 0
2640 1
2641 0
2642 0
2643 0
2644 0
2645 0
2646 0
2647 0
2648 0
2649 0
2650 0
2651 0
2652 0
2653 0
2654 0
2655 0
2656 0
2657 0
2658 1
2659 0
2660 0
2661 0
2662 0
2663 0
2664 0
2665 0
2666 0
2667 0
2668 0
2669 0
2670 0
2671 0
2672 0
2673 0
2674 0
2675 0
2676 0
2677 0
2678 0
2679 0
2680 0
2681 0
2682 0
2683 0
2684 0
2685 1
2686 0
2687 0
2688 0
2689 0
2690 0
2691 0
2692 0
2693 0
2694 0
2695 0
2696 0
2697 0
2698 0
2699 0
2700 0
2701 0
2702 0
2703 0
2704 0
2705 0
2706 0
2707 0
2708 0
2709 0
2710 0
2711 0
2712 0
2713 0
2714 0
2715 0
2716 0
2717 0
2718 0
2719 0
2720 0
2721 0
2722 0
2723 0
2724 0
2725 0
2726 0
2727 0
2728 0
2729 0
2730 0
2731 1
2732 0
2733 0
2734 0
2735 0
2736 0
2737 0
2738 0
2739 0
2740 0
2741 0
2742 0
2743 0
2744 0
2745 0
2746 0
2747 0
2748 0
2749 0
2750 0
2751 0
2752 0
2753 0
2754 0
2755 0
2756 0
2757 0
2758 0
2759 0
2760 0
2761 0
2762 0
2763 0
2764 0
2765 0
2766 0
2767 0
2768 0
2769 0
2770 0
2771 0
2772 0
2773 1
2774 0
2775 0
2776 0
2777 0
2778 0
2779 0
2780 0
2781 0
2782 0
2783 0
2784 0
2785 0
2786 0
2787 0
2788 0
2789 0
2790 0
2791 0
2792 0
2793 0
2794 0
2795 0
2796 0
2797 0
2798 0
2799 0
2800 0
2801 0
2802 0
2803 0
2804 0
2805 0
2806 0
2807 0
2808 0
2809 0
2810 0
2811 0
2812 0
2813 0
2814 0
2815 0
2816 0
2817 0
2818 0
2819 0
2820 0
2821 0
2822 0
2823 0
2824 0
2825 0
2826 1
2827 0
2828 0
2829 0
2830 0
2831 1
2832 0
2833 0
2834 0
2835 0
2836 0
2837 0
2838 0
2839 0
2840 0
2841 0
2842 0
2843 0
2844 0
2845 0
2846 0
2847 0
2848 0
2849 0
2850 0
2851 0
2852 0
2853 0
2854 0
2855 0
2856 0
2857 0
2858 0
2859 1
2860 0
2861 0
2862 0
2863 0
2864 0
2865 0
2866 0
2867 0
2868 0
2869 0
2870 0
2871 0
2872 0
2873 0
2874 0
2875 0
2876 0
2877 0
2878 0
2879 0
2880 0
2881 0
2882 0
2883 0
2884 0
2885 0
2886 0
2887 0
2888 0
2889 0
2890 0
2891 0
2892 0
2893 0
2894 0
2895 0
2896 0
2897 0
2898 0
2899 0
2900 0
2901 0
2902 0
2903 0
2904 0
2905 0
2906 0
2907 0
2908 0
2909 0
2910 0
2911 0
2912 0
2913 0
2914 1
2915 0
2916 0
2917 0
2918 0
2919 0
2920 0
2921 0
2922 0
2923 0
2924 0
2925 1
2926 0
2927 0
2928 0
2929 0
2930 0
2931 0
2932 0
2933 0
2934 0
2935 0
2936 0
2937 0
2938 0
2939 0
2940 0
2941 0
2942 0
2943 0
2944 0
2945 0
2946 0
2947 0
2948 0
2949 0
2950 0
2951 0
2952 0
2953 0
2954 0
2955 0
2956 0
2957 0
2958 0
2959 0
2960 0
2961 0
2962 0
2963 0
2964 0
2965 0
2966 0
2967 0
2968 0
2969 0
2970 0
2971 0
2972 0
2973 0
2974 1
2975 0
2976 0
2977 0
2978 0
2979 0
2980 0
2981 0
2982 0
2983 0
2984 0
2985 0
2986 0
2987 0
2988 0
2989 0
2990 0
2991 0
2992 0
2993 0
2994 0
2995 0
2996 0
2997 0
2998 0
2999 0
3000 0
3001 0
3002 0
3003 0
3004 0
3005 0
3006 0
3007 0
3008 0
3009 0
3010 0
3011 0
3012 0
3013 0
3014 0
3015 0
3016 0
3017 0
3018 0
3019 0
3020 0
3021 0
3022 0
3023 0
3024 0
3025 0
3026 0
3027 0
3028 0
3029 0
3030 0
3031 0
3032 0
3033 0
3034 0
3035 0
3036 0
3037 0
3038 0
3039 0
3040 0
3041 0
3042 0
3043 0
3044 0
3045 0
3046 0
3047 0
3048 0
3049 0
3050 0
3051 0
3052 0
3053 0
3054 0
3055 0
3056 0
3057 0
3058 1
3059 0
3060 0
3061 0
3062 0
3063 0
3064 0
3065 2
3066 1
3067 0
3068 0
3069 0
3070 0
3071 0
3072 0
3073 0
3074 0
3075 0
3076 0
3077 0
3078 0
3079 0
3080 0
3081 0
3082 0
3083 0
3084 1
3085 0
3086 0
3087 0
3088 0
3089 0
3090 0
3091 0
3092 0
3093 0
3094 0
3095 0
3096 0
3097 0
3098 0
3099 0
3100 0
3101 0
3102 0
3103 0
3104 0
3105 0
3106 0
3107 0
3108 0
3109 0
3110 0
3111 0
3112 0
3113 0
3114 0
3115 0
3116 0
3117 0
3118 0
3119 0
3120 0
3121 0
3122 0
3123 0
3124 0
3125 0
3126 0
3127 0
3128 0
3129 0
3130 0
3131 0
3132 0
3133 0
3134 0
3135 0
3136 0
3137 0
3138 0
3139 0
3140 0
3141 0
3142 0
3143 0
3144 0
3145 0
3146 0
3147 0
3148 0
3149 0
3150 0
3151 0
3152 0
3153 0
3154 0
3155 0
3156 0
3157 0
3158 0
3159 0
3160 0
3161 0
3162 0
3163 0
3164 0
3165 0
3166 0
3167 0
3168 0
3169 0
3170 0
3171 0
3172 0
3173 0
3174 0
3175 0
3176 0
3177 0
3178 0
3179 0
3180 0
3181 0
3182 0
3183 0
3184 0
3185 0
3186 0
3187 0
3188 0
3189 1
3190 0
3191 0
3192 0
3193 0
3194 0
3195 0
3196 0
3197 0
3198 0
3199 0
3200 0
3201 0
3202 0
3203 0
3204 0
3205 0
3206 0
3207 0
3208 0
3209 0
3210 0
3211 0
3212 0
3213 0
3214 0
3215 0
3216 0
3217 0
3218 0
3219 0
3220 0
3221 0
3222 0
3223 0
3224 0
3225 0
3226 0
3227 0
3228 0
3229 1
3230 1
3231 0
3232 0
3233 0
3234 0
3235 0
3236 0
3237 0
3238 0
3239 0
3240 0
3241 0
3242 0
3243 1
3244 0
3245 0
3246 0
3247 0
3248 0
3249 0
3250 0
3251 0
3252 0
3253 0
3254 0
3255 0
3256 0
3257 0
3258 0
3259 0
3260 0
3261 0
3262 0
3263 0
3264 0
3265 0
3266 0
3267 1
3268 0
3269 0
3270 0
3271 0
3272 1
3273 0
3274 0
3275 0
3276 0
3277 0
3278 1
3279 0
3280 0
3281 0
3282 0
3283 0
3284 0
3285 0
3286 0
3287 1
3288 0
3289 0
3290 0
3291 0
3292 0
3293 0
3294 0
3295 0
3296 0
3297 0
3298 0
3299 0
3300 0
3301 0
3302 0
3303 0
3304 0
3305 0
3306 0
3307 1
3308 0
3309 0
3310 0
3311 0
3312 0
3313 0
3314 0
3315 0
3316 0
3317 0
3318 0
3319 0
3320 0
3321 0
3322 0
3323 0
3324 0
3325 0
3326 0
3327 0
3328 0
3329 0
3330 0
3331 0
3332 0
3333 0
3334 0
3335 0
3336 1
3337 0
3338 0
3339 0
3340 0
3341 0
3342 0
3343 0
3344 0
3345 0
3346 0
3347 0
3348 0
3349 0
3350 0
3351 0
3352 0
3353 0
3354 0
3355 0
3356 0
3357 0
3358 0
3359 0
3360 0
3361 0
3362 0
3363 0
3364 0
3365 0
3366 0
3367 0
3368 0
3369 0
3370 0
3371 0
3372 0
3373 0
3374 0
3375 0
3376 0
3377 0
3378 0
3379 0
3380 0
3381 0
3382 0
3383 0
3384 0
3385 0
3386 0
3387 0
3388 0
3389 0
3390 0
3391 0
3392 0
3393 0
3394 0
3395 0
3396 0
3397 0
3398 0
3399 0
3400 0
3401 0
3402 0
3403 0
3404 0
3405 0
3406 0
3407 0
3408 0
3409 0
3410 0
3411 0
3412 0
3413 0
3414 0
3415 0
3416 0
3417 0
3418 0
3419 0
3420 0
3421 0
3422 0
3423 0
3424 0
3425 0
3426 0
3427 0
3428 0
3429 0
3430 0
3431 0
3432 0
3433 0
3434 0
3435 0
3436 0
3437 0
3438 0
3439 0
3440 0
3441 0
3442 0
3443 0
3444 0
3445 0
3446 0
3447 0
3448 0
3449 0
3450 0
3451 0
3452 0
3453 0
3454 1
3455 0
3456 0
3457 0
3458 0
3459 0
3460 0
3461 0
3462 0
3463 0
3464 0
3465 0
3466 0
3467 0
3468 0
3469 0
3470 0
3471 0
3472 0
3473 0
3474 0
3475 0
3476 0
3477 0
3478 0
3479 1
3480 0
3481 0
3482 0
3483 0
3484 0
3485 0
3486 0
3487 0
3488 0
3489 0
3490 0
3491 0
3492 0
3493 0
3494 0
3495 0
3496 0
3497 0
3498 0
3499 0
3500 0
3501 0
3502 0
3503 0
3504 0
3505 0
3506 0
3507 0
3508 1
3509 0
3510 0
3511 0
3512 0
3513 0
3514 0
3515 0
3516 0
3517 0
3518 0
3519 0
3520 0
3521 0
3522 0
3523 0
3524 0
3525 0
3526 0
3527 0
3528 0
3529 0
3530 0
3531 0
3532 0
3533 0
3534 1
3535 0
3536 0
3537 0
3538 0
3539 0
3540 0
3541 0
3542 0
3543 0
3544 0
3545 0
3546 0
3547 0
3548 0
3549 0
3550 0
3551 0
3552 1
3553 0
3554 0
3555 0
3556 0
3557 0
3558 0
3559 0
3560 0
3561 0
3562 0
3563 0
3564 0
3565 0
3566 0
3567 0
3568 0
3569 0
3570 0
3571 0
3572 0
3573 0
3574 0
3575 0
3576 0
3577 0
3578 0
3579 0
3580 0
3581 0
3582 0
3583 0
3584 0
3585 0
3586 0
3587 0
3588 0
3589 0
3590 0
3591 0
3592 0
3593 0
3594 0
3595 0
3596 0
3597 0
3598 0
3599 0
3600 0
3601 0
3602 0
3603 0
3604 0
3605 0
3606 0
3607 0
3608 1
3609 0
3610 0
3611 0
3612 0
3613 0
3614 0
3615 0
3616 0
3617 0
3618 0
3619 1
3620 0
3621 0
3622 0
3623 0
3624 0
3625 0
3626 0
3627 0
3628 0
3629 0
3630 0
3631 0
3632 0
3633 0
3634 0
3635 0
3636 0
3637 0
3638 0
3639 0
3640 0
3641 0
3642 0
3643 0
3644 0
3645 0
3646 0
3647 0
3648 0
3649 0
3650 0
3651 0
3652 0
3653 0
3654 0
3655 0
3656 0
3657 0
3658 0
3659 0
3660 0
3661 0
3662 0
3663 0
3664 0
3665 0
3666 0
3667 0
3668 0
3669 0
3670 0
3671 0
3672 0
3673 0
3674 0
3675 0
3676 0
3677 0
3678 0
3679 0
3680 0
3681 0
3682 0
3683 0
3684 0
3685 0
3686 0
3687 0
3688 0
3689 0
3690 0
3691 0
3692 0
3693 0
3694 0
3695 0
3696 0
3697 0
3698 0
3699 0
3700 0
3701 0
3702 0
3703 0
3704 0
3705 0
3706 0
3707 0
3708 0
3709 0
3710 0
3711 0
3712 0
3713 0
3714 0
3715 0
3716 0
3717 0
3718 0
3719 0
3720 0
3721 0
3722 0
3723 0
3724 0
3725 0
3726 0
3727 0
3728 0
3729 0
3730 0
3731 0
3732 0
3733 0
3734 0
3735 0
3736 0
3737 0
3738 0
3739 0
3740 0
3741 0
3742 0
3743 0
3744 0
3745 0
3746 0
3747 0
3748 0
3749 0
3750 0
3751 0
3752 0
3753 1
3754 0
3755 0
3756 0
3757 0
3758 0
3759 0
3760 0
3761 0
3762 0
3763 0
3764 0
3765 0
3766 0
3767 0
3768 0
3769 0
3770 0
3771 0
3772 0
3773 0
3774 0
3775 0
3776 0
3777 0
3778 0
3779 0
3780 0
3781 0
3782 0
3783 0
3784 0
3785 0
3786 0
3787 0
3788 0
3789 0
3790 0
3791 0
3792 0
3793 0
3794 0
3795 0
3796 0
3797 0
3798 0
3799 0
3800 0
3801 0
3802 0
3803 0
3804 0
3805 0
3806 0
3807 0
3808 0
3809 0
3810 0
3811 0
3812 0
3813 0
3814 0
3815 0
3816 0
3817 0
3818 0
3819 0
3820 0
3821 0
3822 0
3823 0
3824 0
3825 0
3826 0
3827 0
3828 0
3829 0
3830 0
3831 0
3832 0
3833 0
3834 0
3835 0
3836 0
3837 0
3838 0
3839 0
3840 0
3841 0
3842 0
3843 0
3844 0
3845 0
3846 0
3847 0
3848 0
3849 0
3850 0
3851 0
3852 0
3853 0
3854 0
3855 0
3856 0
3857 0
3858 0
3859 0
3860 0
3861 0
3862 0
3863 0
3864 0
3865 0
3866 0
3867 0
3868 0
3869 0
3870 0
3871 0
3872 0
3873 0
3874 0
3875 0
3876 0
3877 0
3878 0
3879 0
3880 0
3881 0
3882 0
3883 0
3884 0
3885 0
3886 0
3887 0
3888 0
3889 0
3890 0
3891 0
3892 0
3893 0
3894 0
3895 0
3896 0
3897 0
3898 0
3899 0
3900 0
3901 0
3902 0
3903 0
3904 0
3905 0
3906 0
3907 0
3908 0
3909 0
3910 0
3911 0
3912 0
3913 0
3914 0
3915 0
3916 0
3917 0
3918 0
3919 0
3920 0
3921 0
3922 0
3923 0
3924 0
3925 0
3926 0
3927 0
3928 0
3929 0
3930 0
3931 0
3932 0
3933 0
3934 0
3935 0
3936 0
3937 0
3938 0
3939 0
3940 0
3941 0
3942 0
3943 0
3944 0
3945 0
3946 0
3947 0
3948 0
3949 0
3950 0
3951 0
3952 0
3953 0
3954 0
3955 0
3956 0
3957 0
3958 0
3959 0
3960 0
3961 0
3962 0
3963 0
3964 0
3965 0
3966 0
3967 0
3968 0
3969 0
3970 0
3971 0
3972 0
3973 0
3974 0
3975 0
3976 0
3977 0
3978 0
3979 0
3980 0
3981 0
3982 0
3983 0
3984 0
3985 0
3986 0
3987 0
3988 0
3989 0
3990 0
3991 0
3992 0
3993 0
3994 0
3995 0
3996 0
3997 0
3998 0
3999 0
4000 0
