0 0
1 0
2 0
3 0
4 0
5 0
6 0
7 0
8 0
9 0
10 0
11 0
12 0
13 0
14 0
15 0
16 0
17 0
18 0
19 0
20 0
21 0
22 0
23 0
24 0
25 0
26 0
27 0
28 0
29 0
30 0
31 0
32 0
33 0
34 0
35 0
36 0
37 0
38 0
39 0
40 0
41 0
42 0
43 0
44 0
45 0
46 0
47 0
48 0
49 0
50 0
51 0
52 0
53 0
54 0
55 0
56 0
57 0
58 0
59 0
60 0
61 0
62 0
63 0
64 0
65 0
66 0
67 0
68 0
69 0
70 0
71 0
72 0
73 0
74 0
75 0
76 0
77 0
78 0
79 0
80 0
81 0
82 0
83 0
84 0
85 0
86 9
87 24
88 22
89 15
90 20
91 15
92 32
93 17
94 21
95 27
96 22
97 21
98 18
99 14
100 12
101 13
102 8
103 14
104 8
105 8
106 13
107 5
108 13
109 16
110 27
111 176
112 818
113 2654
114 5259
115 7878
116 9729
117 10609
118 10845
119 10665
120 9862
121 8902
122 8145
123 7195
124 6285
125 5525
126 4704
127 4004
128 3542
129 3073
130 2615
131 2287
132 2019
133 1830
134 1716
135 1573
136 1469
137 1452
138 1368
139 1313
140 1281
141 1302
142 1317
143 1285
144 1347
145 1251
146 1346
147 1354
148 1332
149 1316
150 1326
151 1308
152 1307
153 1239
154 1257
155 1189
156 1288
157 1318
158 1267
159 1269
160 1236
161 1305
162 1234
163 1224
164 1339
165 1317
166 1242
167 1352
168 1322
169 1377
170 1322
171 1352
172 1373
173 1362
174 1253
175 1346
176 1312
177 1284
178 1365
179 1369
180 1400
181 1341
182 1383
183 1317
184 1388
185 1296
186 1437
187 1387
188 1317
189 1388
190 1368
191 1344
192 1369
193 1372
194 1352
195 1359
196 1421
197 1443
198 1371
199 1339
200 1376
201 1392
202 1434
203 1421
204 1452
205 1339
206 1429
207 1392
208 1409
209 1434
210 1376
211 1381
212 1482
213 1457
214 1361
215 1367
216 1452
217 1471
218 1422
219 1426
220 1445
221 1380
222 1407
223 1463
224 1394
225 1499
226 1395
227 1464
228 1508
229 1412
230 1452
231 1478
232 1398
233 1458
234 1480
235 1522
236 1515
237 1446
238 1430
239 1441
240 1526
241 1448
242 1483
243 1446
244 1446
245 1446
246 1561
247 1510
248 1528
249 1531
250 1559
251 1564
252 1524
253 1547
254 1500
255 1537
256 1486
257 1502
258 1570
259 1586
260 1582
261 1554
262 1598
263 1529
264 1555
265 1576
266 1516
267 1571
268 1584
269 1543
270 1566
271 1571
272 1584
273 1610
274 1658
275 1634
276 1643
277 1588
278 1656
279 1618
280 1613
281 1584
282 1676
283 1659
284 1683
285 1658
286 1740
287 1661
288 1662
289 1733
290 1664
291 1695
292 1719
293 1636
294 1754
295 1689
296 1695
297 1751
298 1732
299 1672
300 1660
301 1809
302 1737
303 1744
304 1762
305 1764
306 1761
307 1738
308 1812
309 1917
310 1754
311 1755
312 1819
313 1855
314 1728
315 1740
316 1791
317 1801
318 1846
319 1821
320 1842
321 1785
322 1785
323 1835
324 1889
325 1857
326 1865
327 1910
328 1861
329 1801
330 1787
331 1833
332 1915
333 1849
334 2011
335 1861
336 1841
337 1933
338 1881
339 1801
340 1870
341 1886
342 1913
343 1828
344 1879
345 1907
346 1915
347 1870
348 1947
349 1932
350 1945
351 1887
352 1867
353 1811
354 1867
355 1936
356 1928
357 1949
358 1891
359 1870
360 1841
361 1956
362 1837
363 1855
364 1874
365 1867
366 1961
367 1838
368 1933
369 1878
370 1920
371 1983
372 1924
373 1921
374 1894
375 1855
376 1942
377 1848
378 1825
379 1944
380 1871
381 1876
382 1958
383 1878
384 1921
385 1891
386 1918
387 1814
388 1869
389 1922
390 1779
391 1880
392 1885
393 1817
394 1895
395 1812
396 1771
397 1823
398 1793
399 1819
400 1838
401 1765
402 1822
403 1881
404 1855
405 1825
406 1758
407 1844
408 1754
409 1746
410 1783
411 1798
412 1747
413 1702
414 1726
415 1686
416 1672
417 1684
418 1732
419 1644
420 1679
421 1744
422 1667
423 1725
424 1645
425 1640
426 1691
427 1668
428 1675
429 1679
430 1733
431 1632
432 1661
433 1558
434 1549
435 1580
436 1595
437 1579
438 1553
439 1561
440 1529
441 1584
442 1620
443 1627
444 1562
445 1557
446 1560
447 1557
448 1542
449 1470
450 1535
451 1458
452 1426
453 1430
454 1416
455 1399
456 1438
457 1470
458 1398
459 1376
460 1370
461 1362
462 1403
463 1329
464 1407
465 1311
466 1323
467 1381
468 1289
469 1264
470 1303
471 1256
472 1259
473 1329
474 1277
475 1270
476 1294
477 1245
478 1261
479 1174
480 1215
481 1164
482 1169
483 1264
484 1160
485 1155
486 1104
487 1145
488 1133
489 1109
490 1097
491 1124
492 1099
493 1083
494 1130
495 1105
496 1054
497 1048
498 1064
499 1073
500 1002
501 1051
502 1073
503 966
504 971
505 1010
506 978
507 993
508 957
509 959
510 937
511 962
512 963
513 925
514 921
515 934
516 873
517 909
518 853
519 900
520 934
521 868
522 832
523 862
524 828
525 852
526 868
527 836
528 854
529 775
530 824
531 816
532 832
533 810
534 795
535 707
536 801
537 759
538 697
539 771
540 730
541 715
542 745
543 712
544 687
545 695
546 684
547 694
548 652
549 693
550 681
551 673
552 643
553 632
554 628
555 575
556 649
557 649
558 615
559 649
560 612
561 587
562 607
563 639
564 574
565 607
566 561
567 612
568 599
569 580
570 553
571 562
572 541
573 589
574 555
575 536
576 528
577 480
578 549
579 501
580 530
581 499
582 495
583 503
584 513
585 466
586 464
587 503
588 479
589 471
590 475
591 424
592 457
593 495
594 461
595 447
596 483
597 427
598 442
599 451
600 391
601 445
602 400
603 434
604 413
605 420
606 442
607 375
608 415
609 397
610 404
611 415
612 391
613 412
614 417
615 391
616 373
617 373
618 371
619 403
620 383
621 350
622 377
623 366
624 390
625 343
626 350
627 342
628 364
629 348
630 330
631 352
632 336
633 341
634 347
635 320
636 367
637 327
638 335
639 339
640 311
641 347
642 319
643 338
644 299
645 318
646 315
647 318
648 317
649 345
650 301
651 321
652 323
653 316
654 302
655 310
656 290
657 336
658 290
659 293
660 277
661 315
662 279
663 294
664 295
665 307
666 275
667 270
668 302
669 286
670 284
671 279
672 273
673 261
674 273
675 271
676 267
677 267
678 251
679 261
680 271
681 253
682 265
683 268
684 232
685 257
686 263
687 273
688 260
689 251
690 257
691 241
692 273
693 253
694 247
695 254
696 271
697 244
698 254
699 258
700 273
701 255
702 258
703 252
704 252
705 246
706 257
707 248
708 245
709 223
710 253
711 246
712 238
713 241
714 221
715 247
716 223
717 263
718 257
719 266
720 250
721 237
722 254
723 241
724 209
725 245
726 236
727 267
728 226
729 237
730 228
731 236
732 240
733 221
734 241
735 232
736 234
737 238
738 219
739 240
740 244
741 224
742 243
743 207
744 248
745 234
746 226
747 228
748 251
749 236
750 219
751 221
752 206
753 255
754 239
755 231
756 224
757 238
758 234
759 224
760 215
761 200
762 248
763 237
764 246
765 235
766 247
767 223
768 227
769 202
770 203
771 230
772 213
773 237
774 208
775 202
776 238
777 220
778 248
779 215
780 222
781 218
782 224
783 218
784 211
785 222
786 206
787 212
788 240
789 232
790 213
791 250
792 198
793 216
794 230
795 215
796 211
797 202
798 209
799 246
800 224
801 226
802 233
803 238
804 226
805 217
806 208
807 211
808 215
809 235
810 222
811 216
812 221
813 210
814 205
815 207
816 196
817 194
818 212
819 220
820 238
821 247
822 199
823 205
824 212
825 208
826 231
827 193
828 207
829 236
830 195
831 190
832 208
833 241
834 196
835 195
836 204
837 201
838 203
839 184
840 216
841 208
842 211
843 219
844 209
845 204
846 239
847 195
848 209
849 228
850 203
851 216
852 207
853 188
854 201
855 215
856 196
857 185
858 190
859 202
860 216
861 208
862 207
863 209
864 204
865 217
866 189
867 212
868 195
869 198
870 182
871 207
872 214
873 177
874 178
875 181
876 203
877 220
878 180
879 186
880 177
881 199
882 179
883 201
884 165
885 201
886 197
887 183
888 181
889 191
890 214
891 217
892 206
893 209
894 185
895 200
896 182
897 195
898 203
899 201
900 178
901 177
902 193
903 177
904 173
905 193
906 171
907 205
908 204
909 196
910 214
911 168
912 194
913 197
914 184
915 196
916 207
917 189
918 190
919 154
920 184
921 187
922 185
923 176
924 167
925 175
926 176
927 176
928 174
929 196
930 160
931 176
932 192
933 184
934 190
935 168
936 196
937 180
938 188
939 174
940 162
941 180
942 142
943 197
944 177
945 160
946 190
947 182
948 168
949 152
950 183
951 164
952 153
953 166
954 171
955 180
956 211
957 170
958 190
959 164
960 162
961 188
962 186
963 169
964 149
965 155
966 172
967 155
968 186
969 157
970 151
971 168
972 185
973 170
974 167
975 163
976 157
977 143
978 156
979 142
980 162
981 148
982 164
983 161
984 169
985 168
986 157
987 159
988 157
989 142
990 153
991 147
992 150
993 164
994 144
995 156
996 143
997 152
998 162
999 162
1000 173
1001 160
1002 155
1003 169
1004 140
1005 156
1006 148
1007 133
1008 143
1009 141
1010 160
1011 142
1012 150
1013 149
1014 151
1015 142
1016 150
1017 139
1018 136
1019 118
1020 124
1021 137
1022 126
1023 143
1024 149
1025 109
1026 133
1027 140
1028 129
1029 127
1030 147
1031 144
1032 131
1033 120
1034 141
1035 140
1036 145
1037 121
1038 133
1039 143
1040 122
1041 128
1042 148
1043 145
1044 140
1045 138
1046 133
1047 141
1048 138
1049 143
1050 142
1051 117
1052 116
1053 131
1054 137
1055 126
1056 129
1057 135
1058 118
1059 123
1060 125
1061 111
1062 124
1063 121
1064 127
1065 116
1066 120
1067 131
1068 118
1069 133
1070 116
1071 113
1072 113
1073 113
1074 116
1075 115
1076 132
1077 115
1078 95
1079 116
1080 104
1081 98
1082 126
1083 118
1084 123
1085 119
1086 105
1087 127
1088 123
1089 126
1090 123
1091 108
1092 123
1093 121
1094 101
1095 99
1096 91
1097 99
1098 112
1099 101
1100 106
1101 114
1102 103
1103 105
1104 106
1105 113
1106 100
1107 114
1108 101
1109 105
1110 91
1111 110
1112 112
1113 120
1114 96
1115 101
1116 94
1117 122
1118 103
1119 96
1120 94
1121 108
1122 82
1123 87
1124 101
1125 103
1126 108
1127 77
1128 104
1129 93
1130 100
1131 108
1132 74
1133 99
1134 76
1135 84
1136 84
1137 71
1138 93
1139 100
1140 95
1141 90
1142 92
1143 83
1144 84
1145 86
1146 86
1147 82
1148 73
1149 86
1150 83
1151 93
1152 80
1153 95
1154 102
1155 74
1156 84
1157 86
1158 78
1159 84
1160 76
1161 80
1162 63
1163 90
1164 80
1165 72
1166 76
1167 69
1168 70
1169 77
1170 86
1171 77
1172 74
1173 59
1174 68
1175 67
1176 69
1177 73
1178 76
1179 63
1180 65
1181 59
1182 71
1183 60
1184 61
1185 70
1186 70
1187 82
1188 69
1189 50
1190 59
1191 58
1192 77
1193 49
1194 60
1195 74
1196 51
1197 58
1198 65
1199 57
1200 71
1201 52
1202 70
1203 73
1204 63
1205 58
1206 61
1207 70
1208 73
1209 55
1210 67
1211 48
1212 72
1213 54
1214 64
1215 52
1216 71
1217 57
1218 63
1219 54
1220 66
1221 42
1222 67
1223 59
1224 59
1225 56
1226 53
1227 50
1228 58
1229 47
1230 51
1231 60
1232 55
1233 59
1234 64
1235 64
1236 50
1237 57
1238 53
1239 49
1240 49
1241 52
1242 46
1243 56
1244 58
1245 58
1246 54
1247 49
1248 52
1249 55
1250 54
1251 42
1252 38
1253 57
1254 49
1255 48
1256 48
1257 51
1258 52
1259 57
1260 47
1261 40
1262 48
1263 50
1264 41
1265 48
1266 46
1267 44
1268 39
1269 41
1270 50
1271 45
1272 48
1273 36
1274 41
1275 43
1276 31
1277 43
1278 33
1279 29
1280 39
1281 38
1282 40
1283 44
1284 45
1285 39
1286 38
1287 40
1288 31
1289 33
1290 35
1291 40
1292 30
1293 31
1294 34
1295 32
1296 31
1297 34
1298 39
1299 35
1300 39
1301 39
1302 30
1303 42
1304 33
1305 35
1306 34
1307 28
1308 40
1309 33
1310 40
1311 36
1312 35
1313 40
1314 25
1315 39
1316 44
1317 39
1318 33
1319 13
1320 38
1321 51
1322 38
1323 29
1324 28
1325 24
1326 29
1327 31
1328 28
1329 31
1330 26
1331 38
1332 29
1333 36
1334 25
1335 29
1336 32
1337 29
1338 29
1339 24
1340 38
1341 29
1342 27
1343 25
1344 22
1345 28
1346 28
1347 17
1348 32
1349 26
1350 31
1351 25
1352 27
1353 34
1354 24
1355 29
1356 24
1357 26
1358 26
1359 23
1360 20
1361 34
1362 32
1363 25
1364 24
1365 23
1366 22
1367 22
1368 22
1369 23
1370 18
1371 31
1372 18
1373 17
1374 25
1375 29
1376 15
1377 28
1378 22
1379 22
1380 19
1381 28
1382 26
1383 24
1384 23
1385 12
1386 23
1387 19
1388 32
1389 21
1390 14
1391 19
1392 23
1393 23
1394 16
1395 20
1396 14
1397 29
1398 15
1399 19
1400 19
1401 17
1402 11
1403 13
1404 18
1405 27
1406 21
1407 16
1408 21
1409 13
1410 23
1411 18
1412 18
1413 15
1414 13
1415 16
1416 14
1417 12
1418 15
1419 22
1420 16
1421 22
1422 10
1423 12
1424 12
1425 22
1426 17
1427 14
1428 11
1429 12
1430 15
1431 28
1432 12
1433 14
1434 8
1435 14
1436 14
1437 21
1438 19
1439 11
1440 13
1441 22
1442 13
1443 13
1444 11
1445 8
1446 11
1447 18
1448 15
1449 17
1450 13
1451 11
1452 11
1453 14
1454 13
1455 12
1456 8
1457 12
1458 16
1459 12
1460 13
1461 12
1462 11
1463 8
1464 14
1465 16
1466 12
1467 17
1468 11
1469 11
1470 16
1471 9
1472 12
1473 10
1474 13
1475 11
1476 12
1477 7
1478 17
1479 10
1480 10
1481 13
1482 11
1483 9
1484 11
1485 13
1486 11
1487 9
1488 10
1489 8
1490 11
1491 11
1492 10
1493 9
1494 10
1495 12
1496 10
1497 9
1498 11
1499 14
1500 7
1501 8
1502 8
1503 19
1504 7
1505 7
1506 11
1507 10
1508 16
1509 5
1510 6
1511 11
1512 11
1513 8
1514 2
1515 10
1516 5
1517 8
1518 11
1519 6
1520 8
1521 8
1522 6
1523 6
1524 7
1525 9
1526 11
1527 9
1528 9
1529 15
1530 15
1531 8
1532 12
1533 5
1534 13
1535 12
1536 8
1537 8
1538 6
1539 5
1540 3
1541 9
1542 8
1543 11
1544 5
1545 10
1546 6
1547 12
1548 9
1549 6
1550 12
1551 6
1552 6
1553 5
1554 7
1555 5
1556 5
1557 5
1558 8
1559 7
1560 7
1561 3
1562 11
1563 1
1564 7
1565 7
1566 4
1567 11
1568 5
1569 6
1570 4
1571 9
1572 6
1573 6
1574 3
1575 5
1576 8
1577 8
1578 7
1579 7
1580 8
1581 7
1582 7
1583 8
1584 5
1585 4
1586 3
1587 3
1588 6
1589 7
1590 5
1591 3
1592 3
1593 5
1594 3
1595 4
1596 3
1597 6
1598 5
1599 2
1600 3
1601 4
1602 6
1603 10
1604 6
1605 10
1606 0
1607 4
1608 5
1609 5
1610 4
1611 6
1612 6
1613 1
1614 3
1615 2
1616 5
1617 0
1618 0
1619 4
1620 2
1621 4
1622 2
1623 2
1624 2
1625 2
1626 2
1627 2
1628 4
1629 3
1630 6
1631 5
1632 8
1633 4
1634 4
1635 2
1636 4
1637 6
1638 6
1639 3
1640 6
1641 3
1642 2
1643 4
1644 2
1645 4
1646 1
1647 5
1648 2
1649 3
1650 3
1651 6
1652 7
1653 3
1654 4
1655 4
1656 4
1657 4
1658 2
1659 3
1660 0
1661 3
1662 4
1663 2
1664 2
1665 4
1666 1
1667 1
1668 1
1669 2
1670 3
1671 1
1672 0
1673 3
1674 2
1675 3
1676 1
1677 1
1678 1
1679 5
1680 2
1681 2
1682 1
1683 3
1684 5
1685 2
1686 2
1687 2
1688 1
1689 3
1690 2
1691 2
1692 1
1693 0
1694 0
1695 3
1696 1
1697 0
1698 1
1699 3
1700 2
1701 2
1702 1
1703 0
1704 1
1705 0
1706 2
1707 2
1708 1
1709 1
1710 1
1711 4
1712 2
1713 1
1714 1
1715 0
1716 3
1717 4
1718 0
1719 1
1720 1
1721 2
1722 4
1723 1
1724 1
1725 0
1726 1
1727 2
1728 1
1729 1
1730 2
1731 2
1732 1
1733 1
1734 1
1735 2
1736 1
1737 1
1738 2
1739 2
1740 0
1741 1
1742 2
1743 0
1744 0
1745 1
1746 1
1747 1
1748 2
1749 1
1750 2
1751 1
1752 1
1753 2
1754 1
1755 3
1756 0
1757 1
1758 2
1759 0
1760 1
1761 0
1762 0
1763 1
1764 2
1765 0
1766 5
1767 2
1768 1
1769 1
1770 1
1771 2
1772 2
1773 2
1774 1
1775 3
1776 1
1777 3
1778 1
1779 0
1780 1
1781 0
1782 0
1783 4
1784 0
1785 2
1786 0
1787 1
1788 0
1789 1
1790 0
1791 2
1792 2
1793 0
1794 3
1795 0
1796 1
1797 1
1798 1
1799 1
1800 0
1801 2
1802 2
1803 0
1804 2
1805 1
1806 0
1807 0
1808 1
1809 0
1810 1
1811 1
1812 1
1813 2
1814 0
1815 1
1816 0
1817 2
1818 0
1819 1
1820 1
1821 1
1822 3
1823 0
1824 0
1825 0
1826 0
1827 2
1828 2
1829 1
1830 0
1831 0
1832 0
1833 0
1834 0
1835 0
1836 0
1837 1
1838 0
1839 0
1840 1
1841 1
1842 0
1843 0
1844 0
1845 0
1846 1
1847 0
1848 1
1849 0
1850 0
1851 0
1852 0
1853 0
1854 0
1855 0
1856 1
1857 0
1858 0
1859 1
1860 1
1861 0
1862 0
1863 0
1864 0
1865 0
1866 0
1867 0
1868 1
1869 0
1870 0
1871 0
1872 0
1873 1
1874 0
1875 0
1876 1
1877 0
1878 1
1879 0
1880 0
1881 1
1882 0
1883 0
1884 0
1885 0
1886 0
1887 0
1888 0
1889 0
1890 2
1891 0
1892 0
1893 1
1894 1
1895 0
1896 0
1897 0
1898 0
1899 0
1900 0
1901 0
1902 0
1903 0
1904 1
1905 0
1906 0
1907 0
1908 0
1909 0
1910 0
1911 0
1912 1
1913 1
1914 0
1915 1
1916 0
1917 0
1918 0
1919 0
1920 0
1921 0
1922 0
1923 0
1924 0
1925 0
1926 0
1927 1
1928 0
1929 0
1930 0
1931 1
1932 0
1933 0
1934 0
1935 0
1936 1
1937 0
1938 0
1939 0
1940 0
1941 0
1942 0
1943 0
1944 1
1945 0
1946 1
1947 0
1948 0
1949 0
1950 1
1951 0
1952 0
1953 0
1954 0
1955 0
1956 0
1957 0
1958 0
1959 0
1960 0
1961 1
1962 0
1963 0
1964 1
1965 0
1966 0
1967 0
1968 1
1969 0
1970 0
1971 0
1972 0
1973 1
1974 0
1975 0
1976 0
1977 0
1978 1
1979 0
1980 0
1981 0
1982 0
1983 1
1984 0
1985 0
1986 0
1987 1
1988 0
1989 0
1990 0
1991 0
1992 0
1993 0
1994 0
1995 0
1996 0
1997 0
1998 0
1999 0
2000 0
2001 1
2002 0
2003 0
2004 0
2005 1
2006 0
2007 0
2008 0
2009 0
2010 0
2011 0
2012 0
2013 0
2014 0
2015 1
2016 1
2017 0
2018 1
2019 0
2020 0
2021 0
2022 0
2023 0
2024 0
2025 0
2026 0
2027 0
2028 0
2029 0
2030 0
2031 0
2032 0
2033 0
2034 0
2035 0
2036 2
2037 0
2038 0
2039 0
2040 0
2041 0
2042 0
2043 0
2044 0
2045 0
2046 0
2047 0
2048 0
2049 0
2050 0
2051 0
2052 0
2053 0
2054 0
2055 0
2056 0
2057 0
2058 0
2059 0
2060 0
2061 0
2062 0
2063 0
2064 0
2065 0
2066 0
2067 0
2068 0
2069 0
2070 2
2071 0
2072 0
2073 0
2074 0
2075 0
2076 0
2077 0
2078 0
2079 0
2080 1
2081 0
2082 0
2083 0
2084 0
2085 0
2086 0
2087 0
2088 0
2089 0
2090 0
2091 0
2092 0
2093 0
2094 0
2095 0
2096 0
2097 0
2098 0
2099 0
2100 0
2101 0
2102 0
2103 0
2104 1
2105 0
2106 0
2107 0
2108 0
2109 0
2110 0
2111 0
2112 0
2113 0
2114 0
2115 0
2116 0
2117 0
2118 0
2119 0
2120 1
2121 0
2122 0
2123 0
2124 0
2125 0
2126 0
2127 0
2128 0
2129 0
2130 0
2131 0
2132 0
2133 0
2134 0
2135 0
2136 0
2137 0
2138 0
2139 0
2140 0
2141 0
2142 0
2143 0
2144 0
2145 0
2146 0
2147 0
2148 0
2149 0
2150 0
2151 1
2152 0
2153 0
2154 0
2155 0
2156 0
2157 0
2158 0
2159 0
2160 0
2161 0
2162 0
2163 0
2164 0
2165 0
2166 0
2167 0
2168 0
2169 0
2170 0
2171 0
2172 0
2173 0
2174 0
2175 0
2176 0
2177 0
2178 0
2179 0
2180 0
2181 0
2182 0
2183 0
2184 0
2185 0
2186 0
2187 0
2188 0
2189 0
2190 0
2191 0
2192 0
2193 0
2194 0
2195 0
2196 0
2197 0
2198 0
2199 0
2200 0
2201 0
2202 0
2203 0
2204 0
2205 0
2206 0
2207 0
2208 0
2209 0
2210 0
2211 0
2212 0
2213 0
2214 0
2215 0
2216 0
2217 0
2218 0
2219 0
2220 0
2221 0
2222 0
2223 0
2224 0
2225 0
2226 0
2227 0
2228 0
2229 0
2230 0
2231 0
2232 0
2233 0
2234 0
2235 0
2236 0
2237 0
2238 0
2239 0
2240 0
2241 0
2242 0
2243 0
2244 0
2245 0
2246 0
2247 0
2248 0
2249 0
2250 0
2251 0
2252 0
2253 0
2254 0
2255 0
2256 0
2257 0
2258 0
2259 0
2260 0
2261 0
2262 0
2263 0
2264 0
2265 0
2266 0
2267 0
2268 0
2269 0
2270 0
2271 0
2272 0
2273 0
2274 0
2275 0
2276 0
2277 0
2278 0
2279 0
2280 0
2281 0
2282 0
2283 0
2284 0
2285 0
2286 0
2287 0
2288 0
2289 0
2290 0
2291 0
2292 0
2293 0
2294 0
2295 0
2296 0
2297 0
2298 0
2299 1
2300 0
2301 0
2302 0
2303 0
2304 0
2305 0
2306 0
2307 0
2308 0
2309 0
2310 0
2311 0
2312 0
2313 0
2314 0
2315 0
2316 0
2317 0
2318 0
2319 0
2320 0
2321 0
2322 0
2323 0
2324 0
2325 0
2326 0
2327 0
2328 0
2329 0
2330 0
2331 0
2332 0
2333 0
2334 0
2335 0
2336 0
2337 0
2338 0
2339 0
2340 0
2341 0
2342 0
2343 0
2344 0
2345 0
2346 0
2347 0
2348 0
2349 0
2350 0
2351 0
2352 0
2353 0
2354 0
2355 0
2356 0
2357 0
2358 0
2359 0
2360 0
2361 0
2362 0
2363 0
2364 0
2365 0
2366 0
2367 0
2368 0
2369 0
2370 0
2371 0
2372 0
2373 0
2374 0
2375 0
2376 0
2377 0
2378 0
2379 0
2380 0
2381 0
2382 0
2383 0
2384 0
2385 0
2386 0
2387 0
2388 0
2389 0
2390 0
2391 0
2392 0
2393 0
2394 0
2395 0
2396 0
2397 0
2398 0
2399 0
2400 0
2401 0
2402 0
2403 0
2404 0
2405 0
2406 0
2407 0
2408 0
2409 0
2410 0
2411 0
2412 1
2413 0
2414 0
2415 0
2416 0
2417 0
2418 0
2419 0
2420 0
2421 0
2422 0
2423 0
2424 0
2425 0
2426 0
2427 0
2428 0
2429 0
2430 0
2431 0
2432 0
2433 0
2434 0
2435 0
2436 0
2437 0
2438 0
2439 0
2440 0
2441 0
2442 0
2443 0
2444 0
2445 0
2446 0
2447 0
2448 0
2449 0
2450 1
2451 0
2452 0
2453 0
2454 0
2455 0
2456 0
2457 0
2458 0
2459 0
2460 0
2461 0
2462 0
2463 0
2464 0
2465 0
2466 0
2467 0
2468 0
2469 0
2470 1
2471 0
2472 0
2473 0
2474 0
2475 0
2476 0
2477 0
2478 0
2479 0
2480 0
2481 0
2482 0
2483 0
2484 1
2485 0
2486 0
2487 0
2488 0
2489 0
2490 0
2491 0
2492 0
2493 0
2494 0
2495 0
2496 0
2497 0
2498 0
2499 0
2500 0
2501 0
2502 0
2503 0
2504 0
2505 0
2506 0
2507 0
2508 0
2509 0
2510 0
2511 0
2512 0
2513 0
2514 0
2515 0
2516 0
2517 0
2518 0
2519 0
2520 0
2521 0
2522 0
2523 0
2524 0
2525 0
2526 0
2527 0
2528 0
2529 0
2530 0
2531 0
2532 0
2533 0
2534 0
2535 0
2536 0
2537 0
2538 0
2539 0
2540 0
2541 0
2542 0
2543 0
2544 0
2545 0
2546 0
2547 0
2548 0
2549 0
2550 0
2551 0
2552 0
2553 0
2554 0
2555 0
2556 0
2557 0
2558 0
2559 0
2560 0
2561 0
2562 0
2563 0
2564 0
2565 0
2566 0
2567 0
2568 0
2569 0
2570 0
2571 0
2572 0
2573 0
2574 0
2575 0
2576 0
2577 0
2578 0
2579 0
2580 0
2581 0
2582 0
2583 0
2584 0
2585 0
2586 0
2587 0
2588 0
2589 0
2590 0
2591 0
2592 0
2593 0
2594 0
2595 0
2596 0
2597 0
2598 0
2599 0
2600 0
2601 0
2602 0
2603 0
2604 0
2605 0
2606 1
2607 0
2608 0
2609 0
2610 0
2611 0
2612 1
2613 0
2614 0
2615 0
2616 0
2617 0
2618 0
2619 0
2620 0
2621 0
2622 0
2623 0
2624 0
2625 0
2626 0
2627 0
2628 0
2629 0
2630 0
2631 0
2632 0
2633 0
2634 0
2635 0
2636 0
2637 0
2638 0
2639 0
2640 0
2641 0
2642 0
2643 0
2644 0
2645 0
2646 0
2647 0
2648 0
2649 0
2650 0
2651 0
2652 0
2653 0
2654 0
2655 0
2656 0
2657 0
2658 0
2659 0
2660 0
2661 0
2662 0
2663 0
2664 0
2665 0
2666 0
2667 0
2668 0
2669 0
2670 0
2671 0
2672 0
2673 0
2674 0
2675 0
2676 0
2677 0
2678 0
2679 0
2680 0
2681 0
2682 0
2683 0
2684 1
2685 0
2686 0
2687 0
2688 0
2689 0
2690 0
2691 0
2692 0
2693 0
2694 0
2695 0
2696 0
2697 0
2698 0
2699 0
2700 0
2701 0
2702 0
2703 0
2704 0
2705 0
2706 0
2707 0
2708 0
2709 0
2710 0
2711 1
2712 0
2713 0
2714 0
2715 0
2716 0
2717 0
2718 0
2719 0
2720 0
2721 0
2722 0
2723 0
2724 0
2725 0
2726 0
2727 0
2728 0
2729 0
2730 0
2731 0
2732 0
2733 0
2734 0
2735 0
2736 0
2737 0
2738 0
2739 0
2740 0
2741 0
2742 0
2743 0
2744 0
2745 0
2746 0
2747 0
2748 0
2749 0
2750 0
2751 0
2752 0
2753 0
2754 0
2755 0
2756 0
2757 0
2758 0
2759 0
2760 0
2761 0
2762 0
2763 0
2764 0
2765 0
2766 0
2767 0
2768 0
2769 0
2770 0
2771 0
2772 0
2773 0
2774 0
2775 0
2776 1
2777 0
2778 0
2779 0
2780 0
2781 0
2782 0
2783 0
2784 0
2785 0
2786 0
2787 1
2788 0
2789 0
2790 0
2791 0
2792 0
2793 0
2794 0
2795 0
2796 0
2797 0
2798 0
2799 0
2800 0
2801 0
2802 0
2803 0
2804 0
2805 0
2806 0
2807 0
2808 0
2809 0
2810 0
2811 0
2812 0
2813 0
2814 0
2815 0
2816 0
2817 0
2818 0
2819 0
2820 0
2821 0
2822 0
2823 0
2824 0
2825 0
2826 0
2827 0
2828 0
2829 0
2830 0
2831 0
2832 0
2833 0
2834 0
2835 0
2836 0
2837 0
2838 0
2839 0
2840 0
2841 0
2842 0
2843 0
2844 0
2845 0
2846 0
2847 0
2848 0
2849 0
2850 0
2851 0
2852 0
2853 0
2854 0
2855 0
2856 0
2857 0
2858 0
2859 0
2860 0
2861 0
2862 0
2863 0
2864 0
2865 0
2866 0
2867 0
2868 0
2869 0
2870 0
2871 0
2872 0
2873 0
2874 0
2875 0
2876 0
2877 0
2878 0
2879 0
2880 0
2881 0
2882 0
2883 0
2884 0
2885 0
2886 0
2887 0
2888 0
2889 0
2890 0
2891 0
2892 0
2893 0
2894 0
2895 0
2896 0
2897 0
2898 0
2899 0
2900 0
2901 0
2902 0
2903 0
2904 0
2905 0
2906 0
2907 0
2908 0
2909 0
2910 0
2911 0
2912 0
2913 0
2914 0
2915 0
2916 0
2917 0
2918 0
2919 0
2920 0
2921 0
2922 1
2923 0
2924 0
2925 0
2926 0
2927 0
2928 0
2929 0
2930 0
2931 0
2932 0
2933 0
2934 0
2935 0
2936 0
2937 0
2938 0
2939 0
2940 0
2941 0
2942 0
2943 0
2944 0
2945 0
2946 0
2947 0
2948 0
2949 0
2950 0
2951 0
2952 0
2953 0
2954 0
2955 0
2956 0
2957 0
2958 0
2959 0
2960 0
2961 0
2962 0
2963 0
2964 0
2965 0
2966 0
2967 0
2968 0
2969 0
2970 0
2971 0
2972 0
2973 0
2974 0
2975 0
2976 0
2977 0
2978 0
2979 0
2980 0
2981 0
2982 0
2983 1
2984 0
2985 0
2986 0
2987 0
2988 0
2989 0
2990 0
2991 0
2992 0
2993 0
2994 0
2995 0
2996 0
2997 0
2998 0
2999 0
3000 0
3001 0
3002 0
3003 0
3004 0
3005 0
3006 0
3007 0
3008 0
3009 0
3010 0
3011 0
3012 0
3013 0
3014 0
3015 0
3016 0
3017 0
3018 0
3019 0
3020 0
3021 0
3022 0
3023 0
3024 0
3025 0
3026 0
3027 0
3028 0
3029 0
3030 0
3031 0
3032 0
3033 0
3034 0
3035 0
3036 0
3037 0
3038 0
3039 0
3040 0
3041 0
3042 0
3043 0
3044 0
3045 0
3046 0
3047 0
3048 0
3049 0
3050 0
3051 0
3052 0
3053 0
3054 0
3055 0
3056 0
3057 0
3058 0
3059 0
3060 0
3061 0
3062 0
3063 0
3064 0
3065 0
3066 0
3067 0
3068 0
3069 0
3070 0
3071 0
3072 0
3073 0
3074 0
3075 0
3076 0
3077 0
3078 0
3079 0
3080 0
3081 0
3082 0
3083 0
3084 0
3085 0
3086 0
3087 0
3088 0
3089 0
3090 0
3091 0
3092 0
3093 0
3094 0
3095 0
3096 0
3097 0
3098 0
3099 0
3100 0
3101 0
3102 0
3103 0
3104 0
3105 0
3106 0
3107 0
3108 0
3109 0
3110 0
3111 0
3112 0
3113 0
3114 0
3115 0
3116 0
3117 0
3118 0
3119 0
3120 0
3121 0
3122 0
3123 0
3124 0
3125 0
3126 0
3127 0
3128 0
3129 0
3130 0
3131 0
3132 0
3133 0
3134 0
3135 0
3136 0
3137 0
3138 0
3139 0
3140 0
3141 0
3142 0
3143 0
3144 0
3145 0
3146 0
3147 0
3148 0
3149 0
3150 0
3151 0
3152 0
3153 0
3154 0
3155 0
3156 0
3157 0
3158 0
3159 0
3160 0
3161 0
3162 0
3163 0
3164 0
3165 0
3166 0
3167 0
3168 0
3169 0
3170 0
3171 0
3172 0
3173 0
3174 0
3175 0
3176 0
3177 0
3178 0
3179 0
3180 0
3181 1
3182 0
3183 0
3184 0
3185 0
3186 0
3187 0
3188 0
3189 0
3190 0
3191 0
3192 0
3193 1
3194 0
3195 0
3196 0
3197 0
3198 0
3199 0
3200 0
3201 0
3202 0
3203 0
3204 0
3205 0
3206 0
3207 0
3208 0
3209 1
3210 0
3211 0
3212 0
3213 0
3214 0
3215 0
3216 0
3217 0
3218 0
3219 0
3220 0
3221 0
3222 0
3223 0
3224 0
3225 1
3226 0
3227 0
3228 0
3229 0
3230 0
3231 0
3232 0
3233 0
3234 0
3235 0
3236 0
3237 0
3238 0
3239 1
3240 0
3241 0
3242 0
3243 0
3244 0
3245 0
3246 0
3247 0
3248 0
3249 0
3250 0
3251 0
3252 0
3253 0
3254 0
3255 0
3256 0
3257 0
3258 0
3259 0
3260 0
3261 0
3262 0
3263 0
3264 0
3265 0
3266 0
3267 0
3268 0
3269 0
3270 0
3271 0
3272 0
3273 0
3274 0
3275 0
3276 0
3277 0
3278 0
3279 1
3280 0
3281 0
3282 0
3283 0
3284 0
3285 0
3286 0
3287 0
3288 0
3289 0
3290 0
3291 0
3292 0
3293 0
3294 0
3295 0
3296 0
3297 0
3298 0
3299 0
3300 0
3301 0
3302 0
3303 0
3304 0
3305 0
3306 0
3307 0
3308 0
3309 0
3310 0
3311 0
3312 0
3313 0
3314 0
3315 0
3316 0
3317 0
3318 0
3319 0
3320 0
3321 0
3322 0
3323 0
3324 0
3325 0
3326 0
3327 1
3328 0
3329 0
3330 0
3331 0
3332 0
3333 0
3334 0
3335 0
3336 0
3337 0
3338 0
3339 0
3340 0
3341 0
3342 0
3343 0
3344 0
3345 0
3346 0
3347 0
3348 0
3349 0
3350 0
3351 0
3352 0
3353 0
3354 0
3355 0
3356 0
3357 0
3358 0
3359 0
3360 0
3361 0
3362 0
3363 0
3364 0
3365 0
3366 0
3367 0
3368 0
3369 0
3370 0
3371 0
3372 0
3373 0
3374 0
3375 0
3376 0
3377 0
3378 0
3379 0
3380 1
3381 0
3382 0
3383 0
3384 0
3385 0
3386 1
3387 0
3388 0
3389 0
3390 0
3391 0
3392 0
3393 0
3394 0
3395 0
3396 0
3397 0
3398 0
3399 0
3400 0
3401 0
3402 0
3403 0
3404 0
3405 0
3406 0
3407 0
3408 0
3409 0
3410 0
3411 0
3412 0
3413 0
3414 0
3415 0
3416 0
3417 0
3418 0
3419 0
3420 0
3421 0
3422 0
3423 0
3424 0
3425 0
3426 0
3427 0
3428 0
3429 0
3430 0
3431 0
3432 0
3433 0
3434 0
3435 0
3436 0
3437 0
3438 0
3439 0
3440 0
3441 0
3442 0
3443 0
3444 0
3445 0
3446 0
3447 0
3448 0
3449 0
3450 0
3451 0
3452 0
3453 0
3454 0
3455 0
3456 0
3457 0
3458 0
3459 0
3460 0
3461 0
3462 0
3463 0
3464 0
3465 0
3466 0
3467 0
3468 0
3469 0
3470 0
3471 0
3472 0
3473 0
3474 0
3475 0
3476 0
3477 0
3478 0
3479 0
3480 0
3481 0
3482 0
3483 0
3484 0
3485 0
3486 0
3487 0
3488 0
3489 0
3490 0
3491 0
3492 0
3493 0
3494 0
3495 0
3496 0
3497 0
3498 0
3499 0
3500 0
3501 0
3502 0
3503 0
3504 0
3505 0
3506 0
3507 0
3508 0
3509 0
3510 0
3511 0
3512 0
3513 0
3514 0
3515 0
3516 0
3517 0
3518 0
3519 0
3520 0
3521 0
3522 0
3523 0
3524 0
3525 0
3526 0
3527 0
3528 0
3529 0
3530 0
3531 0
3532 0
3533 0
3534 0
3535 0
3536 0
3537 0
3538 0
3539 0
3540 0
3541 0
3542 0
3543 0
3544 0
3545 0
3546 0
3547 0
3548 0
3549 0
3550 0
3551 0
3552 0
3553 0
3554 0
3555 0
3556 0
3557 0
3558 0
3559 0
3560 0
3561 0
3562 1
3563 0
3564 0
3565 0
3566 0
3567 0
3568 0
3569 0
3570 0
3571 0
3572 0
3573 0
3574 0
3575 0
3576 0
3577 0
3578 0
3579 0
3580 0
3581 0
3582 0
3583 0
3584 0
3585 0
3586 0
3587 0
3588 0
3589 0
3590 0
3591 0
3592 0
3593 0
3594 0
3595 0
3596 0
3597 0
3598 0
3599 0
3600 0
3601 0
3602 0
3603 0
3604 0
3605 0
3606 0
3607 0
3608 0
3609 1
3610 0
3611 0
3612 0
3613 0
3614 0
3615 0
3616 0
3617 0
3618 0
3619 0
3620 0
3621 0
3622 0
3623 0
3624 0
3625 0
3626 0
3627 0
3628 1
3629 0
3630 0
3631 0
3632 0
3633 0
3634 0
3635 0
3636 0
3637 0
3638 0
3639 0
3640 0
3641 0
3642 0
3643 0
3644 0
3645 0
3646 0
3647 0
3648 0
3649 0
3650 0
3651 0
3652 0
3653 0
3654 0
3655 0
3656 0
3657 0
3658 0
3659 0
3660 0
3661 0
3662 0
3663 0
3664 0
3665 0
3666 0
3667 0
3668 0
3669 0
3670 0
3671 0
3672 0
3673 0
3674 0
3675 0
3676 0
3677 0
3678 0
3679 0
3680 0
3681 0
3682 0
3683 0
3684 0
3685 0
3686 0
3687 0
3688 0
3689 0
3690 0
3691 0
3692 0
3693 0
3694 0
3695 0
3696 0
3697 0
3698 0
3699 0
3700 0
3701 0
3702 0
3703 0
3704 0
3705 0
3706 0
3707 0
3708 0
3709 0
3710 0
3711 0
3712 0
3713 0
3714 0
3715 0
3716 0
3717 0
3718 0
3719 0
3720 0
3721 0
3722 0
3723 0
3724 0
3725 0
3726 0
3727 0
3728 0
3729 0
3730 0
3731 0
3732 0
3733 0
3734 0
3735 0
3736 0
3737 0
3738 0
3739 0
3740 0
3741 0
3742 0
3743 0
3744 0
3745 0
3746 0
3747 0
3748 0
3749 0
3750 0
3751 0
3752 0
3753 0
3754 0
3755 0
3756 0
3757 0
3758 0
3759 0
3760 0
3761 0
3762 0
3763 0
3764 0
3765 0
3766 0
3767 0
3768 0
3769 0
3770 0
3771 0
3772 0
3773 0
3774 0
3775 0
3776 0
3777 0
3778 0
3779 0
3780 0
3781 0
3782 0
3783 0
3784 0
3785 0
3786 0
3787 0
3788 0
3789 0
3790 0
3791 0
3792 0
3793 0
3794 0
3795 0
3796 0
3797 0
3798 0
3799 0
3800 0
3801 0
3802 0
3803 0
3804 0
3805 0
3806 0
3807 0
3808 0
3809 0
3810 0
3811 0
3812 0
3813 0
3814 0
3815 0
3816 0
3817 0
3818 0
3819 0
3820 0
3821 0
3822 0
3823 0
3824 0
3825 0
3826 0
3827 0
3828 0
3829 0
3830 0
3831 0
3832 0
3833 0
3834 0
3835 0
3836 0
3837 0
3838 0
3839 0
3840 0
3841 0
3842 0
3843 0
3844 0
3845 0
3846 0
3847 0
3848 0
3849 0
3850 0
3851 0
3852 0
3853 0
3854 0
3855 0
3856 0
3857 0
3858 0
3859 0
3860 0
3861 0
3862 0
3863 0
3864 0
3865 0
3866 0
3867 1
3868 0
3869 0
3870 0
3871 0
3872 0
3873 0
3874 0
3875 0
3876 0
3877 0
3878 0
3879 0
3880 0
3881 0
3882 0
3883 0
3884 0
3885 0
3886 0
3887 0
3888 0
3889 0
3890 0
3891 0
3892 0
3893 0
3894 1
3895 0
3896 0
3897 0
3898 0
3899 0
3900 0
3901 0
3902 0
3903 0
3904 0
3905 0
3906 0
3907 0
3908 0
3909 0
3910 0
3911 0
3912 0
3913 0
3914 0
3915 0
3916 0
3917 0
3918 0
3919 0
3920 0
3921 0
3922 0
3923 0
3924 0
3925 0
3926 0
3927 0
3928 0
3929 0
3930 0
3931 0
3932 0
3933 0
3934 0
3935 0
3936 0
3937 0
3938 0
3939 0
3940 0
3941 0
3942 0
3943 0
3944 0
3945 0
3946 0
3947 0
3948 0
3949 0
3950 0
3951 0
3952 0
3953 0
3954 0
3955 0
3956 0
3957 0
3958 0
3959 0
3960 0
3961 0
3962 0
3963 0
3964 0
3965 0
3966 0
3967 0
3968 0
3969 0
3970 0
3971 0
3972 0
3973 0
3974 0
3975 0
3976 0
3977 0
3978 0
3979 0
3980 0
3981 0
3982 0
3983 0
3984 0
3985 0
3986 0
3987 0
3988 0
3989 0
3990 0
3991 0
3992 0
3993 0
3994 0
3995 0
3996 0
3997 0
3998 0
3999 0
4000 0
