0 0
1 0
2 0
3 0
4 0
5 0
6 0
7 0
8 0
9 0
10 0
11 0
12 0
13 0
14 0
15 0
16 0
17 0
18 0
19 0
20 0
21 0
22 0
23 0
24 0
25 0
26 0
27 0
28 0
29 0
30 0
31 0
32 0
33 0
34 0
35 0
36 0
37 0
38 0
39 0
40 0
41 0
42 0
43 0
44 0
45 0
46 0
47 0
48 0
49 0
50 0
51 0
52 0
53 0
54 0
55 0
56 0
57 0
58 0
59 0
60 0
61 0
62 0
63 0
64 0
65 0
66 0
67 0
68 0
69 0
70 0
71 0
72 0
73 0
74 0
75 0
76 0
77 0
78 0
79 0
80 0
81 0
82 0
83 0
84 0
85 0
86 13
87 35
88 22
89 23
90 18
91 17
92 20
93 18
94 27
95 20
96 36
97 26
98 23
99 20
100 14
101 14
102 14
103 9
104 12
105 11
106 11
107 7
108 18
109 15
110 24
111 142
112 790
113 2685
114 5553
115 8469
116 10738
117 11814
118 12304
119 11903
120 11267
121 10344
122 9353
123 8022
124 7090
125 6023
126 5234
127 4443
128 3717
129 3092
130 2716
131 2292
132 1990
133 1750
134 1550
135 1389
136 1242
137 1245
138 1160
139 1050
140 993
141 1007
142 987
143 1006
144 998
145 1004
146 1063
147 1027
148 942
149 1009
150 1009
151 965
152 965
153 991
154 945
155 976
156 967
157 934
158 935
159 898
160 918
161 951
162 952
163 917
164 932
165 987
166 890
167 977
168 955
169 1001
170 935
171 971
172 971
173 992
174 960
175 933
176 966
177 993
178 986
179 975
180 938
181 993
182 1024
183 1001
184 992
185 994
186 1051
187 1013
188 1057
189 1029
190 999
191 1059
192 993
193 1049
194 1012
195 1018
196 1015
197 982
198 1025
199 1036
200 1023
201 1021
202 1005
203 980
204 1078
205 1034
206 1032
207 1058
208 1059
209 1032
210 1102
211 1051
212 1016
213 1069
214 1087
215 1045
216 1080
217 1046
218 1072
219 1052
220 1057
221 1035
222 1071
223 1004
224 1110
225 1035
226 1013
227 1058
228 1062
229 1090
230 1045
231 1044
232 1108
233 1081
234 1048
235 1049
236 1094
237 1134
238 1075
239 1081
240 1112
241 1117
242 1094
243 1109
244 1061
245 1106
246 1127
247 1178
248 1075
249 1144
250 1077
251 1020
252 1117
253 1052
254 1088
255 1076
256 1097
257 1104
258 1137
259 1111
260 1066
261 1041
262 1103
263 1072
264 1112
265 1019
266 1115
267 1165
268 1104
269 1151
270 1111
271 1097
272 1077
273 1104
274 1149
275 1132
276 1111
277 1118
278 1187
279 1104
280 1171
281 1144
282 1153
283 1133
284 1112
285 1121
286 1241
287 1121
288 1160
289 1198
290 1153
291 1186
292 1194
293 1253
294 1177
295 1204
296 1164
297 1269
298 1178
299 1197
300 1206
301 1232
302 1262
303 1185
304 1197
305 1241
306 1250
307 1211
308 1264
309 1306
310 1253
311 1209
312 1334
313 1255
314 1328
315 1270
316 1248
317 1372
318 1268
319 1269
320 1320
321 1299
322 1241
323 1357
324 1294
325 1337
326 1331
327 1296
328 1356
329 1352
330 1344
331 1322
332 1388
333 1352
334 1426
335 1402
336 1462
337 1389
338 1402
339 1417
340 1385
341 1442
342 1467
343 1421
344 1433
345 1500
346 1495
347 1483
348 1477
349 1482
350 1523
351 1518
352 1541
353 1525
354 1477
355 1490
356 1446
357 1537
358 1574
359 1574
360 1511
361 1545
362 1542
363 1549
364 1551
365 1611
366 1623
367 1550
368 1655
369 1635
370 1579
371 1643
372 1614
373 1574
374 1795
375 1624
376 1654
377 1702
378 1644
379 1683
380 1645
381 1660
382 1657
383 1663
384 1663
385 1753
386 1726
387 1732
388 1816
389 1694
390 1736
391 1784
392 1734
393 1767
394 1784
395 1707
396 1852
397 1728
398 1820
399 1795
400 1862
401 1825
402 1734
403 1806
404 1859
405 1763
406 1843
407 1771
408 1802
409 1883
410 1790
411 1844
412 1881
413 1801
414 1885
415 1915
416 1956
417 1865
418 1991
419 1818
420 1905
421 1913
422 1922
423 1894
424 1903
425 1903
426 1892
427 1901
428 1927
429 1887
430 1928
431 1879
432 1898
433 1902
434 1893
435 1939
436 1933
437 1848
438 1935
439 1876
440 1914
441 1963
442 1890
443 1818
444 1872
445 1951
446 1868
447 1991
448 1951
449 1978
450 1918
451 1928
452 1904
453 1933
454 1890
455 1943
456 1875
457 1895
458 1967
459 1931
460 1917
461 1983
462 1953
463 1898
464 1921
465 1961
466 1797
467 1926
468 1945
469 1956
470 1787
471 1859
472 1903
473 1880
474 1974
475 1931
476 1890
477 1945
478 1874
479 1878
480 1839
481 1720
482 1832
483 1797
484 1806
485 1802
486 1778
487 1900
488 1764
489 1792
490 1850
491 1798
492 1833
493 1726
494 1801
495 1776
496 1772
497 1789
498 1814
499 1745
500 1722
501 1784
502 1740
503 1726
504 1780
505 1760
506 1807
507 1663
508 1766
509 1770
510 1712
511 1685
512 1705
513 1700
514 1677
515 1630
516 1594
517 1598
518 1658
519 1638
520 1559
521 1671
522 1622
523 1578
524 1553
525 1546
526 1537
527 1575
528 1572
529 1583
530 1523
531 1589
532 1469
533 1571
534 1552
535 1514
536 1473
537 1543
538 1517
539 1485
540 1409
541 1452
542 1449
543 1436
544 1415
545 1431
546 1458
547 1497
548 1282
549 1392
550 1365
551 1375
552 1314
553 1346
554 1409
555 1284
556 1347
557 1331
558 1320
559 1355
560 1349
561 1223
562 1332
563 1346
564 1225
565 1203
566 1278
567 1239
568 1201
569 1192
570 1268
571 1185
572 1199
573 1237
574 1201
575 1218
576 1172
577 1202
578 1151
579 1178
580 1158
581 1193
582 1154
583 1082
584 1085
585 1137
586 1136
587 1031
588 1075
589 1155
590 1102
591 1097
592 1067
593 1024
594 1032
595 1005
596 1020
597 959
598 1005
599 990
600 937
601 970
602 913
603 953
604 953
605 986
606 922
607 894
608 890
609 929
610 897
611 918
612 888
613 837
614 830
615 864
616 865
617 854
618 842
619 819
620 828
621 799
622 833
623 803
624 763
625 805
626 841
627 801
628 762
629 785
630 757
631 723
632 757
633 788
634 727
635 752
636 736
637 735
638 718
639 721
640 737
641 661
642 670
643 724
644 654
645 650
646 686
647 652
648 621
649 678
650 643
651 629
652 629
653 635
654 610
655 589
656 634
657 621
658 576
659 579
660 575
661 593
662 595
663 550
664 559
665 553
666 561
667 560
668 535
669 533
670 538
671 527
672 526
673 518
674 515
675 515
676 520
677 504
678 524
679 447
680 487
681 483
682 467
683 506
684 441
685 470
686 426
687 463
688 493
689 464
690 468
691 426
692 433
693 430
694 451
695 425
696 421
697 396
698 416
699 409
700 395
701 419
702 392
703 373
704 403
705 401
706 396
707 409
708 419
709 390
710 361
711 393
712 382
713 366
714 387
715 414
716 396
717 404
718 367
719 371
720 341
721 374
722 365
723 316
724 331
725 312
726 363
727 343
728 307
729 319
730 338
731 319
732 314
733 331
734 307
735 332
736 331
737 293
738 306
739 301
740 310
741 329
742 350
743 310
744 300
745 294
746 310
747 285
748 281
749 292
750 294
751 266
752 298
753 248
754 293
755 256
756 268
757 317
758 287
759 266
760 288
761 284
762 271
763 261
764 270
765 275
766 281
767 321
768 285
769 264
770 269
771 251
772 286
773 270
774 241
775 263
776 281
777 239
778 260
779 272
780 262
781 213
782 272
783 273
784 259
785 258
786 268
787 223
788 237
789 251
790 244
791 263
792 226
793 235
794 248
795 227
796 247
797 223
798 214
799 211
800 222
801 241
802 240
803 233
804 239
805 244
806 229
807 237
808 224
809 229
810 216
811 238
812 241
813 230
814 213
815 201
816 209
817 229
818 219
819 219
820 219
821 215
822 238
823 223
824 216
825 217
826 205
827 226
828 240
829 205
830 195
831 210
832 211
833 212
834 209
835 224
836 203
837 211
838 200
839 205
840 218
841 226
842 219
843 227
844 243
845 191
846 212
847 217
848 209
849 195
850 203
851 208
852 197
853 212
854 212
855 187
856 215
857 234
858 196
859 197
860 209
861 223
862 216
863 193
864 206
865 193
866 205
867 207
868 214
869 227
870 216
871 189
872 235
873 186
874 181
875 200
876 204
877 204
878 188
879 182
880 210
881 239
882 181
883 205
884 199
885 204
886 206
887 195
888 192
889 204
890 177
891 225
892 180
893 191
894 161
895 212
896 183
897 170
898 192
899 204
900 206
901 217
902 204
903 206
904 199
905 199
906 206
907 173
908 199
909 194
910 215
911 206
912 208
913 197
914 191
915 205
916 192
917 204
918 185
919 194
920 209
921 195
922 192
923 200
924 182
925 211
926 200
927 186
928 204
929 192
930 186
931 186
932 185
933 188
934 201
935 188
936 210
937 188
938 200
939 214
940 207
941 197
942 214
943 189
944 187
945 200
946 194
947 200
948 192
949 202
950 214
951 191
952 193
953 202
954 191
955 204
956 190
957 181
958 215
959 191
960 195
961 206
962 178
963 196
964 190
965 161
966 199
967 192
968 194
969 186
970 191
971 181
972 216
973 213
974 194
975 191
976 189
977 184
978 189
979 186
980 179
981 199
982 154
983 195
984 211
985 196
986 207
987 207
988 205
989 186
990 199
991 200
992 191
993 202
994 210
995 211
996 161
997 194
998 227
999 210
1000 178
1001 189
1002 206
1003 190
1004 196
1005 192
1006 215
1007 198
1008 195
1009 191
1010 183
1011 216
1012 208
1013 194
1014 201
1015 195
1016 173
1017 195
1018 175
1019 193
1020 206
1021 228
1022 182
1023 199
1024 166
1025 184
1026 189
1027 180
1028 193
1029 201
1030 202
1031 184
1032 197
1033 222
1034 181
1035 194
1036 162
1037 194
1038 168
1039 200
1040 190
1041 180
1042 178
1043 183
1044 186
1045 181
1046 219
1047 202
1048 221
1049 186
1050 181
1051 182
1052 197
1053 191
1054 187
1055 213
1056 191
1057 192
1058 201
1059 158
1060 208
1061 161
1062 174
1063 211
1064 206
1065 192
1066 180
1067 186
1068 189
1069 189
1070 193
1071 207
1072 200
1073 205
1074 179
1075 201
1076 194
1077 207
1078 195
1079 205
1080 200
1081 212
1082 183
1083 199
1084 210
1085 195
1086 196
1087 188
1088 186
1089 203
1090 199
1091 171
1092 196
1093 206
1094 198
1095 204
1096 168
1097 170
1098 194
1099 212
1100 188
1101 199
1102 196
1103 210
1104 175
1105 191
1106 199
1107 196
1108 183
1109 206
1110 199
1111 182
1112 174
1113 189
1114 186
1115 199
1116 211
1117 196
1118 186
1119 191
1120 172
1121 184
1122 194
1123 220
1124 184
1125 183
1126 187
1127 158
1128 177
1129 170
1130 171
1131 189
1132 191
1133 186
1134 180
1135 179
1136 186
1137 169
1138 196
1139 205
1140 178
1141 173
1142 184
1143 193
1144 179
1145 184
1146 178
1147 188
1148 204
1149 155
1150 169
1151 168
1152 167
1153 165
1154 164
1155 197
1156 177
1157 175
1158 189
1159 162
1160 190
1161 190
1162 193
1163 185
1164 196
1165 172
1166 174
1167 190
1168 180
1169 176
1170 173
1171 172
1172 151
1173 152
1174 190
1175 160
1176 168
1177 183
1178 172
1179 173
1180 175
1181 154
1182 182
1183 161
1184 162
1185 163
1186 163
1187 164
1188 174
1189 165
1190 166
1191 172
1192 173
1193 159
1194 156
1195 168
1196 165
1197 168
1198 147
1199 155
1200 174
1201 165
1202 168
1203 197
1204 173
1205 156
1206 170
1207 165
1208 185
1209 155
1210 169
1211 158
1212 165
1213 171
1214 144
1215 152
1216 155
1217 143
1218 145
1219 153
1220 152
1221 180
1222 166
1223 159
1224 166
1225 171
1226 162
1227 145
1228 179
1229 150
1230 193
1231 138
1232 153
1233 145
1234 149
1235 159
1236 152
1237 151
1238 127
1239 132
1240 149
1241 157
1242 130
1243 152
1244 141
1245 153
1246 147
1247 139
1248 161
1249 155
1250 158
1251 126
1252 164
1253 137
1254 144
1255 146
1256 160
1257 155
1258 113
1259 135
1260 138
1261 162
1262 122
1263 136
1264 141
1265 135
1266 129
1267 135
1268 121
1269 117
1270 131
1271 130
1272 120
1273 131
1274 152
1275 132
1276 138
1277 126
1278 136
1279 126
1280 127
1281 146
1282 122
1283 126
1284 136
1285 151
1286 130
1287 131
1288 144
1289 128
1290 157
1291 141
1292 125
1293 114
1294 117
1295 137
1296 130
1297 109
1298 114
1299 111
1300 133
1301 125
1302 151
1303 115
1304 148
1305 121
1306 142
1307 126
1308 129
1309 109
1310 116
1311 127
1312 138
1313 125
1314 150
1315 99
1316 111
1317 137
1318 105
1319 126
1320 115
1321 110
1322 107
1323 123
1324 122
1325 115
1326 112
1327 125
1328 123
1329 111
1330 113
1331 118
1332 106
1333 99
1334 102
1335 109
1336 124
1337 115
1338 103
1339 107
1340 96
1341 102
1342 109
1343 127
1344 106
1345 124
1346 114
1347 115
1348 111
1349 115
1350 97
1351 95
1352 120
1353 131
1354 101
1355 113
1356 106
1357 96
1358 102
1359 105
1360 103
1361 108
1362 77
1363 100
1364 98
1365 97
1366 117
1367 97
1368 86
1369 96
1370 92
1371 88
1372 107
1373 80
1374 104
1375 98
1376 85
1377 102
1378 80
1379 111
1380 95
1381 94
1382 89
1383 84
1384 89
1385 90
1386 85
1387 100
1388 85
1389 106
1390 84
1391 93
1392 78
1393 81
1394 99
1395 67
1396 90
1397 76
1398 92
1399 93
1400 82
1401 76
1402 80
1403 77
1404 101
1405 80
1406 77
1407 90
1408 83
1409 84
1410 74
1411 99
1412 89
1413 96
1414 76
1415 91
1416 93
1417 83
1418 84
1419 73
1420 70
1421 86
1422 70
1423 85
1424 85
1425 78
1426 76
1427 72
1428 89
1429 99
1430 67
1431 81
1432 84
1433 85
1434 74
1435 69
1436 61
1437 63
1438 93
1439 70
1440 71
1441 72
1442 72
1443 91
1444 76
1445 67
1446 66
1447 69
1448 84
1449 62
1450 72
1451 66
1452 68
1453 61
1454 71
1455 65
1456 70
1457 71
1458 71
1459 50
1460 72
1461 72
1462 65
1463 69
1464 72
1465 76
1466 56
1467 58
1468 60
1469 70
1470 55
1471 51
1472 65
1473 68
1474 62
1475 65
1476 58
1477 66
1478 70
1479 60
1480 54
1481 66
1482 70
1483 56
1484 66
1485 62
1486 62
1487 61
1488 65
1489 44
1490 59
1491 63
1492 49
1493 67
1494 54
1495 61
1496 53
1497 66
1498 74
1499 43
1500 66
1501 55
1502 53
1503 55
1504 59
1505 68
1506 57
1507 67
1508 78
1509 54
1510 59
1511 57
1512 66
1513 46
1514 50
1515 61
1516 50
1517 59
1518 54
1519 62
1520 50
1521 48
1522 51
1523 56
1524 64
1525 44
1526 53
1527 45
1528 68
1529 41
1530 46
1531 54
1532 49
1533 39
1534 43
1535 55
1536 58
1537 43
1538 42
1539 54
1540 54
1541 47
1542 47
1543 55
1544 56
1545 47
1546 45
1547 53
1548 36
1549 39
1550 42
1551 52
1552 37
1553 47
1554 54
1555 53
1556 55
1557 44
1558 57
1559 44
1560 50
1561 34
1562 60
1563 34
1564 31
1565 49
1566 28
1567 46
1568 48
1569 37
1570 48
1571 37
1572 42
1573 40
1574 37
1575 33
1576 54
1577 30
1578 60
1579 36
1580 37
1581 40
1582 39
1583 32
1584 44
1585 36
1586 40
1587 45
1588 48
1589 48
1590 39
1591 42
1592 33
1593 29
1594 35
1595 38
1596 36
1597 41
1598 49
1599 39
1600 41
1601 39
1602 45
1603 36
1604 42
1605 42
1606 30
1607 28
1608 46
1609 42
1610 41
1611 35
1612 47
1613 35
1614 37
1615 37
1616 39
1617 23
1618 29
1619 28
1620 37
1621 31
1622 28
1623 47
1624 37
1625 26
1626 30
1627 37
1628 35
1629 35
1630 42
1631 34
1632 34
1633 33
1634 29
1635 39
1636 32
1637 27
1638 28
1639 31
1640 34
1641 27
1642 21
1643 35
1644 30
1645 26
1646 32
1647 31
1648 32
1649 31
1650 31
1651 19
1652 29
1653 32
1654 27
1655 27
1656 23
1657 26
1658 44
1659 25
1660 23
1661 34
1662 22
1663 37
1664 19
1665 23
1666 28
1667 26
1668 32
1669 33
1670 25
1671 28
1672 26
1673 21
1674 29
1675 28
1676 22
1677 28
1678 22
1679 20
1680 24
1681 29
1682 26
1683 23
1684 27
1685 25
1686 27
1687 34
1688 19
1689 17
1690 16
1691 29
1692 26
1693 19
1694 24
1695 25
1696 15
1697 23
1698 38
1699 22
1700 16
1701 29
1702 32
1703 21
1704 12
1705 19
1706 25
1707 22
1708 16
1709 30
1710 35
1711 20
1712 18
1713 20
1714 25
1715 15
1716 24
1717 13
1718 32
1719 21
1720 15
1721 13
1722 18
1723 19
1724 27
1725 25
1726 16
1727 25
1728 13
1729 15
1730 26
1731 13
1732 15
1733 19
1734 20
1735 26
1736 25
1737 26
1738 18
1739 20
1740 15
1741 21
1742 19
1743 22
1744 18
1745 27
1746 12
1747 15
1748 18
1749 15
1750 17
1751 23
1752 13
1753 19
1754 14
1755 16
1756 12
1757 8
1758 19
1759 17
1760 18
1761 15
1762 12
1763 14
1764 14
1765 13
1766 14
1767 14
1768 13
1769 14
1770 15
1771 18
1772 12
1773 23
1774 12
1775 10
1776 10
1777 7
1778 9
1779 17
1780 13
1781 16
1782 19
1783 10
1784 5
1785 19
1786 9
1787 9
1788 14
1789 12
1790 12
1791 13
1792 9
1793 16
1794 17
1795 7
1796 19
1797 8
1798 15
1799 11
1800 8
1801 11
1802 12
1803 12
1804 12
1805 13
1806 11
1807 12
1808 14
1809 10
1810 10
1811 13
1812 9
1813 9
1814 12
1815 11
1816 12
1817 10
1818 14
1819 11
1820 16
1821 13
1822 11
1823 10
1824 10
1825 9
1826 15
1827 10
1828 11
1829 12
1830 6
1831 13
1832 12
1833 16
1834 13
1835 11
1836 9
1837 7
1838 9
1839 9
1840 7
1841 6
1842 13
1843 10
1844 12
1845 13
1846 13
1847 7
1848 13
1849 7
1850 7
1851 10
1852 10
1853 11
1854 13
1855 5
1856 2
1857 6
1858 9
1859 14
1860 10
1861 8
1862 12
1863 7
1864 6
1865 11
1866 9
1867 8
1868 11
1869 3
1870 2
1871 9
1872 8
1873 7
1874 2
1875 10
1876 15
1877 5
1878 6
1879 8
1880 9
1881 5
1882 8
1883 5
1884 7
1885 5
1886 10
1887 2
1888 6
1889 4
1890 7
1891 8
1892 7
1893 10
1894 3
1895 8
1896 10
1897 6
1898 1
1899 12
1900 6
1901 7
1902 4
1903 9
1904 4
1905 5
1906 12
1907 8
1908 1
1909 8
1910 7
1911 2
1912 6
1913 2
1914 7
1915 3
1916 16
1917 8
1918 1
1919 3
1920 8
1921 11
1922 3
1923 5
1924 4
1925 5
1926 2
1927 4
1928 5
1929 5
1930 5
1931 4
1932 5
1933 3
1934 1
1935 7
1936 3
1937 4
1938 7
1939 7
1940 6
1941 3
1942 3
1943 3
1944 5
1945 2
1946 5
1947 3
1948 3
1949 5
1950 6
1951 3
1952 4
1953 3
1954 5
1955 2
1956 5
1957 1
1958 6
1959 5
1960 1
1961 2
1962 4
1963 4
1964 3
1965 5
1966 3
1967 3
1968 3
1969 4
1970 3
1971 3
1972 0
1973 3
1974 3
1975 2
1976 1
1977 5
1978 6
1979 4
1980 2
1981 5
1982 3
1983 3
1984 3
1985 4
1986 1
1987 5
1988 0
1989 2
1990 2
1991 6
1992 4
1993 3
1994 2
1995 1
1996 1
1997 4
1998 5
1999 6
2000 3
2001 2
2002 6
2003 2
2004 2
2005 3
2006 5
2007 2
2008 2
2009 5
2010 0
2011 6
2012 2
2013 0
2014 2
2015 4
2016 3
2017 2
2018 2
2019 2
2020 0
2021 1
2022 2
2023 4
2024 2
2025 2
2026 1
2027 2
2028 1
2029 1
2030 3
2031 0
2032 2
2033 4
2034 4
2035 4
2036 2
2037 3
2038 1
2039 5
2040 1
2041 1
2042 1
2043 4
2044 1
2045 2
2046 3
2047 3
2048 3
2049 2
2050 2
2051 3
2052 2
2053 0
2054 0
2055 2
2056 1
2057 1
2058 5
2059 3
2060 1
2061 2
2062 0
2063 0
2064 4
2065 1
2066 2
2067 0
2068 1
2069 1
2070 2
2071 1
2072 1
2073 2
2074 1
2075 2
2076 1
2077 3
2078 1
2079 2
2080 1
2081 2
2082 1
2083 3
2084 0
2085 0
2086 0
2087 0
2088 3
2089 2
2090 0
2091 0
2092 1
2093 0
2094 1
2095 0
2096 2
2097 1
2098 0
2099 1
2100 0
2101 1
2102 1
2103 0
2104 0
2105 7
2106 2
2107 2
2108 0
2109 0
2110 0
2111 2
2112 0
2113 1
2114 0
2115 0
2116 2
2117 1
2118 0
2119 1
2120 1
2121 1
2122 1
2123 1
2124 0
2125 3
2126 3
2127 0
2128 0
2129 1
2130 0
2131 0
2132 0
2133 1
2134 1
2135 0
2136 2
2137 0
2138 0
2139 0
2140 1
2141 0
2142 0
2143 1
2144 1
2145 0
2146 0
2147 1
2148 1
2149 2
2150 0
2151 2
2152 2
2153 0
2154 1
2155 1
2156 0
2157 3
2158 0
2159 1
2160 0
2161 1
2162 2
2163 0
2164 0
2165 0
2166 0
2167 1
2168 0
2169 1
2170 0
2171 3
2172 0
2173 0
2174 1
2175 0
2176 1
2177 1
2178 0
2179 1
2180 2
2181 0
2182 0
2183 0
2184 0
2185 0
2186 0
2187 2
2188 0
2189 0
2190 1
2191 0
2192 1
2193 0
2194 0
2195 0
2196 1
2197 0
2198 0
2199 0
2200 0
2201 0
2202 0
2203 0
2204 0
2205 0
2206 0
2207 0
2208 2
2209 1
2210 1
2211 1
2212 0
2213 1
2214 0
2215 0
2216 1
2217 1
2218 0
2219 0
2220 0
2221 0
2222 0
2223 0
2224 1
2225 0
2226 0
2227 0
2228 1
2229 0
2230 0
2231 0
2232 0
2233 0
2234 1
2235 1
2236 0
2237 0
2238 1
2239 0
2240 0
2241 1
2242 0
2243 0
2244 0
2245 0
2246 0
2247 0
2248 0
2249 0
2250 2
2251 0
2252 1
2253 0
2254 1
2255 0
2256 0
2257 1
2258 0
2259 1
2260 0
2261 0
2262 0
2263 0
2264 0
2265 0
2266 0
2267 0
2268 1
2269 1
2270 0
2271 0
2272 0
2273 0
2274 1
2275 0
2276 1
2277 0
2278 0
2279 0
2280 0
2281 0
2282 0
2283 0
2284 0
2285 0
2286 0
2287 0
2288 0
2289 0
2290 0
2291 0
2292 0
2293 1
2294 0
2295 0
2296 0
2297 0
2298 0
2299 0
2300 0
2301 0
2302 0
2303 0
2304 1
2305 0
2306 0
2307 0
2308 0
2309 0
2310 0
2311 0
2312 0
2313 0
2314 1
2315 0
2316 0
2317 0
2318 1
2319 0
2320 0
2321 1
2322 0
2323 0
2324 0
2325 0
2326 0
2327 0
2328 0
2329 0
2330 0
2331 0
2332 0
2333 0
2334 0
2335 0
2336 0
2337 0
2338 0
2339 0
2340 0
2341 0
2342 0
2343 0
2344 0
2345 0
2346 0
2347 0
2348 0
2349 1
2350 0
2351 0
2352 0
2353 0
2354 0
2355 0
2356 0
2357 0
2358 1
2359 0
2360 0
2361 0
2362 0
2363 0
2364 0
2365 0
2366 1
2367 0
2368 0
2369 0
2370 0
2371 0
2372 0
2373 0
2374 0
2375 0
2376 0
2377 0
2378 0
2379 0
2380 0
2381 0
2382 0
2383 0
2384 0
2385 0
2386 0
2387 0
2388 0
2389 0
2390 0
2391 0
2392 0
2393 0
2394 0
2395 0
2396 0
2397 0
2398 0
2399 1
2400 0
2401 0
2402 0
2403 0
2404 0
2405 0
2406 0
2407 0
2408 0
2409 0
2410 0
2411 0
2412 0
2413 0
2414 0
2415 0
2416 0
2417 0
2418 0
2419 0
2420 0
2421 0
2422 1
2423 0
2424 0
2425 0
2426 0
2427 0
2428 1
2429 1
2430 0
2431 0
2432 0
2433 0
2434 0
2435 0
2436 0
2437 0
2438 0
2439 0
2440 0
2441 0
2442 0
2443 0
2444 0
2445 0
2446 0
2447 0
2448 0
2449 0
2450 0
2451 0
2452 0
2453 0
2454 0
2455 0
2456 0
2457 0
2458 0
2459 0
2460 0
2461 0
2462 0
2463 0
2464 0
2465 0
2466 0
2467 0
2468 0
2469 0
2470 0
2471 0
2472 0
2473 0
2474 0
2475 0
2476 0
2477 0
2478 0
2479 0
2480 0
2481 0
2482 0
2483 0
2484 0
2485 0
2486 0
2487 0
2488 0
2489 0
2490 0
2491 0
2492 0
2493 0
2494 0
2495 0
2496 0
2497 0
2498 0
2499 0
2500 0
2501 0
2502 0
2503 0
2504 0
2505 0
2506 0
2507 0
2508 0
2509 0
2510 0
2511 0
2512 0
2513 0
2514 0
2515 0
2516 0
2517 0
2518 0
2519 0
2520 0
2521 0
2522 0
2523 0
2524 1
2525 0
2526 0
2527 0
2528 0
2529 0
2530 0
2531 0
2532 0
2533 0
2534 0
2535 0
2536 0
2537 0
2538 0
2539 0
2540 0
2541 0
2542 0
2543 0
2544 0
2545 1
2546 0
2547 1
2548 0
2549 0
2550 0
2551 0
2552 0
2553 0
2554 0
2555 0
2556 0
2557 0
2558 0
2559 0
2560 0
2561 0
2562 0
2563 0
2564 0
2565 0
2566 0
2567 0
2568 0
2569 0
2570 0
2571 0
2572 0
2573 0
2574 0
2575 0
2576 0
2577 0
2578 0
2579 0
2580 0
2581 0
2582 0
2583 0
2584 0
2585 0
2586 0
2587 0
2588 0
2589 0
2590 0
2591 0
2592 1
2593 0
2594 0
2595 0
2596 0
2597 0
2598 0
2599 0
2600 0
2601 0
2602 0
2603 0
2604 0
2605 0
2606 0
2607 0
2608 0
2609 0
2610 0
2611 0
2612 0
2613 0
2614 0
2615 0
2616 0
2617 0
2618 0
2619 0
2620 0
2621 0
2622 0
2623 0
2624 0
2625 0
2626 0
2627 0
2628 0
2629 0
2630 0
2631 0
2632 0
2633 0
2634 0
2635 0
2636 0
2637 0
2638 0
2639 0
2640 0
2641 0
2642 0
2643 0
2644 0
2645 0
2646 0
2647 0
2648 0
2649 0
2650 0
2651 0
2652 0
2653 0
2654 0
2655 0
2656 0
2657 1
2658 0
2659 0
2660 0
2661 0
2662 0
2663 0
2664 0
2665 0
2666 0
2667 0
2668 0
2669 0
2670 0
2671 0
2672 0
2673 0
2674 0
2675 0
2676 0
2677 0
2678 0
2679 0
2680 0
2681 0
2682 0
2683 0
2684 0
2685 0
2686 0
2687 0
2688 0
2689 0
2690 0
2691 0
2692 0
2693 0
2694 0
2695 0
2696 0
2697 0
2698 0
2699 0
2700 0
2701 1
2702 0
2703 0
2704 0
2705 0
2706 0
2707 0
2708 0
2709 0
2710 0
2711 0
2712 0
2713 0
2714 0
2715 0
2716 0
2717 0
2718 0
2719 0
2720 0
2721 0
2722 0
2723 0
2724 0
2725 0
2726 0
2727 0
2728 0
2729 0
2730 0
2731 0
2732 0
2733 0
2734 0
2735 0
2736 0
2737 0
2738 0
2739 0
2740 0
2741 0
2742 0
2743 0
2744 0
2745 0
2746 0
2747 0
2748 0
2749 0
2750 0
2751 0
2752 0
2753 0
2754 0
2755 0
2756 0
2757 0
2758 0
2759 0
2760 0
2761 0
2762 0
2763 0
2764 0
2765 0
2766 0
2767 0
2768 0
2769 0
2770 0
2771 0
2772 0
2773 0
2774 0
2775 0
2776 0
2777 0
2778 0
2779 0
2780 0
2781 0
2782 0
2783 0
2784 0
2785 0
2786 0
2787 0
2788 0
2789 0
2790 0
2791 0
2792 0
2793 0
2794 0
2795 0
2796 0
2797 0
2798 0
2799 0
2800 0
2801 0
2802 0
2803 0
2804 0
2805 0
2806 0
2807 0
2808 0
2809 0
2810 0
2811 0
2812 0
2813 0
2814 0
2815 0
2816 0
2817 0
2818 0
2819 0
2820 0
2821 0
2822 0
2823 0
2824 0
2825 0
2826 0
2827 0
2828 0
2829 0
2830 0
2831 0
2832 0
2833 0
2834 0
2835 0
2836 0
2837 1
2838 0
2839 1
2840 0
2841 0
2842 0
2843 0
2844 0
2845 0
2846 0
2847 0
2848 0
2849 0
2850 0
2851 0
2852 0
2853 0
2854 0
2855 0
2856 0
2857 0
2858 0
2859 0
2860 0
2861 0
2862 0
2863 0
2864 0
2865 0
2866 0
2867 0
2868 0
2869 0
2870 0
2871 0
2872 0
2873 0
2874 0
2875 0
2876 0
2877 1
2878 0
2879 0
2880 0
2881 0
2882 0
2883 0
2884 0
2885 0
2886 0
2887 0
2888 0
2889 0
2890 0
2891 0
2892 0
2893 0
2894 0
2895 0
2896 0
2897 0
2898 0
2899 0
2900 0
2901 0
2902 0
2903 0
2904 0
2905 0
2906 0
2907 0
2908 0
2909 0
2910 0
2911 0
2912 0
2913 0
2914 0
2915 0
2916 0
2917 0
2918 0
2919 0
2920 0
2921 0
2922 0
2923 0
2924 0
2925 0
2926 0
2927 0
2928 0
2929 0
2930 0
2931 0
2932 0
2933 0
2934 0
2935 0
2936 0
2937 0
2938 0
2939 0
2940 0
2941 0
2942 0
2943 0
2944 0
2945 0
2946 0
2947 0
2948 0
2949 0
2950 0
2951 1
2952 0
2953 0
2954 0
2955 0
2956 0
2957 0
2958 0
2959 0
2960 0
2961 0
2962 0
2963 0
2964 0
2965 0
2966 0
2967 0
2968 0
2969 0
2970 0
2971 0
2972 0
2973 0
2974 0
2975 0
2976 0
2977 0
2978 0
2979 1
2980 0
2981 0
2982 0
2983 0
2984 0
2985 0
2986 0
2987 0
2988 0
2989 0
2990 0
2991 0
2992 0
2993 0
2994 0
2995 0
2996 0
2997 0
2998 0
2999 0
3000 0
3001 0
3002 0
3003 0
3004 0
3005 0
3006 0
3007 0
3008 0
3009 0
3010 0
3011 0
3012 0
3013 0
3014 0
3015 1
3016 0
3017 0
3018 0
3019 0
3020 0
3021 0
3022 0
3023 0
3024 0
3025 0
3026 0
3027 0
3028 0
3029 0
3030 0
3031 0
3032 0
3033 0
3034 0
3035 0
3036 0
3037 1
3038 0
3039 0
3040 0
3041 0
3042 0
3043 0
3044 0
3045 0
3046 0
3047 0
3048 0
3049 0
3050 0
3051 0
3052 0
3053 0
3054 0
3055 0
3056 0
3057 0
3058 0
3059 0
3060 0
3061 0
3062 0
3063 0
3064 0
3065 0
3066 0
3067 0
3068 0
3069 0
3070 0
3071 0
3072 0
3073 0
3074 0
3075 0
3076 0
3077 0
3078 0
3079 0
3080 1
3081 0
3082 0
3083 0
3084 0
3085 0
3086 0
3087 0
3088 0
3089 0
3090 1
3091 0
3092 0
3093 0
3094 0
3095 0
3096 1
3097 0
3098 0
3099 0
3100 0
3101 0
3102 0
3103 0
3104 0
3105 0
3106 0
3107 0
3108 0
3109 0
3110 0
3111 0
3112 0
3113 0
3114 0
3115 0
3116 0
3117 0
3118 0
3119 0
3120 0
3121 0
3122 0
3123 0
3124 0
3125 0
3126 0
3127 0
3128 0
3129 0
3130 0
3131 0
3132 0
3133 0
3134 0
3135 0
3136 0
3137 0
3138 0
3139 0
3140 0
3141 0
3142 0
3143 0
3144 0
3145 0
3146 0
3147 0
3148 0
3149 0
3150 0
3151 0
3152 0
3153 0
3154 0
3155 0
3156 0
3157 0
3158 0
3159 0
3160 0
3161 0
3162 0
3163 0
3164 0
3165 0
3166 0
3167 0
3168 0
3169 0
3170 0
3171 0
3172 0
3173 0
3174 0
3175 0
3176 0
3177 0
3178 0
3179 0
3180 0
3181 0
3182 0
3183 0
3184 0
3185 0
3186 0
3187 0
3188 0
3189 0
3190 0
3191 0
3192 0
3193 0
3194 0
3195 0
3196 0
3197 0
3198 0
3199 0
3200 0
3201 0
3202 0
3203 0
3204 0
3205 0
3206 0
3207 0
3208 0
3209 0
3210 0
3211 0
3212 0
3213 0
3214 0
3215 0
3216 0
3217 0
3218 0
3219 0
3220 0
3221 0
3222 0
3223 0
3224 0
3225 0
3226 0
3227 0
3228 0
3229 0
3230 0
3231 0
3232 0
3233 0
3234 0
3235 0
3236 0
3237 0
3238 0
3239 0
3240 0
3241 0
3242 0
3243 0
3244 0
3245 0
3246 0
3247 0
3248 0
3249 0
3250 0
3251 0
3252 0
3253 0
3254 0
3255 1
3256 0
3257 0
3258 0
3259 0
3260 0
3261 0
3262 0
3263 0
3264 0
3265 0
3266 0
3267 0
3268 0
3269 0
3270 1
3271 0
3272 0
3273 0
3274 0
3275 0
3276 0
3277 0
3278 0
3279 0
3280 0
3281 0
3282 0
3283 0
3284 0
3285 0
3286 0
3287 0
3288 0
3289 0
3290 0
3291 0
3292 0
3293 0
3294 0
3295 0
3296 0
3297 0
3298 0
3299 0
3300 0
3301 0
3302 0
3303 0
3304 0
3305 0
3306 0
3307 0
3308 0
3309 0
3310 0
3311 0
3312 1
3313 0
3314 0
3315 0
3316 0
3317 0
3318 0
3319 0
3320 0
3321 0
3322 0
3323 0
3324 0
3325 0
3326 0
3327 0
3328 0
3329 0
3330 0
3331 0
3332 0
3333 0
3334 0
3335 0
3336 0
3337 0
3338 0
3339 0
3340 0
3341 0
3342 1
3343 0
3344 0
3345 0
3346 0
3347 0
3348 0
3349 0
3350 0
3351 0
3352 0
3353 0
3354 0
3355 0
3356 0
3357 0
3358 0
3359 0
3360 0
3361 0
3362 0
3363 0
3364 0
3365 0
3366 1
3367 0
3368 0
3369 0
3370 0
3371 0
3372 0
3373 0
3374 0
3375 0
3376 0
3377 0
3378 0
3379 0
3380 0
3381 0
3382 0
3383 0
3384 0
3385 0
3386 0
3387 0
3388 0
3389 0
3390 0
3391 0
3392 0
3393 0
3394 0
3395 0
3396 0
3397 0
3398 0
3399 0
3400 0
3401 0
3402 0
3403 0
3404 0
3405 0
3406 0
3407 0
3408 0
3409 0
3410 1
3411 0
3412 0
3413 0
3414 0
3415 0
3416 0
3417 0
3418 0
3419 0
3420 0
3421 0
3422 0
3423 0
3424 0
3425 0
3426 0
3427 0
3428 0
3429 0
3430 0
3431 0
3432 0
3433 0
3434 0
3435 0
3436 0
3437 0
3438 0
3439 0
3440 0
3441 0
3442 0
3443 0
3444 0
3445 0
3446 0
3447 0
3448 0
3449 0
3450 0
3451 0
3452 0
3453 0
3454 0
3455 0
3456 0
3457 0
3458 0
3459 0
3460 0
3461 0
3462 0
3463 0
3464 0
3465 0
3466 0
3467 0
3468 0
3469 0
3470 0
3471 0
3472 0
3473 0
3474 0
3475 0
3476 0
3477 0
3478 0
3479 0
3480 0
3481 0
3482 0
3483 0
3484 0
3485 0
3486 0
3487 0
3488 0
3489 0
3490 0
3491 0
3492 0
3493 0
3494 0
3495 0
3496 0
3497 0
3498 0
3499 0
3500 0
3501 0
3502 0
3503 0
3504 0
3505 0
3506 0
3507 0
3508 0
3509 0
3510 0
3511 0
3512 0
3513 0
3514 0
3515 0
3516 0
3517 0
3518 0
3519 0
3520 0
3521 0
3522 0
3523 0
3524 0
3525 0
3526 0
3527 0
3528 0
3529 0
3530 0
3531 0
3532 0
3533 0
3534 0
3535 0
3536 0
3537 0
3538 0
3539 0
3540 0
3541 0
3542 0
3543 0
3544 0
3545 0
3546 0
3547 0
3548 0
3549 0
3550 0
3551 0
3552 0
3553 1
3554 0
3555 0
3556 0
3557 0
3558 0
3559 0
3560 0
3561 0
3562 0
3563 0
3564 0
3565 0
3566 0
3567 0
3568 0
3569 0
3570 0
3571 0
3572 0
3573 0
3574 0
3575 0
3576 0
3577 0
3578 0
3579 0
3580 0
3581 0
3582 0
3583 0
3584 0
3585 0
3586 1
3587 0
3588 0
3589 0
3590 0
3591 0
3592 0
3593 0
3594 0
3595 0
3596 0
3597 1
3598 0
3599 0
3600 0
3601 0
3602 0
3603 0
3604 0
3605 0
3606 0
3607 0
3608 0
3609 0
3610 0
3611 0
3612 0
3613 0
3614 0
3615 0
3616 0
3617 0
3618 0
3619 0
3620 0
3621 0
3622 0
3623 0
3624 0
3625 0
3626 0
3627 0
3628 0
3629 0
3630 0
3631 0
3632 0
3633 0
3634 0
3635 0
3636 0
3637 0
3638 0
3639 0
3640 0
3641 0
3642 0
3643 0
3644 0
3645 0
3646 0
3647 0
3648 0
3649 0
3650 0
3651 0
3652 0
3653 0
3654 0
3655 0
3656 0
3657 0
3658 0
3659 0
3660 0
3661 0
3662 0
3663 0
3664 0
3665 0
3666 0
3667 0
3668 0
3669 0
3670 0
3671 0
3672 0
3673 0
3674 0
3675 0
3676 0
3677 0
3678 0
3679 0
3680 0
3681 0
3682 0
3683 0
3684 0
3685 1
3686 0
3687 0
3688 0
3689 0
3690 0
3691 0
3692 0
3693 0
3694 0
3695 0
3696 0
3697 0
3698 0
3699 0
3700 0
3701 0
3702 0
3703 0
3704 0
3705 0
3706 0
3707 0
3708 0
3709 0
3710 0
3711 0
3712 0
3713 0
3714 0
3715 0
3716 0
3717 0
3718 0
3719 0
3720 0
3721 0
3722 0
3723 0
3724 0
3725 0
3726 0
3727 0
3728 0
3729 0
3730 0
3731 0
3732 1
3733 1
3734 0
3735 0
3736 0
3737 0
3738 0
3739 0
3740 0
3741 0
3742 0
3743 0
3744 0
3745 0
3746 0
3747 0
3748 0
3749 0
3750 0
3751 0
3752 0
3753 0
3754 0
3755 0
3756 0
3757 0
3758 0
3759 0
3760 0
3761 0
3762 0
3763 0
3764 0
3765 0
3766 0
3767 0
3768 0
3769 0
3770 0
3771 0
3772 0
3773 0
3774 0
3775 0
3776 0
3777 0
3778 0
3779 0
3780 0
3781 0
3782 0
3783 0
3784 0
3785 0
3786 0
3787 0
3788 0
3789 0
3790 0
3791 0
3792 0
3793 0
3794 0
3795 0
3796 0
3797 0
3798 0
3799 0
3800 0
3801 0
3802 0
3803 0
3804 0
3805 0
3806 0
3807 0
3808 0
3809 0
3810 0
3811 0
3812 0
3813 0
3814 0
3815 0
3816 0
3817 0
3818 0
3819 0
3820 0
3821 0
3822 0
3823 0
3824 0
3825 0
3826 0
3827 0
3828 0
3829 0
3830 0
3831 0
3832 0
3833 0
3834 0
3835 0
3836 0
3837 0
3838 0
3839 0
3840 0
3841 0
3842 0
3843 0
3844 0
3845 0
3846 0
3847 0
3848 0
3849 0
3850 0
3851 0
3852 0
3853 0
3854 0
3855 0
3856 0
3857 0
3858 0
3859 0
3860 0
3861 0
3862 0
3863 0
3864 0
3865 0
3866 0
3867 0
3868 0
3869 0
3870 0
3871 0
3872 0
3873 0
3874 0
3875 0
3876 0
3877 0
3878 0
3879 0
3880 0
3881 0
3882 0
3883 0
3884 0
3885 0
3886 0
3887 0
3888 0
3889 0
3890 0
3891 0
3892 0
3893 0
3894 0
3895 0
3896 0
3897 0
3898 0
3899 0
3900 0
3901 0
3902 0
3903 0
3904 0
3905 0
3906 0
3907 0
3908 0
3909 0
3910 0
3911 0
3912 0
3913 0
3914 0
3915 0
3916 0
3917 0
3918 0
3919 0
3920 0
3921 0
3922 0
3923 0
3924 0
3925 0
3926 0
3927 0
3928 0
3929 0
3930 0
3931 0
3932 0
3933 0
3934 0
3935 0
3936 0
3937 0
3938 0
3939 0
3940 0
3941 0
3942 0
3943 0
3944 0
3945 0
3946 0
3947 0
3948 0
3949 0
3950 0
3951 0
3952 0
3953 0
3954 0
3955 0
3956 0
3957 0
3958 0
3959 0
3960 0
3961 0
3962 0
3963 0
3964 0
3965 0
3966 0
3967 0
3968 0
3969 0
3970 0
3971 0
3972 0
3973 0
3974 0
3975 0
3976 0
3977 0
3978 0
3979 0
3980 0
3981 0
3982 0
3983 0
3984 0
3985 0
3986 0
3987 0
3988 0
3989 0
3990 0
3991 0
3992 0
3993 0
3994 0
3995 0
3996 0
3997 0
3998 0
3999 0
4000 0
