0 0
1 0
2 0
3 0
4 0
5 0
6 0
7 0
8 0
9 0
10 0
11 0
12 0
13 0
14 0
15 0
16 0
17 0
18 0
19 0
20 0
21 0
22 0
23 0
24 0
25 0
26 0
27 0
28 0
29 0
30 0
31 0
32 0
33 0
34 0
35 0
36 0
37 0
38 0
39 0
40 0
41 0
42 0
43 0
44 0
45 0
46 0
47 0
48 0
49 0
50 0
51 0
52 0
53 0
54 0
55 0
56 0
57 0
58 0
59 0
60 0
61 0
62 0
63 0
64 0
65 0
66 0
67 0
68 0
69 0
70 0
71 0
72 0
73 0
74 0
75 0
76 0
77 0
78 0
79 0
80 0
81 0
82 0
83 0
84 0
85 0
86 14
87 19
88 20
89 16
90 16
91 14
92 22
93 23
94 16
95 25
96 20
97 31
98 16
99 18
100 14
101 13
102 10
103 14
104 10
105 7
106 8
107 6
108 10
109 9
110 15
111 132
112 642
113 2090
114 4173
115 6412
116 7957
117 8844
118 9058
119 8759
120 8022
121 7674
122 6662
123 5922
124 5168
125 4445
126 3760
127 3233
128 2766
129 2485
130 2090
131 1795
132 1584
133 1464
134 1319
135 1127
136 1070
137 998
138 1014
139 956
140 988
141 953
142 965
143 981
144 925
145 988
146 937
147 955
148 926
149 925
150 952
151 967
152 929
153 983
154 953
155 923
156 936
157 912
158 939
159 973
160 914
161 946
162 920
163 902
164 940
165 835
166 931
167 1006
168 935
169 943
170 963
171 942
172 954
173 976
174 957
175 965
176 1005
177 995
178 989
179 1070
180 942
181 939
182 980
183 1004
184 959
185 1046
186 977
187 1011
188 982
189 1008
190 998
191 996
192 1011
193 1045
194 1041
195 1008
196 996
197 1032
198 1035
199 1039
200 1011
201 951
202 998
203 1013
204 1024
205 982
206 1009
207 1020
208 1006
209 1033
210 977
211 1007
212 1033
213 970
214 1020
215 1096
216 1032
217 1028
218 1027
219 1051
220 1113
221 1010
222 1064
223 1072
224 1055
225 1024
226 1092
227 1086
228 1064
229 1029
230 1047
231 1041
232 1009
233 1040
234 1030
235 1083
236 1046
237 1057
238 1063
239 1090
240 1017
241 1063
242 1065
243 1084
244 1071
245 1100
246 1058
247 1100
248 1062
249 1037
250 1045
251 1118
252 1138
253 1047
254 1080
255 1108
256 1030
257 1057
258 1087
259 1085
260 1128
261 1054
262 1089
263 1053
264 1093
265 1114
266 1044
267 1109
268 1156
269 1077
270 1097
271 1055
272 1144
273 1114
274 1123
275 1150
276 1064
277 1066
278 1157
279 1126
280 1155
281 1123
282 1160
283 1127
284 1138
285 1130
286 1091
287 1266
288 1112
289 1190
290 1122
291 1189
292 1221
293 1237
294 1133
295 1192
296 1166
297 1229
298 1241
299 1193
300 1120
301 1228
302 1203
303 1183
304 1265
305 1171
306 1193
307 1281
308 1240
309 1266
310 1268
311 1253
312 1248
313 1232
314 1212
315 1267
316 1280
317 1363
318 1278
319 1257
320 1301
321 1380
322 1325
323 1348
324 1301
325 1278
326 1337
327 1245
328 1339
329 1339
330 1341
331 1304
332 1347
333 1309
334 1358
335 1426
336 1437
337 1346
338 1380
339 1423
340 1441
341 1446
342 1370
343 1493
344 1444
345 1460
346 1442
347 1365
348 1484
349 1440
350 1498
351 1450
352 1498
353 1509
354 1458
355 1573
356 1454
357 1488
358 1618
359 1577
360 1575
361 1546
362 1555
363 1583
364 1559
365 1473
366 1575
367 1573
368 1644
369 1628
370 1667
371 1592
372 1550
373 1679
374 1658
375 1671
376 1632
377 1661
378 1665
379 1664
380 1669
381 1686
382 1677
383 1682
384 1659
385 1703
386 1710
387 1790
388 1750
389 1653
390 1777
391 1698
392 1726
393 1776
394 1727
395 1797
396 1821
397 1780
398 1778
399 1914
400 1829
401 1890
402 1755
403 1869
404 1848
405 1807
406 1848
407 1796
408 1861
409 1816
410 1890
411 1828
412 1891
413 1869
414 1860
415 1867
416 1784
417 1904
418 1778
419 1818
420 1958
421 1904
422 1845
423 1831
424 1913
425 1934
426 1782
427 1915
428 1884
429 1887
430 1891
431 1880
432 1969
433 1897
434 1919
435 1955
436 1894
437 2008
438 1845
439 1840
440 1962
441 1892
442 1884
443 1875
444 1961
445 1887
446 1933
447 1876
448 1854
449 1849
450 1847
451 1960
452 1885
453 1948
454 1931
455 1904
456 1885
457 1923
458 1825
459 1849
460 1847
461 1908
462 1864
463 1949
464 1820
465 1913
466 1849
467 1880
468 1870
469 1879
470 1850
471 1874
472 1892
473 1868
474 1920
475 1889
476 1863
477 1884
478 1814
479 1887
480 1819
481 1749
482 1838
483 1892
484 1766
485 1815
486 1879
487 1818
488 1879
489 1845
490 1831
491 1839
492 1843
493 1851
494 1774
495 1786
496 1681
497 1809
498 1761
499 1807
500 1796
501 1784
502 1688
503 1737
504 1745
505 1696
506 1662
507 1804
508 1675
509 1677
510 1710
511 1663
512 1736
513 1739
514 1673
515 1663
516 1601
517 1659
518 1572
519 1598
520 1593
521 1602
522 1622
523 1575
524 1570
525 1521
526 1571
527 1520
528 1576
529 1551
530 1604
531 1544
532 1573
533 1529
534 1516
535 1540
536 1477
537 1451
538 1469
539 1423
540 1484
541 1506
542 1440
543 1527
544 1440
545 1425
546 1378
547 1389
548 1342
549 1466
550 1378
551 1343
552 1428
553 1378
554 1356
555 1363
556 1313
557 1340
558 1321
559 1287
560 1263
561 1330
562 1306
563 1254
564 1282
565 1240
566 1270
567 1253
568 1196
569 1227
570 1250
571 1246
572 1189
573 1213
574 1185
575 1164
576 1159
577 1177
578 1199
579 1070
580 1164
581 1190
582 1084
583 1106
584 1089
585 1084
586 1139
587 1087
588 1115
589 1023
590 1036
591 994
592 1051
593 990
594 1042
595 1009
596 1038
597 969
598 998
599 1023
600 970
601 974
602 980
603 975
604 963
605 929
606 980
607 918
608 902
609 921
610 885
611 905
612 873
613 893
614 881
615 907
616 855
617 859
618 822
619 800
620 847
621 851
622 809
623 856
624 804
625 796
626 775
627 773
628 789
629 754
630 782
631 776
632 750
633 711
634 767
635 724
636 743
637 694
638 728
639 663
640 720
641 659
642 741
643 742
644 647
645 647
646 652
647 663
648 600
649 661
650 634
651 638
652 697
653 635
654 594
655 642
656 599
657 594
658 553
659 593
660 563
661 587
662 596
663 542
664 582
665 564
666 555
667 578
668 547
669 536
670 515
671 508
672 518
673 509
674 491
675 505
676 479
677 473
678 469
679 521
680 466
681 491
682 502
683 482
684 439
685 463
686 493
687 449
688 471
689 483
690 422
691 469
692 440
693 419
694 430
695 451
696 433
697 399
698 396
699 421
700 440
701 412
702 406
703 412
704 383
705 375
706 384
707 392
708 392
709 426
710 408
711 354
712 411
713 374
714 374
715 336
716 354
717 378
718 369
719 352
720 360
721 368
722 351
723 358
724 325
725 333
726 323
727 365
728 331
729 343
730 314
731 297
732 303
733 316
734 322
735 332
736 336
737 317
738 275
739 300
740 292
741 314
742 286
743 301
744 312
745 268
746 291
747 303
748 325
749 262
750 284
751 286
752 292
753 294
754 267
755 266
756 267
757 302
758 274
759 284
760 282
761 280
762 276
763 273
764 256
765 254
766 252
767 266
768 287
769 277
770 261
771 239
772 240
773 270
774 245
775 254
776 243
777 234
778 258
779 248
780 257
781 253
782 274
783 245
784 259
785 247
786 250
787 248
788 256
789 248
790 246
791 244
792 263
793 213
794 231
795 237
796 232
797 228
798 228
799 206
800 219
801 225
802 241
803 231
804 227
805 216
806 248
807 238
808 245
809 215
810 238
811 252
812 210
813 219
814 226
815 221
816 222
817 223
818 233
819 233
820 211
821 237
822 215
823 221
824 218
825 216
826 198
827 230
828 164
829 210
830 197
831 227
832 235
833 206
834 230
835 207
836 194
837 211
838 203
839 186
840 213
841 214
842 214
843 214
844 218
845 204
846 213
847 204
848 218
849 193
850 201
851 216
852 230
853 207
854 191
855 197
856 173
857 201
858 259
859 207
860 190
861 220
862 201
863 169
864 220
865 220
866 206
867 197
868 169
869 219
870 219
871 208
872 213
873 181
874 193
875 208
876 231
877 201
878 222
879 199
880 192
881 211
882 193
883 191
884 232
885 211
886 214
887 226
888 228
889 186
890 196
891 194
892 171
893 201
894 212
895 196
896 197
897 201
898 208
899 196
900 212
901 182
902 210
903 220
904 178
905 191
906 202
907 198
908 209
909 205
910 213
911 225
912 205
913 205
914 189
915 178
916 194
917 221
918 221
919 208
920 202
921 216
922 201
923 178
924 196
925 205
926 206
927 211
928 172
929 199
930 188
931 220
932 192
933 158
934 195
935 191
936 186
937 184
938 173
939 194
940 202
941 193
942 163
943 195
944 190
945 189
946 186
947 197
948 188
949 199
950 199
951 179
952 199
953 199
954 194
955 202
956 208
957 196
958 208
959 202
960 210
961 229
962 242
963 196
964 182
965 209
966 196
967 202
968 222
969 198
970 199
971 210
972 200
973 187
974 202
975 217
976 206
977 191
978 209
979 190
980 205
981 182
982 233
983 207
984 195
985 192
986 244
987 195
988 211
989 192
990 222
991 185
992 221
993 210
994 217
995 177
996 189
997 222
998 209
999 188
1000 208
1001 206
1002 210
1003 202
1004 217
1005 206
1006 197
1007 207
1008 188
1009 212
1010 175
1011 221
1012 192
1013 226
1014 204
1015 203
1016 179
1017 201
1018 209
1019 203
1020 227
1021 192
1022 206
1023 202
1024 190
1025 192
1026 181
1027 191
1028 209
1029 195
1030 208
1031 215
1032 201
1033 184
1034 185
1035 197
1036 216
1037 206
1038 199
1039 199
1040 191
1041 192
1042 243
1043 227
1044 201
1045 195
1046 189
1047 193
1048 188
1049 197
1050 188
1051 207
1052 181
1053 186
1054 195
1055 210
1056 181
1057 166
1058 216
1059 187
1060 213
1061 200
1062 212
1063 178
1064 200
1065 199
1066 197
1067 191
1068 213
1069 210
1070 174
1071 186
1072 177
1073 184
1074 185
1075 206
1076 193
1077 187
1078 217
1079 200
1080 209
1081 215
1082 202
1083 194
1084 197
1085 187
1086 191
1087 191
1088 189
1089 206
1090 177
1091 172
1092 198
1093 211
1094 170
1095 191
1096 182
1097 193
1098 182
1099 205
1100 180
1101 191
1102 184
1103 187
1104 175
1105 215
1106 187
1107 189
1108 185
1109 193
1110 164
1111 172
1112 184
1113 205
1114 202
1115 185
1116 203
1117 172
1118 191
1119 195
1120 186
1121 180
1122 188
1123 203
1124 196
1125 187
1126 183
1127 164
1128 200
1129 201
1130 186
1131 191
1132 194
1133 156
1134 201
1135 181
1136 175
1137 191
1138 180
1139 201
1140 172
1141 182
1142 190
1143 172
1144 195
1145 159
1146 162
1147 177
1148 189
1149 182
1150 193
1151 158
1152 182
1153 187
1154 192
1155 170
1156 166
1157 166
1158 166
1159 179
1160 178
1161 168
1162 185
1163 162
1164 157
1165 168
1166 187
1167 183
1168 166
1169 158
1170 162
1171 173
1172 173
1173 184
1174 194
1175 163
1176 173
1177 179
1178 193
1179 155
1180 148
1181 171
1182 167
1183 151
1184 162
1185 155
1186 157
1187 170
1188 160
1189 175
1190 180
1191 175
1192 180
1193 147
1194 171
1195 183
1196 136
1197 191
1198 163
1199 174
1200 166
1201 161
1202 174
1203 143
1204 185
1205 183
1206 178
1207 153
1208 159
1209 147
1210 145
1211 164
1212 148
1213 149
1214 164
1215 170
1216 165
1217 159
1218 158
1219 180
1220 187
1221 165
1222 153
1223 160
1224 157
1225 167
1226 149
1227 181
1228 152
1229 166
1230 149
1231 177
1232 174
1233 141
1234 160
1235 162
1236 154
1237 174
1238 162
1239 153
1240 161
1241 133
1242 182
1243 158
1244 173
1245 156
1246 155
1247 154
1248 133
1249 123
1250 161
1251 136
1252 158
1253 148
1254 144
1255 166
1256 156
1257 153
1258 146
1259 135
1260 150
1261 146
1262 148
1263 136
1264 142
1265 145
1266 134
1267 141
1268 140
1269 138
1270 136
1271 130
1272 142
1273 111
1274 142
1275 143
1276 141
1277 137
1278 133
1279 137
1280 136
1281 145
1282 130
1283 136
1284 137
1285 143
1286 122
1287 157
1288 121
1289 124
1290 124
1291 123
1292 127
1293 146
1294 137
1295 133
1296 129
1297 107
1298 131
1299 123
1300 152
1301 123
1302 132
1303 114
1304 124
1305 128
1306 138
1307 130
1308 136
1309 124
1310 122
1311 111
1312 118
1313 131
1314 120
1315 116
1316 112
1317 122
1318 127
1319 114
1320 124
1321 125
1322 134
1323 117
1324 107
1325 97
1326 107
1327 115
1328 109
1329 100
1330 118
1331 116
1332 113
1333 123
1334 109
1335 117
1336 105
1337 97
1338 102
1339 108
1340 94
1341 113
1342 114
1343 98
1344 110
1345 100
1346 111
1347 116
1348 96
1349 97
1350 108
1351 111
1352 113
1353 136
1354 117
1355 90
1356 110
1357 115
1358 106
1359 103
1360 111
1361 107
1362 97
1363 122
1364 98
1365 108
1366 94
1367 107
1368 88
1369 107
1370 90
1371 87
1372 106
1373 84
1374 121
1375 103
1376 92
1377 109
1378 100
1379 83
1380 95
1381 101
1382 84
1383 88
1384 88
1385 98
1386 76
1387 80
1388 96
1389 112
1390 95
1391 87
1392 85
1393 80
1394 95
1395 103
1396 97
1397 87
1398 80
1399 85
1400 91
1401 103
1402 99
1403 85
1404 84
1405 80
1406 93
1407 84
1408 95
1409 94
1410 96
1411 79
1412 99
1413 80
1414 73
1415 80
1416 99
1417 87
1418 96
1419 77
1420 64
1421 90
1422 82
1423 86
1424 83
1425 74
1426 73
1427 92
1428 102
1429 89
1430 82
1431 84
1432 85
1433 89
1434 80
1435 75
1436 87
1437 81
1438 80
1439 94
1440 84
1441 78
1442 68
1443 65
1444 78
1445 83
1446 67
1447 72
1448 75
1449 61
1450 82
1451 73
1452 77
1453 63
1454 67
1455 80
1456 71
1457 60
1458 64
1459 80
1460 71
1461 72
1462 68
1463 65
1464 57
1465 68
1466 75
1467 69
1468 69
1469 68
1470 62
1471 69
1472 64
1473 72
1474 57
1475 56
1476 71
1477 70
1478 68
1479 58
1480 66
1481 74
1482 50
1483 67
1484 74
1485 64
1486 60
1487 72
1488 67
1489 80
1490 60
1491 64
1492 66
1493 63
1494 73
1495 63
1496 62
1497 59
1498 75
1499 71
1500 52
1501 52
1502 54
1503 60
1504 51
1505 69
1506 59
1507 60
1508 63
1509 48
1510 60
1511 61
1512 56
1513 61
1514 63
1515 43
1516 55
1517 59
1518 72
1519 48
1520 52
1521 57
1522 53
1523 58
1524 59
1525 65
1526 56
1527 54
1528 56
1529 58
1530 50
1531 43
1532 57
1533 53
1534 41
1535 47
1536 55
1537 59
1538 62
1539 56
1540 59
1541 49
1542 64
1543 45
1544 61
1545 52
1546 54
1547 54
1548 60
1549 38
1550 48
1551 51
1552 59
1553 62
1554 49
1555 38
1556 49
1557 59
1558 42
1559 53
1560 48
1561 46
1562 39
1563 39
1564 36
1565 59
1566 46
1567 49
1568 46
1569 39
1570 45
1571 45
1572 49
1573 48
1574 43
1575 48
1576 39
1577 41
1578 41
1579 31
1580 42
1581 50
1582 46
1583 41
1584 46
1585 45
1586 41
1587 55
1588 45
1589 54
1590 52
1591 37
1592 39
1593 32
1594 37
1595 30
1596 37
1597 45
1598 41
1599 44
1600 41
1601 34
1602 44
1603 42
1604 40
1605 41
1606 48
1607 47
1608 45
1609 38
1610 41
1611 31
1612 29
1613 39
1614 34
1615 34
1616 39
1617 29
1618 34
1619 32
1620 37
1621 35
1622 39
1623 33
1624 30
1625 31
1626 39
1627 38
1628 43
1629 34
1630 36
1631 43
1632 40
1633 30
1634 32
1635 30
1636 27
1637 38
1638 31
1639 37
1640 30
1641 32
1642 24
1643 42
1644 41
1645 38
1646 23
1647 32
1648 39
1649 28
1650 18
1651 32
1652 42
1653 30
1654 28
1655 16
1656 24
1657 21
1658 28
1659 32
1660 33
1661 34
1662 26
1663 22
1664 29
1665 29
1666 24
1667 22
1668 24
1669 38
1670 30
1671 28
1672 23
1673 31
1674 29
1675 30
1676 24
1677 26
1678 23
1679 28
1680 23
1681 23
1682 25
1683 25
1684 26
1685 23
1686 27
1687 26
1688 26
1689 29
1690 21
1691 21
1692 25
1693 28
1694 20
1695 23
1696 15
1697 18
1698 24
1699 12
1700 22
1701 22
1702 26
1703 27
1704 28
1705 24
1706 22
1707 25
1708 15
1709 26
1710 22
1711 18
1712 17
1713 16
1714 21
1715 29
1716 15
1717 17
1718 22
1719 16
1720 29
1721 16
1722 14
1723 24
1724 26
1725 24
1726 20
1727 37
1728 17
1729 21
1730 22
1731 21
1732 18
1733 23
1734 26
1735 15
1736 21
1737 18
1738 17
1739 14
1740 21
1741 14
1742 17
1743 12
1744 11
1745 19
1746 16
1747 18
1748 18
1749 15
1750 21
1751 25
1752 18
1753 25
1754 14
1755 16
1756 19
1757 21
1758 24
1759 18
1760 25
1761 20
1762 17
1763 16
1764 12
1765 15
1766 14
1767 18
1768 19
1769 13
1770 19
1771 10
1772 20
1773 9
1774 17
1775 12
1776 20
1777 12
1778 13
1779 18
1780 11
1781 16
1782 25
1783 13
1784 20
1785 17
1786 6
1787 11
1788 13
1789 11
1790 14
1791 17
1792 16
1793 12
1794 14
1795 10
1796 12
1797 14
1798 13
1799 15
1800 22
1801 14
1802 16
1803 18
1804 10
1805 16
1806 17
1807 14
1808 9
1809 16
1810 11
1811 10
1812 13
1813 13
1814 19
1815 14
1816 14
1817 14
1818 15
1819 10
1820 15
1821 11
1822 6
1823 13
1824 7
1825 10
1826 16
1827 10
1828 13
1829 16
1830 11
1831 11
1832 14
1833 12
1834 8
1835 16
1836 11
1837 11
1838 17
1839 12
1840 11
1841 14
1842 10
1843 5
1844 11
1845 8
1846 15
1847 6
1848 9
1849 9
1850 16
1851 10
1852 12
1853 9
1854 11
1855 10
1856 14
1857 10
1858 6
1859 11
1860 13
1861 6
1862 9
1863 8
1864 13
1865 9
1866 8
1867 14
1868 8
1869 9
1870 10
1871 5
1872 3
1873 8
1874 14
1875 8
1876 12
1877 11
1878 5
1879 6
1880 11
1881 9
1882 7
1883 7
1884 6
1885 12
1886 7
1887 10
1888 4
1889 0
1890 11
1891 11
1892 12
1893 7
1894 7
1895 4
1896 4
1897 7
1898 7
1899 8
1900 5
1901 4
1902 3
1903 7
1904 16
1905 4
1906 4
1907 7
1908 5
1909 4
1910 6
1911 9
1912 3
1913 6
1914 3
1915 6
1916 3
1917 7
1918 4
1919 3
1920 6
1921 4
1922 5
1923 5
1924 5
1925 5
1926 4
1927 6
1928 7
1929 2
1930 1
1931 8
1932 2
1933 5
1934 5
1935 8
1936 2
1937 7
1938 7
1939 10
1940 3
1941 6
1942 4
1943 5
1944 2
1945 3
1946 4
1947 6
1948 5
1949 9
1950 5
1951 7
1952 8
1953 3
1954 1
1955 3
1956 6
1957 6
1958 4
1959 2
1960 3
1961 5
1962 4
1963 5
1964 3
1965 5
1966 8
1967 4
1968 3
1969 3
1970 5
1971 6
1972 4
1973 2
1974 1
1975 6
1976 4
1977 0
1978 4
1979 1
1980 4
1981 1
1982 4
1983 4
1984 5
1985 2
1986 4
1987 0
1988 4
1989 4
1990 3
1991 2
1992 2
1993 5
1994 6
1995 0
1996 3
1997 1
1998 3
1999 2
2000 5
2001 2
2002 2
2003 4
2004 1
2005 1
2006 3
2007 1
2008 3
2009 5
2010 4
2011 4
2012 3
2013 0
2014 3
2015 4
2016 1
2017 1
2018 1
2019 0
2020 5
2021 4
2022 0
2023 1
2024 3
2025 1
2026 2
2027 1
2028 2
2029 2
2030 0
2031 1
2032 1
2033 1
2034 0
2035 3
2036 2
2037 1
2038 1
2039 4
2040 2
2041 4
2042 0
2043 1
2044 4
2045 1
2046 1
2047 3
2048 2
2049 3
2050 0
2051 1
2052 4
2053 2
2054 1
2055 1
2056 3
2057 5
2058 2
2059 1
2060 1
2061 3
2062 4
2063 2
2064 0
2065 1
2066 1
2067 2
2068 4
2069 3
2070 0
2071 1
2072 1
2073 2
2074 2
2075 2
2076 2
2077 2
2078 0
2079 0
2080 1
2081 0
2082 1
2083 0
2084 2
2085 1
2086 0
2087 0
2088 0
2089 1
2090 1
2091 0
2092 1
2093 0
2094 1
2095 0
2096 0
2097 2
2098 2
2099 0
2100 1
2101 2
2102 0
2103 2
2104 0
2105 1
2106 4
2107 0
2108 0
2109 2
2110 1
2111 1
2112 0
2113 0
2114 1
2115 0
2116 3
2117 1
2118 1
2119 0
2120 0
2121 1
2122 1
2123 1
2124 2
2125 1
2126 0
2127 2
2128 2
2129 0
2130 1
2131 0
2132 1
2133 0
2134 3
2135 0
2136 2
2137 0
2138 1
2139 0
2140 0
2141 3
2142 0
2143 2
2144 0
2145 0
2146 0
2147 0
2148 0
2149 1
2150 0
2151 0
2152 0
2153 1
2154 2
2155 1
2156 0
2157 0
2158 0
2159 1
2160 2
2161 0
2162 1
2163 0
2164 1
2165 0
2166 0
2167 1
2168 1
2169 4
2170 1
2171 4
2172 1
2173 0
2174 1
2175 0
2176 0
2177 0
2178 0
2179 0
2180 0
2181 1
2182 0
2183 2
2184 0
2185 0
2186 1
2187 1
2188 0
2189 0
2190 0
2191 2
2192 0
2193 0
2194 0
2195 1
2196 1
2197 0
2198 1
2199 0
2200 2
2201 0
2202 0
2203 0
2204 0
2205 0
2206 0
2207 0
2208 0
2209 0
2210 0
2211 0
2212 1
2213 0
2214 1
2215 0
2216 0
2217 1
2218 1
2219 0
2220 0
2221 1
2222 0
2223 0
2224 1
2225 1
2226 0
2227 0
2228 1
2229 0
2230 0
2231 1
2232 0
2233 1
2234 0
2235 0
2236 0
2237 0
2238 0
2239 0
2240 0
2241 1
2242 0
2243 0
2244 0
2245 0
2246 0
2247 0
2248 0
2249 0
2250 0
2251 0
2252 0
2253 1
2254 0
2255 0
2256 0
2257 0
2258 0
2259 0
2260 0
2261 0
2262 0
2263 0
2264 0
2265 0
2266 1
2267 1
2268 0
2269 1
2270 0
2271 0
2272 0
2273 0
2274 1
2275 0
2276 0
2277 0
2278 1
2279 1
2280 1
2281 1
2282 0
2283 0
2284 0
2285 0
2286 0
2287 0
2288 0
2289 1
2290 0
2291 0
2292 0
2293 0
2294 1
2295 0
2296 0
2297 0
2298 0
2299 0
2300 0
2301 0
2302 0
2303 0
2304 0
2305 0
2306 0
2307 0
2308 0
2309 0
2310 0
2311 0
2312 0
2313 0
2314 0
2315 0
2316 0
2317 0
2318 0
2319 0
2320 1
2321 0
2322 1
2323 0
2324 0
2325 0
2326 1
2327 0
2328 0
2329 0
2330 1
2331 0
2332 0
2333 0
2334 0
2335 1
2336 0
2337 0
2338 0
2339 0
2340 0
2341 0
2342 0
2343 1
2344 0
2345 1
2346 0
2347 0
2348 0
2349 0
2350 0
2351 0
2352 0
2353 0
2354 2
2355 0
2356 1
2357 0
2358 0
2359 0
2360 0
2361 0
2362 0
2363 0
2364 0
2365 0
2366 0
2367 0
2368 0
2369 0
2370 0
2371 0
2372 0
2373 0
2374 0
2375 1
2376 0
2377 0
2378 1
2379 0
2380 0
2381 0
2382 0
2383 0
2384 2
2385 1
2386 0
2387 0
2388 0
2389 0
2390 0
2391 0
2392 0
2393 0
2394 0
2395 0
2396 0
2397 0
2398 0
2399 0
2400 0
2401 0
2402 1
2403 0
2404 0
2405 1
2406 0
2407 0
2408 0
2409 0
2410 0
2411 0
2412 0
2413 0
2414 0
2415 0
2416 0
2417 0
2418 0
2419 0
2420 0
2421 0
2422 0
2423 0
2424 0
2425 0
2426 0
2427 0
2428 0
2429 0
2430 0
2431 0
2432 0
2433 0
2434 0
2435 1
2436 0
2437 0
2438 0
2439 0
2440 0
2441 0
2442 0
2443 0
2444 0
2445 0
2446 0
2447 0
2448 0
2449 0
2450 0
2451 0
2452 0
2453 0
2454 0
2455 0
2456 0
2457 0
2458 0
2459 0
2460 0
2461 0
2462 0
2463 0
2464 0
2465 0
2466 0
2467 0
2468 0
2469 0
2470 0
2471 0
2472 0
2473 0
2474 0
2475 0
2476 0
2477 0
2478 0
2479 0
2480 0
2481 0
2482 0
2483 0
2484 0
2485 1
2486 0
2487 0
2488 0
2489 0
2490 0
2491 0
2492 0
2493 0
2494 0
2495 0
2496 0
2497 0
2498 1
2499 0
2500 0
2501 0
2502 0
2503 0
2504 0
2505 0
2506 0
2507 0
2508 0
2509 0
2510 0
2511 0
2512 0
2513 0
2514 0
2515 0
2516 0
2517 0
2518 0
2519 0
2520 0
2521 0
2522 0
2523 0
2524 0
2525 2
2526 0
2527 0
2528 0
2529 0
2530 0
2531 0
2532 0
2533 0
2534 0
2535 0
2536 0
2537 0
2538 0
2539 0
2540 0
2541 1
2542 0
2543 0
2544 0
2545 0
2546 0
2547 0
2548 0
2549 0
2550 0
2551 0
2552 0
2553 0
2554 0
2555 0
2556 0
2557 0
2558 0
2559 0
2560 0
2561 0
2562 0
2563 0
2564 0
2565 0
2566 0
2567 0
2568 0
2569 0
2570 0
2571 0
2572 0
2573 0
2574 0
2575 0
2576 0
2577 0
2578 0
2579 0
2580 0
2581 0
2582 0
2583 0
2584 0
2585 0
2586 0
2587 0
2588 0
2589 0
2590 0
2591 0
2592 0
2593 0
2594 0
2595 0
2596 0
2597 0
2598 0
2599 0
2600 0
2601 0
2602 0
2603 0
2604 0
2605 0
2606 0
2607 0
2608 0
2609 0
2610 0
2611 0
2612 0
2613 0
2614 0
2615 0
2616 0
2617 0
2618 1
2619 0
2620 0
2621 0
2622 0
2623 0
2624 0
2625 0
2626 0
2627 0
2628 0
2629 0
2630 0
2631 0
2632 0
2633 0
2634 0
2635 0
2636 0
2637 0
2638 0
2639 0
2640 0
2641 0
2642 0
2643 0
2644 0
2645 0
2646 0
2647 0
2648 0
2649 0
2650 0
2651 0
2652 0
2653 0
2654 0
2655 0
2656 0
2657 0
2658 0
2659 0
2660 0
2661 0
2662 0
2663 0
2664 0
2665 0
2666 0
2667 0
2668 0
2669 0
2670 0
2671 0
2672 0
2673 0
2674 0
2675 0
2676 0
2677 0
2678 0
2679 0
2680 0
2681 0
2682 0
2683 0
2684 0
2685 0
2686 0
2687 0
2688 0
2689 0
2690 0
2691 0
2692 0
2693 1
2694 0
2695 0
2696 0
2697 0
2698 0
2699 0
2700 0
2701 0
2702 1
2703 0
2704 0
2705 0
2706 0
2707 0
2708 0
2709 0
2710 0
2711 0
2712 0
2713 0
2714 0
2715 0
2716 0
2717 0
2718 0
2719 0
2720 0
2721 0
2722 0
2723 0
2724 0
2725 0
2726 0
2727 0
2728 0
2729 0
2730 0
2731 0
2732 0
2733 0
2734 0
2735 0
2736 0
2737 0
2738 0
2739 0
2740 0
2741 0
2742 0
2743 0
2744 0
2745 0
2746 0
2747 0
2748 0
2749 0
2750 0
2751 0
2752 0
2753 0
2754 1
2755 0
2756 0
2757 1
2758 0
2759 0
2760 0
2761 0
2762 0
2763 0
2764 0
2765 0
2766 0
2767 0
2768 0
2769 0
2770 0
2771 0
2772 0
2773 0
2774 0
2775 0
2776 0
2777 0
2778 0
2779 0
2780 0
2781 0
2782 0
2783 0
2784 0
2785 0
2786 0
2787 0
2788 0
2789 0
2790 0
2791 0
2792 0
2793 0
2794 0
2795 0
2796 0
2797 0
2798 0
2799 0
2800 0
2801 0
2802 0
2803 0
2804 0
2805 0
2806 0
2807 0
2808 0
2809 0
2810 0
2811 0
2812 0
2813 0
2814 0
2815 0
2816 0
2817 0
2818 0
2819 0
2820 0
2821 0
2822 0
2823 0
2824 0
2825 0
2826 0
2827 0
2828 0
2829 0
2830 0
2831 0
2832 0
2833 0
2834 0
2835 0
2836 0
2837 1
2838 0
2839 0
2840 0
2841 0
2842 0
2843 0
2844 0
2845 0
2846 0
2847 0
2848 0
2849 0
2850 0
2851 0
2852 0
2853 0
2854 0
2855 0
2856 0
2857 0
2858 0
2859 0
2860 0
2861 0
2862 0
2863 0
2864 0
2865 0
2866 0
2867 0
2868 0
2869 0
2870 0
2871 0
2872 0
2873 0
2874 0
2875 1
2876 0
2877 0
2878 0
2879 0
2880 0
2881 0
2882 0
2883 0
2884 0
2885 0
2886 0
2887 0
2888 0
2889 0
2890 0
2891 0
2892 0
2893 0
2894 0
2895 0
2896 0
2897 0
2898 0
2899 0
2900 0
2901 0
2902 0
2903 0
2904 0
2905 0
2906 0
2907 0
2908 0
2909 0
2910 0
2911 0
2912 0
2913 0
2914 0
2915 0
2916 0
2917 0
2918 0
2919 0
2920 0
2921 0
2922 0
2923 0
2924 0
2925 0
2926 0
2927 0
2928 0
2929 0
2930 0
2931 0
2932 0
2933 0
2934 0
2935 0
2936 0
2937 0
2938 0
2939 0
2940 0
2941 1
2942 0
2943 0
2944 0
2945 0
2946 0
2947 0
2948 0
2949 0
2950 0
2951 0
2952 0
2953 0
2954 0
2955 0
2956 0
2957 0
2958 0
2959 0
2960 0
2961 0
2962 0
2963 0
2964 0
2965 0
2966 0
2967 0
2968 0
2969 0
2970 0
2971 0
2972 0
2973 0
2974 0
2975 0
2976 0
2977 0
2978 0
2979 0
2980 0
2981 0
2982 0
2983 0
2984 0
2985 0
2986 0
2987 0
2988 0
2989 0
2990 0
2991 0
2992 0
2993 0
2994 0
2995 0
2996 0
2997 0
2998 0
2999 0
3000 0
3001 0
3002 0
3003 0
3004 0
3005 0
3006 0
3007 0
3008 0
3009 0
3010 0
3011 0
3012 0
3013 0
3014 0
3015 0
3016 0
3017 0
3018 0
3019 0
3020 0
3021 0
3022 0
3023 0
3024 0
3025 0
3026 0
3027 0
3028 0
3029 0
3030 0
3031 0
3032 0
3033 0
3034 0
3035 0
3036 0
3037 0
3038 0
3039 0
3040 0
3041 0
3042 0
3043 0
3044 0
3045 0
3046 0
3047 0
3048 0
3049 0
3050 0
3051 0
3052 0
3053 0
3054 0
3055 0
3056 0
3057 0
3058 0
3059 0
3060 0
3061 0
3062 0
3063 0
3064 0
3065 0
3066 0
3067 0
3068 0
3069 0
3070 0
3071 0
3072 0
3073 0
3074 0
3075 0
3076 0
3077 0
3078 0
3079 0
3080 0
3081 0
3082 0
3083 0
3084 0
3085 0
3086 0
3087 0
3088 0
3089 0
3090 0
3091 0
3092 0
3093 0
3094 0
3095 0
3096 0
3097 0
3098 0
3099 0
3100 0
3101 0
3102 0
3103 0
3104 0
3105 0
3106 0
3107 0
3108 0
3109 0
3110 0
3111 0
3112 0
3113 0
3114 0
3115 0
3116 0
3117 0
3118 0
3119 0
3120 0
3121 0
3122 0
3123 0
3124 0
3125 0
3126 0
3127 0
3128 0
3129 0
3130 0
3131 0
3132 0
3133 0
3134 0
3135 0
3136 0
3137 0
3138 0
3139 0
3140 0
3141 0
3142 0
3143 0
3144 1
3145 0
3146 0
3147 0
3148 0
3149 0
3150 0
3151 0
3152 0
3153 0
3154 0
3155 0
3156 0
3157 0
3158 0
3159 0
3160 0
3161 0
3162 0
3163 0
3164 0
3165 0
3166 0
3167 0
3168 0
3169 0
3170 0
3171 1
3172 0
3173 0
3174 0
3175 0
3176 0
3177 0
3178 0
3179 0
3180 0
3181 0
3182 0
3183 0
3184 0
3185 0
3186 0
3187 0
3188 0
3189 0
3190 0
3191 0
3192 0
3193 0
3194 0
3195 0
3196 0
3197 0
3198 0
3199 0
3200 0
3201 0
3202 0
3203 0
3204 0
3205 0
3206 0
3207 0
3208 0
3209 0
3210 0
3211 0
3212 0
3213 0
3214 0
3215 0
3216 0
3217 0
3218 0
3219 0
3220 0
3221 0
3222 0
3223 0
3224 0
3225 0
3226 0
3227 0
3228 0
3229 0
3230 0
3231 0
3232 0
3233 1
3234 0
3235 0
3236 0
3237 0
3238 0
3239 0
3240 0
3241 0
3242 0
3243 0
3244 0
3245 0
3246 0
3247 0
3248 0
3249 0
3250 0
3251 0
3252 0
3253 0
3254 0
3255 0
3256 0
3257 0
3258 0
3259 0
3260 0
3261 0
3262 0
3263 0
3264 0
3265 0
3266 0
3267 0
3268 0
3269 0
3270 0
3271 0
3272 0
3273 0
3274 0
3275 0
3276 0
3277 0
3278 0
3279 0
3280 0
3281 0
3282 0
3283 0
3284 0
3285 0
3286 0
3287 0
3288 0
3289 0
3290 0
3291 0
3292 0
3293 0
3294 0
3295 0
3296 0
3297 0
3298 0
3299 0
3300 0
3301 0
3302 0
3303 0
3304 0
3305 0
3306 0
3307 0
3308 0
3309 0
3310 0
3311 0
3312 0
3313 0
3314 0
3315 0
3316 0
3317 0
3318 0
3319 0
3320 0
3321 0
3322 0
3323 0
3324 0
3325 0
3326 1
3327 0
3328 0
3329 0
3330 0
3331 0
3332 0
3333 0
3334 0
3335 0
3336 0
3337 0
3338 0
3339 0
3340 0
3341 0
3342 0
3343 0
3344 0
3345 0
3346 0
3347 0
3348 0
3349 0
3350 0
3351 0
3352 0
3353 0
3354 0
3355 0
3356 0
3357 0
3358 0
3359 0
3360 0
3361 0
3362 1
3363 0
3364 0
3365 0
3366 1
3367 0
3368 0
3369 0
3370 0
3371 0
3372 0
3373 0
3374 0
3375 0
3376 0
3377 0
3378 0
3379 0
3380 0
3381 0
3382 0
3383 0
3384 0
3385 0
3386 0
3387 0
3388 0
3389 0
3390 0
3391 0
3392 0
3393 0
3394 0
3395 0
3396 0
3397 0
3398 0
3399 0
3400 0
3401 0
3402 0
3403 0
3404 0
3405 0
3406 0
3407 0
3408 0
3409 0
3410 0
3411 0
3412 0
3413 0
3414 0
3415 0
3416 0
3417 0
3418 0
3419 0
3420 0
3421 0
3422 0
3423 0
3424 0
3425 0
3426 0
3427 0
3428 0
3429 0
3430 0
3431 0
3432 0
3433 0
3434 0
3435 0
3436 0
3437 0
3438 0
3439 0
3440 0
3441 0
3442 0
3443 0
3444 0
3445 0
3446 0
3447 0
3448 0
3449 0
3450 0
3451 0
3452 0
3453 1
3454 0
3455 0
3456 0
3457 0
3458 0
3459 0
3460 0
3461 0
3462 0
3463 0
3464 0
3465 0
3466 0
3467 0
3468 0
3469 0
3470 0
3471 0
3472 0
3473 0
3474 0
3475 0
3476 0
3477 0
3478 0
3479 0
3480 0
3481 0
3482 0
3483 0
3484 0
3485 0
3486 0
3487 0
3488 0
3489 0
3490 0
3491 0
3492 0
3493 0
3494 0
3495 0
3496 0
3497 0
3498 0
3499 0
3500 0
3501 0
3502 0
3503 0
3504 0
3505 0
3506 0
3507 0
3508 0
3509 0
3510 0
3511 0
3512 0
3513 0
3514 0
3515 0
3516 0
3517 1
3518 0
3519 0
3520 0
3521 0
3522 0
3523 0
3524 0
3525 0
3526 0
3527 0
3528 0
3529 0
3530 0
3531 0
3532 0
3533 0
3534 0
3535 0
3536 0
3537 0
3538 0
3539 0
3540 0
3541 0
3542 0
3543 0
3544 0
3545 0
3546 0
3547 0
3548 0
3549 0
3550 0
3551 0
3552 0
3553 0
3554 0
3555 0
3556 0
3557 0
3558 0
3559 0
3560 0
3561 0
3562 0
3563 0
3564 0
3565 0
3566 0
3567 0
3568 0
3569 0
3570 0
3571 0
3572 0
3573 0
3574 0
3575 0
3576 0
3577 0
3578 0
3579 0
3580 0
3581 0
3582 0
3583 0
3584 1
3585 0
3586 0
3587 0
3588 0
3589 0
3590 0
3591 0
3592 0
3593 0
3594 0
3595 0
3596 0
3597 0
3598 0
3599 0
3600 0
3601 0
3602 0
3603 0
3604 0
3605 0
3606 0
3607 0
3608 0
3609 0
3610 0
3611 0
3612 0
3613 0
3614 0
3615 0
3616 0
3617 0
3618 0
3619 0
3620 0
3621 0
3622 0
3623 0
3624 0
3625 0
3626 0
3627 0
3628 0
3629 0
3630 0
3631 0
3632 0
3633 0
3634 0
3635 0
3636 0
3637 0
3638 0
3639 0
3640 0
3641 0
3642 0
3643 1
3644 0
3645 0
3646 0
3647 0
3648 0
3649 0
3650 0
3651 0
3652 0
3653 0
3654 0
3655 0
3656 0
3657 0
3658 0
3659 0
3660 0
3661 0
3662 0
3663 0
3664 0
3665 0
3666 0
3667 0
3668 0
3669 1
3670 0
3671 0
3672 0
3673 0
3674 0
3675 0
3676 0
3677 0
3678 0
3679 0
3680 0
3681 0
3682 0
3683 0
3684 0
3685 0
3686 0
3687 0
3688 0
3689 0
3690 0
3691 0
3692 0
3693 0
3694 0
3695 0
3696 0
3697 0
3698 0
3699 0
3700 0
3701 0
3702 0
3703 0
3704 0
3705 0
3706 0
3707 0
3708 0
3709 0
3710 0
3711 0
3712 0
3713 0
3714 0
3715 0
3716 0
3717 0
3718 0
3719 0
3720 0
3721 0
3722 0
3723 0
3724 0
3725 0
3726 0
3727 0
3728 0
3729 0
3730 0
3731 0
3732 0
3733 0
3734 0
3735 0
3736 0
3737 0
3738 0
3739 0
3740 0
3741 0
3742 0
3743 0
3744 0
3745 0
3746 0
3747 0
3748 0
3749 0
3750 0
3751 0
3752 0
3753 0
3754 0
3755 0
3756 0
3757 0
3758 0
3759 0
3760 0
3761 0
3762 0
3763 0
3764 0
3765 0
3766 0
3767 0
3768 0
3769 0
3770 0
3771 0
3772 0
3773 0
3774 0
3775 0
3776 0
3777 0
3778 0
3779 0
3780 0
3781 0
3782 0
3783 0
3784 0
3785 0
3786 0
3787 0
3788 0
3789 0
3790 0
3791 0
3792 0
3793 0
3794 0
3795 0
3796 0
3797 0
3798 0
3799 0
3800 0
3801 0
3802 0
3803 0
3804 0
3805 0
3806 0
3807 0
3808 0
3809 0
3810 0
3811 0
3812 0
3813 0
3814 0
3815 0
3816 0
3817 0
3818 0
3819 0
3820 0
3821 0
3822 0
3823 0
3824 0
3825 0
3826 0
3827 0
3828 0
3829 0
3830 0
3831 0
3832 0
3833 0
3834 0
3835 0
3836 0
3837 0
3838 0
3839 0
3840 0
3841 0
3842 0
3843 0
3844 0
3845 0
3846 0
3847 0
3848 0
3849 0
3850 0
3851 0
3852 0
3853 0
3854 0
3855 0
3856 0
3857 0
3858 0
3859 0
3860 0
3861 0
3862 0
3863 0
3864 0
3865 0
3866 0
3867 0
3868 0
3869 0
3870 0
3871 0
3872 0
3873 0
3874 0
3875 0
3876 0
3877 0
3878 0
3879 0
3880 0
3881 0
3882 0
3883 0
3884 0
3885 0
3886 0
3887 0
3888 0
3889 0
3890 0
3891 0
3892 0
3893 0
3894 0
3895 0
3896 0
3897 0
3898 0
3899 0
3900 0
3901 0
3902 0
3903 0
3904 0
3905 0
3906 0
3907 0
3908 0
3909 0
3910 0
3911 0
3912 0
3913 0
3914 0
3915 0
3916 0
3917 0
3918 0
3919 0
3920 0
3921 0
3922 0
3923 0
3924 0
3925 0
3926 0
3927 0
3928 0
3929 0
3930 0
3931 0
3932 0
3933 0
3934 0
3935 0
3936 0
3937 0
3938 0
3939 0
3940 0
3941 0
3942 0
3943 0
3944 0
3945 0
3946 0
3947 0
3948 0
3949 0
3950 0
3951 0
3952 0
3953 0
3954 0
3955 0
3956 0
3957 0
3958 0
3959 0
3960 0
3961 0
3962 0
3963 0
3964 0
3965 0
3966 0
3967 0
3968 0
3969 0
3970 0
3971 0
3972 0
3973 0
3974 0
3975 0
3976 0
3977 0
3978 0
3979 0
3980 0
3981 0
3982 0
3983 0
3984 0
3985 0
3986 0
3987 0
3988 0
3989 0
3990 0
3991 0
3992 0
3993 0
3994 0
3995 0
3996 0
3997 0
3998 0
3999 0
4000 0
