0 0
1 0
2 0
3 0
4 0
5 0
6 0
7 0
8 0
9 0
10 0
11 0
12 0
13 0
14 0
15 0
16 0
17 0
18 0
19 0
20 0
21 0
22 0
23 0
24 0
25 0
26 0
27 0
28 0
29 0
30 0
31 0
32 0
33 0
34 0
35 0
36 0
37 0
38 0
39 0
40 0
41 0
42 0
43 0
44 0
45 0
46 0
47 0
48 0
49 0
50 0
51 0
52 0
53 0
54 0
55 0
56 0
57 0
58 0
59 0
60 0
61 0
62 0
63 0
64 0
65 0
66 0
67 0
68 0
69 0
70 0
71 0
72 0
73 0
74 0
75 0
76 0
77 0
78 0
79 0
80 0
81 0
82 0
83 0
84 0
85 0
86 4
87 17
88 24
89 30
90 20
91 21
92 13
93 19
94 25
95 21
96 14
97 15
98 12
99 12
100 14
101 10
102 13
103 8
104 9
105 9
106 9
107 8
108 9
109 6
110 27
111 109
112 508
113 1761
114 3792
115 5912
116 7307
117 8263
118 8602
119 8548
120 8051
121 7335
122 6531
123 5802
124 5141
125 4586
126 3885
127 3317
128 2934
129 2520
130 2232
131 1950
132 1752
133 1584
134 1530
135 1360
136 1329
137 1299
138 1313
139 1234
140 1212
141 1200
142 1240
143 1143
144 1219
145 1275
146 1248
147 1149
148 1299
149 1159
150 1240
151 1161
152 1197
153 1262
154 1275
155 1219
156 1231
157 1232
158 1200
159 1214
160 1177
161 1192
162 1188
163 1271
164 1208
165 1271
166 1183
167 1264
168 1222
169 1233
170 1245
171 1313
172 1258
173 1247
174 1258
175 1241
176 1316
177 1304
178 1258
179 1225
180 1291
181 1303
182 1299
183 1284
184 1270
185 1326
186 1208
187 1190
188 1235
189 1284
190 1251
191 1325
192 1289
193 1293
194 1264
195 1293
196 1272
197 1316
198 1294
199 1268
200 1271
201 1251
202 1330
203 1348
204 1224
205 1323
206 1271
207 1283
208 1302
209 1297
210 1318
211 1295
212 1331
213 1267
214 1351
215 1291
216 1294
217 1361
218 1295
219 1286
220 1274
221 1338
222 1257
223 1375
224 1272
225 1282
226 1338
227 1306
228 1223
229 1293
230 1326
231 1336
232 1348
233 1266
234 1249
235 1324
236 1340
237 1329
238 1340
239 1383
240 1313
241 1299
242 1242
243 1349
244 1333
245 1285
246 1300
247 1261
248 1353
249 1328
250 1265
251 1400
252 1295
253 1298
254 1305
255 1299
256 1313
257 1323
258 1301
259 1306
260 1262
261 1348
262 1321
263 1338
264 1292
265 1379
266 1351
267 1340
268 1331
269 1336
270 1370
271 1394
272 1347
273 1337
274 1312
275 1369
276 1421
277 1437
278 1357
279 1388
280 1385
281 1341
282 1427
283 1443
284 1430
285 1343
286 1332
287 1370
288 1437
289 1438
290 1404
291 1412
292 1355
293 1404
294 1403
295 1422
296 1490
297 1471
298 1428
299 1344
300 1450
301 1475
302 1498
303 1481
304 1398
305 1372
306 1491
307 1514
308 1534
309 1519
310 1413
311 1497
312 1495
313 1494
314 1529
315 1576
316 1563
317 1555
318 1531
319 1528
320 1538
321 1518
322 1595
323 1556
324 1511
325 1584
326 1591
327 1553
328 1557
329 1528
330 1626
331 1600
332 1596
333 1592
334 1719
335 1622
336 1569
337 1602
338 1638
339 1673
340 1581
341 1663
342 1694
343 1652
344 1579
345 1692
346 1645
347 1640
348 1637
349 1616
350 1682
351 1649
352 1625
353 1727
354 1794
355 1671
356 1657
357 1672
358 1653
359 1678
360 1769
361 1781
362 1666
363 1737
364 1721
365 1740
366 1750
367 1759
368 1787
369 1702
370 1760
371 1711
372 1779
373 1791
374 1696
375 1746
376 1800
377 1766
378 1776
379 1782
380 1849
381 1779
382 1700
383 1882
384 1797
385 1784
386 1774
387 1769
388 1784
389 1782
390 1797
391 1672
392 1787
393 1751
394 1767
395 1864
396 1813
397 1801
398 1822
399 1788
400 1854
401 1773
402 1780
403 1833
404 1814
405 1753
406 1749
407 1795
408 1866
409 1774
410 1775
411 1806
412 1765
413 1784
414 1767
415 1783
416 1768
417 1747
418 1806
419 1791
420 1840
421 1767
422 1752
423 1814
424 1806
425 1845
426 1800
427 1706
428 1809
429 1715
430 1727
431 1784
432 1717
433 1793
434 1738
435 1761
436 1729
437 1736
438 1758
439 1762
440 1761
441 1759
442 1797
443 1684
444 1726
445 1740
446 1758
447 1605
448 1648
449 1702
450 1727
451 1693
452 1672
453 1697
454 1731
455 1635
456 1642
457 1649
458 1679
459 1646
460 1613
461 1638
462 1648
463 1653
464 1626
465 1612
466 1646
467 1644
468 1616
469 1572
470 1613
471 1591
472 1613
473 1572
474 1557
475 1500
476 1531
477 1561
478 1557
479 1512
480 1521
481 1529
482 1513
483 1473
484 1484
485 1442
486 1450
487 1472
488 1446
489 1427
490 1518
491 1447
492 1374
493 1479
494 1298
495 1472
496 1410
497 1329
498 1368
499 1336
500 1376
501 1371
502 1345
503 1351
504 1278
505 1267
506 1264
507 1326
508 1293
509 1297
510 1252
511 1319
512 1257
513 1219
514 1280
515 1195
516 1305
517 1265
518 1213
519 1188
520 1184
521 1189
522 1174
523 1166
524 1190
525 1183
526 1180
527 1191
528 1119
529 1072
530 1188
531 1137
532 1047
533 1079
534 1062
535 1057
536 1094
537 1039
538 1109
539 1069
540 1021
541 1028
542 1016
543 1073
544 998
545 1002
546 1034
547 993
548 1029
549 956
550 943
551 944
552 911
553 902
554 976
555 852
556 887
557 860
558 944
559 923
560 899
561 843
562 868
563 860
564 845
565 853
566 882
567 819
568 797
569 807
570 852
571 821
572 823
573 809
574 791
575 809
576 804
577 823
578 783
579 754
580 784
581 801
582 730
583 711
584 756
585 745
586 703
587 803
588 749
589 676
590 711
591 711
592 685
593 692
594 633
595 665
596 681
597 635
598 582
599 655
600 634
601 617
602 665
603 567
604 647
605 598
606 556
607 601
608 563
609 602
610 585
611 581
612 613
613 567
614 611
615 560
616 550
617 572
618 573
619 561
620 506
621 557
622 570
623 525
624 521
625 492
626 524
627 521
628 498
629 484
630 469
631 491
632 498
633 487
634 500
635 499
636 447
637 458
638 455
639 442
640 464
641 444
642 466
643 444
644 432
645 440
646 444
647 423
648 403
649 431
650 435
651 394
652 428
653 424
654 374
655 413
656 408
657 418
658 421
659 402
660 391
661 395
662 368
663 400
664 375
665 370
666 377
667 353
668 361
669 339
670 383
671 314
672 376
673 321
674 367
675 361
676 333
677 305
678 342
679 331
680 356
681 345
682 325
683 324
684 323
685 313
686 332
687 275
688 320
689 345
690 338
691 293
692 308
693 319
694 319
695 290
696 333
697 326
698 319
699 286
700 310
701 306
702 284
703 299
704 272
705 296
706 273
707 303
708 263
709 268
710 301
711 284
712 263
713 263
714 246
715 289
716 265
717 263
718 245
719 295
720 290
721 263
722 271
723 287
724 234
725 278
726 236
727 259
728 274
729 258
730 222
731 283
732 267
733 238
734 235
735 239
736 254
737 234
738 230
739 231
740 237
741 237
742 252
743 226
744 248
745 250
746 254
747 224
748 231
749 233
750 223
751 235
752 245
753 233
754 258
755 226
756 224
757 243
758 205
759 199
760 255
761 215
762 242
763 256
764 221
765 244
766 223
767 210
768 214
769 224
770 198
771 210
772 217
773 224
774 218
775 216
776 234
777 253
778 191
779 218
780 220
781 219
782 177
783 233
784 236
785 215
786 211
787 221
788 238
789 231
790 219
791 231
792 209
793 218
794 204
795 210
796 225
797 206
798 242
799 227
800 216
801 218
802 239
803 210
804 209
805 210
806 204
807 191
808 206
809 195
810 203
811 218
812 185
813 214
814 197
815 216
816 196
817 213
818 204
819 221
820 197
821 198
822 206
823 199
824 203
825 208
826 197
827 198
828 191
829 187
830 188
831 210
832 189
833 194
834 245
835 238
836 196
837 209
838 224
839 190
840 209
841 191
842 204
843 211
844 202
845 189
846 200
847 203
848 167
849 195
850 202
851 206
852 194
853 207
854 203
855 205
856 194
857 195
858 180
859 205
860 183
861 180
862 188
863 204
864 230
865 185
866 188
867 196
868 225
869 185
870 210
871 203
872 197
873 199
874 198
875 178
876 201
877 190
878 203
879 179
880 196
881 203
882 184
883 180
884 217
885 187
886 211
887 176
888 207
889 185
890 213
891 190
892 184
893 178
894 191
895 183
896 210
897 202
898 216
899 188
900 207
901 181
902 176
903 193
904 201
905 173
906 199
907 178
908 198
909 197
910 203
911 185
912 163
913 198
914 191
915 204
916 190
917 208
918 191
919 177
920 186
921 186
922 167
923 180
924 179
925 170
926 186
927 177
928 188
929 190
930 157
931 207
932 199
933 160
934 192
935 182
936 179
937 197
938 187
939 185
940 192
941 205
942 179
943 180
944 183
945 173
946 216
947 169
948 202
949 176
950 193
951 192
952 191
953 185
954 170
955 182
956 193
957 191
958 184
959 177
960 169
961 175
962 185
963 211
964 178
965 180
966 184
967 195
968 163
969 193
970 194
971 205
972 162
973 174
974 186
975 153
976 173
977 177
978 173
979 182
980 174
981 166
982 166
983 172
984 179
985 191
986 176
987 156
988 168
989 162
990 173
991 168
992 174
993 176
994 181
995 191
996 173
997 165
998 167
999 170
1000 179
1001 192
1002 186
1003 164
1004 192
1005 150
1006 166
1007 154
1008 184
1009 165
1010 171
1011 156
1012 170
1013 163
1014 177
1015 185
1016 173
1017 202
1018 189
1019 163
1020 198
1021 177
1022 168
1023 180
1024 148
1025 178
1026 131
1027 168
1028 162
1029 167
1030 166
1031 174
1032 170
1033 163
1034 182
1035 166
1036 169
1037 154
1038 138
1039 166
1040 171
1041 171
1042 190
1043 151
1044 165
1045 172
1046 177
1047 166
1048 158
1049 155
1050 169
1051 148
1052 167
1053 166
1054 155
1055 185
1056 151
1057 170
1058 163
1059 165
1060 162
1061 141
1062 130
1063 167
1064 135
1065 158
1066 168
1067 172
1068 158
1069 136
1070 129
1071 155
1072 157
1073 175
1074 149
1075 165
1076 181
1077 163
1078 131
1079 152
1080 141
1081 145
1082 140
1083 128
1084 148
1085 143
1086 146
1087 146
1088 154
1089 152
1090 143
1091 165
1092 149
1093 158
1094 155
1095 122
1096 152
1097 171
1098 165
1099 141
1100 155
1101 140
1102 157
1103 147
1104 179
1105 135
1106 136
1107 152
1108 137
1109 143
1110 136
1111 117
1112 125
1113 130
1114 138
1115 115
1116 140
1117 138
1118 167
1119 127
1120 125
1121 139
1122 138
1123 126
1124 140
1125 130
1126 130
1127 121
1128 118
1129 132
1130 134
1131 144
1132 136
1133 125
1134 113
1135 137
1136 114
1137 126
1138 149
1139 119
1140 138
1141 118
1142 133
1143 136
1144 109
1145 153
1146 116
1147 119
1148 135
1149 128
1150 127
1151 122
1152 132
1153 99
1154 123
1155 118
1156 124
1157 126
1158 114
1159 138
1160 111
1161 123
1162 116
1163 119
1164 104
1165 134
1166 107
1167 118
1168 109
1169 111
1170 123
1171 112
1172 110
1173 116
1174 90
1175 114
1176 113
1177 108
1178 110
1179 113
1180 124
1181 111
1182 107
1183 124
1184 102
1185 122
1186 119
1187 113
1188 113
1189 116
1190 92
1191 104
1192 96
1193 112
1194 113
1195 98
1196 105
1197 106
1198 117
1199 88
1200 97
1201 110
1202 102
1203 113
1204 109
1205 112
1206 94
1207 98
1208 106
1209 99
1210 84
1211 71
1212 108
1213 94
1214 113
1215 95
1216 123
1217 107
1218 93
1219 80
1220 90
1221 105
1222 95
1223 84
1224 98
1225 95
1226 114
1227 96
1228 97
1229 105
1230 86
1231 84
1232 76
1233 97
1234 107
1235 102
1236 104
1237 111
1238 94
1239 79
1240 96
1241 103
1242 87
1243 97
1244 90
1245 85
1246 80
1247 101
1248 88
1249 99
1250 94
1251 83
1252 81
1253 86
1254 92
1255 76
1256 70
1257 99
1258 63
1259 66
1260 107
1261 70
1262 70
1263 83
1264 73
1265 72
1266 66
1267 78
1268 86
1269 83
1270 76
1271 76
1272 88
1273 67
1274 74
1275 78
1276 90
1277 70
1278 90
1279 67
1280 90
1281 66
1282 83
1283 90
1284 73
1285 67
1286 78
1287 69
1288 72
1289 73
1290 70
1291 79
1292 66
1293 73
1294 71
1295 74
1296 84
1297 60
1298 75
1299 82
1300 71
1301 87
1302 55
1303 56
1304 77
1305 64
1306 60
1307 77
1308 68
1309 58
1310 72
1311 53
1312 75
1313 74
1314 65
1315 67
1316 66
1317 62
1318 62
1319 75
1320 65
1321 63
1322 56
1323 59
1324 57
1325 55
1326 75
1327 45
1328 61
1329 50
1330 58
1331 69
1332 54
1333 52
1334 55
1335 62
1336 62
1337 44
1338 60
1339 49
1340 49
1341 50
1342 55
1343 53
1344 50
1345 52
1346 52
1347 39
1348 43
1349 58
1350 40
1351 65
1352 53
1353 55
1354 66
1355 60
1356 52
1357 61
1358 41
1359 58
1360 54
1361 49
1362 52
1363 59
1364 48
1365 57
1366 57
1367 58
1368 50
1369 51
1370 48
1371 53
1372 45
1373 44
1374 44
1375 48
1376 51
1377 47
1378 49
1379 37
1380 50
1381 52
1382 51
1383 43
1384 44
1385 56
1386 52
1387 46
1388 37
1389 56
1390 41
1391 43
1392 44
1393 39
1394 55
1395 37
1396 47
1397 38
1398 39
1399 49
1400 44
1401 39
1402 40
1403 47
1404 40
1405 35
1406 35
1407 37
1408 38
1409 47
1410 42
1411 30
1412 39
1413 41
1414 35
1415 39
1416 42
1417 40
1418 40
1419 36
1420 38
1421 37
1422 47
1423 27
1424 39
1425 44
1426 29
1427 43
1428 32
1429 48
1430 39
1431 29
1432 29
1433 35
1434 27
1435 40
1436 34
1437 38
1438 32
1439 45
1440 28
1441 36
1442 38
1443 32
1444 27
1445 36
1446 32
1447 25
1448 37
1449 32
1450 28
1451 32
1452 29
1453 34
1454 21
1455 29
1456 29
1457 20
1458 24
1459 36
1460 24
1461 37
1462 27
1463 19
1464 20
1465 25
1466 38
1467 33
1468 27
1469 29
1470 32
1471 28
1472 32
1473 32
1474 27
1475 30
1476 28
1477 24
1478 19
1479 27
1480 26
1481 19
1482 25
1483 33
1484 25
1485 28
1486 22
1487 28
1488 21
1489 26
1490 27
1491 32
1492 24
1493 20
1494 29
1495 20
1496 19
1497 18
1498 19
1499 20
1500 33
1501 28
1502 14
1503 27
1504 22
1505 25
1506 24
1507 22
1508 28
1509 22
1510 27
1511 22
1512 20
1513 22
1514 20
1515 20
1516 19
1517 22
1518 23
1519 23
1520 18
1521 13
1522 21
1523 15
1524 24
1525 17
1526 18
1527 17
1528 21
1529 12
1530 16
1531 26
1532 19
1533 17
1534 20
1535 18
1536 25
1537 26
1538 17
1539 15
1540 18
1541 16
1542 23
1543 21
1544 15
1545 16
1546 15
1547 19
1548 17
1549 20
1550 13
1551 18
1552 17
1553 28
1554 18
1555 19
1556 14
1557 16
1558 22
1559 10
1560 18
1561 17
1562 14
1563 10
1564 14
1565 34
1566 9
1567 26
1568 15
1569 13
1570 16
1571 11
1572 7
1573 19
1574 18
1575 20
1576 14
1577 19
1578 18
1579 13
1580 19
1581 21
1582 8
1583 17
1584 15
1585 21
1586 18
1587 11
1588 5
1589 12
1590 12
1591 19
1592 15
1593 8
1594 15
1595 25
1596 11
1597 15
1598 20
1599 12
1600 20
1601 9
1602 18
1603 17
1604 18
1605 8
1606 11
1607 10
1608 11
1609 20
1610 9
1611 17
1612 12
1613 9
1614 18
1615 14
1616 14
1617 13
1618 14
1619 12
1620 9
1621 9
1622 12
1623 15
1624 14
1625 5
1626 9
1627 8
1628 16
1629 14
1630 22
1631 7
1632 8
1633 8
1634 9
1635 11
1636 1
1637 10
1638 13
1639 10
1640 20
1641 12
1642 14
1643 11
1644 8
1645 10
1646 12
1647 10
1648 12
1649 13
1650 17
1651 6
1652 7
1653 7
1654 8
1655 8
1656 15
1657 7
1658 7
1659 16
1660 6
1661 13
1662 5
1663 5
1664 8
1665 8
1666 5
1667 12
1668 7
1669 7
1670 4
1671 9
1672 6
1673 12
1674 10
1675 4
1676 11
1677 5
1678 6
1679 7
1680 7
1681 13
1682 7
1683 9
1684 9
1685 2
1686 9
1687 4
1688 7
1689 8
1690 13
1691 8
1692 9
1693 6
1694 7
1695 5
1696 10
1697 11
1698 9
1699 6
1700 3
1701 5
1702 10
1703 4
1704 3
1705 6
1706 7
1707 3
1708 7
1709 7
1710 6
1711 8
1712 7
1713 5
1714 13
1715 6
1716 7
1717 4
1718 9
1719 6
1720 5
1721 3
1722 2
1723 8
1724 4
1725 5
1726 6
1727 3
1728 5
1729 4
1730 4
1731 8
1732 6
1733 5
1734 4
1735 4
1736 4
1737 6
1738 6
1739 5
1740 5
1741 3
1742 6
1743 6
1744 6
1745 8
1746 4
1747 5
1748 3
1749 3
1750 4
1751 5
1752 4
1753 9
1754 6
1755 6
1756 4
1757 6
1758 3
1759 4
1760 3
1761 6
1762 4
1763 4
1764 2
1765 4
1766 5
1767 4
1768 4
1769 5
1770 4
1771 2
1772 2
1773 3
1774 4
1775 3
1776 4
1777 3
1778 4
1779 6
1780 4
1781 6
1782 5
1783 7
1784 2
1785 5
1786 7
1787 2
1788 3
1789 3
1790 6
1791 4
1792 2
1793 6
1794 7
1795 4
1796 8
1797 3
1798 3
1799 2
1800 2
1801 4
1802 8
1803 3
1804 1
1805 2
1806 2
1807 3
1808 2
1809 1
1810 4
1811 2
1812 2
1813 2
1814 2
1815 3
1816 0
1817 1
1818 0
1819 1
1820 3
1821 3
1822 1
1823 2
1824 3
1825 1
1826 1
1827 4
1828 2
1829 1
1830 0
1831 2
1832 3
1833 1
1834 3
1835 3
1836 3
1837 2
1838 0
1839 2
1840 1
1841 3
1842 1
1843 3
1844 4
1845 3
1846 1
1847 4
1848 1
1849 1
1850 2
1851 2
1852 2
1853 2
1854 1
1855 1
1856 0
1857 4
1858 3
1859 3
1860 2
1861 2
1862 0
1863 1
1864 1
1865 2
1866 1
1867 2
1868 2
1869 1
1870 2
1871 1
1872 1
1873 3
1874 1
1875 1
1876 3
1877 1
1878 1
1879 2
1880 2
1881 1
1882 3
1883 2
1884 2
1885 1
1886 1
1887 3
1888 0
1889 1
1890 1
1891 2
1892 1
1893 3
1894 1
1895 2
1896 1
1897 1
1898 2
1899 1
1900 1
1901 1
1902 3
1903 0
1904 0
1905 2
1906 3
1907 2
1908 0
1909 0
1910 0
1911 2
1912 1
1913 1
1914 0
1915 1
1916 2
1917 1
1918 3
1919 2
1920 1
1921 1
1922 0
1923 1
1924 0
1925 1
1926 0
1927 0
1928 1
1929 0
1930 1
1931 2
1932 3
1933 3
1934 2
1935 0
1936 0
1937 2
1938 0
1939 0
1940 0
1941 0
1942 2
1943 2
1944 1
1945 1
1946 0
1947 1
1948 3
1949 1
1950 2
1951 1
1952 0
1953 2
1954 0
1955 1
1956 2
1957 0
1958 1
1959 1
1960 0
1961 1
1962 0
1963 2
1964 2
1965 0
1966 2
1967 0
1968 2
1969 1
1970 1
1971 0
1972 2
1973 2
1974 1
1975 0
1976 0
1977 0
1978 1
1979 0
1980 0
1981 0
1982 0
1983 2
1984 1
1985 0
1986 1
1987 0
1988 0
1989 0
1990 1
1991 1
1992 0
1993 0
1994 0
1995 0
1996 1
1997 2
1998 0
1999 1
2000 2
2001 0
2002 1
2003 0
2004 0
2005 0
2006 1
2007 0
2008 0
2009 0
2010 1
2011 1
2012 0
2013 0
2014 1
2015 1
2016 0
2017 0
2018 0
2019 0
2020 2
2021 0
2022 0
2023 0
2024 0
2025 1
2026 0
2027 1
2028 0
2029 0
2030 0
2031 1
2032 1
2033 0
2034 1
2035 0
2036 0
2037 1
2038 0
2039 0
2040 0
2041 2
2042 1
2043 2
2044 0
2045 1
2046 0
2047 1
2048 1
2049 1
2050 0
2051 0
2052 0
2053 0
2054 0
2055 0
2056 1
2057 0
2058 1
2059 0
2060 0
2061 0
2062 1
2063 0
2064 1
2065 0
2066 1
2067 0
2068 0
2069 0
2070 0
2071 1
2072 0
2073 1
2074 0
2075 1
2076 0
2077 0
2078 0
2079 1
2080 0
2081 0
2082 0
2083 2
2084 2
2085 0
2086 0
2087 0
2088 0
2089 1
2090 0
2091 0
2092 0
2093 0
2094 0
2095 0
2096 0
2097 0
2098 0
2099 0
2100 0
2101 0
2102 0
2103 1
2104 0
2105 1
2106 1
2107 0
2108 0
2109 0
2110 1
2111 0
2112 0
2113 2
2114 0
2115 0
2116 0
2117 0
2118 0
2119 0
2120 0
2121 0
2122 1
2123 0
2124 0
2125 0
2126 0
2127 0
2128 0
2129 0
2130 0
2131 0
2132 0
2133 0
2134 0
2135 0
2136 0
2137 0
2138 0
2139 0
2140 0
2141 0
2142 0
2143 0
2144 0
2145 0
2146 0
2147 1
2148 0
2149 1
2150 0
2151 0
2152 0
2153 0
2154 0
2155 1
2156 1
2157 1
2158 0
2159 0
2160 0
2161 0
2162 0
2163 0
2164 0
2165 0
2166 0
2167 0
2168 1
2169 0
2170 0
2171 0
2172 0
2173 0
2174 0
2175 0
2176 0
2177 0
2178 0
2179 0
2180 0
2181 0
2182 1
2183 1
2184 0
2185 0
2186 0
2187 0
2188 0
2189 0
2190 0
2191 0
2192 0
2193 0
2194 0
2195 0
2196 0
2197 0
2198 0
2199 0
2200 0
2201 0
2202 0
2203 1
2204 0
2205 0
2206 0
2207 0
2208 0
2209 0
2210 0
2211 0
2212 0
2213 0
2214 0
2215 0
2216 0
2217 0
2218 0
2219 0
2220 0
2221 0
2222 0
2223 0
2224 0
2225 1
2226 0
2227 0
2228 0
2229 0
2230 0
2231 0
2232 0
2233 0
2234 0
2235 0
2236 0
2237 0
2238 0
2239 0
2240 0
2241 0
2242 0
2243 0
2244 0
2245 0
2246 0
2247 0
2248 0
2249 1
2250 0
2251 0
2252 0
2253 0
2254 0
2255 0
2256 0
2257 0
2258 0
2259 0
2260 0
2261 0
2262 0
2263 0
2264 0
2265 0
2266 0
2267 0
2268 0
2269 0
2270 0
2271 0
2272 0
2273 0
2274 0
2275 1
2276 0
2277 0
2278 0
2279 0
2280 0
2281 0
2282 0
2283 0
2284 0
2285 0
2286 0
2287 0
2288 0
2289 0
2290 0
2291 0
2292 0
2293 0
2294 0
2295 0
2296 0
2297 0
2298 0
2299 0
2300 0
2301 0
2302 0
2303 0
2304 0
2305 1
2306 0
2307 0
2308 0
2309 0
2310 0
2311 0
2312 0
2313 0
2314 0
2315 0
2316 0
2317 0
2318 0
2319 0
2320 1
2321 0
2322 0
2323 0
2324 0
2325 0
2326 0
2327 0
2328 0
2329 0
2330 0
2331 0
2332 0
2333 0
2334 0
2335 0
2336 0
2337 0
2338 1
2339 0
2340 0
2341 0
2342 0
2343 0
2344 0
2345 0
2346 0
2347 0
2348 0
2349 0
2350 0
2351 0
2352 0
2353 0
2354 0
2355 0
2356 0
2357 0
2358 0
2359 0
2360 0
2361 0
2362 0
2363 1
2364 0
2365 0
2366 0
2367 0
2368 0
2369 0
2370 0
2371 0
2372 0
2373 0
2374 0
2375 1
2376 0
2377 0
2378 0
2379 0
2380 0
2381 0
2382 0
2383 0
2384 0
2385 0
2386 0
2387 1
2388 0
2389 0
2390 0
2391 0
2392 0
2393 0
2394 0
2395 0
2396 0
2397 0
2398 0
2399 0
2400 0
2401 0
2402 0
2403 0
2404 0
2405 0
2406 0
2407 0
2408 0
2409 0
2410 0
2411 0
2412 0
2413 0
2414 0
2415 0
2416 1
2417 0
2418 0
2419 0
2420 0
2421 0
2422 0
2423 0
2424 0
2425 0
2426 0
2427 0
2428 1
2429 0
2430 0
2431 0
2432 0
2433 0
2434 0
2435 0
2436 0
2437 0
2438 0
2439 0
2440 0
2441 0
2442 0
2443 0
2444 1
2445 0
2446 0
2447 0
2448 1
2449 0
2450 0
2451 0
2452 0
2453 0
2454 0
2455 0
2456 0
2457 0
2458 0
2459 0
2460 0
2461 0
2462 1
2463 0
2464 0
2465 0
2466 0
2467 0
2468 0
2469 0
2470 0
2471 0
2472 0
2473 0
2474 0
2475 0
2476 0
2477 0
2478 0
2479 0
2480 0
2481 0
2482 0
2483 0
2484 0
2485 0
2486 0
2487 0
2488 0
2489 0
2490 0
2491 0
2492 0
2493 0
2494 0
2495 0
2496 0
2497 0
2498 0
2499 0
2500 0
2501 0
2502 0
2503 0
2504 0
2505 0
2506 0
2507 0
2508 0
2509 0
2510 0
2511 0
2512 0
2513 0
2514 0
2515 0
2516 0
2517 0
2518 0
2519 0
2520 0
2521 0
2522 0
2523 0
2524 0
2525 0
2526 0
2527 0
2528 0
2529 0
2530 0
2531 0
2532 0
2533 0
2534 0
2535 0
2536 0
2537 0
2538 0
2539 0
2540 0
2541 0
2542 0
2543 0
2544 0
2545 0
2546 0
2547 0
2548 0
2549 0
2550 0
2551 0
2552 0
2553 0
2554 0
2555 0
2556 0
2557 0
2558 0
2559 0
2560 0
2561 0
2562 0
2563 0
2564 0
2565 0
2566 0
2567 0
2568 0
2569 0
2570 1
2571 0
2572 0
2573 0
2574 0
2575 0
2576 0
2577 0
2578 0
2579 0
2580 0
2581 0
2582 0
2583 0
2584 0
2585 0
2586 0
2587 0
2588 0
2589 0
2590 0
2591 0
2592 0
2593 0
2594 0
2595 0
2596 0
2597 0
2598 0
2599 0
2600 0
2601 0
2602 0
2603 0
2604 0
2605 0
2606 0
2607 0
2608 0
2609 0
2610 1
2611 0
2612 0
2613 0
2614 0
2615 0
2616 0
2617 0
2618 0
2619 0
2620 0
2621 0
2622 0
2623 0
2624 0
2625 0
2626 0
2627 0
2628 0
2629 0
2630 0
2631 0
2632 0
2633 0
2634 0
2635 0
2636 0
2637 1
2638 0
2639 0
2640 0
2641 0
2642 0
2643 0
2644 0
2645 0
2646 0
2647 0
2648 0
2649 0
2650 0
2651 0
2652 0
2653 0
2654 0
2655 0
2656 0
2657 0
2658 0
2659 1
2660 0
2661 0
2662 0
2663 0
2664 0
2665 0
2666 0
2667 0
2668 0
2669 0
2670 0
2671 0
2672 0
2673 0
2674 0
2675 0
2676 0
2677 0
2678 0
2679 0
2680 0
2681 0
2682 0
2683 0
2684 0
2685 0
2686 0
2687 0
2688 0
2689 0
2690 0
2691 0
2692 0
2693 0
2694 0
2695 0
2696 0
2697 0
2698 0
2699 0
2700 0
2701 0
2702 0
2703 0
2704 0
2705 0
2706 0
2707 0
2708 0
2709 0
2710 0
2711 0
2712 0
2713 0
2714 0
2715 0
2716 0
2717 0
2718 0
2719 0
2720 0
2721 0
2722 0
2723 0
2724 0
2725 0
2726 0
2727 0
2728 0
2729 0
2730 0
2731 0
2732 0
2733 0
2734 0
2735 0
2736 0
2737 0
2738 0
2739 0
2740 0
2741 0
2742 0
2743 0
2744 0
2745 0
2746 0
2747 0
2748 0
2749 0
2750 0
2751 0
2752 0
2753 0
2754 0
2755 0
2756 0
2757 0
2758 0
2759 0
2760 0
2761 0
2762 0
2763 0
2764 0
2765 0
2766 0
2767 0
2768 0
2769 0
2770 0
2771 0
2772 0
2773 0
2774 0
2775 0
2776 0
2777 0
2778 0
2779 0
2780 0
2781 0
2782 0
2783 0
2784 0
2785 0
2786 0
2787 0
2788 0
2789 0
2790 0
2791 0
2792 0
2793 0
2794 0
2795 0
2796 0
2797 0
2798 0
2799 0
2800 0
2801 0
2802 0
2803 0
2804 0
2805 0
2806 0
2807 0
2808 0
2809 0
2810 0
2811 0
2812 0
2813 0
2814 0
2815 0
2816 0
2817 0
2818 0
2819 0
2820 0
2821 0
2822 0
2823 0
2824 0
2825 0
2826 0
2827 0
2828 0
2829 0
2830 0
2831 0
2832 0
2833 0
2834 0
2835 0
2836 0
2837 0
2838 0
2839 0
2840 0
2841 0
2842 0
2843 0
2844 0
2845 0
2846 0
2847 0
2848 0
2849 0
2850 0
2851 0
2852 0
2853 0
2854 0
2855 0
2856 0
2857 0
2858 0
2859 0
2860 0
2861 0
2862 0
2863 0
2864 0
2865 0
2866 0
2867 0
2868 0
2869 0
2870 0
2871 0
2872 0
2873 0
2874 0
2875 0
2876 0
2877 0
2878 0
2879 0
2880 0
2881 0
2882 0
2883 0
2884 0
2885 0
2886 0
2887 0
2888 0
2889 0
2890 0
2891 0
2892 0
2893 0
2894 0
2895 0
2896 0
2897 0
2898 0
2899 0
2900 0
2901 1
2902 0
2903 0
2904 0
2905 0
2906 0
2907 0
2908 0
2909 0
2910 0
2911 0
2912 0
2913 0
2914 0
2915 0
2916 0
2917 0
2918 0
2919 0
2920 0
2921 0
2922 1
2923 0
2924 0
2925 0
2926 0
2927 0
2928 0
2929 0
2930 0
2931 0
2932 0
2933 1
2934 0
2935 0
2936 0
2937 0
2938 0
2939 0
2940 1
2941 0
2942 0
2943 0
2944 0
2945 0
2946 0
2947 0
2948 0
2949 0
2950 0
2951 0
2952 0
2953 0
2954 0
2955 0
2956 0
2957 0
2958 0
2959 0
2960 0
2961 0
2962 0
2963 0
2964 0
2965 0
2966 0
2967 0
2968 0
2969 0
2970 0
2971 0
2972 0
2973 0
2974 0
2975 0
2976 0
2977 0
2978 0
2979 0
2980 0
2981 0
2982 0
2983 0
2984 0
2985 0
2986 0
2987 0
2988 0
2989 0
2990 0
2991 0
2992 0
2993 0
2994 0
2995 0
2996 0
2997 0
2998 0
2999 0
3000 0
3001 0
3002 0
3003 0
3004 0
3005 0
3006 0
3007 0
3008 0
3009 0
3010 0
3011 0
3012 0
3013 0
3014 0
3015 0
3016 0
3017 0
3018 1
3019 0
3020 0
3021 0
3022 0
3023 0
3024 0
3025 0
3026 0
3027 0
3028 0
3029 0
3030 0
3031 0
3032 0
3033 0
3034 0
3035 0
3036 0
3037 0
3038 0
3039 0
3040 0
3041 0
3042 0
3043 1
3044 0
3045 0
3046 0
3047 0
3048 0
3049 0
3050 0
3051 0
3052 0
3053 0
3054 0
3055 0
3056 0
3057 0
3058 0
3059 0
3060 0
3061 0
3062 0
3063 0
3064 0
3065 0
3066 0
3067 0
3068 0
3069 0
3070 0
3071 0
3072 0
3073 0
3074 0
3075 0
3076 0
3077 0
3078 0
3079 0
3080 0
3081 0
3082 0
3083 1
3084 0
3085 0
3086 0
3087 0
3088 0
3089 0
3090 0
3091 0
3092 0
3093 0
3094 0
3095 0
3096 0
3097 0
3098 0
3099 0
3100 0
3101 0
3102 0
3103 0
3104 0
3105 0
3106 0
3107 0
3108 0
3109 0
3110 0
3111 0
3112 0
3113 0
3114 0
3115 0
3116 0
3117 0
3118 0
3119 0
3120 0
3121 0
3122 0
3123 0
3124 0
3125 0
3126 0
3127 0
3128 0
3129 0
3130 0
3131 0
3132 0
3133 0
3134 0
3135 0
3136 0
3137 0
3138 0
3139 0
3140 0
3141 0
3142 0
3143 0
3144 0
3145 0
3146 0
3147 0
3148 0
3149 0
3150 0
3151 0
3152 0
3153 0
3154 0
3155 0
3156 0
3157 0
3158 0
3159 0
3160 0
3161 0
3162 0
3163 0
3164 0
3165 0
3166 0
3167 0
3168 0
3169 0
3170 0
3171 0
3172 0
3173 0
3174 0
3175 0
3176 0
3177 0
3178 0
3179 0
3180 0
3181 0
3182 0
3183 0
3184 0
3185 0
3186 0
3187 0
3188 0
3189 0
3190 0
3191 0
3192 0
3193 0
3194 0
3195 0
3196 0
3197 0
3198 0
3199 0
3200 0
3201 0
3202 0
3203 0
3204 0
3205 0
3206 0
3207 0
3208 0
3209 0
3210 0
3211 0
3212 0
3213 0
3214 0
3215 0
3216 0
3217 0
3218 0
3219 0
3220 0
3221 0
3222 0
3223 0
3224 0
3225 0
3226 0
3227 0
3228 0
3229 0
3230 0
3231 0
3232 0
3233 0
3234 0
3235 0
3236 0
3237 0
3238 0
3239 0
3240 0
3241 0
3242 0
3243 0
3244 0
3245 0
3246 0
3247 0
3248 0
3249 0
3250 0
3251 1
3252 0
3253 0
3254 0
3255 0
3256 0
3257 0
3258 0
3259 0
3260 0
3261 0
3262 0
3263 0
3264 0
3265 0
3266 0
3267 0
3268 0
3269 0
3270 0
3271 0
3272 0
3273 0
3274 0
3275 0
3276 0
3277 1
3278 0
3279 0
3280 0
3281 0
3282 0
3283 0
3284 0
3285 0
3286 0
3287 0
3288 0
3289 0
3290 0
3291 0
3292 0
3293 0
3294 0
3295 0
3296 0
3297 0
3298 0
3299 0
3300 0
3301 0
3302 0
3303 0
3304 0
3305 0
3306 0
3307 0
3308 0
3309 0
3310 0
3311 0
3312 0
3313 0
3314 0
3315 0
3316 0
3317 0
3318 0
3319 0
3320 0
3321 0
3322 0
3323 0
3324 0
3325 0
3326 0
3327 0
3328 0
3329 0
3330 0
3331 0
3332 0
3333 0
3334 0
3335 0
3336 0
3337 0
3338 0
3339 0
3340 0
3341 0
3342 0
3343 0
3344 0
3345 0
3346 0
3347 0
3348 0
3349 0
3350 0
3351 0
3352 0
3353 0
3354 0
3355 0
3356 0
3357 0
3358 0
3359 0
3360 0
3361 0
3362 0
3363 0
3364 0
3365 0
3366 0
3367 0
3368 0
3369 0
3370 0
3371 0
3372 0
3373 0
3374 0
3375 0
3376 0
3377 0
3378 0
3379 0
3380 0
3381 0
3382 0
3383 0
3384 0
3385 0
3386 0
3387 0
3388 0
3389 0
3390 0
3391 0
3392 0
3393 0
3394 0
3395 0
3396 0
3397 0
3398 0
3399 0
3400 0
3401 0
3402 0
3403 0
3404 0
3405 0
3406 0
3407 0
3408 0
3409 0
3410 0
3411 0
3412 0
3413 0
3414 0
3415 0
3416 0
3417 0
3418 0
3419 0
3420 0
3421 0
3422 0
3423 0
3424 0
3425 0
3426 0
3427 0
3428 0
3429 0
3430 0
3431 0
3432 0
3433 0
3434 0
3435 0
3436 0
3437 0
3438 0
3439 0
3440 0
3441 0
3442 0
3443 0
3444 1
3445 0
3446 1
3447 0
3448 0
3449 0
3450 0
3451 0
3452 0
3453 0
3454 0
3455 1
3456 0
3457 0
3458 0
3459 0
3460 0
3461 0
3462 0
3463 0
3464 0
3465 0
3466 0
3467 0
3468 0
3469 0
3470 0
3471 0
3472 0
3473 0
3474 0
3475 0
3476 0
3477 0
3478 0
3479 0
3480 0
3481 0
3482 0
3483 0
3484 0
3485 0
3486 0
3487 0
3488 0
3489 0
3490 0
3491 0
3492 0
3493 0
3494 0
3495 0
3496 0
3497 0
3498 0
3499 0
3500 0
3501 0
3502 0
3503 0
3504 0
3505 0
3506 0
3507 0
3508 0
3509 0
3510 0
3511 0
3512 0
3513 0
3514 0
3515 0
3516 0
3517 0
3518 0
3519 0
3520 0
3521 0
3522 0
3523 0
3524 0
3525 0
3526 0
3527 0
3528 0
3529 0
3530 0
3531 0
3532 1
3533 0
3534 0
3535 0
3536 0
3537 0
3538 0
3539 0
3540 0
3541 1
3542 0
3543 0
3544 0
3545 0
3546 0
3547 0
3548 0
3549 0
3550 0
3551 0
3552 0
3553 0
3554 0
3555 0
3556 0
3557 0
3558 0
3559 0
3560 0
3561 0
3562 0
3563 0
3564 0
3565 0
3566 0
3567 0
3568 0
3569 0
3570 0
3571 0
3572 0
3573 0
3574 0
3575 0
3576 0
3577 0
3578 0
3579 0
3580 0
3581 0
3582 0
3583 0
3584 0
3585 0
3586 0
3587 0
3588 0
3589 0
3590 0
3591 0
3592 0
3593 0
3594 0
3595 0
3596 0
3597 1
3598 0
3599 0
3600 0
3601 0
3602 0
3603 0
3604 0
3605 0
3606 0
3607 0
3608 0
3609 0
3610 0
3611 0
3612 0
3613 0
3614 0
3615 0
3616 0
3617 0
3618 0
3619 0
3620 0
3621 0
3622 0
3623 0
3624 0
3625 0
3626 0
3627 0
3628 0
3629 0
3630 0
3631 0
3632 0
3633 0
3634 0
3635 0
3636 0
3637 0
3638 0
3639 0
3640 0
3641 0
3642 0
3643 0
3644 0
3645 0
3646 0
3647 0
3648 0
3649 0
3650 0
3651 0
3652 0
3653 0
3654 1
3655 0
3656 0
3657 0
3658 0
3659 0
3660 0
3661 0
3662 0
3663 0
3664 0
3665 0
3666 0
3667 0
3668 0
3669 0
3670 0
3671 0
3672 0
3673 0
3674 0
3675 0
3676 0
3677 0
3678 0
3679 0
3680 0
3681 0
3682 0
3683 0
3684 0
3685 0
3686 0
3687 0
3688 0
3689 0
3690 0
3691 0
3692 0
3693 0
3694 0
3695 0
3696 0
3697 0
3698 0
3699 0
3700 0
3701 0
3702 0
3703 0
3704 0
3705 0
3706 0
3707 0
3708 0
3709 0
3710 0
3711 0
3712 0
3713 0
3714 0
3715 0
3716 0
3717 0
3718 0
3719 0
3720 0
3721 0
3722 0
3723 0
3724 0
3725 0
3726 0
3727 0
3728 0
3729 0
3730 0
3731 0
3732 0
3733 0
3734 0
3735 0
3736 0
3737 0
3738 0
3739 0
3740 0
3741 0
3742 0
3743 0
3744 0
3745 0
3746 0
3747 0
3748 0
3749 0
3750 0
3751 0
3752 0
3753 0
3754 0
3755 0
3756 0
3757 0
3758 0
3759 0
3760 0
3761 0
3762 0
3763 0
3764 0
3765 0
3766 0
3767 0
3768 0
3769 0
3770 0
3771 0
3772 0
3773 0
3774 0
3775 0
3776 0
3777 0
3778 0
3779 0
3780 0
3781 0
3782 0
3783 0
3784 1
3785 0
3786 0
3787 0
3788 0
3789 0
3790 0
3791 0
3792 0
3793 0
3794 0
3795 0
3796 0
3797 0
3798 0
3799 0
3800 0
3801 0
3802 0
3803 0
3804 0
3805 0
3806 0
3807 0
3808 0
3809 0
3810 0
3811 0
3812 0
3813 0
3814 0
3815 0
3816 0
3817 0
3818 0
3819 0
3820 0
3821 0
3822 0
3823 0
3824 0
3825 0
3826 1
3827 0
3828 0
3829 0
3830 0
3831 0
3832 0
3833 0
3834 0
3835 0
3836 0
3837 0
3838 0
3839 0
3840 1
3841 0
3842 0
3843 0
3844 1
3845 0
3846 0
3847 1
3848 0
3849 0
3850 0
3851 0
3852 0
3853 0
3854 0
3855 0
3856 0
3857 0
3858 0
3859 0
3860 0
3861 0
3862 0
3863 0
3864 0
3865 0
3866 0
3867 0
3868 0
3869 0
3870 0
3871 0
3872 0
3873 0
3874 0
3875 0
3876 0
3877 0
3878 1
3879 0
3880 0
3881 0
3882 0
3883 0
3884 0
3885 0
3886 0
3887 0
3888 0
3889 0
3890 0
3891 0
3892 1
3893 0
3894 0
3895 0
3896 0
3897 0
3898 0
3899 0
3900 0
3901 0
3902 0
3903 0
3904 0
3905 0
3906 0
3907 0
3908 0
3909 0
3910 0
3911 0
3912 0
3913 0
3914 0
3915 0
3916 0
3917 0
3918 0
3919 0
3920 0
3921 0
3922 0
3923 0
3924 0
3925 0
3926 0
3927 0
3928 0
3929 0
3930 0
3931 0
3932 0
3933 0
3934 0
3935 0
3936 0
3937 0
3938 0
3939 0
3940 0
3941 0
3942 0
3943 0
3944 0
3945 0
3946 0
3947 0
3948 0
3949 0
3950 0
3951 0
3952 0
3953 0
3954 0
3955 0
3956 0
3957 0
3958 0
3959 0
3960 0
3961 0
3962 0
3963 0
3964 0
3965 0
3966 0
3967 0
3968 0
3969 0
3970 0
3971 0
3972 0
3973 0
3974 0
3975 0
3976 0
3977 0
3978 0
3979 0
3980 0
3981 0
3982 0
3983 0
3984 0
3985 0
3986 0
3987 0
3988 0
3989 0
3990 0
3991 0
3992 0
3993 0
3994 0
3995 0
3996 0
3997 0
3998 0
3999 0
4000 0
