0 0
1 0
2 0
3 0
4 0
5 0
6 0
7 0
8 0
9 0
10 0
11 0
12 0
13 0
14 0
15 0
16 0
17 0
18 0
19 0
20 0
21 0
22 0
23 0
24 0
25 0
26 0
27 0
28 0
29 0
30 0
31 0
32 0
33 0
34 0
35 0
36 0
37 0
38 0
39 0
40 0
41 0
42 0
43 0
44 0
45 0
46 0
47 0
48 0
49 0
50 0
51 0
52 0
53 0
54 0
55 0
56 0
57 0
58 0
59 0
60 0
61 0
62 0
63 0
64 0
65 0
66 0
67 0
68 0
69 0
70 0
71 0
72 0
73 0
74 0
75 0
76 0
77 0
78 0
79 0
80 0
81 0
82 0
83 0
84 0
85 0
86 10
87 29
88 20
89 14
90 10
91 7
92 14
93 16
94 19
95 32
96 26
97 19
98 18
99 8
100 18
101 18
102 12
103 10
104 14
105 6
106 4
107 7
108 9
109 11
110 22
111 107
112 532
113 1921
114 3992
115 6054
116 7920
117 8850
118 9018
119 9048
120 8528
121 7764
122 6917
123 6065
124 5177
125 4553
126 3823
127 3467
128 2860
129 2381
130 2132
131 1884
132 1600
133 1509
134 1353
135 1207
136 1127
137 985
138 1059
139 1010
140 917
141 971
142 920
143 1020
144 988
145 990
146 954
147 1042
148 1031
149 938
150 1000
151 954
152 938
153 969
154 938
155 991
156 960
157 898
158 937
159 947
160 962
161 1003
162 957
163 975
164 970
165 924
166 931
167 970
168 989
169 956
170 1004
171 1005
172 1018
173 978
174 1010
175 977
176 1021
177 1041
178 1007
179 1005
180 1031
181 998
182 989
183 991
184 1031
185 1067
186 1030
187 1009
188 1039
189 1054
190 1049
191 1004
192 1074
193 1059
194 1016
195 1010
196 999
197 1018
198 1068
199 1054
200 1094
201 1046
202 998
203 1048
204 1085
205 1065
206 1048
207 1046
208 1072
209 1074
210 1034
211 1054
212 1040
213 1068
214 1013
215 1064
216 1052
217 1078
218 1009
219 1055
220 1035
221 1042
222 1054
223 1038
224 1101
225 1038
226 1112
227 1040
228 1045
229 1071
230 1062
231 1036
232 1096
233 1075
234 1086
235 1017
236 1132
237 1030
238 1131
239 1120
240 1055
241 1125
242 1158
243 1175
244 1092
245 1080
246 1046
247 1124
248 1093
249 1083
250 1130
251 1085
252 1113
253 1070
254 1118
255 1159
256 1122
257 1138
258 1155
259 1067
260 1136
261 1109
262 1138
263 1111
264 1106
265 1135
266 1129
267 1112
268 1177
269 1139
270 1121
271 1162
272 1102
273 1159
274 1142
275 1161
276 1052
277 1203
278 1229
279 1167
280 1160
281 1233
282 1229
283 1182
284 1204
285 1166
286 1199
287 1197
288 1198
289 1203
290 1222
291 1157
292 1222
293 1207
294 1143
295 1290
296 1224
297 1265
298 1279
299 1315
300 1356
301 1312
302 1283
303 1308
304 1306
305 1232
306 1338
307 1363
308 1264
309 1276
310 1337
311 1280
312 1349
313 1315
314 1336
315 1345
316 1353
317 1306
318 1366
319 1360
320 1432
321 1363
322 1346
323 1422
324 1428
325 1347
326 1482
327 1418
328 1465
329 1382
330 1446
331 1393
332 1442
333 1353
334 1450
335 1526
336 1455
337 1452
338 1501
339 1551
340 1518
341 1548
342 1405
343 1515
344 1520
345 1513
346 1607
347 1529
348 1560
349 1588
350 1590
351 1634
352 1496
353 1489
354 1539
355 1569
356 1589
357 1572
358 1594
359 1663
360 1618
361 1640
362 1614
363 1600
364 1631
365 1654
366 1690
367 1646
368 1683
369 1630
370 1679
371 1713
372 1694
373 1702
374 1691
375 1682
376 1719
377 1706
378 1728
379 1750
380 1743
381 1739
382 1772
383 1703
384 1737
385 1824
386 1732
387 1802
388 1807
389 1824
390 1779
391 1782
392 1850
393 1724
394 1850
395 1792
396 1818
397 1777
398 1814
399 1800
400 1796
401 1875
402 1838
403 1819
404 1809
405 1818
406 1866
407 1851
408 1860
409 1941
410 1850
411 1842
412 1861
413 1892
414 1876
415 1850
416 1867
417 1879
418 1880
419 1832
420 1907
421 1913
422 1873
423 1895
424 1917
425 1826
426 1856
427 1754
428 1891
429 1837
430 1819
431 1874
432 1893
433 1919
434 1885
435 1898
436 1857
437 1884
438 1865
439 1889
440 1918
441 1894
442 1897
443 1932
444 1820
445 1887
446 1830
447 1874
448 1926
449 1930
450 1862
451 1788
452 1846
453 1861
454 1847
455 1853
456 1851
457 1803
458 1820
459 1900
460 1845
461 1859
462 1874
463 1866
464 1819
465 1933
466 1932
467 1904
468 1813
469 1871
470 1766
471 1766
472 1864
473 1809
474 1743
475 1787
476 1720
477 1727
478 1752
479 1712
480 1805
481 1762
482 1812
483 1678
484 1758
485 1781
486 1683
487 1779
488 1755
489 1701
490 1687
491 1673
492 1650
493 1698
494 1710
495 1664
496 1611
497 1623
498 1646
499 1593
500 1627
501 1537
502 1581
503 1570
504 1566
505 1538
506 1516
507 1614
508 1556
509 1584
510 1636
511 1515
512 1554
513 1590
514 1525
515 1448
516 1435
517 1564
518 1489
519 1469
520 1483
521 1418
522 1473
523 1449
524 1476
525 1423
526 1463
527 1409
528 1395
529 1445
530 1468
531 1394
532 1407
533 1381
534 1313
535 1340
536 1372
537 1323
538 1304
539 1329
540 1276
541 1353
542 1292
543 1289
544 1237
545 1293
546 1180
547 1251
548 1250
549 1306
550 1281
551 1147
552 1171
553 1234
554 1173
555 1239
556 1174
557 1159
558 1177
559 1154
560 1128
561 1077
562 1109
563 1204
564 1098
565 1156
566 1098
567 1139
568 1107
569 1089
570 1018
571 991
572 1060
573 1050
574 1042
575 1024
576 954
577 1043
578 970
579 957
580 960
581 982
582 905
583 927
584 943
585 929
586 935
587 922
588 865
589 918
590 907
591 949
592 871
593 860
594 908
595 863
596 868
597 866
598 826
599 837
600 855
601 786
602 820
603 786
604 786
605 842
606 775
607 779
608 771
609 735
610 806
611 789
612 723
613 754
614 691
615 733
616 702
617 697
618 742
619 665
620 698
621 674
622 665
623 669
624 690
625 684
626 644
627 694
628 637
629 665
630 688
631 641
632 627
633 620
634 619
635 582
636 633
637 562
638 586
639 579
640 607
641 564
642 587
643 608
644 582
645 570
646 574
647 561
648 552
649 530
650 527
651 573
652 562
653 532
654 539
655 467
656 496
657 484
658 482
659 537
660 507
661 462
662 519
663 494
664 498
665 485
666 451
667 491
668 472
669 452
670 459
671 416
672 403
673 479
674 423
675 435
676 442
677 425
678 430
679 390
680 397
681 389
682 444
683 409
684 393
685 419
686 419
687 413
688 382
689 412
690 399
691 412
692 397
693 381
694 353
695 352
696 378
697 350
698 369
699 378
700 334
701 332
702 363
703 349
704 329
705 331
706 291
707 336
708 334
709 313
710 316
711 309
712 356
713 306
714 317
715 319
716 335
717 331
718 360
719 325
720 319
721 281
722 264
723 314
724 306
725 290
726 295
727 318
728 284
729 334
730 289
731 318
732 267
733 271
734 308
735 287
736 281
737 254
738 293
739 281
740 260
741 272
742 295
743 274
744 243
745 286
746 251
747 236
748 232
749 256
750 240
751 253
752 288
753 225
754 283
755 260
756 225
757 231
758 265
759 258
760 252
761 267
762 215
763 275
764 195
765 248
766 267
767 237
768 247
769 261
770 258
771 273
772 243
773 241
774 226
775 233
776 218
777 248
778 204
779 205
780 224
781 240
782 234
783 206
784 227
785 240
786 237
787 222
788 215
789 230
790 203
791 247
792 233
793 220
794 233
795 220
796 200
797 218
798 204
799 230
800 223
801 200
802 215
803 219
804 228
805 190
806 203
807 212
808 215
809 196
810 213
811 204
812 211
813 225
814 220
815 220
816 213
817 226
818 224
819 231
820 195
821 192
822 202
823 194
824 209
825 202
826 199
827 178
828 201
829 216
830 210
831 228
832 221
833 219
834 203
835 208
836 202
837 192
838 194
839 213
840 215
841 185
842 202
843 235
844 208
845 220
846 221
847 199
848 195
849 184
850 216
851 194
852 198
853 218
854 196
855 189
856 179
857 221
858 201
859 183
860 207
861 179
862 212
863 210
864 228
865 185
866 187
867 207
868 200
869 221
870 195
871 198
872 197
873 203
874 225
875 194
876 184
877 202
878 204
879 212
880 198
881 202
882 205
883 202
884 206
885 205
886 199
887 198
888 200
889 195
890 205
891 167
892 188
893 197
894 215
895 213
896 202
897 184
898 182
899 217
900 200
901 204
902 199
903 218
904 187
905 205
906 171
907 229
908 196
909 195
910 209
911 211
912 217
913 228
914 195
915 174
916 206
917 192
918 196
919 202
920 215
921 194
922 190
923 191
924 214
925 186
926 197
927 204
928 218
929 215
930 206
931 167
932 196
933 198
934 205
935 198
936 190
937 210
938 198
939 203
940 195
941 190
942 189
943 183
944 209
945 193
946 211
947 178
948 199
949 190
950 183
951 199
952 208
953 196
954 215
955 168
956 186
957 222
958 181
959 209
960 200
961 200
962 189
963 168
964 193
965 199
966 182
967 195
968 202
969 195
970 206
971 207
972 220
973 185
974 170
975 189
976 216
977 182
978 200
979 193
980 195
981 214
982 194
983 201
984 203
985 209
986 215
987 185
988 185
989 188
990 200
991 192
992 221
993 196
994 198
995 181
996 196
997 225
998 191
999 201
1000 199
1001 187
1002 209
1003 210
1004 188
1005 207
1006 207
1007 172
1008 202
1009 180
1010 188
1011 172
1012 206
1013 202
1014 189
1015 183
1016 196
1017 214
1018 231
1019 197
1020 199
1021 195
1022 173
1023 212
1024 221
1025 198
1026 187
1027 206
1028 173
1029 188
1030 187
1031 197
1032 204
1033 175
1034 196
1035 210
1036 180
1037 212
1038 221
1039 206
1040 223
1041 204
1042 191
1043 174
1044 190
1045 193
1046 198
1047 176
1048 188
1049 172
1050 175
1051 173
1052 153
1053 197
1054 170
1055 225
1056 191
1057 196
1058 207
1059 210
1060 189
1061 200
1062 178
1063 195
1064 185
1065 162
1066 189
1067 200
1068 190
1069 195
1070 191
1071 180
1072 179
1073 177
1074 187
1075 184
1076 169
1077 181
1078 196
1079 192
1080 204
1081 201
1082 186
1083 158
1084 198
1085 213
1086 176
1087 178
1088 185
1089 170
1090 167
1091 184
1092 197
1093 166
1094 180
1095 167
1096 189
1097 164
1098 192
1099 190
1100 194
1101 190
1102 210
1103 208
1104 196
1105 180
1106 183
1107 184
1108 187
1109 189
1110 153
1111 180
1112 170
1113 165
1114 176
1115 164
1116 168
1117 178
1118 198
1119 159
1120 169
1121 180
1122 177
1123 168
1124 167
1125 161
1126 190
1127 177
1128 193
1129 183
1130 165
1131 136
1132 204
1133 194
1134 173
1135 175
1136 150
1137 157
1138 161
1139 179
1140 173
1141 161
1142 178
1143 170
1144 152
1145 151
1146 172
1147 148
1148 176
1149 157
1150 191
1151 180
1152 159
1153 165
1154 158
1155 187
1156 159
1157 154
1158 171
1159 165
1160 177
1161 162
1162 164
1163 173
1164 159
1165 155
1166 154
1167 136
1168 155
1169 176
1170 180
1171 172
1172 142
1173 184
1174 167
1175 149
1176 157
1177 149
1178 159
1179 147
1180 147
1181 152
1182 154
1183 167
1184 151
1185 140
1186 151
1187 187
1188 175
1189 154
1190 154
1191 169
1192 161
1193 137
1194 145
1195 165
1196 141
1197 176
1198 155
1199 132
1200 125
1201 152
1202 161
1203 172
1204 149
1205 153
1206 168
1207 154
1208 127
1209 134
1210 138
1211 152
1212 138
1213 149
1214 134
1215 139
1216 144
1217 134
1218 148
1219 158
1220 133
1221 140
1222 133
1223 134
1224 137
1225 137
1226 127
1227 147
1228 114
1229 144
1230 128
1231 160
1232 119
1233 140
1234 132
1235 139
1236 139
1237 120
1238 122
1239 149
1240 126
1241 138
1242 127
1243 131
1244 129
1245 119
1246 124
1247 125
1248 118
1249 137
1250 153
1251 126
1252 135
1253 128
1254 134
1255 131
1256 118
1257 130
1258 149
1259 131
1260 105
1261 130
1262 120
1263 118
1264 115
1265 111
1266 118
1267 124
1268 92
1269 132
1270 121
1271 122
1272 111
1273 121
1274 118
1275 145
1276 115
1277 117
1278 110
1279 120
1280 115
1281 135
1282 118
1283 114
1284 112
1285 130
1286 115
1287 107
1288 99
1289 125
1290 118
1291 109
1292 107
1293 122
1294 121
1295 108
1296 107
1297 111
1298 121
1299 122
1300 115
1301 100
1302 102
1303 88
1304 125
1305 112
1306 110
1307 96
1308 112
1309 94
1310 105
1311 107
1312 96
1313 110
1314 98
1315 113
1316 94
1317 96
1318 121
1319 112
1320 107
1321 97
1322 85
1323 101
1324 105
1325 119
1326 98
1327 88
1328 89
1329 93
1330 94
1331 95
1332 107
1333 81
1334 99
1335 101
1336 103
1337 83
1338 96
1339 94
1340 87
1341 105
1342 94
1343 93
1344 76
1345 80
1346 86
1347 109
1348 74
1349 85
1350 94
1351 109
1352 95
1353 103
1354 78
1355 101
1356 94
1357 91
1358 87
1359 74
1360 103
1361 64
1362 78
1363 68
1364 80
1365 78
1366 79
1367 85
1368 96
1369 91
1370 84
1371 75
1372 82
1373 73
1374 89
1375 90
1376 70
1377 89
1378 79
1379 87
1380 85
1381 55
1382 67
1383 78
1384 74
1385 76
1386 71
1387 83
1388 87
1389 75
1390 69
1391 92
1392 74
1393 82
1394 72
1395 70
1396 81
1397 68
1398 79
1399 67
1400 74
1401 70
1402 81
1403 74
1404 80
1405 86
1406 75
1407 64
1408 82
1409 52
1410 67
1411 72
1412 77
1413 74
1414 78
1415 72
1416 66
1417 65
1418 53
1419 47
1420 58
1421 67
1422 58
1423 57
1424 69
1425 63
1426 53
1427 66
1428 62
1429 58
1430 63
1431 66
1432 75
1433 59
1434 58
1435 61
1436 62
1437 56
1438 73
1439 64
1440 59
1441 50
1442 56
1443 61
1444 75
1445 63
1446 55
1447 64
1448 52
1449 57
1450 71
1451 60
1452 53
1453 58
1454 46
1455 61
1456 60
1457 52
1458 44
1459 52
1460 47
1461 60
1462 68
1463 47
1464 56
1465 49
1466 64
1467 58
1468 70
1469 55
1470 51
1471 46
1472 46
1473 60
1474 43
1475 51
1476 46
1477 53
1478 44
1479 58
1480 55
1481 53
1482 45
1483 46
1484 50
1485 52
1486 51
1487 49
1488 45
1489 52
1490 54
1491 45
1492 52
1493 29
1494 49
1495 49
1496 47
1497 38
1498 49
1499 42
1500 56
1501 42
1502 56
1503 50
1504 46
1505 45
1506 39
1507 39
1508 38
1509 51
1510 44
1511 44
1512 42
1513 43
1514 39
1515 42
1516 49
1517 56
1518 54
1519 47
1520 47
1521 44
1522 40
1523 40
1524 47
1525 42
1526 35
1527 39
1528 40
1529 40
1530 40
1531 33
1532 43
1533 33
1534 47
1535 37
1536 44
1537 45
1538 29
1539 36
1540 35
1541 50
1542 40
1543 46
1544 42
1545 34
1546 40
1547 33
1548 35
1549 40
1550 43
1551 35
1552 35
1553 41
1554 33
1555 36
1556 35
1557 37
1558 32
1559 38
1560 34
1561 22
1562 36
1563 32
1564 36
1565 29
1566 29
1567 41
1568 29
1569 29
1570 33
1571 30
1572 35
1573 30
1574 28
1575 31
1576 27
1577 26
1578 32
1579 29
1580 25
1581 24
1582 26
1583 30
1584 30
1585 31
1586 25
1587 30
1588 32
1589 33
1590 28
1591 33
1592 29
1593 21
1594 27
1595 34
1596 37
1597 29
1598 28
1599 21
1600 25
1601 32
1602 31
1603 29
1604 18
1605 29
1606 35
1607 31
1608 38
1609 30
1610 24
1611 21
1612 42
1613 38
1614 26
1615 22
1616 34
1617 27
1618 18
1619 32
1620 26
1621 22
1622 25
1623 26
1624 28
1625 29
1626 20
1627 29
1628 21
1629 21
1630 23
1631 19
1632 30
1633 26
1634 25
1635 28
1636 25
1637 30
1638 24
1639 21
1640 27
1641 23
1642 25
1643 16
1644 29
1645 22
1646 18
1647 33
1648 24
1649 21
1650 30
1651 36
1652 15
1653 20
1654 22
1655 26
1656 12
1657 22
1658 23
1659 14
1660 20
1661 18
1662 18
1663 17
1664 27
1665 21
1666 24
1667 22
1668 19
1669 15
1670 19
1671 14
1672 27
1673 18
1674 23
1675 21
1676 22
1677 21
1678 23
1679 21
1680 14
1681 23
1682 19
1683 13
1684 13
1685 15
1686 14
1687 17
1688 11
1689 15
1690 20
1691 21
1692 15
1693 17
1694 20
1695 18
1696 15
1697 12
1698 15
1699 9
1700 17
1701 14
1702 15
1703 14
1704 17
1705 17
1706 7
1707 12
1708 21
1709 11
1710 20
1711 16
1712 19
1713 18
1714 16
1715 21
1716 9
1717 26
1718 13
1719 11
1720 25
1721 25
1722 13
1723 17
1724 16
1725 11
1726 14
1727 12
1728 17
1729 7
1730 13
1731 11
1732 13
1733 14
1734 18
1735 15
1736 10
1737 14
1738 12
1739 11
1740 15
1741 12
1742 19
1743 11
1744 7
1745 18
1746 13
1747 13
1748 16
1749 11
1750 10
1751 13
1752 9
1753 9
1754 8
1755 15
1756 9
1757 14
1758 12
1759 16
1760 9
1761 11
1762 12
1763 7
1764 11
1765 17
1766 7
1767 10
1768 14
1769 11
1770 12
1771 14
1772 12
1773 5
1774 13
1775 12
1776 11
1777 10
1778 14
1779 10
1780 12
1781 9
1782 4
1783 5
1784 10
1785 13
1786 7
1787 7
1788 8
1789 10
1790 10
1791 6
1792 9
1793 6
1794 7
1795 9
1796 8
1797 10
1798 9
1799 6
1800 9
1801 14
1802 9
1803 9
1804 7
1805 8
1806 14
1807 8
1808 13
1809 9
1810 7
1811 10
1812 14
1813 9
1814 13
1815 14
1816 9
1817 9
1818 8
1819 6
1820 7
1821 7
1822 9
1823 14
1824 4
1825 7
1826 7
1827 7
1828 11
1829 11
1830 7
1831 4
1832 12
1833 5
1834 7
1835 3
1836 1
1837 2
1838 3
1839 2
1840 5
1841 9
1842 9
1843 6
1844 4
1845 7
1846 6
1847 2
1848 3
1849 7
1850 11
1851 6
1852 6
1853 7
1854 5
1855 8
1856 10
1857 12
1858 5
1859 5
1860 5
1861 2
1862 8
1863 3
1864 8
1865 6
1866 2
1867 5
1868 2
1869 2
1870 5
1871 4
1872 6
1873 7
1874 4
1875 9
1876 4
1877 4
1878 2
1879 7
1880 3
1881 4
1882 6
1883 6
1884 4
1885 6
1886 4
1887 4
1888 5
1889 6
1890 4
1891 2
1892 4
1893 8
1894 1
1895 5
1896 4
1897 1
1898 1
1899 2
1900 2
1901 3
1902 1
1903 2
1904 6
1905 4
1906 4
1907 5
1908 3
1909 3
1910 4
1911 2
1912 2
1913 5
1914 4
1915 2
1916 4
1917 3
1918 0
1919 6
1920 5
1921 5
1922 1
1923 5
1924 3
1925 4
1926 2
1927 4
1928 2
1929 6
1930 6
1931 3
1932 1
1933 5
1934 1
1935 3
1936 2
1937 1
1938 2
1939 2
1940 3
1941 1
1942 3
1943 2
1944 4
1945 2
1946 0
1947 4
1948 3
1949 6
1950 6
1951 4
1952 3
1953 3
1954 0
1955 6
1956 2
1957 2
1958 1
1959 4
1960 3
1961 1
1962 3
1963 3
1964 1
1965 1
1966 1
1967 0
1968 3
1969 0
1970 1
1971 0
1972 0
1973 6
1974 0
1975 3
1976 2
1977 3
1978 1
1979 0
1980 3
1981 1
1982 3
1983 1
1984 3
1985 3
1986 3
1987 3
1988 0
1989 1
1990 3
1991 1
1992 2
1993 0
1994 1
1995 2
1996 4
1997 0
1998 1
1999 0
2000 3
2001 0
2002 2
2003 1
2004 5
2005 3
2006 2
2007 4
2008 0
2009 3
2010 3
2011 1
2012 2
2013 2
2014 0
2015 0
2016 0
2017 1
2018 1
2019 2
2020 1
2021 0
2022 0
2023 2
2024 2
2025 3
2026 3
2027 3
2028 1
2029 0
2030 0
2031 1
2032 1
2033 1
2034 2
2035 0
2036 0
2037 1
2038 1
2039 4
2040 1
2041 0
2042 1
2043 1
2044 3
2045 1
2046 2
2047 0
2048 0
2049 2
2050 1
2051 0
2052 3
2053 0
2054 2
2055 2
2056 0
2057 1
2058 0
2059 0
2060 1
2061 2
2062 1
2063 0
2064 0
2065 1
2066 0
2067 0
2068 0
2069 1
2070 0
2071 0
2072 3
2073 1
2074 0
2075 0
2076 0
2077 0
2078 1
2079 0
2080 1
2081 0
2082 2
2083 1
2084 1
2085 0
2086 1
2087 0
2088 2
2089 2
2090 1
2091 1
2092 0
2093 1
2094 1
2095 1
2096 1
2097 1
2098 0
2099 2
2100 2
2101 0
2102 0
2103 0
2104 0
2105 1
2106 2
2107 1
2108 1
2109 1
2110 0
2111 0
2112 1
2113 1
2114 1
2115 0
2116 0
2117 1
2118 0
2119 1
2120 0
2121 0
2122 2
2123 0
2124 0
2125 0
2126 0
2127 0
2128 0
2129 1
2130 1
2131 0
2132 0
2133 0
2134 1
2135 1
2136 1
2137 0
2138 1
2139 0
2140 0
2141 0
2142 1
2143 0
2144 0
2145 2
2146 1
2147 0
2148 0
2149 1
2150 0
2151 0
2152 0
2153 0
2154 0
2155 0
2156 0
2157 0
2158 0
2159 0
2160 0
2161 1
2162 1
2163 0
2164 1
2165 0
2166 1
2167 0
2168 0
2169 0
2170 0
2171 0
2172 0
2173 0
2174 0
2175 0
2176 0
2177 0
2178 1
2179 0
2180 0
2181 0
2182 1
2183 0
2184 0
2185 0
2186 0
2187 0
2188 0
2189 1
2190 0
2191 1
2192 1
2193 0
2194 0
2195 0
2196 2
2197 0
2198 1
2199 1
2200 0
2201 0
2202 0
2203 0
2204 0
2205 0
2206 0
2207 0
2208 0
2209 0
2210 0
2211 0
2212 0
2213 0
2214 0
2215 0
2216 0
2217 1
2218 0
2219 0
2220 0
2221 0
2222 1
2223 0
2224 0
2225 0
2226 0
2227 2
2228 0
2229 0
2230 0
2231 0
2232 0
2233 0
2234 0
2235 0
2236 0
2237 0
2238 0
2239 0
2240 0
2241 0
2242 0
2243 0
2244 0
2245 0
2246 0
2247 0
2248 0
2249 0
2250 0
2251 0
2252 0
2253 0
2254 0
2255 0
2256 0
2257 0
2258 0
2259 0
2260 0
2261 0
2262 0
2263 0
2264 0
2265 0
2266 0
2267 0
2268 0
2269 0
2270 0
2271 1
2272 0
2273 0
2274 0
2275 0
2276 0
2277 0
2278 2
2279 0
2280 0
2281 0
2282 0
2283 0
2284 0
2285 0
2286 1
2287 0
2288 0
2289 0
2290 0
2291 0
2292 1
2293 1
2294 0
2295 0
2296 0
2297 0
2298 0
2299 0
2300 0
2301 1
2302 0
2303 1
2304 0
2305 0
2306 0
2307 0
2308 0
2309 0
2310 0
2311 0
2312 0
2313 0
2314 0
2315 0
2316 0
2317 0
2318 0
2319 0
2320 0
2321 0
2322 0
2323 0
2324 0
2325 0
2326 0
2327 0
2328 0
2329 0
2330 1
2331 0
2332 0
2333 0
2334 0
2335 0
2336 0
2337 0
2338 0
2339 0
2340 0
2341 0
2342 1
2343 0
2344 0
2345 0
2346 0
2347 1
2348 0
2349 0
2350 0
2351 0
2352 1
2353 0
2354 0
2355 0
2356 0
2357 0
2358 1
2359 0
2360 0
2361 0
2362 0
2363 0
2364 0
2365 0
2366 0
2367 0
2368 0
2369 0
2370 0
2371 0
2372 0
2373 0
2374 0
2375 0
2376 0
2377 0
2378 0
2379 0
2380 0
2381 0
2382 0
2383 0
2384 0
2385 0
2386 0
2387 0
2388 0
2389 0
2390 1
2391 0
2392 0
2393 0
2394 0
2395 0
2396 0
2397 0
2398 0
2399 0
2400 0
2401 0
2402 0
2403 0
2404 1
2405 1
2406 0
2407 0
2408 0
2409 0
2410 0
2411 0
2412 0
2413 0
2414 0
2415 0
2416 1
2417 0
2418 0
2419 0
2420 0
2421 0
2422 0
2423 0
2424 0
2425 0
2426 0
2427 0
2428 0
2429 0
2430 0
2431 0
2432 0
2433 0
2434 0
2435 0
2436 0
2437 0
2438 0
2439 0
2440 0
2441 0
2442 0
2443 0
2444 0
2445 0
2446 0
2447 1
2448 0
2449 0
2450 0
2451 0
2452 1
2453 0
2454 0
2455 0
2456 0
2457 0
2458 0
2459 0
2460 0
2461 0
2462 0
2463 0
2464 0
2465 0
2466 0
2467 0
2468 0
2469 1
2470 0
2471 0
2472 0
2473 0
2474 0
2475 0
2476 0
2477 0
2478 0
2479 0
2480 0
2481 0
2482 0
2483 0
2484 0
2485 0
2486 0
2487 0
2488 0
2489 0
2490 0
2491 0
2492 0
2493 1
2494 0
2495 0
2496 0
2497 0
2498 0
2499 0
2500 0
2501 0
2502 0
2503 1
2504 0
2505 0
2506 0
2507 0
2508 0
2509 0
2510 0
2511 0
2512 0
2513 0
2514 0
2515 0
2516 0
2517 0
2518 0
2519 0
2520 0
2521 0
2522 0
2523 0
2524 0
2525 0
2526 0
2527 0
2528 0
2529 0
2530 0
2531 0
2532 0
2533 0
2534 0
2535 0
2536 0
2537 0
2538 0
2539 0
2540 0
2541 0
2542 0
2543 0
2544 0
2545 0
2546 0
2547 0
2548 0
2549 0
2550 0
2551 0
2552 0
2553 0
2554 0
2555 0
2556 0
2557 0
2558 0
2559 0
2560 0
2561 1
2562 0
2563 0
2564 0
2565 0
2566 0
2567 0
2568 0
2569 0
2570 0
2571 0
2572 0
2573 0
2574 0
2575 0
2576 0
2577 0
2578 0
2579 0
2580 0
2581 0
2582 0
2583 0
2584 0
2585 0
2586 0
2587 0
2588 0
2589 0
2590 0
2591 0
2592 0
2593 0
2594 0
2595 0
2596 0
2597 0
2598 0
2599 0
2600 0
2601 0
2602 0
2603 0
2604 0
2605 0
2606 0
2607 0
2608 0
2609 0
2610 0
2611 0
2612 0
2613 0
2614 0
2615 0
2616 0
2617 0
2618 0
2619 0
2620 0
2621 0
2622 0
2623 0
2624 0
2625 0
2626 0
2627 0
2628 0
2629 0
2630 0
2631 0
2632 0
2633 0
2634 0
2635 0
2636 0
2637 0
2638 0
2639 0
2640 0
2641 0
2642 0
2643 0
2644 0
2645 0
2646 0
2647 0
2648 0
2649 0
2650 0
2651 0
2652 0
2653 0
2654 0
2655 0
2656 0
2657 0
2658 0
2659 0
2660 0
2661 0
2662 0
2663 0
2664 0
2665 0
2666 0
2667 0
2668 0
2669 0
2670 0
2671 0
2672 0
2673 0
2674 0
2675 0
2676 0
2677 0
2678 0
2679 0
2680 0
2681 0
2682 0
2683 0
2684 0
2685 0
2686 0
2687 0
2688 0
2689 0
2690 0
2691 0
2692 0
2693 0
2694 0
2695 0
2696 0
2697 0
2698 1
2699 1
2700 0
2701 0
2702 0
2703 0
2704 0
2705 0
2706 0
2707 0
2708 0
2709 0
2710 0
2711 0
2712 0
2713 0
2714 0
2715 0
2716 0
2717 0
2718 0
2719 0
2720 0
2721 0
2722 0
2723 0
2724 0
2725 0
2726 0
2727 0
2728 0
2729 0
2730 0
2731 0
2732 0
2733 0
2734 0
2735 0
2736 0
2737 0
2738 0
2739 0
2740 0
2741 0
2742 0
2743 0
2744 0
2745 0
2746 0
2747 0
2748 0
2749 0
2750 0
2751 0
2752 0
2753 0
2754 0
2755 0
2756 0
2757 0
2758 0
2759 0
2760 0
2761 0
2762 0
2763 0
2764 0
2765 0
2766 0
2767 0
2768 0
2769 0
2770 0
2771 0
2772 0
2773 0
2774 0
2775 0
2776 0
2777 0
2778 0
2779 0
2780 0
2781 0
2782 0
2783 0
2784 0
2785 0
2786 0
2787 0
2788 0
2789 0
2790 0
2791 0
2792 0
2793 0
2794 0
2795 0
2796 0
2797 0
2798 0
2799 0
2800 0
2801 0
2802 0
2803 0
2804 0
2805 0
2806 0
2807 0
2808 0
2809 0
2810 0
2811 0
2812 0
2813 0
2814 0
2815 1
2816 0
2817 0
2818 0
2819 0
2820 0
2821 0
2822 0
2823 0
2824 0
2825 0
2826 0
2827 0
2828 0
2829 0
2830 0
2831 0
2832 0
2833 0
2834 0
2835 0
2836 0
2837 0
2838 0
2839 0
2840 0
2841 0
2842 0
2843 0
2844 0
2845 0
2846 0
2847 0
2848 0
2849 0
2850 0
2851 1
2852 0
2853 0
2854 0
2855 0
2856 0
2857 0
2858 0
2859 0
2860 0
2861 0
2862 0
2863 0
2864 0
2865 0
2866 0
2867 0
2868 0
2869 0
2870 0
2871 0
2872 0
2873 0
2874 0
2875 0
2876 0
2877 0
2878 0
2879 0
2880 0
2881 0
2882 0
2883 0
2884 0
2885 0
2886 0
2887 0
2888 0
2889 0
2890 0
2891 0
2892 0
2893 0
2894 0
2895 0
2896 0
2897 0
2898 0
2899 0
2900 0
2901 0
2902 0
2903 0
2904 0
2905 0
2906 0
2907 0
2908 0
2909 1
2910 0
2911 0
2912 0
2913 0
2914 0
2915 0
2916 1
2917 0
2918 0
2919 0
2920 0
2921 0
2922 0
2923 0
2924 0
2925 0
2926 0
2927 0
2928 0
2929 0
2930 0
2931 0
2932 0
2933 0
2934 0
2935 0
2936 0
2937 0
2938 0
2939 0
2940 0
2941 0
2942 0
2943 0
2944 0
2945 0
2946 1
2947 0
2948 0
2949 0
2950 0
2951 0
2952 0
2953 0
2954 0
2955 0
2956 0
2957 0
2958 0
2959 0
2960 0
2961 0
2962 0
2963 0
2964 0
2965 0
2966 0
2967 0
2968 0
2969 0
2970 0
2971 0
2972 0
2973 0
2974 0
2975 0
2976 0
2977 0
2978 1
2979 0
2980 0
2981 0
2982 0
2983 0
2984 0
2985 0
2986 0
2987 0
2988 0
2989 0
2990 0
2991 0
2992 0
2993 0
2994 0
2995 0
2996 0
2997 0
2998 0
2999 0
3000 0
3001 0
3002 0
3003 0
3004 0
3005 0
3006 0
3007 0
3008 0
3009 0
3010 0
3011 0
3012 0
3013 0
3014 0
3015 0
3016 0
3017 0
3018 0
3019 0
3020 0
3021 0
3022 0
3023 0
3024 0
3025 0
3026 0
3027 0
3028 0
3029 0
3030 0
3031 0
3032 0
3033 0
3034 0
3035 0
3036 0
3037 0
3038 0
3039 0
3040 0
3041 0
3042 0
3043 0
3044 0
3045 0
3046 0
3047 0
3048 0
3049 0
3050 0
3051 0
3052 0
3053 0
3054 0
3055 0
3056 0
3057 0
3058 0
3059 1
3060 0
3061 0
3062 0
3063 0
3064 0
3065 0
3066 0
3067 0
3068 0
3069 0
3070 0
3071 0
3072 0
3073 0
3074 0
3075 0
3076 0
3077 1
3078 0
3079 0
3080 0
3081 0
3082 0
3083 0
3084 0
3085 0
3086 0
3087 0
3088 0
3089 0
3090 0
3091 0
3092 0
3093 0
3094 0
3095 0
3096 0
3097 0
3098 0
3099 0
3100 0
3101 0
3102 0
3103 0
3104 0
3105 0
3106 0
3107 0
3108 0
3109 0
3110 0
3111 0
3112 0
3113 0
3114 0
3115 0
3116 0
3117 0
3118 0
3119 0
3120 0
3121 0
3122 0
3123 0
3124 0
3125 0
3126 0
3127 0
3128 0
3129 0
3130 0
3131 0
3132 0
3133 0
3134 0
3135 0
3136 0
3137 1
3138 0
3139 0
3140 0
3141 0
3142 0
3143 0
3144 0
3145 0
3146 0
3147 0
3148 0
3149 0
3150 0
3151 0
3152 0
3153 0
3154 0
3155 0
3156 0
3157 0
3158 0
3159 0
3160 0
3161 0
3162 0
3163 0
3164 0
3165 0
3166 0
3167 0
3168 0
3169 0
3170 0
3171 1
3172 0
3173 0
3174 0
3175 0
3176 0
3177 0
3178 0
3179 0
3180 0
3181 0
3182 0
3183 0
3184 0
3185 0
3186 0
3187 0
3188 0
3189 0
3190 0
3191 0
3192 0
3193 0
3194 0
3195 0
3196 0
3197 0
3198 0
3199 0
3200 0
3201 0
3202 0
3203 0
3204 0
3205 0
3206 0
3207 0
3208 0
3209 0
3210 0
3211 0
3212 0
3213 0
3214 0
3215 0
3216 0
3217 0
3218 0
3219 0
3220 0
3221 0
3222 0
3223 0
3224 0
3225 0
3226 0
3227 0
3228 0
3229 0
3230 0
3231 0
3232 0
3233 0
3234 0
3235 0
3236 0
3237 0
3238 0
3239 0
3240 0
3241 0
3242 0
3243 0
3244 0
3245 0
3246 0
3247 0
3248 0
3249 0
3250 0
3251 0
3252 0
3253 0
3254 0
3255 0
3256 0
3257 0
3258 0
3259 0
3260 0
3261 0
3262 0
3263 0
3264 0
3265 0
3266 0
3267 0
3268 0
3269 0
3270 0
3271 0
3272 0
3273 0
3274 0
3275 0
3276 0
3277 0
3278 0
3279 0
3280 0
3281 0
3282 0
3283 0
3284 0
3285 0
3286 0
3287 0
3288 0
3289 0
3290 0
3291 0
3292 0
3293 0
3294 0
3295 0
3296 0
3297 0
3298 0
3299 0
3300 0
3301 0
3302 0
3303 0
3304 0
3305 0
3306 0
3307 0
3308 0
3309 0
3310 0
3311 0
3312 0
3313 0
3314 0
3315 0
3316 0
3317 0
3318 0
3319 0
3320 0
3321 0
3322 0
3323 0
3324 0
3325 0
3326 0
3327 0
3328 0
3329 0
3330 0
3331 0
3332 0
3333 0
3334 0
3335 0
3336 0
3337 0
3338 0
3339 0
3340 0
3341 0
3342 0
3343 0
3344 0
3345 0
3346 0
3347 0
3348 0
3349 0
3350 0
3351 0
3352 0
3353 0
3354 0
3355 0
3356 0
3357 0
3358 0
3359 0
3360 0
3361 0
3362 0
3363 0
3364 0
3365 0
3366 0
3367 0
3368 0
3369 0
3370 0
3371 0
3372 0
3373 0
3374 0
3375 0
3376 0
3377 0
3378 0
3379 0
3380 0
3381 0
3382 0
3383 0
3384 0
3385 0
3386 0
3387 0
3388 0
3389 0
3390 0
3391 0
3392 0
3393 0
3394 0
3395 0
3396 0
3397 0
3398 0
3399 0
3400 0
3401 0
3402 0
3403 0
3404 0
3405 0
3406 0
3407 0
3408 0
3409 0
3410 0
3411 0
3412 1
3413 0
3414 0
3415 0
3416 0
3417 0
3418 0
3419 0
3420 0
3421 0
3422 0
3423 0
3424 0
3425 0
3426 0
3427 0
3428 0
3429 0
3430 0
3431 0
3432 0
3433 0
3434 0
3435 0
3436 0
3437 0
3438 0
3439 0
3440 0
3441 0
3442 0
3443 0
3444 0
3445 0
3446 0
3447 0
3448 0
3449 0
3450 0
3451 0
3452 0
3453 0
3454 0
3455 0
3456 0
3457 0
3458 0
3459 0
3460 0
3461 0
3462 0
3463 0
3464 0
3465 0
3466 0
3467 0
3468 0
3469 0
3470 0
3471 0
3472 0
3473 0
3474 0
3475 0
3476 0
3477 0
3478 0
3479 0
3480 0
3481 0
3482 0
3483 0
3484 0
3485 0
3486 0
3487 0
3488 0
3489 0
3490 0
3491 0
3492 0
3493 0
3494 0
3495 0
3496 0
3497 0
3498 0
3499 0
3500 0
3501 0
3502 0
3503 0
3504 0
3505 0
3506 0
3507 0
3508 0
3509 0
3510 0
3511 0
3512 0
3513 0
3514 0
3515 0
3516 0
3517 0
3518 0
3519 0
3520 0
3521 0
3522 0
3523 0
3524 0
3525 0
3526 0
3527 0
3528 0
3529 0
3530 0
3531 0
3532 0
3533 0
3534 0
3535 0
3536 0
3537 1
3538 0
3539 0
3540 0
3541 0
3542 0
3543 0
3544 0
3545 0
3546 0
3547 0
3548 0
3549 0
3550 0
3551 0
3552 0
3553 0
3554 0
3555 0
3556 0
3557 0
3558 0
3559 0
3560 0
3561 0
3562 1
3563 0
3564 0
3565 0
3566 0
3567 0
3568 0
3569 1
3570 0
3571 0
3572 0
3573 0
3574 0
3575 0
3576 0
3577 0
3578 0
3579 0
3580 0
3581 0
3582 1
3583 0
3584 0
3585 0
3586 0
3587 0
3588 0
3589 0
3590 0
3591 0
3592 0
3593 0
3594 0
3595 0
3596 0
3597 0
3598 0
3599 0
3600 0
3601 0
3602 0
3603 0
3604 0
3605 0
3606 0
3607 0
3608 0
3609 0
3610 0
3611 0
3612 0
3613 0
3614 0
3615 0
3616 0
3617 0
3618 0
3619 0
3620 0
3621 0
3622 0
3623 0
3624 0
3625 0
3626 0
3627 0
3628 0
3629 0
3630 0
3631 0
3632 0
3633 0
3634 0
3635 0
3636 0
3637 0
3638 0
3639 0
3640 0
3641 0
3642 0
3643 0
3644 0
3645 0
3646 0
3647 0
3648 0
3649 0
3650 0
3651 0
3652 0
3653 0
3654 0
3655 0
3656 0
3657 0
3658 0
3659 0
3660 0
3661 0
3662 0
3663 0
3664 0
3665 0
3666 0
3667 0
3668 0
3669 0
3670 0
3671 0
3672 0
3673 0
3674 0
3675 0
3676 0
3677 0
3678 0
3679 0
3680 0
3681 0
3682 0
3683 0
3684 0
3685 0
3686 0
3687 0
3688 0
3689 0
3690 0
3691 0
3692 0
3693 0
3694 0
3695 0
3696 0
3697 0
3698 0
3699 0
3700 0
3701 0
3702 0
3703 0
3704 0
3705 0
3706 1
3707 1
3708 0
3709 0
3710 0
3711 0
3712 1
3713 0
3714 0
3715 0
3716 0
3717 0
3718 0
3719 0
3720 0
3721 0
3722 0
3723 0
3724 0
3725 0
3726 0
3727 0
3728 0
3729 0
3730 0
3731 0
3732 0
3733 0
3734 0
3735 0
3736 0
3737 0
3738 0
3739 0
3740 0
3741 0
3742 0
3743 0
3744 0
3745 0
3746 0
3747 0
3748 0
3749 0
3750 0
3751 0
3752 0
3753 0
3754 0
3755 0
3756 0
3757 0
3758 0
3759 0
3760 0
3761 0
3762 0
3763 0
3764 0
3765 0
3766 0
3767 0
3768 0
3769 0
3770 0
3771 0
3772 0
3773 0
3774 0
3775 0
3776 0
3777 0
3778 0
3779 0
3780 0
3781 0
3782 0
3783 0
3784 0
3785 0
3786 0
3787 0
3788 0
3789 0
3790 0
3791 0
3792 0
3793 0
3794 0
3795 0
3796 0
3797 0
3798 0
3799 0
3800 0
3801 0
3802 0
3803 0
3804 0
3805 0
3806 0
3807 0
3808 1
3809 0
3810 0
3811 0
3812 0
3813 0
3814 0
3815 0
3816 0
3817 0
3818 0
3819 0
3820 0
3821 0
3822 0
3823 0
3824 0
3825 0
3826 0
3827 0
3828 0
3829 0
3830 0
3831 0
3832 0
3833 0
3834 0
3835 0
3836 0
3837 0
3838 0
3839 0
3840 0
3841 0
3842 0
3843 0
3844 0
3845 0
3846 0
3847 0
3848 0
3849 0
3850 0
3851 0
3852 0
3853 0
3854 0
3855 0
3856 0
3857 0
3858 0
3859 0
3860 0
3861 0
3862 0
3863 0
3864 0
3865 0
3866 0
3867 0
3868 0
3869 0
3870 0
3871 0
3872 0
3873 0
3874 0
3875 0
3876 0
3877 0
3878 0
3879 0
3880 0
3881 0
3882 0
3883 0
3884 0
3885 0
3886 0
3887 0
3888 0
3889 0
3890 0
3891 0
3892 0
3893 0
3894 0
3895 0
3896 0
3897 0
3898 0
3899 0
3900 0
3901 0
3902 0
3903 0
3904 0
3905 0
3906 0
3907 0
3908 0
3909 0
3910 0
3911 0
3912 0
3913 0
3914 0
3915 0
3916 0
3917 0
3918 0
3919 0
3920 0
3921 0
3922 0
3923 0
3924 0
3925 0
3926 0
3927 0
3928 0
3929 0
3930 0
3931 0
3932 0
3933 0
3934 0
3935 0
3936 0
3937 0
3938 0
3939 0
3940 0
3941 0
3942 0
3943 0
3944 0
3945 0
3946 0
3947 0
3948 0
3949 0
3950 0
3951 0
3952 0
3953 0
3954 0
3955 0
3956 0
3957 0
3958 0
3959 0
3960 0
3961 0
3962 0
3963 0
3964 0
3965 0
3966 0
3967 0
3968 0
3969 0
3970 0
3971 0
3972 0
3973 0
3974 0
3975 0
3976 0
3977 0
3978 0
3979 0
3980 0
3981 0
3982 0
3983 0
3984 0
3985 0
3986 0
3987 0
3988 0
3989 0
3990 0
3991 0
3992 0
3993 0
3994 0
3995 0
3996 0
3997 0
3998 0
3999 0
4000 0
