0 0
1 0
2 0
3 0
4 0
5 0
6 0
7 0
8 0
9 0
10 0
11 0
12 0
13 0
14 0
15 0
16 0
17 0
18 0
19 0
20 0
21 0
22 0
23 0
24 0
25 0
26 0
27 0
28 0
29 0
30 0
31 0
32 0
33 0
34 0
35 0
36 0
37 0
38 0
39 0
40 0
41 0
42 0
43 0
44 0
45 0
46 0
47 0
48 0
49 0
50 0
51 0
52 0
53 0
54 0
55 0
56 0
57 0
58 0
59 0
60 0
61 0
62 0
63 0
64 0
65 0
66 0
67 0
68 0
69 0
70 0
71 0
72 0
73 0
74 0
75 0
76 0
77 0
78 0
79 0
80 0
81 0
82 0
83 0
84 0
85 2
86 12
87 22
88 18
89 19
90 21
91 28
92 29
93 21
94 27
95 18
96 26
97 25
98 16
99 18
100 13
101 5
102 17
103 8
104 7
105 5
106 12
107 14
108 9
109 6
110 34
111 151
112 772
113 2254
114 4492
115 6794
116 8351
117 9082
118 9368
119 9196
120 8605
121 7890
122 7053
123 6207
124 5446
125 4713
126 4099
127 3457
128 2991
129 2434
130 2309
131 1961
132 1691
133 1436
134 1331
135 1366
136 1117
137 1116
138 1086
139 1088
140 1042
141 1018
142 1043
143 1010
144 1103
145 1070
146 1139
147 1019
148 1072
149 1046
150 1047
151 1087
152 1084
153 1097
154 1079
155 1047
156 1052
157 997
158 1033
159 1026
160 1015
161 1026
162 1066
163 1118
164 1021
165 1052
166 1061
167 1054
168 1106
169 1119
170 1086
171 1048
172 1053
173 1062
174 1120
175 1039
176 1047
177 1089
178 1106
179 1109
180 1107
181 1066
182 1081
183 1174
184 1060
185 1152
186 1140
187 1053
188 1138
189 1155
190 1171
191 1160
192 1195
193 1099
194 1144
195 1088
196 1114
197 1108
198 1124
199 1161
200 1138
201 1140
202 1155
203 1158
204 1173
205 1114
206 1157
207 1157
208 1178
209 1199
210 1163
211 1097
212 1227
213 1161
214 1098
215 1195
216 1174
217 1150
218 1213
219 1145
220 1179
221 1195
222 1113
223 1205
224 1199
225 1141
226 1177
227 1172
228 1167
229 1170
230 1171
231 1214
232 1196
233 1151
234 1173
235 1178
236 1279
237 1265
238 1202
239 1185
240 1228
241 1182
242 1201
243 1204
244 1175
245 1237
246 1222
247 1148
248 1254
249 1249
250 1287
251 1218
252 1272
253 1283
254 1223
255 1233
256 1292
257 1249
258 1284
259 1213
260 1220
261 1328
262 1200
263 1346
264 1274
265 1291
266 1275
267 1349
268 1235
269 1224
270 1275
271 1318
272 1374
273 1245
274 1305
275 1369
276 1364
277 1316
278 1319
279 1387
280 1314
281 1372
282 1382
283 1366
284 1442
285 1401
286 1405
287 1359
288 1388
289 1448
290 1390
291 1436
292 1417
293 1360
294 1426
295 1449
296 1393
297 1474
298 1370
299 1436
300 1415
301 1395
302 1442
303 1509
304 1532
305 1474
306 1501
307 1524
308 1596
309 1533
310 1458
311 1529
312 1490
313 1570
314 1584
315 1638
316 1546
317 1599
318 1604
319 1547
320 1569
321 1615
322 1568
323 1650
324 1562
325 1632
326 1703
327 1599
328 1653
329 1581
330 1650
331 1667
332 1790
333 1671
334 1731
335 1768
336 1701
337 1746
338 1710
339 1699
340 1780
341 1762
342 1752
343 1736
344 1791
345 1787
346 1693
347 1770
348 1777
349 1830
350 1804
351 1826
352 1890
353 1800
354 1774
355 1821
356 1879
357 1850
358 1870
359 1877
360 1913
361 1872
362 1863
363 1884
364 1908
365 1934
366 1907
367 2002
368 1934
369 1871
370 1973
371 1902
372 1892
373 1980
374 1953
375 1966
376 1907
377 1962
378 1977
379 1950
380 1962
381 1999
382 1900
383 1964
384 1970
385 1844
386 1929
387 1948
388 2017
389 1957
390 2041
391 2073
392 2078
393 1994
394 2028
395 2029
396 2001
397 2069
398 2020
399 2091
400 2060
401 2081
402 1959
403 1994
404 2105
405 1968
406 2081
407 2132
408 1998
409 2007
410 2080
411 2070
412 2018
413 2059
414 2054
415 2036
416 2124
417 2013
418 2119
419 2103
420 2043
421 2035
422 1971
423 2146
424 1985
425 2082
426 2067
427 2047
428 1984
429 2104
430 2018
431 2038
432 2013
433 2068
434 2016
435 2020
436 1991
437 1999
438 2047
439 2024
440 2025
441 1966
442 1982
443 1990
444 1972
445 1983
446 1950
447 1928
448 1953
449 2003
450 2041
451 1935
452 1939
453 1891
454 1941
455 1977
456 1905
457 1901
458 1950
459 1850
460 1958
461 1877
462 1903
463 1856
464 1935
465 1900
466 1898
467 1909
468 1922
469 1841
470 1792
471 1847
472 1990
473 1816
474 1901
475 1817
476 1786
477 1860
478 1792
479 1752
480 1773
481 1763
482 1806
483 1730
484 1741
485 1702
486 1678
487 1759
488 1750
489 1668
490 1703
491 1625
492 1579
493 1656
494 1711
495 1643
496 1717
497 1654
498 1680
499 1662
500 1613
501 1618
502 1643
503 1572
504 1583
505 1662
506 1549
507 1638
508 1597
509 1554
510 1552
511 1511
512 1471
513 1466
514 1534
515 1478
516 1425
517 1403
518 1432
519 1439
520 1436
521 1417
522 1395
523 1403
524 1426
525 1373
526 1349
527 1333
528 1327
529 1307
530 1313
531 1327
532 1348
533 1272
534 1332
535 1300
536 1340
537 1211
538 1271
539 1280
540 1273
541 1261
542 1216
543 1236
544 1255
545 1220
546 1196
547 1206
548 1185
549 1182
550 1164
551 1176
552 1200
553 1118
554 1149
555 1100
556 1107
557 1086
558 1030
559 1082
560 1067
561 1095
562 1025
563 1063
564 1055
565 1002
566 1023
567 1016
568 1041
569 968
570 1051
571 968
572 950
573 909
574 943
575 942
576 937
577 906
578 934
579 902
580 861
581 877
582 880
583 915
584 847
585 882
586 832
587 866
588 855
589 833
590 827
591 813
592 831
593 783
594 845
595 776
596 763
597 772
598 800
599 798
600 757
601 705
602 786
603 742
604 708
605 751
606 709
607 706
608 705
609 704
610 705
611 638
612 656
613 674
614 662
615 679
616 660
617 660
618 632
619 688
620 699
621 642
622 611
623 562
624 624
625 635
626 609
627 653
628 575
629 557
630 612
631 579
632 523
633 526
634 564
635 563
636 555
637 513
638 533
639 543
640 517
641 485
642 502
643 547
644 477
645 536
646 512
647 499
648 464
649 511
650 505
651 456
652 444
653 487
654 480
655 462
656 510
657 441
658 482
659 428
660 428
661 420
662 447
663 426
664 430
665 411
666 449
667 430
668 436
669 429
670 390
671 411
672 397
673 407
674 426
675 368
676 406
677 374
678 424
679 375
680 348
681 392
682 350
683 392
684 342
685 347
686 382
687 395
688 346
689 360
690 367
691 356
692 351
693 321
694 347
695 400
696 348
697 351
698 336
699 307
700 307
701 328
702 366
703 333
704 317
705 306
706 366
707 306
708 351
709 316
710 307
711 299
712 313
713 288
714 318
715 305
716 302
717 295
718 308
719 298
720 302
721 302
722 301
723 283
724 277
725 304
726 284
727 318
728 276
729 290
730 269
731 296
732 277
733 274
734 287
735 270
736 280
737 283
738 308
739 270
740 264
741 270
742 273
743 256
744 293
745 280
746 272
747 258
748 279
749 260
750 271
751 266
752 260
753 317
754 228
755 253
756 252
757 232
758 243
759 274
760 279
761 252
762 251
763 264
764 266
765 236
766 239
767 256
768 236
769 259
770 226
771 226
772 222
773 270
774 231
775 237
776 254
777 242
778 251
779 235
780 236
781 228
782 234
783 243
784 243
785 226
786 224
787 226
788 248
789 254
790 246
791 253
792 218
793 227
794 214
795 237
796 246
797 230
798 236
799 207
800 232
801 238
802 217
803 250
804 227
805 234
806 224
807 205
808 185
809 235
810 246
811 212
812 208
813 246
814 212
815 236
816 232
817 245
818 229
819 234
820 230
821 205
822 238
823 222
824 243
825 219
826 228
827 211
828 225
829 218
830 217
831 207
832 221
833 208
834 251
835 224
836 231
837 246
838 216
839 206
840 244
841 199
842 208
843 213
844 241
845 223
846 219
847 199
848 177
849 211
850 232
851 196
852 205
853 214
854 211
855 256
856 211
857 236
858 202
859 233
860 238
861 225
862 229
863 198
864 219
865 201
866 216
867 241
868 217
869 213
870 226
871 190
872 228
873 226
874 218
875 248
876 218
877 210
878 212
879 228
880 237
881 222
882 242
883 241
884 212
885 219
886 205
887 221
888 209
889 242
890 231
891 211
892 220
893 244
894 199
895 224
896 216
897 210
898 226
899 238
900 206
901 228
902 208
903 234
904 202
905 230
906 213
907 215
908 205
909 230
910 212
911 231
912 229
913 215
914 242
915 233
916 221
917 196
918 203
919 216
920 228
921 238
922 223
923 220
924 212
925 218
926 242
927 211
928 201
929 201
930 193
931 197
932 235
933 212
934 194
935 227
936 227
937 225
938 217
939 227
940 225
941 221
942 231
943 218
944 237
945 212
946 201
947 209
948 208
949 213
950 206
951 230
952 212
953 228
954 240
955 218
956 174
957 226
958 222
959 209
960 199
961 206
962 226
963 185
964 208
965 241
966 211
967 212
968 200
969 215
970 214
971 213
972 228
973 203
974 202
975 194
976 213
977 231
978 180
979 237
980 192
981 210
982 227
983 212
984 213
985 203
986 192
987 192
988 200
989 211
990 225
991 200
992 225
993 246
994 220
995 224
996 239
997 203
998 229
999 214
1000 225
1001 220
1002 210
1003 198
1004 238
1005 198
1006 203
1007 220
1008 216
1009 193
1010 206
1011 204
1012 217
1013 189
1014 194
1015 207
1016 221
1017 206
1018 196
1019 195
1020 224
1021 205
1022 249
1023 200
1024 203
1025 181
1026 199
1027 180
1028 196
1029 203
1030 221
1031 193
1032 220
1033 216
1034 219
1035 193
1036 215
1037 218
1038 200
1039 186
1040 239
1041 209
1042 214
1043 204
1044 194
1045 178
1046 171
1047 181
1048 205
1049 191
1050 189
1051 198
1052 211
1053 192
1054 180
1055 179
1056 206
1057 215
1058 202
1059 218
1060 220
1061 198
1062 209
1063 179
1064 205
1065 178
1066 212
1067 215
1068 179
1069 192
1070 190
1071 166
1072 211
1073 177
1074 175
1075 203
1076 211
1077 186
1078 186
1079 193
1080 193
1081 198
1082 189
1083 183
1084 194
1085 187
1086 193
1087 170
1088 227
1089 210
1090 186
1091 170
1092 154
1093 161
1094 179
1095 188
1096 172
1097 183
1098 195
1099 208
1100 182
1101 182
1102 170
1103 211
1104 155
1105 173
1106 176
1107 190
1108 166
1109 180
1110 179
1111 159
1112 184
1113 179
1114 171
1115 176
1116 182
1117 167
1118 150
1119 165
1120 172
1121 194
1122 171
1123 189
1124 178
1125 149
1126 165
1127 166
1128 186
1129 184
1130 150
1131 185
1132 166
1133 166
1134 169
1135 185
1136 185
1137 184
1138 174
1139 183
1140 186
1141 190
1142 171
1143 180
1144 189
1145 176
1146 189
1147 147
1148 159
1149 171
1150 176
1151 158
1152 161
1153 181
1154 160
1155 172
1156 164
1157 176
1158 155
1159 181
1160 159
1161 155
1162 156
1163 159
1164 146
1165 157
1166 160
1167 151
1168 160
1169 158
1170 157
1171 151
1172 160
1173 157
1174 169
1175 164
1176 151
1177 144
1178 116
1179 164
1180 152
1181 143
1182 168
1183 142
1184 138
1185 145
1186 156
1187 134
1188 147
1189 166
1190 149
1191 147
1192 153
1193 127
1194 140
1195 151
1196 137
1197 138
1198 153
1199 124
1200 140
1201 145
1202 135
1203 150
1204 144
1205 156
1206 130
1207 139
1208 162
1209 165
1210 127
1211 126
1212 125
1213 132
1214 144
1215 137
1216 123
1217 148
1218 141
1219 135
1220 127
1221 148
1222 112
1223 145
1224 123
1225 144
1226 141
1227 128
1228 129
1229 129
1230 121
1231 138
1232 145
1233 130
1234 118
1235 133
1236 122
1237 131
1238 137
1239 141
1240 138
1241 106
1242 114
1243 135
1244 110
1245 114
1246 124
1247 118
1248 126
1249 117
1250 94
1251 145
1252 102
1253 144
1254 114
1255 115
1256 101
1257 100
1258 112
1259 123
1260 127
1261 98
1262 122
1263 98
1264 131
1265 118
1266 115
1267 91
1268 119
1269 96
1270 105
1271 119
1272 110
1273 93
1274 109
1275 106
1276 98
1277 127
1278 101
1279 95
1280 95
1281 106
1282 95
1283 101
1284 98
1285 108
1286 105
1287 95
1288 98
1289 95
1290 90
1291 96
1292 100
1293 96
1294 94
1295 92
1296 100
1297 88
1298 100
1299 106
1300 112
1301 88
1302 101
1303 93
1304 72
1305 85
1306 93
1307 110
1308 88
1309 103
1310 102
1311 82
1312 93
1313 72
1314 84
1315 102
1316 90
1317 94
1318 86
1319 94
1320 100
1321 101
1322 87
1323 107
1324 99
1325 91
1326 80
1327 83
1328 91
1329 102
1330 79
1331 95
1332 66
1333 63
1334 73
1335 77
1336 80
1337 87
1338 92
1339 87
1340 80
1341 82
1342 81
1343 88
1344 68
1345 66
1346 84
1347 76
1348 79
1349 76
1350 84
1351 67
1352 87
1353 75
1354 65
1355 77
1356 76
1357 84
1358 64
1359 61
1360 81
1361 100
1362 67
1363 71
1364 80
1365 81
1366 74
1367 82
1368 73
1369 83
1370 87
1371 71
1372 65
1373 84
1374 69
1375 73
1376 64
1377 66
1378 73
1379 49
1380 72
1381 70
1382 76
1383 74
1384 69
1385 78
1386 77
1387 70
1388 67
1389 71
1390 53
1391 66
1392 58
1393 61
1394 77
1395 67
1396 63
1397 59
1398 60
1399 68
1400 63
1401 58
1402 69
1403 56
1404 69
1405 61
1406 48
1407 57
1408 58
1409 52
1410 64
1411 54
1412 60
1413 68
1414 72
1415 47
1416 57
1417 56
1418 52
1419 49
1420 64
1421 59
1422 49
1423 56
1424 64
1425 57
1426 46
1427 64
1428 49
1429 69
1430 51
1431 71
1432 62
1433 48
1434 56
1435 45
1436 63
1437 60
1438 56
1439 52
1440 52
1441 59
1442 61
1443 48
1444 68
1445 51
1446 56
1447 51
1448 48
1449 54
1450 43
1451 48
1452 46
1453 51
1454 46
1455 38
1456 48
1457 54
1458 46
1459 37
1460 52
1461 53
1462 46
1463 46
1464 49
1465 42
1466 57
1467 49
1468 56
1469 43
1470 41
1471 56
1472 46
1473 51
1474 55
1475 41
1476 54
1477 36
1478 42
1479 51
1480 41
1481 29
1482 43
1483 49
1484 43
1485 50
1486 53
1487 47
1488 44
1489 54
1490 53
1491 42
1492 44
1493 46
1494 42
1495 50
1496 43
1497 35
1498 34
1499 40
1500 39
1501 34
1502 46
1503 40
1504 30
1505 33
1506 36
1507 47
1508 33
1509 35
1510 37
1511 48
1512 26
1513 49
1514 29
1515 31
1516 46
1517 39
1518 36
1519 26
1520 43
1521 31
1522 35
1523 38
1524 32
1525 32
1526 34
1527 30
1528 32
1529 30
1530 34
1531 24
1532 34
1533 39
1534 25
1535 24
1536 29
1537 42
1538 31
1539 39
1540 29
1541 32
1542 33
1543 35
1544 40
1545 35
1546 35
1547 27
1548 33
1549 25
1550 37
1551 36
1552 46
1553 33
1554 37
1555 32
1556 31
1557 29
1558 27
1559 30
1560 21
1561 31
1562 27
1563 37
1564 25
1565 30
1566 23
1567 32
1568 32
1569 26
1570 27
1571 28
1572 29
1573 24
1574 26
1575 24
1576 28
1577 37
1578 22
1579 30
1580 30
1581 27
1582 29
1583 20
1584 23
1585 27
1586 28
1587 30
1588 20
1589 25
1590 24
1591 23
1592 19
1593 23
1594 33
1595 25
1596 20
1597 33
1598 16
1599 17
1600 26
1601 15
1602 16
1603 15
1604 20
1605 21
1606 28
1607 23
1608 34
1609 27
1610 15
1611 14
1612 23
1613 24
1614 18
1615 21
1616 18
1617 24
1618 25
1619 26
1620 17
1621 23
1622 28
1623 22
1624 22
1625 19
1626 20
1627 17
1628 21
1629 17
1630 21
1631 19
1632 11
1633 24
1634 22
1635 11
1636 20
1637 12
1638 25
1639 16
1640 17
1641 27
1642 16
1643 24
1644 16
1645 19
1646 18
1647 17
1648 21
1649 27
1650 21
1651 21
1652 19
1653 17
1654 20
1655 13
1656 18
1657 13
1658 16
1659 16
1660 12
1661 14
1662 14
1663 15
1664 15
1665 13
1666 12
1667 16
1668 9
1669 21
1670 13
1671 13
1672 16
1673 11
1674 9
1675 17
1676 16
1677 22
1678 10
1679 10
1680 19
1681 19
1682 15
1683 14
1684 14
1685 16
1686 8
1687 8
1688 13
1689 14
1690 20
1691 7
1692 11
1693 8
1694 16
1695 8
1696 16
1697 13
1698 11
1699 13
1700 10
1701 14
1702 10
1703 15
1704 12
1705 7
1706 8
1707 9
1708 13
1709 2
1710 12
1711 8
1712 10
1713 11
1714 14
1715 10
1716 5
1717 14
1718 16
1719 13
1720 12
1721 15
1722 14
1723 5
1724 8
1725 14
1726 10
1727 8
1728 12
1729 16
1730 12
1731 8
1732 11
1733 10
1734 9
1735 14
1736 10
1737 7
1738 11
1739 7
1740 7
1741 11
1742 12
1743 12
1744 8
1745 9
1746 6
1747 9
1748 5
1749 6
1750 9
1751 10
1752 7
1753 5
1754 5
1755 9
1756 7
1757 14
1758 8
1759 7
1760 9
1761 7
1762 11
1763 8
1764 9
1765 4
1766 8
1767 5
1768 7
1769 3
1770 10
1771 6
1772 4
1773 2
1774 9
1775 7
1776 8
1777 9
1778 5
1779 4
1780 7
1781 9
1782 6
1783 6
1784 9
1785 4
1786 7
1787 6
1788 7
1789 6
1790 7
1791 10
1792 6
1793 14
1794 7
1795 1
1796 9
1797 9
1798 7
1799 4
1800 10
1801 4
1802 5
1803 6
1804 5
1805 4
1806 4
1807 3
1808 4
1809 6
1810 4
1811 4
1812 7
1813 4
1814 3
1815 6
1816 3
1817 4
1818 7
1819 2
1820 2
1821 6
1822 6
1823 3
1824 3
1825 3
1826 4
1827 3
1828 6
1829 6
1830 4
1831 7
1832 2
1833 1
1834 8
1835 5
1836 4
1837 6
1838 5
1839 7
1840 2
1841 2
1842 2
1843 2
1844 6
1845 5
1846 5
1847 5
1848 6
1849 7
1850 6
1851 2
1852 2
1853 1
1854 4
1855 2
1856 5
1857 6
1858 3
1859 3
1860 3
1861 1
1862 0
1863 6
1864 6
1865 2
1866 1
1867 3
1868 3
1869 2
1870 3
1871 7
1872 3
1873 1
1874 4
1875 3
1876 5
1877 4
1878 2
1879 3
1880 2
1881 4
1882 3
1883 3
1884 4
1885 3
1886 4
1887 5
1888 3
1889 2
1890 3
1891 6
1892 1
1893 4
1894 3
1895 0
1896 6
1897 1
1898 1
1899 1
1900 4
1901 2
1902 4
1903 2
1904 3
1905 1
1906 2
1907 6
1908 1
1909 3
1910 4
1911 4
1912 4
1913 2
1914 2
1915 2
1916 2
1917 2
1918 1
1919 4
1920 0
1921 1
1922 0
1923 3
1924 2
1925 1
1926 3
1927 2
1928 2
1929 0
1930 0
1931 2
1932 1
1933 1
1934 1
1935 1
1936 1
1937 0
1938 2
1939 1
1940 5
1941 0
1942 1
1943 2
1944 3
1945 2
1946 1
1947 2
1948 1
1949 1
1950 1
1951 2
1952 4
1953 2
1954 1
1955 3
1956 3
1957 1
1958 0
1959 1
1960 2
1961 0
1962 2
1963 2
1964 3
1965 3
1966 2
1967 1
1968 1
1969 2
1970 1
1971 2
1972 1
1973 0
1974 1
1975 0
1976 1
1977 1
1978 0
1979 0
1980 1
1981 1
1982 0
1983 0
1984 1
1985 1
1986 0
1987 1
1988 1
1989 1
1990 1
1991 0
1992 1
1993 2
1994 1
1995 0
1996 0
1997 0
1998 1
1999 1
2000 1
2001 1
2002 1
2003 2
2004 0
2005 2
2006 1
2007 0
2008 1
2009 0
2010 2
2011 2
2012 0
2013 1
2014 0
2015 2
2016 0
2017 0
2018 2
2019 1
2020 1
2021 0
2022 1
2023 0
2024 0
2025 0
2026 0
2027 2
2028 1
2029 0
2030 0
2031 1
2032 1
2033 1
2034 0
2035 1
2036 0
2037 0
2038 1
2039 1
2040 0
2041 1
2042 1
2043 0
2044 0
2045 1
2046 2
2047 0
2048 0
2049 0
2050 1
2051 1
2052 0
2053 0
2054 0
2055 1
2056 1
2057 0
2058 0
2059 1
2060 1
2061 2
2062 0
2063 1
2064 0
2065 0
2066 0
2067 0
2068 1
2069 1
2070 1
2071 0
2072 0
2073 1
2074 0
2075 0
2076 0
2077 0
2078 0
2079 0
2080 0
2081 0
2082 0
2083 0
2084 0
2085 0
2086 1
2087 2
2088 0
2089 0
2090 1
2091 0
2092 0
2093 1
2094 1
2095 1
2096 0
2097 0
2098 1
2099 0
2100 0
2101 1
2102 0
2103 0
2104 1
2105 0
2106 0
2107 0
2108 1
2109 2
2110 0
2111 0
2112 0
2113 0
2114 1
2115 0
2116 1
2117 0
2118 0
2119 1
2120 1
2121 0
2122 0
2123 0
2124 0
2125 0
2126 0
2127 0
2128 0
2129 0
2130 0
2131 0
2132 0
2133 0
2134 0
2135 0
2136 1
2137 0
2138 0
2139 1
2140 0
2141 0
2142 0
2143 0
2144 0
2145 0
2146 0
2147 1
2148 0
2149 0
2150 0
2151 0
2152 0
2153 0
2154 0
2155 0
2156 0
2157 0
2158 0
2159 0
2160 0
2161 0
2162 0
2163 0
2164 1
2165 0
2166 0
2167 0
2168 0
2169 0
2170 0
2171 0
2172 0
2173 0
2174 0
2175 1
2176 2
2177 0
2178 0
2179 0
2180 1
2181 0
2182 1
2183 0
2184 0
2185 0
2186 0
2187 0
2188 0
2189 0
2190 0
2191 0
2192 0
2193 0
2194 1
2195 0
2196 0
2197 1
2198 0
2199 0
2200 0
2201 0
2202 0
2203 1
2204 0
2205 1
2206 0
2207 0
2208 0
2209 0
2210 1
2211 0
2212 0
2213 0
2214 0
2215 0
2216 0
2217 1
2218 0
2219 0
2220 0
2221 0
2222 0
2223 0
2224 0
2225 0
2226 0
2227 0
2228 0
2229 0
2230 0
2231 0
2232 1
2233 0
2234 0
2235 1
2236 1
2237 0
2238 0
2239 1
2240 0
2241 0
2242 0
2243 0
2244 0
2245 0
2246 0
2247 0
2248 0
2249 0
2250 0
2251 0
2252 0
2253 0
2254 0
2255 0
2256 0
2257 0
2258 0
2259 0
2260 1
2261 0
2262 0
2263 2
2264 0
2265 1
2266 0
2267 0
2268 0
2269 0
2270 0
2271 0
2272 0
2273 0
2274 0
2275 0
2276 1
2277 0
2278 0
2279 0
2280 0
2281 0
2282 0
2283 0
2284 0
2285 0
2286 0
2287 0
2288 0
2289 1
2290 0
2291 0
2292 1
2293 0
2294 0
2295 0
2296 0
2297 0
2298 0
2299 1
2300 0
2301 0
2302 0
2303 0
2304 0
2305 0
2306 0
2307 0
2308 0
2309 0
2310 0
2311 0
2312 0
2313 0
2314 0
2315 0
2316 0
2317 0
2318 0
2319 0
2320 0
2321 0
2322 0
2323 0
2324 0
2325 0
2326 0
2327 0
2328 0
2329 0
2330 1
2331 0
2332 0
2333 0
2334 0
2335 0
2336 0
2337 0
2338 0
2339 0
2340 0
2341 0
2342 0
2343 0
2344 0
2345 0
2346 0
2347 0
2348 0
2349 0
2350 0
2351 0
2352 0
2353 0
2354 0
2355 0
2356 0
2357 0
2358 0
2359 0
2360 0
2361 0
2362 0
2363 0
2364 0
2365 0
2366 0
2367 0
2368 0
2369 0
2370 0
2371 1
2372 0
2373 0
2374 0
2375 0
2376 0
2377 0
2378 0
2379 0
2380 0
2381 0
2382 1
2383 0
2384 0
2385 0
2386 0
2387 0
2388 0
2389 0
2390 0
2391 0
2392 0
2393 0
2394 0
2395 0
2396 0
2397 0
2398 0
2399 0
2400 0
2401 0
2402 0
2403 0
2404 0
2405 0
2406 0
2407 0
2408 0
2409 0
2410 0
2411 0
2412 0
2413 0
2414 0
2415 0
2416 0
2417 0
2418 0
2419 0
2420 0
2421 1
2422 0
2423 0
2424 0
2425 0
2426 0
2427 0
2428 0
2429 0
2430 0
2431 0
2432 0
2433 0
2434 0
2435 0
2436 0
2437 0
2438 0
2439 0
2440 0
2441 0
2442 0
2443 0
2444 0
2445 0
2446 0
2447 1
2448 0
2449 0
2450 0
2451 0
2452 0
2453 0
2454 0
2455 0
2456 0
2457 0
2458 0
2459 0
2460 0
2461 0
2462 0
2463 0
2464 0
2465 0
2466 0
2467 0
2468 0
2469 0
2470 0
2471 1
2472 0
2473 0
2474 0
2475 0
2476 0
2477 0
2478 0
2479 0
2480 0
2481 1
2482 0
2483 0
2484 0
2485 0
2486 0
2487 0
2488 0
2489 0
2490 0
2491 0
2492 0
2493 0
2494 0
2495 0
2496 0
2497 0
2498 0
2499 0
2500 0
2501 0
2502 0
2503 0
2504 0
2505 0
2506 0
2507 0
2508 0
2509 0
2510 0
2511 0
2512 0
2513 0
2514 0
2515 0
2516 0
2517 0
2518 0
2519 0
2520 0
2521 0
2522 0
2523 0
2524 0
2525 0
2526 0
2527 0
2528 0
2529 0
2530 0
2531 0
2532 0
2533 0
2534 0
2535 0
2536 0
2537 0
2538 0
2539 0
2540 0
2541 0
2542 0
2543 0
2544 0
2545 0
2546 0
2547 0
2548 0
2549 0
2550 0
2551 0
2552 0
2553 0
2554 0
2555 0
2556 0
2557 0
2558 1
2559 0
2560 0
2561 0
2562 0
2563 0
2564 0
2565 0
2566 0
2567 0
2568 0
2569 0
2570 0
2571 0
2572 0
2573 0
2574 0
2575 0
2576 0
2577 0
2578 0
2579 0
2580 0
2581 0
2582 0
2583 0
2584 0
2585 0
2586 0
2587 0
2588 1
2589 0
2590 0
2591 0
2592 0
2593 0
2594 0
2595 0
2596 0
2597 0
2598 0
2599 0
2600 0
2601 0
2602 0
2603 0
2604 0
2605 0
2606 0
2607 0
2608 0
2609 0
2610 0
2611 0
2612 0
2613 0
2614 0
2615 0
2616 0
2617 0
2618 0
2619 0
2620 0
2621 1
2622 0
2623 0
2624 0
2625 0
2626 0
2627 0
2628 0
2629 0
2630 0
2631 0
2632 0
2633 0
2634 0
2635 0
2636 0
2637 0
2638 0
2639 0
2640 0
2641 0
2642 0
2643 0
2644 0
2645 0
2646 0
2647 0
2648 0
2649 0
2650 0
2651 0
2652 0
2653 0
2654 0
2655 0
2656 0
2657 0
2658 0
2659 0
2660 0
2661 0
2662 0
2663 0
2664 0
2665 0
2666 0
2667 0
2668 0
2669 0
2670 0
2671 0
2672 0
2673 0
2674 0
2675 0
2676 0
2677 0
2678 0
2679 0
2680 0
2681 0
2682 0
2683 0
2684 0
2685 0
2686 0
2687 0
2688 0
2689 0
2690 0
2691 0
2692 0
2693 0
2694 1
2695 0
2696 0
2697 0
2698 0
2699 0
2700 0
2701 0
2702 0
2703 0
2704 1
2705 0
2706 0
2707 0
2708 0
2709 0
2710 0
2711 0
2712 0
2713 0
2714 0
2715 0
2716 0
2717 0
2718 0
2719 0
2720 0
2721 0
2722 0
2723 0
2724 0
2725 0
2726 0
2727 0
2728 0
2729 0
2730 0
2731 0
2732 0
2733 0
2734 0
2735 0
2736 0
2737 0
2738 0
2739 0
2740 0
2741 0
2742 0
2743 0
2744 0
2745 0
2746 0
2747 0
2748 0
2749 0
2750 0
2751 0
2752 0
2753 0
2754 0
2755 0
2756 0
2757 0
2758 0
2759 0
2760 0
2761 0
2762 0
2763 0
2764 0
2765 1
2766 0
2767 0
2768 0
2769 0
2770 0
2771 0
2772 0
2773 0
2774 0
2775 0
2776 0
2777 0
2778 0
2779 0
2780 0
2781 0
2782 0
2783 0
2784 0
2785 0
2786 0
2787 0
2788 0
2789 0
2790 0
2791 0
2792 0
2793 0
2794 0
2795 0
2796 0
2797 0
2798 0
2799 0
2800 0
2801 0
2802 0
2803 0
2804 0
2805 0
2806 0
2807 0
2808 0
2809 0
2810 0
2811 0
2812 0
2813 0
2814 0
2815 0
2816 0
2817 0
2818 0
2819 0
2820 0
2821 0
2822 0
2823 0
2824 0
2825 0
2826 0
2827 0
2828 0
2829 0
2830 0
2831 0
2832 0
2833 0
2834 0
2835 0
2836 0
2837 0
2838 0
2839 0
2840 0
2841 0
2842 0
2843 0
2844 0
2845 0
2846 0
2847 0
2848 0
2849 0
2850 0
2851 0
2852 0
2853 0
2854 0
2855 0
2856 0
2857 0
2858 0
2859 0
2860 0
2861 0
2862 0
2863 0
2864 0
2865 0
2866 0
2867 0
2868 0
2869 0
2870 0
2871 0
2872 0
2873 0
2874 0
2875 0
2876 0
2877 0
2878 0
2879 0
2880 0
2881 0
2882 0
2883 0
2884 0
2885 0
2886 0
2887 0
2888 0
2889 0
2890 0
2891 0
2892 0
2893 0
2894 0
2895 0
2896 0
2897 0
2898 0
2899 0
2900 0
2901 0
2902 0
2903 0
2904 0
2905 0
2906 0
2907 0
2908 0
2909 0
2910 0
2911 0
2912 0
2913 0
2914 0
2915 0
2916 0
2917 0
2918 0
2919 0
2920 0
2921 0
2922 0
2923 0
2924 0
2925 0
2926 0
2927 0
2928 0
2929 0
2930 0
2931 0
2932 0
2933 0
2934 0
2935 0
2936 0
2937 0
2938 0
2939 0
2940 0
2941 0
2942 0
2943 0
2944 0
2945 1
2946 0
2947 0
2948 0
2949 0
2950 0
2951 0
2952 0
2953 0
2954 0
2955 0
2956 0
2957 0
2958 1
2959 0
2960 0
2961 0
2962 0
2963 0
2964 1
2965 0
2966 0
2967 0
2968 0
2969 0
2970 1
2971 0
2972 0
2973 0
2974 0
2975 0
2976 0
2977 0
2978 0
2979 0
2980 0
2981 0
2982 0
2983 0
2984 0
2985 0
2986 0
2987 0
2988 0
2989 0
2990 0
2991 0
2992 0
2993 0
2994 0
2995 0
2996 0
2997 0
2998 0
2999 0
3000 0
3001 0
3002 0
3003 0
3004 0
3005 0
3006 0
3007 0
3008 0
3009 0
3010 0
3011 0
3012 0
3013 0
3014 0
3015 0
3016 0
3017 0
3018 1
3019 0
3020 0
3021 0
3022 0
3023 0
3024 0
3025 0
3026 0
3027 0
3028 0
3029 0
3030 0
3031 0
3032 0
3033 0
3034 0
3035 0
3036 0
3037 0
3038 0
3039 0
3040 0
3041 0
3042 0
3043 0
3044 0
3045 0
3046 0
3047 0
3048 0
3049 0
3050 0
3051 0
3052 0
3053 0
3054 0
3055 0
3056 0
3057 0
3058 0
3059 0
3060 0
3061 0
3062 0
3063 0
3064 0
3065 0
3066 0
3067 0
3068 0
3069 0
3070 0
3071 0
3072 0
3073 0
3074 0
3075 0
3076 0
3077 0
3078 0
3079 0
3080 0
3081 0
3082 0
3083 0
3084 0
3085 0
3086 0
3087 0
3088 0
3089 0
3090 0
3091 0
3092 0
3093 0
3094 0
3095 0
3096 0
3097 0
3098 0
3099 0
3100 0
3101 0
3102 0
3103 0
3104 0
3105 0
3106 0
3107 0
3108 0
3109 0
3110 0
3111 0
3112 0
3113 1
3114 0
3115 0
3116 0
3117 0
3118 0
3119 0
3120 0
3121 0
3122 0
3123 0
3124 0
3125 0
3126 0
3127 0
3128 0
3129 0
3130 0
3131 0
3132 0
3133 0
3134 0
3135 0
3136 0
3137 0
3138 0
3139 0
3140 0
3141 0
3142 0
3143 0
3144 0
3145 0
3146 0
3147 0
3148 0
3149 0
3150 0
3151 0
3152 0
3153 0
3154 0
3155 0
3156 0
3157 0
3158 0
3159 0
3160 0
3161 0
3162 0
3163 0
3164 0
3165 0
3166 0
3167 0
3168 0
3169 0
3170 0
3171 0
3172 0
3173 0
3174 0
3175 0
3176 0
3177 0
3178 0
3179 0
3180 0
3181 0
3182 0
3183 0
3184 0
3185 0
3186 0
3187 0
3188 0
3189 0
3190 0
3191 0
3192 0
3193 0
3194 0
3195 0
3196 0
3197 0
3198 0
3199 0
3200 0
3201 0
3202 0
3203 0
3204 0
3205 0
3206 0
3207 0
3208 0
3209 0
3210 0
3211 0
3212 0
3213 0
3214 0
3215 0
3216 0
3217 0
3218 0
3219 0
3220 0
3221 0
3222 0
3223 0
3224 0
3225 0
3226 0
3227 0
3228 0
3229 0
3230 0
3231 0
3232 0
3233 0
3234 0
3235 0
3236 0
3237 0
3238 0
3239 0
3240 0
3241 0
3242 0
3243 0
3244 0
3245 0
3246 0
3247 0
3248 0
3249 0
3250 0
3251 0
3252 0
3253 0
3254 0
3255 0
3256 0
3257 0
3258 0
3259 0
3260 0
3261 0
3262 0
3263 0
3264 0
3265 0
3266 0
3267 0
3268 0
3269 0
3270 0
3271 0
3272 0
3273 0
3274 0
3275 0
3276 0
3277 1
3278 0
3279 0
3280 0
3281 0
3282 0
3283 0
3284 0
3285 0
3286 0
3287 0
3288 0
3289 0
3290 0
3291 0
3292 0
3293 0
3294 0
3295 0
3296 0
3297 0
3298 0
3299 0
3300 0
3301 0
3302 0
3303 0
3304 0
3305 0
3306 0
3307 0
3308 0
3309 0
3310 0
3311 0
3312 0
3313 1
3314 0
3315 0
3316 0
3317 0
3318 0
3319 0
3320 0
3321 0
3322 0
3323 0
3324 0
3325 0
3326 0
3327 0
3328 0
3329 0
3330 0
3331 0
3332 0
3333 0
3334 0
3335 0
3336 0
3337 0
3338 0
3339 0
3340 0
3341 0
3342 0
3343 0
3344 0
3345 0
3346 0
3347 0
3348 0
3349 0
3350 0
3351 0
3352 0
3353 0
3354 0
3355 0
3356 0
3357 0
3358 0
3359 0
3360 0
3361 0
3362 0
3363 0
3364 0
3365 0
3366 0
3367 0
3368 0
3369 0
3370 0
3371 0
3372 0
3373 0
3374 0
3375 0
3376 0
3377 0
3378 0
3379 0
3380 0
3381 0
3382 0
3383 0
3384 0
3385 0
3386 0
3387 0
3388 0
3389 0
3390 0
3391 0
3392 0
3393 0
3394 0
3395 0
3396 0
3397 0
3398 0
3399 0
3400 0
3401 0
3402 1
3403 0
3404 0
3405 0
3406 0
3407 0
3408 0
3409 0
3410 0
3411 0
3412 0
3413 1
3414 0
3415 0
3416 0
3417 0
3418 0
3419 0
3420 0
3421 0
3422 0
3423 0
3424 0
3425 0
3426 0
3427 0
3428 0
3429 0
3430 0
3431 0
3432 0
3433 0
3434 0
3435 0
3436 0
3437 0
3438 0
3439 0
3440 0
3441 0
3442 0
3443 0
3444 0
3445 0
3446 0
3447 0
3448 0
3449 0
3450 0
3451 0
3452 0
3453 0
3454 0
3455 0
3456 0
3457 0
3458 0
3459 0
3460 0
3461 0
3462 0
3463 0
3464 0
3465 0
3466 0
3467 0
3468 0
3469 0
3470 0
3471 0
3472 0
3473 0
3474 0
3475 0
3476 0
3477 0
3478 0
3479 0
3480 0
3481 0
3482 0
3483 0
3484 0
3485 0
3486 0
3487 0
3488 0
3489 0
3490 0
3491 0
3492 0
3493 0
3494 0
3495 0
3496 0
3497 0
3498 0
3499 0
3500 0
3501 0
3502 0
3503 0
3504 0
3505 0
3506 0
3507 0
3508 0
3509 0
3510 0
3511 0
3512 0
3513 0
3514 0
3515 0
3516 0
3517 0
3518 0
3519 0
3520 0
3521 0
3522 0
3523 0
3524 0
3525 0
3526 0
3527 0
3528 0
3529 0
3530 0
3531 0
3532 0
3533 0
3534 0
3535 0
3536 0
3537 0
3538 0
3539 0
3540 0
3541 0
3542 0
3543 0
3544 0
3545 0
3546 0
3547 0
3548 0
3549 0
3550 0
3551 0
3552 0
3553 0
3554 0
3555 0
3556 0
3557 0
3558 0
3559 0
3560 0
3561 0
3562 0
3563 0
3564 0
3565 0
3566 0
3567 0
3568 0
3569 0
3570 0
3571 0
3572 0
3573 0
3574 0
3575 0
3576 0
3577 0
3578 0
3579 0
3580 0
3581 0
3582 0
3583 0
3584 0
3585 0
3586 0
3587 0
3588 0
3589 0
3590 0
3591 0
3592 0
3593 0
3594 0
3595 0
3596 0
3597 0
3598 0
3599 0
3600 0
3601 0
3602 0
3603 0
3604 0
3605 0
3606 0
3607 0
3608 0
3609 1
3610 0
3611 0
3612 0
3613 0
3614 0
3615 0
3616 0
3617 0
3618 0
3619 0
3620 1
3621 0
3622 0
3623 0
3624 0
3625 0
3626 0
3627 0
3628 0
3629 0
3630 0
3631 0
3632 0
3633 0
3634 0
3635 0
3636 0
3637 1
3638 0
3639 0
3640 0
3641 0
3642 0
3643 0
3644 0
3645 0
3646 0
3647 0
3648 0
3649 0
3650 0
3651 0
3652 0
3653 0
3654 0
3655 0
3656 0
3657 0
3658 0
3659 0
3660 0
3661 0
3662 0
3663 0
3664 0
3665 0
3666 0
3667 0
3668 0
3669 0
3670 0
3671 0
3672 0
3673 0
3674 0
3675 0
3676 0
3677 0
3678 0
3679 0
3680 0
3681 0
3682 0
3683 0
3684 0
3685 0
3686 0
3687 0
3688 0
3689 0
3690 0
3691 0
3692 0
3693 0
3694 0
3695 0
3696 0
3697 0
3698 0
3699 0
3700 0
3701 0
3702 0
3703 0
3704 0
3705 0
3706 0
3707 1
3708 0
3709 0
3710 0
3711 0
3712 0
3713 0
3714 0
3715 0
3716 0
3717 0
3718 0
3719 0
3720 0
3721 0
3722 0
3723 0
3724 0
3725 0
3726 0
3727 0
3728 0
3729 0
3730 0
3731 0
3732 0
3733 0
3734 0
3735 0
3736 0
3737 0
3738 0
3739 0
3740 0
3741 0
3742 0
3743 0
3744 0
3745 0
3746 0
3747 0
3748 1
3749 0
3750 0
3751 0
3752 0
3753 0
3754 0
3755 0
3756 0
3757 0
3758 0
3759 0
3760 0
3761 0
3762 0
3763 0
3764 0
3765 0
3766 0
3767 0
3768 0
3769 0
3770 0
3771 0
3772 0
3773 0
3774 0
3775 0
3776 0
3777 0
3778 0
3779 0
3780 0
3781 0
3782 0
3783 0
3784 0
3785 0
3786 0
3787 0
3788 0
3789 0
3790 0
3791 0
3792 0
3793 0
3794 0
3795 0
3796 0
3797 0
3798 0
3799 0
3800 0
3801 0
3802 0
3803 0
3804 0
3805 0
3806 0
3807 0
3808 0
3809 0
3810 0
3811 0
3812 0
3813 0
3814 0
3815 0
3816 0
3817 0
3818 0
3819 0
3820 0
3821 0
3822 0
3823 0
3824 0
3825 0
3826 0
3827 0
3828 0
3829 0
3830 0
3831 0
3832 0
3833 0
3834 0
3835 0
3836 0
3837 0
3838 0
3839 0
3840 0
3841 0
3842 0
3843 0
3844 0
3845 0
3846 0
3847 0
3848 0
3849 0
3850 0
3851 0
3852 0
3853 0
3854 0
3855 0
3856 0
3857 0
3858 0
3859 0
3860 0
3861 0
3862 0
3863 0
3864 0
3865 0
3866 0
3867 0
3868 0
3869 0
3870 0
3871 0
3872 0
3873 0
3874 0
3875 0
3876 0
3877 0
3878 0
3879 0
3880 0
3881 0
3882 0
3883 0
3884 0
3885 0
3886 0
3887 0
3888 0
3889 0
3890 0
3891 0
3892 0
3893 0
3894 0
3895 0
3896 0
3897 0
3898 0
3899 0
3900 0
3901 0
3902 0
3903 0
3904 0
3905 0
3906 0
3907 0
3908 0
3909 0
3910 0
3911 0
3912 0
3913 0
3914 0
3915 0
3916 0
3917 0
3918 0
3919 0
3920 0
3921 0
3922 0
3923 0
3924 0
3925 0
3926 0
3927 0
3928 0
3929 0
3930 0
3931 0
3932 0
3933 0
3934 0
3935 0
3936 0
3937 0
3938 0
3939 0
3940 0
3941 0
3942 0
3943 1
3944 0
3945 0
3946 0
3947 0
3948 0
3949 0
3950 0
3951 0
3952 0
3953 0
3954 0
3955 0
3956 0
3957 0
3958 0
3959 0
3960 0
3961 0
3962 0
3963 0
3964 0
3965 0
3966 0
3967 0
3968 0
3969 0
3970 0
3971 0
3972 0
3973 0
3974 0
3975 0
3976 0
3977 0
3978 0
3979 0
3980 0
3981 0
3982 0
3983 0
3984 0
3985 0
3986 0
3987 0
3988 0
3989 0
3990 0
3991 0
3992 0
3993 0
3994 0
3995 0
3996 0
3997 0
3998 0
3999 0
4000 0
