0 0
1 0
2 0
3 0
4 0
5 0
6 0
7 0
8 0
9 0
10 0
11 0
12 0
13 0
14 0
15 0
16 0
17 0
18 0
19 0
20 0
21 0
22 0
23 0
24 0
25 0
26 0
27 0
28 0
29 0
30 0
31 0
32 0
33 0
34 0
35 0
36 0
37 0
38 0
39 0
40 0
41 0
42 0
43 0
44 0
45 0
46 0
47 0
48 0
49 0
50 0
51 0
52 0
53 0
54 0
55 0
56 0
57 0
58 0
59 0
60 0
61 0
62 0
63 0
64 0
65 0
66 0
67 0
68 0
69 0
70 0
71 0
72 0
73 0
74 0
75 0
76 0
77 0
78 0
79 0
80 0
81 0
82 0
83 0
84 0
85 0
86 7
87 22
88 17
89 22
90 21
91 18
92 16
93 26
94 15
95 18
96 14
97 22
98 7
99 16
100 13
101 12
102 11
103 11
104 5
105 7
106 9
107 11
108 5
109 3
110 35
111 150
112 763
113 2453
114 4934
115 7138
116 9060
117 9716
118 10055
119 9739
120 9239
121 8504
122 7556
123 6786
124 5889
125 5132
126 4424
127 3829
128 3385
129 2845
130 2576
131 2312
132 1995
133 1843
134 1657
135 1609
136 1487
137 1433
138 1410
139 1403
140 1409
141 1438
142 1419
143 1359
144 1373
145 1329
146 1455
147 1404
148 1420
149 1366
150 1393
151 1304
152 1393
153 1344
154 1379
155 1364
156 1303
157 1392
158 1349
159 1382
160 1367
161 1355
162 1486
163 1435
164 1350
165 1434
166 1368
167 1463
168 1378
169 1442
170 1417
171 1483
172 1377
173 1485
174 1383
175 1433
176 1443
177 1522
178 1372
179 1412
180 1459
181 1456
182 1469
183 1411
184 1489
185 1427
186 1474
187 1474
188 1523
189 1531
190 1495
191 1531
192 1520
193 1449
194 1523
195 1432
196 1481
197 1514
198 1506
199 1466
200 1552
201 1501
202 1566
203 1507
204 1504
205 1517
206 1480
207 1565
208 1517
209 1518
210 1541
211 1518
212 1603
213 1544
214 1583
215 1457
216 1578
217 1562
218 1490
219 1590
220 1624
221 1636
222 1600
223 1625
224 1586
225 1588
226 1583
227 1577
228 1581
229 1564
230 1668
231 1537
232 1598
233 1608
234 1618
235 1666
236 1566
237 1581
238 1670
239 1644
240 1654
241 1644
242 1594
243 1642
244 1513
245 1723
246 1691
247 1659
248 1632
249 1649
250 1615
251 1710
252 1605
253 1739
254 1721
255 1718
256 1734
257 1666
258 1674
259 1728
260 1687
261 1796
262 1732
263 1737
264 1729
265 1765
266 1746
267 1713
268 1710
269 1816
270 1725
271 1806
272 1796
273 1825
274 1771
275 1850
276 1781
277 1738
278 1793
279 1764
280 1854
281 1746
282 1804
283 1764
284 1804
285 1814
286 1815
287 1782
288 1834
289 1914
290 1879
291 1869
292 1826
293 1785
294 1897
295 1849
296 1815
297 1900
298 1837
299 1880
300 1923
301 1875
302 1862
303 1952
304 1831
305 2072
306 1968
307 1934
308 1956
309 1946
310 1965
311 1992
312 1881
313 1986
314 1972
315 1943
316 1947
317 2027
318 1981
319 1999
320 1970
321 1986
322 2035
323 2072
324 1987
325 2017
326 1975
327 2007
328 2017
329 1957
330 2076
331 2055
332 2083
333 2013
334 1979
335 1996
336 2030
337 1985
338 2071
339 2045
340 2096
341 2056
342 2028
343 1985
344 2035
345 2079
346 2082
347 1991
348 2011
349 2075
350 1951
351 2076
352 2051
353 1969
354 2052
355 2012
356 2049
357 2062
358 2027
359 2015
360 2009
361 2004
362 2030
363 2013
364 1969
365 2014
366 1975
367 1914
368 1995
369 1973
370 2036
371 1951
372 1959
373 2037
374 1970
375 1971
376 1950
377 2034
378 1956
379 1974
380 1983
381 1977
382 2023
383 1923
384 1936
385 1984
386 1837
387 1825
388 1960
389 1928
390 1886
391 2013
392 1920
393 1875
394 1850
395 1837
396 1895
397 1908
398 1904
399 1909
400 1836
401 1894
402 1849
403 1871
404 1810
405 1849
406 1776
407 1799
408 1862
409 1810
410 1820
411 1758
412 1769
413 1674
414 1785
415 1792
416 1698
417 1734
418 1756
419 1638
420 1730
421 1709
422 1740
423 1722
424 1709
425 1643
426 1618
427 1564
428 1627
429 1600
430 1617
431 1636
432 1572
433 1633
434 1524
435 1622
436 1582
437 1510
438 1552
439 1480
440 1569
441 1500
442 1489
443 1475
444 1486
445 1442
446 1452
447 1445
448 1444
449 1425
450 1483
451 1385
452 1439
453 1423
454 1419
455 1430
456 1429
457 1353
458 1339
459 1366
460 1296
461 1340
462 1306
463 1359
464 1272
465 1317
466 1231
467 1279
468 1272
469 1245
470 1321
471 1197
472 1238
473 1221
474 1184
475 1182
476 1190
477 1165
478 1198
479 1106
480 1156
481 1116
482 1154
483 1134
484 1098
485 1095
486 1132
487 1065
488 1074
489 1102
490 1022
491 1015
492 1044
493 1005
494 972
495 994
496 988
497 956
498 1039
499 938
500 962
501 937
502 956
503 925
504 910
505 912
506 891
507 945
508 902
509 908
510 907
511 880
512 898
513 942
514 840
515 835
516 891
517 827
518 778
519 780
520 800
521 782
522 778
523 746
524 772
525 736
526 803
527 738
528 753
529 739
530 746
531 656
532 714
533 742
534 727
535 725
536 726
537 751
538 727
539 682
540 630
541 616
542 643
543 660
544 660
545 630
546 640
547 672
548 628
549 650
550 615
551 609
552 618
553 582
554 603
555 560
556 598
557 590
558 559
559 545
560 532
561 557
562 591
563 532
564 549
565 478
566 504
567 507
568 533
569 543
570 569
571 495
572 511
573 511
574 488
575 478
576 490
577 509
578 453
579 474
580 503
581 480
582 484
583 473
584 400
585 457
586 433
587 445
588 465
589 430
590 438
591 481
592 434
593 457
594 432
595 415
596 415
597 394
598 419
599 429
600 437
601 387
602 403
603 401
604 378
605 419
606 404
607 405
608 359
609 385
610 396
611 377
612 345
613 361
614 368
615 334
616 332
617 369
618 347
619 332
620 356
621 334
622 367
623 332
624 365
625 336
626 357
627 370
628 309
629 339
630 356
631 325
632 319
633 356
634 292
635 337
636 352
637 339
638 337
639 323
640 328
641 312
642 287
643 327
644 297
645 327
646 308
647 307
648 287
649 319
650 319
651 317
652 288
653 303
654 291
655 295
656 290
657 308
658 254
659 279
660 327
661 316
662 262
663 271
664 304
665 277
666 287
667 253
668 269
669 295
670 303
671 260
672 291
673 261
674 266
675 311
676 243
677 261
678 274
679 287
680 273
681 267
682 304
683 255
684 276
685 282
686 275
687 293
688 296
689 259
690 238
691 260
692 274
693 273
694 248
695 276
696 271
697 294
698 274
699 244
700 286
701 269
702 260
703 225
704 273
705 269
706 263
707 251
708 258
709 237
710 244
711 248
712 213
713 243
714 256
715 276
716 234
717 244
718 279
719 246
720 246
721 268
722 235
723 253
724 233
725 208
726 255
727 243
728 255
729 236
730 240
731 248
732 242
733 249
734 224
735 249
736 233
737 245
738 235
739 238
740 237
741 225
742 229
743 227
744 263
745 272
746 232
747 263
748 229
749 208
750 249
751 237
752 257
753 260
754 244
755 240
756 239
757 231
758 223
759 231
760 248
761 234
762 229
763 258
764 243
765 232
766 206
767 217
768 242
769 243
770 226
771 200
772 259
773 235
774 249
775 253
776 225
777 210
778 235
779 212
780 232
781 231
782 235
783 232
784 252
785 218
786 225
787 225
788 236
789 217
790 219
791 244
792 225
793 243
794 236
795 226
796 227
797 252
798 226
799 212
800 211
801 238
802 208
803 226
804 226
805 217
806 229
807 219
808 234
809 206
810 205
811 239
812 216
813 181
814 233
815 219
816 211
817 235
818 189
819 220
820 219
821 240
822 224
823 195
824 239
825 212
826 196
827 232
828 226
829 223
830 212
831 211
832 242
833 217
834 211
835 191
836 212
837 208
838 166
839 200
840 211
841 204
842 209
843 202
844 194
845 210
846 231
847 206
848 207
849 188
850 238
851 205
852 215
853 221
854 219
855 200
856 213
857 217
858 184
859 204
860 207
861 215
862 198
863 223
864 203
865 226
866 185
867 211
868 194
869 247
870 177
871 192
872 243
873 218
874 228
875 180
876 190
877 180
878 194
879 198
880 214
881 207
882 215
883 200
884 189
885 226
886 186
887 192
888 187
889 191
890 211
891 203
892 183
893 187
894 221
895 199
896 194
897 193
898 174
899 203
900 172
901 175
902 192
903 189
904 196
905 212
906 166
907 195
908 190
909 194
910 180
911 191
912 214
913 194
914 186
915 155
916 195
917 180
918 196
919 179
920 163
921 189
922 184
923 187
924 172
925 193
926 194
927 198
928 176
929 198
930 167
931 177
932 198
933 195
934 178
935 176
936 181
937 181
938 179
939 161
940 172
941 175
942 169
943 197
944 183
945 156
946 196
947 154
948 170
949 159
950 186
951 159
952 175
953 147
954 145
955 153
956 157
957 164
958 158
959 138
960 148
961 164
962 138
963 145
964 160
965 174
966 173
967 176
968 147
969 147
970 157
971 161
972 158
973 141
974 165
975 144
976 153
977 145
978 156
979 161
980 151
981 160
982 137
983 158
984 165
985 144
986 157
987 151
988 144
989 157
990 142
991 139
992 127
993 149
994 151
995 145
996 136
997 145
998 145
999 145
1000 127
1001 142
1002 123
1003 163
1004 170
1005 131
1006 143
1007 143
1008 147
1009 121
1010 135
1011 134
1012 145
1013 140
1014 126
1015 126
1016 133
1017 129
1018 136
1019 140
1020 145
1021 125
1022 140
1023 125
1024 138
1025 131
1026 130
1027 114
1028 116
1029 141
1030 120
1031 114
1032 155
1033 121
1034 137
1035 133
1036 117
1037 117
1038 134
1039 136
1040 113
1041 128
1042 128
1043 135
1044 127
1045 119
1046 130
1047 117
1048 133
1049 109
1050 114
1051 122
1052 139
1053 117
1054 107
1055 120
1056 102
1057 98
1058 136
1059 112
1060 131
1061 108
1062 105
1063 115
1064 112
1065 111
1066 108
1067 118
1068 124
1069 117
1070 97
1071 111
1072 120
1073 109
1074 125
1075 99
1076 84
1077 105
1078 96
1079 126
1080 108
1081 103
1082 109
1083 108
1084 73
1085 88
1086 130
1087 89
1088 90
1089 117
1090 93
1091 91
1092 102
1093 96
1094 95
1095 86
1096 111
1097 100
1098 105
1099 104
1100 102
1101 83
1102 93
1103 97
1104 74
1105 91
1106 88
1107 90
1108 92
1109 75
1110 89
1111 86
1112 79
1113 81
1114 85
1115 97
1116 95
1117 99
1118 77
1119 96
1120 96
1121 82
1122 83
1123 92
1124 67
1125 79
1126 82
1127 72
1128 96
1129 78
1130 75
1131 75
1132 82
1133 65
1134 85
1135 77
1136 71
1137 66
1138 79
1139 66
1140 65
1141 91
1142 73
1143 68
1144 71
1145 91
1146 74
1147 95
1148 78
1149 61
1150 66
1151 61
1152 64
1153 65
1154 55
1155 55
1156 74
1157 72
1158 70
1159 69
1160 63
1161 54
1162 72
1163 83
1164 55
1165 65
1166 67
1167 64
1168 66
1169 66
1170 55
1171 58
1172 66
1173 53
1174 69
1175 56
1176 69
1177 55
1178 61
1179 45
1180 53
1181 71
1182 52
1183 68
1184 56
1185 68
1186 55
1187 47
1188 58
1189 56
1190 65
1191 51
1192 51
1193 48
1194 66
1195 45
1196 37
1197 57
1198 54
1199 59
1200 66
1201 51
1202 67
1203 56
1204 55
1205 49
1206 55
1207 48
1208 45
1209 44
1210 43
1211 40
1212 57
1213 58
1214 44
1215 45
1216 51
1217 60
1218 52
1219 46
1220 49
1221 46
1222 41
1223 51
1224 49
1225 40
1226 46
1227 32
1228 55
1229 43
1230 44
1231 48
1232 34
1233 42
1234 56
1235 39
1236 46
1237 41
1238 51
1239 45
1240 54
1241 39
1242 44
1243 35
1244 36
1245 54
1246 39
1247 34
1248 25
1249 32
1250 41
1251 35
1252 34
1253 28
1254 45
1255 31
1256 44
1257 43
1258 44
1259 38
1260 31
1261 35
1262 38
1263 30
1264 26
1265 32
1266 28
1267 41
1268 31
1269 31
1270 24
1271 36
1272 35
1273 29
1274 44
1275 36
1276 34
1277 34
1278 28
1279 38
1280 39
1281 36
1282 27
1283 23
1284 35
1285 29
1286 33
1287 37
1288 39
1289 39
1290 27
1291 28
1292 35
1293 31
1294 31
1295 28
1296 25
1297 22
1298 32
1299 24
1300 29
1301 39
1302 35
1303 21
1304 38
1305 25
1306 21
1307 39
1308 32
1309 32
1310 34
1311 21
1312 31
1313 26
1314 29
1315 29
1316 28
1317 27
1318 14
1319 27
1320 35
1321 31
1322 26
1323 16
1324 19
1325 26
1326 24
1327 23
1328 21
1329 21
1330 23
1331 22
1332 19
1333 28
1334 15
1335 17
1336 15
1337 21
1338 27
1339 25
1340 23
1341 19
1342 19
1343 30
1344 18
1345 21
1346 23
1347 25
1348 21
1349 33
1350 21
1351 17
1352 10
1353 21
1354 26
1355 25
1356 26
1357 26
1358 22
1359 16
1360 22
1361 25
1362 16
1363 15
1364 16
1365 21
1366 20
1367 17
1368 19
1369 19
1370 21
1371 15
1372 19
1373 23
1374 11
1375 17
1376 14
1377 19
1378 19
1379 17
1380 18
1381 13
1382 18
1383 17
1384 15
1385 14
1386 10
1387 15
1388 12
1389 13
1390 23
1391 15
1392 12
1393 14
1394 25
1395 17
1396 12
1397 13
1398 12
1399 19
1400 17
1401 11
1402 11
1403 24
1404 19
1405 15
1406 16
1407 13
1408 22
1409 21
1410 6
1411 19
1412 12
1413 8
1414 12
1415 10
1416 17
1417 7
1418 19
1419 11
1420 8
1421 8
1422 7
1423 16
1424 19
1425 16
1426 4
1427 9
1428 10
1429 13
1430 9
1431 13
1432 10
1433 16
1434 11
1435 10
1436 16
1437 14
1438 6
1439 5
1440 12
1441 10
1442 10
1443 13
1444 6
1445 8
1446 14
1447 11
1448 15
1449 4
1450 12
1451 11
1452 9
1453 6
1454 9
1455 9
1456 9
1457 10
1458 9
1459 11
1460 8
1461 9
1462 5
1463 7
1464 9
1465 9
1466 6
1467 8
1468 9
1469 8
1470 15
1471 9
1472 12
1473 16
1474 13
1475 11
1476 12
1477 6
1478 3
1479 6
1480 12
1481 10
1482 7
1483 10
1484 7
1485 6
1486 8
1487 9
1488 6
1489 6
1490 8
1491 6
1492 10
1493 6
1494 4
1495 11
1496 7
1497 5
1498 7
1499 6
1500 7
1501 7
1502 7
1503 6
1504 5
1505 8
1506 6
1507 14
1508 5
1509 8
1510 5
1511 11
1512 4
1513 8
1514 5
1515 3
1516 8
1517 4
1518 4
1519 3
1520 8
1521 4
1522 7
1523 7
1524 6
1525 2
1526 12
1527 3
1528 8
1529 5
1530 6
1531 8
1532 10
1533 6
1534 1
1535 2
1536 7
1537 9
1538 6
1539 4
1540 8
1541 2
1542 5
1543 6
1544 9
1545 4
1546 2
1547 6
1548 4
1549 4
1550 4
1551 5
1552 7
1553 4
1554 3
1555 5
1556 6
1557 6
1558 6
1559 3
1560 6
1561 3
1562 5
1563 3
1564 6
1565 2
1566 4
1567 5
1568 4
1569 4
1570 3
1571 5
1572 4
1573 1
1574 1
1575 3
1576 2
1577 5
1578 1
1579 3
1580 6
1581 6
1582 1
1583 1
1584 2
1585 4
1586 4
1587 3
1588 3
1589 4
1590 5
1591 0
1592 3
1593 1
1594 2
1595 1
1596 3
1597 3
1598 5
1599 1
1600 1
1601 2
1602 3
1603 2
1604 6
1605 1
1606 5
1607 1
1608 1
1609 6
1610 4
1611 2
1612 3
1613 4
1614 3
1615 4
1616 1
1617 4
1618 2
1619 2
1620 5
1621 3
1622 2
1623 2
1624 3
1625 0
1626 1
1627 0
1628 0
1629 4
1630 4
1631 1
1632 4
1633 0
1634 3
1635 2
1636 3
1637 3
1638 3
1639 1
1640 1
1641 4
1642 1
1643 4
1644 0
1645 2
1646 5
1647 0
1648 0
1649 0
1650 1
1651 2
1652 4
1653 4
1654 2
1655 1
1656 0
1657 0
1658 4
1659 1
1660 1
1661 2
1662 1
1663 5
1664 3
1665 5
1666 1
1667 1
1668 1
1669 2
1670 0
1671 1
1672 0
1673 1
1674 0
1675 1
1676 0
1677 0
1678 3
1679 5
1680 7
1681 1
1682 1
1683 1
1684 2
1685 0
1686 0
1687 1
1688 1
1689 2
1690 1
1691 0
1692 2
1693 2
1694 1
1695 2
1696 2
1697 0
1698 2
1699 0
1700 1
1701 0
1702 1
1703 2
1704 1
1705 1
1706 1
1707 0
1708 0
1709 1
1710 3
1711 0
1712 0
1713 1
1714 1
1715 0
1716 1
1717 0
1718 0
1719 1
1720 2
1721 0
1722 1
1723 1
1724 1
1725 0
1726 0
1727 1
1728 0
1729 5
1730 0
1731 0
1732 0
1733 0
1734 2
1735 0
1736 0
1737 0
1738 0
1739 1
1740 0
1741 1
1742 1
1743 1
1744 1
1745 2
1746 1
1747 2
1748 0
1749 0
1750 0
1751 0
1752 1
1753 2
1754 1
1755 1
1756 0
1757 1
1758 1
1759 1
1760 1
1761 1
1762 0
1763 1
1764 0
1765 0
1766 1
1767 1
1768 1
1769 0
1770 1
1771 1
1772 1
1773 0
1774 0
1775 0
1776 0
1777 1
1778 0
1779 1
1780 0
1781 1
1782 1
1783 0
1784 0
1785 0
1786 0
1787 1
1788 3
1789 0
1790 0
1791 0
1792 0
1793 0
1794 0
1795 0
1796 0
1797 3
1798 0
1799 2
1800 0
1801 0
1802 1
1803 0
1804 1
1805 0
1806 1
1807 0
1808 0
1809 0
1810 1
1811 0
1812 0
1813 1
1814 0
1815 0
1816 2
1817 0
1818 0
1819 0
1820 0
1821 0
1822 0
1823 0
1824 0
1825 2
1826 1
1827 0
1828 2
1829 1
1830 0
1831 0
1832 0
1833 0
1834 0
1835 1
1836 3
1837 1
1838 0
1839 1
1840 0
1841 1
1842 0
1843 0
1844 0
1845 0
1846 0
1847 0
1848 0
1849 1
1850 0
1851 0
1852 1
1853 0
1854 0
1855 1
1856 0
1857 0
1858 0
1859 0
1860 0
1861 0
1862 0
1863 0
1864 0
1865 0
1866 0
1867 0
1868 0
1869 0
1870 1
1871 1
1872 0
1873 1
1874 1
1875 0
1876 2
1877 0
1878 0
1879 0
1880 1
1881 0
1882 0
1883 0
1884 0
1885 1
1886 0
1887 1
1888 0
1889 0
1890 0
1891 1
1892 0
1893 1
1894 0
1895 0
1896 0
1897 1
1898 0
1899 0
1900 0
1901 0
1902 0
1903 0
1904 0
1905 0
1906 0
1907 0
1908 0
1909 0
1910 0
1911 0
1912 1
1913 0
1914 0
1915 0
1916 0
1917 0
1918 0
1919 0
1920 0
1921 1
1922 0
1923 0
1924 0
1925 0
1926 0
1927 0
1928 0
1929 0
1930 0
1931 0
1932 1
1933 0
1934 0
1935 3
1936 1
1937 0
1938 0
1939 0
1940 0
1941 0
1942 0
1943 0
1944 0
1945 0
1946 0
1947 0
1948 0
1949 0
1950 0
1951 0
1952 0
1953 0
1954 0
1955 0
1956 0
1957 1
1958 0
1959 0
1960 0
1961 0
1962 0
1963 0
1964 0
1965 0
1966 0
1967 0
1968 1
1969 0
1970 0
1971 0
1972 1
1973 0
1974 0
1975 0
1976 0
1977 0
1978 0
1979 0
1980 0
1981 1
1982 0
1983 0
1984 0
1985 0
1986 0
1987 0
1988 1
1989 0
1990 0
1991 0
1992 0
1993 0
1994 0
1995 0
1996 0
1997 0
1998 1
1999 0
2000 0
2001 0
2002 0
2003 0
2004 0
2005 0
2006 0
2007 0
2008 0
2009 0
2010 0
2011 0
2012 0
2013 0
2014 0
2015 0
2016 0
2017 0
2018 0
2019 0
2020 0
2021 0
2022 0
2023 0
2024 0
2025 0
2026 0
2027 0
2028 0
2029 0
2030 0
2031 0
2032 0
2033 0
2034 0
2035 0
2036 0
2037 0
2038 0
2039 0
2040 0
2041 0
2042 0
2043 0
2044 0
2045 0
2046 0
2047 0
2048 0
2049 0
2050 0
2051 0
2052 0
2053 0
2054 0
2055 0
2056 0
2057 0
2058 0
2059 0
2060 0
2061 0
2062 0
2063 0
2064 0
2065 0
2066 0
2067 0
2068 0
2069 0
2070 0
2071 0
2072 0
2073 0
2074 0
2075 0
2076 0
2077 0
2078 0
2079 0
2080 0
2081 0
2082 0
2083 0
2084 0
2085 0
2086 0
2087 0
2088 0
2089 0
2090 0
2091 0
2092 0
2093 0
2094 0
2095 0
2096 0
2097 0
2098 0
2099 0
2100 0
2101 0
2102 0
2103 1
2104 0
2105 1
2106 0
2107 0
2108 0
2109 0
2110 0
2111 0
2112 0
2113 0
2114 0
2115 0
2116 0
2117 0
2118 0
2119 0
2120 0
2121 0
2122 0
2123 0
2124 0
2125 0
2126 0
2127 0
2128 0
2129 0
2130 0
2131 0
2132 1
2133 0
2134 0
2135 0
2136 0
2137 0
2138 0
2139 0
2140 0
2141 1
2142 0
2143 0
2144 0
2145 0
2146 0
2147 0
2148 0
2149 0
2150 1
2151 0
2152 0
2153 0
2154 0
2155 0
2156 0
2157 0
2158 0
2159 0
2160 0
2161 0
2162 0
2163 0
2164 0
2165 0
2166 0
2167 0
2168 0
2169 0
2170 0
2171 0
2172 0
2173 0
2174 0
2175 0
2176 0
2177 0
2178 0
2179 0
2180 0
2181 0
2182 0
2183 1
2184 0
2185 0
2186 0
2187 0
2188 0
2189 0
2190 0
2191 0
2192 0
2193 0
2194 0
2195 0
2196 0
2197 0
2198 0
2199 0
2200 0
2201 0
2202 0
2203 0
2204 0
2205 0
2206 1
2207 0
2208 0
2209 0
2210 0
2211 0
2212 0
2213 0
2214 0
2215 0
2216 0
2217 0
2218 0
2219 0
2220 0
2221 0
2222 0
2223 0
2224 0
2225 0
2226 0
2227 0
2228 0
2229 0
2230 0
2231 1
2232 1
2233 0
2234 0
2235 0
2236 0
2237 0
2238 0
2239 0
2240 0
2241 0
2242 0
2243 0
2244 0
2245 0
2246 0
2247 0
2248 0
2249 1
2250 0
2251 0
2252 0
2253 0
2254 0
2255 0
2256 0
2257 0
2258 0
2259 0
2260 0
2261 0
2262 0
2263 0
2264 0
2265 0
2266 0
2267 0
2268 0
2269 0
2270 0
2271 0
2272 0
2273 0
2274 0
2275 0
2276 1
2277 0
2278 0
2279 0
2280 1
2281 0
2282 0
2283 0
2284 0
2285 0
2286 0
2287 0
2288 0
2289 0
2290 0
2291 0
2292 0
2293 0
2294 0
2295 0
2296 0
2297 0
2298 0
2299 0
2300 0
2301 0
2302 0
2303 0
2304 0
2305 1
2306 0
2307 0
2308 0
2309 0
2310 0
2311 0
2312 0
2313 0
2314 0
2315 0
2316 0
2317 0
2318 0
2319 0
2320 0
2321 0
2322 0
2323 0
2324 0
2325 0
2326 0
2327 0
2328 0
2329 0
2330 0
2331 1
2332 0
2333 0
2334 0
2335 0
2336 0
2337 0
2338 0
2339 0
2340 0
2341 0
2342 0
2343 0
2344 0
2345 0
2346 0
2347 0
2348 0
2349 0
2350 0
2351 0
2352 0
2353 0
2354 0
2355 1
2356 0
2357 0
2358 0
2359 0
2360 0
2361 0
2362 0
2363 0
2364 0
2365 0
2366 0
2367 0
2368 1
2369 0
2370 0
2371 0
2372 0
2373 0
2374 0
2375 0
2376 0
2377 0
2378 0
2379 0
2380 0
2381 0
2382 0
2383 0
2384 0
2385 0
2386 0
2387 0
2388 0
2389 0
2390 0
2391 0
2392 0
2393 0
2394 0
2395 0
2396 0
2397 0
2398 0
2399 0
2400 0
2401 0
2402 0
2403 0
2404 0
2405 0
2406 0
2407 0
2408 0
2409 0
2410 0
2411 0
2412 0
2413 0
2414 0
2415 0
2416 0
2417 0
2418 0
2419 0
2420 1
2421 0
2422 0
2423 0
2424 0
2425 0
2426 0
2427 0
2428 0
2429 0
2430 0
2431 0
2432 0
2433 0
2434 0
2435 1
2436 0
2437 0
2438 0
2439 0
2440 0
2441 0
2442 0
2443 0
2444 0
2445 0
2446 0
2447 0
2448 0
2449 0
2450 0
2451 0
2452 0
2453 0
2454 0
2455 0
2456 0
2457 0
2458 0
2459 0
2460 0
2461 0
2462 0
2463 1
2464 0
2465 0
2466 0
2467 0
2468 0
2469 0
2470 0
2471 0
2472 0
2473 0
2474 0
2475 0
2476 0
2477 0
2478 0
2479 0
2480 0
2481 0
2482 0
2483 0
2484 0
2485 0
2486 0
2487 0
2488 0
2489 0
2490 0
2491 0
2492 0
2493 0
2494 0
2495 0
2496 0
2497 0
2498 0
2499 0
2500 0
2501 0
2502 0
2503 0
2504 0
2505 0
2506 0
2507 0
2508 0
2509 0
2510 0
2511 0
2512 0
2513 0
2514 0
2515 0
2516 0
2517 0
2518 0
2519 0
2520 0
2521 0
2522 0
2523 0
2524 1
2525 1
2526 0
2527 0
2528 0
2529 0
2530 0
2531 1
2532 0
2533 0
2534 0
2535 0
2536 0
2537 0
2538 0
2539 0
2540 0
2541 0
2542 0
2543 0
2544 0
2545 0
2546 0
2547 0
2548 0
2549 0
2550 0
2551 0
2552 0
2553 0
2554 0
2555 0
2556 0
2557 0
2558 0
2559 0
2560 0
2561 0
2562 0
2563 0
2564 0
2565 0
2566 0
2567 0
2568 0
2569 0
2570 0
2571 0
2572 0
2573 0
2574 0
2575 0
2576 0
2577 0
2578 0
2579 0
2580 1
2581 0
2582 0
2583 0
2584 0
2585 0
2586 0
2587 0
2588 0
2589 0
2590 0
2591 0
2592 0
2593 0
2594 0
2595 0
2596 0
2597 0
2598 0
2599 0
2600 0
2601 0
2602 0
2603 0
2604 0
2605 0
2606 0
2607 0
2608 0
2609 0
2610 0
2611 0
2612 0
2613 0
2614 0
2615 0
2616 0
2617 0
2618 0
2619 0
2620 0
2621 1
2622 0
2623 0
2624 0
2625 0
2626 0
2627 0
2628 0
2629 0
2630 0
2631 0
2632 0
2633 0
2634 0
2635 0
2636 0
2637 0
2638 0
2639 0
2640 0
2641 0
2642 0
2643 0
2644 0
2645 0
2646 0
2647 0
2648 0
2649 0
2650 0
2651 0
2652 0
2653 0
2654 1
2655 0
2656 0
2657 0
2658 0
2659 0
2660 0
2661 0
2662 0
2663 0
2664 0
2665 0
2666 0
2667 0
2668 0
2669 0
2670 0
2671 0
2672 0
2673 0
2674 0
2675 0
2676 0
2677 0
2678 0
2679 0
2680 0
2681 0
2682 0
2683 0
2684 1
2685 0
2686 1
2687 0
2688 0
2689 0
2690 0
2691 0
2692 0
2693 0
2694 0
2695 0
2696 0
2697 0
2698 0
2699 0
2700 0
2701 0
2702 0
2703 0
2704 0
2705 0
2706 0
2707 0
2708 0
2709 0
2710 0
2711 0
2712 0
2713 0
2714 0
2715 0
2716 0
2717 0
2718 0
2719 0
2720 0
2721 0
2722 0
2723 0
2724 0
2725 0
2726 0
2727 0
2728 0
2729 0
2730 0
2731 0
2732 0
2733 0
2734 0
2735 0
2736 0
2737 1
2738 0
2739 0
2740 0
2741 0
2742 0
2743 0
2744 0
2745 0
2746 0
2747 0
2748 0
2749 0
2750 0
2751 0
2752 0
2753 0
2754 0
2755 0
2756 0
2757 0
2758 1
2759 0
2760 0
2761 0
2762 0
2763 0
2764 0
2765 0
2766 0
2767 0
2768 0
2769 0
2770 0
2771 0
2772 0
2773 0
2774 0
2775 0
2776 0
2777 0
2778 0
2779 0
2780 0
2781 0
2782 0
2783 0
2784 0
2785 0
2786 0
2787 0
2788 0
2789 0
2790 0
2791 0
2792 0
2793 0
2794 0
2795 0
2796 0
2797 0
2798 0
2799 0
2800 0
2801 0
2802 0
2803 0
2804 0
2805 0
2806 0
2807 0
2808 0
2809 0
2810 0
2811 0
2812 0
2813 0
2814 0
2815 0
2816 0
2817 0
2818 0
2819 0
2820 0
2821 0
2822 0
2823 0
2824 0
2825 0
2826 0
2827 0
2828 0
2829 0
2830 0
2831 0
2832 0
2833 1
2834 0
2835 0
2836 0
2837 0
2838 0
2839 0
2840 0
2841 0
2842 0
2843 0
2844 0
2845 0
2846 0
2847 0
2848 0
2849 0
2850 0
2851 0
2852 0
2853 0
2854 0
2855 0
2856 0
2857 0
2858 1
2859 0
2860 0
2861 0
2862 0
2863 0
2864 0
2865 0
2866 0
2867 0
2868 0
2869 0
2870 0
2871 0
2872 0
2873 0
2874 0
2875 0
2876 0
2877 0
2878 1
2879 0
2880 0
2881 0
2882 0
2883 0
2884 0
2885 0
2886 0
2887 0
2888 0
2889 0
2890 0
2891 0
2892 0
2893 0
2894 0
2895 0
2896 0
2897 0
2898 0
2899 0
2900 0
2901 0
2902 0
2903 0
2904 0
2905 0
2906 0
2907 0
2908 0
2909 0
2910 0
2911 0
2912 0
2913 0
2914 0
2915 0
2916 0
2917 0
2918 0
2919 0
2920 0
2921 0
2922 0
2923 0
2924 0
2925 0
2926 0
2927 0
2928 0
2929 0
2930 0
2931 0
2932 0
2933 0
2934 0
2935 0
2936 0
2937 0
2938 0
2939 0
2940 0
2941 0
2942 0
2943 0
2944 0
2945 0
2946 0
2947 0
2948 0
2949 0
2950 0
2951 0
2952 0
2953 0
2954 1
2955 0
2956 0
2957 0
2958 0
2959 0
2960 0
2961 0
2962 0
2963 0
2964 0
2965 0
2966 0
2967 0
2968 0
2969 0
2970 0
2971 0
2972 0
2973 0
2974 0
2975 0
2976 0
2977 0
2978 0
2979 0
2980 0
2981 0
2982 0
2983 0
2984 0
2985 0
2986 0
2987 0
2988 0
2989 0
2990 0
2991 0
2992 0
2993 0
2994 0
2995 0
2996 0
2997 0
2998 0
2999 0
3000 0
3001 0
3002 0
3003 0
3004 0
3005 0
3006 0
3007 0
3008 0
3009 0
3010 0
3011 0
3012 0
3013 1
3014 0
3015 0
3016 0
3017 0
3018 0
3019 0
3020 0
3021 0
3022 0
3023 0
3024 0
3025 0
3026 0
3027 0
3028 0
3029 0
3030 0
3031 0
3032 0
3033 0
3034 0
3035 0
3036 0
3037 0
3038 0
3039 0
3040 0
3041 0
3042 0
3043 0
3044 0
3045 0
3046 0
3047 0
3048 0
3049 0
3050 0
3051 0
3052 0
3053 1
3054 0
3055 0
3056 0
3057 0
3058 0
3059 1
3060 0
3061 0
3062 0
3063 0
3064 0
3065 0
3066 0
3067 0
3068 0
3069 0
3070 0
3071 0
3072 0
3073 0
3074 0
3075 0
3076 0
3077 0
3078 0
3079 0
3080 0
3081 0
3082 0
3083 0
3084 0
3085 0
3086 0
3087 0
3088 0
3089 0
3090 0
3091 0
3092 1
3093 0
3094 0
3095 0
3096 0
3097 0
3098 0
3099 0
3100 0
3101 0
3102 0
3103 0
3104 0
3105 0
3106 0
3107 0
3108 0
3109 0
3110 0
3111 0
3112 0
3113 0
3114 0
3115 0
3116 0
3117 0
3118 0
3119 0
3120 0
3121 1
3122 0
3123 0
3124 0
3125 0
3126 0
3127 0
3128 0
3129 0
3130 0
3131 0
3132 0
3133 0
3134 0
3135 0
3136 0
3137 0
3138 0
3139 0
3140 0
3141 0
3142 0
3143 0
3144 0
3145 0
3146 0
3147 0
3148 0
3149 0
3150 0
3151 0
3152 0
3153 0
3154 0
3155 1
3156 0
3157 0
3158 0
3159 0
3160 0
3161 0
3162 0
3163 0
3164 0
3165 0
3166 0
3167 0
3168 0
3169 0
3170 0
3171 0
3172 0
3173 1
3174 0
3175 0
3176 0
3177 0
3178 0
3179 0
3180 0
3181 0
3182 0
3183 0
3184 0
3185 0
3186 0
3187 0
3188 0
3189 0
3190 0
3191 0
3192 1
3193 0
3194 0
3195 0
3196 0
3197 0
3198 0
3199 0
3200 0
3201 0
3202 0
3203 0
3204 1
3205 0
3206 0
3207 0
3208 0
3209 0
3210 0
3211 0
3212 0
3213 0
3214 0
3215 0
3216 0
3217 0
3218 0
3219 0
3220 0
3221 0
3222 0
3223 0
3224 0
3225 0
3226 0
3227 0
3228 0
3229 0
3230 0
3231 0
3232 0
3233 0
3234 0
3235 0
3236 0
3237 0
3238 1
3239 0
3240 0
3241 0
3242 0
3243 0
3244 0
3245 0
3246 1
3247 0
3248 0
3249 0
3250 0
3251 0
3252 0
3253 0
3254 0
3255 0
3256 0
3257 0
3258 1
3259 0
3260 0
3261 0
3262 0
3263 0
3264 0
3265 0
3266 0
3267 0
3268 0
3269 0
3270 0
3271 0
3272 0
3273 0
3274 0
3275 0
3276 0
3277 0
3278 1
3279 0
3280 0
3281 0
3282 0
3283 0
3284 0
3285 0
3286 0
3287 0
3288 0
3289 0
3290 0
3291 0
3292 1
3293 0
3294 0
3295 0
3296 0
3297 0
3298 0
3299 0
3300 0
3301 0
3302 0
3303 0
3304 0
3305 0
3306 0
3307 0
3308 0
3309 0
3310 0
3311 0
3312 0
3313 0
3314 0
3315 0
3316 0
3317 0
3318 0
3319 1
3320 0
3321 0
3322 0
3323 0
3324 0
3325 0
3326 0
3327 0
3328 0
3329 0
3330 0
3331 0
3332 0
3333 0
3334 0
3335 0
3336 0
3337 0
3338 0
3339 0
3340 0
3341 0
3342 0
3343 0
3344 0
3345 0
3346 0
3347 0
3348 0
3349 0
3350 0
3351 0
3352 0
3353 0
3354 0
3355 0
3356 0
3357 0
3358 0
3359 0
3360 0
3361 0
3362 0
3363 0
3364 0
3365 0
3366 0
3367 0
3368 0
3369 0
3370 0
3371 0
3372 0
3373 0
3374 0
3375 0
3376 0
3377 0
3378 0
3379 0
3380 0
3381 0
3382 0
3383 0
3384 0
3385 0
3386 0
3387 0
3388 0
3389 0
3390 0
3391 0
3392 0
3393 0
3394 0
3395 0
3396 0
3397 0
3398 0
3399 0
3400 0
3401 0
3402 0
3403 0
3404 0
3405 0
3406 0
3407 0
3408 0
3409 0
3410 0
3411 0
3412 0
3413 0
3414 0
3415 0
3416 0
3417 1
3418 0
3419 0
3420 0
3421 1
3422 0
3423 0
3424 0
3425 0
3426 0
3427 0
3428 0
3429 0
3430 0
3431 0
3432 0
3433 0
3434 0
3435 0
3436 0
3437 0
3438 0
3439 0
3440 0
3441 0
3442 0
3443 0
3444 0
3445 0
3446 0
3447 0
3448 0
3449 0
3450 0
3451 0
3452 0
3453 0
3454 0
3455 0
3456 0
3457 0
3458 0
3459 0
3460 0
3461 0
3462 0
3463 0
3464 0
3465 0
3466 0
3467 0
3468 0
3469 0
3470 0
3471 0
3472 0
3473 0
3474 0
3475 0
3476 0
3477 0
3478 0
3479 0
3480 0
3481 0
3482 0
3483 1
3484 0
3485 0
3486 0
3487 0
3488 0
3489 0
3490 0
3491 0
3492 0
3493 0
3494 0
3495 0
3496 0
3497 0
3498 0
3499 0
3500 0
3501 0
3502 0
3503 0
3504 0
3505 1
3506 0
3507 0
3508 0
3509 0
3510 0
3511 0
3512 0
3513 0
3514 0
3515 1
3516 0
3517 0
3518 0
3519 0
3520 0
3521 0
3522 0
3523 0
3524 0
3525 0
3526 0
3527 0
3528 0
3529 0
3530 0
3531 0
3532 0
3533 1
3534 0
3535 1
3536 0
3537 0
3538 0
3539 0
3540 0
3541 0
3542 0
3543 0
3544 0
3545 0
3546 0
3547 0
3548 0
3549 0
3550 0
3551 0
3552 0
3553 0
3554 0
3555 0
3556 0
3557 0
3558 0
3559 0
3560 0
3561 0
3562 0
3563 0
3564 0
3565 0
3566 0
3567 0
3568 0
3569 0
3570 0
3571 0
3572 0
3573 0
3574 1
3575 0
3576 0
3577 0
3578 0
3579 0
3580 0
3581 0
3582 0
3583 0
3584 0
3585 0
3586 0
3587 0
3588 0
3589 0
3590 0
3591 0
3592 0
3593 0
3594 0
3595 0
3596 0
3597 0
3598 0
3599 0
3600 0
3601 0
3602 1
3603 0
3604 0
3605 0
3606 0
3607 0
3608 0
3609 0
3610 0
3611 1
3612 0
3613 0
3614 0
3615 0
3616 0
3617 0
3618 0
3619 0
3620 1
3621 0
3622 0
3623 0
3624 0
3625 0
3626 0
3627 0
3628 0
3629 0
3630 0
3631 0
3632 0
3633 0
3634 0
3635 0
3636 0
3637 0
3638 0
3639 0
3640 0
3641 0
3642 0
3643 0
3644 0
3645 0
3646 0
3647 1
3648 0
3649 0
3650 0
3651 0
3652 0
3653 0
3654 0
3655 0
3656 0
3657 0
3658 0
3659 0
3660 0
3661 0
3662 0
3663 0
3664 0
3665 0
3666 0
3667 0
3668 0
3669 0
3670 0
3671 0
3672 0
3673 0
3674 0
3675 0
3676 0
3677 0
3678 0
3679 0
3680 0
3681 0
3682 0
3683 0
3684 0
3685 0
3686 0
3687 0
3688 0
3689 0
3690 0
3691 0
3692 0
3693 0
3694 0
3695 0
3696 0
3697 0
3698 0
3699 0
3700 0
3701 0
3702 0
3703 0
3704 0
3705 0
3706 0
3707 0
3708 0
3709 0
3710 0
3711 0
3712 0
3713 0
3714 0
3715 0
3716 0
3717 0
3718 0
3719 0
3720 0
3721 0
3722 0
3723 0
3724 0
3725 0
3726 0
3727 0
3728 1
3729 0
3730 0
3731 0
3732 0
3733 0
3734 0
3735 0
3736 0
3737 0
3738 0
3739 0
3740 0
3741 0
3742 1
3743 0
3744 0
3745 0
3746 0
3747 0
3748 0
3749 0
3750 0
3751 0
3752 0
3753 0
3754 0
3755 1
3756 0
3757 0
3758 0
3759 0
3760 0
3761 0
3762 0
3763 0
3764 0
3765 0
3766 0
3767 0
3768 0
3769 0
3770 0
3771 0
3772 0
3773 0
3774 0
3775 0
3776 0
3777 0
3778 0
3779 0
3780 0
3781 0
3782 0
3783 0
3784 0
3785 0
3786 0
3787 0
3788 0
3789 0
3790 0
3791 0
3792 0
3793 0
3794 0
3795 0
3796 0
3797 0
3798 0
3799 0
3800 0
3801 0
3802 1
3803 0
3804 0
3805 0
3806 0
3807 0
3808 0
3809 0
3810 0
3811 0
3812 0
3813 0
3814 0
3815 0
3816 0
3817 0
3818 0
3819 0
3820 0
3821 0
3822 0
3823 0
3824 0
3825 0
3826 0
3827 0
3828 0
3829 0
3830 0
3831 0
3832 0
3833 0
3834 0
3835 0
3836 0
3837 0
3838 0
3839 0
3840 0
3841 0
3842 0
3843 0
3844 0
3845 0
3846 0
3847 1
3848 0
3849 0
3850 0
3851 0
3852 0
3853 0
3854 0
3855 0
3856 0
3857 0
3858 0
3859 0
3860 0
3861 0
3862 0
3863 0
3864 0
3865 0
3866 0
3867 0
3868 0
3869 0
3870 0
3871 0
3872 0
3873 0
3874 0
3875 0
3876 0
3877 0
3878 0
3879 1
3880 0
3881 0
3882 0
3883 0
3884 0
3885 0
3886 0
3887 0
3888 0
3889 0
3890 0
3891 0
3892 0
3893 0
3894 0
3895 0
3896 0
3897 0
3898 0
3899 0
3900 0
3901 0
3902 0
3903 0
3904 0
3905 0
3906 0
3907 0
3908 0
3909 0
3910 0
3911 0
3912 0
3913 0
3914 0
3915 0
3916 0
3917 0
3918 0
3919 0
3920 0
3921 0
3922 0
3923 0
3924 0
3925 0
3926 1
3927 0
3928 0
3929 0
3930 0
3931 0
3932 0
3933 0
3934 0
3935 0
3936 0
3937 0
3938 0
3939 0
3940 0
3941 0
3942 0
3943 0
3944 0
3945 0
3946 0
3947 0
3948 0
3949 0
3950 0
3951 0
3952 0
3953 0
3954 0
3955 0
3956 0
3957 0
3958 0
3959 0
3960 0
3961 0
3962 0
3963 0
3964 0
3965 0
3966 0
3967 0
3968 1
3969 0
3970 0
3971 0
3972 0
3973 0
3974 0
3975 0
3976 0
3977 0
3978 0
3979 0
3980 0
3981 0
3982 0
3983 0
3984 0
3985 0
3986 0
3987 0
3988 0
3989 0
3990 0
3991 0
3992 0
3993 0
3994 0
3995 0
3996 0
3997 0
3998 0
3999 0
4000 0
