0 0
1 0
2 0
3 0
4 0
5 0
6 0
7 0
8 0
9 0
10 0
11 0
12 0
13 0
14 0
15 0
16 0
17 0
18 0
19 0
20 0
21 0
22 0
23 0
24 0
25 0
26 0
27 0
28 0
29 0
30 0
31 0
32 0
33 0
34 0
35 0
36 0
37 0
38 0
39 0
40 0
41 0
42 0
43 0
44 0
45 0
46 0
47 0
48 0
49 0
50 0
51 0
52 0
53 0
54 0
55 0
56 0
57 0
58 0
59 0
60 0
61 0
62 0
63 0
64 0
65 0
66 0
67 0
68 0
69 0
70 0
71 0
72 0
73 0
74 0
75 0
76 0
77 0
78 0
79 0
80 0
81 0
82 0
83 0
84 0
85 0
86 13
87 23
88 14
89 13
90 15
91 19
92 12
93 23
94 21
95 18
96 11
97 7
98 17
99 14
100 15
101 6
102 10
103 6
104 6
105 7
106 9
107 10
108 13
109 9
110 21
111 139
112 653
113 2292
114 4833
115 7439
116 9195
117 10228
118 10512
119 10227
120 9641
121 9046
122 8012
123 7015
124 6018
125 5400
126 4707
127 3868
128 3419
129 2968
130 2493
131 2219
132 1999
133 1712
134 1595
135 1434
136 1368
137 1331
138 1224
139 1177
140 1181
141 1183
142 1200
143 1218
144 1214
145 1169
146 1141
147 1094
148 1081
149 1130
150 1125
151 1110
152 1172
153 1167
154 1185
155 1159
156 1122
157 1118
158 1145
159 1212
160 1136
161 1189
162 1080
163 1095
164 1127
165 1100
166 1181
167 1219
168 1139
169 1122
170 1192
171 1193
172 1194
173 1195
174 1231
175 1220
176 1200
177 1248
178 1191
179 1223
180 1206
181 1207
182 1229
183 1229
184 1256
185 1207
186 1194
187 1248
188 1173
189 1255
190 1293
191 1236
192 1167
193 1266
194 1219
195 1222
196 1218
197 1220
198 1260
199 1173
200 1256
201 1285
202 1258
203 1267
204 1219
205 1252
206 1248
207 1246
208 1267
209 1234
210 1254
211 1276
212 1203
213 1246
214 1210
215 1232
216 1192
217 1230
218 1204
219 1258
220 1206
221 1165
222 1298
223 1196
224 1281
225 1265
226 1254
227 1236
228 1288
229 1251
230 1188
231 1225
232 1245
233 1223
234 1250
235 1222
236 1250
237 1296
238 1269
239 1243
240 1231
241 1217
242 1292
243 1246
244 1229
245 1245
246 1280
247 1279
248 1257
249 1276
250 1287
251 1298
252 1212
253 1207
254 1248
255 1256
256 1265
257 1208
258 1247
259 1257
260 1221
261 1279
262 1264
263 1299
264 1256
265 1193
266 1213
267 1207
268 1290
269 1295
270 1261
271 1269
272 1292
273 1358
274 1248
275 1317
276 1261
277 1352
278 1324
279 1286
280 1304
281 1328
282 1335
283 1316
284 1334
285 1316
286 1270
287 1371
288 1378
289 1280
290 1335
291 1346
292 1399
293 1289
294 1296
295 1346
296 1330
297 1345
298 1336
299 1361
300 1345
301 1408
302 1356
303 1359
304 1329
305 1351
306 1370
307 1346
308 1392
309 1425
310 1421
311 1419
312 1402
313 1395
314 1425
315 1412
316 1444
317 1442
318 1516
319 1380
320 1422
321 1413
322 1444
323 1514
324 1488
325 1483
326 1449
327 1492
328 1483
329 1523
330 1512
331 1448
332 1516
333 1472
334 1522
335 1549
336 1548
337 1514
338 1557
339 1470
340 1569
341 1534
342 1517
343 1565
344 1527
345 1581
346 1598
347 1606
348 1560
349 1601
350 1556
351 1559
352 1580
353 1553
354 1554
355 1616
356 1587
357 1616
358 1603
359 1676
360 1548
361 1706
362 1598
363 1646
364 1615
365 1659
366 1568
367 1631
368 1652
369 1617
370 1659
371 1673
372 1575
373 1629
374 1594
375 1659
376 1679
377 1652
378 1666
379 1666
380 1657
381 1695
382 1666
383 1705
384 1700
385 1733
386 1713
387 1695
388 1634
389 1745
390 1656
391 1694
392 1713
393 1716
394 1689
395 1692
396 1666
397 1717
398 1663
399 1653
400 1643
401 1767
402 1653
403 1799
404 1686
405 1700
406 1654
407 1692
408 1655
409 1673
410 1745
411 1752
412 1697
413 1660
414 1746
415 1608
416 1728
417 1690
418 1683
419 1780
420 1673
421 1653
422 1675
423 1744
424 1718
425 1677
426 1654
427 1751
428 1691
429 1680
430 1680
431 1655
432 1678
433 1747
434 1725
435 1735
436 1647
437 1557
438 1714
439 1639
440 1635
441 1592
442 1616
443 1683
444 1570
445 1622
446 1678
447 1704
448 1662
449 1599
450 1582
451 1621
452 1541
453 1651
454 1579
455 1659
456 1651
457 1538
458 1632
459 1600
460 1544
461 1572
462 1568
463 1567
464 1594
465 1611
466 1516
467 1586
468 1480
469 1578
470 1545
471 1520
472 1594
473 1491
474 1479
475 1549
476 1558
477 1505
478 1528
479 1495
480 1447
481 1481
482 1529
483 1428
484 1423
485 1411
486 1464
487 1402
488 1443
489 1379
490 1362
491 1399
492 1343
493 1448
494 1407
495 1378
496 1323
497 1328
498 1372
499 1322
500 1270
501 1322
502 1283
503 1321
504 1322
505 1323
506 1313
507 1288
508 1277
509 1254
510 1247
511 1317
512 1256
513 1198
514 1181
515 1215
516 1215
517 1162
518 1187
519 1186
520 1156
521 1151
522 1181
523 1235
524 1241
525 1152
526 1188
527 1059
528 1107
529 1077
530 1111
531 1100
532 1093
533 1028
534 1097
535 1073
536 1035
537 1018
538 1080
539 1019
540 1067
541 998
542 1034
543 1031
544 1020
545 1023
546 996
547 949
548 997
549 933
550 1042
551 943
552 936
553 950
554 893
555 912
556 890
557 923
558 896
559 902
560 870
561 863
562 895
563 859
564 893
565 828
566 819
567 848
568 842
569 791
570 819
571 852
572 761
573 806
574 815
575 749
576 816
577 775
578 829
579 769
580 810
581 783
582 744
583 706
584 695
585 707
586 707
587 714
588 708
589 698
590 699
591 671
592 668
593 686
594 691
595 672
596 623
597 669
598 629
599 604
600 660
601 667
602 604
603 606
604 617
605 603
606 568
607 575
608 620
609 598
610 570
611 573
612 585
613 580
614 556
615 581
616 581
617 553
618 547
619 533
620 585
621 556
622 515
623 556
624 532
625 481
626 522
627 511
628 487
629 518
630 449
631 490
632 478
633 458
634 475
635 452
636 516
637 482
638 465
639 454
640 448
641 450
642 412
643 424
644 442
645 443
646 407
647 455
648 390
649 436
650 413
651 432
652 422
653 440
654 378
655 364
656 353
657 431
658 397
659 367
660 396
661 348
662 365
663 384
664 378
665 354
666 375
667 393
668 377
669 382
670 343
671 349
672 351
673 368
674 332
675 355
676 329
677 322
678 362
679 332
680 358
681 338
682 351
683 298
684 332
685 317
686 335
687 296
688 338
689 332
690 318
691 325
692 300
693 258
694 312
695 288
696 274
697 312
698 319
699 282
700 278
701 280
702 299
703 293
704 281
705 253
706 256
707 278
708 271
709 276
710 269
711 284
712 229
713 263
714 258
715 298
716 253
717 271
718 284
719 264
720 293
721 269
722 263
723 281
724 245
725 261
726 257
727 263
728 239
729 266
730 274
731 243
732 247
733 233
734 248
735 224
736 223
737 243
738 225
739 212
740 218
741 235
742 228
743 252
744 240
745 205
746 241
747 228
748 222
749 227
750 225
751 240
752 229
753 213
754 234
755 216
756 237
757 246
758 205
759 215
760 224
761 236
762 213
763 227
764 234
765 193
766 230
767 184
768 209
769 213
770 202
771 221
772 212
773 223
774 218
775 205
776 229
777 224
778 240
779 221
780 232
781 216
782 208
783 240
784 209
785 203
786 212
787 217
788 188
789 211
790 193
791 210
792 200
793 218
794 188
795 192
796 226
797 189
798 200
799 216
800 217
801 222
802 220
803 224
804 223
805 221
806 183
807 216
808 186
809 223
810 183
811 231
812 194
813 212
814 197
815 198
816 201
817 216
818 201
819 208
820 203
821 190
822 205
823 202
824 188
825 215
826 178
827 178
828 201
829 181
830 174
831 201
832 190
833 189
834 170
835 187
836 194
837 179
838 196
839 164
840 198
841 196
842 189
843 187
844 189
845 164
846 205
847 172
848 200
849 177
850 176
851 190
852 179
853 197
854 189
855 183
856 213
857 198
858 202
859 179
860 187
861 177
862 179
863 189
864 186
865 208
866 178
867 208
868 170
869 185
870 185
871 180
872 156
873 185
874 175
875 187
876 177
877 172
878 184
879 198
880 181
881 171
882 163
883 187
884 203
885 181
886 201
887 178
888 170
889 195
890 198
891 195
892 175
893 175
894 179
895 178
896 189
897 192
898 190
899 185
900 161
901 187
902 185
903 169
904 194
905 176
906 174
907 171
908 198
909 195
910 155
911 169
912 184
913 159
914 160
915 175
916 177
917 167
918 180
919 189
920 174
921 172
922 168
923 167
924 185
925 169
926 181
927 169
928 186
929 173
930 180
931 165
932 158
933 174
934 207
935 194
936 187
937 162
938 188
939 195
940 171
941 167
942 173
943 168
944 170
945 207
946 168
947 181
948 159
949 178
950 177
951 198
952 210
953 187
954 188
955 153
956 175
957 143
958 188
959 191
960 152
961 152
962 168
963 189
964 180
965 154
966 123
967 169
968 187
969 164
970 155
971 181
972 172
973 148
974 175
975 168
976 169
977 195
978 174
979 151
980 161
981 164
982 171
983 157
984 199
985 182
986 177
987 172
988 155
989 169
990 191
991 182
992 166
993 179
994 177
995 171
996 187
997 159
998 168
999 165
1000 160
1001 167
1002 147
1003 136
1004 168
1005 155
1006 165
1007 155
1008 181
1009 162
1010 167
1011 150
1012 184
1013 143
1014 181
1015 159
1016 159
1017 152
1018 156
1019 180
1020 154
1021 152
1022 155
1023 161
1024 168
1025 171
1026 182
1027 165
1028 148
1029 173
1030 191
1031 155
1032 163
1033 155
1034 165
1035 149
1036 160
1037 138
1038 168
1039 169
1040 153
1041 164
1042 165
1043 135
1044 161
1045 141
1046 159
1047 148
1048 158
1049 163
1050 149
1051 170
1052 159
1053 169
1054 160
1055 144
1056 157
1057 156
1058 155
1059 155
1060 150
1061 160
1062 160
1063 146
1064 157
1065 152
1066 146
1067 154
1068 155
1069 153
1070 152
1071 151
1072 163
1073 154
1074 140
1075 166
1076 152
1077 119
1078 148
1079 160
1080 149
1081 150
1082 169
1083 145
1084 136
1085 133
1086 121
1087 145
1088 141
1089 153
1090 162
1091 154
1092 139
1093 138
1094 141
1095 139
1096 154
1097 154
1098 171
1099 144
1100 142
1101 141
1102 131
1103 132
1104 125
1105 146
1106 128
1107 124
1108 137
1109 152
1110 126
1111 147
1112 128
1113 146
1114 150
1115 127
1116 160
1117 142
1118 127
1119 120
1120 132
1121 144
1122 97
1123 143
1124 123
1125 118
1126 135
1127 138
1128 116
1129 148
1130 112
1131 140
1132 152
1133 122
1134 145
1135 116
1136 138
1137 136
1138 130
1139 117
1140 135
1141 111
1142 112
1143 121
1144 136
1145 120
1146 107
1147 113
1148 115
1149 125
1150 125
1151 129
1152 105
1153 110
1154 88
1155 125
1156 138
1157 130
1158 132
1159 121
1160 113
1161 119
1162 127
1163 126
1164 128
1165 117
1166 121
1167 106
1168 123
1169 122
1170 100
1171 113
1172 116
1173 106
1174 114
1175 106
1176 93
1177 116
1178 114
1179 100
1180 122
1181 106
1182 97
1183 107
1184 113
1185 93
1186 100
1187 101
1188 117
1189 116
1190 109
1191 117
1192 114
1193 98
1194 95
1195 113
1196 122
1197 91
1198 107
1199 89
1200 113
1201 111
1202 108
1203 110
1204 112
1205 116
1206 86
1207 94
1208 104
1209 91
1210 83
1211 100
1212 79
1213 98
1214 102
1215 93
1216 89
1217 94
1218 91
1219 103
1220 99
1221 88
1222 112
1223 103
1224 101
1225 99
1226 91
1227 99
1228 107
1229 88
1230 85
1231 90
1232 82
1233 78
1234 81
1235 89
1236 100
1237 79
1238 85
1239 94
1240 79
1241 78
1242 95
1243 96
1244 86
1245 96
1246 77
1247 67
1248 72
1249 76
1250 84
1251 77
1252 85
1253 79
1254 76
1255 77
1256 88
1257 90
1258 73
1259 76
1260 82
1261 76
1262 89
1263 72
1264 70
1265 100
1266 84
1267 73
1268 79
1269 83
1270 80
1271 63
1272 77
1273 78
1274 65
1275 66
1276 81
1277 81
1278 75
1279 64
1280 75
1281 78
1282 80
1283 78
1284 75
1285 68
1286 52
1287 64
1288 58
1289 53
1290 68
1291 77
1292 71
1293 60
1294 69
1295 67
1296 62
1297 74
1298 83
1299 75
1300 75
1301 61
1302 56
1303 69
1304 63
1305 72
1306 53
1307 82
1308 60
1309 62
1310 71
1311 62
1312 63
1313 75
1314 44
1315 67
1316 53
1317 76
1318 58
1319 77
1320 60
1321 61
1322 56
1323 63
1324 51
1325 57
1326 61
1327 57
1328 56
1329 62
1330 60
1331 59
1332 57
1333 65
1334 69
1335 55
1336 56
1337 66
1338 51
1339 68
1340 55
1341 62
1342 55
1343 44
1344 56
1345 53
1346 56
1347 59
1348 38
1349 60
1350 54
1351 53
1352 53
1353 49
1354 57
1355 58
1356 58
1357 47
1358 52
1359 45
1360 59
1361 45
1362 50
1363 39
1364 47
1365 38
1366 55
1367 42
1368 42
1369 48
1370 41
1371 47
1372 44
1373 32
1374 46
1375 47
1376 50
1377 46
1378 37
1379 53
1380 40
1381 49
1382 40
1383 44
1384 49
1385 40
1386 45
1387 42
1388 55
1389 49
1390 38
1391 39
1392 43
1393 43
1394 39
1395 36
1396 52
1397 36
1398 32
1399 49
1400 33
1401 49
1402 32
1403 46
1404 37
1405 39
1406 37
1407 39
1408 42
1409 35
1410 51
1411 33
1412 40
1413 54
1414 30
1415 37
1416 33
1417 33
1418 35
1419 38
1420 37
1421 41
1422 31
1423 34
1424 26
1425 31
1426 31
1427 41
1428 29
1429 38
1430 44
1431 38
1432 36
1433 33
1434 31
1435 41
1436 35
1437 33
1438 39
1439 41
1440 31
1441 32
1442 31
1443 32
1444 30
1445 27
1446 32
1447 28
1448 28
1449 31
1450 36
1451 36
1452 24
1453 34
1454 33
1455 35
1456 31
1457 38
1458 17
1459 29
1460 25
1461 38
1462 26
1463 25
1464 29
1465 33
1466 31
1467 23
1468 38
1469 26
1470 30
1471 27
1472 33
1473 39
1474 23
1475 20
1476 24
1477 23
1478 25
1479 22
1480 34
1481 24
1482 20
1483 34
1484 25
1485 18
1486 23
1487 30
1488 30
1489 15
1490 29
1491 35
1492 26
1493 31
1494 24
1495 28
1496 36
1497 21
1498 17
1499 14
1500 19
1501 27
1502 26
1503 22
1504 21
1505 22
1506 17
1507 18
1508 21
1509 28
1510 28
1511 21
1512 34
1513 19
1514 23
1515 12
1516 32
1517 16
1518 21
1519 18
1520 20
1521 17
1522 27
1523 15
1524 17
1525 24
1526 30
1527 17
1528 21
1529 19
1530 21
1531 16
1532 21
1533 24
1534 14
1535 21
1536 20
1537 20
1538 15
1539 16
1540 14
1541 20
1542 24
1543 22
1544 23
1545 15
1546 26
1547 16
1548 16
1549 17
1550 18
1551 24
1552 10
1553 8
1554 19
1555 17
1556 19
1557 19
1558 23
1559 16
1560 18
1561 15
1562 15
1563 17
1564 16
1565 10
1566 17
1567 17
1568 21
1569 12
1570 15
1571 14
1572 18
1573 22
1574 21
1575 13
1576 12
1577 14
1578 15
1579 11
1580 19
1581 5
1582 17
1583 11
1584 19
1585 11
1586 14
1587 21
1588 14
1589 21
1590 9
1591 11
1592 15
1593 7
1594 10
1595 15
1596 14
1597 19
1598 9
1599 14
1600 15
1601 13
1602 11
1603 15
1604 7
1605 15
1606 14
1607 11
1608 13
1609 10
1610 14
1611 16
1612 11
1613 14
1614 15
1615 11
1616 10
1617 12
1618 11
1619 7
1620 10
1621 5
1622 13
1623 13
1624 14
1625 11
1626 9
1627 17
1628 10
1629 9
1630 8
1631 10
1632 7
1633 9
1634 9
1635 7
1636 9
1637 10
1638 8
1639 8
1640 9
1641 12
1642 12
1643 7
1644 10
1645 17
1646 10
1647 11
1648 11
1649 9
1650 9
1651 9
1652 10
1653 8
1654 13
1655 15
1656 18
1657 8
1658 10
1659 7
1660 13
1661 11
1662 9
1663 10
1664 13
1665 14
1666 9
1667 10
1668 9
1669 13
1670 10
1671 7
1672 8
1673 4
1674 4
1675 4
1676 6
1677 6
1678 8
1679 12
1680 8
1681 8
1682 12
1683 4
1684 10
1685 8
1686 10
1687 4
1688 13
1689 4
1690 11
1691 7
1692 3
1693 5
1694 6
1695 10
1696 9
1697 8
1698 7
1699 10
1700 8
1701 5
1702 6
1703 6
1704 4
1705 8
1706 7
1707 8
1708 7
1709 6
1710 5
1711 9
1712 5
1713 5
1714 7
1715 5
1716 10
1717 1
1718 6
1719 6
1720 8
1721 2
1722 8
1723 2
1724 2
1725 6
1726 4
1727 4
1728 7
1729 2
1730 4
1731 2
1732 4
1733 6
1734 9
1735 5
1736 8
1737 5
1738 7
1739 4
1740 3
1741 11
1742 3
1743 7
1744 4
1745 6
1746 3
1747 10
1748 8
1749 4
1750 5
1751 3
1752 1
1753 6
1754 5
1755 6
1756 5
1757 4
1758 3
1759 5
1760 4
1761 5
1762 8
1763 2
1764 3
1765 3
1766 5
1767 5
1768 6
1769 3
1770 2
1771 4
1772 6
1773 6
1774 7
1775 3
1776 1
1777 5
1778 1
1779 5
1780 2
1781 1
1782 6
1783 7
1784 4
1785 1
1786 3
1787 3
1788 3
1789 3
1790 3
1791 1
1792 5
1793 5
1794 4
1795 8
1796 4
1797 3
1798 2
1799 2
1800 2
1801 3
1802 3
1803 2
1804 3
1805 1
1806 7
1807 2
1808 2
1809 1
1810 4
1811 4
1812 2
1813 6
1814 6
1815 3
1816 2
1817 2
1818 4
1819 3
1820 4
1821 3
1822 2
1823 5
1824 1
1825 4
1826 3
1827 3
1828 2
1829 1
1830 1
1831 6
1832 3
1833 1
1834 1
1835 0
1836 0
1837 1
1838 2
1839 1
1840 3
1841 3
1842 2
1843 3
1844 4
1845 1
1846 4
1847 2
1848 2
1849 1
1850 2
1851 1
1852 3
1853 0
1854 1
1855 2
1856 2
1857 2
1858 2
1859 3
1860 2
1861 3
1862 2
1863 1
1864 2
1865 3
1866 0
1867 1
1868 4
1869 2
1870 0
1871 2
1872 0
1873 1
1874 2
1875 1
1876 2
1877 3
1878 2
1879 3
1880 0
1881 3
1882 4
1883 1
1884 2
1885 1
1886 1
1887 2
1888 1
1889 2
1890 1
1891 2
1892 0
1893 3
1894 1
1895 1
1896 4
1897 4
1898 2
1899 2
1900 2
1901 1
1902 0
1903 0
1904 0
1905 0
1906 0
1907 1
1908 0
1909 0
1910 1
1911 1
1912 2
1913 1
1914 2
1915 3
1916 0
1917 1
1918 2
1919 0
1920 0
1921 2
1922 1
1923 1
1924 1
1925 1
1926 1
1927 1
1928 3
1929 0
1930 1
1931 1
1932 0
1933 2
1934 0
1935 3
1936 1
1937 0
1938 1
1939 1
1940 1
1941 1
1942 0
1943 3
1944 0
1945 0
1946 0
1947 2
1948 0
1949 0
1950 2
1951 1
1952 1
1953 1
1954 0
1955 0
1956 1
1957 1
1958 3
1959 0
1960 0
1961 2
1962 1
1963 1
1964 0
1965 0
1966 0
1967 0
1968 0
1969 0
1970 0
1971 1
1972 0
1973 2
1974 0
1975 2
1976 2
1977 0
1978 1
1979 1
1980 0
1981 0
1982 0
1983 0
1984 0
1985 2
1986 0
1987 2
1988 0
1989 0
1990 0
1991 0
1992 1
1993 1
1994 0
1995 0
1996 0
1997 0
1998 2
1999 1
2000 2
2001 1
2002 2
2003 0
2004 1
2005 0
2006 0
2007 0
2008 0
2009 0
2010 0
2011 0
2012 2
2013 0
2014 1
2015 1
2016 1
2017 0
2018 0
2019 0
2020 0
2021 1
2022 0
2023 0
2024 0
2025 0
2026 1
2027 1
2028 1
2029 0
2030 0
2031 0
2032 2
2033 1
2034 0
2035 1
2036 0
2037 0
2038 1
2039 0
2040 0
2041 0
2042 0
2043 0
2044 1
2045 0
2046 1
2047 1
2048 0
2049 0
2050 0
2051 0
2052 1
2053 0
2054 1
2055 0
2056 0
2057 0
2058 1
2059 0
2060 1
2061 0
2062 0
2063 0
2064 0
2065 0
2066 1
2067 0
2068 1
2069 0
2070 0
2071 0
2072 0
2073 0
2074 0
2075 0
2076 0
2077 0
2078 0
2079 0
2080 1
2081 1
2082 0
2083 0
2084 0
2085 0
2086 1
2087 0
2088 0
2089 0
2090 0
2091 1
2092 0
2093 0
2094 0
2095 1
2096 0
2097 2
2098 0
2099 2
2100 1
2101 0
2102 0
2103 1
2104 0
2105 0
2106 0
2107 0
2108 0
2109 0
2110 0
2111 0
2112 0
2113 0
2114 1
2115 0
2116 0
2117 0
2118 0
2119 0
2120 0
2121 0
2122 0
2123 1
2124 0
2125 0
2126 0
2127 0
2128 0
2129 0
2130 0
2131 0
2132 1
2133 0
2134 0
2135 0
2136 1
2137 0
2138 0
2139 1
2140 1
2141 0
2142 0
2143 0
2144 1
2145 1
2146 0
2147 0
2148 0
2149 0
2150 0
2151 0
2152 0
2153 0
2154 0
2155 0
2156 0
2157 0
2158 1
2159 0
2160 0
2161 0
2162 0
2163 0
2164 0
2165 0
2166 0
2167 0
2168 0
2169 0
2170 0
2171 0
2172 0
2173 0
2174 0
2175 0
2176 0
2177 0
2178 0
2179 1
2180 0
2181 0
2182 0
2183 0
2184 0
2185 0
2186 0
2187 0
2188 1
2189 0
2190 0
2191 0
2192 0
2193 0
2194 0
2195 0
2196 0
2197 0
2198 0
2199 0
2200 0
2201 0
2202 0
2203 0
2204 0
2205 0
2206 0
2207 0
2208 0
2209 0
2210 0
2211 0
2212 0
2213 0
2214 0
2215 0
2216 0
2217 0
2218 0
2219 0
2220 0
2221 0
2222 0
2223 0
2224 0
2225 0
2226 0
2227 0
2228 0
2229 0
2230 0
2231 0
2232 0
2233 0
2234 0
2235 0
2236 0
2237 0
2238 0
2239 0
2240 1
2241 1
2242 1
2243 1
2244 0
2245 0
2246 0
2247 0
2248 1
2249 0
2250 0
2251 1
2252 0
2253 0
2254 0
2255 0
2256 0
2257 0
2258 0
2259 0
2260 0
2261 0
2262 0
2263 0
2264 0
2265 0
2266 0
2267 0
2268 0
2269 0
2270 0
2271 0
2272 0
2273 0
2274 0
2275 0
2276 1
2277 0
2278 0
2279 0
2280 0
2281 0
2282 0
2283 0
2284 0
2285 0
2286 0
2287 0
2288 0
2289 0
2290 0
2291 0
2292 0
2293 0
2294 0
2295 0
2296 0
2297 0
2298 0
2299 0
2300 0
2301 0
2302 0
2303 0
2304 0
2305 0
2306 0
2307 0
2308 0
2309 0
2310 0
2311 0
2312 0
2313 0
2314 0
2315 1
2316 0
2317 0
2318 0
2319 0
2320 0
2321 0
2322 1
2323 0
2324 0
2325 0
2326 0
2327 0
2328 0
2329 0
2330 0
2331 0
2332 0
2333 0
2334 0
2335 0
2336 0
2337 0
2338 0
2339 0
2340 0
2341 0
2342 0
2343 0
2344 0
2345 0
2346 0
2347 0
2348 0
2349 0
2350 0
2351 0
2352 0
2353 1
2354 0
2355 0
2356 0
2357 0
2358 0
2359 0
2360 0
2361 0
2362 0
2363 0
2364 0
2365 0
2366 0
2367 0
2368 0
2369 0
2370 0
2371 0
2372 0
2373 0
2374 0
2375 1
2376 0
2377 0
2378 0
2379 0
2380 0
2381 0
2382 0
2383 0
2384 0
2385 0
2386 0
2387 0
2388 0
2389 0
2390 0
2391 0
2392 0
2393 0
2394 0
2395 0
2396 0
2397 0
2398 0
2399 0
2400 0
2401 0
2402 0
2403 0
2404 0
2405 0
2406 0
2407 1
2408 0
2409 0
2410 0
2411 0
2412 0
2413 0
2414 0
2415 0
2416 0
2417 0
2418 0
2419 0
2420 0
2421 0
2422 0
2423 0
2424 0
2425 0
2426 0
2427 0
2428 0
2429 0
2430 0
2431 0
2432 0
2433 0
2434 0
2435 0
2436 0
2437 0
2438 0
2439 0
2440 0
2441 0
2442 0
2443 0
2444 0
2445 0
2446 0
2447 0
2448 0
2449 0
2450 0
2451 0
2452 0
2453 0
2454 0
2455 0
2456 0
2457 0
2458 0
2459 0
2460 0
2461 0
2462 0
2463 0
2464 0
2465 0
2466 0
2467 0
2468 0
2469 0
2470 0
2471 0
2472 0
2473 0
2474 0
2475 0
2476 0
2477 0
2478 0
2479 0
2480 0
2481 0
2482 0
2483 0
2484 0
2485 0
2486 0
2487 0
2488 0
2489 0
2490 0
2491 0
2492 0
2493 0
2494 0
2495 0
2496 0
2497 0
2498 0
2499 0
2500 0
2501 0
2502 0
2503 0
2504 0
2505 0
2506 1
2507 0
2508 0
2509 0
2510 0
2511 0
2512 0
2513 0
2514 0
2515 0
2516 0
2517 0
2518 0
2519 0
2520 0
2521 1
2522 0
2523 0
2524 0
2525 0
2526 0
2527 0
2528 0
2529 0
2530 0
2531 0
2532 1
2533 0
2534 0
2535 0
2536 0
2537 0
2538 0
2539 0
2540 0
2541 0
2542 0
2543 0
2544 0
2545 0
2546 0
2547 0
2548 0
2549 0
2550 0
2551 0
2552 0
2553 0
2554 0
2555 0
2556 0
2557 0
2558 0
2559 0
2560 0
2561 0
2562 0
2563 0
2564 0
2565 0
2566 0
2567 0
2568 0
2569 0
2570 0
2571 0
2572 0
2573 0
2574 0
2575 0
2576 0
2577 0
2578 0
2579 0
2580 0
2581 0
2582 0
2583 0
2584 0
2585 0
2586 0
2587 0
2588 0
2589 0
2590 0
2591 0
2592 0
2593 0
2594 0
2595 0
2596 1
2597 0
2598 0
2599 0
2600 0
2601 0
2602 0
2603 0
2604 0
2605 0
2606 0
2607 0
2608 0
2609 0
2610 0
2611 0
2612 0
2613 0
2614 0
2615 0
2616 0
2617 0
2618 0
2619 0
2620 0
2621 0
2622 0
2623 0
2624 0
2625 0
2626 0
2627 0
2628 0
2629 0
2630 0
2631 0
2632 0
2633 0
2634 0
2635 0
2636 0
2637 0
2638 0
2639 0
2640 1
2641 0
2642 0
2643 1
2644 0
2645 0
2646 0
2647 0
2648 0
2649 0
2650 0
2651 0
2652 0
2653 0
2654 0
2655 0
2656 0
2657 0
2658 0
2659 0
2660 0
2661 0
2662 0
2663 0
2664 0
2665 0
2666 0
2667 0
2668 0
2669 0
2670 0
2671 0
2672 0
2673 0
2674 0
2675 0
2676 0
2677 0
2678 0
2679 0
2680 0
2681 0
2682 0
2683 0
2684 0
2685 0
2686 0
2687 0
2688 0
2689 0
2690 0
2691 0
2692 0
2693 0
2694 0
2695 0
2696 0
2697 0
2698 0
2699 0
2700 0
2701 0
2702 0
2703 0
2704 0
2705 0
2706 0
2707 0
2708 0
2709 0
2710 0
2711 0
2712 0
2713 0
2714 0
2715 0
2716 0
2717 0
2718 0
2719 0
2720 0
2721 0
2722 0
2723 0
2724 0
2725 0
2726 0
2727 0
2728 0
2729 0
2730 0
2731 0
2732 0
2733 0
2734 0
2735 0
2736 0
2737 0
2738 0
2739 0
2740 0
2741 0
2742 0
2743 0
2744 0
2745 0
2746 0
2747 0
2748 0
2749 0
2750 0
2751 0
2752 0
2753 0
2754 0
2755 0
2756 0
2757 0
2758 0
2759 0
2760 0
2761 0
2762 0
2763 0
2764 0
2765 0
2766 0
2767 0
2768 0
2769 0
2770 0
2771 0
2772 0
2773 0
2774 0
2775 0
2776 0
2777 0
2778 0
2779 0
2780 0
2781 0
2782 0
2783 0
2784 0
2785 0
2786 0
2787 0
2788 0
2789 0
2790 0
2791 0
2792 0
2793 0
2794 0
2795 0
2796 0
2797 0
2798 0
2799 0
2800 0
2801 0
2802 0
2803 0
2804 0
2805 0
2806 0
2807 0
2808 0
2809 0
2810 0
2811 0
2812 0
2813 0
2814 0
2815 0
2816 0
2817 0
2818 0
2819 0
2820 0
2821 0
2822 0
2823 0
2824 1
2825 0
2826 0
2827 0
2828 0
2829 0
2830 0
2831 0
2832 0
2833 0
2834 0
2835 0
2836 0
2837 0
2838 0
2839 0
2840 0
2841 0
2842 0
2843 0
2844 0
2845 0
2846 0
2847 0
2848 0
2849 0
2850 0
2851 0
2852 0
2853 0
2854 0
2855 0
2856 0
2857 0
2858 0
2859 0
2860 0
2861 0
2862 0
2863 0
2864 0
2865 0
2866 0
2867 0
2868 0
2869 0
2870 0
2871 0
2872 0
2873 0
2874 0
2875 0
2876 0
2877 0
2878 0
2879 0
2880 0
2881 0
2882 0
2883 0
2884 0
2885 0
2886 0
2887 0
2888 0
2889 0
2890 0
2891 0
2892 0
2893 0
2894 0
2895 0
2896 0
2897 0
2898 0
2899 0
2900 0
2901 0
2902 0
2903 0
2904 0
2905 0
2906 0
2907 0
2908 1
2909 0
2910 0
2911 0
2912 0
2913 0
2914 0
2915 0
2916 0
2917 0
2918 0
2919 0
2920 0
2921 0
2922 0
2923 0
2924 0
2925 0
2926 0
2927 0
2928 0
2929 0
2930 0
2931 0
2932 0
2933 0
2934 0
2935 0
2936 0
2937 1
2938 0
2939 0
2940 0
2941 0
2942 0
2943 0
2944 0
2945 0
2946 0
2947 0
2948 0
2949 0
2950 0
2951 0
2952 0
2953 0
2954 0
2955 0
2956 0
2957 0
2958 0
2959 0
2960 0
2961 0
2962 0
2963 0
2964 0
2965 0
2966 0
2967 1
2968 0
2969 0
2970 0
2971 0
2972 0
2973 0
2974 0
2975 1
2976 0
2977 0
2978 0
2979 0
2980 0
2981 0
2982 0
2983 0
2984 0
2985 0
2986 0
2987 0
2988 0
2989 0
2990 0
2991 0
2992 0
2993 0
2994 0
2995 0
2996 0
2997 0
2998 0
2999 0
3000 0
3001 0
3002 0
3003 0
3004 1
3005 0
3006 0
3007 0
3008 0
3009 0
3010 0
3011 0
3012 0
3013 0
3014 0
3015 0
3016 0
3017 0
3018 0
3019 0
3020 0
3021 0
3022 1
3023 0
3024 0
3025 0
3026 0
3027 0
3028 0
3029 0
3030 0
3031 0
3032 0
3033 0
3034 0
3035 0
3036 0
3037 0
3038 0
3039 0
3040 0
3041 0
3042 0
3043 0
3044 0
3045 0
3046 0
3047 0
3048 0
3049 0
3050 0
3051 0
3052 0
3053 0
3054 0
3055 0
3056 0
3057 0
3058 0
3059 0
3060 0
3061 0
3062 0
3063 0
3064 0
3065 0
3066 0
3067 0
3068 0
3069 0
3070 0
3071 0
3072 0
3073 0
3074 0
3075 0
3076 0
3077 0
3078 0
3079 0
3080 0
3081 0
3082 0
3083 0
3084 0
3085 0
3086 0
3087 0
3088 1
3089 0
3090 0
3091 0
3092 0
3093 0
3094 0
3095 0
3096 0
3097 0
3098 0
3099 0
3100 0
3101 0
3102 0
3103 0
3104 0
3105 0
3106 0
3107 0
3108 0
3109 0
3110 0
3111 0
3112 0
3113 0
3114 0
3115 0
3116 0
3117 0
3118 0
3119 0
3120 0
3121 0
3122 0
3123 0
3124 0
3125 0
3126 0
3127 0
3128 0
3129 0
3130 0
3131 0
3132 0
3133 0
3134 0
3135 0
3136 0
3137 0
3138 0
3139 0
3140 0
3141 0
3142 0
3143 0
3144 0
3145 0
3146 0
3147 0
3148 0
3149 0
3150 0
3151 0
3152 0
3153 0
3154 0
3155 0
3156 0
3157 0
3158 0
3159 0
3160 0
3161 0
3162 0
3163 0
3164 0
3165 0
3166 0
3167 0
3168 0
3169 0
3170 0
3171 0
3172 0
3173 0
3174 0
3175 1
3176 0
3177 0
3178 0
3179 0
3180 0
3181 0
3182 0
3183 0
3184 0
3185 0
3186 0
3187 0
3188 0
3189 0
3190 0
3191 0
3192 0
3193 0
3194 0
3195 0
3196 0
3197 0
3198 0
3199 0
3200 0
3201 0
3202 0
3203 0
3204 0
3205 0
3206 0
3207 0
3208 0
3209 0
3210 0
3211 1
3212 0
3213 1
3214 0
3215 0
3216 0
3217 0
3218 0
3219 0
3220 0
3221 0
3222 0
3223 0
3224 0
3225 0
3226 0
3227 0
3228 0
3229 0
3230 0
3231 0
3232 0
3233 0
3234 0
3235 0
3236 0
3237 0
3238 0
3239 0
3240 0
3241 0
3242 0
3243 0
3244 0
3245 0
3246 0
3247 0
3248 0
3249 0
3250 0
3251 0
3252 0
3253 0
3254 0
3255 0
3256 0
3257 0
3258 0
3259 0
3260 0
3261 0
3262 0
3263 1
3264 0
3265 0
3266 0
3267 0
3268 0
3269 0
3270 0
3271 0
3272 0
3273 0
3274 0
3275 0
3276 0
3277 0
3278 0
3279 0
3280 0
3281 0
3282 0
3283 0
3284 0
3285 0
3286 0
3287 0
3288 0
3289 0
3290 0
3291 0
3292 0
3293 0
3294 0
3295 0
3296 0
3297 1
3298 0
3299 0
3300 0
3301 0
3302 0
3303 0
3304 0
3305 0
3306 0
3307 0
3308 0
3309 1
3310 0
3311 0
3312 0
3313 0
3314 0
3315 0
3316 0
3317 0
3318 0
3319 0
3320 0
3321 0
3322 0
3323 0
3324 0
3325 0
3326 0
3327 1
3328 0
3329 0
3330 0
3331 0
3332 0
3333 0
3334 0
3335 0
3336 0
3337 0
3338 0
3339 0
3340 0
3341 0
3342 0
3343 0
3344 0
3345 0
3346 0
3347 0
3348 0
3349 0
3350 0
3351 0
3352 0
3353 0
3354 0
3355 0
3356 0
3357 0
3358 0
3359 0
3360 0
3361 0
3362 0
3363 0
3364 0
3365 0
3366 0
3367 0
3368 0
3369 0
3370 0
3371 0
3372 0
3373 0
3374 0
3375 0
3376 0
3377 0
3378 1
3379 0
3380 0
3381 0
3382 0
3383 0
3384 0
3385 0
3386 0
3387 0
3388 0
3389 0
3390 0
3391 0
3392 0
3393 0
3394 0
3395 0
3396 0
3397 0
3398 0
3399 0
3400 0
3401 0
3402 0
3403 0
3404 0
3405 0
3406 0
3407 0
3408 0
3409 0
3410 0
3411 0
3412 0
3413 0
3414 0
3415 0
3416 0
3417 0
3418 0
3419 1
3420 0
3421 0
3422 0
3423 0
3424 0
3425 0
3426 0
3427 0
3428 0
3429 0
3430 0
3431 0
3432 0
3433 0
3434 0
3435 0
3436 0
3437 0
3438 0
3439 0
3440 0
3441 0
3442 0
3443 0
3444 0
3445 0
3446 0
3447 1
3448 0
3449 0
3450 0
3451 0
3452 0
3453 0
3454 0
3455 0
3456 0
3457 0
3458 1
3459 0
3460 0
3461 0
3462 1
3463 0
3464 0
3465 0
3466 0
3467 0
3468 0
3469 0
3470 0
3471 0
3472 0
3473 0
3474 0
3475 0
3476 0
3477 0
3478 0
3479 0
3480 0
3481 0
3482 0
3483 0
3484 0
3485 0
3486 0
3487 0
3488 0
3489 0
3490 0
3491 0
3492 0
3493 0
3494 0
3495 0
3496 0
3497 0
3498 0
3499 0
3500 0
3501 0
3502 0
3503 0
3504 0
3505 0
3506 0
3507 0
3508 0
3509 0
3510 0
3511 0
3512 0
3513 0
3514 0
3515 0
3516 0
3517 0
3518 0
3519 0
3520 0
3521 0
3522 0
3523 0
3524 0
3525 0
3526 0
3527 0
3528 0
3529 0
3530 0
3531 0
3532 0
3533 0
3534 0
3535 0
3536 0
3537 0
3538 0
3539 0
3540 0
3541 0
3542 0
3543 0
3544 0
3545 0
3546 0
3547 0
3548 0
3549 0
3550 0
3551 0
3552 0
3553 1
3554 0
3555 0
3556 0
3557 0
3558 0
3559 0
3560 1
3561 0
3562 0
3563 0
3564 0
3565 0
3566 0
3567 0
3568 0
3569 0
3570 0
3571 0
3572 0
3573 0
3574 0
3575 0
3576 0
3577 0
3578 0
3579 0
3580 0
3581 0
3582 0
3583 0
3584 0
3585 0
3586 0
3587 0
3588 0
3589 0
3590 0
3591 0
3592 0
3593 0
3594 0
3595 0
3596 0
3597 0
3598 0
3599 0
3600 0
3601 0
3602 0
3603 0
3604 0
3605 0
3606 0
3607 0
3608 0
3609 0
3610 0
3611 0
3612 0
3613 0
3614 0
3615 0
3616 0
3617 0
3618 0
3619 0
3620 0
3621 1
3622 0
3623 0
3624 0
3625 0
3626 0
3627 0
3628 0
3629 0
3630 0
3631 0
3632 0
3633 0
3634 0
3635 0
3636 0
3637 0
3638 0
3639 0
3640 0
3641 0
3642 0
3643 0
3644 0
3645 0
3646 0
3647 0
3648 0
3649 0
3650 0
3651 0
3652 0
3653 0
3654 0
3655 0
3656 0
3657 0
3658 0
3659 0
3660 0
3661 0
3662 0
3663 0
3664 0
3665 0
3666 0
3667 0
3668 0
3669 0
3670 0
3671 0
3672 0
3673 0
3674 0
3675 0
3676 0
3677 0
3678 0
3679 0
3680 0
3681 0
3682 0
3683 1
3684 0
3685 0
3686 0
3687 0
3688 0
3689 0
3690 0
3691 0
3692 0
3693 0
3694 1
3695 0
3696 0
3697 0
3698 0
3699 0
3700 0
3701 0
3702 0
3703 0
3704 0
3705 0
3706 0
3707 0
3708 0
3709 0
3710 0
3711 0
3712 0
3713 0
3714 0
3715 0
3716 0
3717 0
3718 0
3719 0
3720 0
3721 0
3722 0
3723 0
3724 0
3725 0
3726 1
3727 0
3728 0
3729 0
3730 0
3731 0
3732 0
3733 0
3734 0
3735 0
3736 0
3737 0
3738 0
3739 0
3740 0
3741 0
3742 0
3743 0
3744 0
3745 0
3746 0
3747 0
3748 0
3749 0
3750 0
3751 0
3752 0
3753 0
3754 0
3755 0
3756 1
3757 0
3758 0
3759 0
3760 0
3761 0
3762 0
3763 0
3764 0
3765 0
3766 0
3767 0
3768 0
3769 0
3770 0
3771 0
3772 0
3773 0
3774 0
3775 0
3776 0
3777 0
3778 0
3779 0
3780 0
3781 0
3782 0
3783 0
3784 0
3785 0
3786 0
3787 0
3788 0
3789 0
3790 0
3791 0
3792 0
3793 0
3794 0
3795 0
3796 0
3797 0
3798 0
3799 0
3800 0
3801 0
3802 0
3803 0
3804 0
3805 0
3806 0
3807 1
3808 0
3809 0
3810 0
3811 0
3812 0
3813 0
3814 0
3815 0
3816 0
3817 0
3818 0
3819 0
3820 0
3821 0
3822 0
3823 0
3824 0
3825 0
3826 0
3827 0
3828 1
3829 0
3830 0
3831 0
3832 0
3833 0
3834 0
3835 0
3836 0
3837 0
3838 0
3839 0
3840 0
3841 0
3842 0
3843 0
3844 0
3845 0
3846 0
3847 0
3848 0
3849 0
3850 0
3851 0
3852 0
3853 0
3854 0
3855 0
3856 0
3857 0
3858 0
3859 0
3860 0
3861 0
3862 0
3863 0
3864 0
3865 0
3866 0
3867 0
3868 0
3869 0
3870 0
3871 0
3872 0
3873 0
3874 0
3875 0
3876 0
3877 0
3878 0
3879 0
3880 0
3881 1
3882 0
3883 1
3884 1
3885 0
3886 0
3887 0
3888 0
3889 0
3890 1
3891 0
3892 0
3893 0
3894 0
3895 0
3896 0
3897 0
3898 0
3899 0
3900 0
3901 0
3902 0
3903 0
3904 0
3905 0
3906 0
3907 0
3908 0
3909 0
3910 0
3911 0
3912 0
3913 0
3914 0
3915 0
3916 0
3917 0
3918 0
3919 0
3920 0
3921 0
3922 0
3923 0
3924 0
3925 0
3926 0
3927 0
3928 0
3929 0
3930 0
3931 0
3932 0
3933 0
3934 0
3935 0
3936 0
3937 0
3938 0
3939 0
3940 0
3941 0
3942 0
3943 0
3944 0
3945 0
3946 0
3947 0
3948 0
3949 0
3950 0
3951 0
3952 0
3953 0
3954 0
3955 0
3956 0
3957 0
3958 0
3959 0
3960 0
3961 0
3962 0
3963 0
3964 0
3965 0
3966 0
3967 0
3968 0
3969 0
3970 0
3971 0
3972 0
3973 0
3974 0
3975 0
3976 0
3977 0
3978 0
3979 0
3980 0
3981 0
3982 0
3983 0
3984 0
3985 0
3986 0
3987 0
3988 0
3989 0
3990 0
3991 0
3992 0
3993 0
3994 0
3995 0
3996 0
3997 0
3998 0
3999 0
4000 0
