0 0
1 0
2 0
3 0
4 0
5 0
6 0
7 0
8 0
9 0
10 0
11 0
12 0
13 0
14 0
15 0
16 0
17 0
18 0
19 0
20 0
21 0
22 0
23 0
24 0
25 0
26 0
27 0
28 0
29 0
30 0
31 0
32 0
33 0
34 0
35 0
36 0
37 0
38 0
39 0
40 0
41 0
42 0
43 0
44 0
45 0
46 0
47 0
48 0
49 0
50 0
51 0
52 0
53 0
54 0
55 0
56 0
57 0
58 0
59 0
60 0
61 0
62 0
63 0
64 0
65 0
66 0
67 0
68 0
69 0
70 0
71 0
72 0
73 0
74 0
75 0
76 0
77 0
78 0
79 0
80 0
81 0
82 0
83 0
84 0
85 0
86 8
87 20
88 19
89 15
90 20
91 16
92 29
93 20
94 31
95 25
96 24
97 25
98 16
99 21
100 26
101 22
102 12
103 17
104 10
105 15
106 9
107 10
108 7
109 14
110 20
111 135
112 691
113 2102
114 4267
115 6323
116 8024
117 8698
118 9289
119 8784
120 8461
121 7799
122 7010
123 6224
124 5320
125 4719
126 3892
127 3397
128 2948
129 2530
130 2238
131 1993
132 1663
133 1561
134 1462
135 1237
136 1200
137 1178
138 1169
139 1060
140 1039
141 1075
142 1040
143 1075
144 1135
145 1146
146 1089
147 1025
148 1076
149 1036
150 1089
151 1106
152 1069
153 1068
154 1020
155 1099
156 1101
157 1063
158 1024
159 1079
160 1061
161 1081
162 1018
163 1084
164 1126
165 1068
166 1086
167 1157
168 1077
169 1058
170 1096
171 1050
172 1116
173 1140
174 1121
175 1088
176 1085
177 1118
178 1125
179 1090
180 1144
181 1120
182 1174
183 1151
184 1153
185 1112
186 1130
187 1135
188 1117
189 1081
190 1107
191 1141
192 1085
193 1120
194 1111
195 1142
196 1182
197 1062
198 1192
199 1119
200 1104
201 1194
202 1179
203 1180
204 1201
205 1142
206 1183
207 1097
208 1139
209 1142
210 1172
211 1124
212 1142
213 1205
214 1202
215 1230
216 1193
217 1187
218 1156
219 1182
220 1190
221 1195
222 1150
223 1180
224 1174
225 1215
226 1220
227 1196
228 1251
229 1173
230 1186
231 1183
232 1194
233 1228
234 1221
235 1204
236 1214
237 1272
238 1168
239 1141
240 1207
241 1171
242 1248
243 1119
244 1150
245 1269
246 1191
247 1244
248 1230
249 1184
250 1216
251 1162
252 1248
253 1228
254 1198
255 1244
256 1209
257 1250
258 1230
259 1243
260 1187
261 1208
262 1208
263 1249
264 1215
265 1311
266 1285
267 1276
268 1193
269 1224
270 1245
271 1278
272 1308
273 1276
274 1248
275 1270
276 1248
277 1270
278 1207
279 1296
280 1256
281 1237
282 1337
283 1293
284 1323
285 1289
286 1318
287 1328
288 1359
289 1277
290 1275
291 1367
292 1336
293 1318
294 1310
295 1384
296 1344
297 1307
298 1383
299 1337
300 1349
301 1388
302 1423
303 1407
304 1406
305 1331
306 1424
307 1420
308 1392
309 1447
310 1431
311 1407
312 1444
313 1362
314 1469
315 1442
316 1438
317 1433
318 1455
319 1426
320 1489
321 1585
322 1438
323 1526
324 1458
325 1502
326 1456
327 1564
328 1501
329 1549
330 1545
331 1539
332 1572
333 1528
334 1529
335 1575
336 1544
337 1607
338 1531
339 1588
340 1586
341 1624
342 1627
343 1627
344 1639
345 1604
346 1647
347 1678
348 1695
349 1646
350 1637
351 1661
352 1739
353 1684
354 1680
355 1695
356 1731
357 1738
358 1776
359 1805
360 1761
361 1751
362 1798
363 1802
364 1809
365 1800
366 1767
367 1810
368 1830
369 1874
370 1834
371 1876
372 1809
373 1879
374 1837
375 1897
376 1856
377 1887
378 1859
379 1900
380 1891
381 1979
382 1866
383 1929
384 1970
385 1911
386 1911
387 1914
388 1966
389 1903
390 1916
391 1944
392 2073
393 2037
394 2064
395 1957
396 2043
397 1974
398 2012
399 2017
400 2011
401 1955
402 1991
403 2037
404 2028
405 1976
406 2024
407 1992
408 2004
409 2073
410 2058
411 2106
412 2053
413 2004
414 2102
415 2051
416 2015
417 2098
418 2126
419 2066
420 2053
421 2065
422 2101
423 2121
424 2112
425 2149
426 2029
427 2044
428 2165
429 2011
430 2086
431 2142
432 2126
433 2119
434 2101
435 2106
436 2149
437 2204
438 2090
439 2104
440 2055
441 2117
442 2162
443 2209
444 2221
445 2182
446 2129
447 2188
448 2063
449 2132
450 2054
451 2102
452 2168
453 2098
454 2057
455 2059
456 2017
457 2068
458 2136
459 2101
460 2082
461 2085
462 2059
463 2098
464 2064
465 2117
466 2025
467 2015
468 2117
469 2098
470 2030
471 2086
472 2057
473 2041
474 2135
475 2023
476 1948
477 1975
478 2052
479 2074
480 1997
481 2001
482 1958
483 2042
484 2006
485 2014
486 1996
487 1958
488 1929
489 2021
490 2006
491 1936
492 1909
493 1978
494 1956
495 1960
496 1884
497 1937
498 1872
499 1868
500 1882
501 1899
502 1890
503 1795
504 1865
505 1809
506 1864
507 1842
508 1788
509 1797
510 1813
511 1897
512 1731
513 1871
514 1855
515 1799
516 1740
517 1734
518 1723
519 1832
520 1699
521 1645
522 1671
523 1722
524 1762
525 1732
526 1606
527 1657
528 1657
529 1702
530 1569
531 1648
532 1543
533 1637
534 1735
535 1661
536 1643
537 1620
538 1597
539 1565
540 1509
541 1564
542 1523
543 1566
544 1443
545 1512
546 1509
547 1447
548 1434
549 1472
550 1496
551 1471
552 1542
553 1436
554 1475
555 1470
556 1412
557 1453
558 1424
559 1435
560 1371
561 1377
562 1354
563 1346
564 1362
565 1359
566 1341
567 1289
568 1318
569 1350
570 1248
571 1232
572 1276
573 1244
574 1249
575 1277
576 1215
577 1198
578 1171
579 1173
580 1214
581 1160
582 1097
583 1185
584 1130
585 1160
586 1129
587 1116
588 1069
589 1126
590 1108
591 1080
592 1011
593 1036
594 1083
595 1055
596 1076
597 1050
598 1043
599 1016
600 999
601 1037
602 1010
603 1052
604 955
605 946
606 966
607 984
608 932
609 954
610 969
611 897
612 952
613 948
614 890
615 891
616 878
617 880
618 868
619 862
620 859
621 828
622 846
623 876
624 819
625 763
626 818
627 753
628 834
629 795
630 800
631 770
632 784
633 755
634 754
635 771
636 722
637 704
638 743
639 675
640 718
641 745
642 718
643 754
644 667
645 723
646 737
647 648
648 654
649 656
650 632
651 646
652 662
653 593
654 610
655 609
656 635
657 640
658 586
659 651
660 618
661 583
662 570
663 554
664 524
665 551
666 589
667 581
668 576
669 545
670 557
671 562
672 542
673 505
674 543
675 504
676 511
677 528
678 551
679 547
680 515
681 527
682 515
683 508
684 495
685 496
686 510
687 462
688 447
689 497
690 417
691 412
692 463
693 447
694 414
695 416
696 412
697 445
698 449
699 416
700 453
701 443
702 453
703 469
704 410
705 419
706 428
707 418
708 385
709 372
710 371
711 377
712 373
713 386
714 389
715 347
716 399
717 364
718 404
719 383
720 374
721 339
722 368
723 347
724 350
725 381
726 334
727 352
728 359
729 336
730 358
731 364
732 366
733 386
734 352
735 364
736 336
737 352
738 309
739 395
740 325
741 339
742 332
743 311
744 307
745 332
746 309
747 302
748 305
749 271
750 308
751 277
752 313
753 285
754 284
755 299
756 306
757 307
758 282
759 286
760 298
761 281
762 283
763 303
764 319
765 263
766 301
767 285
768 297
769 287
770 295
771 286
772 294
773 302
774 290
775 271
776 258
777 305
778 272
779 263
780 270
781 272
782 270
783 231
784 304
785 242
786 270
787 289
788 279
789 252
790 268
791 282
792 264
793 267
794 265
795 275
796 251
797 265
798 250
799 256
800 232
801 255
802 227
803 244
804 246
805 218
806 265
807 251
808 243
809 232
810 247
811 267
812 219
813 233
814 241
815 257
816 237
817 249
818 241
819 243
820 225
821 221
822 243
823 256
824 257
825 246
826 257
827 261
828 247
829 220
830 227
831 228
832 239
833 223
834 264
835 227
836 259
837 230
838 231
839 234
840 264
841 203
842 245
843 217
844 235
845 212
846 247
847 219
848 237
849 211
850 249
851 233
852 235
853 224
854 261
855 229
856 228
857 232
858 225
859 198
860 209
861 218
862 217
863 203
864 240
865 219
866 223
867 223
868 207
869 219
870 217
871 258
872 204
873 196
874 231
875 229
876 223
877 219
878 230
879 213
880 216
881 234
882 251
883 230
884 224
885 211
886 228
887 198
888 211
889 207
890 230
891 213
892 228
893 207
894 211
895 212
896 223
897 216
898 215
899 188
900 217
901 204
902 220
903 210
904 200
905 243
906 222
907 263
908 221
909 229
910 218
911 234
912 236
913 197
914 208
915 227
916 205
917 226
918 209
919 213
920 227
921 225
922 223
923 227
924 238
925 238
926 212
927 215
928 209
929 225
930 240
931 283
932 183
933 207
934 222
935 225
936 216
937 206
938 208
939 225
940 222
941 201
942 225
943 221
944 204
945 238
946 223
947 196
948 226
949 217
950 202
951 213
952 233
953 234
954 234
955 243
956 220
957 219
958 222
959 191
960 200
961 234
962 187
963 212
964 219
965 222
966 222
967 224
968 239
969 207
970 220
971 211
972 245
973 208
974 220
975 209
976 205
977 232
978 252
979 220
980 228
981 209
982 214
983 202
984 223
985 243
986 201
987 243
988 218
989 215
990 206
991 230
992 215
993 244
994 233
995 225
996 237
997 235
998 208
999 211
1000 248
1001 216
1002 212
1003 214
1004 213
1005 229
1006 244
1007 210
1008 256
1009 239
1010 212
1011 242
1012 227
1013 219
1014 222
1015 224
1016 208
1017 206
1018 231
1019 199
1020 220
1021 227
1022 219
1023 187
1024 237
1025 253
1026 207
1027 236
1028 233
1029 221
1030 207
1031 207
1032 231
1033 213
1034 212
1035 211
1036 215
1037 244
1038 239
1039 198
1040 207
1041 197
1042 208
1043 209
1044 219
1045 214
1046 219
1047 222
1048 214
1049 208
1050 219
1051 218
1052 233
1053 221
1054 217
1055 217
1056 254
1057 225
1058 187
1059 224
1060 221
1061 191
1062 214
1063 232
1064 208
1065 219
1066 212
1067 217
1068 217
1069 201
1070 211
1071 229
1072 208
1073 211
1074 229
1075 209
1076 245
1077 231
1078 204
1079 214
1080 206
1081 213
1082 219
1083 190
1084 201
1085 200
1086 226
1087 220
1088 206
1089 204
1090 224
1091 203
1092 224
1093 215
1094 237
1095 206
1096 193
1097 202
1098 200
1099 201
1100 193
1101 218
1102 203
1103 206
1104 215
1105 224
1106 219
1107 177
1108 236
1109 224
1110 203
1111 177
1112 191
1113 197
1114 189
1115 218
1116 241
1117 192
1118 194
1119 187
1120 205
1121 189
1122 228
1123 207
1124 195
1125 179
1126 198
1127 176
1128 228
1129 208
1130 185
1131 195
1132 195
1133 202
1134 209
1135 189
1136 188
1137 200
1138 220
1139 199
1140 237
1141 201
1142 202
1143 195
1144 177
1145 177
1146 178
1147 221
1148 201
1149 193
1150 185
1151 214
1152 217
1153 195
1154 200
1155 180
1156 193
1157 191
1158 191
1159 196
1160 204
1161 190
1162 191
1163 179
1164 199
1165 180
1166 201
1167 200
1168 213
1169 198
1170 207
1171 204
1172 181
1173 190
1174 205
1175 190
1176 190
1177 213
1178 168
1179 191
1180 158
1181 190
1182 196
1183 177
1184 165
1185 178
1186 186
1187 176
1188 163
1189 181
1190 160
1191 203
1192 191
1193 182
1194 194
1195 191
1196 173
1197 165
1198 181
1199 178
1200 174
1201 189
1202 186
1203 156
1204 188
1205 171
1206 179
1207 190
1208 164
1209 189
1210 180
1211 152
1212 187
1213 189
1214 165
1215 163
1216 174
1217 204
1218 145
1219 169
1220 163
1221 176
1222 208
1223 158
1224 175
1225 152
1226 151
1227 176
1228 147
1229 153
1230 155
1231 164
1232 142
1233 147
1234 182
1235 183
1236 175
1237 158
1238 180
1239 161
1240 157
1241 158
1242 168
1243 187
1244 165
1245 159
1246 168
1247 128
1248 144
1249 180
1250 137
1251 157
1252 143
1253 166
1254 164
1255 148
1256 158
1257 157
1258 149
1259 148
1260 153
1261 168
1262 143
1263 136
1264 161
1265 127
1266 140
1267 134
1268 144
1269 139
1270 135
1271 156
1272 145
1273 136
1274 166
1275 161
1276 125
1277 153
1278 164
1279 157
1280 149
1281 148
1282 124
1283 150
1284 135
1285 145
1286 146
1287 142
1288 148
1289 136
1290 152
1291 147
1292 123
1293 143
1294 118
1295 143
1296 156
1297 136
1298 139
1299 140
1300 118
1301 142
1302 129
1303 108
1304 133
1305 140
1306 153
1307 155
1308 123
1309 121
1310 156
1311 120
1312 127
1313 124
1314 146
1315 126
1316 131
1317 116
1318 131
1319 131
1320 137
1321 134
1322 115
1323 120
1324 128
1325 114
1326 147
1327 115
1328 116
1329 132
1330 130
1331 113
1332 124
1333 98
1334 119
1335 112
1336 125
1337 120
1338 112
1339 109
1340 125
1341 121
1342 128
1343 108
1344 109
1345 113
1346 99
1347 107
1348 104
1349 97
1350 114
1351 114
1352 112
1353 112
1354 114
1355 123
1356 107
1357 119
1358 107
1359 107
1360 105
1361 123
1362 91
1363 121
1364 84
1365 119
1366 106
1367 108
1368 101
1369 102
1370 111
1371 110
1372 108
1373 107
1374 114
1375 105
1376 108
1377 102
1378 86
1379 104
1380 120
1381 116
1382 93
1383 114
1384 86
1385 86
1386 96
1387 86
1388 97
1389 99
1390 101
1391 109
1392 99
1393 106
1394 90
1395 104
1396 74
1397 84
1398 82
1399 86
1400 114
1401 94
1402 101
1403 86
1404 81
1405 70
1406 78
1407 85
1408 87
1409 74
1410 82
1411 98
1412 80
1413 82
1414 70
1415 101
1416 83
1417 98
1418 84
1419 78
1420 85
1421 90
1422 88
1423 85
1424 69
1425 91
1426 78
1427 88
1428 78
1429 60
1430 80
1431 89
1432 76
1433 72
1434 80
1435 77
1436 67
1437 70
1438 64
1439 77
1440 65
1441 74
1442 73
1443 88
1444 83
1445 87
1446 72
1447 81
1448 77
1449 91
1450 66
1451 70
1452 71
1453 87
1454 58
1455 78
1456 71
1457 76
1458 68
1459 77
1460 71
1461 67
1462 72
1463 85
1464 58
1465 65
1466 59
1467 62
1468 71
1469 64
1470 67
1471 77
1472 72
1473 60
1474 59
1475 66
1476 72
1477 64
1478 71
1479 70
1480 73
1481 52
1482 81
1483 73
1484 62
1485 66
1486 56
1487 60
1488 55
1489 66
1490 58
1491 61
1492 85
1493 70
1494 53
1495 61
1496 69
1497 58
1498 73
1499 62
1500 71
1501 50
1502 63
1503 54
1504 60
1505 63
1506 56
1507 64
1508 59
1509 48
1510 58
1511 55
1512 53
1513 46
1514 62
1515 64
1516 65
1517 54
1518 58
1519 59
1520 62
1521 58
1522 56
1523 53
1524 57
1525 54
1526 52
1527 49
1528 56
1529 63
1530 59
1531 45
1532 52
1533 52
1534 64
1535 54
1536 54
1537 43
1538 54
1539 63
1540 62
1541 43
1542 47
1543 49
1544 46
1545 57
1546 52
1547 55
1548 50
1549 52
1550 43
1551 40
1552 51
1553 39
1554 62
1555 47
1556 47
1557 54
1558 46
1559 52
1560 47
1561 44
1562 55
1563 41
1564 41
1565 37
1566 40
1567 48
1568 49
1569 45
1570 53
1571 43
1572 52
1573 44
1574 46
1575 40
1576 44
1577 38
1578 45
1579 26
1580 55
1581 40
1582 42
1583 44
1584 41
1585 54
1586 61
1587 52
1588 50
1589 45
1590 33
1591 40
1592 46
1593 40
1594 36
1595 32
1596 37
1597 45
1598 38
1599 39
1600 39
1601 41
1602 37
1603 21
1604 38
1605 37
1606 35
1607 33
1608 31
1609 40
1610 33
1611 35
1612 40
1613 40
1614 40
1615 43
1616 48
1617 39
1618 31
1619 48
1620 33
1621 40
1622 33
1623 31
1624 36
1625 32
1626 34
1627 30
1628 39
1629 24
1630 38
1631 42
1632 34
1633 44
1634 38
1635 32
1636 30
1637 27
1638 38
1639 31
1640 37
1641 34
1642 23
1643 33
1644 26
1645 30
1646 29
1647 31
1648 36
1649 43
1650 34
1651 20
1652 43
1653 31
1654 35
1655 28
1656 39
1657 26
1658 33
1659 34
1660 31
1661 30
1662 13
1663 24
1664 26
1665 37
1666 33
1667 33
1668 31
1669 26
1670 26
1671 19
1672 28
1673 26
1674 22
1675 30
1676 22
1677 30
1678 15
1679 35
1680 25
1681 23
1682 32
1683 28
1684 22
1685 12
1686 34
1687 28
1688 29
1689 20
1690 28
1691 26
1692 23
1693 27
1694 15
1695 29
1696 25
1697 24
1698 39
1699 30
1700 24
1701 21
1702 26
1703 23
1704 18
1705 22
1706 36
1707 18
1708 23
1709 23
1710 19
1711 21
1712 23
1713 22
1714 19
1715 12
1716 17
1717 17
1718 21
1719 19
1720 18
1721 18
1722 22
1723 18
1724 22
1725 12
1726 19
1727 16
1728 17
1729 22
1730 19
1731 18
1732 14
1733 21
1734 14
1735 31
1736 22
1737 22
1738 20
1739 15
1740 16
1741 21
1742 15
1743 17
1744 16
1745 21
1746 15
1747 21
1748 8
1749 20
1750 15
1751 21
1752 11
1753 9
1754 22
1755 18
1756 12
1757 16
1758 13
1759 11
1760 17
1761 22
1762 15
1763 16
1764 13
1765 21
1766 22
1767 13
1768 18
1769 15
1770 17
1771 13
1772 13
1773 18
1774 21
1775 16
1776 7
1777 17
1778 15
1779 11
1780 15
1781 12
1782 14
1783 17
1784 15
1785 6
1786 16
1787 21
1788 8
1789 12
1790 15
1791 11
1792 10
1793 17
1794 17
1795 13
1796 19
1797 16
1798 9
1799 11
1800 14
1801 17
1802 11
1803 13
1804 7
1805 13
1806 8
1807 10
1808 8
1809 9
1810 8
1811 13
1812 16
1813 9
1814 12
1815 14
1816 16
1817 15
1818 12
1819 11
1820 12
1821 12
1822 13
1823 12
1824 9
1825 10
1826 12
1827 10
1828 11
1829 5
1830 10
1831 6
1832 11
1833 10
1834 8
1835 9
1836 10
1837 11
1838 11
1839 14
1840 5
1841 9
1842 7
1843 11
1844 10
1845 11
1846 10
1847 5
1848 7
1849 8
1850 8
1851 9
1852 12
1853 8
1854 16
1855 11
1856 8
1857 10
1858 7
1859 10
1860 8
1861 4
1862 6
1863 5
1864 6
1865 7
1866 6
1867 3
1868 8
1869 3
1870 6
1871 8
1872 7
1873 18
1874 8
1875 5
1876 11
1877 6
1878 4
1879 12
1880 7
1881 7
1882 4
1883 6
1884 5
1885 6
1886 5
1887 7
1888 3
1889 6
1890 8
1891 8
1892 7
1893 8
1894 4
1895 4
1896 5
1897 6
1898 7
1899 10
1900 2
1901 5
1902 5
1903 2
1904 7
1905 6
1906 6
1907 4
1908 2
1909 7
1910 4
1911 7
1912 3
1913 3
1914 7
1915 7
1916 6
1917 6
1918 5
1919 5
1920 7
1921 2
1922 7
1923 3
1924 5
1925 2
1926 9
1927 9
1928 11
1929 2
1930 1
1931 6
1932 7
1933 2
1934 7
1935 4
1936 6
1937 2
1938 7
1939 6
1940 7
1941 5
1942 7
1943 8
1944 4
1945 9
1946 2
1947 4
1948 4
1949 3
1950 3
1951 4
1952 4
1953 6
1954 5
1955 5
1956 2
1957 4
1958 2
1959 4
1960 5
1961 5
1962 3
1963 3
1964 6
1965 4
1966 6
1967 5
1968 6
1969 3
1970 1
1971 3
1972 2
1973 2
1974 4
1975 8
1976 5
1977 4
1978 4
1979 6
1980 1
1981 1
1982 3
1983 4
1984 4
1985 0
1986 5
1987 1
1988 4
1989 4
1990 2
1991 2
1992 5
1993 4
1994 1
1995 5
1996 5
1997 2
1998 2
1999 6
2000 2
2001 4
2002 3
2003 2
2004 3
2005 4
2006 3
2007 1
2008 1
2009 4
2010 2
2011 2
2012 0
2013 0
2014 5
2015 2
2016 3
2017 2
2018 3
2019 1
2020 3
2021 0
2022 4
2023 4
2024 1
2025 1
2026 1
2027 1
2028 3
2029 3
2030 2
2031 1
2032 1
2033 2
2034 1
2035 1
2036 4
2037 2
2038 1
2039 2
2040 2
2041 2
2042 0
2043 0
2044 4
2045 2
2046 2
2047 1
2048 1
2049 5
2050 1
2051 2
2052 4
2053 0
2054 0
2055 2
2056 3
2057 0
2058 2
2059 0
2060 2
2061 1
2062 0
2063 1
2064 0
2065 2
2066 2
2067 2
2068 1
2069 1
2070 1
2071 2
2072 0
2073 1
2074 0
2075 2
2076 3
2077 2
2078 4
2079 2
2080 1
2081 2
2082 1
2083 0
2084 1
2085 0
2086 0
2087 1
2088 3
2089 2
2090 1
2091 2
2092 1
2093 0
2094 0
2095 1
2096 0
2097 3
2098 3
2099 0
2100 1
2101 0
2102 3
2103 2
2104 0
2105 3
2106 1
2107 1
2108 0
2109 1
2110 1
2111 1
2112 0
2113 0
2114 0
2115 0
2116 0
2117 1
2118 1
2119 0
2120 1
2121 0
2122 0
2123 0
2124 0
2125 0
2126 2
2127 2
2128 0
2129 0
2130 1
2131 1
2132 1
2133 1
2134 1
2135 1
2136 1
2137 0
2138 0
2139 2
2140 0
2141 0
2142 1
2143 0
2144 0
2145 0
2146 0
2147 0
2148 3
2149 1
2150 0
2151 0
2152 0
2153 0
2154 1
2155 0
2156 0
2157 1
2158 0
2159 0
2160 0
2161 0
2162 0
2163 0
2164 1
2165 1
2166 1
2167 0
2168 0
2169 2
2170 1
2171 0
2172 0
2173 0
2174 0
2175 0
2176 0
2177 0
2178 0
2179 0
2180 0
2181 2
2182 0
2183 1
2184 0
2185 1
2186 0
2187 0
2188 0
2189 1
2190 2
2191 0
2192 0
2193 0
2194 0
2195 0
2196 0
2197 0
2198 1
2199 3
2200 0
2201 0
2202 1
2203 0
2204 1
2205 0
2206 0
2207 0
2208 1
2209 0
2210 0
2211 0
2212 0
2213 1
2214 1
2215 0
2216 0
2217 1
2218 0
2219 0
2220 0
2221 0
2222 0
2223 0
2224 0
2225 2
2226 0
2227 0
2228 0
2229 0
2230 1
2231 0
2232 0
2233 0
2234 0
2235 0
2236 2
2237 0
2238 0
2239 1
2240 0
2241 0
2242 0
2243 0
2244 0
2245 0
2246 0
2247 1
2248 1
2249 0
2250 0
2251 0
2252 0
2253 0
2254 0
2255 0
2256 0
2257 0
2258 0
2259 0
2260 0
2261 1
2262 0
2263 0
2264 0
2265 0
2266 0
2267 0
2268 0
2269 0
2270 0
2271 0
2272 0
2273 0
2274 0
2275 0
2276 0
2277 0
2278 0
2279 0
2280 0
2281 1
2282 0
2283 0
2284 0
2285 0
2286 0
2287 0
2288 0
2289 0
2290 0
2291 1
2292 0
2293 0
2294 0
2295 0
2296 0
2297 0
2298 0
2299 0
2300 0
2301 1
2302 0
2303 0
2304 1
2305 1
2306 0
2307 0
2308 0
2309 0
2310 1
2311 1
2312 0
2313 1
2314 0
2315 0
2316 0
2317 0
2318 0
2319 0
2320 0
2321 0
2322 0
2323 0
2324 0
2325 0
2326 0
2327 0
2328 0
2329 0
2330 0
2331 0
2332 0
2333 0
2334 0
2335 0
2336 0
2337 1
2338 0
2339 1
2340 0
2341 0
2342 0
2343 0
2344 0
2345 0
2346 0
2347 0
2348 0
2349 0
2350 0
2351 0
2352 0
2353 0
2354 0
2355 0
2356 0
2357 0
2358 0
2359 1
2360 0
2361 0
2362 0
2363 0
2364 0
2365 0
2366 0
2367 0
2368 0
2369 0
2370 2
2371 0
2372 0
2373 0
2374 0
2375 0
2376 0
2377 0
2378 0
2379 0
2380 0
2381 1
2382 0
2383 0
2384 0
2385 0
2386 0
2387 0
2388 0
2389 1
2390 0
2391 0
2392 0
2393 0
2394 0
2395 0
2396 0
2397 0
2398 0
2399 0
2400 0
2401 1
2402 0
2403 0
2404 0
2405 0
2406 0
2407 0
2408 0
2409 0
2410 0
2411 0
2412 0
2413 0
2414 0
2415 0
2416 0
2417 0
2418 0
2419 0
2420 0
2421 0
2422 0
2423 1
2424 0
2425 0
2426 0
2427 0
2428 0
2429 0
2430 0
2431 0
2432 0
2433 0
2434 0
2435 0
2436 0
2437 0
2438 0
2439 0
2440 0
2441 0
2442 0
2443 0
2444 0
2445 0
2446 0
2447 0
2448 0
2449 0
2450 0
2451 0
2452 0
2453 0
2454 0
2455 0
2456 0
2457 0
2458 0
2459 0
2460 0
2461 0
2462 0
2463 0
2464 0
2465 0
2466 0
2467 1
2468 0
2469 0
2470 0
2471 0
2472 0
2473 0
2474 0
2475 0
2476 0
2477 0
2478 0
2479 0
2480 0
2481 0
2482 0
2483 0
2484 0
2485 0
2486 0
2487 0
2488 0
2489 0
2490 0
2491 0
2492 0
2493 0
2494 0
2495 0
2496 0
2497 0
2498 0
2499 0
2500 0
2501 0
2502 0
2503 0
2504 0
2505 0
2506 0
2507 0
2508 0
2509 0
2510 0
2511 0
2512 0
2513 0
2514 0
2515 0
2516 0
2517 0
2518 0
2519 0
2520 0
2521 0
2522 0
2523 0
2524 0
2525 0
2526 0
2527 0
2528 0
2529 0
2530 0
2531 0
2532 0
2533 0
2534 0
2535 0
2536 0
2537 0
2538 0
2539 0
2540 0
2541 0
2542 0
2543 0
2544 0
2545 0
2546 0
2547 0
2548 0
2549 0
2550 0
2551 1
2552 0
2553 0
2554 0
2555 0
2556 0
2557 0
2558 0
2559 0
2560 0
2561 0
2562 0
2563 0
2564 0
2565 0
2566 0
2567 0
2568 0
2569 0
2570 0
2571 0
2572 0
2573 0
2574 0
2575 0
2576 0
2577 0
2578 0
2579 0
2580 0
2581 0
2582 0
2583 0
2584 0
2585 0
2586 0
2587 0
2588 0
2589 0
2590 0
2591 0
2592 0
2593 1
2594 0
2595 0
2596 0
2597 0
2598 0
2599 0
2600 0
2601 0
2602 0
2603 0
2604 0
2605 0
2606 1
2607 0
2608 0
2609 0
2610 0
2611 0
2612 0
2613 0
2614 0
2615 0
2616 0
2617 0
2618 0
2619 0
2620 0
2621 0
2622 0
2623 0
2624 0
2625 0
2626 0
2627 0
2628 0
2629 0
2630 0
2631 0
2632 0
2633 0
2634 0
2635 0
2636 0
2637 0
2638 0
2639 0
2640 0
2641 0
2642 0
2643 0
2644 0
2645 0
2646 0
2647 0
2648 0
2649 0
2650 1
2651 0
2652 0
2653 0
2654 0
2655 0
2656 0
2657 0
2658 0
2659 1
2660 0
2661 0
2662 0
2663 0
2664 0
2665 0
2666 0
2667 0
2668 0
2669 0
2670 0
2671 0
2672 0
2673 0
2674 0
2675 0
2676 0
2677 0
2678 0
2679 0
2680 1
2681 0
2682 0
2683 0
2684 0
2685 0
2686 0
2687 0
2688 0
2689 0
2690 0
2691 0
2692 0
2693 0
2694 0
2695 0
2696 0
2697 0
2698 0
2699 0
2700 0
2701 0
2702 0
2703 1
2704 0
2705 0
2706 0
2707 0
2708 0
2709 0
2710 0
2711 0
2712 0
2713 0
2714 0
2715 0
2716 0
2717 0
2718 0
2719 0
2720 0
2721 0
2722 0
2723 0
2724 0
2725 0
2726 0
2727 0
2728 0
2729 0
2730 0
2731 0
2732 1
2733 0
2734 0
2735 0
2736 0
2737 0
2738 0
2739 0
2740 1
2741 0
2742 0
2743 0
2744 0
2745 0
2746 0
2747 0
2748 0
2749 0
2750 0
2751 0
2752 0
2753 0
2754 0
2755 0
2756 0
2757 0
2758 0
2759 0
2760 0
2761 0
2762 0
2763 0
2764 0
2765 0
2766 0
2767 0
2768 0
2769 0
2770 0
2771 0
2772 0
2773 0
2774 0
2775 0
2776 0
2777 0
2778 0
2779 0
2780 0
2781 0
2782 0
2783 0
2784 0
2785 0
2786 0
2787 0
2788 0
2789 0
2790 0
2791 0
2792 0
2793 0
2794 0
2795 0
2796 0
2797 0
2798 0
2799 0
2800 0
2801 0
2802 0
2803 0
2804 0
2805 0
2806 0
2807 0
2808 0
2809 1
2810 0
2811 0
2812 0
2813 0
2814 0
2815 0
2816 0
2817 0
2818 0
2819 0
2820 0
2821 0
2822 0
2823 0
2824 0
2825 1
2826 0
2827 0
2828 0
2829 0
2830 0
2831 0
2832 0
2833 0
2834 0
2835 0
2836 0
2837 0
2838 0
2839 0
2840 0
2841 0
2842 0
2843 0
2844 0
2845 0
2846 0
2847 0
2848 0
2849 0
2850 0
2851 0
2852 0
2853 0
2854 1
2855 0
2856 0
2857 0
2858 0
2859 0
2860 0
2861 0
2862 0
2863 0
2864 0
2865 0
2866 0
2867 0
2868 0
2869 0
2870 0
2871 0
2872 0
2873 0
2874 0
2875 0
2876 0
2877 0
2878 0
2879 0
2880 0
2881 0
2882 0
2883 0
2884 0
2885 0
2886 0
2887 0
2888 0
2889 0
2890 0
2891 0
2892 0
2893 0
2894 0
2895 0
2896 0
2897 0
2898 0
2899 0
2900 0
2901 0
2902 0
2903 0
2904 0
2905 0
2906 0
2907 0
2908 0
2909 0
2910 0
2911 0
2912 0
2913 0
2914 0
2915 0
2916 0
2917 0
2918 0
2919 0
2920 0
2921 0
2922 0
2923 0
2924 0
2925 0
2926 0
2927 0
2928 0
2929 0
2930 0
2931 0
2932 0
2933 0
2934 0
2935 0
2936 0
2937 0
2938 0
2939 0
2940 0
2941 1
2942 0
2943 0
2944 0
2945 0
2946 0
2947 0
2948 0
2949 0
2950 0
2951 0
2952 0
2953 0
2954 0
2955 0
2956 0
2957 0
2958 0
2959 0
2960 0
2961 0
2962 0
2963 0
2964 0
2965 0
2966 0
2967 0
2968 0
2969 0
2970 0
2971 0
2972 0
2973 0
2974 0
2975 1
2976 0
2977 0
2978 0
2979 0
2980 0
2981 0
2982 0
2983 0
2984 0
2985 0
2986 0
2987 0
2988 0
2989 0
2990 0
2991 0
2992 0
2993 0
2994 0
2995 0
2996 0
2997 0
2998 0
2999 0
3000 0
3001 0
3002 0
3003 0
3004 0
3005 0
3006 0
3007 0
3008 0
3009 0
3010 0
3011 0
3012 0
3013 0
3014 0
3015 0
3016 0
3017 0
3018 0
3019 0
3020 0
3021 0
3022 0
3023 0
3024 0
3025 0
3026 0
3027 0
3028 0
3029 0
3030 0
3031 0
3032 0
3033 0
3034 0
3035 0
3036 0
3037 0
3038 0
3039 0
3040 0
3041 0
3042 0
3043 0
3044 0
3045 0
3046 0
3047 0
3048 0
3049 0
3050 0
3051 0
3052 0
3053 0
3054 0
3055 0
3056 0
3057 0
3058 0
3059 0
3060 0
3061 0
3062 0
3063 0
3064 0
3065 0
3066 0
3067 0
3068 0
3069 0
3070 0
3071 0
3072 0
3073 0
3074 0
3075 0
3076 0
3077 0
3078 0
3079 0
3080 0
3081 0
3082 0
3083 0
3084 0
3085 0
3086 0
3087 0
3088 0
3089 0
3090 0
3091 0
3092 0
3093 0
3094 0
3095 0
3096 0
3097 0
3098 0
3099 0
3100 0
3101 0
3102 0
3103 0
3104 0
3105 0
3106 0
3107 0
3108 0
3109 0
3110 0
3111 0
3112 0
3113 0
3114 0
3115 0
3116 0
3117 0
3118 0
3119 0
3120 0
3121 0
3122 0
3123 0
3124 0
3125 0
3126 0
3127 0
3128 0
3129 0
3130 0
3131 0
3132 0
3133 0
3134 0
3135 0
3136 0
3137 0
3138 0
3139 0
3140 0
3141 0
3142 0
3143 0
3144 0
3145 0
3146 0
3147 0
3148 0
3149 0
3150 0
3151 0
3152 0
3153 0
3154 0
3155 0
3156 0
3157 0
3158 0
3159 0
3160 0
3161 0
3162 0
3163 0
3164 0
3165 0
3166 0
3167 0
3168 0
3169 0
3170 0
3171 0
3172 0
3173 0
3174 0
3175 0
3176 0
3177 0
3178 0
3179 0
3180 0
3181 0
3182 0
3183 0
3184 0
3185 0
3186 0
3187 0
3188 0
3189 0
3190 0
3191 0
3192 0
3193 0
3194 1
3195 0
3196 0
3197 0
3198 0
3199 0
3200 0
3201 0
3202 0
3203 0
3204 0
3205 0
3206 0
3207 0
3208 0
3209 0
3210 0
3211 0
3212 1
3213 0
3214 0
3215 0
3216 0
3217 0
3218 0
3219 0
3220 0
3221 0
3222 0
3223 0
3224 1
3225 0
3226 0
3227 0
3228 0
3229 0
3230 0
3231 0
3232 0
3233 0
3234 0
3235 0
3236 0
3237 0
3238 0
3239 0
3240 0
3241 0
3242 0
3243 0
3244 0
3245 0
3246 0
3247 0
3248 0
3249 0
3250 0
3251 0
3252 0
3253 0
3254 0
3255 0
3256 0
3257 0
3258 0
3259 0
3260 0
3261 0
3262 0
3263 0
3264 0
3265 0
3266 0
3267 0
3268 0
3269 0
3270 0
3271 0
3272 0
3273 0
3274 1
3275 0
3276 0
3277 0
3278 0
3279 0
3280 0
3281 0
3282 0
3283 0
3284 0
3285 0
3286 0
3287 0
3288 0
3289 0
3290 0
3291 0
3292 0
3293 0
3294 0
3295 0
3296 0
3297 0
3298 0
3299 0
3300 1
3301 0
3302 0
3303 0
3304 0
3305 0
3306 0
3307 0
3308 0
3309 0
3310 0
3311 0
3312 0
3313 0
3314 0
3315 0
3316 0
3317 0
3318 0
3319 0
3320 0
3321 0
3322 0
3323 0
3324 0
3325 0
3326 0
3327 0
3328 0
3329 0
3330 0
3331 0
3332 0
3333 0
3334 0
3335 0
3336 0
3337 0
3338 0
3339 0
3340 0
3341 0
3342 0
3343 0
3344 0
3345 0
3346 0
3347 0
3348 0
3349 0
3350 1
3351 0
3352 0
3353 0
3354 0
3355 0
3356 0
3357 0
3358 0
3359 0
3360 0
3361 0
3362 0
3363 0
3364 0
3365 0
3366 0
3367 0
3368 0
3369 0
3370 0
3371 0
3372 0
3373 0
3374 0
3375 0
3376 0
3377 0
3378 0
3379 0
3380 0
3381 0
3382 0
3383 0
3384 0
3385 0
3386 0
3387 0
3388 0
3389 0
3390 0
3391 0
3392 0
3393 0
3394 0
3395 0
3396 0
3397 0
3398 0
3399 0
3400 0
3401 0
3402 0
3403 0
3404 0
3405 0
3406 0
3407 0
3408 0
3409 0
3410 0
3411 0
3412 0
3413 0
3414 0
3415 0
3416 0
3417 0
3418 0
3419 0
3420 0
3421 0
3422 0
3423 0
3424 0
3425 0
3426 0
3427 0
3428 0
3429 0
3430 0
3431 0
3432 0
3433 0
3434 0
3435 0
3436 0
3437 0
3438 0
3439 0
3440 0
3441 0
3442 0
3443 0
3444 0
3445 0
3446 0
3447 0
3448 0
3449 0
3450 0
3451 0
3452 0
3453 0
3454 0
3455 0
3456 0
3457 0
3458 0
3459 0
3460 0
3461 0
3462 0
3463 0
3464 0
3465 0
3466 0
3467 0
3468 0
3469 0
3470 0
3471 0
3472 0
3473 0
3474 0
3475 0
3476 0
3477 0
3478 0
3479 0
3480 0
3481 0
3482 0
3483 0
3484 0
3485 0
3486 0
3487 0
3488 0
3489 0
3490 0
3491 0
3492 0
3493 0
3494 0
3495 0
3496 0
3497 0
3498 0
3499 0
3500 0
3501 0
3502 0
3503 0
3504 0
3505 0
3506 0
3507 0
3508 0
3509 0
3510 0
3511 0
3512 0
3513 0
3514 0
3515 0
3516 0
3517 0
3518 0
3519 0
3520 0
3521 0
3522 0
3523 0
3524 0
3525 0
3526 0
3527 0
3528 0
3529 0
3530 0
3531 0
3532 0
3533 0
3534 0
3535 0
3536 0
3537 0
3538 0
3539 0
3540 0
3541 0
3542 0
3543 0
3544 0
3545 0
3546 0
3547 0
3548 0
3549 0
3550 0
3551 0
3552 0
3553 0
3554 0
3555 0
3556 0
3557 0
3558 0
3559 0
3560 0
3561 0
3562 0
3563 0
3564 0
3565 0
3566 0
3567 0
3568 0
3569 0
3570 0
3571 0
3572 0
3573 0
3574 0
3575 0
3576 0
3577 0
3578 0
3579 0
3580 0
3581 0
3582 0
3583 0
3584 0
3585 0
3586 0
3587 0
3588 0
3589 0
3590 0
3591 0
3592 0
3593 0
3594 0
3595 0
3596 0
3597 0
3598 0
3599 0
3600 0
3601 0
3602 0
3603 0
3604 0
3605 0
3606 0
3607 0
3608 0
3609 0
3610 0
3611 0
3612 0
3613 0
3614 0
3615 0
3616 0
3617 0
3618 0
3619 0
3620 0
3621 0
3622 0
3623 0
3624 0
3625 0
3626 0
3627 0
3628 0
3629 0
3630 0
3631 0
3632 0
3633 0
3634 0
3635 0
3636 0
3637 0
3638 0
3639 0
3640 0
3641 0
3642 0
3643 0
3644 0
3645 0
3646 0
3647 0
3648 0
3649 0
3650 0
3651 0
3652 0
3653 0
3654 0
3655 0
3656 0
3657 0
3658 0
3659 0
3660 0
3661 0
3662 0
3663 0
3664 0
3665 0
3666 0
3667 0
3668 0
3669 0
3670 0
3671 0
3672 0
3673 0
3674 0
3675 0
3676 0
3677 0
3678 0
3679 0
3680 0
3681 0
3682 0
3683 0
3684 0
3685 0
3686 0
3687 0
3688 0
3689 0
3690 0
3691 0
3692 0
3693 0
3694 0
3695 0
3696 0
3697 0
3698 0
3699 0
3700 0
3701 0
3702 0
3703 0
3704 0
3705 0
3706 0
3707 0
3708 0
3709 0
3710 0
3711 0
3712 0
3713 0
3714 0
3715 0
3716 0
3717 0
3718 0
3719 0
3720 0
3721 0
3722 0
3723 0
3724 0
3725 0
3726 0
3727 0
3728 0
3729 0
3730 0
3731 0
3732 0
3733 0
3734 0
3735 0
3736 0
3737 0
3738 0
3739 0
3740 0
3741 0
3742 0
3743 0
3744 0
3745 0
3746 0
3747 0
3748 0
3749 0
3750 0
3751 0
3752 0
3753 0
3754 0
3755 0
3756 0
3757 0
3758 0
3759 0
3760 0
3761 0
3762 0
3763 0
3764 0
3765 0
3766 0
3767 0
3768 0
3769 0
3770 0
3771 0
3772 0
3773 0
3774 0
3775 0
3776 0
3777 0
3778 0
3779 0
3780 0
3781 0
3782 0
3783 0
3784 0
3785 0
3786 0
3787 0
3788 0
3789 0
3790 0
3791 0
3792 0
3793 0
3794 0
3795 0
3796 0
3797 0
3798 0
3799 0
3800 0
3801 1
3802 0
3803 0
3804 0
3805 0
3806 0
3807 0
3808 0
3809 0
3810 0
3811 0
3812 0
3813 0
3814 0
3815 0
3816 0
3817 0
3818 0
3819 0
3820 0
3821 0
3822 0
3823 0
3824 0
3825 0
3826 0
3827 0
3828 0
3829 0
3830 0
3831 0
3832 0
3833 0
3834 0
3835 0
3836 0
3837 0
3838 0
3839 0
3840 0
3841 0
3842 0
3843 0
3844 0
3845 0
3846 0
3847 0
3848 0
3849 0
3850 0
3851 0
3852 0
3853 0
3854 0
3855 0
3856 0
3857 0
3858 0
3859 0
3860 0
3861 0
3862 0
3863 0
3864 0
3865 0
3866 0
3867 0
3868 0
3869 0
3870 0
3871 0
3872 0
3873 0
3874 0
3875 0
3876 0
3877 0
3878 0
3879 0
3880 0
3881 0
3882 0
3883 0
3884 0
3885 0
3886 0
3887 0
3888 0
3889 0
3890 0
3891 0
3892 0
3893 0
3894 0
3895 0
3896 0
3897 0
3898 0
3899 0
3900 1
3901 0
3902 0
3903 0
3904 0
3905 0
3906 0
3907 0
3908 0
3909 0
3910 0
3911 0
3912 0
3913 0
3914 0
3915 0
3916 0
3917 0
3918 0
3919 0
3920 0
3921 0
3922 0
3923 0
3924 0
3925 0
3926 0
3927 0
3928 0
3929 0
3930 0
3931 0
3932 0
3933 0
3934 0
3935 0
3936 0
3937 0
3938 0
3939 0
3940 0
3941 0
3942 0
3943 0
3944 0
3945 0
3946 0
3947 1
3948 0
3949 0
3950 0
3951 1
3952 0
3953 0
3954 0
3955 0
3956 0
3957 0
3958 0
3959 0
3960 0
3961 0
3962 0
3963 0
3964 0
3965 0
3966 0
3967 0
3968 0
3969 0
3970 0
3971 0
3972 0
3973 0
3974 0
3975 0
3976 0
3977 0
3978 0
3979 0
3980 0
3981 0
3982 0
3983 0
3984 0
3985 0
3986 0
3987 0
3988 0
3989 0
3990 0
3991 0
3992 0
3993 0
3994 0
3995 0
3996 0
3997 0
3998 0
3999 0
4000 0
