0 0
1 0
2 0
3 0
4 0
5 0
6 0
7 0
8 0
9 0
10 0
11 0
12 0
13 0
14 0
15 0
16 0
17 0
18 0
19 0
20 0
21 0
22 0
23 0
24 0
25 0
26 0
27 0
28 0
29 0
30 0
31 0
32 0
33 0
34 0
35 0
36 0
37 0
38 0
39 0
40 0
41 0
42 0
43 0
44 0
45 0
46 0
47 0
48 0
49 0
50 0
51 0
52 0
53 0
54 0
55 0
56 0
57 0
58 0
59 0
60 0
61 0
62 0
63 0
64 0
65 0
66 0
67 0
68 0
69 0
70 0
71 0
72 0
73 0
74 0
75 0
76 0
77 0
78 0
79 0
80 0
81 0
82 0
83 0
84 0
85 1
86 7
87 18
88 24
89 16
90 22
91 18
92 18
93 23
94 27
95 32
96 22
97 28
98 22
99 32
100 21
101 19
102 20
103 13
104 13
105 14
106 16
107 9
108 14
109 7
110 16
111 133
112 578
113 1944
114 4117
115 6353
116 8139
117 9152
118 9389
119 9222
120 8750
121 8129
122 7334
123 6396
124 5527
125 4813
126 4170
127 3541
128 3055
129 2603
130 2294
131 1932
132 1791
133 1526
134 1394
135 1245
136 1240
137 1179
138 1069
139 1063
140 1077
141 1021
142 1078
143 1062
144 1105
145 1019
146 1081
147 1016
148 1103
149 1038
150 1046
151 1048
152 986
153 1035
154 1109
155 1030
156 1055
157 1016
158 1028
159 1017
160 1012
161 1065
162 1093
163 1063
164 1050
165 1094
166 1049
167 1010
168 1103
169 1038
170 1122
171 1070
172 1036
173 1149
174 1157
175 1120
176 1143
177 1092
178 1117
179 1118
180 1103
181 1045
182 1130
183 1153
184 1182
185 1107
186 1120
187 1083
188 1098
189 1168
190 1121
191 1081
192 1134
193 1128
194 1121
195 1138
196 1087
197 1157
198 1134
199 1203
200 1125
201 1123
202 1128
203 1188
204 1139
205 1180
206 1206
207 1161
208 1138
209 1180
210 1102
211 1221
212 1190
213 1148
214 1190
215 1191
216 1139
217 1140
218 1191
219 1154
220 1204
221 1158
222 1203
223 1198
224 1177
225 1191
226 1188
227 1196
228 1150
229 1122
230 1212
231 1217
232 1165
233 1156
234 1199
235 1171
236 1165
237 1237
238 1189
239 1166
240 1130
241 1203
242 1235
243 1225
244 1180
245 1217
246 1151
247 1246
248 1264
249 1172
250 1200
251 1197
252 1237
253 1294
254 1228
255 1177
256 1181
257 1279
258 1183
259 1264
260 1266
261 1191
262 1241
263 1239
264 1240
265 1275
266 1244
267 1259
268 1246
269 1252
270 1249
271 1241
272 1271
273 1270
274 1287
275 1240
276 1211
277 1303
278 1310
279 1293
280 1325
281 1333
282 1255
283 1337
284 1288
285 1214
286 1264
287 1367
288 1324
289 1247
290 1290
291 1323
292 1298
293 1335
294 1341
295 1403
296 1354
297 1486
298 1404
299 1305
300 1324
301 1372
302 1366
303 1474
304 1430
305 1410
306 1430
307 1399
308 1496
309 1463
310 1482
311 1440
312 1451
313 1445
314 1449
315 1428
316 1484
317 1469
318 1544
319 1446
320 1453
321 1509
322 1494
323 1481
324 1478
325 1508
326 1517
327 1530
328 1546
329 1535
330 1612
331 1604
332 1463
333 1568
334 1588
335 1634
336 1579
337 1600
338 1632
339 1551
340 1666
341 1646
342 1614
343 1626
344 1673
345 1684
346 1699
347 1627
348 1720
349 1680
350 1687
351 1795
352 1748
353 1682
354 1738
355 1765
356 1800
357 1747
358 1672
359 1778
360 1748
361 1789
362 1820
363 1758
364 1794
365 1854
366 1841
367 1825
368 1825
369 1831
370 1816
371 1862
372 1822
373 1824
374 1864
375 1882
376 1855
377 1964
378 1842
379 1939
380 1914
381 1859
382 1965
383 1980
384 1930
385 1966
386 1949
387 1970
388 1975
389 1957
390 1928
391 1996
392 2043
393 1978
394 1995
395 2025
396 1979
397 2100
398 1977
399 2019
400 1992
401 2079
402 2092
403 2102
404 2083
405 2082
406 2120
407 2046
408 2177
409 2138
410 2081
411 2073
412 2110
413 2100
414 2132
415 2086
416 2060
417 2133
418 2250
419 2119
420 2198
421 2140
422 2154
423 2187
424 2179
425 2200
426 2127
427 2104
428 2194
429 2159
430 2239
431 2187
432 2175
433 2206
434 2224
435 2149
436 2202
437 2220
438 2121
439 2212
440 2214
441 2186
442 2186
443 2229
444 2288
445 2148
446 2099
447 2169
448 2143
449 2135
450 2214
451 2189
452 2208
453 2190
454 2155
455 2142
456 2173
457 2093
458 2210
459 2144
460 2167
461 2305
462 2114
463 2103
464 2094
465 2212
466 2140
467 2082
468 2150
469 2126
470 2058
471 2077
472 2162
473 2088
474 2127
475 2111
476 2081
477 2126
478 2150
479 2056
480 2079
481 2157
482 2135
483 2177
484 2099
485 2089
486 2128
487 2103
488 2080
489 2145
490 2108
491 2059
492 2084
493 2021
494 2068
495 2008
496 2037
497 2033
498 1957
499 2028
500 1977
501 1955
502 1916
503 1955
504 1905
505 1996
506 2024
507 1978
508 1972
509 2031
510 1963
511 1889
512 1875
513 1937
514 1976
515 1862
516 1860
517 1809
518 1890
519 1859
520 1895
521 1842
522 1782
523 1850
524 1780
525 1826
526 1756
527 1821
528 1737
529 1825
530 1693
531 1789
532 1722
533 1702
534 1725
535 1750
536 1726
537 1726
538 1693
539 1691
540 1657
541 1603
542 1580
543 1588
544 1668
545 1613
546 1606
547 1653
548 1596
549 1585
550 1672
551 1585
552 1496
553 1527
554 1493
555 1550
556 1472
557 1548
558 1375
559 1467
560 1530
561 1507
562 1424
563 1419
564 1490
565 1450
566 1464
567 1449
568 1387
569 1373
570 1387
571 1342
572 1365
573 1432
574 1340
575 1365
576 1278
577 1316
578 1271
579 1292
580 1293
581 1228
582 1280
583 1294
584 1230
585 1246
586 1206
587 1219
588 1197
589 1261
590 1219
591 1164
592 1151
593 1178
594 1154
595 1190
596 1131
597 1106
598 1133
599 1106
600 1141
601 1095
602 1101
603 1092
604 1052
605 1020
606 1069
607 1033
608 1028
609 1048
610 1023
611 1013
612 995
613 977
614 1029
615 1004
616 961
617 904
618 908
619 900
620 884
621 930
622 910
623 955
624 923
625 951
626 875
627 898
628 891
629 823
630 857
631 842
632 865
633 815
634 844
635 843
636 831
637 890
638 769
639 794
640 807
641 758
642 740
643 745
644 734
645 776
646 764
647 753
648 740
649 740
650 675
651 693
652 692
653 696
654 705
655 693
656 715
657 707
658 672
659 676
660 671
661 668
662 676
663 650
664 645
665 630
666 589
667 659
668 615
669 581
670 624
671 610
672 653
673 551
674 610
675 605
676 574
677 556
678 558
679 542
680 562
681 544
682 542
683 491
684 499
685 571
686 532
687 551
688 522
689 510
690 490
691 558
692 461
693 496
694 517
695 466
696 473
697 500
698 488
699 520
700 484
701 464
702 525
703 447
704 445
705 430
706 448
707 490
708 470
709 412
710 398
711 435
712 487
713 439
714 424
715 417
716 423
717 415
718 398
719 380
720 393
721 422
722 396
723 413
724 353
725 399
726 383
727 355
728 382
729 364
730 363
731 357
732 358
733 339
734 351
735 351
736 360
737 348
738 371
739 354
740 328
741 328
742 337
743 353
744 320
745 369
746 325
747 329
748 339
749 337
750 313
751 311
752 314
753 346
754 347
755 308
756 294
757 311
758 309
759 308
760 363
761 313
762 316
763 329
764 283
765 299
766 297
767 347
768 287
769 305
770 301
771 289
772 264
773 280
774 283
775 297
776 293
777 270
778 311
779 263
780 288
781 299
782 320
783 267
784 302
785 286
786 303
787 289
788 241
789 249
790 316
791 261
792 230
793 290
794 268
795 241
796 284
797 268
798 256
799 280
800 285
801 266
802 257
803 294
804 252
805 263
806 289
807 295
808 255
809 280
810 239
811 274
812 248
813 238
814 262
815 259
816 245
817 268
818 247
819 258
820 259
821 248
822 241
823 256
824 245
825 237
826 224
827 254
828 265
829 214
830 236
831 244
832 269
833 241
834 240
835 219
836 225
837 238
838 225
839 264
840 258
841 204
842 219
843 267
844 239
845 234
846 220
847 270
848 233
849 246
850 238
851 217
852 254
853 249
854 220
855 231
856 247
857 230
858 260
859 209
860 212
861 270
862 235
863 252
864 230
865 248
866 216
867 241
868 246
869 225
870 220
871 229
872 221
873 224
874 237
875 264
876 231
877 233
878 226
879 250
880 234
881 249
882 227
883 247
884 253
885 233
886 236
887 229
888 230
889 237
890 244
891 206
892 230
893 220
894 248
895 229
896 236
897 219
898 245
899 206
900 230
901 236
902 219
903 217
904 191
905 232
906 233
907 235
908 238
909 201
910 221
911 220
912 226
913 208
914 203
915 209
916 243
917 264
918 226
919 225
920 236
921 221
922 245
923 219
924 222
925 244
926 242
927 227
928 239
929 268
930 227
931 225
932 215
933 231
934 246
935 204
936 242
937 212
938 238
939 214
940 235
941 226
942 246
943 210
944 211
945 241
946 210
947 247
948 209
949 226
950 228
951 206
952 220
953 211
954 234
955 214
956 216
957 242
958 235
959 242
960 214
961 218
962 207
963 209
964 216
965 215
966 211
967 212
968 212
969 255
970 221
971 252
972 204
973 223
974 265
975 245
976 217
977 228
978 247
979 206
980 198
981 234
982 264
983 242
984 257
985 202
986 222
987 243
988 188
989 223
990 225
991 224
992 239
993 220
994 211
995 227
996 231
997 213
998 210
999 226
1000 239
1001 223
1002 234
1003 208
1004 217
1005 236
1006 247
1007 202
1008 247
1009 229
1010 232
1011 228
1012 238
1013 219
1014 227
1015 221
1016 196
1017 214
1018 198
1019 255
1020 232
1021 229
1022 255
1023 222
1024 230
1025 234
1026 200
1027 210
1028 215
1029 221
1030 257
1031 251
1032 216
1033 228
1034 252
1035 200
1036 223
1037 233
1038 223
1039 222
1040 212
1041 214
1042 228
1043 240
1044 196
1045 219
1046 234
1047 237
1048 217
1049 233
1050 228
1051 245
1052 253
1053 220
1054 223
1055 211
1056 229
1057 231
1058 217
1059 225
1060 227
1061 218
1062 240
1063 215
1064 237
1065 267
1066 242
1067 235
1068 221
1069 235
1070 215
1071 231
1072 216
1073 235
1074 210
1075 265
1076 227
1077 227
1078 205
1079 246
1080 238
1081 218
1082 221
1083 221
1084 187
1085 229
1086 223
1087 210
1088 215
1089 247
1090 196
1091 219
1092 219
1093 234
1094 218
1095 232
1096 219
1097 219
1098 218
1099 207
1100 206
1101 223
1102 215
1103 201
1104 196
1105 197
1106 214
1107 212
1108 223
1109 198
1110 241
1111 202
1112 189
1113 222
1114 203
1115 219
1116 216
1117 209
1118 224
1119 230
1120 211
1121 220
1122 225
1123 199
1124 217
1125 198
1126 203
1127 218
1128 161
1129 219
1130 224
1131 201
1132 187
1133 220
1134 217
1135 224
1136 227
1137 210
1138 203
1139 203
1140 189
1141 244
1142 230
1143 202
1144 203
1145 211
1146 235
1147 231
1148 222
1149 225
1150 205
1151 215
1152 189
1153 188
1154 219
1155 238
1156 203
1157 210
1158 208
1159 217
1160 210
1161 196
1162 203
1163 198
1164 231
1165 211
1166 197
1167 196
1168 214
1169 224
1170 178
1171 203
1172 183
1173 209
1174 209
1175 207
1176 195
1177 230
1178 176
1179 204
1180 190
1181 184
1182 214
1183 171
1184 200
1185 214
1186 198
1187 196
1188 202
1189 201
1190 203
1191 199
1192 200
1193 188
1194 178
1195 172
1196 193
1197 183
1198 173
1199 202
1200 172
1201 177
1202 171
1203 216
1204 163
1205 185
1206 181
1207 205
1208 193
1209 196
1210 211
1211 177
1212 185
1213 183
1214 202
1215 181
1216 188
1217 200
1218 190
1219 191
1220 173
1221 176
1222 175
1223 187
1224 187
1225 169
1226 189
1227 178
1228 156
1229 185
1230 173
1231 181
1232 196
1233 188
1234 148
1235 184
1236 196
1237 192
1238 173
1239 162
1240 187
1241 180
1242 167
1243 162
1244 157
1245 170
1246 152
1247 168
1248 166
1249 180
1250 162
1251 175
1252 159
1253 178
1254 179
1255 154
1256 157
1257 155
1258 163
1259 159
1260 162
1261 155
1262 156
1263 148
1264 165
1265 149
1266 166
1267 168
1268 161
1269 169
1270 163
1271 154
1272 172
1273 160
1274 159
1275 158
1276 132
1277 176
1278 150
1279 148
1280 169
1281 149
1282 155
1283 180
1284 123
1285 151
1286 167
1287 151
1288 142
1289 146
1290 145
1291 162
1292 136
1293 143
1294 139
1295 140
1296 151
1297 117
1298 150
1299 153
1300 141
1301 147
1302 133
1303 162
1304 127
1305 154
1306 138
1307 153
1308 141
1309 148
1310 117
1311 148
1312 142
1313 145
1314 138
1315 130
1316 154
1317 127
1318 149
1319 143
1320 137
1321 150
1322 138
1323 125
1324 153
1325 122
1326 115
1327 170
1328 122
1329 141
1330 134
1331 135
1332 123
1333 144
1334 147
1335 122
1336 143
1337 126
1338 128
1339 139
1340 123
1341 137
1342 140
1343 143
1344 111
1345 128
1346 118
1347 133
1348 115
1349 143
1350 109
1351 98
1352 123
1353 124
1354 142
1355 109
1356 133
1357 136
1358 123
1359 126
1360 125
1361 115
1362 115
1363 120
1364 136
1365 133
1366 131
1367 120
1368 112
1369 115
1370 105
1371 105
1372 109
1373 112
1374 116
1375 111
1376 120
1377 120
1378 133
1379 127
1380 112
1381 104
1382 108
1383 116
1384 98
1385 112
1386 114
1387 117
1388 114
1389 95
1390 118
1391 127
1392 119
1393 118
1394 91
1395 96
1396 106
1397 110
1398 112
1399 116
1400 96
1401 90
1402 97
1403 117
1404 112
1405 97
1406 85
1407 101
1408 111
1409 108
1410 120
1411 103
1412 101
1413 105
1414 93
1415 93
1416 95
1417 92
1418 85
1419 104
1420 102
1421 77
1422 105
1423 103
1424 98
1425 93
1426 104
1427 87
1428 104
1429 109
1430 92
1431 105
1432 92
1433 95
1434 90
1435 72
1436 100
1437 76
1438 123
1439 89
1440 75
1441 92
1442 83
1443 81
1444 76
1445 94
1446 73
1447 89
1448 86
1449 79
1450 88
1451 72
1452 84
1453 79
1454 72
1455 87
1456 82
1457 76
1458 83
1459 82
1460 95
1461 87
1462 103
1463 91
1464 100
1465 85
1466 90
1467 93
1468 92
1469 79
1470 78
1471 67
1472 77
1473 69
1474 80
1475 74
1476 90
1477 75
1478 79
1479 60
1480 70
1481 65
1482 80
1483 94
1484 81
1485 96
1486 84
1487 88
1488 81
1489 72
1490 57
1491 78
1492 65
1493 64
1494 79
1495 88
1496 68
1497 72
1498 74
1499 57
1500 75
1501 68
1502 55
1503 67
1504 79
1505 75
1506 68
1507 55
1508 69
1509 69
1510 73
1511 76
1512 83
1513 66
1514 54
1515 73
1516 65
1517 53
1518 82
1519 75
1520 65
1521 68
1522 53
1523 54
1524 68
1525 54
1526 72
1527 59
1528 57
1529 71
1530 53
1531 54
1532 51
1533 67
1534 59
1535 63
1536 61
1537 50
1538 66
1539 58
1540 56
1541 62
1542 62
1543 54
1544 67
1545 58
1546 68
1547 65
1548 52
1549 76
1550 52
1551 44
1552 54
1553 59
1554 54
1555 61
1556 41
1557 45
1558 62
1559 58
1560 49
1561 57
1562 46
1563 46
1564 60
1565 62
1566 44
1567 64
1568 52
1569 51
1570 46
1571 50
1572 48
1573 53
1574 52
1575 47
1576 58
1577 52
1578 47
1579 44
1580 42
1581 53
1582 58
1583 55
1584 52
1585 49
1586 46
1587 67
1588 46
1589 47
1590 61
1591 53
1592 42
1593 38
1594 52
1595 47
1596 51
1597 43
1598 54
1599 42
1600 37
1601 42
1602 43
1603 60
1604 34
1605 43
1606 39
1607 34
1608 47
1609 37
1610 51
1611 48
1612 43
1613 37
1614 40
1615 50
1616 43
1617 54
1618 48
1619 32
1620 51
1621 50
1622 44
1623 39
1624 50
1625 44
1626 46
1627 49
1628 37
1629 36
1630 41
1631 40
1632 43
1633 34
1634 37
1635 47
1636 42
1637 45
1638 40
1639 36
1640 47
1641 34
1642 33
1643 30
1644 31
1645 47
1646 42
1647 46
1648 39
1649 36
1650 42
1651 47
1652 33
1653 39
1654 37
1655 37
1656 36
1657 35
1658 39
1659 31
1660 28
1661 29
1662 29
1663 38
1664 41
1665 27
1666 28
1667 33
1668 42
1669 27
1670 39
1671 28
1672 25
1673 34
1674 29
1675 26
1676 27
1677 31
1678 27
1679 36
1680 25
1681 24
1682 26
1683 32
1684 41
1685 28
1686 32
1687 29
1688 29
1689 31
1690 20
1691 32
1692 37
1693 23
1694 23
1695 37
1696 24
1697 18
1698 30
1699 24
1700 28
1701 29
1702 20
1703 30
1704 40
1705 19
1706 30
1707 24
1708 21
1709 33
1710 33
1711 35
1712 31
1713 34
1714 20
1715 32
1716 23
1717 32
1718 20
1719 26
1720 31
1721 20
1722 43
1723 24
1724 33
1725 26
1726 34
1727 26
1728 26
1729 23
1730 20
1731 36
1732 24
1733 26
1734 26
1735 32
1736 35
1737 20
1738 27
1739 28
1740 20
1741 23
1742 22
1743 22
1744 27
1745 22
1746 22
1747 18
1748 26
1749 22
1750 26
1751 22
1752 10
1753 32
1754 22
1755 23
1756 23
1757 27
1758 17
1759 22
1760 22
1761 15
1762 15
1763 15
1764 20
1765 26
1766 20
1767 17
1768 16
1769 24
1770 30
1771 21
1772 20
1773 19
1774 27
1775 17
1776 19
1777 21
1778 19
1779 16
1780 23
1781 17
1782 15
1783 17
1784 18
1785 22
1786 27
1787 22
1788 19
1789 17
1790 20
1791 19
1792 19
1793 19
1794 12
1795 12
1796 14
1797 15
1798 19
1799 15
1800 16
1801 20
1802 12
1803 13
1804 20
1805 13
1806 11
1807 9
1808 18
1809 17
1810 16
1811 15
1812 12
1813 22
1814 21
1815 10
1816 15
1817 10
1818 10
1819 12
1820 12
1821 9
1822 13
1823 7
1824 14
1825 18
1826 15
1827 11
1828 16
1829 14
1830 11
1831 14
1832 16
1833 18
1834 19
1835 18
1836 16
1837 13
1838 16
1839 16
1840 11
1841 14
1842 13
1843 9
1844 10
1845 6
1846 14
1847 10
1848 13
1849 9
1850 13
1851 12
1852 11
1853 9
1854 13
1855 18
1856 10
1857 8
1858 8
1859 13
1860 10
1861 11
1862 10
1863 8
1864 12
1865 16
1866 13
1867 12
1868 11
1869 10
1870 11
1871 8
1872 7
1873 16
1874 7
1875 8
1876 11
1877 7
1878 14
1879 13
1880 7
1881 12
1882 6
1883 9
1884 14
1885 5
1886 9
1887 11
1888 4
1889 7
1890 2
1891 15
1892 7
1893 10
1894 9
1895 4
1896 8
1897 8
1898 11
1899 11
1900 5
1901 8
1902 12
1903 7
1904 10
1905 6
1906 7
1907 13
1908 6
1909 9
1910 9
1911 5
1912 10
1913 4
1914 4
1915 5
1916 5
1917 8
1918 3
1919 6
1920 7
1921 12
1922 3
1923 5
1924 6
1925 7
1926 4
1927 5
1928 2
1929 8
1930 6
1931 4
1932 7
1933 4
1934 8
1935 6
1936 3
1937 8
1938 3
1939 3
1940 4
1941 7
1942 2
1943 10
1944 3
1945 4
1946 5
1947 3
1948 3
1949 3
1950 5
1951 7
1952 3
1953 5
1954 5
1955 9
1956 6
1957 4
1958 4
1959 6
1960 1
1961 6
1962 3
1963 3
1964 2
1965 7
1966 7
1967 4
1968 4
1969 7
1970 4
1971 3
1972 3
1973 1
1974 4
1975 6
1976 7
1977 3
1978 8
1979 7
1980 2
1981 3
1982 6
1983 4
1984 5
1985 7
1986 6
1987 2
1988 3
1989 2
1990 3
1991 4
1992 8
1993 5
1994 2
1995 4
1996 3
1997 6
1998 4
1999 3
2000 2
2001 2
2002 2
2003 2
2004 2
2005 1
2006 3
2007 5
2008 0
2009 4
2010 2
2011 4
2012 3
2013 4
2014 4
2015 5
2016 3
2017 6
2018 5
2019 1
2020 1
2021 2
2022 7
2023 1
2024 4
2025 2
2026 3
2027 3
2028 2
2029 2
2030 3
2031 2
2032 2
2033 1
2034 2
2035 5
2036 1
2037 3
2038 2
2039 3
2040 3
2041 6
2042 5
2043 3
2044 3
2045 2
2046 0
2047 5
2048 5
2049 5
2050 1
2051 2
2052 1
2053 2
2054 6
2055 2
2056 2
2057 2
2058 2
2059 4
2060 2
2061 4
2062 7
2063 2
2064 4
2065 0
2066 4
2067 0
2068 1
2069 2
2070 0
2071 1
2072 1
2073 3
2074 2
2075 1
2076 2
2077 1
2078 2
2079 2
2080 4
2081 3
2082 4
2083 2
2084 1
2085 0
2086 2
2087 1
2088 1
2089 1
2090 1
2091 1
2092 1
2093 2
2094 2
2095 4
2096 0
2097 2
2098 1
2099 1
2100 2
2101 1
2102 2
2103 1
2104 2
2105 0
2106 0
2107 2
2108 5
2109 0
2110 1
2111 2
2112 3
2113 0
2114 0
2115 1
2116 0
2117 0
2118 1
2119 2
2120 1
2121 0
2122 1
2123 1
2124 1
2125 1
2126 1
2127 1
2128 0
2129 0
2130 2
2131 0
2132 2
2133 1
2134 0
2135 1
2136 2
2137 0
2138 1
2139 2
2140 2
2141 1
2142 4
2143 0
2144 1
2145 1
2146 1
2147 1
2148 0
2149 1
2150 1
2151 2
2152 1
2153 0
2154 0
2155 3
2156 1
2157 1
2158 0
2159 2
2160 1
2161 1
2162 0
2163 1
2164 0
2165 0
2166 1
2167 1
2168 1
2169 0
2170 0
2171 0
2172 1
2173 0
2174 1
2175 2
2176 1
2177 0
2178 1
2179 3
2180 1
2181 1
2182 1
2183 0
2184 2
2185 0
2186 1
2187 0
2188 0
2189 0
2190 0
2191 1
2192 0
2193 0
2194 3
2195 0
2196 1
2197 1
2198 1
2199 0
2200 1
2201 0
2202 0
2203 0
2204 0
2205 0
2206 2
2207 1
2208 0
2209 1
2210 0
2211 0
2212 0
2213 0
2214 0
2215 0
2216 0
2217 0
2218 0
2219 1
2220 0
2221 1
2222 0
2223 0
2224 0
2225 0
2226 0
2227 1
2228 0
2229 0
2230 0
2231 0
2232 0
2233 1
2234 0
2235 1
2236 0
2237 0
2238 0
2239 1
2240 0
2241 0
2242 1
2243 0
2244 0
2245 0
2246 0
2247 0
2248 0
2249 0
2250 0
2251 1
2252 1
2253 0
2254 1
2255 0
2256 0
2257 1
2258 1
2259 0
2260 0
2261 0
2262 0
2263 0
2264 0
2265 0
2266 0
2267 0
2268 1
2269 0
2270 1
2271 0
2272 0
2273 0
2274 0
2275 0
2276 0
2277 0
2278 0
2279 0
2280 0
2281 0
2282 0
2283 0
2284 0
2285 0
2286 0
2287 0
2288 0
2289 0
2290 0
2291 0
2292 0
2293 1
2294 0
2295 0
2296 0
2297 0
2298 0
2299 0
2300 0
2301 2
2302 0
2303 0
2304 0
2305 0
2306 0
2307 0
2308 0
2309 0
2310 0
2311 0
2312 0
2313 0
2314 0
2315 0
2316 0
2317 0
2318 0
2319 0
2320 0
2321 0
2322 0
2323 0
2324 0
2325 0
2326 0
2327 0
2328 0
2329 0
2330 0
2331 0
2332 0
2333 1
2334 0
2335 0
2336 0
2337 0
2338 0
2339 0
2340 0
2341 0
2342 0
2343 1
2344 0
2345 0
2346 0
2347 0
2348 0
2349 0
2350 0
2351 0
2352 0
2353 0
2354 0
2355 0
2356 0
2357 0
2358 0
2359 0
2360 1
2361 0
2362 0
2363 0
2364 0
2365 0
2366 0
2367 0
2368 0
2369 0
2370 0
2371 0
2372 0
2373 0
2374 0
2375 0
2376 0
2377 1
2378 0
2379 1
2380 0
2381 0
2382 0
2383 0
2384 0
2385 0
2386 0
2387 0
2388 0
2389 0
2390 0
2391 0
2392 0
2393 0
2394 0
2395 0
2396 0
2397 0
2398 1
2399 0
2400 0
2401 0
2402 0
2403 0
2404 0
2405 0
2406 0
2407 0
2408 0
2409 0
2410 0
2411 0
2412 0
2413 1
2414 0
2415 0
2416 0
2417 0
2418 0
2419 0
2420 0
2421 0
2422 0
2423 0
2424 0
2425 0
2426 0
2427 0
2428 0
2429 0
2430 0
2431 0
2432 0
2433 0
2434 0
2435 0
2436 0
2437 0
2438 0
2439 0
2440 0
2441 0
2442 0
2443 0
2444 0
2445 0
2446 0
2447 0
2448 0
2449 0
2450 0
2451 0
2452 0
2453 0
2454 0
2455 0
2456 0
2457 0
2458 0
2459 0
2460 0
2461 0
2462 0
2463 0
2464 0
2465 0
2466 0
2467 0
2468 0
2469 0
2470 0
2471 0
2472 0
2473 1
2474 0
2475 0
2476 1
2477 0
2478 0
2479 0
2480 0
2481 0
2482 0
2483 0
2484 0
2485 0
2486 0
2487 0
2488 0
2489 0
2490 0
2491 0
2492 0
2493 0
2494 0
2495 0
2496 0
2497 0
2498 0
2499 0
2500 0
2501 0
2502 0
2503 0
2504 0
2505 0
2506 0
2507 0
2508 0
2509 0
2510 0
2511 0
2512 0
2513 0
2514 0
2515 0
2516 0
2517 0
2518 0
2519 0
2520 0
2521 0
2522 0
2523 0
2524 0
2525 0
2526 0
2527 1
2528 0
2529 0
2530 0
2531 0
2532 0
2533 0
2534 0
2535 0
2536 0
2537 0
2538 0
2539 0
2540 0
2541 0
2542 0
2543 0
2544 0
2545 0
2546 0
2547 0
2548 0
2549 0
2550 0
2551 0
2552 0
2553 0
2554 0
2555 0
2556 0
2557 0
2558 0
2559 0
2560 0
2561 0
2562 0
2563 0
2564 0
2565 0
2566 0
2567 0
2568 0
2569 0
2570 0
2571 0
2572 0
2573 0
2574 0
2575 0
2576 0
2577 0
2578 0
2579 0
2580 0
2581 0
2582 0
2583 0
2584 0
2585 0
2586 0
2587 0
2588 0
2589 0
2590 0
2591 0
2592 0
2593 0
2594 0
2595 0
2596 0
2597 0
2598 0
2599 0
2600 0
2601 0
2602 0
2603 0
2604 0
2605 0
2606 0
2607 0
2608 0
2609 0
2610 0
2611 0
2612 0
2613 0
2614 0
2615 0
2616 0
2617 0
2618 0
2619 0
2620 0
2621 0
2622 0
2623 0
2624 0
2625 0
2626 0
2627 0
2628 0
2629 0
2630 0
2631 0
2632 0
2633 0
2634 0
2635 0
2636 0
2637 0
2638 0
2639 0
2640 0
2641 0
2642 0
2643 0
2644 0
2645 0
2646 0
2647 0
2648 0
2649 0
2650 0
2651 0
2652 0
2653 0
2654 0
2655 0
2656 0
2657 0
2658 0
2659 0
2660 0
2661 0
2662 0
2663 0
2664 0
2665 0
2666 0
2667 0
2668 0
2669 0
2670 0
2671 0
2672 0
2673 0
2674 0
2675 0
2676 0
2677 0
2678 0
2679 0
2680 0
2681 0
2682 0
2683 0
2684 0
2685 0
2686 0
2687 0
2688 0
2689 0
2690 0
2691 0
2692 0
2693 0
2694 0
2695 0
2696 0
2697 0
2698 0
2699 1
2700 0
2701 0
2702 0
2703 0
2704 0
2705 0
2706 0
2707 0
2708 0
2709 0
2710 1
2711 0
2712 0
2713 0
2714 0
2715 0
2716 0
2717 0
2718 0
2719 0
2720 0
2721 0
2722 0
2723 0
2724 0
2725 0
2726 0
2727 0
2728 0
2729 1
2730 0
2731 0
2732 0
2733 0
2734 0
2735 0
2736 0
2737 0
2738 0
2739 0
2740 0
2741 0
2742 0
2743 0
2744 0
2745 0
2746 0
2747 0
2748 0
2749 1
2750 1
2751 0
2752 0
2753 0
2754 0
2755 0
2756 0
2757 0
2758 0
2759 0
2760 0
2761 1
2762 0
2763 0
2764 0
2765 0
2766 0
2767 0
2768 0
2769 0
2770 0
2771 0
2772 0
2773 0
2774 0
2775 0
2776 0
2777 0
2778 0
2779 0
2780 0
2781 0
2782 0
2783 0
2784 0
2785 0
2786 0
2787 0
2788 0
2789 0
2790 0
2791 0
2792 0
2793 0
2794 0
2795 0
2796 0
2797 0
2798 0
2799 0
2800 0
2801 0
2802 0
2803 0
2804 0
2805 0
2806 0
2807 0
2808 0
2809 0
2810 0
2811 0
2812 0
2813 0
2814 0
2815 0
2816 0
2817 0
2818 0
2819 0
2820 0
2821 0
2822 0
2823 0
2824 0
2825 0
2826 0
2827 0
2828 0
2829 0
2830 0
2831 0
2832 0
2833 0
2834 0
2835 0
2836 0
2837 0
2838 0
2839 0
2840 0
2841 0
2842 0
2843 0
2844 0
2845 0
2846 0
2847 0
2848 0
2849 0
2850 1
2851 0
2852 0
2853 0
2854 1
2855 0
2856 0
2857 0
2858 0
2859 0
2860 0
2861 0
2862 0
2863 0
2864 0
2865 0
2866 0
2867 0
2868 0
2869 0
2870 0
2871 0
2872 0
2873 0
2874 0
2875 0
2876 0
2877 0
2878 0
2879 0
2880 0
2881 0
2882 0
2883 0
2884 0
2885 1
2886 0
2887 0
2888 0
2889 0
2890 0
2891 0
2892 0
2893 0
2894 0
2895 0
2896 0
2897 0
2898 0
2899 0
2900 0
2901 0
2902 0
2903 0
2904 0
2905 0
2906 0
2907 0
2908 0
2909 0
2910 0
2911 0
2912 0
2913 0
2914 0
2915 0
2916 0
2917 0
2918 0
2919 0
2920 0
2921 0
2922 0
2923 0
2924 0
2925 0
2926 0
2927 0
2928 0
2929 0
2930 0
2931 0
2932 0
2933 0
2934 0
2935 1
2936 0
2937 0
2938 0
2939 0
2940 0
2941 0
2942 0
2943 1
2944 0
2945 1
2946 0
2947 0
2948 0
2949 0
2950 0
2951 0
2952 0
2953 0
2954 0
2955 0
2956 0
2957 0
2958 0
2959 0
2960 0
2961 0
2962 0
2963 0
2964 0
2965 0
2966 0
2967 0
2968 0
2969 0
2970 1
2971 0
2972 0
2973 0
2974 0
2975 0
2976 1
2977 0
2978 0
2979 0
2980 0
2981 0
2982 0
2983 0
2984 0
2985 0
2986 0
2987 0
2988 0
2989 0
2990 0
2991 0
2992 0
2993 0
2994 0
2995 0
2996 0
2997 0
2998 0
2999 0
3000 0
3001 0
3002 0
3003 0
3004 0
3005 0
3006 0
3007 0
3008 0
3009 0
3010 0
3011 0
3012 0
3013 0
3014 0
3015 0
3016 0
3017 0
3018 0
3019 0
3020 0
3021 0
3022 1
3023 0
3024 0
3025 0
3026 0
3027 0
3028 0
3029 0
3030 0
3031 0
3032 0
3033 0
3034 1
3035 0
3036 0
3037 0
3038 0
3039 0
3040 0
3041 0
3042 0
3043 0
3044 0
3045 0
3046 0
3047 0
3048 0
3049 0
3050 0
3051 0
3052 0
3053 0
3054 0
3055 0
3056 0
3057 0
3058 0
3059 0
3060 0
3061 0
3062 0
3063 0
3064 0
3065 0
3066 0
3067 0
3068 0
3069 0
3070 0
3071 0
3072 0
3073 0
3074 0
3075 0
3076 0
3077 0
3078 0
3079 0
3080 0
3081 0
3082 0
3083 1
3084 0
3085 0
3086 0
3087 0
3088 0
3089 0
3090 0
3091 0
3092 0
3093 0
3094 0
3095 0
3096 0
3097 0
3098 0
3099 0
3100 0
3101 0
3102 0
3103 0
3104 0
3105 0
3106 0
3107 0
3108 0
3109 0
3110 0
3111 0
3112 0
3113 0
3114 0
3115 0
3116 0
3117 0
3118 0
3119 0
3120 0
3121 0
3122 0
3123 0
3124 0
3125 0
3126 0
3127 0
3128 0
3129 0
3130 0
3131 0
3132 0
3133 0
3134 0
3135 0
3136 0
3137 0
3138 0
3139 0
3140 0
3141 0
3142 0
3143 0
3144 0
3145 0
3146 0
3147 0
3148 0
3149 0
3150 0
3151 0
3152 0
3153 0
3154 0
3155 0
3156 0
3157 0
3158 0
3159 0
3160 0
3161 0
3162 0
3163 0
3164 0
3165 0
3166 0
3167 0
3168 0
3169 0
3170 0
3171 0
3172 0
3173 0
3174 0
3175 0
3176 0
3177 0
3178 0
3179 0
3180 0
3181 0
3182 0
3183 0
3184 0
3185 0
3186 0
3187 0
3188 0
3189 0
3190 0
3191 0
3192 0
3193 0
3194 0
3195 0
3196 0
3197 0
3198 0
3199 0
3200 0
3201 0
3202 0
3203 0
3204 0
3205 0
3206 0
3207 0
3208 0
3209 0
3210 0
3211 0
3212 1
3213 0
3214 0
3215 0
3216 0
3217 0
3218 0
3219 0
3220 0
3221 0
3222 0
3223 0
3224 0
3225 0
3226 0
3227 0
3228 0
3229 0
3230 0
3231 1
3232 0
3233 0
3234 0
3235 0
3236 0
3237 0
3238 0
3239 0
3240 0
3241 0
3242 0
3243 0
3244 0
3245 0
3246 0
3247 0
3248 0
3249 0
3250 0
3251 0
3252 0
3253 0
3254 0
3255 0
3256 0
3257 0
3258 0
3259 0
3260 0
3261 0
3262 0
3263 0
3264 0
3265 0
3266 0
3267 0
3268 0
3269 0
3270 0
3271 0
3272 0
3273 0
3274 0
3275 0
3276 0
3277 0
3278 0
3279 0
3280 0
3281 0
3282 0
3283 0
3284 0
3285 0
3286 0
3287 0
3288 0
3289 0
3290 0
3291 0
3292 0
3293 0
3294 0
3295 0
3296 1
3297 0
3298 0
3299 0
3300 0
3301 0
3302 0
3303 0
3304 0
3305 0
3306 0
3307 0
3308 0
3309 0
3310 0
3311 0
3312 0
3313 0
3314 0
3315 0
3316 0
3317 0
3318 0
3319 0
3320 0
3321 0
3322 0
3323 0
3324 0
3325 0
3326 0
3327 0
3328 0
3329 0
3330 0
3331 0
3332 0
3333 0
3334 0
3335 0
3336 0
3337 0
3338 0
3339 0
3340 0
3341 0
3342 0
3343 0
3344 0
3345 0
3346 0
3347 0
3348 1
3349 0
3350 0
3351 0
3352 0
3353 0
3354 0
3355 0
3356 0
3357 0
3358 0
3359 0
3360 0
3361 0
3362 0
3363 0
3364 0
3365 0
3366 0
3367 0
3368 0
3369 0
3370 0
3371 0
3372 0
3373 0
3374 0
3375 0
3376 0
3377 0
3378 0
3379 0
3380 0
3381 0
3382 0
3383 0
3384 0
3385 0
3386 0
3387 0
3388 0
3389 0
3390 0
3391 1
3392 0
3393 0
3394 0
3395 0
3396 0
3397 0
3398 0
3399 0
3400 0
3401 0
3402 0
3403 0
3404 1
3405 0
3406 0
3407 0
3408 0
3409 0
3410 0
3411 0
3412 0
3413 0
3414 0
3415 0
3416 0
3417 0
3418 0
3419 0
3420 0
3421 0
3422 0
3423 0
3424 0
3425 0
3426 0
3427 0
3428 0
3429 0
3430 0
3431 0
3432 0
3433 0
3434 0
3435 0
3436 0
3437 0
3438 0
3439 0
3440 0
3441 0
3442 0
3443 1
3444 1
3445 0
3446 0
3447 0
3448 0
3449 0
3450 0
3451 0
3452 0
3453 0
3454 0
3455 0
3456 0
3457 0
3458 0
3459 0
3460 0
3461 0
3462 0
3463 0
3464 0
3465 0
3466 0
3467 0
3468 0
3469 0
3470 0
3471 0
3472 0
3473 0
3474 0
3475 0
3476 0
3477 0
3478 0
3479 0
3480 0
3481 0
3482 0
3483 0
3484 0
3485 0
3486 0
3487 0
3488 0
3489 0
3490 0
3491 0
3492 0
3493 0
3494 0
3495 0
3496 0
3497 0
3498 0
3499 0
3500 0
3501 0
3502 0
3503 0
3504 0
3505 0
3506 0
3507 0
3508 0
3509 0
3510 0
3511 0
3512 0
3513 0
3514 0
3515 0
3516 0
3517 0
3518 0
3519 0
3520 0
3521 0
3522 0
3523 0
3524 0
3525 0
3526 0
3527 0
3528 0
3529 0
3530 0
3531 0
3532 0
3533 0
3534 0
3535 0
3536 0
3537 0
3538 0
3539 0
3540 0
3541 0
3542 0
3543 0
3544 0
3545 0
3546 0
3547 0
3548 0
3549 0
3550 0
3551 0
3552 0
3553 0
3554 0
3555 0
3556 0
3557 0
3558 0
3559 0
3560 0
3561 0
3562 0
3563 0
3564 0
3565 0
3566 0
3567 0
3568 0
3569 0
3570 0
3571 0
3572 0
3573 0
3574 0
3575 0
3576 0
3577 0
3578 0
3579 0
3580 0
3581 0
3582 0
3583 0
3584 0
3585 0
3586 0
3587 0
3588 0
3589 0
3590 0
3591 0
3592 0
3593 0
3594 0
3595 0
3596 0
3597 0
3598 0
3599 0
3600 0
3601 0
3602 0
3603 0
3604 0
3605 0
3606 0
3607 0
3608 0
3609 0
3610 0
3611 0
3612 0
3613 0
3614 0
3615 0
3616 0
3617 0
3618 0
3619 0
3620 0
3621 0
3622 0
3623 0
3624 0
3625 0
3626 0
3627 0
3628 0
3629 0
3630 0
3631 0
3632 0
3633 0
3634 0
3635 0
3636 0
3637 0
3638 0
3639 0
3640 0
3641 0
3642 0
3643 0
3644 0
3645 0
3646 0
3647 0
3648 0
3649 0
3650 0
3651 0
3652 0
3653 0
3654 0
3655 0
3656 0
3657 0
3658 0
3659 0
3660 0
3661 0
3662 0
3663 0
3664 0
3665 0
3666 0
3667 0
3668 0
3669 0
3670 0
3671 0
3672 0
3673 0
3674 0
3675 0
3676 0
3677 0
3678 0
3679 0
3680 0
3681 0
3682 0
3683 0
3684 0
3685 0
3686 0
3687 0
3688 0
3689 0
3690 0
3691 0
3692 0
3693 0
3694 0
3695 0
3696 0
3697 0
3698 0
3699 0
3700 0
3701 0
3702 0
3703 0
3704 0
3705 0
3706 0
3707 0
3708 0
3709 0
3710 0
3711 0
3712 0
3713 0
3714 0
3715 0
3716 0
3717 0
3718 0
3719 0
3720 0
3721 0
3722 0
3723 0
3724 0
3725 0
3726 0
3727 0
3728 0
3729 0
3730 0
3731 0
3732 0
3733 0
3734 0
3735 0
3736 0
3737 0
3738 0
3739 0
3740 0
3741 0
3742 0
3743 0
3744 0
3745 0
3746 0
3747 0
3748 0
3749 0
3750 0
3751 0
3752 0
3753 0
3754 0
3755 0
3756 0
3757 0
3758 0
3759 0
3760 0
3761 0
3762 0
3763 0
3764 0
3765 0
3766 0
3767 0
3768 0
3769 0
3770 0
3771 0
3772 0
3773 0
3774 0
3775 0
3776 0
3777 0
3778 0
3779 0
3780 0
3781 0
3782 0
3783 0
3784 0
3785 0
3786 0
3787 0
3788 0
3789 0
3790 0
3791 0
3792 0
3793 0
3794 0
3795 0
3796 0
3797 0
3798 0
3799 0
3800 0
3801 0
3802 0
3803 0
3804 0
3805 0
3806 0
3807 0
3808 0
3809 0
3810 0
3811 0
3812 0
3813 0
3814 0
3815 0
3816 0
3817 0
3818 0
3819 1
3820 0
3821 0
3822 0
3823 0
3824 0
3825 0
3826 0
3827 0
3828 0
3829 0
3830 0
3831 0
3832 0
3833 0
3834 0
3835 0
3836 0
3837 1
3838 0
3839 0
3840 0
3841 0
3842 0
3843 0
3844 0
3845 0
3846 0
3847 0
3848 0
3849 0
3850 0
3851 0
3852 0
3853 0
3854 0
3855 0
3856 0
3857 0
3858 0
3859 0
3860 0
3861 0
3862 0
3863 0
3864 0
3865 0
3866 0
3867 0
3868 0
3869 0
3870 0
3871 0
3872 0
3873 0
3874 0
3875 0
3876 0
3877 0
3878 0
3879 0
3880 0
3881 0
3882 0
3883 0
3884 0
3885 0
3886 0
3887 0
3888 0
3889 0
3890 0
3891 0
3892 0
3893 0
3894 0
3895 0
3896 0
3897 0
3898 0
3899 0
3900 0
3901 0
3902 0
3903 0
3904 0
3905 0
3906 0
3907 0
3908 0
3909 0
3910 0
3911 0
3912 0
3913 0
3914 1
3915 0
3916 0
3917 0
3918 0
3919 0
3920 0
3921 0
3922 0
3923 0
3924 0
3925 0
3926 0
3927 0
3928 0
3929 0
3930 0
3931 0
3932 0
3933 0
3934 0
3935 0
3936 0
3937 0
3938 0
3939 0
3940 0
3941 0
3942 0
3943 0
3944 0
3945 0
3946 0
3947 0
3948 0
3949 0
3950 0
3951 0
3952 0
3953 0
3954 0
3955 0
3956 0
3957 0
3958 0
3959 0
3960 0
3961 0
3962 0
3963 0
3964 0
3965 0
3966 0
3967 0
3968 0
3969 0
3970 0
3971 0
3972 0
3973 0
3974 0
3975 0
3976 0
3977 0
3978 0
3979 0
3980 0
3981 0
3982 0
3983 0
3984 0
3985 0
3986 0
3987 0
3988 0
3989 0
3990 0
3991 0
3992 0
3993 0
3994 0
3995 0
3996 0
3997 0
3998 0
3999 0
4000 0
