0 0
1 0
2 0
3 0
4 0
5 0
6 0
7 0
8 0
9 0
10 0
11 0
12 0
13 0
14 0
15 0
16 0
17 0
18 0
19 0
20 0
21 0
22 0
23 0
24 0
25 0
26 0
27 0
28 0
29 0
30 0
31 0
32 0
33 0
34 0
35 0
36 0
37 0
38 0
39 0
40 0
41 0
42 0
43 0
44 0
45 0
46 0
47 0
48 0
49 0
50 0
51 0
52 0
53 0
54 0
55 0
56 0
57 0
58 0
59 0
60 0
61 0
62 0
63 0
64 0
65 0
66 0
67 0
68 0
69 0
70 0
71 0
72 0
73 0
74 0
75 0
76 0
77 0
78 0
79 0
80 0
81 0
82 0
83 0
84 0
85 0
86 8
87 23
88 23
89 17
90 18
91 31
92 29
93 22
94 22
95 16
96 10
97 19
98 11
99 13
100 5
101 8
102 11
103 8
104 9
105 4
106 4
107 8
108 5
109 14
110 27
111 175
112 954
113 2879
114 5523
115 8179
116 9608
117 10529
118 10864
119 10483
120 9898
121 8922
122 8041
123 7199
124 6295
125 5411
126 4730
127 4150
128 3619
129 3207
130 2788
131 2469
132 2166
133 2033
134 1921
135 1807
136 1635
137 1664
138 1563
139 1547
140 1531
141 1545
142 1536
143 1508
144 1591
145 1571
146 1616
147 1553
148 1558
149 1571
150 1588
151 1522
152 1537
153 1571
154 1587
155 1555
156 1558
157 1627
158 1621
159 1467
160 1602
161 1564
162 1583
163 1511
164 1586
165 1563
166 1582
167 1564
168 1619
169 1598
170 1619
171 1590
172 1547
173 1612
174 1579
175 1648
176 1660
177 1683
178 1641
179 1652
180 1695
181 1757
182 1679
183 1744
184 1637
185 1642
186 1686
187 1649
188 1635
189 1731
190 1655
191 1737
192 1708
193 1662
194 1752
195 1762
196 1755
197 1788
198 1755
199 1795
200 1810
201 1787
202 1799
203 1698
204 1763
205 1795
206 1744
207 1705
208 1751
209 1772
210 1739
211 1794
212 1779
213 1834
214 1779
215 1744
216 1849
217 1834
218 1832
219 1790
220 1852
221 1860
222 1751
223 1881
224 1789
225 1797
226 1902
227 1852
228 1862
229 1808
230 1901
231 1821
232 1886
233 1867
234 1850
235 1849
236 2013
237 1902
238 1948
239 2021
240 1918
241 1912
242 1934
243 1918
244 1877
245 1960
246 1844
247 1901
248 1987
249 2043
250 1910
251 1973
252 2018
253 1939
254 1925
255 1940
256 1948
257 1959
258 2009
259 2104
260 2071
261 2048
262 1988
263 2085
264 2031
265 1996
266 2094
267 2002
268 2005
269 2088
270 2093
271 2087
272 2018
273 2138
274 2115
275 2049
276 2117
277 2125
278 2043
279 2140
280 2037
281 2075
282 2108
283 1993
284 2101
285 2114
286 2111
287 2080
288 2061
289 2205
290 2100
291 2059
292 2101
293 2147
294 2154
295 2133
296 2204
297 2146
298 2173
299 2112
300 2136
301 2121
302 2185
303 2065
304 2224
305 2159
306 2195
307 2177
308 2185
309 2161
310 2084
311 2190
312 2135
313 2183
314 2159
315 2159
316 2137
317 2148
318 2156
319 2216
320 2214
321 2158
322 2127
323 2144
324 2123
325 2178
326 2174
327 2220
328 2092
329 2135
330 2063
331 2186
332 2109
333 2034
334 2119
335 2089
336 2129
337 2151
338 2070
339 2122
340 2050
341 2148
342 1969
343 2011
344 2061
345 2100
346 2039
347 2100
348 1958
349 2082
350 2090
351 2041
352 2014
353 2016
354 1952
355 1980
356 1989
357 1961
358 2013
359 2042
360 1966
361 1964
362 1928
363 1955
364 1964
365 1930
366 1860
367 1847
368 1954
369 1856
370 1890
371 1798
372 1836
373 1823
374 1822
375 1824
376 1777
377 1827
378 1876
379 1824
380 1790
381 1798
382 1752
383 1766
384 1741
385 1749
386 1729
387 1728
388 1752
389 1716
390 1761
391 1697
392 1675
393 1701
394 1670
395 1654
396 1623
397 1645
398 1658
399 1700
400 1559
401 1537
402 1677
403 1578
404 1465
405 1483
406 1556
407 1473
408 1496
409 1491
410 1503
411 1478
412 1464
413 1470
414 1456
415 1401
416 1412
417 1427
418 1325
419 1424
420 1352
421 1410
422 1363
423 1376
424 1336
425 1345
426 1289
427 1281
428 1248
429 1310
430 1258
431 1340
432 1230
433 1187
434 1171
435 1232
436 1263
437 1212
438 1194
439 1217
440 1145
441 1157
442 1164
443 1168
444 1135
445 1183
446 1143
447 1106
448 1048
449 1099
450 1121
451 1066
452 1075
453 1016
454 1028
455 1003
456 979
457 1006
458 993
459 1026
460 968
461 1049
462 1004
463 990
464 942
465 932
466 953
467 918
468 886
469 883
470 879
471 878
472 936
473 899
474 869
475 854
476 873
477 861
478 890
479 838
480 808
481 824
482 765
483 792
484 800
485 780
486 761
487 730
488 777
489 754
490 726
491 712
492 782
493 729
494 699
495 727
496 683
497 688
498 666
499 646
500 677
501 685
502 676
503 647
504 720
505 633
506 609
507 642
508 600
509 581
510 598
511 635
512 583
513 614
514 563
515 588
516 591
517 604
518 555
519 563
520 589
521 535
522 528
523 516
524 611
525 547
526 550
527 554
528 506
529 529
530 528
531 522
532 528
533 473
534 469
535 494
536 535
537 490
538 511
539 514
540 471
541 500
542 492
543 464
544 492
545 479
546 434
547 474
548 479
549 437
550 393
551 445
552 422
553 479
554 405
555 428
556 424
557 431
558 440
559 401
560 434
561 416
562 427
563 412
564 400
565 375
566 405
567 428
568 400
569 386
570 369
571 398
572 381
573 403
574 379
575 414
576 416
577 368
578 336
579 347
580 385
581 348
582 369
583 375
584 349
585 304
586 375
587 374
588 337
589 369
590 379
591 333
592 356
593 306
594 351
595 327
596 316
597 326
598 293
599 345
600 316
601 307
602 335
603 321
604 342
605 321
606 300
607 299
608 335
609 301
610 329
611 321
612 319
613 305
614 295
615 275
616 335
617 300
618 318
619 296
620 297
621 294
622 297
623 293
624 337
625 324
626 279
627 286
628 306
629 287
630 286
631 287
632 321
633 279
634 280
635 300
636 306
637 279
638 272
639 296
640 307
641 282
642 268
643 284
644 267
645 266
646 292
647 299
648 298
649 269
650 278
651 288
652 286
653 274
654 271
655 269
656 253
657 311
658 262
659 274
660 256
661 277
662 274
663 273
664 286
665 258
666 282
667 257
668 247
669 263
670 285
671 245
672 220
673 280
674 266
675 265
676 274
677 240
678 260
679 265
680 259
681 289
682 267
683 244
684 271
685 256
686 242
687 245
688 244
689 237
690 251
691 238
692 277
693 259
694 266
695 221
696 249
697 249
698 260
699 253
700 236
701 241
702 235
703 268
704 264
705 240
706 261
707 246
708 260
709 256
710 268
711 244
712 248
713 211
714 234
715 209
716 238
717 214
718 279
719 263
720 264
721 245
722 232
723 239
724 271
725 249
726 258
727 257
728 240
729 263
730 233
731 246
732 231
733 238
734 238
735 231
736 237
737 230
738 239
739 254
740 241
741 224
742 240
743 229
744 207
745 209
746 251
747 239
748 244
749 270
750 206
751 228
752 206
753 215
754 231
755 222
756 230
757 230
758 217
759 229
760 238
761 236
762 213
763 229
764 229
765 245
766 251
767 226
768 225
769 223
770 257
771 229
772 240
773 236
774 216
775 217
776 232
777 194
778 239
779 214
780 211
781 194
782 199
783 219
784 228
785 207
786 227
787 200
788 220
789 209
790 216
791 234
792 198
793 195
794 229
795 204
796 210
797 195
798 201
799 242
800 207
801 226
802 227
803 215
804 217
805 213
806 198
807 219
808 218
809 217
810 167
811 205
812 212
813 241
814 215
815 176
816 226
817 203
818 220
819 217
820 211
821 202
822 208
823 177
824 202
825 208
826 205
827 200
828 203
829 190
830 172
831 186
832 191
833 198
834 191
835 160
836 180
837 205
838 185
839 173
840 210
841 194
842 175
843 204
844 214
845 192
846 190
847 191
848 193
849 176
850 178
851 200
852 166
853 162
854 188
855 173
856 168
857 191
858 180
859 175
860 189
861 146
862 162
863 177
864 163
865 163
866 179
867 173
868 189
869 157
870 192
871 180
872 187
873 162
874 181
875 159
876 170
877 177
878 157
879 174
880 150
881 142
882 178
883 159
884 165
885 171
886 181
887 171
888 139
889 167
890 175
891 162
892 160
893 152
894 149
895 177
896 162
897 176
898 177
899 155
900 163
901 167
902 159
903 141
904 157
905 132
906 163
907 149
908 177
909 172
910 134
911 142
912 143
913 136
914 134
915 141
916 148
917 163
918 144
919 147
920 136
921 157
922 142
923 132
924 147
925 124
926 143
927 159
928 152
929 122
930 124
931 149
932 143
933 155
934 131
935 120
936 127
937 154
938 107
939 130
940 124
941 110
942 117
943 149
944 119
945 119
946 128
947 133
948 123
949 122
950 115
951 124
952 100
953 123
954 130
955 121
956 108
957 109
958 133
959 96
960 128
961 118
962 113
963 118
964 124
965 122
966 132
967 125
968 108
969 114
970 119
971 106
972 110
973 109
974 117
975 100
976 101
977 97
978 118
979 120
980 108
981 91
982 85
983 110
984 125
985 96
986 136
987 127
988 108
989 119
990 105
991 108
992 93
993 84
994 100
995 110
996 83
997 105
998 95
999 88
1000 96
1001 88
1002 102
1003 103
1004 84
1005 75
1006 94
1007 87
1008 95
1009 76
1010 95
1011 87
1012 91
1013 99
1014 70
1015 75
1016 70
1017 102
1018 79
1019 96
1020 85
1021 79
1022 87
1023 97
1024 84
1025 94
1026 63
1027 77
1028 90
1029 86
1030 88
1031 89
1032 73
1033 61
1034 68
1035 74
1036 80
1037 71
1038 78
1039 85
1040 70
1041 73
1042 75
1043 70
1044 69
1045 75
1046 79
1047 71
1048 69
1049 66
1050 64
1051 82
1052 68
1053 73
1054 65
1055 61
1056 82
1057 71
1058 67
1059 78
1060 79
1061 62
1062 64
1063 53
1064 74
1065 66
1066 69
1067 57
1068 53
1069 65
1070 62
1071 62
1072 56
1073 71
1074 52
1075 61
1076 82
1077 71
1078 52
1079 63
1080 51
1081 54
1082 52
1083 60
1084 62
1085 57
1086 47
1087 54
1088 48
1089 66
1090 65
1091 56
1092 67
1093 53
1094 62
1095 63
1096 68
1097 48
1098 45
1099 56
1100 49
1101 48
1102 39
1103 53
1104 53
1105 58
1106 36
1107 60
1108 50
1109 49
1110 52
1111 48
1112 49
1113 49
1114 55
1115 59
1116 49
1117 54
1118 54
1119 39
1120 55
1121 44
1122 45
1123 37
1124 52
1125 43
1126 48
1127 47
1128 47
1129 46
1130 48
1131 33
1132 43
1133 45
1134 46
1135 41
1136 43
1137 37
1138 56
1139 44
1140 47
1141 56
1142 36
1143 36
1144 47
1145 32
1146 41
1147 39
1148 34
1149 31
1150 54
1151 32
1152 40
1153 46
1154 50
1155 40
1156 37
1157 28
1158 23
1159 22
1160 38
1161 39
1162 37
1163 38
1164 33
1165 24
1166 31
1167 37
1168 41
1169 34
1170 33
1171 28
1172 31
1173 36
1174 35
1175 30
1176 42
1177 35
1178 32
1179 39
1180 32
1181 35
1182 33
1183 29
1184 32
1185 26
1186 27
1187 29
1188 32
1189 29
1190 32
1191 33
1192 32
1193 21
1194 30
1195 26
1196 28
1197 28
1198 26
1199 26
1200 30
1201 23
1202 26
1203 26
1204 26
1205 32
1206 31
1207 29
1208 23
1209 20
1210 29
1211 22
1212 30
1213 27
1214 25
1215 23
1216 28
1217 15
1218 17
1219 24
1220 31
1221 33
1222 32
1223 27
1224 26
1225 22
1226 30
1227 21
1228 19
1229 18
1230 20
1231 27
1232 17
1233 28
1234 17
1235 20
1236 18
1237 21
1238 23
1239 21
1240 19
1241 25
1242 17
1243 19
1244 23
1245 24
1246 22
1247 20
1248 21
1249 23
1250 21
1251 12
1252 21
1253 20
1254 32
1255 17
1256 23
1257 20
1258 20
1259 16
1260 22
1261 17
1262 26
1263 17
1264 20
1265 21
1266 14
1267 23
1268 19
1269 21
1270 18
1271 16
1272 10
1273 26
1274 12
1275 17
1276 16
1277 19
1278 12
1279 13
1280 8
1281 21
1282 16
1283 25
1284 11
1285 17
1286 10
1287 10
1288 19
1289 14
1290 14
1291 17
1292 18
1293 16
1294 15
1295 10
1296 9
1297 17
1298 10
1299 10
1300 9
1301 16
1302 13
1303 13
1304 16
1305 15
1306 13
1307 6
1308 17
1309 11
1310 14
1311 12
1312 22
1313 9
1314 16
1315 10
1316 12
1317 12
1318 10
1319 12
1320 17
1321 8
1322 10
1323 12
1324 11
1325 8
1326 11
1327 11
1328 5
1329 8
1330 12
1331 7
1332 8
1333 11
1334 8
1335 4
1336 15
1337 11
1338 6
1339 9
1340 10
1341 12
1342 16
1343 11
1344 11
1345 12
1346 11
1347 12
1348 3
1349 9
1350 7
1351 11
1352 7
1353 12
1354 7
1355 7
1356 8
1357 7
1358 7
1359 8
1360 8
1361 6
1362 7
1363 9
1364 7
1365 12
1366 5
1367 8
1368 6
1369 8
1370 9
1371 4
1372 8
1373 8
1374 5
1375 10
1376 12
1377 8
1378 10
1379 8
1380 7
1381 6
1382 7
1383 4
1384 10
1385 4
1386 7
1387 7
1388 9
1389 5
1390 9
1391 9
1392 9
1393 7
1394 4
1395 6
1396 7
1397 4
1398 15
1399 6
1400 7
1401 7
1402 9
1403 7
1404 4
1405 5
1406 7
1407 4
1408 3
1409 6
1410 2
1411 4
1412 2
1413 4
1414 7
1415 7
1416 3
1417 10
1418 1
1419 4
1420 5
1421 2
1422 2
1423 5
1424 8
1425 5
1426 3
1427 5
1428 4
1429 4
1430 7
1431 6
1432 7
1433 2
1434 4
1435 2
1436 5
1437 10
1438 4
1439 5
1440 7
1441 7
1442 7
1443 3
1444 3
1445 4
1446 5
1447 6
1448 3
1449 6
1450 3
1451 1
1452 2
1453 5
1454 5
1455 4
1456 2
1457 3
1458 4
1459 5
1460 3
1461 2
1462 4
1463 5
1464 3
1465 0
1466 4
1467 2
1468 2
1469 5
1470 3
1471 5
1472 4
1473 4
1474 1
1475 4
1476 3
1477 1
1478 5
1479 3
1480 0
1481 4
1482 3
1483 3
1484 2
1485 1
1486 0
1487 0
1488 1
1489 2
1490 2
1491 3
1492 3
1493 1
1494 4
1495 3
1496 2
1497 3
1498 2
1499 3
1500 3
1501 4
1502 2
1503 1
1504 1
1505 1
1506 5
1507 0
1508 3
1509 3
1510 2
1511 2
1512 5
1513 2
1514 1
1515 3
1516 3
1517 4
1518 2
1519 1
1520 4
1521 1
1522 2
1523 0
1524 2
1525 2
1526 3
1527 1
1528 3
1529 0
1530 1
1531 4
1532 1
1533 4
1534 1
1535 2
1536 2
1537 4
1538 1
1539 2
1540 2
1541 3
1542 3
1543 3
1544 3
1545 1
1546 2
1547 0
1548 2
1549 0
1550 3
1551 2
1552 4
1553 2
1554 0
1555 1
1556 2
1557 3
1558 5
1559 0
1560 1
1561 0
1562 3
1563 3
1564 0
1565 3
1566 0
1567 1
1568 1
1569 3
1570 2
1571 2
1572 1
1573 0
1574 4
1575 1
1576 2
1577 1
1578 1
1579 2
1580 1
1581 1
1582 1
1583 2
1584 1
1585 2
1586 0
1587 1
1588 3
1589 2
1590 2
1591 1
1592 2
1593 2
1594 1
1595 0
1596 2
1597 1
1598 0
1599 3
1600 0
1601 1
1602 0
1603 0
1604 1
1605 0
1606 0
1607 1
1608 1
1609 2
1610 0
1611 3
1612 1
1613 2
1614 1
1615 1
1616 1
1617 0
1618 1
1619 0
1620 4
1621 2
1622 4
1623 2
1624 2
1625 0
1626 0
1627 3
1628 1
1629 0
1630 1
1631 0
1632 0
1633 1
1634 0
1635 1
1636 1
1637 0
1638 1
1639 0
1640 0
1641 0
1642 0
1643 1
1644 0
1645 0
1646 2
1647 1
1648 1
1649 0
1650 2
1651 2
1652 1
1653 2
1654 0
1655 1
1656 0
1657 1
1658 2
1659 3
1660 0
1661 0
1662 1
1663 1
1664 0
1665 1
1666 1
1667 0
1668 1
1669 2
1670 0
1671 0
1672 0
1673 0
1674 1
1675 0
1676 2
1677 1
1678 1
1679 0
1680 0
1681 2
1682 0
1683 0
1684 0
1685 1
1686 2
1687 1
1688 0
1689 1
1690 0
1691 0
1692 0
1693 0
1694 1
1695 0
1696 0
1697 0
1698 1
1699 1
1700 0
1701 0
1702 2
1703 1
1704 0
1705 0
1706 0
1707 0
1708 0
1709 1
1710 0
1711 0
1712 0
1713 2
1714 1
1715 2
1716 0
1717 0
1718 0
1719 0
1720 1
1721 0
1722 1
1723 0
1724 0
1725 1
1726 1
1727 0
1728 0
1729 1
1730 0
1731 0
1732 0
1733 0
1734 0
1735 0
1736 0
1737 1
1738 1
1739 0
1740 0
1741 0
1742 0
1743 0
1744 0
1745 0
1746 0
1747 0
1748 0
1749 0
1750 0
1751 0
1752 0
1753 0
1754 0
1755 0
1756 0
1757 0
1758 1
1759 1
1760 2
1761 0
1762 0
1763 0
1764 0
1765 1
1766 0
1767 0
1768 0
1769 0
1770 0
1771 3
1772 1
1773 0
1774 0
1775 0
1776 2
1777 1
1778 0
1779 0
1780 1
1781 0
1782 0
1783 0
1784 1
1785 0
1786 0
1787 0
1788 0
1789 0
1790 0
1791 0
1792 0
1793 1
1794 0
1795 0
1796 0
1797 0
1798 0
1799 0
1800 1
1801 0
1802 0
1803 0
1804 0
1805 1
1806 0
1807 1
1808 0
1809 0
1810 0
1811 0
1812 0
1813 0
1814 0
1815 1
1816 0
1817 0
1818 0
1819 0
1820 0
1821 0
1822 1
1823 0
1824 0
1825 0
1826 0
1827 1
1828 1
1829 0
1830 0
1831 0
1832 0
1833 0
1834 1
1835 1
1836 0
1837 0
1838 0
1839 0
1840 0
1841 1
1842 0
1843 0
1844 0
1845 1
1846 0
1847 0
1848 1
1849 0
1850 0
1851 0
1852 0
1853 0
1854 0
1855 0
1856 0
1857 0
1858 0
1859 0
1860 0
1861 1
1862 0
1863 1
1864 2
1865 1
1866 0
1867 0
1868 0
1869 0
1870 0
1871 0
1872 0
1873 0
1874 0
1875 0
1876 0
1877 0
1878 1
1879 1
1880 0
1881 0
1882 1
1883 0
1884 0
1885 0
1886 0
1887 1
1888 0
1889 1
1890 0
1891 0
1892 0
1893 0
1894 1
1895 0
1896 0
1897 0
1898 0
1899 0
1900 0
1901 0
1902 0
1903 0
1904 1
1905 0
1906 1
1907 0
1908 0
1909 0
1910 0
1911 0
1912 0
1913 0
1914 0
1915 0
1916 0
1917 0
1918 0
1919 0
1920 0
1921 0
1922 0
1923 0
1924 0
1925 1
1926 0
1927 0
1928 0
1929 0
1930 0
1931 0
1932 0
1933 0
1934 0
1935 0
1936 0
1937 0
1938 0
1939 0
1940 0
1941 0
1942 0
1943 0
1944 0
1945 0
1946 0
1947 0
1948 0
1949 0
1950 1
1951 0
1952 0
1953 0
1954 0
1955 0
1956 0
1957 0
1958 0
1959 0
1960 0
1961 0
1962 0
1963 0
1964 0
1965 0
1966 0
1967 0
1968 0
1969 0
1970 0
1971 0
1972 0
1973 0
1974 0
1975 0
1976 0
1977 0
1978 0
1979 0
1980 1
1981 0
1982 0
1983 0
1984 0
1985 0
1986 0
1987 1
1988 0
1989 0
1990 1
1991 0
1992 0
1993 0
1994 0
1995 0
1996 0
1997 0
1998 0
1999 0
2000 0
2001 1
2002 0
2003 0
2004 0
2005 0
2006 0
2007 0
2008 0
2009 0
2010 0
2011 0
2012 0
2013 0
2014 0
2015 0
2016 0
2017 0
2018 0
2019 0
2020 0
2021 0
2022 0
2023 0
2024 2
2025 0
2026 0
2027 0
2028 0
2029 0
2030 0
2031 0
2032 0
2033 0
2034 0
2035 0
2036 0
2037 0
2038 0
2039 0
2040 0
2041 0
2042 1
2043 0
2044 0
2045 0
2046 0
2047 0
2048 0
2049 0
2050 0
2051 0
2052 0
2053 0
2054 0
2055 0
2056 0
2057 0
2058 0
2059 0
2060 0
2061 0
2062 0
2063 0
2064 0
2065 0
2066 0
2067 0
2068 0
2069 0
2070 0
2071 0
2072 0
2073 0
2074 0
2075 0
2076 0
2077 0
2078 0
2079 0
2080 0
2081 0
2082 0
2083 0
2084 0
2085 0
2086 0
2087 0
2088 0
2089 0
2090 0
2091 0
2092 0
2093 0
2094 0
2095 0
2096 0
2097 0
2098 0
2099 0
2100 0
2101 0
2102 0
2103 0
2104 0
2105 0
2106 0
2107 0
2108 0
2109 0
2110 0
2111 0
2112 0
2113 0
2114 0
2115 0
2116 0
2117 0
2118 0
2119 0
2120 0
2121 0
2122 0
2123 0
2124 0
2125 0
2126 0
2127 0
2128 0
2129 0
2130 0
2131 0
2132 0
2133 0
2134 0
2135 0
2136 0
2137 0
2138 0
2139 0
2140 0
2141 0
2142 0
2143 0
2144 0
2145 0
2146 0
2147 0
2148 0
2149 0
2150 0
2151 0
2152 0
2153 0
2154 0
2155 0
2156 0
2157 0
2158 0
2159 0
2160 0
2161 0
2162 0
2163 0
2164 0
2165 0
2166 0
2167 0
2168 0
2169 0
2170 0
2171 0
2172 0
2173 0
2174 1
2175 0
2176 0
2177 0
2178 0
2179 0
2180 0
2181 0
2182 0
2183 0
2184 0
2185 0
2186 0
2187 0
2188 0
2189 0
2190 0
2191 0
2192 0
2193 0
2194 0
2195 0
2196 0
2197 0
2198 0
2199 0
2200 0
2201 0
2202 0
2203 0
2204 0
2205 0
2206 0
2207 1
2208 0
2209 0
2210 0
2211 0
2212 0
2213 0
2214 0
2215 0
2216 0
2217 0
2218 0
2219 0
2220 0
2221 0
2222 0
2223 0
2224 0
2225 1
2226 0
2227 0
2228 0
2229 0
2230 0
2231 0
2232 0
2233 0
2234 0
2235 0
2236 0
2237 0
2238 0
2239 0
2240 0
2241 1
2242 0
2243 0
2244 0
2245 0
2246 0
2247 2
2248 0
2249 0
2250 0
2251 1
2252 0
2253 0
2254 0
2255 0
2256 0
2257 0
2258 0
2259 0
2260 0
2261 0
2262 0
2263 0
2264 0
2265 0
2266 0
2267 0
2268 0
2269 0
2270 0
2271 0
2272 0
2273 0
2274 0
2275 0
2276 0
2277 0
2278 0
2279 0
2280 0
2281 0
2282 0
2283 0
2284 0
2285 0
2286 0
2287 0
2288 0
2289 0
2290 0
2291 0
2292 0
2293 0
2294 0
2295 0
2296 0
2297 0
2298 0
2299 0
2300 0
2301 0
2302 0
2303 0
2304 0
2305 0
2306 0
2307 0
2308 0
2309 0
2310 0
2311 0
2312 0
2313 0
2314 0
2315 1
2316 0
2317 0
2318 0
2319 0
2320 0
2321 0
2322 0
2323 0
2324 0
2325 0
2326 0
2327 0
2328 0
2329 0
2330 0
2331 0
2332 0
2333 0
2334 0
2335 0
2336 0
2337 0
2338 0
2339 0
2340 0
2341 0
2342 0
2343 0
2344 0
2345 0
2346 0
2347 0
2348 0
2349 0
2350 1
2351 1
2352 0
2353 0
2354 0
2355 1
2356 0
2357 0
2358 0
2359 0
2360 0
2361 0
2362 0
2363 0
2364 0
2365 0
2366 0
2367 0
2368 0
2369 0
2370 0
2371 0
2372 0
2373 0
2374 0
2375 0
2376 0
2377 0
2378 0
2379 0
2380 0
2381 0
2382 0
2383 0
2384 0
2385 0
2386 0
2387 0
2388 0
2389 0
2390 0
2391 0
2392 0
2393 0
2394 0
2395 0
2396 0
2397 0
2398 0
2399 0
2400 0
2401 0
2402 0
2403 0
2404 0
2405 0
2406 0
2407 0
2408 0
2409 0
2410 0
2411 0
2412 0
2413 0
2414 0
2415 0
2416 0
2417 0
2418 0
2419 0
2420 0
2421 0
2422 0
2423 0
2424 0
2425 0
2426 0
2427 0
2428 0
2429 0
2430 0
2431 0
2432 0
2433 0
2434 0
2435 0
2436 0
2437 0
2438 0
2439 0
2440 0
2441 0
2442 0
2443 0
2444 0
2445 0
2446 0
2447 0
2448 0
2449 0
2450 0
2451 0
2452 0
2453 0
2454 0
2455 0
2456 0
2457 0
2458 0
2459 0
2460 0
2461 0
2462 0
2463 0
2464 0
2465 0
2466 0
2467 0
2468 0
2469 0
2470 0
2471 0
2472 0
2473 0
2474 0
2475 0
2476 0
2477 0
2478 0
2479 0
2480 0
2481 0
2482 0
2483 0
2484 0
2485 0
2486 0
2487 0
2488 0
2489 0
2490 0
2491 0
2492 0
2493 0
2494 0
2495 0
2496 0
2497 0
2498 0
2499 0
2500 0
2501 0
2502 0
2503 0
2504 0
2505 0
2506 0
2507 0
2508 0
2509 0
2510 0
2511 0
2512 0
2513 0
2514 0
2515 0
2516 0
2517 0
2518 0
2519 0
2520 0
2521 0
2522 0
2523 0
2524 0
2525 0
2526 0
2527 0
2528 0
2529 0
2530 0
2531 0
2532 0
2533 0
2534 0
2535 0
2536 0
2537 0
2538 0
2539 0
2540 0
2541 0
2542 0
2543 0
2544 0
2545 0
2546 0
2547 0
2548 0
2549 0
2550 0
2551 0
2552 0
2553 0
2554 0
2555 0
2556 0
2557 0
2558 0
2559 0
2560 0
2561 0
2562 0
2563 0
2564 0
2565 0
2566 0
2567 0
2568 0
2569 0
2570 1
2571 0
2572 0
2573 0
2574 0
2575 0
2576 0
2577 0
2578 0
2579 0
2580 0
2581 0
2582 0
2583 0
2584 0
2585 0
2586 0
2587 0
2588 0
2589 0
2590 0
2591 0
2592 0
2593 0
2594 0
2595 0
2596 0
2597 1
2598 0
2599 0
2600 0
2601 0
2602 0
2603 0
2604 0
2605 0
2606 0
2607 0
2608 0
2609 0
2610 0
2611 0
2612 0
2613 0
2614 0
2615 0
2616 0
2617 0
2618 0
2619 0
2620 0
2621 0
2622 0
2623 0
2624 0
2625 0
2626 0
2627 0
2628 0
2629 0
2630 0
2631 0
2632 0
2633 0
2634 0
2635 0
2636 0
2637 0
2638 0
2639 0
2640 0
2641 0
2642 0
2643 0
2644 0
2645 0
2646 0
2647 0
2648 0
2649 0
2650 0
2651 0
2652 0
2653 0
2654 0
2655 0
2656 0
2657 0
2658 0
2659 0
2660 0
2661 0
2662 0
2663 0
2664 0
2665 0
2666 0
2667 0
2668 0
2669 0
2670 0
2671 0
2672 0
2673 0
2674 0
2675 1
2676 0
2677 0
2678 0
2679 0
2680 0
2681 0
2682 0
2683 0
2684 0
2685 0
2686 0
2687 0
2688 0
2689 0
2690 0
2691 0
2692 0
2693 0
2694 0
2695 0
2696 0
2697 0
2698 0
2699 0
2700 0
2701 0
2702 0
2703 0
2704 0
2705 0
2706 0
2707 0
2708 0
2709 0
2710 0
2711 0
2712 0
2713 0
2714 0
2715 0
2716 0
2717 0
2718 0
2719 0
2720 0
2721 0
2722 0
2723 0
2724 0
2725 0
2726 0
2727 0
2728 0
2729 0
2730 0
2731 0
2732 0
2733 0
2734 0
2735 0
2736 0
2737 0
2738 0
2739 0
2740 0
2741 0
2742 0
2743 0
2744 0
2745 0
2746 0
2747 0
2748 0
2749 0
2750 0
2751 0
2752 0
2753 0
2754 0
2755 0
2756 0
2757 0
2758 0
2759 0
2760 0
2761 0
2762 1
2763 0
2764 0
2765 0
2766 1
2767 0
2768 0
2769 0
2770 0
2771 0
2772 0
2773 0
2774 0
2775 0
2776 0
2777 0
2778 0
2779 1
2780 0
2781 0
2782 0
2783 0
2784 0
2785 0
2786 0
2787 0
2788 0
2789 0
2790 0
2791 0
2792 0
2793 0
2794 0
2795 0
2796 0
2797 0
2798 0
2799 0
2800 0
2801 0
2802 0
2803 0
2804 0
2805 0
2806 0
2807 0
2808 1
2809 0
2810 0
2811 0
2812 0
2813 0
2814 0
2815 0
2816 0
2817 0
2818 0
2819 0
2820 0
2821 0
2822 0
2823 1
2824 0
2825 0
2826 0
2827 0
2828 0
2829 0
2830 0
2831 0
2832 0
2833 0
2834 0
2835 0
2836 0
2837 0
2838 0
2839 0
2840 0
2841 0
2842 0
2843 0
2844 0
2845 0
2846 0
2847 0
2848 0
2849 0
2850 0
2851 0
2852 0
2853 0
2854 0
2855 0
2856 0
2857 0
2858 0
2859 0
2860 0
2861 0
2862 0
2863 0
2864 1
2865 0
2866 0
2867 0
2868 0
2869 0
2870 0
2871 0
2872 0
2873 0
2874 0
2875 0
2876 0
2877 0
2878 0
2879 0
2880 0
2881 0
2882 0
2883 0
2884 0
2885 0
2886 0
2887 0
2888 0
2889 0
2890 0
2891 0
2892 0
2893 0
2894 0
2895 0
2896 0
2897 0
2898 0
2899 0
2900 0
2901 0
2902 0
2903 0
2904 0
2905 0
2906 0
2907 0
2908 0
2909 0
2910 0
2911 0
2912 0
2913 0
2914 0
2915 0
2916 0
2917 0
2918 0
2919 0
2920 0
2921 0
2922 0
2923 0
2924 0
2925 0
2926 0
2927 0
2928 0
2929 0
2930 0
2931 0
2932 0
2933 0
2934 0
2935 0
2936 0
2937 0
2938 0
2939 0
2940 0
2941 0
2942 0
2943 0
2944 0
2945 0
2946 0
2947 0
2948 0
2949 0
2950 0
2951 0
2952 0
2953 0
2954 0
2955 0
2956 0
2957 1
2958 1
2959 0
2960 0
2961 0
2962 0
2963 0
2964 0
2965 0
2966 0
2967 0
2968 0
2969 0
2970 0
2971 0
2972 0
2973 0
2974 0
2975 0
2976 0
2977 0
2978 0
2979 0
2980 0
2981 0
2982 0
2983 0
2984 0
2985 0
2986 0
2987 0
2988 0
2989 0
2990 0
2991 1
2992 0
2993 0
2994 0
2995 0
2996 0
2997 0
2998 0
2999 0
3000 0
3001 0
3002 0
3003 0
3004 0
3005 0
3006 0
3007 0
3008 0
3009 0
3010 0
3011 0
3012 0
3013 0
3014 0
3015 0
3016 0
3017 0
3018 0
3019 0
3020 0
3021 0
3022 0
3023 0
3024 0
3025 0
3026 0
3027 0
3028 0
3029 0
3030 0
3031 0
3032 1
3033 0
3034 0
3035 0
3036 0
3037 0
3038 0
3039 0
3040 0
3041 0
3042 0
3043 0
3044 0
3045 0
3046 0
3047 0
3048 0
3049 0
3050 0
3051 0
3052 0
3053 0
3054 0
3055 0
3056 0
3057 0
3058 0
3059 0
3060 1
3061 0
3062 0
3063 0
3064 0
3065 0
3066 0
3067 0
3068 0
3069 0
3070 1
3071 0
3072 0
3073 0
3074 0
3075 0
3076 0
3077 0
3078 0
3079 0
3080 0
3081 0
3082 0
3083 0
3084 0
3085 0
3086 0
3087 0
3088 0
3089 0
3090 0
3091 0
3092 0
3093 0
3094 0
3095 0
3096 0
3097 0
3098 0
3099 0
3100 0
3101 0
3102 0
3103 0
3104 0
3105 0
3106 0
3107 0
3108 0
3109 0
3110 0
3111 0
3112 0
3113 0
3114 0
3115 0
3116 0
3117 0
3118 0
3119 0
3120 0
3121 0
3122 0
3123 0
3124 0
3125 0
3126 0
3127 0
3128 0
3129 0
3130 0
3131 0
3132 0
3133 0
3134 0
3135 0
3136 0
3137 0
3138 0
3139 0
3140 0
3141 0
3142 0
3143 0
3144 0
3145 0
3146 0
3147 0
3148 0
3149 0
3150 0
3151 0
3152 0
3153 0
3154 0
3155 0
3156 0
3157 0
3158 0
3159 0
3160 0
3161 0
3162 0
3163 0
3164 0
3165 0
3166 0
3167 0
3168 0
3169 0
3170 0
3171 0
3172 0
3173 0
3174 0
3175 0
3176 0
3177 0
3178 0
3179 0
3180 0
3181 0
3182 0
3183 0
3184 0
3185 0
3186 0
3187 0
3188 0
3189 0
3190 0
3191 0
3192 0
3193 0
3194 0
3195 0
3196 0
3197 1
3198 0
3199 0
3200 0
3201 0
3202 0
3203 0
3204 0
3205 0
3206 0
3207 0
3208 0
3209 0
3210 0
3211 0
3212 0
3213 0
3214 0
3215 0
3216 0
3217 0
3218 0
3219 0
3220 0
3221 0
3222 0
3223 0
3224 0
3225 0
3226 0
3227 0
3228 0
3229 0
3230 0
3231 0
3232 0
3233 0
3234 0
3235 0
3236 0
3237 0
3238 0
3239 0
3240 0
3241 0
3242 0
3243 0
3244 0
3245 0
3246 0
3247 0
3248 0
3249 0
3250 0
3251 0
3252 0
3253 0
3254 0
3255 0
3256 0
3257 0
3258 0
3259 0
3260 0
3261 0
3262 0
3263 0
3264 0
3265 0
3266 0
3267 0
3268 0
3269 0
3270 0
3271 0
3272 0
3273 0
3274 0
3275 0
3276 0
3277 0
3278 0
3279 0
3280 0
3281 0
3282 0
3283 0
3284 0
3285 0
3286 0
3287 0
3288 0
3289 0
3290 0
3291 0
3292 0
3293 0
3294 0
3295 0
3296 0
3297 0
3298 0
3299 0
3300 0
3301 0
3302 0
3303 0
3304 0
3305 0
3306 0
3307 0
3308 0
3309 0
3310 0
3311 2
3312 0
3313 0
3314 0
3315 0
3316 0
3317 0
3318 0
3319 0
3320 0
3321 0
3322 0
3323 0
3324 0
3325 1
3326 0
3327 0
3328 0
3329 0
3330 0
3331 0
3332 0
3333 0
3334 0
3335 0
3336 0
3337 0
3338 0
3339 0
3340 0
3341 0
3342 0
3343 0
3344 0
3345 0
3346 0
3347 0
3348 0
3349 0
3350 0
3351 0
3352 0
3353 0
3354 0
3355 0
3356 0
3357 0
3358 0
3359 0
3360 0
3361 0
3362 0
3363 0
3364 0
3365 1
3366 1
3367 0
3368 0
3369 1
3370 0
3371 1
3372 0
3373 0
3374 0
3375 0
3376 0
3377 0
3378 0
3379 0
3380 0
3381 0
3382 0
3383 0
3384 0
3385 0
3386 0
3387 1
3388 0
3389 0
3390 0
3391 0
3392 0
3393 0
3394 0
3395 0
3396 0
3397 0
3398 1
3399 0
3400 0
3401 0
3402 0
3403 0
3404 0
3405 0
3406 0
3407 0
3408 0
3409 0
3410 0
3411 0
3412 0
3413 0
3414 0
3415 0
3416 0
3417 0
3418 0
3419 1
3420 0
3421 0
3422 0
3423 0
3424 0
3425 0
3426 0
3427 0
3428 0
3429 0
3430 0
3431 0
3432 0
3433 0
3434 0
3435 0
3436 0
3437 0
3438 0
3439 0
3440 0
3441 0
3442 0
3443 0
3444 0
3445 0
3446 1
3447 0
3448 1
3449 0
3450 0
3451 0
3452 0
3453 0
3454 0
3455 0
3456 0
3457 0
3458 0
3459 0
3460 0
3461 0
3462 0
3463 0
3464 0
3465 0
3466 0
3467 0
3468 0
3469 0
3470 0
3471 0
3472 0
3473 0
3474 0
3475 0
3476 0
3477 0
3478 0
3479 0
3480 0
3481 0
3482 0
3483 0
3484 0
3485 0
3486 0
3487 0
3488 0
3489 0
3490 0
3491 0
3492 0
3493 0
3494 0
3495 0
3496 0
3497 0
3498 0
3499 0
3500 0
3501 0
3502 0
3503 0
3504 0
3505 0
3506 0
3507 0
3508 0
3509 0
3510 0
3511 0
3512 0
3513 0
3514 0
3515 0
3516 0
3517 0
3518 0
3519 0
3520 0
3521 0
3522 0
3523 0
3524 0
3525 0
3526 0
3527 0
3528 0
3529 0
3530 0
3531 0
3532 0
3533 0
3534 0
3535 0
3536 0
3537 0
3538 0
3539 0
3540 0
3541 0
3542 0
3543 0
3544 0
3545 0
3546 0
3547 0
3548 0
3549 0
3550 0
3551 0
3552 0
3553 0
3554 0
3555 0
3556 0
3557 0
3558 0
3559 0
3560 0
3561 0
3562 0
3563 0
3564 0
3565 0
3566 0
3567 0
3568 0
3569 0
3570 0
3571 0
3572 0
3573 0
3574 0
3575 0
3576 0
3577 0
3578 0
3579 1
3580 0
3581 0
3582 0
3583 0
3584 0
3585 0
3586 0
3587 0
3588 0
3589 0
3590 0
3591 0
3592 0
3593 0
3594 0
3595 0
3596 0
3597 0
3598 0
3599 0
3600 0
3601 0
3602 0
3603 0
3604 0
3605 1
3606 0
3607 0
3608 0
3609 0
3610 0
3611 0
3612 0
3613 0
3614 0
3615 0
3616 0
3617 0
3618 0
3619 0
3620 0
3621 0
3622 0
3623 0
3624 0
3625 0
3626 0
3627 0
3628 0
3629 0
3630 0
3631 0
3632 0
3633 0
3634 0
3635 0
3636 0
3637 0
3638 0
3639 0
3640 0
3641 0
3642 0
3643 0
3644 0
3645 0
3646 0
3647 0
3648 0
3649 0
3650 0
3651 0
3652 0
3653 0
3654 0
3655 0
3656 0
3657 0
3658 0
3659 0
3660 0
3661 0
3662 0
3663 0
3664 0
3665 0
3666 0
3667 0
3668 0
3669 0
3670 0
3671 0
3672 0
3673 0
3674 0
3675 0
3676 0
3677 0
3678 0
3679 0
3680 0
3681 0
3682 0
3683 0
3684 0
3685 0
3686 0
3687 0
3688 0
3689 1
3690 0
3691 0
3692 0
3693 0
3694 0
3695 0
3696 0
3697 0
3698 0
3699 0
3700 0
3701 0
3702 0
3703 0
3704 0
3705 0
3706 0
3707 0
3708 0
3709 0
3710 0
3711 0
3712 0
3713 0
3714 0
3715 0
3716 0
3717 0
3718 0
3719 0
3720 0
3721 0
3722 0
3723 0
3724 0
3725 0
3726 0
3727 0
3728 0
3729 0
3730 0
3731 0
3732 0
3733 0
3734 0
3735 0
3736 0
3737 0
3738 0
3739 0
3740 0
3741 0
3742 0
3743 0
3744 0
3745 0
3746 0
3747 0
3748 0
3749 0
3750 0
3751 0
3752 0
3753 0
3754 0
3755 0
3756 0
3757 0
3758 0
3759 0
3760 0
3761 0
3762 0
3763 0
3764 0
3765 0
3766 0
3767 0
3768 0
3769 0
3770 0
3771 0
3772 0
3773 0
3774 0
3775 0
3776 0
3777 0
3778 0
3779 0
3780 0
3781 0
3782 0
3783 0
3784 0
3785 0
3786 0
3787 0
3788 0
3789 0
3790 0
3791 0
3792 0
3793 0
3794 0
3795 0
3796 0
3797 0
3798 0
3799 0
3800 0
3801 0
3802 0
3803 0
3804 0
3805 0
3806 0
3807 0
3808 0
3809 0
3810 0
3811 0
3812 0
3813 0
3814 0
3815 0
3816 0
3817 0
3818 0
3819 0
3820 0
3821 0
3822 0
3823 0
3824 0
3825 0
3826 0
3827 0
3828 0
3829 1
3830 0
3831 0
3832 0
3833 1
3834 0
3835 0
3836 0
3837 0
3838 0
3839 0
3840 0
3841 0
3842 0
3843 0
3844 0
3845 0
3846 0
3847 0
3848 0
3849 0
3850 0
3851 0
3852 0
3853 0
3854 0
3855 0
3856 0
3857 0
3858 0
3859 0
3860 0
3861 0
3862 0
3863 0
3864 0
3865 0
3866 0
3867 0
3868 0
3869 0
3870 0
3871 0
3872 0
3873 0
3874 0
3875 0
3876 0
3877 0
3878 0
3879 0
3880 0
3881 0
3882 0
3883 0
3884 0
3885 0
3886 0
3887 0
3888 0
3889 0
3890 0
3891 0
3892 0
3893 0
3894 0
3895 0
3896 0
3897 0
3898 0
3899 0
3900 0
3901 0
3902 0
3903 0
3904 0
3905 0
3906 0
3907 0
3908 0
3909 0
3910 0
3911 0
3912 0
3913 0
3914 0
3915 0
3916 0
3917 0
3918 0
3919 0
3920 0
3921 0
3922 0
3923 0
3924 0
3925 0
3926 0
3927 0
3928 0
3929 0
3930 0
3931 0
3932 0
3933 0
3934 0
3935 0
3936 0
3937 0
3938 0
3939 0
3940 0
3941 0
3942 0
3943 0
3944 0
3945 0
3946 0
3947 0
3948 0
3949 0
3950 0
3951 0
3952 0
3953 0
3954 0
3955 0
3956 0
3957 0
3958 0
3959 0
3960 0
3961 0
3962 0
3963 0
3964 0
3965 0
3966 0
3967 0
3968 0
3969 0
3970 0
3971 0
3972 0
3973 0
3974 0
3975 0
3976 0
3977 0
3978 0
3979 0
3980 0
3981 0
3982 0
3983 0
3984 0
3985 0
3986 0
3987 0
3988 0
3989 0
3990 0
3991 0
3992 0
3993 0
3994 0
3995 0
3996 0
3997 0
3998 0
3999 0
4000 0
