0 0
1 0
2 0
3 0
4 0
5 0
6 0
7 0
8 0
9 0
10 0
11 0
12 0
13 0
14 0
15 0
16 0
17 0
18 0
19 0
20 0
21 0
22 0
23 0
24 0
25 0
26 0
27 0
28 0
29 0
30 0
31 0
32 0
33 0
34 0
35 0
36 0
37 0
38 0
39 0
40 0
41 0
42 0
43 0
44 0
45 0
46 0
47 0
48 0
49 0
50 0
51 0
52 0
53 0
54 0
55 0
56 0
57 0
58 0
59 0
60 0
61 0
62 0
63 0
64 0
65 0
66 0
67 0
68 0
69 0
70 0
71 0
72 0
73 0
74 0
75 0
76 0
77 0
78 0
79 0
80 0
81 0
82 0
83 0
84 0
85 0
86 7
87 26
88 15
89 15
90 21
91 14
92 14
93 10
94 18
95 20
96 21
97 28
98 22
99 15
100 15
101 7
102 10
103 7
104 9
105 9
106 7
107 9
108 11
109 5
110 15
111 94
112 624
113 2291
114 4735
115 7162
116 8888
117 10214
118 10582
119 10017
120 9802
121 8720
122 8007
123 7026
124 6054
125 5177
126 4633
127 3903
128 3286
129 2963
130 2514
131 2197
132 1921
133 1768
134 1597
135 1459
136 1375
137 1335
138 1313
139 1228
140 1286
141 1259
142 1215
143 1159
144 1263
145 1175
146 1204
147 1127
148 1152
149 1239
150 1224
151 1131
152 1196
153 1149
154 1168
155 1145
156 1168
157 1148
158 1115
159 1164
160 1156
161 1154
162 1156
163 1218
164 1131
165 1194
166 1162
167 1179
168 1207
169 1159
170 1175
171 1176
172 1144
173 1157
174 1252
175 1136
176 1218
177 1200
178 1244
179 1225
180 1189
181 1223
182 1229
183 1193
184 1262
185 1213
186 1223
187 1163
188 1236
189 1221
190 1257
191 1276
192 1250
193 1198
194 1273
195 1261
196 1308
197 1206
198 1236
199 1210
200 1202
201 1247
202 1239
203 1252
204 1275
205 1263
206 1247
207 1293
208 1226
209 1219
210 1216
211 1240
212 1268
213 1307
214 1243
215 1234
216 1245
217 1266
218 1262
219 1223
220 1166
221 1202
222 1184
223 1264
224 1270
225 1256
226 1288
227 1268
228 1293
229 1295
230 1297
231 1317
232 1292
233 1241
234 1276
235 1307
236 1325
237 1250
238 1193
239 1293
240 1240
241 1299
242 1321
243 1258
244 1183
245 1231
246 1321
247 1302
248 1264
249 1184
250 1277
251 1318
252 1289
253 1246
254 1245
255 1326
256 1282
257 1320
258 1283
259 1283
260 1258
261 1251
262 1248
263 1326
264 1239
265 1298
266 1306
267 1299
268 1328
269 1338
270 1381
271 1298
272 1349
273 1331
274 1300
275 1280
276 1318
277 1391
278 1298
279 1302
280 1395
281 1245
282 1287
283 1318
284 1429
285 1328
286 1333
287 1298
288 1364
289 1334
290 1331
291 1367
292 1410
293 1360
294 1416
295 1317
296 1395
297 1401
298 1361
299 1376
300 1436
301 1360
302 1409
303 1403
304 1442
305 1381
306 1438
307 1398
308 1469
309 1390
310 1360
311 1391
312 1482
313 1385
314 1482
315 1473
316 1500
317 1378
318 1469
319 1474
320 1451
321 1475
322 1436
323 1467
324 1495
325 1506
326 1518
327 1477
328 1518
329 1479
330 1537
331 1458
332 1509
333 1558
334 1620
335 1495
336 1505
337 1583
338 1561
339 1516
340 1570
341 1516
342 1589
343 1475
344 1629
345 1573
346 1629
347 1580
348 1555
349 1614
350 1664
351 1542
352 1587
353 1647
354 1651
355 1566
356 1630
357 1665
358 1568
359 1662
360 1600
361 1609
362 1626
363 1609
364 1634
365 1626
366 1620
367 1572
368 1660
369 1713
370 1672
371 1614
372 1660
373 1669
374 1669
375 1729
376 1643
377 1643
378 1740
379 1659
380 1665
381 1799
382 1622
383 1693
384 1666
385 1708
386 1760
387 1779
388 1728
389 1629
390 1706
391 1707
392 1735
393 1718
394 1716
395 1703
396 1655
397 1632
398 1693
399 1703
400 1756
401 1719
402 1762
403 1687
404 1736
405 1714
406 1695
407 1750
408 1734
409 1693
410 1760
411 1744
412 1634
413 1748
414 1708
415 1680
416 1692
417 1776
418 1740
419 1741
420 1783
421 1656
422 1695
423 1667
424 1709
425 1701
426 1781
427 1707
428 1640
429 1727
430 1654
431 1700
432 1678
433 1704
434 1610
435 1611
436 1664
437 1682
438 1670
439 1587
440 1670
441 1635
442 1633
443 1567
444 1692
445 1642
446 1677
447 1649
448 1666
449 1605
450 1619
451 1587
452 1566
453 1651
454 1651
455 1558
456 1633
457 1580
458 1569
459 1552
460 1532
461 1569
462 1541
463 1589
464 1664
465 1529
466 1537
467 1525
468 1483
469 1494
470 1491
471 1471
472 1465
473 1504
474 1447
475 1492
476 1474
477 1531
478 1443
479 1420
480 1494
481 1487
482 1435
483 1409
484 1438
485 1359
486 1369
487 1339
488 1463
489 1345
490 1409
491 1313
492 1333
493 1381
494 1307
495 1319
496 1366
497 1303
498 1310
499 1292
500 1269
501 1211
502 1351
503 1275
504 1289
505 1193
506 1259
507 1217
508 1264
509 1241
510 1220
511 1173
512 1199
513 1248
514 1175
515 1223
516 1106
517 1184
518 1186
519 1181
520 1171
521 1160
522 1140
523 1186
524 1184
525 1137
526 1126
527 1106
528 1124
529 1115
530 1052
531 1047
532 1110
533 1065
534 1103
535 1074
536 1055
537 1001
538 1017
539 1032
540 1028
541 999
542 982
543 1030
544 1014
545 969
546 990
547 963
548 1010
549 988
550 964
551 966
552 939
553 920
554 881
555 811
556 909
557 916
558 851
559 803
560 892
561 835
562 812
563 884
564 858
565 811
566 852
567 821
568 827
569 779
570 782
571 831
572 799
573 828
574 778
575 734
576 759
577 736
578 783
579 768
580 755
581 720
582 787
583 716
584 697
585 681
586 675
587 706
588 651
589 700
590 702
591 672
592 640
593 661
594 653
595 626
596 631
597 640
598 650
599 587
600 623
601 641
602 622
603 590
604 632
605 568
606 603
607 575
608 545
609 566
610 569
611 532
612 577
613 592
614 561
615 566
616 603
617 523
618 510
619 516
620 500
621 544
622 546
623 530
624 486
625 558
626 502
627 511
628 480
629 468
630 485
631 477
632 463
633 502
634 424
635 447
636 432
637 444
638 433
639 425
640 421
641 425
642 445
643 450
644 413
645 401
646 417
647 422
648 395
649 394
650 362
651 404
652 380
653 376
654 386
655 379
656 405
657 374
658 381
659 397
660 359
661 336
662 366
663 364
664 364
665 340
666 344
667 351
668 371
669 344
670 379
671 373
672 335
673 355
674 309
675 348
676 349
677 319
678 353
679 330
680 327
681 318
682 315
683 320
684 331
685 281
686 288
687 310
688 287
689 326
690 334
691 289
692 296
693 262
694 321
695 307
696 271
697 272
698 257
699 260
700 302
701 302
702 267
703 267
704 305
705 263
706 279
707 273
708 246
709 274
710 257
711 275
712 286
713 243
714 261
715 233
716 240
717 267
718 284
719 224
720 247
721 211
722 258
723 245
724 249
725 238
726 254
727 233
728 235
729 274
730 250
731 227
732 228
733 249
734 231
735 239
736 232
737 219
738 240
739 224
740 262
741 235
742 233
743 255
744 236
745 225
746 240
747 263
748 206
749 232
750 235
751 226
752 229
753 213
754 231
755 230
756 199
757 193
758 214
759 213
760 246
761 211
762 196
763 235
764 214
765 212
766 259
767 218
768 209
769 222
770 202
771 236
772 216
773 208
774 226
775 216
776 232
777 201
778 188
779 220
780 204
781 210
782 180
783 225
784 196
785 180
786 217
787 222
788 193
789 187
790 197
791 192
792 187
793 205
794 214
795 208
796 191
797 222
798 203
799 214
800 214
801 205
802 230
803 204
804 209
805 183
806 230
807 192
808 191
809 198
810 187
811 198
812 172
813 210
814 192
815 190
816 214
817 189
818 179
819 193
820 164
821 199
822 182
823 185
824 196
825 203
826 205
827 202
828 204
829 186
830 210
831 170
832 168
833 179
834 193
835 201
836 190
837 177
838 191
839 189
840 191
841 188
842 165
843 207
844 195
845 191
846 197
847 181
848 182
849 192
850 181
851 220
852 188
853 184
854 190
855 223
856 190
857 176
858 168
859 225
860 197
861 200
862 160
863 191
864 202
865 191
866 184
867 190
868 195
869 171
870 203
871 202
872 211
873 201
874 189
875 195
876 217
877 182
878 198
879 174
880 191
881 185
882 177
883 183
884 184
885 188
886 201
887 175
888 177
889 174
890 218
891 179
892 186
893 202
894 188
895 186
896 184
897 177
898 204
899 174
900 176
901 196
902 174
903 182
904 166
905 172
906 187
907 176
908 166
909 207
910 184
911 170
912 174
913 177
914 151
915 208
916 176
917 202
918 172
919 153
920 178
921 155
922 185
923 149
924 172
925 173
926 145
927 167
928 167
929 144
930 201
931 199
932 195
933 161
934 187
935 160
936 166
937 177
938 160
939 166
940 182
941 171
942 179
943 182
944 187
945 169
946 158
947 170
948 142
949 173
950 163
951 174
952 165
953 199
954 169
955 173
956 181
957 180
958 171
959 160
960 160
961 165
962 177
963 170
964 172
965 159
966 159
967 166
968 149
969 185
970 176
971 169
972 174
973 204
974 166
975 160
976 159
977 171
978 179
979 169
980 195
981 195
982 184
983 177
984 170
985 182
986 163
987 179
988 159
989 159
990 170
991 148
992 179
993 152
994 172
995 163
996 169
997 167
998 142
999 162
1000 170
1001 171
1002 155
1003 174
1004 146
1005 166
1006 186
1007 186
1008 157
1009 169
1010 160
1011 165
1012 145
1013 156
1014 148
1015 172
1016 150
1017 177
1018 158
1019 149
1020 165
1021 158
1022 168
1023 162
1024 177
1025 162
1026 186
1027 165
1028 167
1029 148
1030 177
1031 151
1032 148
1033 172
1034 165
1035 153
1036 179
1037 146
1038 161
1039 143
1040 163
1041 154
1042 154
1043 153
1044 168
1045 156
1046 146
1047 165
1048 160
1049 137
1050 157
1051 143
1052 195
1053 154
1054 166
1055 149
1056 156
1057 145
1058 153
1059 157
1060 141
1061 154
1062 165
1063 140
1064 148
1065 146
1066 157
1067 157
1068 156
1069 146
1070 146
1071 176
1072 134
1073 141
1074 150
1075 149
1076 141
1077 152
1078 154
1079 130
1080 139
1081 145
1082 137
1083 151
1084 123
1085 143
1086 155
1087 174
1088 144
1089 138
1090 142
1091 135
1092 145
1093 140
1094 137
1095 144
1096 129
1097 136
1098 137
1099 157
1100 127
1101 144
1102 118
1103 120
1104 151
1105 126
1106 123
1107 140
1108 143
1109 130
1110 124
1111 132
1112 137
1113 126
1114 127
1115 130
1116 142
1117 133
1118 117
1119 128
1120 143
1121 142
1122 134
1123 131
1124 130
1125 148
1126 128
1127 134
1128 106
1129 130
1130 123
1131 113
1132 120
1133 110
1134 124
1135 112
1136 118
1137 136
1138 126
1139 133
1140 122
1141 123
1142 110
1143 119
1144 127
1145 116
1146 117
1147 116
1148 128
1149 112
1150 123
1151 146
1152 141
1153 109
1154 110
1155 117
1156 123
1157 107
1158 130
1159 137
1160 112
1161 113
1162 116
1163 99
1164 122
1165 126
1166 121
1167 121
1168 116
1169 96
1170 121
1171 118
1172 106
1173 118
1174 98
1175 111
1176 104
1177 107
1178 127
1179 119
1180 117
1181 118
1182 111
1183 122
1184 111
1185 114
1186 110
1187 127
1188 98
1189 117
1190 126
1191 100
1192 98
1193 118
1194 99
1195 98
1196 110
1197 107
1198 97
1199 103
1200 102
1201 81
1202 97
1203 105
1204 106
1205 86
1206 98
1207 96
1208 91
1209 93
1210 103
1211 99
1212 85
1213 74
1214 101
1215 88
1216 90
1217 89
1218 87
1219 101
1220 89
1221 99
1222 85
1223 83
1224 80
1225 73
1226 103
1227 89
1228 80
1229 97
1230 82
1231 88
1232 84
1233 77
1234 79
1235 90
1236 79
1237 109
1238 85
1239 78
1240 92
1241 82
1242 71
1243 94
1244 75
1245 81
1246 78
1247 86
1248 78
1249 70
1250 92
1251 86
1252 102
1253 88
1254 93
1255 84
1256 73
1257 80
1258 88
1259 81
1260 93
1261 77
1262 88
1263 73
1264 88
1265 73
1266 89
1267 78
1268 84
1269 89
1270 84
1271 77
1272 72
1273 82
1274 61
1275 77
1276 78
1277 83
1278 55
1279 51
1280 68
1281 69
1282 69
1283 76
1284 56
1285 79
1286 63
1287 64
1288 72
1289 54
1290 62
1291 61
1292 79
1293 69
1294 76
1295 65
1296 62
1297 81
1298 57
1299 66
1300 64
1301 63
1302 70
1303 66
1304 63
1305 68
1306 59
1307 49
1308 69
1309 65
1310 60
1311 61
1312 59
1313 59
1314 48
1315 53
1316 67
1317 60
1318 60
1319 52
1320 56
1321 62
1322 73
1323 60
1324 51
1325 54
1326 71
1327 64
1328 56
1329 57
1330 55
1331 70
1332 51
1333 51
1334 61
1335 51
1336 55
1337 60
1338 52
1339 43
1340 56
1341 43
1342 41
1343 45
1344 46
1345 62
1346 49
1347 50
1348 61
1349 54
1350 65
1351 45
1352 39
1353 51
1354 49
1355 48
1356 46
1357 46
1358 50
1359 48
1360 44
1361 35
1362 38
1363 42
1364 64
1365 47
1366 45
1367 43
1368 52
1369 42
1370 51
1371 41
1372 40
1373 46
1374 50
1375 44
1376 46
1377 44
1378 39
1379 38
1380 51
1381 43
1382 52
1383 46
1384 32
1385 36
1386 40
1387 42
1388 39
1389 40
1390 46
1391 44
1392 36
1393 33
1394 43
1395 34
1396 28
1397 41
1398 31
1399 41
1400 36
1401 28
1402 42
1403 31
1404 33
1405 36
1406 40
1407 38
1408 47
1409 44
1410 37
1411 32
1412 36
1413 41
1414 24
1415 50
1416 28
1417 35
1418 44
1419 37
1420 36
1421 44
1422 32
1423 43
1424 36
1425 41
1426 24
1427 42
1428 25
1429 46
1430 33
1431 38
1432 32
1433 32
1434 29
1435 29
1436 33
1437 30
1438 25
1439 35
1440 27
1441 28
1442 34
1443 29
1444 30
1445 26
1446 24
1447 17
1448 30
1449 30
1450 41
1451 35
1452 36
1453 34
1454 34
1455 21
1456 31
1457 36
1458 26
1459 27
1460 33
1461 28
1462 23
1463 27
1464 17
1465 30
1466 24
1467 30
1468 28
1469 29
1470 29
1471 30
1472 31
1473 27
1474 38
1475 26
1476 26
1477 27
1478 21
1479 24
1480 17
1481 32
1482 25
1483 22
1484 25
1485 19
1486 18
1487 19
1488 19
1489 33
1490 18
1491 28
1492 22
1493 26
1494 28
1495 28
1496 26
1497 20
1498 25
1499 26
1500 17
1501 21
1502 24
1503 24
1504 19
1505 30
1506 23
1507 28
1508 25
1509 19
1510 17
1511 26
1512 24
1513 23
1514 17
1515 20
1516 19
1517 19
1518 26
1519 17
1520 16
1521 22
1522 19
1523 14
1524 19
1525 16
1526 19
1527 26
1528 21
1529 23
1530 29
1531 15
1532 11
1533 10
1534 15
1535 20
1536 19
1537 10
1538 25
1539 17
1540 19
1541 12
1542 26
1543 16
1544 18
1545 13
1546 21
1547 19
1548 14
1549 20
1550 24
1551 21
1552 13
1553 11
1554 16
1555 14
1556 8
1557 13
1558 16
1559 9
1560 12
1561 11
1562 19
1563 26
1564 19
1565 9
1566 16
1567 19
1568 11
1569 15
1570 19
1571 15
1572 11
1573 9
1574 13
1575 13
1576 11
1577 17
1578 13
1579 17
1580 15
1581 9
1582 12
1583 10
1584 11
1585 17
1586 11
1587 16
1588 12
1589 16
1590 8
1591 13
1592 16
1593 13
1594 14
1595 13
1596 14
1597 10
1598 16
1599 14
1600 8
1601 12
1602 13
1603 14
1604 17
1605 10
1606 13
1607 14
1608 11
1609 10
1610 17
1611 14
1612 9
1613 19
1614 15
1615 13
1616 9
1617 9
1618 16
1619 10
1620 8
1621 21
1622 15
1623 10
1624 16
1625 10
1626 7
1627 13
1628 8
1629 12
1630 5
1631 6
1632 11
1633 11
1634 10
1635 6
1636 9
1637 11
1638 14
1639 15
1640 7
1641 10
1642 4
1643 14
1644 10
1645 8
1646 13
1647 5
1648 6
1649 8
1650 7
1651 10
1652 12
1653 8
1654 12
1655 11
1656 6
1657 11
1658 11
1659 9
1660 9
1661 4
1662 6
1663 12
1664 5
1665 13
1666 7
1667 11
1668 7
1669 5
1670 5
1671 4
1672 7
1673 8
1674 14
1675 11
1676 9
1677 9
1678 11
1679 11
1680 6
1681 2
1682 7
1683 3
1684 3
1685 7
1686 8
1687 8
1688 1
1689 9
1690 5
1691 8
1692 4
1693 8
1694 5
1695 9
1696 6
1697 5
1698 5
1699 3
1700 7
1701 10
1702 5
1703 7
1704 2
1705 7
1706 7
1707 10
1708 10
1709 3
1710 9
1711 2
1712 3
1713 11
1714 4
1715 4
1716 1
1717 5
1718 5
1719 3
1720 6
1721 5
1722 4
1723 6
1724 8
1725 4
1726 9
1727 7
1728 7
1729 5
1730 6
1731 3
1732 9
1733 2
1734 1
1735 5
1736 7
1737 3
1738 0
1739 3
1740 3
1741 2
1742 3
1743 4
1744 3
1745 5
1746 9
1747 7
1748 3
1749 1
1750 5
1751 4
1752 4
1753 2
1754 3
1755 3
1756 6
1757 7
1758 3
1759 5
1760 3
1761 9
1762 8
1763 3
1764 6
1765 5
1766 3
1767 2
1768 5
1769 5
1770 6
1771 4
1772 4
1773 2
1774 1
1775 5
1776 2
1777 7
1778 7
1779 2
1780 3
1781 4
1782 4
1783 5
1784 4
1785 0
1786 4
1787 2
1788 8
1789 5
1790 5
1791 6
1792 6
1793 3
1794 7
1795 4
1796 6
1797 5
1798 2
1799 7
1800 1
1801 5
1802 1
1803 1
1804 4
1805 2
1806 2
1807 2
1808 3
1809 1
1810 3
1811 1
1812 2
1813 2
1814 2
1815 2
1816 4
1817 2
1818 6
1819 3
1820 1
1821 2
1822 1
1823 0
1824 8
1825 6
1826 2
1827 2
1828 3
1829 2
1830 2
1831 2
1832 1
1833 3
1834 2
1835 2
1836 3
1837 3
1838 1
1839 2
1840 4
1841 3
1842 1
1843 1
1844 1
1845 2
1846 3
1847 6
1848 4
1849 0
1850 2
1851 1
1852 3
1853 3
1854 1
1855 3
1856 1
1857 2
1858 0
1859 1
1860 2
1861 2
1862 5
1863 0
1864 1
1865 0
1866 2
1867 1
1868 2
1869 0
1870 2
1871 1
1872 1
1873 2
1874 3
1875 2
1876 1
1877 1
1878 1
1879 2
1880 1
1881 3
1882 2
1883 3
1884 1
1885 1
1886 1
1887 1
1888 1
1889 0
1890 2
1891 1
1892 0
1893 2
1894 3
1895 0
1896 1
1897 0
1898 1
1899 0
1900 1
1901 1
1902 0
1903 1
1904 2
1905 0
1906 3
1907 0
1908 0
1909 0
1910 1
1911 1
1912 0
1913 0
1914 1
1915 1
1916 0
1917 2
1918 1
1919 2
1920 0
1921 2
1922 0
1923 1
1924 1
1925 2
1926 0
1927 1
1928 1
1929 1
1930 1
1931 2
1932 1
1933 0
1934 0
1935 1
1936 1
1937 3
1938 1
1939 0
1940 2
1941 1
1942 1
1943 1
1944 2
1945 0
1946 0
1947 1
1948 1
1949 0
1950 1
1951 0
1952 2
1953 0
1954 0
1955 1
1956 2
1957 2
1958 0
1959 0
1960 0
1961 0
1962 0
1963 0
1964 0
1965 0
1966 1
1967 0
1968 0
1969 0
1970 0
1971 1
1972 1
1973 2
1974 0
1975 1
1976 0
1977 0
1978 1
1979 0
1980 1
1981 1
1982 0
1983 2
1984 0
1985 0
1986 0
1987 0
1988 0
1989 0
1990 0
1991 0
1992 1
1993 1
1994 0
1995 0
1996 0
1997 0
1998 0
1999 0
2000 0
2001 0
2002 0
2003 0
2004 0
2005 0
2006 0
2007 0
2008 0
2009 0
2010 0
2011 1
2012 0
2013 0
2014 0
2015 0
2016 0
2017 1
2018 0
2019 0
2020 3
2021 1
2022 0
2023 0
2024 0
2025 0
2026 0
2027 1
2028 1
2029 0
2030 1
2031 0
2032 1
2033 0
2034 0
2035 1
2036 0
2037 1
2038 0
2039 0
2040 0
2041 0
2042 0
2043 0
2044 1
2045 0
2046 0
2047 1
2048 0
2049 1
2050 0
2051 1
2052 0
2053 0
2054 0
2055 1
2056 0
2057 0
2058 0
2059 0
2060 2
2061 0
2062 0
2063 0
2064 1
2065 0
2066 0
2067 0
2068 1
2069 0
2070 0
2071 0
2072 0
2073 0
2074 0
2075 2
2076 0
2077 0
2078 1
2079 0
2080 0
2081 0
2082 0
2083 0
2084 0
2085 0
2086 0
2087 0
2088 0
2089 0
2090 0
2091 1
2092 0
2093 0
2094 0
2095 0
2096 1
2097 0
2098 0
2099 0
2100 0
2101 0
2102 0
2103 0
2104 0
2105 0
2106 0
2107 0
2108 0
2109 2
2110 0
2111 0
2112 0
2113 0
2114 0
2115 0
2116 0
2117 0
2118 1
2119 0
2120 0
2121 0
2122 0
2123 0
2124 1
2125 0
2126 1
2127 0
2128 0
2129 2
2130 0
2131 0
2132 0
2133 0
2134 0
2135 0
2136 0
2137 0
2138 0
2139 0
2140 0
2141 1
2142 0
2143 1
2144 0
2145 0
2146 0
2147 0
2148 0
2149 0
2150 0
2151 0
2152 0
2153 0
2154 0
2155 0
2156 0
2157 0
2158 0
2159 0
2160 0
2161 0
2162 0
2163 0
2164 0
2165 0
2166 0
2167 0
2168 1
2169 0
2170 0
2171 0
2172 0
2173 1
2174 0
2175 0
2176 1
2177 0
2178 0
2179 1
2180 0
2181 0
2182 0
2183 0
2184 0
2185 0
2186 0
2187 0
2188 0
2189 0
2190 0
2191 0
2192 0
2193 0
2194 0
2195 0
2196 0
2197 0
2198 0
2199 1
2200 0
2201 0
2202 0
2203 1
2204 0
2205 0
2206 0
2207 1
2208 0
2209 2
2210 0
2211 0
2212 0
2213 0
2214 0
2215 0
2216 0
2217 0
2218 0
2219 0
2220 0
2221 0
2222 0
2223 0
2224 0
2225 0
2226 0
2227 0
2228 0
2229 0
2230 0
2231 0
2232 0
2233 0
2234 0
2235 0
2236 0
2237 0
2238 0
2239 0
2240 0
2241 0
2242 0
2243 0
2244 0
2245 0
2246 0
2247 0
2248 0
2249 0
2250 0
2251 0
2252 0
2253 0
2254 0
2255 0
2256 0
2257 0
2258 0
2259 0
2260 0
2261 0
2262 0
2263 0
2264 0
2265 0
2266 0
2267 0
2268 0
2269 0
2270 0
2271 0
2272 0
2273 1
2274 0
2275 0
2276 1
2277 0
2278 0
2279 0
2280 0
2281 1
2282 0
2283 0
2284 0
2285 0
2286 0
2287 0
2288 0
2289 0
2290 0
2291 0
2292 0
2293 0
2294 0
2295 0
2296 0
2297 0
2298 0
2299 0
2300 0
2301 1
2302 0
2303 0
2304 0
2305 0
2306 0
2307 0
2308 0
2309 0
2310 0
2311 0
2312 0
2313 0
2314 0
2315 0
2316 0
2317 0
2318 0
2319 0
2320 0
2321 0
2322 0
2323 0
2324 0
2325 0
2326 0
2327 0
2328 0
2329 0
2330 0
2331 0
2332 0
2333 0
2334 0
2335 0
2336 0
2337 0
2338 0
2339 0
2340 0
2341 0
2342 0
2343 0
2344 0
2345 0
2346 0
2347 0
2348 0
2349 0
2350 0
2351 0
2352 0
2353 0
2354 0
2355 0
2356 0
2357 0
2358 0
2359 0
2360 0
2361 0
2362 0
2363 0
2364 0
2365 0
2366 0
2367 0
2368 0
2369 0
2370 0
2371 0
2372 0
2373 0
2374 0
2375 0
2376 0
2377 0
2378 0
2379 0
2380 0
2381 0
2382 0
2383 1
2384 0
2385 0
2386 0
2387 0
2388 0
2389 0
2390 0
2391 0
2392 0
2393 0
2394 1
2395 0
2396 0
2397 0
2398 0
2399 0
2400 0
2401 0
2402 0
2403 0
2404 0
2405 0
2406 0
2407 0
2408 0
2409 0
2410 0
2411 0
2412 0
2413 0
2414 0
2415 0
2416 0
2417 0
2418 0
2419 0
2420 0
2421 0
2422 0
2423 0
2424 0
2425 0
2426 0
2427 0
2428 0
2429 0
2430 0
2431 0
2432 0
2433 0
2434 0
2435 0
2436 0
2437 0
2438 0
2439 0
2440 0
2441 0
2442 0
2443 0
2444 0
2445 0
2446 0
2447 0
2448 0
2449 0
2450 0
2451 0
2452 0
2453 0
2454 0
2455 0
2456 0
2457 0
2458 0
2459 0
2460 0
2461 0
2462 0
2463 0
2464 0
2465 0
2466 0
2467 0
2468 0
2469 0
2470 0
2471 0
2472 0
2473 0
2474 0
2475 0
2476 0
2477 0
2478 0
2479 0
2480 0
2481 0
2482 0
2483 0
2484 0
2485 0
2486 0
2487 0
2488 0
2489 0
2490 0
2491 0
2492 0
2493 0
2494 0
2495 0
2496 0
2497 0
2498 0
2499 0
2500 0
2501 0
2502 0
2503 0
2504 0
2505 0
2506 0
2507 0
2508 0
2509 0
2510 0
2511 0
2512 0
2513 0
2514 0
2515 0
2516 0
2517 0
2518 0
2519 0
2520 0
2521 0
2522 0
2523 0
2524 0
2525 0
2526 0
2527 0
2528 0
2529 1
2530 0
2531 0
2532 0
2533 0
2534 0
2535 0
2536 0
2537 0
2538 0
2539 0
2540 0
2541 0
2542 0
2543 0
2544 0
2545 0
2546 0
2547 0
2548 0
2549 0
2550 0
2551 0
2552 0
2553 0
2554 0
2555 0
2556 0
2557 0
2558 0
2559 0
2560 0
2561 0
2562 0
2563 0
2564 0
2565 0
2566 0
2567 0
2568 0
2569 0
2570 0
2571 0
2572 0
2573 0
2574 0
2575 0
2576 0
2577 0
2578 0
2579 0
2580 0
2581 0
2582 0
2583 0
2584 0
2585 0
2586 0
2587 0
2588 0
2589 0
2590 0
2591 0
2592 0
2593 0
2594 0
2595 0
2596 0
2597 0
2598 0
2599 0
2600 0
2601 0
2602 0
2603 0
2604 0
2605 0
2606 0
2607 0
2608 0
2609 0
2610 0
2611 0
2612 0
2613 0
2614 0
2615 0
2616 0
2617 0
2618 0
2619 0
2620 0
2621 0
2622 0
2623 0
2624 0
2625 0
2626 0
2627 1
2628 0
2629 0
2630 0
2631 0
2632 0
2633 0
2634 0
2635 0
2636 0
2637 0
2638 0
2639 0
2640 0
2641 0
2642 0
2643 0
2644 0
2645 0
2646 0
2647 0
2648 0
2649 0
2650 0
2651 0
2652 0
2653 0
2654 0
2655 0
2656 0
2657 0
2658 0
2659 0
2660 0
2661 0
2662 0
2663 0
2664 0
2665 0
2666 0
2667 0
2668 0
2669 0
2670 0
2671 0
2672 0
2673 0
2674 0
2675 0
2676 0
2677 0
2678 0
2679 0
2680 0
2681 0
2682 0
2683 0
2684 0
2685 0
2686 0
2687 0
2688 0
2689 0
2690 0
2691 0
2692 0
2693 0
2694 0
2695 0
2696 0
2697 0
2698 0
2699 0
2700 0
2701 0
2702 0
2703 0
2704 0
2705 0
2706 0
2707 0
2708 0
2709 0
2710 0
2711 0
2712 0
2713 0
2714 0
2715 0
2716 0
2717 0
2718 0
2719 0
2720 0
2721 0
2722 0
2723 0
2724 1
2725 0
2726 0
2727 0
2728 0
2729 0
2730 0
2731 0
2732 0
2733 0
2734 0
2735 0
2736 0
2737 0
2738 0
2739 0
2740 0
2741 0
2742 0
2743 0
2744 0
2745 0
2746 0
2747 0
2748 0
2749 0
2750 0
2751 0
2752 0
2753 0
2754 0
2755 0
2756 0
2757 0
2758 0
2759 0
2760 0
2761 0
2762 0
2763 0
2764 0
2765 0
2766 0
2767 0
2768 0
2769 0
2770 0
2771 0
2772 0
2773 0
2774 0
2775 0
2776 0
2777 0
2778 0
2779 0
2780 0
2781 0
2782 0
2783 0
2784 0
2785 0
2786 0
2787 0
2788 0
2789 0
2790 0
2791 0
2792 0
2793 0
2794 0
2795 0
2796 0
2797 0
2798 0
2799 0
2800 0
2801 0
2802 0
2803 0
2804 1
2805 0
2806 0
2807 0
2808 0
2809 0
2810 0
2811 0
2812 0
2813 0
2814 0
2815 0
2816 0
2817 0
2818 0
2819 0
2820 0
2821 0
2822 0
2823 0
2824 0
2825 0
2826 0
2827 0
2828 0
2829 0
2830 0
2831 0
2832 0
2833 0
2834 0
2835 0
2836 0
2837 0
2838 0
2839 0
2840 0
2841 0
2842 0
2843 0
2844 0
2845 0
2846 0
2847 0
2848 0
2849 0
2850 0
2851 0
2852 0
2853 0
2854 0
2855 0
2856 0
2857 0
2858 0
2859 0
2860 0
2861 0
2862 1
2863 0
2864 0
2865 2
2866 0
2867 0
2868 1
2869 1
2870 0
2871 0
2872 0
2873 0
2874 0
2875 0
2876 0
2877 0
2878 0
2879 0
2880 0
2881 0
2882 0
2883 0
2884 0
2885 0
2886 0
2887 0
2888 0
2889 0
2890 0
2891 0
2892 0
2893 0
2894 0
2895 0
2896 0
2897 0
2898 0
2899 0
2900 0
2901 0
2902 0
2903 0
2904 0
2905 0
2906 0
2907 0
2908 0
2909 0
2910 0
2911 0
2912 0
2913 0
2914 0
2915 0
2916 0
2917 0
2918 0
2919 0
2920 0
2921 0
2922 0
2923 0
2924 0
2925 0
2926 0
2927 0
2928 0
2929 0
2930 0
2931 0
2932 0
2933 0
2934 0
2935 0
2936 0
2937 0
2938 0
2939 0
2940 0
2941 0
2942 0
2943 0
2944 0
2945 0
2946 1
2947 0
2948 0
2949 0
2950 0
2951 0
2952 0
2953 0
2954 0
2955 0
2956 0
2957 0
2958 0
2959 0
2960 0
2961 0
2962 0
2963 0
2964 1
2965 0
2966 0
2967 0
2968 0
2969 0
2970 0
2971 0
2972 0
2973 0
2974 0
2975 0
2976 0
2977 0
2978 0
2979 0
2980 0
2981 0
2982 0
2983 0
2984 0
2985 0
2986 0
2987 0
2988 0
2989 0
2990 0
2991 0
2992 0
2993 0
2994 0
2995 0
2996 0
2997 0
2998 0
2999 0
3000 0
3001 0
3002 0
3003 0
3004 0
3005 0
3006 0
3007 0
3008 0
3009 0
3010 0
3011 0
3012 0
3013 0
3014 0
3015 0
3016 0
3017 0
3018 0
3019 0
3020 0
3021 0
3022 0
3023 0
3024 0
3025 0
3026 0
3027 0
3028 0
3029 0
3030 0
3031 0
3032 0
3033 0
3034 0
3035 0
3036 0
3037 0
3038 1
3039 0
3040 0
3041 0
3042 0
3043 0
3044 0
3045 0
3046 0
3047 0
3048 0
3049 0
3050 0
3051 0
3052 0
3053 0
3054 0
3055 0
3056 0
3057 0
3058 0
3059 0
3060 0
3061 0
3062 0
3063 0
3064 0
3065 0
3066 0
3067 0
3068 0
3069 0
3070 0
3071 0
3072 0
3073 0
3074 0
3075 0
3076 0
3077 0
3078 0
3079 0
3080 0
3081 0
3082 0
3083 0
3084 0
3085 0
3086 1
3087 0
3088 0
3089 0
3090 0
3091 0
3092 0
3093 0
3094 0
3095 0
3096 0
3097 0
3098 0
3099 0
3100 0
3101 0
3102 0
3103 0
3104 0
3105 0
3106 0
3107 0
3108 1
3109 0
3110 0
3111 0
3112 0
3113 0
3114 0
3115 1
3116 0
3117 0
3118 0
3119 0
3120 0
3121 0
3122 0
3123 0
3124 0
3125 0
3126 0
3127 0
3128 0
3129 0
3130 0
3131 0
3132 0
3133 0
3134 0
3135 0
3136 0
3137 0
3138 0
3139 0
3140 0
3141 0
3142 0
3143 0
3144 0
3145 0
3146 0
3147 0
3148 0
3149 0
3150 0
3151 0
3152 0
3153 0
3154 0
3155 0
3156 0
3157 0
3158 0
3159 0
3160 0
3161 0
3162 0
3163 0
3164 0
3165 0
3166 0
3167 0
3168 1
3169 0
3170 0
3171 0
3172 0
3173 0
3174 0
3175 0
3176 0
3177 0
3178 0
3179 0
3180 0
3181 0
3182 0
3183 0
3184 0
3185 0
3186 0
3187 0
3188 0
3189 0
3190 0
3191 0
3192 0
3193 0
3194 0
3195 0
3196 0
3197 0
3198 0
3199 0
3200 0
3201 0
3202 0
3203 0
3204 0
3205 0
3206 0
3207 0
3208 0
3209 0
3210 0
3211 0
3212 0
3213 0
3214 0
3215 0
3216 0
3217 0
3218 0
3219 0
3220 0
3221 0
3222 0
3223 0
3224 0
3225 0
3226 0
3227 0
3228 0
3229 0
3230 0
3231 0
3232 0
3233 0
3234 0
3235 0
3236 0
3237 0
3238 0
3239 0
3240 0
3241 0
3242 0
3243 0
3244 0
3245 0
3246 0
3247 0
3248 0
3249 0
3250 0
3251 0
3252 0
3253 0
3254 0
3255 0
3256 0
3257 0
3258 0
3259 0
3260 0
3261 0
3262 0
3263 0
3264 0
3265 0
3266 0
3267 0
3268 0
3269 0
3270 0
3271 0
3272 0
3273 0
3274 0
3275 0
3276 0
3277 0
3278 0
3279 1
3280 0
3281 0
3282 0
3283 0
3284 0
3285 0
3286 0
3287 0
3288 0
3289 0
3290 0
3291 0
3292 0
3293 0
3294 0
3295 0
3296 0
3297 0
3298 0
3299 0
3300 0
3301 0
3302 0
3303 0
3304 0
3305 0
3306 0
3307 0
3308 0
3309 0
3310 0
3311 0
3312 0
3313 0
3314 0
3315 0
3316 0
3317 0
3318 0
3319 0
3320 0
3321 0
3322 0
3323 0
3324 0
3325 0
3326 0
3327 0
3328 0
3329 0
3330 0
3331 0
3332 0
3333 0
3334 0
3335 0
3336 0
3337 0
3338 0
3339 0
3340 0
3341 0
3342 0
3343 0
3344 0
3345 0
3346 0
3347 0
3348 0
3349 0
3350 0
3351 0
3352 0
3353 0
3354 1
3355 0
3356 0
3357 0
3358 0
3359 0
3360 0
3361 0
3362 0
3363 0
3364 0
3365 0
3366 0
3367 0
3368 0
3369 0
3370 0
3371 0
3372 0
3373 0
3374 0
3375 0
3376 0
3377 0
3378 0
3379 0
3380 0
3381 0
3382 0
3383 0
3384 0
3385 0
3386 0
3387 0
3388 0
3389 0
3390 0
3391 0
3392 0
3393 0
3394 0
3395 0
3396 0
3397 0
3398 0
3399 0
3400 0
3401 0
3402 0
3403 0
3404 0
3405 0
3406 0
3407 1
3408 0
3409 0
3410 0
3411 0
3412 0
3413 0
3414 0
3415 0
3416 0
3417 0
3418 0
3419 0
3420 0
3421 0
3422 0
3423 0
3424 0
3425 0
3426 1
3427 0
3428 0
3429 0
3430 0
3431 0
3432 0
3433 0
3434 0
3435 0
3436 0
3437 0
3438 0
3439 0
3440 0
3441 0
3442 0
3443 0
3444 0
3445 0
3446 0
3447 0
3448 0
3449 0
3450 0
3451 0
3452 0
3453 0
3454 0
3455 0
3456 0
3457 0
3458 0
3459 0
3460 0
3461 0
3462 0
3463 0
3464 0
3465 0
3466 0
3467 0
3468 0
3469 0
3470 0
3471 0
3472 0
3473 0
3474 0
3475 0
3476 0
3477 0
3478 0
3479 0
3480 0
3481 0
3482 0
3483 0
3484 0
3485 0
3486 0
3487 0
3488 0
3489 0
3490 0
3491 0
3492 0
3493 0
3494 0
3495 0
3496 0
3497 0
3498 0
3499 0
3500 0
3501 0
3502 0
3503 0
3504 0
3505 0
3506 0
3507 0
3508 0
3509 0
3510 0
3511 0
3512 0
3513 1
3514 0
3515 0
3516 0
3517 0
3518 0
3519 0
3520 0
3521 0
3522 0
3523 0
3524 0
3525 0
3526 0
3527 0
3528 0
3529 0
3530 0
3531 0
3532 0
3533 0
3534 0
3535 0
3536 0
3537 0
3538 0
3539 0
3540 0
3541 0
3542 0
3543 0
3544 0
3545 0
3546 0
3547 0
3548 0
3549 0
3550 1
3551 0
3552 0
3553 0
3554 0
3555 0
3556 0
3557 0
3558 0
3559 0
3560 0
3561 0
3562 0
3563 0
3564 0
3565 0
3566 0
3567 0
3568 0
3569 0
3570 0
3571 0
3572 0
3573 0
3574 0
3575 0
3576 0
3577 0
3578 0
3579 0
3580 0
3581 0
3582 0
3583 0
3584 0
3585 0
3586 0
3587 0
3588 0
3589 0
3590 0
3591 0
3592 0
3593 0
3594 0
3595 0
3596 0
3597 0
3598 0
3599 0
3600 0
3601 0
3602 0
3603 0
3604 0
3605 0
3606 0
3607 0
3608 0
3609 0
3610 0
3611 0
3612 0
3613 0
3614 0
3615 0
3616 0
3617 0
3618 0
3619 0
3620 0
3621 0
3622 0
3623 0
3624 0
3625 0
3626 0
3627 0
3628 0
3629 0
3630 0
3631 0
3632 0
3633 0
3634 0
3635 0
3636 0
3637 0
3638 0
3639 0
3640 0
3641 0
3642 0
3643 0
3644 0
3645 0
3646 0
3647 0
3648 0
3649 0
3650 0
3651 0
3652 0
3653 0
3654 0
3655 0
3656 0
3657 0
3658 0
3659 0
3660 0
3661 0
3662 0
3663 0
3664 0
3665 0
3666 0
3667 0
3668 0
3669 0
3670 0
3671 0
3672 0
3673 0
3674 0
3675 1
3676 0
3677 0
3678 0
3679 0
3680 0
3681 0
3682 0
3683 0
3684 0
3685 0
3686 0
3687 0
3688 0
3689 0
3690 0
3691 0
3692 0
3693 0
3694 0
3695 0
3696 0
3697 0
3698 0
3699 0
3700 0
3701 0
3702 0
3703 0
3704 0
3705 0
3706 0
3707 1
3708 0
3709 0
3710 0
3711 0
3712 0
3713 0
3714 0
3715 0
3716 0
3717 0
3718 0
3719 0
3720 0
3721 0
3722 0
3723 0
3724 0
3725 0
3726 0
3727 0
3728 0
3729 0
3730 0
3731 0
3732 0
3733 0
3734 0
3735 0
3736 0
3737 0
3738 0
3739 0
3740 0
3741 0
3742 0
3743 0
3744 0
3745 0
3746 0
3747 0
3748 0
3749 0
3750 0
3751 0
3752 0
3753 0
3754 0
3755 0
3756 0
3757 0
3758 0
3759 0
3760 0
3761 0
3762 0
3763 0
3764 0
3765 0
3766 0
3767 0
3768 0
3769 0
3770 0
3771 0
3772 0
3773 0
3774 0
3775 0
3776 0
3777 0
3778 0
3779 0
3780 0
3781 0
3782 0
3783 0
3784 0
3785 0
3786 0
3787 0
3788 0
3789 0
3790 0
3791 0
3792 0
3793 0
3794 0
3795 0
3796 0
3797 0
3798 0
3799 0
3800 0
3801 0
3802 0
3803 0
3804 0
3805 0
3806 0
3807 0
3808 0
3809 0
3810 0
3811 0
3812 0
3813 0
3814 0
3815 1
3816 0
3817 0
3818 0
3819 0
3820 0
3821 0
3822 0
3823 0
3824 0
3825 0
3826 0
3827 0
3828 0
3829 0
3830 0
3831 0
3832 0
3833 0
3834 0
3835 0
3836 0
3837 0
3838 0
3839 0
3840 0
3841 0
3842 0
3843 0
3844 0
3845 0
3846 0
3847 0
3848 0
3849 0
3850 0
3851 0
3852 0
3853 0
3854 0
3855 0
3856 0
3857 0
3858 0
3859 0
3860 0
3861 0
3862 0
3863 0
3864 0
3865 0
3866 0
3867 0
3868 0
3869 0
3870 0
3871 0
3872 0
3873 0
3874 0
3875 0
3876 0
3877 0
3878 0
3879 1
3880 0
3881 0
3882 0
3883 0
3884 0
3885 0
3886 0
3887 0
3888 0
3889 0
3890 0
3891 0
3892 1
3893 0
3894 0
3895 0
3896 0
3897 0
3898 0
3899 0
3900 0
3901 0
3902 0
3903 0
3904 0
3905 0
3906 0
3907 0
3908 0
3909 0
3910 0
3911 0
3912 0
3913 0
3914 0
3915 0
3916 0
3917 0
3918 0
3919 0
3920 0
3921 0
3922 0
3923 0
3924 0
3925 0
3926 0
3927 0
3928 0
3929 0
3930 0
3931 0
3932 0
3933 0
3934 0
3935 0
3936 0
3937 0
3938 0
3939 0
3940 0
3941 0
3942 0
3943 0
3944 0
3945 0
3946 0
3947 0
3948 0
3949 0
3950 0
3951 0
3952 0
3953 0
3954 0
3955 0
3956 0
3957 0
3958 0
3959 0
3960 0
3961 0
3962 0
3963 0
3964 0
3965 0
3966 0
3967 0
3968 0
3969 0
3970 0
3971 0
3972 0
3973 0
3974 0
3975 0
3976 0
3977 0
3978 0
3979 0
3980 0
3981 0
3982 0
3983 0
3984 0
3985 0
3986 0
3987 0
3988 0
3989 0
3990 0
3991 0
3992 0
3993 0
3994 0
3995 0
3996 0
3997 0
3998 0
3999 0
4000 0
