0 0
1 0
2 0
3 0
4 0
5 0
6 0
7 0
8 0
9 0
10 0
11 0
12 0
13 0
14 0
15 0
16 0
17 0
18 0
19 0
20 0
21 0
22 0
23 0
24 0
25 0
26 0
27 0
28 0
29 0
30 0
31 0
32 0
33 0
34 0
35 0
36 0
37 0
38 0
39 0
40 0
41 0
42 0
43 0
44 0
45 0
46 0
47 0
48 0
49 0
50 0
51 0
52 0
53 0
54 0
55 0
56 0
57 0
58 0
59 0
60 0
61 0
62 0
63 0
64 0
65 0
66 0
67 0
68 0
69 0
70 0
71 0
72 0
73 0
74 0
75 0
76 0
77 0
78 0
79 0
80 0
81 0
82 0
83 0
84 0
85 0
86 4
87 18
88 20
89 17
90 25
91 12
92 20
93 16
94 24
95 19
96 15
97 15
98 17
99 7
100 17
101 11
102 10
103 11
104 9
105 6
106 9
107 2
108 3
109 5
110 21
111 123
112 742
113 2326
114 4629
115 7138
116 8951
117 9881
118 10218
119 10073
120 9570
121 8806
122 7857
123 7000
124 6042
125 5290
126 4492
127 3896
128 3346
129 2925
130 2460
131 2268
132 2075
133 1807
134 1644
135 1545
136 1421
137 1399
138 1349
139 1283
140 1271
141 1248
142 1257
143 1226
144 1241
145 1270
146 1280
147 1284
148 1309
149 1240
150 1241
151 1306
152 1274
153 1266
154 1222
155 1243
156 1250
157 1185
158 1230
159 1261
160 1240
161 1213
162 1327
163 1243
164 1259
165 1248
166 1236
167 1378
168 1362
169 1306
170 1309
171 1247
172 1328
173 1337
174 1325
175 1317
176 1358
177 1384
178 1333
179 1301
180 1281
181 1296
182 1359
183 1347
184 1372
185 1337
186 1274
187 1329
188 1357
189 1328
190 1327
191 1407
192 1433
193 1373
194 1391
195 1376
196 1370
197 1359
198 1340
199 1372
200 1401
201 1343
202 1347
203 1374
204 1403
205 1345
206 1337
207 1395
208 1383
209 1343
210 1367
211 1487
212 1436
213 1378
214 1328
215 1427
216 1397
217 1412
218 1343
219 1410
220 1376
221 1415
222 1463
223 1410
224 1413
225 1474
226 1449
227 1338
228 1402
229 1412
230 1471
231 1415
232 1407
233 1422
234 1435
235 1434
236 1414
237 1408
238 1449
239 1444
240 1406
241 1480
242 1414
243 1485
244 1478
245 1511
246 1404
247 1402
248 1414
249 1467
250 1518
251 1559
252 1483
253 1514
254 1522
255 1467
256 1473
257 1496
258 1503
259 1553
260 1526
261 1579
262 1460
263 1575
264 1509
265 1547
266 1541
267 1548
268 1513
269 1604
270 1533
271 1556
272 1569
273 1601
274 1650
275 1543
276 1573
277 1545
278 1648
279 1565
280 1588
281 1599
282 1602
283 1618
284 1534
285 1608
286 1665
287 1664
288 1606
289 1645
290 1640
291 1703
292 1649
293 1663
294 1714
295 1663
296 1649
297 1689
298 1685
299 1695
300 1716
301 1691
302 1782
303 1718
304 1722
305 1619
306 1712
307 1688
308 1702
309 1717
310 1791
311 1719
312 1723
313 1674
314 1723
315 1800
316 1805
317 1736
318 1823
319 1790
320 1815
321 1785
322 1749
323 1721
324 1709
325 1722
326 1807
327 1754
328 1694
329 1749
330 1761
331 1787
332 1794
333 1757
334 1781
335 1840
336 1828
337 1727
338 1819
339 1826
340 1827
341 1829
342 1758
343 1821
344 1777
345 1759
346 1860
347 1833
348 1817
349 1813
350 1830
351 1820
352 1899
353 1763
354 1762
355 1791
356 1860
357 1822
358 1845
359 1799
360 1788
361 1786
362 1801
363 1827
364 1812
365 1824
366 1790
367 1754
368 1761
369 1766
370 1789
371 1708
372 1737
373 1760
374 1802
375 1763
376 1722
377 1771
378 1760
379 1680
380 1750
381 1670
382 1675
383 1737
384 1679
385 1658
386 1778
387 1690
388 1634
389 1711
390 1724
391 1707
392 1699
393 1696
394 1746
395 1675
396 1660
397 1683
398 1603
399 1602
400 1646
401 1607
402 1650
403 1575
404 1677
405 1640
406 1630
407 1593
408 1596
409 1580
410 1583
411 1587
412 1551
413 1547
414 1607
415 1517
416 1555
417 1585
418 1569
419 1516
420 1475
421 1497
422 1425
423 1493
424 1503
425 1469
426 1504
427 1464
428 1454
429 1347
430 1464
431 1364
432 1471
433 1445
434 1391
435 1294
436 1354
437 1370
438 1328
439 1348
440 1330
441 1342
442 1306
443 1379
444 1338
445 1309
446 1326
447 1385
448 1332
449 1288
450 1282
451 1331
452 1263
453 1234
454 1241
455 1205
456 1186
457 1167
458 1214
459 1229
460 1179
461 1175
462 1172
463 1161
464 1138
465 1138
466 1174
467 1109
468 1148
469 1071
470 1090
471 1064
472 1122
473 1123
474 1135
475 1046
476 1100
477 1029
478 1050
479 1030
480 1033
481 1009
482 920
483 968
484 1000
485 972
486 958
487 955
488 955
489 934
490 985
491 994
492 948
493 914
494 862
495 894
496 897
497 883
498 865
499 819
500 835
501 826
502 817
503 821
504 798
505 861
506 888
507 858
508 794
509 757
510 794
511 773
512 802
513 775
514 788
515 763
516 730
517 733
518 783
519 713
520 689
521 715
522 688
523 645
524 702
525 658
526 660
527 707
528 701
529 622
530 681
531 629
532 653
533 635
534 601
535 617
536 605
537 615
538 606
539 617
540 621
541 573
542 589
543 593
544 579
545 576
546 572
547 548
548 532
549 581
550 536
551 561
552 517
553 546
554 551
555 521
556 538
557 501
558 494
559 542
560 505
561 502
562 492
563 496
564 480
565 487
566 480
567 473
568 486
569 463
570 455
571 444
572 491
573 434
574 420
575 394
576 467
577 444
578 456
579 424
580 422
581 461
582 424
583 363
584 436
585 400
586 395
587 398
588 401
589 362
590 368
591 389
592 351
593 393
594 373
595 373
596 371
597 359
598 348
599 381
600 384
601 370
602 348
603 345
604 404
605 331
606 369
607 305
608 327
609 359
610 327
611 333
612 351
613 330
614 320
615 323
616 322
617 342
618 299
619 301
620 299
621 311
622 303
623 308
624 322
625 327
626 310
627 298
628 269
629 291
630 322
631 303
632 286
633 272
634 301
635 276
636 284
637 295
638 289
639 290
640 298
641 279
642 278
643 289
644 265
645 272
646 281
647 285
648 263
649 297
650 254
651 293
652 287
653 279
654 253
655 277
656 262
657 246
658 259
659 231
660 266
661 233
662 246
663 281
664 251
665 245
666 239
667 278
668 277
669 239
670 238
671 272
672 244
673 246
674 256
675 274
676 248
677 233
678 229
679 238
680 224
681 241
682 226
683 250
684 230
685 231
686 285
687 252
688 218
689 217
690 246
691 225
692 213
693 231
694 240
695 234
696 254
697 233
698 243
699 225
700 215
701 235
702 245
703 243
704 215
705 230
706 239
707 213
708 235
709 218
710 209
711 222
712 208
713 203
714 233
715 209
716 231
717 202
718 229
719 224
720 196
721 247
722 202
723 225
724 194
725 216
726 229
727 230
728 203
729 228
730 161
731 183
732 216
733 214
734 184
735 202
736 206
737 197
738 201
739 191
740 210
741 228
742 244
743 209
744 199
745 198
746 219
747 212
748 205
749 203
750 230
751 199
752 205
753 228
754 171
755 186
756 207
757 233
758 222
759 201
760 227
761 219
762 201
763 197
764 231
765 199
766 195
767 210
768 221
769 231
770 231
771 211
772 191
773 217
774 207
775 229
776 212
777 201
778 189
779 223
780 207
781 203
782 227
783 220
784 205
785 195
786 199
787 191
788 214
789 208
790 193
791 201
792 216
793 176
794 228
795 216
796 181
797 203
798 198
799 216
800 198
801 200
802 212
803 177
804 210
805 191
806 179
807 200
808 206
809 186
810 198
811 193
812 196
813 179
814 180
815 186
816 187
817 192
818 195
819 192
820 207
821 204
822 216
823 187
824 190
825 199
826 192
827 187
828 192
829 174
830 186
831 180
832 195
833 184
834 200
835 212
836 156
837 203
838 200
839 204
840 183
841 184
842 188
843 194
844 195
845 185
846 169
847 191
848 161
849 189
850 210
851 178
852 191
853 167
854 191
855 184
856 184
857 188
858 197
859 174
860 180
861 161
862 187
863 205
864 168
865 175
866 170
867 198
868 179
869 189
870 188
871 169
872 169
873 178
874 176
875 177
876 175
877 196
878 170
879 165
880 183
881 195
882 169
883 177
884 159
885 179
886 149
887 159
888 184
889 187
890 145
891 195
892 161
893 191
894 187
895 164
896 151
897 174
898 184
899 154
900 163
901 174
902 179
903 174
904 167
905 203
906 156
907 177
908 151
909 179
910 138
911 141
912 155
913 180
914 167
915 190
916 163
917 177
918 179
919 152
920 124
921 160
922 167
923 184
924 168
925 150
926 159
927 150
928 143
929 172
930 158
931 163
932 153
933 146
934 178
935 165
936 146
937 148
938 186
939 172
940 137
941 161
942 173
943 160
944 152
945 142
946 130
947 189
948 133
949 174
950 149
951 132
952 169
953 155
954 143
955 160
956 157
957 143
958 147
959 156
960 156
961 160
962 158
963 156
964 138
965 155
966 133
967 165
968 147
969 144
970 151
971 145
972 145
973 114
974 138
975 137
976 126
977 134
978 123
979 135
980 137
981 125
982 143
983 127
984 116
985 147
986 153
987 130
988 123
989 126
990 130
991 130
992 140
993 139
994 128
995 143
996 158
997 145
998 128
999 145
1000 107
1001 127
1002 108
1003 144
1004 115
1005 137
1006 116
1007 116
1008 125
1009 121
1010 145
1011 116
1012 121
1013 111
1014 110
1015 136
1016 126
1017 119
1018 132
1019 147
1020 134
1021 106
1022 108
1023 112
1024 128
1025 130
1026 114
1027 107
1028 127
1029 104
1030 115
1031 129
1032 113
1033 101
1034 121
1035 94
1036 107
1037 99
1038 125
1039 111
1040 123
1041 106
1042 98
1043 107
1044 133
1045 108
1046 116
1047 104
1048 99
1049 111
1050 110
1051 115
1052 103
1053 125
1054 103
1055 103
1056 105
1057 114
1058 107
1059 99
1060 97
1061 103
1062 115
1063 98
1064 107
1065 105
1066 111
1067 105
1068 91
1069 93
1070 98
1071 100
1072 102
1073 90
1074 82
1075 84
1076 96
1077 82
1078 81
1079 76
1080 92
1081 96
1082 75
1083 74
1084 85
1085 96
1086 86
1087 100
1088 89
1089 79
1090 95
1091 67
1092 81
1093 88
1094 66
1095 80
1096 84
1097 98
1098 97
1099 84
1100 86
1101 86
1102 94
1103 72
1104 89
1105 75
1106 78
1107 77
1108 70
1109 79
1110 79
1111 73
1112 76
1113 68
1114 71
1115 66
1116 81
1117 73
1118 93
1119 75
1120 72
1121 72
1122 85
1123 71
1124 67
1125 68
1126 72
1127 64
1128 83
1129 70
1130 81
1131 62
1132 58
1133 78
1134 88
1135 71
1136 80
1137 61
1138 73
1139 71
1140 80
1141 59
1142 69
1143 58
1144 74
1145 66
1146 70
1147 66
1148 54
1149 73
1150 61
1151 57
1152 65
1153 59
1154 65
1155 64
1156 66
1157 52
1158 75
1159 62
1160 68
1161 60
1162 49
1163 72
1164 68
1165 45
1166 57
1167 57
1168 49
1169 68
1170 54
1171 56
1172 54
1173 48
1174 57
1175 51
1176 59
1177 56
1178 51
1179 51
1180 58
1181 46
1182 46
1183 66
1184 44
1185 55
1186 54
1187 51
1188 48
1189 44
1190 55
1191 50
1192 46
1193 52
1194 46
1195 53
1196 47
1197 49
1198 52
1199 44
1200 36
1201 56
1202 51
1203 44
1204 35
1205 52
1206 51
1207 45
1208 50
1209 46
1210 51
1211 39
1212 57
1213 49
1214 49
1215 35
1216 49
1217 47
1218 41
1219 31
1220 41
1221 46
1222 38
1223 33
1224 44
1225 50
1226 40
1227 32
1228 37
1229 35
1230 46
1231 44
1232 35
1233 43
1234 50
1235 33
1236 38
1237 42
1238 33
1239 35
1240 31
1241 38
1242 36
1243 48
1244 35
1245 36
1246 48
1247 41
1248 36
1249 45
1250 40
1251 21
1252 34
1253 34
1254 33
1255 43
1256 37
1257 25
1258 37
1259 35
1260 29
1261 25
1262 42
1263 30
1264 27
1265 29
1266 20
1267 26
1268 37
1269 37
1270 30
1271 32
1272 33
1273 32
1274 36
1275 32
1276 33
1277 32
1278 24
1279 36
1280 29
1281 27
1282 24
1283 25
1284 29
1285 30
1286 36
1287 29
1288 28
1289 34
1290 20
1291 25
1292 29
1293 29
1294 30
1295 27
1296 26
1297 27
1298 26
1299 28
1300 23
1301 20
1302 22
1303 19
1304 32
1305 23
1306 25
1307 27
1308 21
1309 29
1310 18
1311 24
1312 34
1313 16
1314 22
1315 25
1316 22
1317 26
1318 32
1319 27
1320 29
1321 19
1322 21
1323 16
1324 22
1325 20
1326 22
1327 16
1328 23
1329 15
1330 27
1331 11
1332 12
1333 18
1334 29
1335 18
1336 18
1337 18
1338 18
1339 22
1340 24
1341 15
1342 21
1343 22
1344 17
1345 19
1346 17
1347 22
1348 16
1349 22
1350 17
1351 16
1352 25
1353 18
1354 24
1355 12
1356 20
1357 13
1358 16
1359 14
1360 11
1361 28
1362 20
1363 21
1364 12
1365 13
1366 22
1367 15
1368 19
1369 24
1370 17
1371 15
1372 9
1373 15
1374 17
1375 19
1376 12
1377 11
1378 20
1379 23
1380 18
1381 11
1382 11
1383 13
1384 11
1385 17
1386 11
1387 10
1388 9
1389 9
1390 13
1391 16
1392 11
1393 6
1394 14
1395 16
1396 11
1397 17
1398 12
1399 12
1400 18
1401 16
1402 16
1403 15
1404 10
1405 4
1406 12
1407 14
1408 10
1409 14
1410 11
1411 7
1412 11
1413 15
1414 21
1415 12
1416 14
1417 14
1418 14
1419 12
1420 11
1421 13
1422 7
1423 14
1424 10
1425 8
1426 12
1427 10
1428 11
1429 6
1430 17
1431 10
1432 10
1433 9
1434 12
1435 10
1436 9
1437 7
1438 11
1439 10
1440 11
1441 7
1442 11
1443 6
1444 12
1445 9
1446 6
1447 8
1448 11
1449 8
1450 10
1451 9
1452 11
1453 11
1454 10
1455 7
1456 15
1457 8
1458 12
1459 8
1460 5
1461 8
1462 4
1463 12
1464 6
1465 11
1466 8
1467 8
1468 8
1469 9
1470 11
1471 10
1472 14
1473 8
1474 7
1475 8
1476 5
1477 4
1478 8
1479 8
1480 7
1481 3
1482 9
1483 12
1484 2
1485 9
1486 6
1487 10
1488 10
1489 2
1490 9
1491 11
1492 4
1493 9
1494 5
1495 5
1496 3
1497 8
1498 7
1499 5
1500 13
1501 5
1502 6
1503 5
1504 5
1505 4
1506 5
1507 8
1508 9
1509 10
1510 10
1511 8
1512 2
1513 5
1514 2
1515 4
1516 4
1517 5
1518 6
1519 5
1520 6
1521 6
1522 2
1523 7
1524 7
1525 2
1526 9
1527 2
1528 4
1529 5
1530 6
1531 2
1532 5
1533 3
1534 2
1535 8
1536 6
1537 4
1538 3
1539 2
1540 0
1541 7
1542 4
1543 4
1544 2
1545 4
1546 6
1547 1
1548 3
1549 5
1550 4
1551 0
1552 0
1553 3
1554 5
1555 3
1556 5
1557 6
1558 3
1559 10
1560 6
1561 4
1562 2
1563 4
1564 2
1565 2
1566 7
1567 3
1568 7
1569 4
1570 3
1571 3
1572 6
1573 1
1574 2
1575 5
1576 2
1577 5
1578 5
1579 6
1580 2
1581 3
1582 3
1583 2
1584 1
1585 1
1586 2
1587 1
1588 3
1589 1
1590 2
1591 3
1592 2
1593 2
1594 3
1595 4
1596 4
1597 8
1598 5
1599 4
1600 5
1601 1
1602 2
1603 1
1604 6
1605 4
1606 6
1607 2
1608 6
1609 3
1610 2
1611 2
1612 0
1613 3
1614 1
1615 1
1616 4
1617 1
1618 4
1619 0
1620 1
1621 2
1622 1
1623 1
1624 2
1625 0
1626 2
1627 0
1628 3
1629 5
1630 3
1631 1
1632 1
1633 1
1634 4
1635 3
1636 1
1637 3
1638 0
1639 1
1640 3
1641 1
1642 3
1643 1
1644 0
1645 2
1646 2
1647 2
1648 3
1649 1
1650 0
1651 2
1652 1
1653 2
1654 1
1655 2
1656 2
1657 1
1658 0
1659 1
1660 2
1661 0
1662 1
1663 3
1664 0
1665 3
1666 2
1667 1
1668 1
1669 1
1670 1
1671 1
1672 1
1673 0
1674 4
1675 0
1676 1
1677 0
1678 3
1679 0
1680 1
1681 2
1682 1
1683 0
1684 2
1685 4
1686 2
1687 2
1688 1
1689 0
1690 3
1691 2
1692 2
1693 0
1694 4
1695 1
1696 1
1697 0
1698 4
1699 1
1700 1
1701 3
1702 0
1703 1
1704 0
1705 2
1706 0
1707 1
1708 0
1709 0
1710 2
1711 1
1712 0
1713 1
1714 1
1715 1
1716 1
1717 1
1718 0
1719 1
1720 0
1721 0
1722 0
1723 2
1724 0
1725 1
1726 4
1727 4
1728 1
1729 0
1730 2
1731 0
1732 1
1733 1
1734 1
1735 0
1736 1
1737 2
1738 1
1739 1
1740 0
1741 0
1742 2
1743 1
1744 0
1745 1
1746 1
1747 0
1748 1
1749 1
1750 0
1751 1
1752 2
1753 0
1754 1
1755 1
1756 0
1757 2
1758 0
1759 0
1760 1
1761 0
1762 1
1763 0
1764 0
1765 0
1766 1
1767 0
1768 0
1769 0
1770 2
1771 1
1772 0
1773 0
1774 1
1775 1
1776 0
1777 0
1778 2
1779 0
1780 1
1781 0
1782 0
1783 1
1784 0
1785 0
1786 1
1787 0
1788 0
1789 0
1790 2
1791 2
1792 1
1793 0
1794 1
1795 0
1796 1
1797 0
1798 0
1799 1
1800 0
1801 1
1802 3
1803 1
1804 1
1805 1
1806 0
1807 1
1808 1
1809 0
1810 0
1811 1
1812 1
1813 0
1814 0
1815 0
1816 0
1817 0
1818 0
1819 0
1820 0
1821 0
1822 0
1823 0
1824 2
1825 0
1826 1
1827 0
1828 0
1829 0
1830 0
1831 0
1832 0
1833 1
1834 0
1835 0
1836 1
1837 0
1838 0
1839 0
1840 0
1841 0
1842 0
1843 0
1844 0
1845 0
1846 0
1847 0
1848 0
1849 0
1850 0
1851 0
1852 0
1853 0
1854 1
1855 0
1856 0
1857 0
1858 1
1859 0
1860 0
1861 0
1862 0
1863 1
1864 1
1865 0
1866 0
1867 0
1868 0
1869 0
1870 1
1871 0
1872 0
1873 1
1874 0
1875 0
1876 0
1877 0
1878 0
1879 0
1880 0
1881 0
1882 0
1883 1
1884 0
1885 0
1886 0
1887 0
1888 1
1889 1
1890 0
1891 0
1892 0
1893 0
1894 0
1895 0
1896 0
1897 0
1898 0
1899 1
1900 1
1901 1
1902 0
1903 1
1904 0
1905 0
1906 0
1907 0
1908 1
1909 0
1910 0
1911 0
1912 0
1913 0
1914 0
1915 0
1916 0
1917 0
1918 1
1919 1
1920 0
1921 0
1922 0
1923 0
1924 0
1925 0
1926 1
1927 0
1928 1
1929 0
1930 0
1931 0
1932 0
1933 0
1934 1
1935 0
1936 0
1937 0
1938 0
1939 1
1940 0
1941 0
1942 0
1943 0
1944 0
1945 0
1946 0
1947 0
1948 0
1949 1
1950 0
1951 0
1952 0
1953 0
1954 0
1955 0
1956 0
1957 0
1958 0
1959 0
1960 0
1961 0
1962 0
1963 0
1964 0
1965 0
1966 0
1967 0
1968 0
1969 0
1970 0
1971 0
1972 0
1973 0
1974 0
1975 0
1976 0
1977 1
1978 0
1979 0
1980 0
1981 0
1982 0
1983 0
1984 0
1985 0
1986 0
1987 0
1988 0
1989 0
1990 0
1991 1
1992 0
1993 0
1994 0
1995 0
1996 0
1997 0
1998 0
1999 0
2000 0
2001 0
2002 0
2003 0
2004 0
2005 0
2006 0
2007 0
2008 0
2009 0
2010 0
2011 0
2012 0
2013 1
2014 0
2015 0
2016 0
2017 0
2018 0
2019 1
2020 0
2021 0
2022 0
2023 0
2024 0
2025 1
2026 0
2027 1
2028 0
2029 0
2030 0
2031 0
2032 0
2033 1
2034 0
2035 0
2036 0
2037 0
2038 0
2039 0
2040 0
2041 0
2042 0
2043 0
2044 0
2045 0
2046 0
2047 0
2048 0
2049 0
2050 0
2051 0
2052 0
2053 0
2054 0
2055 1
2056 0
2057 0
2058 0
2059 1
2060 1
2061 0
2062 0
2063 0
2064 0
2065 0
2066 0
2067 0
2068 0
2069 0
2070 0
2071 0
2072 1
2073 0
2074 0
2075 0
2076 0
2077 0
2078 0
2079 1
2080 0
2081 0
2082 0
2083 0
2084 0
2085 0
2086 0
2087 1
2088 0
2089 0
2090 0
2091 0
2092 0
2093 0
2094 0
2095 1
2096 0
2097 0
2098 0
2099 0
2100 0
2101 0
2102 0
2103 0
2104 0
2105 0
2106 0
2107 0
2108 0
2109 0
2110 0
2111 0
2112 0
2113 0
2114 0
2115 0
2116 0
2117 1
2118 0
2119 0
2120 0
2121 0
2122 0
2123 0
2124 0
2125 0
2126 0
2127 0
2128 0
2129 0
2130 0
2131 0
2132 0
2133 0
2134 0
2135 0
2136 0
2137 1
2138 0
2139 0
2140 0
2141 0
2142 0
2143 0
2144 0
2145 0
2146 0
2147 0
2148 0
2149 0
2150 0
2151 0
2152 0
2153 0
2154 0
2155 0
2156 0
2157 0
2158 0
2159 0
2160 0
2161 0
2162 0
2163 0
2164 0
2165 0
2166 0
2167 0
2168 0
2169 0
2170 0
2171 0
2172 0
2173 0
2174 0
2175 0
2176 0
2177 0
2178 0
2179 0
2180 0
2181 0
2182 0
2183 0
2184 0
2185 0
2186 0
2187 0
2188 0
2189 0
2190 0
2191 0
2192 0
2193 0
2194 0
2195 0
2196 0
2197 0
2198 0
2199 0
2200 0
2201 0
2202 0
2203 0
2204 0
2205 0
2206 0
2207 0
2208 0
2209 0
2210 0
2211 0
2212 0
2213 0
2214 0
2215 0
2216 0
2217 1
2218 0
2219 0
2220 0
2221 0
2222 0
2223 0
2224 0
2225 0
2226 0
2227 0
2228 0
2229 0
2230 0
2231 0
2232 0
2233 0
2234 0
2235 0
2236 0
2237 0
2238 0
2239 0
2240 0
2241 0
2242 0
2243 0
2244 0
2245 0
2246 0
2247 1
2248 0
2249 0
2250 0
2251 0
2252 0
2253 0
2254 0
2255 0
2256 0
2257 0
2258 0
2259 0
2260 0
2261 0
2262 0
2263 1
2264 0
2265 0
2266 0
2267 0
2268 0
2269 0
2270 0
2271 0
2272 0
2273 0
2274 0
2275 0
2276 0
2277 0
2278 0
2279 0
2280 0
2281 0
2282 0
2283 0
2284 0
2285 0
2286 0
2287 0
2288 0
2289 0
2290 0
2291 0
2292 0
2293 0
2294 0
2295 0
2296 0
2297 0
2298 0
2299 0
2300 0
2301 0
2302 0
2303 0
2304 0
2305 0
2306 0
2307 0
2308 0
2309 0
2310 0
2311 0
2312 0
2313 0
2314 0
2315 0
2316 0
2317 0
2318 0
2319 0
2320 0
2321 0
2322 0
2323 0
2324 0
2325 0
2326 1
2327 0
2328 0
2329 0
2330 0
2331 0
2332 0
2333 0
2334 0
2335 0
2336 0
2337 0
2338 0
2339 0
2340 0
2341 0
2342 0
2343 1
2344 0
2345 0
2346 0
2347 0
2348 0
2349 0
2350 0
2351 0
2352 0
2353 0
2354 0
2355 0
2356 0
2357 0
2358 0
2359 0
2360 0
2361 0
2362 0
2363 0
2364 0
2365 0
2366 0
2367 0
2368 0
2369 0
2370 0
2371 0
2372 0
2373 0
2374 0
2375 0
2376 0
2377 0
2378 0
2379 0
2380 0
2381 0
2382 0
2383 0
2384 0
2385 0
2386 0
2387 0
2388 0
2389 0
2390 0
2391 0
2392 0
2393 0
2394 0
2395 0
2396 0
2397 0
2398 0
2399 0
2400 0
2401 0
2402 0
2403 0
2404 0
2405 0
2406 0
2407 0
2408 0
2409 0
2410 0
2411 0
2412 0
2413 0
2414 0
2415 0
2416 0
2417 0
2418 0
2419 0
2420 0
2421 0
2422 0
2423 0
2424 0
2425 0
2426 0
2427 0
2428 0
2429 0
2430 0
2431 0
2432 0
2433 0
2434 0
2435 0
2436 0
2437 0
2438 0
2439 0
2440 0
2441 0
2442 0
2443 0
2444 0
2445 1
2446 0
2447 0
2448 0
2449 0
2450 0
2451 0
2452 0
2453 0
2454 0
2455 0
2456 0
2457 0
2458 0
2459 0
2460 0
2461 0
2462 0
2463 0
2464 0
2465 0
2466 0
2467 0
2468 0
2469 1
2470 0
2471 0
2472 0
2473 0
2474 0
2475 0
2476 0
2477 0
2478 0
2479 0
2480 0
2481 0
2482 0
2483 0
2484 0
2485 0
2486 0
2487 0
2488 0
2489 0
2490 0
2491 0
2492 0
2493 0
2494 0
2495 0
2496 0
2497 0
2498 0
2499 0
2500 0
2501 0
2502 0
2503 0
2504 0
2505 0
2506 0
2507 0
2508 0
2509 0
2510 0
2511 0
2512 0
2513 0
2514 0
2515 0
2516 0
2517 0
2518 0
2519 0
2520 0
2521 0
2522 0
2523 0
2524 0
2525 1
2526 0
2527 0
2528 0
2529 0
2530 0
2531 0
2532 0
2533 0
2534 0
2535 0
2536 0
2537 0
2538 0
2539 0
2540 0
2541 0
2542 0
2543 0
2544 0
2545 0
2546 0
2547 0
2548 0
2549 0
2550 0
2551 0
2552 0
2553 0
2554 0
2555 0
2556 0
2557 0
2558 0
2559 0
2560 0
2561 0
2562 0
2563 0
2564 0
2565 0
2566 0
2567 0
2568 0
2569 0
2570 0
2571 0
2572 0
2573 0
2574 0
2575 0
2576 0
2577 0
2578 0
2579 0
2580 0
2581 0
2582 0
2583 1
2584 0
2585 0
2586 0
2587 0
2588 0
2589 0
2590 0
2591 0
2592 0
2593 0
2594 0
2595 0
2596 0
2597 0
2598 0
2599 0
2600 0
2601 0
2602 0
2603 0
2604 0
2605 0
2606 0
2607 0
2608 0
2609 0
2610 0
2611 0
2612 0
2613 0
2614 1
2615 0
2616 0
2617 0
2618 0
2619 0
2620 0
2621 0
2622 0
2623 0
2624 0
2625 0
2626 0
2627 0
2628 0
2629 0
2630 0
2631 0
2632 0
2633 0
2634 0
2635 0
2636 0
2637 0
2638 0
2639 0
2640 0
2641 0
2642 0
2643 0
2644 1
2645 0
2646 0
2647 0
2648 0
2649 0
2650 0
2651 0
2652 0
2653 0
2654 0
2655 0
2656 0
2657 0
2658 0
2659 1
2660 0
2661 0
2662 0
2663 0
2664 0
2665 0
2666 0
2667 0
2668 0
2669 0
2670 0
2671 0
2672 0
2673 0
2674 0
2675 0
2676 0
2677 0
2678 0
2679 0
2680 0
2681 0
2682 0
2683 0
2684 0
2685 1
2686 0
2687 0
2688 0
2689 0
2690 0
2691 0
2692 0
2693 0
2694 0
2695 0
2696 0
2697 0
2698 0
2699 0
2700 0
2701 0
2702 0
2703 0
2704 0
2705 0
2706 0
2707 0
2708 0
2709 0
2710 0
2711 0
2712 0
2713 0
2714 0
2715 0
2716 0
2717 0
2718 0
2719 0
2720 0
2721 0
2722 0
2723 0
2724 1
2725 0
2726 0
2727 0
2728 0
2729 0
2730 0
2731 0
2732 0
2733 0
2734 0
2735 0
2736 0
2737 0
2738 0
2739 0
2740 0
2741 0
2742 0
2743 0
2744 0
2745 0
2746 0
2747 0
2748 0
2749 0
2750 0
2751 0
2752 0
2753 0
2754 0
2755 0
2756 0
2757 0
2758 0
2759 0
2760 0
2761 0
2762 0
2763 0
2764 0
2765 0
2766 0
2767 0
2768 0
2769 0
2770 0
2771 0
2772 0
2773 0
2774 0
2775 0
2776 0
2777 0
2778 0
2779 0
2780 0
2781 0
2782 0
2783 0
2784 0
2785 1
2786 0
2787 0
2788 0
2789 0
2790 0
2791 0
2792 0
2793 0
2794 0
2795 0
2796 0
2797 0
2798 0
2799 0
2800 0
2801 0
2802 0
2803 0
2804 0
2805 0
2806 0
2807 0
2808 0
2809 0
2810 0
2811 0
2812 0
2813 0
2814 0
2815 0
2816 0
2817 0
2818 0
2819 0
2820 0
2821 0
2822 0
2823 0
2824 0
2825 0
2826 0
2827 0
2828 0
2829 0
2830 0
2831 0
2832 0
2833 0
2834 0
2835 0
2836 0
2837 0
2838 0
2839 0
2840 0
2841 0
2842 0
2843 0
2844 0
2845 0
2846 0
2847 0
2848 0
2849 0
2850 0
2851 0
2852 0
2853 0
2854 1
2855 0
2856 0
2857 0
2858 0
2859 0
2860 1
2861 0
2862 0
2863 0
2864 0
2865 0
2866 0
2867 0
2868 0
2869 0
2870 0
2871 0
2872 0
2873 0
2874 0
2875 0
2876 0
2877 0
2878 0
2879 0
2880 0
2881 0
2882 0
2883 0
2884 0
2885 0
2886 0
2887 0
2888 0
2889 0
2890 0
2891 0
2892 0
2893 0
2894 0
2895 0
2896 0
2897 0
2898 0
2899 0
2900 0
2901 0
2902 0
2903 0
2904 0
2905 0
2906 0
2907 1
2908 0
2909 0
2910 0
2911 0
2912 0
2913 0
2914 0
2915 0
2916 0
2917 0
2918 0
2919 0
2920 0
2921 0
2922 0
2923 0
2924 0
2925 0
2926 0
2927 0
2928 0
2929 0
2930 0
2931 0
2932 0
2933 0
2934 0
2935 0
2936 0
2937 0
2938 0
2939 0
2940 0
2941 0
2942 0
2943 0
2944 0
2945 0
2946 0
2947 0
2948 0
2949 0
2950 0
2951 0
2952 0
2953 0
2954 0
2955 0
2956 1
2957 0
2958 0
2959 0
2960 0
2961 0
2962 0
2963 0
2964 0
2965 0
2966 0
2967 0
2968 0
2969 0
2970 0
2971 0
2972 0
2973 0
2974 0
2975 0
2976 0
2977 0
2978 0
2979 0
2980 0
2981 0
2982 0
2983 0
2984 0
2985 0
2986 0
2987 0
2988 0
2989 0
2990 0
2991 0
2992 0
2993 0
2994 0
2995 1
2996 0
2997 0
2998 0
2999 0
3000 0
3001 0
3002 0
3003 0
3004 0
3005 0
3006 0
3007 0
3008 0
3009 0
3010 0
3011 0
3012 0
3013 0
3014 0
3015 0
3016 0
3017 0
3018 0
3019 0
3020 0
3021 0
3022 1
3023 0
3024 0
3025 0
3026 0
3027 0
3028 0
3029 0
3030 0
3031 0
3032 0
3033 0
3034 0
3035 0
3036 0
3037 0
3038 0
3039 0
3040 0
3041 0
3042 0
3043 0
3044 0
3045 0
3046 0
3047 0
3048 0
3049 0
3050 0
3051 0
3052 0
3053 0
3054 0
3055 0
3056 0
3057 0
3058 0
3059 0
3060 0
3061 0
3062 0
3063 0
3064 0
3065 0
3066 0
3067 0
3068 0
3069 1
3070 0
3071 0
3072 0
3073 0
3074 0
3075 0
3076 0
3077 0
3078 0
3079 0
3080 0
3081 0
3082 0
3083 0
3084 0
3085 0
3086 0
3087 0
3088 0
3089 0
3090 0
3091 0
3092 0
3093 0
3094 0
3095 0
3096 0
3097 0
3098 0
3099 0
3100 0
3101 0
3102 0
3103 0
3104 0
3105 0
3106 0
3107 0
3108 0
3109 0
3110 0
3111 0
3112 0
3113 0
3114 0
3115 0
3116 0
3117 0
3118 0
3119 0
3120 0
3121 0
3122 0
3123 0
3124 0
3125 0
3126 0
3127 0
3128 0
3129 0
3130 0
3131 0
3132 0
3133 0
3134 0
3135 0
3136 0
3137 0
3138 0
3139 0
3140 0
3141 0
3142 0
3143 0
3144 0
3145 0
3146 1
3147 0
3148 0
3149 0
3150 0
3151 0
3152 0
3153 0
3154 0
3155 0
3156 0
3157 1
3158 0
3159 0
3160 0
3161 0
3162 0
3163 0
3164 0
3165 0
3166 0
3167 0
3168 1
3169 0
3170 0
3171 0
3172 0
3173 0
3174 0
3175 0
3176 0
3177 0
3178 0
3179 0
3180 0
3181 0
3182 0
3183 0
3184 0
3185 0
3186 0
3187 0
3188 0
3189 0
3190 0
3191 0
3192 0
3193 0
3194 0
3195 0
3196 0
3197 0
3198 0
3199 0
3200 0
3201 0
3202 0
3203 0
3204 0
3205 0
3206 0
3207 0
3208 0
3209 0
3210 0
3211 0
3212 0
3213 0
3214 0
3215 1
3216 0
3217 0
3218 1
3219 0
3220 0
3221 0
3222 0
3223 0
3224 0
3225 0
3226 0
3227 0
3228 0
3229 0
3230 0
3231 0
3232 0
3233 0
3234 0
3235 0
3236 0
3237 0
3238 0
3239 0
3240 0
3241 0
3242 0
3243 0
3244 0
3245 0
3246 0
3247 0
3248 0
3249 0
3250 0
3251 0
3252 0
3253 0
3254 0
3255 0
3256 0
3257 0
3258 0
3259 0
3260 0
3261 0
3262 0
3263 0
3264 0
3265 0
3266 0
3267 0
3268 0
3269 0
3270 0
3271 0
3272 0
3273 0
3274 0
3275 0
3276 0
3277 0
3278 0
3279 0
3280 0
3281 0
3282 0
3283 0
3284 0
3285 0
3286 0
3287 0
3288 0
3289 0
3290 0
3291 0
3292 0
3293 0
3294 0
3295 0
3296 0
3297 0
3298 0
3299 0
3300 0
3301 0
3302 0
3303 0
3304 0
3305 0
3306 0
3307 0
3308 0
3309 0
3310 0
3311 0
3312 0
3313 0
3314 0
3315 0
3316 0
3317 0
3318 0
3319 0
3320 0
3321 0
3322 0
3323 0
3324 0
3325 0
3326 0
3327 0
3328 0
3329 0
3330 0
3331 0
3332 0
3333 0
3334 0
3335 0
3336 0
3337 1
3338 0
3339 0
3340 0
3341 0
3342 0
3343 0
3344 0
3345 0
3346 0
3347 0
3348 0
3349 0
3350 0
3351 0
3352 0
3353 0
3354 0
3355 0
3356 0
3357 0
3358 1
3359 0
3360 0
3361 0
3362 0
3363 0
3364 0
3365 0
3366 0
3367 0
3368 0
3369 0
3370 0
3371 0
3372 0
3373 0
3374 0
3375 0
3376 0
3377 0
3378 1
3379 0
3380 0
3381 0
3382 0
3383 0
3384 0
3385 0
3386 0
3387 0
3388 0
3389 0
3390 0
3391 0
3392 0
3393 0
3394 0
3395 0
3396 0
3397 0
3398 0
3399 0
3400 0
3401 0
3402 0
3403 0
3404 0
3405 0
3406 0
3407 0
3408 0
3409 0
3410 0
3411 0
3412 0
3413 0
3414 0
3415 0
3416 0
3417 0
3418 0
3419 0
3420 0
3421 0
3422 0
3423 0
3424 0
3425 0
3426 0
3427 0
3428 0
3429 0
3430 0
3431 0
3432 0
3433 0
3434 0
3435 0
3436 0
3437 0
3438 1
3439 0
3440 0
3441 0
3442 0
3443 0
3444 0
3445 0
3446 0
3447 0
3448 0
3449 0
3450 0
3451 0
3452 0
3453 0
3454 0
3455 0
3456 1
3457 0
3458 0
3459 0
3460 0
3461 1
3462 0
3463 0
3464 0
3465 0
3466 0
3467 0
3468 0
3469 0
3470 0
3471 0
3472 0
3473 0
3474 0
3475 0
3476 0
3477 0
3478 0
3479 0
3480 0
3481 0
3482 0
3483 0
3484 0
3485 0
3486 0
3487 0
3488 0
3489 0
3490 0
3491 0
3492 0
3493 0
3494 0
3495 0
3496 0
3497 0
3498 0
3499 0
3500 0
3501 0
3502 0
3503 0
3504 0
3505 0
3506 0
3507 0
3508 0
3509 0
3510 0
3511 0
3512 0
3513 0
3514 0
3515 0
3516 0
3517 0
3518 0
3519 0
3520 0
3521 0
3522 0
3523 0
3524 0
3525 0
3526 0
3527 0
3528 0
3529 0
3530 0
3531 0
3532 0
3533 0
3534 0
3535 0
3536 0
3537 0
3538 0
3539 0
3540 0
3541 0
3542 0
3543 0
3544 0
3545 0
3546 0
3547 0
3548 0
3549 0
3550 0
3551 0
3552 0
3553 0
3554 0
3555 0
3556 0
3557 0
3558 0
3559 0
3560 0
3561 0
3562 0
3563 0
3564 0
3565 0
3566 0
3567 0
3568 0
3569 0
3570 0
3571 0
3572 0
3573 0
3574 0
3575 0
3576 0
3577 0
3578 0
3579 0
3580 0
3581 0
3582 0
3583 0
3584 0
3585 0
3586 0
3587 0
3588 0
3589 0
3590 0
3591 0
3592 0
3593 0
3594 0
3595 0
3596 0
3597 0
3598 0
3599 0
3600 0
3601 0
3602 0
3603 0
3604 0
3605 0
3606 0
3607 0
3608 0
3609 0
3610 0
3611 0
3612 0
3613 0
3614 0
3615 0
3616 0
3617 0
3618 0
3619 0
3620 0
3621 0
3622 0
3623 0
3624 0
3625 0
3626 0
3627 0
3628 0
3629 0
3630 0
3631 0
3632 0
3633 0
3634 0
3635 0
3636 0
3637 0
3638 0
3639 0
3640 0
3641 1
3642 0
3643 0
3644 0
3645 0
3646 0
3647 0
3648 0
3649 0
3650 0
3651 0
3652 0
3653 0
3654 0
3655 0
3656 0
3657 0
3658 0
3659 0
3660 0
3661 0
3662 0
3663 0
3664 0
3665 0
3666 0
3667 0
3668 0
3669 0
3670 0
3671 0
3672 0
3673 0
3674 0
3675 0
3676 0
3677 0
3678 0
3679 0
3680 0
3681 0
3682 0
3683 0
3684 0
3685 0
3686 0
3687 0
3688 0
3689 0
3690 0
3691 0
3692 0
3693 0
3694 0
3695 0
3696 0
3697 0
3698 0
3699 0
3700 0
3701 0
3702 0
3703 0
3704 0
3705 0
3706 0
3707 0
3708 0
3709 0
3710 0
3711 0
3712 0
3713 0
3714 0
3715 0
3716 0
3717 0
3718 0
3719 0
3720 0
3721 0
3722 0
3723 0
3724 0
3725 0
3726 0
3727 0
3728 0
3729 0
3730 0
3731 0
3732 0
3733 0
3734 0
3735 0
3736 0
3737 0
3738 0
3739 0
3740 0
3741 0
3742 1
3743 0
3744 0
3745 0
3746 0
3747 0
3748 0
3749 0
3750 0
3751 0
3752 0
3753 0
3754 0
3755 0
3756 0
3757 0
3758 0
3759 0
3760 0
3761 0
3762 0
3763 0
3764 0
3765 0
3766 0
3767 0
3768 0
3769 0
3770 0
3771 0
3772 0
3773 0
3774 0
3775 0
3776 0
3777 0
3778 0
3779 0
3780 0
3781 0
3782 0
3783 0
3784 0
3785 0
3786 0
3787 0
3788 0
3789 0
3790 0
3791 0
3792 0
3793 0
3794 0
3795 0
3796 0
3797 0
3798 0
3799 0
3800 0
3801 0
3802 0
3803 0
3804 0
3805 0
3806 0
3807 0
3808 0
3809 0
3810 0
3811 0
3812 0
3813 0
3814 0
3815 0
3816 0
3817 0
3818 0
3819 0
3820 0
3821 0
3822 0
3823 0
3824 0
3825 1
3826 0
3827 0
3828 0
3829 0
3830 0
3831 0
3832 0
3833 0
3834 0
3835 0
3836 0
3837 0
3838 0
3839 0
3840 0
3841 0
3842 0
3843 0
3844 0
3845 0
3846 0
3847 0
3848 0
3849 0
3850 0
3851 0
3852 0
3853 0
3854 0
3855 0
3856 0
3857 0
3858 0
3859 0
3860 0
3861 0
3862 0
3863 0
3864 0
3865 0
3866 0
3867 0
3868 0
3869 0
3870 0
3871 0
3872 0
3873 0
3874 0
3875 0
3876 0
3877 0
3878 0
3879 1
3880 0
3881 0
3882 0
3883 0
3884 0
3885 0
3886 0
3887 0
3888 0
3889 0
3890 0
3891 0
3892 0
3893 0
3894 0
3895 0
3896 0
3897 0
3898 0
3899 0
3900 0
3901 0
3902 0
3903 0
3904 0
3905 0
3906 0
3907 0
3908 0
3909 0
3910 0
3911 0
3912 0
3913 0
3914 0
3915 0
3916 0
3917 0
3918 0
3919 0
3920 0
3921 0
3922 0
3923 0
3924 0
3925 0
3926 0
3927 0
3928 0
3929 0
3930 0
3931 0
3932 0
3933 0
3934 0
3935 0
3936 0
3937 0
3938 0
3939 1
3940 0
3941 0
3942 0
3943 0
3944 0
3945 0
3946 0
3947 0
3948 0
3949 0
3950 0
3951 0
3952 0
3953 0
3954 0
3955 0
3956 0
3957 0
3958 0
3959 0
3960 0
3961 0
3962 0
3963 0
3964 0
3965 0
3966 0
3967 0
3968 0
3969 0
3970 0
3971 0
3972 0
3973 0
3974 0
3975 0
3976 0
3977 0
3978 0
3979 0
3980 0
3981 0
3982 0
3983 0
3984 0
3985 0
3986 0
3987 0
3988 0
3989 0
3990 0
3991 0
3992 0
3993 0
3994 0
3995 0
3996 0
3997 0
3998 0
3999 0
4000 0
