0 0
1 0
2 0
3 0
4 0
5 0
6 0
7 0
8 0
9 0
10 0
11 0
12 0
13 0
14 0
15 0
16 0
17 0
18 0
19 0
20 0
21 0
22 0
23 0
24 0
25 0
26 0
27 0
28 0
29 0
30 0
31 0
32 0
33 0
34 0
35 0
36 0
37 0
38 0
39 0
40 0
41 0
42 0
43 0
44 0
45 0
46 0
47 0
48 0
49 0
50 0
51 0
52 0
53 0
54 0
55 0
56 0
57 0
58 0
59 0
60 0
61 0
62 0
63 0
64 0
65 0
66 0
67 0
68 0
69 0
70 0
71 0
72 0
73 0
74 0
75 0
76 0
77 0
78 0
79 0
80 0
81 0
82 0
83 0
84 0
85 2
86 15
87 42
88 27
89 20
90 23
91 23
92 30
93 22
94 32
95 31
96 38
97 33
98 22
99 18
100 25
101 9
102 10
103 13
104 13
105 13
106 17
107 12
108 6
109 11
110 19
111 166
112 723
113 2384
114 4945
115 7518
116 9658
117 10977
118 11104
119 10651
120 10123
121 9335
122 8493
123 7349
124 6476
125 5628
126 4829
127 4217
128 3542
129 2985
130 2545
131 2254
132 1971
133 1753
134 1580
135 1437
136 1343
137 1273
138 1208
139 1191
140 1192
141 1150
142 1094
143 1129
144 1117
145 1092
146 1121
147 1161
148 1150
149 1159
150 1105
151 1153
152 1069
153 1109
154 1090
155 1151
156 1084
157 1103
158 1108
159 1112
160 1100
161 1120
162 1101
163 1126
164 1116
165 1127
166 1112
167 1131
168 1173
169 1148
170 1263
171 1190
172 1109
173 1141
174 1125
175 1169
176 1182
177 1198
178 1218
179 1167
180 1199
181 1179
182 1141
183 1205
184 1164
185 1260
186 1185
187 1212
188 1223
189 1209
190 1178
191 1273
192 1253
193 1203
194 1148
195 1202
196 1204
197 1209
198 1240
199 1132
200 1272
201 1222
202 1241
203 1223
204 1188
205 1275
206 1232
207 1213
208 1134
209 1257
210 1256
211 1225
212 1234
213 1223
214 1227
215 1192
216 1280
217 1308
218 1226
219 1294
220 1220
221 1203
222 1251
223 1275
224 1269
225 1214
226 1182
227 1300
228 1284
229 1292
230 1275
231 1277
232 1291
233 1243
234 1254
235 1238
236 1278
237 1266
238 1298
239 1329
240 1358
241 1288
242 1311
243 1321
244 1302
245 1226
246 1368
247 1354
248 1252
249 1325
250 1319
251 1282
252 1357
253 1335
254 1271
255 1386
256 1300
257 1369
258 1312
259 1272
260 1412
261 1339
262 1389
263 1342
264 1347
265 1372
266 1353
267 1425
268 1292
269 1364
270 1374
271 1398
272 1376
273 1323
274 1416
275 1381
276 1380
277 1431
278 1481
279 1357
280 1419
281 1450
282 1460
283 1414
284 1455
285 1524
286 1472
287 1413
288 1458
289 1505
290 1514
291 1444
292 1473
293 1513
294 1518
295 1484
296 1562
297 1576
298 1495
299 1546
300 1598
301 1542
302 1575
303 1550
304 1583
305 1567
306 1516
307 1605
308 1535
309 1592
310 1570
311 1670
312 1642
313 1663
314 1633
315 1640
316 1681
317 1761
318 1668
319 1720
320 1679
321 1722
322 1663
323 1656
324 1621
325 1651
326 1700
327 1736
328 1826
329 1712
330 1766
331 1810
332 1730
333 1839
334 1779
335 1745
336 1816
337 1833
338 1780
339 1839
340 1797
341 1796
342 1823
343 1860
344 1829
345 1943
346 1963
347 1903
348 1910
349 1840
350 2028
351 1925
352 1937
353 1866
354 1924
355 1980
356 1918
357 1887
358 2033
359 1960
360 2040
361 2004
362 1983
363 1983
364 2002
365 2086
366 2057
367 1974
368 1977
369 2006
370 2099
371 2011
372 2059
373 2034
374 2017
375 2087
376 2114
377 2051
378 2075
379 2137
380 1966
381 2143
382 2071
383 2035
384 2081
385 2195
386 2120
387 2090
388 2090
389 2060
390 2164
391 2056
392 2128
393 2116
394 2194
395 2127
396 2114
397 2119
398 2039
399 2207
400 2068
401 2111
402 2216
403 2112
404 2094
405 2136
406 2076
407 2123
408 2139
409 2219
410 2111
411 2201
412 2209
413 2153
414 2143
415 2124
416 2144
417 2191
418 2174
419 2134
420 2201
421 2158
422 2191
423 2039
424 2185
425 2182
426 2177
427 2099
428 2158
429 2187
430 2167
431 2125
432 2173
433 2064
434 2139
435 2194
436 2119
437 2091
438 2061
439 2040
440 2122
441 2123
442 2044
443 2053
444 2123
445 2047
446 2053
447 2071
448 1987
449 2079
450 2112
451 2094
452 2061
453 2111
454 2124
455 2065
456 1967
457 2011
458 2007
459 2026
460 1916
461 2103
462 2054
463 1972
464 1943
465 1981
466 1938
467 1944
468 1970
469 1999
470 1974
471 1972
472 1962
473 1986
474 1861
475 1891
476 1857
477 1861
478 1940
479 1907
480 1885
481 1950
482 1855
483 1926
484 1826
485 1868
486 1765
487 1793
488 1810
489 1859
490 1797
491 1808
492 1727
493 1761
494 1818
495 1756
496 1731
497 1753
498 1717
499 1703
500 1641
501 1664
502 1650
503 1632
504 1695
505 1639
506 1669
507 1609
508 1582
509 1659
510 1582
511 1596
512 1637
513 1641
514 1627
515 1612
516 1476
517 1511
518 1547
519 1591
520 1463
521 1518
522 1487
523 1535
524 1434
525 1466
526 1461
527 1474
528 1419
529 1404
530 1384
531 1451
532 1379
533 1380
534 1366
535 1407
536 1401
537 1316
538 1360
539 1319
540 1335
541 1322
542 1335
543 1208
544 1286
545 1258
546 1267
547 1236
548 1309
549 1201
550 1263
551 1204
552 1159
553 1148
554 1277
555 1145
556 1133
557 1115
558 1157
559 1095
560 1104
561 1112
562 1147
563 1089
564 1026
565 1107
566 1089
567 1098
568 1034
569 999
570 1009
571 1059
572 982
573 1044
574 1011
575 962
576 1026
577 1041
578 928
579 974
580 944
581 914
582 955
583 910
584 898
585 916
586 844
587 848
588 879
589 857
590 933
591 914
592 898
593 890
594 807
595 827
596 848
597 844
598 823
599 787
600 749
601 821
602 759
603 801
604 721
605 792
606 802
607 775
608 697
609 695
610 724
611 733
612 727
613 701
614 719
615 690
616 672
617 663
618 671
619 694
620 669
621 627
622 678
623 669
624 709
625 673
626 649
627 664
628 613
629 594
630 609
631 592
632 574
633 631
634 602
635 553
636 564
637 612
638 564
639 538
640 578
641 525
642 552
643 544
644 539
645 520
646 511
647 507
648 522
649 503
650 507
651 506
652 531
653 494
654 500
655 447
656 476
657 460
658 467
659 471
660 516
661 432
662 446
663 459
664 436
665 451
666 478
667 418
668 447
669 428
670 434
671 408
672 421
673 396
674 416
675 377
676 408
677 434
678 372
679 397
680 401
681 396
682 392
683 365
684 400
685 409
686 384
687 385
688 373
689 394
690 362
691 372
692 385
693 351
694 356
695 355
696 337
697 354
698 338
699 350
700 342
701 344
702 376
703 321
704 334
705 347
706 333
707 316
708 325
709 335
710 358
711 324
712 338
713 339
714 333
715 316
716 346
717 307
718 303
719 312
720 274
721 309
722 321
723 303
724 290
725 280
726 294
727 279
728 305
729 321
730 285
731 313
732 277
733 286
734 281
735 262
736 275
737 257
738 276
739 285
740 272
741 260
742 292
743 269
744 277
745 310
746 245
747 273
748 258
749 263
750 248
751 290
752 297
753 282
754 261
755 282
756 246
757 279
758 243
759 300
760 274
761 275
762 285
763 273
764 256
765 282
766 268
767 252
768 276
769 269
770 227
771 261
772 238
773 252
774 246
775 266
776 255
777 247
778 236
779 256
780 253
781 208
782 259
783 244
784 279
785 234
786 257
787 234
788 225
789 241
790 260
791 272
792 259
793 262
794 239
795 263
796 225
797 236
798 248
799 242
800 221
801 235
802 246
803 223
804 261
805 256
806 226
807 243
808 197
809 250
810 227
811 249
812 253
813 232
814 236
815 222
816 213
817 233
818 218
819 238
820 249
821 234
822 229
823 239
824 234
825 229
826 251
827 241
828 237
829 232
830 236
831 224
832 202
833 225
834 218
835 233
836 233
837 261
838 235
839 238
840 239
841 219
842 193
843 226
844 231
845 216
846 224
847 236
848 206
849 239
850 202
851 236
852 226
853 218
854 229
855 234
856 249
857 245
858 219
859 233
860 228
861 238
862 235
863 237
864 233
865 274
866 232
867 222
868 255
869 245
870 237
871 249
872 256
873 218
874 226
875 239
876 218
877 218
878 223
879 218
880 242
881 237
882 227
883 231
884 243
885 239
886 220
887 219
888 218
889 220
890 240
891 217
892 237
893 237
894 240
895 206
896 231
897 231
898 245
899 244
900 242
901 199
902 235
903 219
904 257
905 246
906 234
907 248
908 219
909 211
910 222
911 244
912 221
913 211
914 229
915 232
916 248
917 231
918 233
919 239
920 222
921 219
922 231
923 217
924 228
925 220
926 238
927 226
928 221
929 227
930 224
931 203
932 226
933 198
934 232
935 231
936 203
937 232
938 229
939 233
940 230
941 244
942 202
943 229
944 213
945 230
946 244
947 205
948 220
949 222
950 230
951 242
952 217
953 241
954 236
955 236
956 231
957 222
958 233
959 227
960 213
961 232
962 213
963 222
964 223
965 233
966 235
967 213
968 208
969 242
970 221
971 243
972 213
973 218
974 217
975 205
976 225
977 238
978 219
979 221
980 224
981 240
982 211
983 240
984 233
985 207
986 218
987 224
988 211
989 243
990 208
991 226
992 216
993 203
994 214
995 216
996 222
997 207
998 231
999 223
1000 234
1001 220
1002 207
1003 210
1004 220
1005 217
1006 222
1007 179
1008 199
1009 202
1010 231
1011 231
1012 222
1013 219
1014 195
1015 221
1016 233
1017 218
1018 197
1019 206
1020 230
1021 201
1022 240
1023 239
1024 231
1025 224
1026 249
1027 214
1028 246
1029 218
1030 202
1031 193
1032 193
1033 203
1034 220
1035 197
1036 222
1037 219
1038 206
1039 227
1040 200
1041 224
1042 216
1043 229
1044 203
1045 201
1046 228
1047 203
1048 207
1049 216
1050 195
1051 192
1052 197
1053 223
1054 211
1055 227
1056 221
1057 201
1058 211
1059 211
1060 171
1061 200
1062 174
1063 224
1064 217
1065 222
1066 228
1067 210
1068 192
1069 203
1070 211
1071 214
1072 217
1073 205
1074 199
1075 199
1076 214
1077 210
1078 187
1079 218
1080 211
1081 170
1082 212
1083 192
1084 225
1085 174
1086 208
1087 173
1088 200
1089 199
1090 182
1091 211
1092 207
1093 209
1094 209
1095 206
1096 214
1097 202
1098 207
1099 207
1100 196
1101 185
1102 186
1103 201
1104 188
1105 172
1106 176
1107 184
1108 195
1109 186
1110 199
1111 163
1112 185
1113 181
1114 195
1115 170
1116 203
1117 206
1118 170
1119 181
1120 214
1121 177
1122 183
1123 167
1124 165
1125 191
1126 193
1127 177
1128 182
1129 183
1130 159
1131 179
1132 187
1133 165
1134 179
1135 207
1136 167
1137 182
1138 176
1139 191
1140 188
1141 194
1142 166
1143 174
1144 181
1145 198
1146 189
1147 175
1148 175
1149 179
1150 179
1151 173
1152 158
1153 160
1154 160
1155 163
1156 172
1157 180
1158 149
1159 152
1160 192
1161 199
1162 174
1163 153
1164 186
1165 179
1166 162
1167 148
1168 154
1169 151
1170 155
1171 201
1172 168
1173 159
1174 153
1175 177
1176 142
1177 156
1178 153
1179 144
1180 156
1181 156
1182 169
1183 147
1184 192
1185 162
1186 156
1187 159
1188 142
1189 135
1190 173
1191 133
1192 155
1193 164
1194 155
1195 141
1196 151
1197 151
1198 129
1199 143
1200 139
1201 172
1202 165
1203 157
1204 135
1205 120
1206 140
1207 121
1208 134
1209 143
1210 144
1211 126
1212 155
1213 148
1214 130
1215 134
1216 150
1217 134
1218 146
1219 157
1220 136
1221 140
1222 145
1223 133
1224 132
1225 136
1226 134
1227 136
1228 122
1229 120
1230 128
1231 153
1232 141
1233 130
1234 135
1235 132
1236 129
1237 126
1238 129
1239 108
1240 155
1241 120
1242 130
1243 117
1244 118
1245 111
1246 127
1247 143
1248 111
1249 144
1250 123
1251 107
1252 147
1253 120
1254 114
1255 133
1256 119
1257 131
1258 96
1259 122
1260 131
1261 104
1262 134
1263 111
1264 140
1265 124
1266 116
1267 101
1268 112
1269 112
1270 116
1271 114
1272 125
1273 127
1274 111
1275 110
1276 113
1277 121
1278 114
1279 89
1280 113
1281 117
1282 92
1283 104
1284 127
1285 143
1286 110
1287 104
1288 103
1289 106
1290 87
1291 122
1292 94
1293 98
1294 109
1295 115
1296 104
1297 117
1298 109
1299 107
1300 109
1301 96
1302 95
1303 112
1304 114
1305 116
1306 97
1307 98
1308 93
1309 96
1310 102
1311 91
1312 98
1313 103
1314 91
1315 87
1316 97
1317 90
1318 89
1319 95
1320 90
1321 98
1322 98
1323 93
1324 106
1325 105
1326 100
1327 95
1328 102
1329 74
1330 94
1331 96
1332 106
1333 107
1334 88
1335 88
1336 97
1337 82
1338 87
1339 90
1340 100
1341 80
1342 73
1343 79
1344 80
1345 78
1346 101
1347 76
1348 86
1349 86
1350 86
1351 87
1352 78
1353 73
1354 89
1355 93
1356 83
1357 89
1358 79
1359 83
1360 78
1361 73
1362 87
1363 87
1364 82
1365 85
1366 76
1367 98
1368 63
1369 67
1370 77
1371 63
1372 77
1373 73
1374 72
1375 69
1376 77
1377 85
1378 67
1379 80
1380 73
1381 68
1382 65
1383 63
1384 76
1385 63
1386 80
1387 75
1388 65
1389 83
1390 57
1391 52
1392 74
1393 72
1394 64
1395 69
1396 71
1397 67
1398 63
1399 68
1400 55
1401 82
1402 68
1403 66
1404 56
1405 60
1406 61
1407 65
1408 54
1409 77
1410 75
1411 49
1412 68
1413 59
1414 67
1415 60
1416 61
1417 49
1418 52
1419 68
1420 61
1421 64
1422 57
1423 63
1424 47
1425 62
1426 63
1427 65
1428 58
1429 59
1430 55
1431 55
1432 53
1433 62
1434 56
1435 62
1436 61
1437 63
1438 59
1439 67
1440 48
1441 41
1442 44
1443 61
1444 49
1445 43
1446 47
1447 46
1448 65
1449 54
1450 62
1451 57
1452 63
1453 55
1454 54
1455 48
1456 52
1457 41
1458 37
1459 54
1460 53
1461 72
1462 53
1463 48
1464 44
1465 38
1466 46
1467 51
1468 44
1469 45
1470 43
1471 42
1472 56
1473 49
1474 42
1475 35
1476 55
1477 53
1478 51
1479 40
1480 35
1481 36
1482 45
1483 49
1484 50
1485 50
1486 42
1487 52
1488 45
1489 52
1490 42
1491 44
1492 46
1493 48
1494 42
1495 41
1496 49
1497 37
1498 49
1499 40
1500 41
1501 38
1502 37
1503 43
1504 48
1505 38
1506 32
1507 35
1508 42
1509 48
1510 42
1511 36
1512 40
1513 46
1514 36
1515 28
1516 38
1517 32
1518 38
1519 47
1520 32
1521 44
1522 47
1523 38
1524 38
1525 31
1526 29
1527 35
1528 41
1529 36
1530 30
1531 37
1532 38
1533 35
1534 34
1535 27
1536 34
1537 32
1538 40
1539 30
1540 32
1541 45
1542 24
1543 29
1544 27
1545 30
1546 36
1547 27
1548 26
1549 28
1550 28
1551 38
1552 23
1553 29
1554 29
1555 38
1556 23
1557 27
1558 35
1559 32
1560 31
1561 37
1562 29
1563 29
1564 34
1565 30
1566 30
1567 44
1568 21
1569 28
1570 33
1571 23
1572 28
1573 28
1574 33
1575 26
1576 28
1577 25
1578 30
1579 22
1580 22
1581 30
1582 19
1583 37
1584 23
1585 24
1586 32
1587 32
1588 22
1589 30
1590 26
1591 31
1592 28
1593 28
1594 24
1595 26
1596 25
1597 25
1598 23
1599 20
1600 27
1601 31
1602 24
1603 18
1604 17
1605 24
1606 15
1607 16
1608 28
1609 19
1610 18
1611 19
1612 21
1613 18
1614 21
1615 19
1616 23
1617 26
1618 23
1619 18
1620 22
1621 15
1622 20
1623 19
1624 17
1625 24
1626 25
1627 14
1628 32
1629 15
1630 20
1631 19
1632 22
1633 29
1634 26
1635 16
1636 19
1637 18
1638 22
1639 15
1640 13
1641 16
1642 15
1643 12
1644 16
1645 18
1646 15
1647 19
1648 14
1649 11
1650 11
1651 15
1652 10
1653 21
1654 21
1655 19
1656 18
1657 15
1658 19
1659 20
1660 12
1661 20
1662 23
1663 17
1664 15
1665 13
1666 19
1667 12
1668 12
1669 20
1670 28
1671 12
1672 17
1673 12
1674 10
1675 18
1676 16
1677 19
1678 16
1679 13
1680 11
1681 10
1682 13
1683 13
1684 18
1685 17
1686 9
1687 15
1688 20
1689 15
1690 7
1691 10
1692 12
1693 10
1694 14
1695 11
1696 15
1697 16
1698 14
1699 18
1700 20
1701 13
1702 16
1703 10
1704 12
1705 9
1706 12
1707 9
1708 13
1709 10
1710 11
1711 12
1712 11
1713 15
1714 11
1715 11
1716 13
1717 12
1718 9
1719 9
1720 12
1721 7
1722 11
1723 6
1724 12
1725 12
1726 17
1727 11
1728 9
1729 7
1730 11
1731 6
1732 13
1733 7
1734 12
1735 7
1736 6
1737 14
1738 14
1739 13
1740 11
1741 4
1742 19
1743 9
1744 16
1745 10
1746 24
1747 12
1748 12
1749 9
1750 4
1751 6
1752 5
1753 5
1754 5
1755 17
1756 9
1757 2
1758 8
1759 6
1760 4
1761 10
1762 15
1763 7
1764 4
1765 8
1766 7
1767 9
1768 8
1769 5
1770 9
1771 5
1772 4
1773 8
1774 8
1775 7
1776 6
1777 7
1778 7
1779 11
1780 6
1781 5
1782 6
1783 6
1784 8
1785 4
1786 2
1787 7
1788 4
1789 8
1790 6
1791 9
1792 4
1793 7
1794 7
1795 2
1796 2
1797 3
1798 3
1799 6
1800 3
1801 8
1802 8
1803 4
1804 1
1805 1
1806 5
1807 7
1808 7
1809 4
1810 10
1811 9
1812 6
1813 6
1814 6
1815 7
1816 3
1817 6
1818 5
1819 7
1820 5
1821 4
1822 6
1823 1
1824 8
1825 6
1826 2
1827 5
1828 3
1829 6
1830 1
1831 6
1832 7
1833 10
1834 6
1835 5
1836 5
1837 4
1838 5
1839 4
1840 6
1841 1
1842 4
1843 2
1844 1
1845 6
1846 4
1847 5
1848 3
1849 4
1850 6
1851 5
1852 3
1853 2
1854 7
1855 2
1856 8
1857 2
1858 5
1859 9
1860 3
1861 3
1862 3
1863 5
1864 6
1865 5
1866 1
1867 5
1868 3
1869 1
1870 3
1871 3
1872 3
1873 2
1874 2
1875 1
1876 4
1877 5
1878 2
1879 2
1880 6
1881 2
1882 2
1883 2
1884 2
1885 3
1886 0
1887 2
1888 3
1889 4
1890 1
1891 2
1892 3
1893 2
1894 3
1895 1
1896 0
1897 0
1898 1
1899 4
1900 2
1901 4
1902 3
1903 2
1904 1
1905 1
1906 3
1907 2
1908 1
1909 5
1910 1
1911 2
1912 4
1913 4
1914 1
1915 0
1916 2
1917 3
1918 1
1919 2
1920 2
1921 3
1922 5
1923 1
1924 2
1925 1
1926 3
1927 2
1928 3
1929 3
1930 2
1931 2
1932 4
1933 1
1934 1
1935 4
1936 3
1937 2
1938 0
1939 4
1940 1
1941 1
1942 2
1943 1
1944 1
1945 1
1946 2
1947 1
1948 1
1949 1
1950 0
1951 3
1952 2
1953 2
1954 2
1955 1
1956 1
1957 3
1958 0
1959 2
1960 0
1961 0
1962 2
1963 0
1964 0
1965 1
1966 0
1967 2
1968 4
1969 1
1970 4
1971 1
1972 2
1973 3
1974 1
1975 3
1976 1
1977 0
1978 2
1979 0
1980 1
1981 0
1982 1
1983 0
1984 1
1985 0
1986 1
1987 4
1988 0
1989 1
1990 0
1991 0
1992 2
1993 0
1994 1
1995 0
1996 1
1997 1
1998 1
1999 1
2000 1
2001 1
2002 1
2003 2
2004 0
2005 2
2006 2
2007 1
2008 0
2009 2
2010 1
2011 2
2012 2
2013 1
2014 2
2015 0
2016 0
2017 0
2018 0
2019 0
2020 0
2021 0
2022 2
2023 2
2024 0
2025 1
2026 3
2027 0
2028 0
2029 0
2030 1
2031 0
2032 1
2033 0
2034 1
2035 1
2036 0
2037 0
2038 0
2039 0
2040 0
2041 0
2042 0
2043 2
2044 1
2045 1
2046 1
2047 0
2048 0
2049 0
2050 0
2051 0
2052 0
2053 0
2054 1
2055 2
2056 0
2057 1
2058 2
2059 1
2060 0
2061 0
2062 1
2063 1
2064 0
2065 1
2066 0
2067 1
2068 2
2069 0
2070 1
2071 0
2072 0
2073 0
2074 1
2075 0
2076 0
2077 0
2078 0
2079 0
2080 0
2081 0
2082 0
2083 0
2084 0
2085 0
2086 0
2087 1
2088 1
2089 0
2090 0
2091 2
2092 1
2093 0
2094 0
2095 0
2096 0
2097 0
2098 0
2099 0
2100 2
2101 1
2102 0
2103 0
2104 0
2105 0
2106 0
2107 1
2108 0
2109 2
2110 0
2111 0
2112 1
2113 0
2114 1
2115 0
2116 1
2117 1
2118 1
2119 0
2120 0
2121 0
2122 0
2123 1
2124 0
2125 0
2126 0
2127 0
2128 0
2129 0
2130 0
2131 0
2132 0
2133 0
2134 0
2135 0
2136 0
2137 1
2138 0
2139 0
2140 0
2141 0
2142 0
2143 0
2144 0
2145 0
2146 0
2147 0
2148 1
2149 0
2150 1
2151 0
2152 0
2153 0
2154 0
2155 0
2156 0
2157 0
2158 0
2159 0
2160 0
2161 0
2162 0
2163 0
2164 0
2165 1
2166 0
2167 0
2168 0
2169 0
2170 0
2171 0
2172 0
2173 0
2174 0
2175 0
2176 0
2177 0
2178 0
2179 0
2180 0
2181 0
2182 0
2183 0
2184 0
2185 0
2186 0
2187 0
2188 0
2189 0
2190 0
2191 0
2192 0
2193 0
2194 1
2195 0
2196 1
2197 0
2198 1
2199 0
2200 0
2201 0
2202 0
2203 0
2204 0
2205 0
2206 0
2207 0
2208 0
2209 0
2210 0
2211 0
2212 1
2213 0
2214 0
2215 1
2216 0
2217 1
2218 0
2219 0
2220 0
2221 0
2222 0
2223 0
2224 0
2225 0
2226 0
2227 0
2228 0
2229 0
2230 0
2231 0
2232 0
2233 0
2234 0
2235 0
2236 0
2237 1
2238 1
2239 1
2240 0
2241 0
2242 0
2243 0
2244 0
2245 0
2246 0
2247 1
2248 0
2249 0
2250 0
2251 0
2252 0
2253 0
2254 0
2255 0
2256 0
2257 0
2258 0
2259 0
2260 0
2261 0
2262 0
2263 0
2264 0
2265 0
2266 0
2267 0
2268 0
2269 0
2270 0
2271 0
2272 0
2273 0
2274 0
2275 0
2276 0
2277 0
2278 0
2279 0
2280 0
2281 0
2282 0
2283 0
2284 0
2285 0
2286 0
2287 0
2288 0
2289 0
2290 0
2291 0
2292 0
2293 1
2294 0
2295 0
2296 0
2297 0
2298 0
2299 1
2300 0
2301 0
2302 0
2303 0
2304 0
2305 0
2306 0
2307 0
2308 0
2309 0
2310 0
2311 0
2312 0
2313 0
2314 0
2315 0
2316 0
2317 0
2318 0
2319 0
2320 0
2321 0
2322 0
2323 0
2324 0
2325 0
2326 0
2327 0
2328 0
2329 0
2330 0
2331 0
2332 0
2333 0
2334 0
2335 0
2336 1
2337 0
2338 0
2339 0
2340 0
2341 0
2342 0
2343 0
2344 0
2345 0
2346 0
2347 0
2348 0
2349 0
2350 0
2351 0
2352 0
2353 0
2354 0
2355 0
2356 0
2357 0
2358 0
2359 0
2360 0
2361 0
2362 0
2363 0
2364 0
2365 0
2366 0
2367 0
2368 0
2369 0
2370 1
2371 0
2372 0
2373 0
2374 0
2375 0
2376 0
2377 0
2378 0
2379 0
2380 0
2381 0
2382 0
2383 0
2384 0
2385 0
2386 0
2387 0
2388 0
2389 0
2390 0
2391 0
2392 0
2393 0
2394 0
2395 0
2396 0
2397 0
2398 0
2399 0
2400 0
2401 0
2402 0
2403 0
2404 0
2405 0
2406 0
2407 0
2408 0
2409 0
2410 0
2411 0
2412 0
2413 0
2414 0
2415 0
2416 0
2417 0
2418 0
2419 0
2420 0
2421 0
2422 0
2423 0
2424 0
2425 0
2426 0
2427 0
2428 0
2429 0
2430 0
2431 1
2432 0
2433 0
2434 0
2435 0
2436 0
2437 0
2438 0
2439 0
2440 0
2441 0
2442 0
2443 0
2444 0
2445 0
2446 0
2447 0
2448 0
2449 0
2450 0
2451 0
2452 0
2453 0
2454 0
2455 0
2456 0
2457 0
2458 0
2459 0
2460 0
2461 0
2462 1
2463 0
2464 0
2465 0
2466 0
2467 0
2468 0
2469 0
2470 0
2471 0
2472 0
2473 1
2474 0
2475 0
2476 0
2477 0
2478 0
2479 0
2480 0
2481 0
2482 0
2483 0
2484 0
2485 0
2486 0
2487 0
2488 1
2489 0
2490 0
2491 0
2492 0
2493 0
2494 0
2495 0
2496 0
2497 0
2498 0
2499 0
2500 0
2501 0
2502 0
2503 0
2504 0
2505 0
2506 0
2507 0
2508 0
2509 0
2510 0
2511 0
2512 1
2513 0
2514 0
2515 0
2516 0
2517 1
2518 0
2519 0
2520 0
2521 0
2522 1
2523 0
2524 0
2525 0
2526 0
2527 0
2528 0
2529 0
2530 0
2531 0
2532 0
2533 0
2534 0
2535 0
2536 0
2537 0
2538 0
2539 0
2540 0
2541 0
2542 0
2543 0
2544 0
2545 0
2546 0
2547 1
2548 0
2549 0
2550 0
2551 0
2552 0
2553 0
2554 0
2555 0
2556 0
2557 0
2558 0
2559 0
2560 0
2561 0
2562 0
2563 0
2564 0
2565 0
2566 0
2567 0
2568 0
2569 0
2570 0
2571 0
2572 0
2573 0
2574 0
2575 0
2576 0
2577 0
2578 0
2579 0
2580 0
2581 0
2582 0
2583 0
2584 0
2585 0
2586 0
2587 0
2588 0
2589 0
2590 0
2591 0
2592 0
2593 0
2594 0
2595 0
2596 0
2597 0
2598 0
2599 0
2600 0
2601 0
2602 0
2603 1
2604 0
2605 0
2606 0
2607 0
2608 0
2609 0
2610 0
2611 0
2612 0
2613 0
2614 0
2615 0
2616 0
2617 0
2618 0
2619 0
2620 0
2621 0
2622 0
2623 0
2624 0
2625 0
2626 0
2627 0
2628 0
2629 0
2630 0
2631 0
2632 0
2633 0
2634 0
2635 0
2636 0
2637 0
2638 0
2639 0
2640 0
2641 0
2642 0
2643 0
2644 0
2645 0
2646 0
2647 0
2648 0
2649 0
2650 0
2651 0
2652 0
2653 0
2654 0
2655 0
2656 0
2657 0
2658 0
2659 0
2660 0
2661 0
2662 0
2663 1
2664 0
2665 1
2666 0
2667 0
2668 0
2669 0
2670 0
2671 0
2672 0
2673 0
2674 0
2675 0
2676 0
2677 0
2678 0
2679 0
2680 0
2681 0
2682 0
2683 0
2684 0
2685 0
2686 0
2687 0
2688 0
2689 0
2690 0
2691 0
2692 0
2693 0
2694 0
2695 0
2696 0
2697 0
2698 0
2699 0
2700 0
2701 0
2702 0
2703 0
2704 0
2705 0
2706 0
2707 0
2708 0
2709 0
2710 0
2711 0
2712 0
2713 0
2714 0
2715 0
2716 0
2717 0
2718 0
2719 0
2720 0
2721 0
2722 0
2723 0
2724 0
2725 0
2726 0
2727 0
2728 0
2729 0
2730 0
2731 0
2732 0
2733 0
2734 0
2735 0
2736 0
2737 0
2738 0
2739 0
2740 0
2741 0
2742 0
2743 0
2744 0
2745 0
2746 0
2747 0
2748 0
2749 0
2750 0
2751 0
2752 0
2753 0
2754 0
2755 0
2756 0
2757 0
2758 0
2759 0
2760 0
2761 0
2762 0
2763 0
2764 0
2765 0
2766 0
2767 0
2768 0
2769 0
2770 0
2771 0
2772 0
2773 0
2774 0
2775 0
2776 0
2777 0
2778 0
2779 0
2780 0
2781 0
2782 0
2783 0
2784 0
2785 0
2786 1
2787 0
2788 0
2789 0
2790 0
2791 0
2792 0
2793 0
2794 0
2795 0
2796 0
2797 0
2798 0
2799 0
2800 0
2801 0
2802 0
2803 0
2804 0
2805 0
2806 0
2807 0
2808 0
2809 0
2810 0
2811 0
2812 0
2813 0
2814 0
2815 0
2816 0
2817 0
2818 0
2819 0
2820 0
2821 0
2822 0
2823 0
2824 0
2825 0
2826 0
2827 0
2828 0
2829 0
2830 0
2831 0
2832 0
2833 0
2834 0
2835 0
2836 0
2837 0
2838 0
2839 0
2840 0
2841 0
2842 0
2843 0
2844 1
2845 0
2846 0
2847 0
2848 0
2849 0
2850 0
2851 0
2852 0
2853 0
2854 0
2855 0
2856 0
2857 0
2858 0
2859 0
2860 0
2861 0
2862 0
2863 0
2864 0
2865 0
2866 0
2867 0
2868 0
2869 0
2870 0
2871 0
2872 0
2873 0
2874 0
2875 0
2876 0
2877 0
2878 0
2879 0
2880 0
2881 0
2882 0
2883 0
2884 2
2885 0
2886 0
2887 0
2888 0
2889 0
2890 0
2891 0
2892 0
2893 0
2894 0
2895 0
2896 0
2897 0
2898 0
2899 0
2900 0
2901 0
2902 0
2903 0
2904 0
2905 0
2906 0
2907 0
2908 0
2909 0
2910 0
2911 0
2912 0
2913 0
2914 0
2915 0
2916 0
2917 0
2918 0
2919 0
2920 0
2921 0
2922 0
2923 0
2924 0
2925 0
2926 0
2927 0
2928 0
2929 0
2930 0
2931 0
2932 0
2933 0
2934 0
2935 0
2936 0
2937 0
2938 0
2939 0
2940 0
2941 0
2942 0
2943 0
2944 0
2945 0
2946 0
2947 0
2948 0
2949 0
2950 0
2951 0
2952 0
2953 0
2954 0
2955 0
2956 0
2957 0
2958 0
2959 0
2960 0
2961 0
2962 0
2963 0
2964 0
2965 0
2966 0
2967 0
2968 0
2969 0
2970 0
2971 0
2972 0
2973 0
2974 0
2975 0
2976 0
2977 0
2978 0
2979 0
2980 0
2981 0
2982 0
2983 0
2984 0
2985 0
2986 0
2987 0
2988 0
2989 0
2990 0
2991 0
2992 0
2993 0
2994 0
2995 0
2996 0
2997 0
2998 0
2999 0
3000 0
3001 0
3002 0
3003 0
3004 0
3005 0
3006 0
3007 0
3008 0
3009 0
3010 0
3011 0
3012 0
3013 0
3014 0
3015 0
3016 0
3017 0
3018 0
3019 0
3020 0
3021 0
3022 0
3023 0
3024 0
3025 0
3026 1
3027 0
3028 0
3029 0
3030 0
3031 0
3032 0
3033 0
3034 0
3035 0
3036 0
3037 0
3038 0
3039 0
3040 0
3041 0
3042 0
3043 0
3044 0
3045 0
3046 0
3047 0
3048 0
3049 0
3050 0
3051 0
3052 0
3053 0
3054 0
3055 0
3056 0
3057 0
3058 0
3059 0
3060 0
3061 0
3062 0
3063 0
3064 0
3065 0
3066 0
3067 0
3068 0
3069 0
3070 0
3071 0
3072 0
3073 0
3074 0
3075 0
3076 0
3077 0
3078 0
3079 0
3080 0
3081 0
3082 0
3083 0
3084 0
3085 0
3086 0
3087 0
3088 0
3089 0
3090 0
3091 0
3092 0
3093 0
3094 0
3095 0
3096 0
3097 0
3098 0
3099 0
3100 0
3101 0
3102 0
3103 0
3104 0
3105 0
3106 0
3107 0
3108 0
3109 0
3110 0
3111 0
3112 0
3113 0
3114 0
3115 0
3116 0
3117 0
3118 0
3119 0
3120 0
3121 0
3122 0
3123 0
3124 0
3125 0
3126 0
3127 0
3128 0
3129 0
3130 0
3131 0
3132 0
3133 0
3134 0
3135 0
3136 0
3137 0
3138 0
3139 0
3140 0
3141 0
3142 0
3143 0
3144 0
3145 0
3146 0
3147 0
3148 0
3149 0
3150 0
3151 0
3152 0
3153 0
3154 0
3155 0
3156 0
3157 0
3158 0
3159 0
3160 0
3161 0
3162 0
3163 0
3164 0
3165 0
3166 0
3167 0
3168 0
3169 0
3170 0
3171 1
3172 0
3173 0
3174 0
3175 0
3176 0
3177 0
3178 0
3179 0
3180 0
3181 0
3182 0
3183 0
3184 0
3185 0
3186 0
3187 0
3188 0
3189 0
3190 0
3191 0
3192 0
3193 0
3194 0
3195 0
3196 0
3197 0
3198 0
3199 0
3200 0
3201 0
3202 0
3203 0
3204 0
3205 0
3206 0
3207 0
3208 0
3209 0
3210 0
3211 0
3212 0
3213 0
3214 0
3215 0
3216 0
3217 0
3218 0
3219 0
3220 0
3221 0
3222 0
3223 0
3224 0
3225 0
3226 0
3227 0
3228 0
3229 0
3230 0
3231 0
3232 0
3233 0
3234 0
3235 0
3236 0
3237 0
3238 0
3239 0
3240 0
3241 0
3242 0
3243 0
3244 0
3245 0
3246 0
3247 0
3248 0
3249 0
3250 0
3251 0
3252 0
3253 0
3254 0
3255 0
3256 0
3257 0
3258 0
3259 0
3260 0
3261 0
3262 0
3263 0
3264 0
3265 0
3266 0
3267 0
3268 0
3269 0
3270 0
3271 0
3272 1
3273 0
3274 0
3275 0
3276 0
3277 0
3278 0
3279 0
3280 0
3281 0
3282 0
3283 0
3284 0
3285 0
3286 0
3287 0
3288 0
3289 0
3290 0
3291 0
3292 0
3293 0
3294 0
3295 0
3296 0
3297 0
3298 0
3299 0
3300 0
3301 0
3302 0
3303 0
3304 0
3305 0
3306 0
3307 0
3308 0
3309 0
3310 0
3311 0
3312 0
3313 0
3314 0
3315 0
3316 0
3317 0
3318 0
3319 0
3320 0
3321 0
3322 0
3323 0
3324 0
3325 0
3326 0
3327 0
3328 0
3329 0
3330 0
3331 0
3332 0
3333 0
3334 0
3335 0
3336 1
3337 0
3338 0
3339 0
3340 0
3341 0
3342 0
3343 0
3344 0
3345 0
3346 0
3347 0
3348 0
3349 0
3350 0
3351 0
3352 0
3353 0
3354 0
3355 0
3356 0
3357 0
3358 0
3359 0
3360 0
3361 0
3362 0
3363 0
3364 0
3365 0
3366 0
3367 0
3368 0
3369 0
3370 0
3371 0
3372 0
3373 0
3374 0
3375 0
3376 0
3377 0
3378 0
3379 0
3380 0
3381 0
3382 0
3383 0
3384 0
3385 0
3386 0
3387 0
3388 0
3389 0
3390 0
3391 0
3392 0
3393 0
3394 0
3395 0
3396 0
3397 0
3398 0
3399 0
3400 0
3401 0
3402 0
3403 0
3404 0
3405 0
3406 1
3407 0
3408 0
3409 0
3410 0
3411 0
3412 0
3413 0
3414 0
3415 0
3416 0
3417 0
3418 0
3419 0
3420 0
3421 0
3422 0
3423 0
3424 0
3425 0
3426 0
3427 0
3428 0
3429 0
3430 0
3431 0
3432 0
3433 0
3434 0
3435 0
3436 0
3437 0
3438 0
3439 0
3440 0
3441 0
3442 0
3443 0
3444 0
3445 0
3446 0
3447 1
3448 0
3449 0
3450 0
3451 0
3452 0
3453 0
3454 0
3455 0
3456 0
3457 0
3458 0
3459 0
3460 0
3461 0
3462 0
3463 0
3464 0
3465 0
3466 0
3467 0
3468 0
3469 0
3470 0
3471 0
3472 0
3473 0
3474 0
3475 0
3476 0
3477 0
3478 0
3479 0
3480 0
3481 0
3482 0
3483 0
3484 0
3485 0
3486 0
3487 0
3488 0
3489 0
3490 0
3491 0
3492 1
3493 0
3494 0
3495 0
3496 0
3497 0
3498 0
3499 0
3500 0
3501 0
3502 0
3503 0
3504 0
3505 0
3506 0
3507 0
3508 0
3509 0
3510 0
3511 0
3512 0
3513 0
3514 0
3515 0
3516 0
3517 0
3518 0
3519 0
3520 0
3521 0
3522 0
3523 0
3524 0
3525 0
3526 0
3527 0
3528 0
3529 0
3530 0
3531 0
3532 0
3533 0
3534 0
3535 1
3536 0
3537 0
3538 0
3539 0
3540 0
3541 0
3542 0
3543 0
3544 0
3545 0
3546 0
3547 0
3548 0
3549 0
3550 0
3551 0
3552 0
3553 0
3554 0
3555 0
3556 0
3557 0
3558 0
3559 0
3560 0
3561 0
3562 0
3563 0
3564 0
3565 0
3566 0
3567 0
3568 0
3569 0
3570 0
3571 0
3572 0
3573 0
3574 0
3575 0
3576 0
3577 0
3578 0
3579 0
3580 0
3581 0
3582 0
3583 0
3584 0
3585 0
3586 0
3587 0
3588 0
3589 1
3590 0
3591 0
3592 0
3593 0
3594 0
3595 0
3596 0
3597 0
3598 0
3599 0
3600 0
3601 0
3602 0
3603 0
3604 0
3605 0
3606 0
3607 0
3608 0
3609 0
3610 0
3611 0
3612 1
3613 0
3614 0
3615 0
3616 0
3617 0
3618 0
3619 0
3620 0
3621 0
3622 0
3623 0
3624 0
3625 0
3626 0
3627 0
3628 0
3629 0
3630 0
3631 0
3632 0
3633 0
3634 0
3635 0
3636 0
3637 0
3638 0
3639 0
3640 0
3641 0
3642 0
3643 0
3644 0
3645 0
3646 0
3647 0
3648 0
3649 0
3650 0
3651 0
3652 0
3653 0
3654 0
3655 0
3656 0
3657 0
3658 0
3659 0
3660 0
3661 0
3662 0
3663 0
3664 0
3665 0
3666 0
3667 0
3668 0
3669 0
3670 0
3671 0
3672 0
3673 0
3674 0
3675 0
3676 0
3677 0
3678 0
3679 0
3680 0
3681 0
3682 0
3683 0
3684 0
3685 0
3686 0
3687 0
3688 0
3689 0
3690 0
3691 0
3692 0
3693 0
3694 0
3695 0
3696 0
3697 0
3698 0
3699 0
3700 1
3701 0
3702 0
3703 0
3704 0
3705 0
3706 0
3707 0
3708 0
3709 0
3710 0
3711 0
3712 0
3713 0
3714 0
3715 0
3716 0
3717 0
3718 0
3719 0
3720 0
3721 0
3722 0
3723 0
3724 0
3725 0
3726 0
3727 0
3728 0
3729 0
3730 0
3731 0
3732 0
3733 0
3734 0
3735 0
3736 0
3737 0
3738 0
3739 0
3740 0
3741 0
3742 0
3743 0
3744 0
3745 0
3746 0
3747 0
3748 0
3749 0
3750 0
3751 0
3752 0
3753 0
3754 0
3755 0
3756 0
3757 0
3758 0
3759 0
3760 0
3761 0
3762 0
3763 0
3764 0
3765 0
3766 0
3767 0
3768 0
3769 0
3770 0
3771 0
3772 0
3773 0
3774 0
3775 0
3776 0
3777 0
3778 0
3779 0
3780 0
3781 0
3782 0
3783 0
3784 1
3785 0
3786 0
3787 0
3788 0
3789 0
3790 0
3791 0
3792 0
3793 0
3794 0
3795 0
3796 0
3797 0
3798 0
3799 0
3800 0
3801 0
3802 0
3803 0
3804 0
3805 0
3806 0
3807 0
3808 0
3809 0
3810 0
3811 0
3812 0
3813 0
3814 0
3815 0
3816 0
3817 0
3818 0
3819 0
3820 0
3821 0
3822 0
3823 0
3824 0
3825 0
3826 0
3827 0
3828 0
3829 0
3830 0
3831 0
3832 0
3833 0
3834 0
3835 0
3836 0
3837 0
3838 0
3839 0
3840 1
3841 0
3842 0
3843 0
3844 0
3845 0
3846 0
3847 0
3848 0
3849 0
3850 0
3851 0
3852 0
3853 0
3854 0
3855 0
3856 0
3857 0
3858 0
3859 0
3860 0
3861 0
3862 0
3863 0
3864 0
3865 0
3866 0
3867 0
3868 0
3869 0
3870 0
3871 0
3872 0
3873 0
3874 0
3875 0
3876 1
3877 0
3878 0
3879 0
3880 0
3881 0
3882 0
3883 0
3884 0
3885 0
3886 0
3887 0
3888 0
3889 0
3890 0
3891 0
3892 0
3893 0
3894 0
3895 0
3896 0
3897 0
3898 0
3899 0
3900 0
3901 0
3902 0
3903 0
3904 0
3905 0
3906 0
3907 0
3908 0
3909 0
3910 0
3911 0
3912 0
3913 0
3914 0
3915 0
3916 0
3917 0
3918 0
3919 0
3920 0
3921 0
3922 0
3923 0
3924 1
3925 0
3926 0
3927 0
3928 0
3929 0
3930 0
3931 0
3932 0
3933 0
3934 0
3935 0
3936 0
3937 0
3938 0
3939 0
3940 0
3941 0
3942 0
3943 0
3944 0
3945 0
3946 0
3947 0
3948 0
3949 0
3950 0
3951 0
3952 0
3953 0
3954 0
3955 0
3956 0
3957 0
3958 0
3959 0
3960 0
3961 0
3962 0
3963 0
3964 0
3965 0
3966 0
3967 0
3968 0
3969 0
3970 0
3971 0
3972 0
3973 0
3974 0
3975 0
3976 0
3977 0
3978 0
3979 0
3980 0
3981 0
3982 0
3983 0
3984 0
3985 0
3986 0
3987 0
3988 0
3989 0
3990 0
3991 0
3992 0
3993 0
3994 0
3995 0
3996 0
3997 0
3998 0
3999 0
4000 0
